0,1,2,3,4,5,6,7,8,9,10,11,12,13,14,15,16,17,18,19,20,21,22,23,24,25,26,27,28,29,30,31,32,33,34,35,36,37,38,39,40,41,42,43,44,45,46,47,48,49,50,51,52,53,54,55,56,57,58,59,60,61,62,63,64,65,66,67,68,69,70,71,72,73,74,75,76,77,78,79,80,81,82,83,84,85,86,87,88,89,90,91,92,93,94,95,96,97,98,99,100,101,102,103,104,105,106,107,108,109,110,111,112,113,114,115,116,117,118,119,120,121,122,123,124,125,126,127,128,129,130,131,132,133,134,135,136,137,138,139,140,141,142,143,144,145,146,147,148,149
0,92,44,17,86,29,6,52,8,38,47,2,16,130,51,132,25,124,30,18,57,21,83,23,104,120,129,87,48,79,71,112,85,5,34,35,105,37,139,28,40,108,12,96,42,114,46,80,14,43,50,88,19,1,138,55,91,3,146,49,60,61,62,15,64,65,66,59,81,24,110,75,72,32,103,89,122,77,145,45,22,78,82,20,27,67,53,84,63,149,68,31,143,76,56,39,33,97,98,106,100,95,102,74,13,69,134,101,140,113,11,136,10,109,123,115,93,117,118,119,125,70,26,148,73,111,90,41,128,54,4,131,121,133,36,135,116,137,99,94,126,141,142,7,144,107,9,147,127,58
134,92,116,18,133,22,6,52,143,40,47,101,58,130,148,132,144,124,30,45,57,63,62,17,34,39,109,86,99,1,11,72,106,5,65,35,77,41,12,32,90,16,42,82,129,107,121,145,14,43,50,88,128,31,37,55,69,49,76,71,60,140,10,100,64,126,51,146,125,122,85,13,70,98,103,89,78,36,118,61,91,23,48,20,27,67,53,21,79,25,68,3,105,142,56,9,115,97,123,131,87,95,102,75,8,2,44,96,28,113,117,136,138,112,149,33,93,141,119,15,73,120,7,26,110,111,46,84,54,81,4,139,137,59,38,135,24,108,83,94,74,114,66,29,80,19,104,147,127,0
19,87,20,38,68,147,75,52,143,40,76,113,34,4,148,149,144,124,30,16,5,136,133,100,97,39,130,74,24,54,119,63,127,126,23,6,96,69,12,1,91,50,132,82,120,47,121,145,81,8,9,129,128,31,65,56,35,98,140,141,95,14,111,61,125,77,99,146,92,122,85,0,70,11,103,89,78,46,72,88,15,58,48,105,27,28,53,80,79,25,18,45,22,33,62,73,17,94,116,131,102,59,107,13,123,2,44,60,108,139,117,64,57,112,51,114,93,37,42,67,104,43,7,26,110,137,109,86,101,115,66,84,71,49,90,135,36,41,83,55,32,118,106,29,134,142,21,138,10,3
14,4,20,9,68,147,75,120,136,76,103,94,10,32,148,149,128,124,119,142,109,40,24,11,97,41,73,106,113,21,129,86,8,91,23,6,96,121,12,5,141,127,118,93,71,74,101,30,81,1,66,79,25,133,65,59,70,98,140,58,95,27,144,61,48,126,130,146,63,67,138,0,105,116,112,114,122,46,72,34,132,17,50,111,145,52,53,45,16,84,18,39,82,60,47,43,134,28,13,29,102,123,107,33,77,2,54,92,38,139,80,36,57,143,49,115,117,37,42,69,85,88,7,26,110,137,22,99,15,3,125,135,104,78,90,131,19,62,83,55,87,44,35,108,31,56,100,64,89,51
120,4,20,47,113,11,75,74,92,64,59,2,31,90,0,133,128,83,24,37,42,111,104,25,118,102,137,106,71,5,36,129,8,96,40,6,84,121,63,38,93,108,147,95,9,126,15,97,34,1,66,50,114,134,88,127,70,112,140,117,116,7,144,61,3,82,46,16,94,67,41,130,131,135,76,44,122,142,26,103,132,17,101,148,145,52,89,45,124,81,78,39,56,48,14,43,146,18,13,28,62,65,109,141,60,138,29,86,68,139,80,54,57,143,49,21,12,105,77,69,85,55,115,23,110,19,22,99,72,91,125,79,58,33,149,27,123,136,107,10,87,73,35,32,119,53,100,51,98,30
142,122,29,98,30,22,42,74,92,38,2,76,15,79,114,133,128,44,24,37,70,125,126,118,89,20,3,106,40,115,36,129,41,96,108,6,80,10,16,25,11,100,147,9,120,26,47,97,34,1,68,94,84,91,52,90,149,4,140,111,116,121,27,61,56,82,46,135,119,67,63,136,131,0,7,35,53,139,137,51,132,17,64,107,48,19,60,127,143,102,49,28,103,99,14,59,146,43,73,71,88,65,112,141,77,138,5,113,124,58,86,54,57,95,117,81,39,62,78,23,85,55,110,104,83,101,130,13,72,75,109,18,93,33,66,50,123,144,8,12,87,21,31,32,145,105,148,134,45,69
142,122,86,98,114,22,29,45,20,74,134,76,39,49,92,58,70,138,145,60,118,79,72,89,2,119,3,53,110,17,36,11,41,96,129,56,33,109,99,48,85,44,13,108,120,30,71,88,47,1,40,94,84,67,102,90,115,4,140,111,31,106,27,46,124,82,91,135,136,80,63,125,78,0,149,35,28,37,64,51,57,55,133,62,65,19,132,113,130,42,95,77,75,121,18,59,146,61,73,9,104,143,139,148,97,68,5,144,7,126,21,52,25,116,117,81,131,137,93,23,38,128,12,103,26,24,43,147,127,54,10,14,112,100,141,50,123,83,8,87,107,6,15,32,34,105,101,16,66,69
60,144,86,88,135,134,64,45,105,62,6,32,39,48,51,50,70,22,5,31,143,146,72,89,56,34,66,53,110,58,94,11,41,38,129,119,4,109,99,140,29,33,147,55,71,69,18,79,27,1,101,126,84,131,91,113,133,145,0,136,117,132,112,107,63,67,130,76,100,80,123,102,78,103,149,35,28,37,97,44,96,127,3,90,65,19,106,122,13,42,2,8,75,121,54,68,74,23,40,111,108,87,47,148,104,95,141,92,20,124,125,52,49,116,36,81,7,137,142,77,139,115,12,98,26,24,9,43,93,73,85,14,82,25,57,59,30,83,118,61,128,46,15,17,120,114,10,16,21,138
147,144,87,98,135,74,128,23,24,123,6,134,89,48,3,120,35,94,105,53,143,146,54,79,66,63,88,34,106,58,13,11,127,148,129,40,4,21,42,17,29,18,51,65,71,69,45,12,142,61,77,30,76,38,131,145,62,122,0,26,117,132,112,109,125,67,1,36,32,80,124,102,8,93,149,97,101,37,118,44,96,64,52,90,137,41,7,33,107,82,2,27,5,92,55,141,68,133,99,72,85,22,57,75,104,86,84,110,108,56,43,91,49,46,73,81,95,111,126,70,78,115,114,139,116,140,28,121,130,31,113,14,50,25,100,59,136,83,60,9,39,119,15,47,19,20,10,16,103,138
144,141,146,92,57,97,83,0,24,91,6,76,104,7,36,119,112,94,15,53,143,84,54,134,55,121,60,34,106,58,1,30,127,59,129,125,51,89,42,79,29,39,52,149,75,96,18,31,142,67,71,56,123,38,131,69,62,122,86,26,5,73,136,109,63,45,102,41,32,120,115,108,8,13,90,68,37,10,77,44,93,139,110,130,9,40,25,27,107,61,2,33,87,47,140,81,135,17,99,19,28,22,65,35,21,117,80,3,101,85,43,98,23,46,11,82,95,70,126,72,78,114,113,4,128,20,145,118,124,147,74,14,50,64,100,49,12,66,132,105,48,111,133,116,148,137,88,16,103,138
57,93,116,92,51,79,6,88,27,148,60,22,40,7,25,42,106,52,110,19,143,96,54,134,55,36,66,107,21,113,67,133,140,105,17,121,111,89,48,58,123,136,37,144,103,35,90,31,59,145,44,47,102,38,131,53,114,122,4,26,1,73,84,74,75,45,14,41,125,120,94,147,76,13,135,68,62,39,77,117,104,97,56,0,81,3,119,139,138,61,142,33,124,100,5,72,65,20,99,91,28,87,18,129,146,11,80,83,101,85,43,23,130,46,8,115,2,70,126,141,78,108,82,50,128,32,15,118,127,10,86,34,24,64,98,112,12,109,132,9,149,71,29,95,69,137,30,16,63,49
37,66,110,112,104,0,14,41,27,148,60,49,142,7,143,42,39,52,99,47,12,40,54,102,10,139,62,107,124,48,4,20,100,50,109,15,111,89,33,58,123,24,132,138,25,35,53,31,36,93,96,1,2,105,98,26,114,122,5,78,3,18,87,56,75,9,85,51,125,120,16,141,76,135,121,72,137,6,67,117,83,97,116,22,81,19,119,70,113,61,108,129,91,17,21,144,147,127,146,136,73,86,128,90,55,57,80,84,149,11,43,145,130,45,28,115,38,13,68,131,77,74,82,94,134,32,8,118,59,29,101,34,79,64,71,65,126,140,103,44,92,23,133,95,69,88,30,106,63,46
37,77,95,132,98,79,115,67,27,24,60,18,142,80,143,32,39,130,124,47,110,56,61,119,10,28,85,112,118,126,125,26,25,87,14,83,149,84,34,70,141,113,42,93,51,35,36,31,114,82,96,1,73,105,123,59,13,57,2,78,147,3,135,7,75,9,133,111,121,12,120,33,76,131,88,89,137,6,45,71,117,97,116,109,81,19,15,58,101,52,102,129,66,17,23,127,148,44,21,16,86,0,100,90,55,146,94,99,20,49,43,145,50,41,122,22,38,5,144,136,48,74,68,62,107,54,8,63,128,29,138,11,65,64,139,46,91,53,103,134,92,104,40,4,69,72,140,106,108,30
94,89,31,132,8,125,80,108,119,147,4,85,142,63,107,32,27,141,50,49,110,56,79,96,34,131,98,112,118,126,139,7,12,43,39,88,149,72,117,70,23,113,130,81,128,5,36,82,47,95,69,1,105,111,37,21,57,10,26,116,14,129,148,135,60,52,123,48,38,17,11,2,76,104,28,42,55,84,45,103,143,97,91,109,77,102,51,58,54,124,25,78,66,33,61,35,146,44,134,16,86,0,100,120,114,41,3,99,92,75,138,145,20,18,144,22,73,83,71,93,121,74,68,122,19,90,67,133,137,29,15,9,65,64,59,46,136,53,62,101,127,6,40,24,115,13,140,106,87,30
65,134,15,132,79,126,90,43,107,147,67,133,8,63,88,38,118,119,105,49,101,29,4,82,47,14,98,112,86,55,42,78,12,20,53,80,148,74,83,70,84,113,3,48,140,72,36,135,76,26,130,37,94,111,146,28,23,17,31,116,92,129,45,120,71,52,58,89,11,125,149,81,124,144,1,128,127,96,91,103,143,97,10,109,69,73,25,2,136,115,66,57,19,33,85,35,51,27,110,123,108,0,100,99,114,41,61,138,22,75,13,145,44,40,21,87,117,104,56,93,121,77,68,122,95,7,34,142,39,139,102,9,64,50,59,46,137,54,62,60,131,6,18,24,5,16,32,106,141,30
65,116,73,91,117,50,90,44,39,57,67,133,110,1,84,40,118,140,105,15,25,52,4,82,12,58,99,79,66,128,42,11,89,20,62,78,148,74,136,77,138,53,130,48,83,108,36,81,7,98,121,60,21,111,19,5,33,139,31,109,92,129,29,120,71,38,3,43,122,41,45,86,28,94,59,61,127,96,131,103,124,97,34,95,69,24,76,2,135,104,37,46,87,100,56,47,51,26,14,123,27,0,144,102,70,115,13,64,22,132,106,145,149,126,72,101,134,8,141,93,63,112,119,49,125,75,85,10,55,18,23,9,6,17,114,146,137,54,147,142,80,113,107,143,68,16,32,35,88,30
100,44,104,91,124,61,0,50,39,62,112,47,142,107,60,64,46,140,113,65,25,139,4,125,149,58,95,31,66,37,10,126,73,20,5,13,81,114,120,77,82,130,121,48,131,101,134,118,74,109,102,110,15,72,108,26,11,98,76,128,12,129,105,63,71,53,41,97,122,90,148,86,92,19,79,75,2,43,38,103,34,138,29,89,69,24,135,136,68,21,93,28,80,145,59,52,57,7,40,123,137,96,144,42,70,115,83,84,67,132,106,146,111,3,45,33,14,8,141,22,27,133,78,49,117,23,85,51,36,18,55,9,6,17,94,1,127,54,147,116,87,119,30,143,56,16,32,35,88,99
25,44,54,126,99,17,23,8,39,37,62,47,122,107,60,121,46,140,4,5,61,58,82,56,38,15,95,84,93,102,10,34,73,94,75,48,24,41,120,53,28,130,79,43,131,83,77,29,97,109,19,142,90,87,81,26,113,67,76,0,148,92,105,138,149,114,55,71,31,108,2,35,127,101,118,11,98,85,110,64,6,111,145,136,21,139,135,96,68,112,57,3,119,78,59,52,36,100,9,123,137,91,144,49,70,124,33,116,74,132,40,146,134,80,143,129,14,45,141,22,27,133,103,65,72,42,86,51,117,12,13,63,7,89,125,1,104,66,147,106,30,20,128,69,50,16,32,115,88,18
53,115,54,52,78,4,142,8,82,43,141,24,56,73,135,29,121,140,84,105,61,124,30,94,62,15,139,147,122,10,133,134,118,116,40,38,101,41,120,91,51,130,79,113,1,129,99,131,16,75,117,103,90,112,81,92,93,87,97,0,47,77,71,58,149,13,65,125,31,68,2,35,23,45,95,11,107,85,127,64,6,111,109,114,21,102,42,18,132,48,5,57,83,60,28,136,36,100,9,123,26,119,33,49,7,22,12,106,63,25,143,146,76,80,145,19,34,59,108,96,110,14,148,137,72,44,86,67,39,27,55,74,37,89,32,104,17,66,144,126,98,20,128,69,50,70,138,3,88,46
53,79,85,147,78,71,52,145,2,43,127,58,126,123,136,29,148,14,89,101,40,124,93,27,114,15,69,113,122,8,133,30,54,47,36,82,60,41,94,100,103,34,80,141,1,129,7,35,18,66,24,21,90,121,81,5,117,87,97,130,61,63,10,57,134,140,96,3,31,68,51,25,23,13,75,125,118,86,149,64,73,70,131,59,102,56,0,116,132,48,11,98,42,120,28,76,139,16,9,67,109,20,33,65,143,142,17,106,95,77,105,146,107,6,55,19,22,38,108,99,110,4,84,137,72,12,115,111,119,45,83,74,26,91,32,104,135,50,144,92,62,112,128,44,49,88,138,39,37,46
13,1,23,147,91,14,84,145,30,83,127,17,71,123,136,115,148,50,48,116,6,65,64,66,114,15,47,113,37,121,54,143,90,94,106,100,60,10,7,80,103,109,124,8,137,129,59,32,34,82,24,21,36,67,33,25,53,87,140,41,128,45,61,70,134,58,96,49,31,35,51,63,119,139,75,117,118,86,149,39,93,12,28,42,72,56,0,97,3,26,11,122,5,120,73,131,69,76,133,16,52,20,9,135,92,89,57,111,95,125,43,146,107,55,27,130,46,38,108,126,144,4,102,2,29,104,99,78,105,22,40,74,44,142,79,138,77,81,141,68,62,112,98,101,132,88,110,18,85,19
13,1,131,58,91,6,88,110,105,12,127,79,43,107,145,115,31,19,94,77,75,64,32,66,114,35,47,113,124,18,54,143,90,134,2,108,60,0,56,80,23,37,61,48,82,78,111,137,34,116,67,10,36,62,102,25,39,103,85,65,120,45,147,70,4,41,125,98,5,29,71,72,14,139,73,46,118,86,149,50,93,109,7,133,28,123,100,138,129,106,11,8,92,51,112,126,140,76,22,53,52,20,89,38,119,16,57,146,121,26,96,27,87,24,9,130,83,63,33,97,144,49,15,148,30,69,99,68,128,55,42,74,59,142,104,40,3,81,141,122,21,84,95,101,132,17,136,135,117,44
137,4,26,77,97,138,88,118,89,63,127,123,71,56,145,105,31,19,94,5,75,110,146,99,114,35,126,113,124,36,64,17,104,135,2,37,60,24,58,80,48,132,61,7,14,78,47,74,34,6,3,148,144,106,81,1,79,66,85,10,120,45,18,12,133,41,76,130,73,131,30,142,143,139,90,86,67,128,98,50,46,109,23,87,102,13,103,49,129,83,11,8,53,115,112,42,33,51,125,82,52,20,32,134,117,16,84,93,121,149,43,27,55,22,111,28,92,101,39,15,25,108,119,69,62,57,100,9,54,147,59,65,38,21,107,40,116,96,141,122,140,72,91,70,95,68,136,29,0,44
137,136,47,141,90,138,88,57,89,56,26,140,71,20,104,51,31,121,94,143,75,110,2,99,98,35,123,5,124,120,4,100,33,115,27,131,7,134,58,81,38,132,61,66,113,44,46,74,92,97,3,148,144,106,41,1,108,45,63,117,18,84,40,12,22,96,34,52,87,83,30,127,102,139,142,116,114,73,95,126,29,19,69,76,10,13,129,49,17,112,11,37,43,8,72,42,109,9,53,82,107,145,0,77,105,48,23,93,118,25,78,149,55,80,125,130,32,101,28,111,15,65,128,68,62,39,119,36,67,147,60,24,79,21,133,50,103,146,16,122,59,14,91,70,86,85,135,64,54,6
137,48,81,141,113,37,74,57,89,118,26,140,10,102,69,148,17,77,13,138,49,92,126,39,96,58,111,20,124,94,104,100,33,115,1,8,139,135,90,6,60,25,61,73,119,147,46,121,103,97,131,95,144,133,41,30,59,45,63,117,18,84,51,12,82,75,19,132,44,83,62,127,16,34,142,116,50,145,56,31,29,35,125,27,15,146,129,23,2,112,149,134,43,123,14,98,71,72,80,87,79,143,70,4,99,106,38,101,7,42,78,108,55,110,9,11,3,67,28,47,85,40,32,105,66,52,0,36,128,53,68,24,107,21,114,130,64,65,136,122,86,22,91,120,88,93,109,76,54,5
138,48,93,81,113,115,74,10,134,18,26,137,63,141,128,8,17,37,117,118,76,94,126,57,112,75,98,30,146,148,104,50,147,145,56,6,34,78,90,125,60,25,61,33,64,44,139,123,103,97,4,87,140,77,83,23,86,43,116,47,59,19,41,55,45,106,40,84,85,51,133,92,16,144,102,1,132,100,99,120,29,5,49,136,15,46,7,35,2,82,69,73,121,91,105,31,71,72,80,68,20,149,122,0,3,27,38,101,39,13,14,108,127,110,9,42,124,67,28,107,142,58,32,36,66,52,89,54,135,53,62,24,96,21,114,95,79,65,131,129,143,22,70,119,88,12,109,130,11,111
132,119,8,100,136,115,77,10,16,18,26,137,63,143,131,40,17,37,87,102,90,72,126,5,56,75,35,134,46,148,73,118,147,25,65,6,54,78,38,21,95,50,61,129,64,124,139,62,105,44,98,83,140,67,128,47,109,112,110,28,59,149,1,52,45,106,2,122,3,89,76,92,4,69,58,24,144,111,99,55,85,57,49,71,120,43,9,97,146,12,142,116,133,123,107,94,86,51,60,68,20,48,135,0,41,74,88,15,39,121,14,70,127,108,81,42,7,33,93,84,117,101,32,141,66,36,53,91,113,29,80,104,96,103,114,31,79,23,34,22,27,19,30,13,82,145,138,130,11,125
80,119,131,15,136,115,64,58,102,18,132,90,55,4,130,40,142,45,87,86,147,103,126,85,56,75,81,146,48,7,73,5,144,101,65,60,54,33,125,21,95,118,77,129,22,124,37,111,105,44,46,91,42,67,28,133,8,112,110,25,98,63,149,52,139,106,36,83,143,61,104,62,74,108,79,24,27,16,1,135,145,71,47,100,120,94,49,88,14,10,38,116,69,123,9,78,31,50,26,68,3,109,41,35,107,51,141,97,39,32,6,70,84,140,99,53,72,134,93,34,117,19,113,12,66,127,0,57,43,29,20,148,59,121,30,96,114,137,128,76,23,92,17,13,82,2,138,89,11,122
94,36,22,127,136,64,59,2,81,18,132,113,29,61,63,107,120,45,114,87,83,78,137,96,15,75,40,146,128,17,125,104,144,8,65,60,54,16,124,21,105,118,106,140,138,90,98,80,4,9,73,91,70,147,28,66,86,33,110,25,130,51,46,77,82,100,121,55,143,67,85,19,115,108,49,111,101,11,1,50,139,71,131,48,74,79,135,88,14,30,97,112,57,123,12,56,31,7,69,116,3,109,32,38,42,103,141,39,27,84,6,47,89,37,99,53,72,134,93,26,5,142,122,35,133,102,0,95,119,149,20,24,52,92,34,58,126,148,117,76,23,43,68,13,145,44,10,41,129,62
87,71,65,117,136,8,59,2,111,94,143,134,112,72,15,107,120,45,114,81,109,21,110,4,101,139,6,146,138,0,141,60,137,13,113,130,82,63,92,43,105,84,106,70,104,36,98,26,88,31,78,125,119,46,28,66,86,9,89,25,93,17,90,44,118,100,147,55,38,29,85,133,115,16,49,61,129,140,27,56,32,132,58,48,122,91,131,67,14,42,102,11,57,123,50,103,97,18,69,116,1,145,77,79,83,33,64,39,54,121,80,75,23,96,74,53,30,127,34,148,5,142,47,35,99,19,51,41,12,149,20,108,52,144,7,124,126,22,40,76,3,73,68,135,24,37,128,10,95,62
46,107,11,82,97,6,120,115,44,122,139,24,112,72,58,3,117,83,61,81,109,9,110,55,101,126,39,143,57,0,141,68,93,54,111,10,94,145,56,13,104,20,14,52,92,127,98,26,95,31,87,28,71,69,41,66,86,144,89,25,102,63,119,134,35,84,19,49,146,114,88,78,99,17,96,48,105,106,27,133,32,12,21,38,138,77,131,67,16,42,4,8,29,123,33,2,65,18,118,116,1,148,125,113,137,73,64,140,34,45,80,75,23,135,74,53,37,60,59,124,5,90,47,130,147,85,51,70,50,149,36,132,121,103,43,30,129,22,136,76,142,15,7,91,79,100,128,108,40,62
46,107,11,122,29,112,2,115,44,30,110,69,86,15,74,132,73,10,104,118,35,133,22,19,32,144,58,87,114,0,131,90,95,54,72,79,94,145,68,96,6,16,34,52,92,89,83,49,97,56,148,123,71,81,41,78,130,33,106,146,102,63,119,134,127,84,135,48,7,111,60,75,37,17,25,149,105,82,138,120,27,12,129,14,21,51,99,3,13,42,4,8,139,141,93,24,91,143,126,113,1,101,125,55,137,88,64,140,136,66,77,98,39,53,28,109,38,65,59,124,20,18,47,103,117,147,62,5,50,26,36,76,121,100,9,85,31,80,43,61,142,70,57,128,67,116,23,108,40,45
20,107,18,122,59,136,77,115,21,5,110,37,23,15,41,145,101,149,95,118,44,88,80,19,28,144,131,139,76,123,133,90,137,22,92,61,85,103,68,0,126,71,34,40,49,2,43,65,54,56,114,96,32,50,33,148,66,105,46,146,102,63,10,119,78,1,104,142,7,111,60,75,117,70,74,62,134,3,138,98,27,52,97,140,16,38,99,125,51,128,112,127,86,141,93,24,91,143,17,113,26,106,84,55,47,25,35,4,109,64,130,30,81,53,12,72,36,45,82,135,129,6,83,14,132,147,120,29,67,94,124,79,121,100,9,87,31,8,39,11,89,48,57,69,42,116,13,108,58,73
117,10,67,33,102,28,47,138,92,129,65,37,18,11,106,145,114,149,23,21,59,137,80,45,75,144,140,139,143,134,133,15,6,124,22,54,85,103,115,112,56,146,82,2,49,5,50,1,36,90,141,96,32,14,111,101,66,77,135,25,123,16,125,119,83,20,26,142,19,61,86,13,9,38,74,107,126,3,94,98,27,52,97,41,136,43,99,147,34,128,88,31,4,7,108,24,69,100,17,113,91,62,60,55,53,63,51,105,58,64,130,30,131,148,12,118,121,95,8,44,35,87,76,46,132,109,120,68,40,29,93,79,78,81,70,71,122,104,0,48,39,72,57,127,42,116,84,110,89,73
133,52,79,111,25,134,56,138,92,129,110,86,18,63,29,5,114,139,23,65,124,137,97,116,75,67,46,143,15,100,57,33,3,39,28,88,85,31,115,14,19,55,119,2,49,123,77,87,45,90,141,135,147,122,42,69,142,11,64,84,103,121,51,27,36,132,112,146,21,61,41,13,9,12,0,38,140,96,94,35,76,117,16,82,113,54,99,30,34,101,74,102,78,7,108,83,59,68,128,80,91,106,60,4,53,127,26,105,58,145,136,32,98,148,6,118,70,95,8,44,131,81,71,126,89,109,120,1,40,149,93,50,130,107,62,48,24,104,43,17,73,72,10,37,66,47,20,22,125,144
81,9,113,111,6,69,79,138,100,16,54,103,18,33,41,67,112,139,37,78,124,65,106,114,61,62,149,84,21,17,57,146,3,117,34,109,55,94,115,56,87,60,119,2,45,148,11,14,1,15,141,130,147,122,32,136,13,127,99,29,75,131,88,27,5,132,12,85,107,68,10,52,86,144,0,38,140,96,63,35,77,142,43,25,51,46,36,30,48,71,74,102,143,39,97,83,121,90,128,19,91,24,64,49,53,110,26,129,118,145,108,76,50,95,44,101,82,70,8,123,126,31,58,133,125,98,120,7,23,135,93,80,105,40,28,59,42,104,92,73,116,72,134,89,66,47,20,22,137,4
64,52,135,78,98,111,53,100,30,16,63,70,144,22,41,2,7,139,23,14,124,24,106,20,61,37,49,84,93,116,96,146,136,89,39,137,55,94,143,56,115,17,114,51,45,65,105,11,86,15,119,133,103,122,32,126,9,127,74,43,5,13,44,101,46,132,12,0,107,67,38,148,117,66,112,57,130,48,129,35,77,142,88,68,29,1,149,147,109,62,10,19,81,99,97,83,121,90,6,140,91,108,145,21,95,76,26,33,128,120,58,85,3,72,54,113,82,138,8,123,34,31,18,71,118,79,25,87,141,125,134,80,27,40,92,59,42,104,50,60,36,73,28,110,69,47,75,131,4,102
64,65,115,83,14,63,4,100,30,11,37,92,144,113,50,94,137,32,23,101,99,8,106,20,6,104,61,12,93,18,59,146,38,46,91,1,55,98,120,69,53,89,114,13,75,56,105,17,86,15,103,77,87,81,124,73,45,118,131,39,5,27,44,111,138,132,121,0,47,26,96,148,145,66,117,19,130,48,3,35,43,142,52,24,128,67,72,147,76,51,10,122,123,2,97,141,116,84,62,140,57,108,88,109,34,33,68,112,60,74,149,85,78,54,90,135,82,25,107,136,129,31,29,70,95,79,49,41,119,125,134,40,71,7,80,36,42,133,9,127,16,58,28,143,21,126,139,22,110,102
64,143,45,139,121,26,4,29,16,144,89,65,117,3,40,94,112,148,23,49,105,17,93,22,19,147,63,12,90,91,80,14,38,100,130,1,55,67,27,69,53,83,57,115,75,111,24,21,86,15,119,132,133,92,37,87,48,54,131,11,5,76,140,50,138,146,104,44,47,137,32,46,72,42,82,141,52,129,73,35,30,142,43,78,114,124,134,120,25,71,10,77,28,2,97,39,74,84,116,20,145,108,88,96,34,33,68,103,60,128,149,61,56,66,125,113,13,81,107,136,98,135,99,101,6,79,118,41,106,127,51,102,95,123,126,36,59,18,9,122,7,58,109,85,0,8,31,62,110,70
64,123,138,69,149,26,4,53,109,91,49,65,8,7,76,61,112,104,10,137,40,140,85,22,19,86,48,29,3,63,57,14,114,88,45,31,113,110,27,38,108,92,68,115,75,15,146,67,135,117,84,46,133,131,36,51,105,54,102,11,1,55,21,50,0,23,77,44,12,24,32,136,122,111,72,141,52,129,127,35,116,142,43,9,121,124,56,99,25,125,130,78,83,66,79,39,74,47,37,20,118,94,42,98,100,33,59,103,60,128,87,134,120,144,143,139,106,30,107,41,80,71,17,101,6,5,2,119,89,73,34,70,95,81,13,16,97,18,96,58,132,147,82,126,93,148,90,62,28,145
64,143,27,59,60,58,4,53,40,118,49,88,106,7,87,42,112,34,10,56,123,140,22,74,6,86,62,29,3,135,126,16,98,21,26,61,113,63,15,11,38,33,8,31,92,129,146,67,121,117,69,100,133,131,139,136,105,130,14,134,1,120,73,68,122,54,77,44,109,23,110,85,45,102,137,149,52,48,19,91,41,141,5,25,108,124,104,99,43,125,30,89,36,81,76,50,17,47,37,20,57,51,119,132,46,114,75,18,28,9,0,103,35,144,101,66,127,39,80,97,116,71,72,78,32,147,2,128,142,115,83,84,95,90,13,79,12,94,96,111,70,65,82,138,93,148,55,24,107,145
123,65,114,64,93,58,2,136,40,121,12,112,106,74,87,29,98,19,68,56,18,84,22,41,108,60,73,52,124,133,94,142,53,21,122,61,132,63,15,11,125,34,3,31,92,0,146,135,32,47,69,100,55,131,139,137,105,130,14,49,1,45,96,89,30,54,79,6,109,23,78,85,82,102,148,7,27,129,145,91,16,67,95,134,120,80,83,35,43,149,50,86,5,44,48,141,17,36,10,25,20,13,97,143,88,26,126,62,28,9,116,103,24,144,101,66,4,127,51,147,33,119,111,117,57,138,72,128,113,110,115,59,77,90,8,70,39,140,107,46,76,99,42,75,71,38,37,118,104,81
123,57,139,111,107,93,120,62,148,79,12,131,90,33,127,106,108,19,22,56,43,32,31,112,117,70,25,30,3,10,73,61,53,87,74,103,39,63,1,119,125,64,6,124,16,0,137,135,13,14,69,142,55,21,91,102,84,147,50,65,97,45,24,52,105,54,7,110,109,23,78,85,82,115,29,146,27,11,145,68,34,67,95,44,128,75,86,35,15,59,17,26,5,149,60,141,83,121,41,40,76,100,129,143,88,94,126,114,28,9,116,140,81,101,136,66,4,36,48,104,8,130,18,99,133,138,72,92,122,49,2,37,47,20,98,132,134,42,51,46,113,80,58,71,77,38,89,118,144,96
123,57,49,108,81,93,77,75,66,148,38,131,90,33,58,106,4,101,73,65,86,5,87,112,95,144,121,30,21,125,16,61,53,107,74,78,39,12,145,147,27,134,42,96,91,6,99,9,120,62,55,79,19,0,25,44,47,82,14,70,139,45,24,52,72,51,32,43,109,23,143,142,117,15,137,10,89,40,129,68,105,119,54,28,3,135,50,69,8,48,17,26,20,149,146,141,83,22,41,94,76,100,97,67,11,85,126,114,116,60,13,140,118,103,136,88,133,36,56,104,1,63,18,29,130,7,138,92,34,127,2,37,35,98,46,132,122,59,124,84,102,128,64,31,80,113,71,115,111,110
37,120,147,25,2,93,119,75,66,129,38,138,145,33,53,45,116,143,137,65,51,24,36,112,95,144,78,30,21,105,58,97,91,52,101,18,39,12,68,20,1,148,19,8,79,54,99,9,142,62,7,123,76,11,10,0,47,44,61,96,139,69,22,4,134,73,32,136,77,72,59,50,117,15,111,103,89,98,118,14,81,114,131,86,3,135,121,74,60,113,17,26,29,49,6,130,83,115,140,94,87,100,31,67,42,85,108,146,63,46,13,23,70,34,16,64,106,43,27,133,109,40,80,90,55,88,107,92,57,127,5,125,35,104,149,102,122,132,141,56,82,128,41,28,84,48,126,71,124,110
37,95,116,120,15,122,119,145,66,33,38,77,141,118,92,22,107,136,46,73,138,117,59,52,61,81,78,30,137,23,129,97,0,11,101,87,106,76,84,102,105,148,125,6,20,53,17,26,62,110,7,14,79,144,10,98,69,44,29,96,139,49,140,4,134,21,112,9,8,114,127,75,149,2,64,65,89,147,90,132,72,12,131,41,128,135,35,24,60,113,126,74,47,111,51,130,83,115,16,94,91,100,45,32,3,5,108,146,63,123,13,25,70,34,103,133,40,36,27,143,109,124,86,18,55,57,50,121,85,1,142,58,71,67,104,42,31,68,19,56,82,99,80,93,54,48,43,88,39,28
37,120,116,46,41,92,25,75,108,3,17,97,20,77,95,33,18,125,121,30,119,52,89,94,141,81,104,113,137,15,62,38,19,73,14,87,34,76,84,102,49,124,135,12,144,53,138,57,64,110,7,69,79,133,48,98,54,11,142,128,4,132,70,130,35,146,96,115,27,140,106,118,86,56,117,65,40,58,90,51,78,10,131,5,122,149,105,136,61,83,29,74,47,111,101,6,2,112,16,139,91,100,134,9,109,45,22,126,93,123,0,42,145,127,103,129,63,36,66,143,55,114,21,24,28,59,50,72,85,1,8,13,71,67,148,107,31,68,26,60,82,99,80,147,44,88,43,23,39,32
40,128,13,37,137,100,25,75,108,53,70,89,30,77,99,33,18,116,130,51,57,126,48,94,141,106,83,44,143,15,62,92,19,129,117,140,120,2,84,138,139,52,119,23,144,56,7,24,64,80,20,69,3,91,8,98,14,135,43,82,4,12,66,49,35,87,105,115,17,58,124,71,142,101,0,149,79,11,123,111,78,110,131,39,114,81,125,6,61,121,88,97,67,76,46,102,112,55,147,29,59,136,41,47,109,122,22,85,93,65,5,42,145,127,103,21,63,95,36,73,118,90,16,146,28,132,50,72,1,86,54,74,27,104,96,107,31,68,148,60,133,113,45,9,38,10,134,26,34,32
40,128,13,74,137,111,109,75,10,53,140,77,113,18,15,81,21,0,85,35,57,95,99,11,141,60,92,33,100,23,145,26,114,70,147,134,32,2,36,59,80,52,136,27,144,91,7,24,4,126,20,48,146,108,8,119,14,49,43,82,106,132,66,135,64,87,46,115,47,31,124,101,76,67,19,149,65,83,54,71,73,110,131,129,37,84,125,58,88,121,72,116,68,22,90,102,112,1,30,55,28,122,41,94,139,5,133,12,89,25,93,86,17,107,103,78,142,56,39,6,96,51,117,62,118,127,50,16,130,105,79,29,69,104,44,123,98,42,148,138,120,3,45,9,38,61,63,97,34,143
131,116,36,50,137,135,109,81,10,24,25,77,113,15,33,2,58,57,100,35,103,95,146,11,141,60,101,51,21,5,78,26,40,31,142,134,44,126,64,74,140,127,148,4,114,91,68,149,34,83,52,48,80,54,117,42,14,62,66,23,59,99,119,17,8,87,46,13,47,79,111,6,32,85,19,61,65,147,67,75,121,20,125,112,110,84,102,98,88,90,16,128,145,22,92,107,45,1,115,0,124,132,76,56,139,49,133,12,104,108,93,55,138,130,94,86,72,70,39,28,96,144,89,43,118,37,53,7,73,18,41,82,69,129,29,3,123,122,105,106,120,136,71,9,38,27,63,97,30,143
128,116,36,53,137,92,76,28,10,129,71,77,113,65,122,97,61,23,100,35,33,95,83,11,146,60,38,51,126,29,78,90,139,120,37,134,67,45,145,74,101,127,148,6,80,91,48,40,46,14,57,68,59,63,114,3,22,109,26,124,70,103,119,5,144,111,62,13,47,44,88,81,43,105,30,73,58,49,99,75,98,82,125,112,121,102,9,96,54,2,16,86,50,17,87,42,79,32,147,0,20,142,138,56,18,117,19,12,136,110,93,55,141,107,94,66,72,21,15,7,140,108,149,84,118,52,133,31,64,115,41,104,69,27,39,135,123,85,131,106,8,89,24,25,34,132,130,1,4,143
17,116,8,32,118,92,76,23,128,105,56,33,132,63,4,87,108,112,120,129,97,48,144,139,146,60,38,62,43,29,117,148,103,16,90,45,67,74,95,24,126,140,18,50,51,27,136,10,93,104,7,68,9,96,114,101,64,79,26,124,21,15,3,78,125,111,88,13,47,44,11,91,84,119,30,14,58,49,65,83,73,52,109,149,25,115,54,6,71,42,142,86,36,61,66,99,70,113,55,0,147,5,138,2,20,130,19,12,59,110,35,75,141,107,133,80,72,145,28,37,85,82,100,53,122,40,94,31,134,98,41,121,69,81,39,135,123,131,137,106,46,89,127,102,34,57,77,1,143,22
17,116,30,26,55,142,13,23,59,19,56,6,31,129,4,139,92,112,28,76,94,48,74,53,145,3,38,35,87,110,120,135,103,2,147,68,67,16,102,138,104,21,18,71,109,27,118,33,83,137,95,93,9,50,114,113,121,79,119,62,128,10,108,84,41,148,88,101,47,22,61,91,146,82,89,14,134,78,54,117,73,105,131,70,7,115,81,29,86,8,51,99,36,40,64,96,25,44,144,0,32,5,43,52,20,130,24,12,72,149,34,75,141,42,49,80,11,58,124,37,90,63,57,125,122,100,39,133,66,98,85,97,140,60,136,45,123,65,15,111,46,132,127,107,77,126,106,1,143,69
17,95,30,146,55,4,3,23,59,10,34,121,41,129,42,125,65,112,90,26,73,144,24,12,0,39,43,35,127,110,76,49,113,64,11,119,67,145,126,25,120,21,86,82,87,32,118,123,29,137,37,45,27,50,114,93,143,2,104,94,128,18,108,101,98,148,109,83,38,91,61,40,5,58,89,36,92,111,54,20,79,8,131,70,53,33,60,84,46,81,115,147,19,7,97,13,48,28,140,117,80,88,130,52,124,138,68,6,72,149,74,75,16,62,47,57,102,116,96,99,141,142,51,103,71,14,9,133,66,22,85,78,100,134,136,56,63,122,15,31,44,132,139,107,77,135,106,1,105,69
17,68,80,146,74,4,82,11,19,2,34,104,89,5,133,125,130,112,98,88,131,71,3,51,78,44,128,35,57,110,76,126,113,111,91,119,67,135,90,14,120,27,86,48,87,32,134,23,29,6,37,144,30,137,42,59,106,25,127,94,0,18,12,101,65,97,145,83,38,95,8,142,20,24,69,36,92,7,72,22,107,99,73,70,143,10,147,77,79,75,115,118,116,102,26,132,33,54,140,117,53,100,43,52,45,138,136,129,13,15,103,39,50,16,47,108,148,121,96,124,141,123,105,61,56,62,46,40,66,114,85,63,60,109,28,64,84,122,58,41,81,1,139,9,49,55,93,31,21,149
61,100,62,146,144,120,35,71,37,106,34,117,97,45,143,6,88,102,5,131,38,112,66,51,9,31,128,7,57,65,82,126,78,12,91,47,67,8,2,124,22,70,86,48,75,32,16,23,21,74,141,107,30,137,33,59,95,36,52,142,0,29,134,101,84,90,145,83,27,39,111,113,68,24,69,94,3,115,123,25,89,99,73,56,4,20,54,127,138,17,87,19,147,40,119,76,18,125,11,63,15,130,72,140,98,110,96,129,104,133,103,43,53,92,10,108,148,121,114,26,135,42,44,77,41,55,46,79,118,85,13,49,60,109,28,64,132,122,58,14,81,136,139,105,149,116,93,1,50,80
103,100,2,89,73,146,33,71,37,46,102,126,97,30,143,127,79,10,109,104,144,50,19,123,118,148,26,124,13,68,82,138,5,74,85,135,4,8,93,110,9,91,24,107,16,129,112,23,21,78,141,66,38,137,65,111,147,36,62,145,125,87,134,52,83,80,128,132,27,39,56,113,88,120,69,94,3,99,34,25,70,96,61,51,43,20,54,0,47,32,121,75,136,117,119,40,6,31,7,63,44,11,92,133,98,72,53,101,18,114,48,115,12,45,14,108,76,95,67,140,15,42,59,77,41,55,84,142,130,131,1,49,60,22,28,64,17,122,58,29,86,81,139,105,35,90,149,116,106,57
36,100,62,89,133,146,81,6,23,46,86,74,97,3,106,127,79,10,8,39,13,50,19,101,132,148,129,87,41,68,111,113,77,91,109,11,58,2,25,72,9,60,31,107,16,143,114,116,53,112,4,117,33,29,55,18,102,145,84,136,125,121,67,52,138,124,26,103,73,147,139,134,93,88,69,94,104,85,43,1,70,96,61,51,90,57,54,128,24,80,75,32,44,64,119,40,110,12,56,38,27,108,92,83,98,7,142,63,71,115,78,47,118,30,14,17,20,131,48,140,15,42,35,120,122,82,95,144,130,59,5,49,37,22,28,123,34,99,45,65,21,126,135,105,0,141,149,76,137,66
24,53,62,130,81,132,56,83,21,46,28,77,17,3,100,7,90,10,112,39,135,71,138,101,140,148,129,34,72,32,95,113,89,91,109,26,0,147,30,137,86,43,103,107,16,41,114,52,93,74,116,117,25,115,59,57,92,119,36,6,127,121,67,96,29,124,33,13,19,131,15,134,54,79,48,2,104,125,50,22,63,65,85,18,94,73,27,97,139,102,51,75,8,128,12,40,110,69,38,20,145,108,80,23,98,45,142,66,68,9,78,47,84,87,14,61,76,123,143,31,146,141,35,120,11,82,4,144,133,88,5,111,37,106,44,55,70,99,64,49,1,126,136,105,60,122,149,118,58,42
21,53,62,130,119,15,75,117,111,145,94,20,127,37,81,49,90,10,112,84,48,71,138,101,140,92,85,63,5,99,82,88,89,146,30,26,135,0,144,56,97,98,76,123,1,132,128,72,93,107,25,22,122,65,45,83,141,106,36,6,91,147,116,96,29,124,33,13,19,131,115,100,51,68,61,105,134,35,54,86,114,77,50,18,28,125,27,8,142,73,78,12,64,43,38,40,2,16,52,67,139,108,79,137,70,69,148,120,7,9,143,113,129,87,14,109,32,104,44,39,47,103,24,74,11,17,4,95,133,102,57,149,23,31,59,55,121,66,34,110,126,80,136,41,60,46,3,118,58,42
9,59,2,111,120,41,130,12,39,83,11,76,127,93,106,78,7,42,129,33,48,71,66,19,63,92,77,113,5,23,89,88,13,73,30,81,131,62,144,69,97,98,108,109,133,132,25,72,116,1,101,123,122,65,45,43,94,44,82,6,91,147,10,96,53,52,124,55,117,60,56,100,51,114,61,17,46,57,36,146,119,121,54,115,28,125,27,8,128,50,40,86,136,75,35,18,16,99,118,134,139,68,64,105,70,104,135,87,110,84,0,140,137,138,90,112,32,21,20,14,29,26,141,74,79,85,15,95,38,102,4,149,107,31,103,24,142,22,49,145,126,80,67,148,34,143,3,37,58,47
125,59,56,145,137,54,1,39,25,34,11,84,120,93,104,123,69,26,20,143,127,71,148,19,86,92,129,66,44,16,89,72,13,136,30,97,131,76,144,83,95,74,7,98,138,105,147,139,116,110,101,140,42,134,23,29,94,128,88,6,91,68,12,96,141,52,124,55,35,60,65,90,3,118,82,149,81,121,27,103,31,53,8,119,28,38,115,77,73,50,40,67,41,117,22,18,79,130,109,48,51,108,64,111,32,17,43,87,146,135,0,114,133,99,57,5,122,112,33,14,10,106,46,63,21,45,15,78,85,102,4,132,36,2,62,24,142,70,49,75,126,9,47,100,61,80,113,37,58,107
38,139,2,102,60,70,56,134,25,95,81,84,120,80,111,123,69,74,5,143,43,26,44,131,85,39,67,98,132,16,89,76,79,140,30,41,54,19,144,138,124,112,23,88,109,52,51,31,116,110,130,147,42,1,97,15,94,128,127,32,117,62,12,96,37,141,63,122,21,107,65,100,114,118,33,149,55,126,27,108,3,71,91,119,136,4,82,86,73,93,40,101,92,10,6,18,50,146,103,48,7,145,49,36,90,17,148,87,53,78,34,104,135,11,57,64,129,0,20,77,13,106,46,35,22,45,105,59,29,68,72,137,83,115,8,24,142,133,58,75,99,9,47,125,61,66,28,113,14,121
58,32,102,91,28,70,79,113,117,95,147,84,78,106,23,140,90,88,5,43,11,26,101,131,85,112,31,98,38,51,132,118,119,123,30,41,75,19,25,138,124,74,15,8,37,52,24,7,14,110,125,81,47,1,144,36,10,134,9,72,2,62,53,136,35,76,12,111,3,44,65,100,114,130,33,149,139,126,104,108,107,71,94,145,68,48,45,133,60,96,59,63,4,39,6,18,50,73,40,64,49,109,77,42,120,57,148,87,129,128,122,54,135,46,93,127,86,80,146,13,67,116,103,55,22,97,105,27,29,99,82,16,66,115,0,21,142,34,20,83,137,141,143,92,61,69,17,56,89,121
86,128,89,90,21,69,58,133,127,95,75,7,78,147,40,62,36,88,79,43,11,23,32,112,8,12,2,77,146,51,33,141,119,65,85,137,104,59,106,3,124,142,15,13,55,52,41,9,14,110,118,81,120,1,87,46,135,134,67,131,10,82,53,73,35,108,102,97,132,44,64,107,136,130,126,144,139,61,48,84,37,99,94,145,34,25,76,45,117,71,91,63,4,101,111,18,66,5,49,109,56,80,103,42,28,114,148,96,72,149,122,140,98,70,93,31,19,92,24,129,6,116,27,138,16,26,105,50,29,68,100,54,123,22,0,113,74,30,20,83,125,39,143,60,115,57,17,38,47,121
125,112,143,10,21,113,58,93,147,12,62,3,86,64,96,14,1,140,34,54,11,90,55,38,8,70,72,6,48,73,33,47,74,59,5,137,28,76,106,40,66,109,15,53,144,75,67,107,119,110,127,69,97,87,9,77,135,4,134,131,24,32,94,130,142,108,148,102,132,44,88,120,122,118,81,2,139,100,17,84,37,99,46,145,50,149,123,98,13,71,63,83,68,101,111,23,104,146,105,36,56,41,103,42,85,114,80,117,18,136,133,61,124,128,35,30,19,92,79,129,126,91,27,25,49,26,31,7,29,16,82,52,141,22,0,138,116,89,57,95,45,39,20,60,115,65,51,43,78,121
125,75,50,105,10,124,93,100,147,47,9,87,24,64,81,86,71,53,63,115,11,51,55,73,8,148,119,118,7,70,25,5,74,142,43,137,6,144,106,1,66,116,15,0,133,128,67,28,88,54,127,69,97,143,31,130,13,108,134,62,60,32,138,136,139,91,111,102,131,44,80,112,113,52,101,2,4,107,120,84,3,41,22,76,114,149,96,123,35,89,59,146,68,140,36,16,104,90,94,135,56,98,103,132,17,45,33,12,18,14,38,61,20,83,77,30,19,92,110,129,141,29,46,42,49,122,82,126,26,27,79,85,23,40,78,72,48,34,57,95,109,39,21,37,99,65,117,145,58,121
125,122,50,14,78,124,2,100,80,42,46,88,132,20,91,141,142,61,103,45,138,51,55,22,140,47,119,96,7,70,25,5,53,102,39,128,74,29,106,137,97,116,87,110,58,83,67,21,84,126,94,69,35,130,31,59,63,56,134,62,60,32,123,1,17,108,111,107,131,86,10,65,113,144,101,54,90,34,16,44,104,115,139,76,75,129,37,79,133,71,49,146,68,72,114,41,9,0,27,135,43,98,33,82,92,99,147,52,28,15,38,13,26,4,77,30,19,48,3,149,36,136,18,6,105,112,121,24,145,8,12,64,23,40,118,120,93,143,11,95,109,148,73,85,66,127,117,89,57,81
125,38,50,34,78,136,111,123,2,25,17,8,82,102,91,141,142,18,21,45,55,120,13,98,32,47,27,96,11,94,115,64,53,100,71,128,138,29,106,51,36,116,37,3,59,109,99,48,113,5,65,88,26,7,31,131,80,56,60,132,135,134,62,1,72,24,69,35,133,112,130,126,75,144,76,54,103,70,14,63,104,4,107,58,20,129,43,79,97,6,49,146,122,15,110,41,9,121,10,84,16,39,33,42,92,139,57,52,147,85,22,73,145,0,77,95,46,117,68,149,83,90,61,23,19,44,67,87,140,30,12,118,105,40,148,86,137,143,101,108,119,93,124,28,66,127,114,89,74,81
125,29,50,98,101,136,148,56,2,25,77,138,128,103,132,147,24,84,21,140,100,34,65,3,6,127,122,71,33,94,115,91,116,17,58,45,81,30,79,149,13,131,109,120,7,31,62,48,113,5,93,110,15,126,117,135,64,37,124,75,130,134,90,119,105,146,69,49,118,112,80,73,66,47,144,54,87,142,44,28,104,4,18,14,20,51,43,141,97,46,106,133,107,82,74,41,9,35,10,72,16,39,32,42,68,139,57,59,96,85,22,1,145,0,99,95,19,129,70,11,78,123,61,23,108,53,121,52,83,55,102,8,76,92,67,89,137,143,12,86,38,60,63,27,88,111,114,40,36,26
125,29,91,139,59,10,20,56,2,140,40,95,128,103,16,110,51,32,74,146,106,34,84,82,123,36,88,108,145,124,52,44,116,0,137,45,81,126,79,86,101,148,143,120,49,31,118,48,113,133,41,1,15,149,104,55,114,37,62,127,61,17,90,70,80,77,69,138,142,129,33,102,42,98,144,54,67,87,22,93,47,100,72,14,136,109,43,141,25,78,75,97,115,66,119,19,9,35,68,4,71,39,18,105,58,46,57,94,96,134,107,60,92,122,99,13,65,64,135,11,24,132,28,5,30,147,121,85,8,7,76,117,3,131,27,89,73,130,12,112,38,83,63,6,21,111,50,23,53,26
129,29,24,139,126,93,77,6,118,11,52,104,56,127,116,27,51,50,87,146,106,122,31,5,68,149,13,99,38,64,82,135,45,66,110,138,46,141,7,86,30,148,145,120,28,23,34,102,48,133,9,1,143,10,32,55,114,37,62,71,78,136,90,70,80,84,69,4,142,140,75,88,42,112,147,144,83,94,61,41,47,33,60,131,91,109,43,59,25,123,117,97,2,98,119,19,128,137,101,108,103,20,18,96,35,57,100,79,53,22,107,49,67,14,3,39,121,72,36,81,15,132,124,113,115,74,105,85,8,130,76,111,54,95,134,89,92,73,12,0,125,44,63,58,21,65,40,17,16,26
129,11,24,136,77,140,133,121,118,46,31,87,56,127,22,134,51,131,99,149,44,122,14,52,68,100,45,104,93,64,142,106,27,20,63,6,58,72,117,7,50,148,73,74,28,48,34,119,30,9,111,1,19,146,32,82,17,37,107,71,83,8,135,57,80,13,26,4,86,103,115,43,120,112,147,53,49,94,61,110,144,33,60,84,91,109,76,145,47,123,35,97,2,98,143,75,40,137,85,25,65,16,128,96,130,141,90,39,18,59,81,124,38,54,92,23,88,138,36,108,15,3,0,79,132,66,105,102,70,114,101,126,113,5,95,89,41,55,12,139,125,29,42,10,67,62,21,69,78,116
124,126,24,62,113,84,48,121,63,43,85,97,56,147,143,30,128,53,57,112,44,79,6,100,109,133,45,107,99,64,52,106,27,42,7,60,111,72,16,25,50,54,81,118,73,95,36,117,129,141,77,96,69,68,11,82,28,136,122,5,83,8,135,58,74,66,26,88,131,49,115,89,3,71,90,139,142,116,67,110,144,38,149,132,91,1,76,145,47,123,35,130,2,18,93,120,40,137,34,87,65,37,22,32,103,61,146,140,92,119,23,75,127,80,33,108,86,134,98,148,15,94,0,17,14,55,20,12,70,114,9,104,19,46,59,31,41,4,105,51,125,29,39,10,13,101,21,102,78,138
124,126,41,62,144,83,34,121,39,19,8,85,30,147,117,111,107,3,136,78,44,79,95,116,115,47,45,140,99,56,74,16,27,64,7,50,137,72,93,10,6,122,0,91,146,130,108,54,106,141,90,96,51,149,142,22,28,143,14,75,25,123,135,58,5,66,32,35,131,81,68,73,43,109,71,21,77,128,65,63,24,61,4,132,52,57,76,118,36,100,60,38,29,18,114,120,31,133,48,87,82,37,1,148,89,53,55,49,105,119,23,98,127,84,33,17,97,129,101,113,15,94,112,134,102,59,20,12,70,86,80,104,69,46,138,42,2,103,110,11,125,139,88,67,13,40,92,9,145,26
74,77,41,99,118,95,112,121,98,73,1,50,59,82,117,0,51,18,107,137,44,115,102,116,122,148,35,61,110,90,11,16,27,64,12,119,113,72,106,49,6,71,57,40,120,32,60,83,134,46,23,97,5,149,142,92,17,143,14,56,25,123,19,7,144,45,96,130,131,86,84,68,43,109,105,21,91,8,93,80,13,10,4,132,79,20,3,66,111,136,36,38,29,108,114,88,63,78,47,125,58,146,145,24,34,53,89,42,147,55,70,141,127,128,33,22,133,129,101,39,15,26,103,54,52,75,30,76,124,48,85,104,69,135,138,65,2,87,126,62,94,139,31,67,28,81,100,9,37,140
46,119,56,147,118,64,124,69,98,139,1,50,6,116,145,114,78,18,88,137,44,43,107,47,138,148,90,146,33,45,41,28,54,36,19,76,60,95,106,30,48,122,57,93,52,141,115,83,103,21,12,84,9,112,142,92,24,143,16,134,25,123,130,67,127,110,49,77,131,86,59,68,91,109,105,40,74,99,72,80,32,10,96,34,82,61,3,66,111,14,8,125,108,5,65,51,63,38,102,149,94,7,17,89,121,97,117,42,104,129,70,100,22,128,23,2,133,39,85,37,15,26,0,120,20,75,79,71,4,13,81,11,101,135,132,144,27,87,73,62,29,53,35,55,58,136,113,126,31,140
46,66,47,94,123,64,133,13,141,139,25,97,6,116,126,114,121,18,72,80,119,14,136,117,53,63,20,7,82,62,49,109,27,55,59,76,106,93,135,30,78,146,112,147,52,87,134,67,103,5,1,36,9,69,142,144,125,143,40,84,12,50,130,145,115,124,44,77,131,101,118,102,91,17,105,88,74,92,122,95,32,61,86,34,107,79,110,42,111,70,8,2,16,22,60,104,96,149,127,58,73,21,128,51,71,28,108,89,33,83,65,100,48,68,23,43,99,137,81,37,15,98,26,120,19,75,54,138,4,10,39,11,56,90,132,129,41,57,85,38,29,0,35,148,3,24,113,45,31,140
22,66,3,9,123,53,133,112,141,85,103,93,6,138,64,5,120,87,92,73,99,83,136,34,23,143,20,16,101,70,25,88,27,95,59,76,47,81,19,139,90,121,79,147,149,38,84,68,41,44,117,36,119,74,142,31,13,10,146,12,104,56,130,145,115,124,52,97,131,126,11,102,113,17,134,114,140,28,122,129,32,106,40,29,107,71,110,128,111,75,8,48,58,18,60,108,96,135,67,4,125,91,109,42,1,82,62,89,33,105,65,78,61,57,86,7,127,137,43,144,118,98,26,100,15,148,54,55,116,37,80,24,77,21,132,94,14,63,50,30,49,39,35,0,51,69,72,45,2,46
119,88,3,79,24,12,42,112,65,53,124,93,6,70,64,123,120,135,57,105,63,100,142,34,51,104,85,16,25,69,107,147,27,73,138,125,134,81,35,143,127,28,26,43,149,78,66,68,61,77,144,110,21,106,76,55,47,60,38,102,33,121,7,18,22,52,49,10,131,95,11,84,139,17,99,114,44,74,82,71,32,146,36,29,0,5,148,128,111,115,140,14,72,126,48,108,96,83,67,4,9,19,109,117,89,8,62,118,90,136,75,50,46,1,86,122,23,137,87,116,129,98,20,41,31,13,54,59,101,37,80,40,15,103,132,94,130,145,91,30,133,39,141,113,58,56,97,45,2,92
119,69,3,102,99,35,147,58,65,53,124,110,6,70,28,123,12,13,42,1,137,86,107,118,64,26,94,96,25,24,5,0,104,79,138,115,134,74,77,75,109,126,72,14,48,78,66,93,22,34,144,63,32,146,106,55,98,9,38,141,103,59,7,136,97,140,91,40,131,95,11,143,47,17,90,130,149,101,82,71,37,16,45,100,31,41,29,128,51,139,122,114,20,125,113,108,46,83,43,27,84,19,60,52,89,8,62,68,121,92,81,33,18,61,49,127,23,50,85,116,129,36,73,2,39,142,76,44,67,135,80,57,15,54,87,148,56,145,132,30,133,4,111,21,112,117,88,120,10,105
101,69,3,123,99,10,102,39,36,53,91,110,47,89,115,74,43,81,86,64,121,2,141,35,118,26,119,128,25,67,28,0,104,137,138,44,97,131,78,75,95,1,17,14,146,68,32,93,125,34,15,61,80,92,58,55,98,134,38,120,106,109,72,87,85,140,116,76,113,12,62,143,40,130,59,144,124,63,79,71,37,96,31,18,21,41,139,136,51,48,111,4,9,147,5,107,46,13,82,73,84,88,60,52,30,94,149,90,50,83,16,33,45,49,57,100,23,122,66,127,129,42,7,126,103,142,77,22,135,8,70,65,117,54,19,148,56,145,132,29,133,108,27,114,20,112,24,11,6,105
60,83,110,2,99,102,50,6,148,53,131,86,47,89,23,128,43,134,81,14,121,46,93,111,113,19,119,74,25,135,28,68,15,137,138,96,69,149,7,36,122,41,24,20,146,62,32,38,125,34,85,132,80,92,120,3,44,95,133,9,56,26,72,4,54,30,136,22,90,12,67,143,144,130,59,70,140,52,108,97,57,27,37,117,21,100,101,66,51,48,63,87,55,31,5,94,75,13,82,1,84,49,114,104,10,115,147,106,123,35,98,78,141,64,73,103,71,16,0,127,129,29,118,126,124,109,77,142,107,8,105,65,61,76,18,42,79,145,88,139,45,91,40,33,39,112,58,11,116,17
9,112,18,58,23,30,97,36,133,90,131,104,47,89,120,8,43,85,81,44,121,39,136,111,6,19,73,148,64,141,28,68,79,54,5,138,24,69,7,0,10,41,65,74,78,62,63,38,100,55,93,110,80,92,32,3,31,86,135,113,56,118,72,4,35,114,71,125,127,21,34,143,144,130,94,53,137,70,42,57,83,66,52,117,82,14,145,15,51,48,142,25,75,146,20,101,87,95,11,1,84,60,40,132,124,115,147,106,123,16,134,128,12,46,103,2,26,102,108,67,98,29,49,17,59,77,129,22,107,99,50,149,96,116,13,126,27,140,88,139,45,109,61,33,119,122,105,91,37,76
41,112,98,75,21,78,67,88,35,90,53,104,74,145,120,55,15,85,81,28,121,30,68,133,71,19,45,62,26,123,34,107,79,146,5,138,1,49,69,126,130,122,65,48,129,2,144,8,134,97,99,54,80,92,32,3,31,25,135,141,56,118,72,22,24,114,6,125,17,60,142,44,42,59,10,39,76,9,148,36,12,124,52,117,136,70,23,63,128,113,119,89,33,108,20,101,87,95,66,103,110,11,51,132,149,137,143,106,7,140,139,0,16,111,127,40,84,102,96,77,105,29,4,94,131,46,57,14,109,38,64,147,58,116,13,50,27,82,47,100,37,115,61,86,43,73,83,91,18,93
20,112,143,68,21,46,17,2,104,48,53,116,39,145,98,102,14,15,81,28,70,85,7,74,71,6,49,130,64,12,117,107,69,146,131,140,34,139,9,126,93,119,65,149,129,43,115,128,147,40,3,54,41,123,35,18,62,25,135,141,88,55,72,22,73,114,10,133,118,33,60,45,8,31,29,122,120,87,66,36,90,124,47,16,67,76,23,63,96,113,42,89,95,108,0,5,94,138,59,51,121,44,92,132,125,148,77,106,99,32,61,105,84,111,142,100,136,137,103,79,56,82,4,101,30,11,57,75,78,38,24,26,58,91,13,50,27,19,110,109,127,134,97,86,37,80,83,1,52,144
94,27,141,68,21,51,131,46,80,6,47,116,39,2,77,102,129,25,112,107,70,85,119,15,17,137,83,142,96,12,117,7,69,108,52,73,149,110,125,104,105,38,37,4,10,43,123,78,147,40,3,24,9,115,53,18,146,89,143,140,138,99,72,22,128,11,26,28,118,114,60,67,63,31,148,122,93,87,66,36,90,124,74,61,55,45,62,20,134,91,54,64,95,44,0,34,41,23,144,13,145,35,92,81,49,126,97,103,56,135,59,82,84,76,98,71,136,14,121,127,19,16,48,101,139,5,57,75,79,130,65,100,58,1,111,50,33,132,30,109,8,133,29,86,113,88,32,42,120,106
94,27,67,119,75,43,116,46,30,93,23,73,11,1,77,95,83,135,64,96,107,33,69,113,50,53,71,142,28,21,117,4,98,44,74,58,149,5,76,18,100,38,17,61,10,56,34,78,129,55,3,24,16,115,127,51,139,89,143,140,138,99,144,22,133,112,14,68,87,114,9,49,13,31,148,122,29,60,88,42,90,108,72,145,123,111,6,20,134,91,54,118,36,105,2,104,41,137,63,110,101,130,92,81,121,136,97,7,39,128,59,82,48,65,102,146,47,141,126,37,19,57,85,35,12,62,103,66,52,124,131,32,40,79,45,86,80,132,70,0,8,25,84,26,147,125,106,15,120,109
11,8,44,98,59,113,116,1,118,68,23,101,142,43,93,30,144,92,64,100,13,47,65,28,50,53,74,88,27,21,119,148,81,4,45,58,95,76,57,18,19,38,124,61,7,106,134,84,145,55,3,24,16,115,127,67,99,12,52,140,110,141,97,136,133,112,85,138,60,0,9,49,87,79,117,122,66,71,120,42,46,108,135,56,123,5,6,102,109,34,143,35,33,105,39,10,41,91,17,104,31,130,83,137,121,78,63,147,139,128,90,82,32,69,129,146,126,77,62,22,75,111,103,73,80,20,70,36,94,132,149,29,40,89,48,86,2,107,51,14,15,25,37,26,72,125,96,131,114,54
96,138,59,98,94,76,116,93,104,127,148,101,130,43,48,9,144,92,137,42,143,37,7,55,50,53,79,8,90,21,126,61,136,4,135,58,122,69,111,132,65,38,11,41,0,99,142,108,145,100,87,24,16,27,5,114,49,1,89,91,105,81,47,19,23,78,83,63,60,30,68,33,45,120,117,44,66,71,31,74,46,32,109,56,123,82,6,102,62,34,2,106,110,128,133,10,84,36,95,124,39,3,25,118,12,64,15,70,119,147,112,115,134,125,18,13,139,77,97,113,75,57,103,73,80,20,52,141,26,140,146,129,40,22,35,86,121,149,51,67,107,17,28,85,72,88,14,131,29,54
91,50,68,98,130,76,53,60,104,127,131,63,129,126,48,9,144,96,121,95,82,6,58,89,42,107,118,49,90,21,92,0,136,39,84,113,97,24,111,83,65,147,137,74,115,135,78,28,119,1,87,27,16,124,5,116,123,22,140,133,69,142,47,26,70,143,31,55,67,44,79,122,45,120,117,56,66,71,23,132,46,125,109,99,134,12,114,106,102,141,148,10,33,59,80,146,57,36,54,43,4,103,139,105,8,64,15,37,110,81,108,73,94,11,88,13,38,41,61,138,75,62,32,52,2,145,30,77,112,25,93,20,40,128,35,86,3,149,51,101,34,17,19,85,72,7,14,100,29,18
18,38,10,32,130,105,128,101,67,144,126,63,85,35,48,8,52,9,107,129,140,6,33,89,22,118,3,136,90,64,92,72,30,74,131,55,117,36,57,83,65,60,102,54,124,104,78,28,59,15,87,100,11,119,88,116,123,111,26,53,69,142,37,112,80,143,1,79,66,146,27,122,45,5,121,56,76,98,23,135,46,40,109,99,149,12,93,49,17,141,148,44,77,58,134,110,34,106,47,133,113,103,139,127,39,43,13,25,73,137,108,4,94,24,21,115,95,41,61,145,132,62,120,16,2,0,138,91,50,71,114,20,7,14,86,31,42,82,51,125,81,70,19,97,75,96,147,29,84,68
37,19,10,136,130,140,128,57,46,139,50,112,73,81,48,105,52,96,113,18,124,8,94,149,51,118,61,82,75,38,70,143,93,74,141,4,117,36,29,84,45,60,138,54,100,27,65,88,78,131,120,15,11,119,111,42,123,13,129,83,69,142,127,116,80,9,97,67,2,146,28,91,64,5,121,145,76,90,72,126,33,40,109,99,110,114,122,6,134,17,68,44,92,59,43,79,34,106,47,24,32,103,23,71,26,104,144,98,41,137,108,3,56,30,1,115,49,63,31,55,132,62,39,16,0,107,125,22,86,85,101,20,7,14,35,148,53,87,89,147,66,102,135,77,133,95,58,12,25,21
136,39,70,111,10,140,83,46,63,31,2,112,129,87,48,25,52,96,113,18,57,131,132,80,110,36,1,102,97,134,42,89,130,74,64,44,117,142,128,28,27,14,69,35,92,55,65,88,59,141,120,106,90,119,72,123,0,19,32,15,29,86,67,71,40,85,5,114,60,9,127,91,37,104,121,145,51,56,100,4,78,61,109,99,93,147,50,6,94,122,45,144,68,53,118,135,34,21,7,24,137,103,38,79,82,33,23,149,107,105,108,3,116,30,76,115,49,143,11,126,17,62,98,16,139,41,125,22,20,124,101,43,13,84,77,148,8,47,54,75,66,146,73,138,133,95,58,12,26,81
136,77,70,114,87,7,46,140,61,31,116,22,79,146,98,58,89,96,132,41,101,131,71,28,110,107,115,43,97,52,42,80,39,1,32,99,143,83,128,54,130,14,6,20,65,103,129,88,44,108,120,93,134,57,72,123,67,19,111,63,29,86,125,53,27,141,78,66,60,48,68,94,95,23,149,45,113,90,100,4,55,112,109,5,10,8,50,0,85,74,21,36,37,16,127,35,34,69,81,51,59,12,2,118,18,33,92,121,106,105,119,3,135,30,117,64,24,102,11,144,17,25,122,9,139,40,38,126,15,124,142,137,13,84,133,148,91,47,76,82,49,147,73,138,75,145,62,56,26,104
43,59,65,114,66,112,89,127,33,147,136,145,67,10,103,58,37,4,26,41,9,131,122,71,30,125,74,34,97,138,42,84,46,1,32,99,22,110,146,16,130,132,135,119,142,7,129,117,12,18,140,93,108,79,72,104,80,76,40,101,29,86,106,85,54,73,123,5,60,120,68,94,95,61,149,45,113,31,107,27,134,3,109,55,17,8,133,0,69,44,48,128,6,25,39,35,77,63,81,21,57,116,2,105,91,83,52,121,78,19,88,28,24,14,51,64,100,20,11,90,139,137,144,118,38,143,70,87,15,124,126,102,13,148,96,36,53,62,141,82,49,98,47,111,75,115,92,56,23,50
7,92,28,42,139,138,103,48,50,127,33,61,67,112,97,116,37,111,16,49,9,131,43,120,24,75,62,65,143,56,63,108,46,4,25,135,3,110,146,14,130,149,22,148,132,2,47,117,13,41,140,30,59,6,115,104,80,134,40,136,101,87,12,85,19,114,74,5,60,147,68,94,95,98,32,10,82,31,93,27,121,129,58,55,17,8,77,141,99,44,36,128,133,34,39,0,35,1,81,53,124,123,71,105,38,83,79,26,11,119,88,142,137,54,51,122,100,20,76,113,18,45,144,118,66,73,70,106,57,125,84,102,72,86,91,52,126,109,107,29,64,21,15,145,23,69,78,96,90,89
146,96,28,101,26,138,126,107,45,3,47,128,67,19,97,41,37,62,105,49,83,134,93,120,90,40,142,65,59,58,55,108,89,119,88,86,129,102,92,14,130,147,34,50,132,64,144,17,38,118,73,94,10,74,13,5,80,66,51,148,114,87,12,143,115,131,139,1,4,46,109,63,11,9,32,124,98,68,31,99,116,95,27,2,72,75,77,141,110,44,30,25,133,104,61,0,35,6,81,79,149,123,71,53,136,82,76,85,21,42,60,16,137,54,121,22,100,20,33,117,18,127,140,135,43,8,70,103,113,24,78,125,84,57,91,52,48,56,112,29,111,7,15,145,23,69,36,39,122,106
113,91,95,73,26,138,126,85,96,18,10,128,3,57,133,69,37,62,32,49,50,123,119,39,90,98,89,8,24,58,105,27,30,146,88,86,147,84,56,61,132,72,34,45,4,64,144,145,79,118,81,125,74,120,13,130,80,66,51,131,137,21,16,141,36,25,139,111,143,148,109,106,11,92,101,87,114,122,1,99,68,46,31,63,14,75,77,38,110,44,43,35,149,83,102,20,112,52,135,129,104,33,71,40,136,97,47,15,117,65,48,94,55,9,121,19,100,60,115,67,28,127,140,124,108,0,70,103,2,76,6,12,42,53,142,41,5,82,17,29,116,7,107,78,23,22,54,93,59,134
38,92,80,30,65,138,126,2,35,128,5,52,94,23,63,88,37,125,77,122,143,87,0,39,90,98,41,8,24,82,108,114,27,109,96,137,106,84,56,100,132,72,102,147,120,64,103,124,79,118,115,91,33,121,13,130,107,45,1,73,123,22,136,75,71,25,32,14,44,119,31,66,144,97,101,141,19,62,3,68,131,135,146,105,139,46,134,95,148,58,43,110,149,127,61,142,42,26,16,129,104,15,60,40,20,49,74,10,117,112,50,99,55,9,36,51,47,70,113,145,28,86,111,4,133,76,57,34,83,81,6,12,59,53,85,48,69,67,17,29,116,7,89,78,140,11,54,93,21,18
100,1,80,66,65,9,126,29,49,53,5,82,138,16,63,13,119,125,86,111,81,147,0,145,114,48,43,84,24,130,121,87,27,131,108,22,75,139,56,59,132,72,23,89,42,137,103,124,70,20,50,55,96,141,77,115,107,52,133,73,79,46,98,21,71,32,116,106,136,135,38,128,149,143,109,117,19,62,3,14,93,41,146,6,34,45,31,47,148,68,35,122,101,127,64,142,61,51,10,26,83,12,60,40,118,104,76,44,134,112,58,99,74,120,36,105,2,92,110,144,28,7,39,4,33,37,57,113,123,91,94,30,129,11,88,90,69,67,17,18,102,85,15,78,140,25,54,95,97,8
136,24,86,66,50,27,120,135,49,53,5,45,25,103,146,110,83,39,70,100,116,123,81,32,56,3,43,84,131,130,9,13,19,22,46,67,75,139,119,105,17,7,23,89,42,33,128,149,58,0,98,96,106,121,88,115,8,125,10,73,87,82,111,6,71,114,137,54,20,132,38,52,117,145,109,143,107,62,40,14,97,79,16,126,34,64,92,47,30,68,48,122,101,61,141,76,35,72,99,26,1,133,60,118,91,77,21,74,134,112,144,55,142,31,124,65,2,12,85,15,28,80,59,4,108,37,63,148,41,113,138,36,129,11,147,94,51,127,29,18,102,90,93,69,140,78,104,95,57,44
120,121,75,130,10,47,31,29,66,53,24,136,30,139,132,16,83,39,67,90,116,123,81,92,56,114,19,97,141,143,52,70,50,85,126,124,80,28,119,105,13,62,64,37,104,109,110,46,58,8,98,113,106,142,88,25,133,43,0,73,91,51,111,20,71,54,86,117,72,146,38,128,99,145,68,1,107,108,125,14,4,96,140,9,34,118,115,12,45,89,135,122,101,127,27,76,35,55,84,26,44,61,60,144,131,40,21,74,36,63,87,49,32,7,137,18,103,149,147,15,65,59,82,17,33,23,22,148,42,3,100,41,129,11,77,94,134,57,6,79,102,112,93,5,48,78,138,95,2,69
26,121,86,130,126,140,31,29,82,88,65,136,75,139,35,46,83,124,128,90,98,0,81,92,85,39,19,97,141,40,5,70,101,11,10,148,147,38,6,132,107,62,64,72,24,125,137,16,89,93,100,143,122,119,104,25,91,43,84,142,79,34,18,52,71,123,106,117,37,146,99,127,67,112,129,145,114,135,109,48,4,96,63,9,116,41,118,17,45,113,59,51,108,50,60,32,42,2,76,15,13,131,73,144,47,133,21,54,36,138,58,49,20,105,87,12,23,57,28,66,61,7,44,56,33,103,22,1,30,3,149,27,68,111,77,94,134,74,14,80,102,115,8,110,53,120,55,95,78,69
60,56,127,3,126,17,31,29,72,88,143,62,51,52,4,105,149,124,128,131,107,39,91,42,85,140,19,125,106,10,84,32,118,135,20,148,97,65,22,82,5,41,64,25,18,119,35,16,141,93,100,116,47,130,104,90,49,7,81,112,14,34,40,26,71,96,142,77,23,13,55,68,67,129,108,145,74,58,98,9,86,79,63,11,92,110,76,75,45,113,59,144,114,50,73,24,89,136,109,83,115,94,70,132,46,133,21,137,111,37,138,38,48,146,87,78,0,27,28,66,61,15,44,43,33,53,139,1,30,2,122,99,101,36,117,123,103,6,121,80,102,69,8,147,54,120,12,95,57,134
60,47,127,52,56,17,144,29,5,61,116,62,43,136,135,105,3,112,34,101,107,118,63,124,96,27,10,147,108,31,66,28,130,82,38,83,91,65,22,57,39,131,126,4,51,119,99,98,25,92,100,94,106,58,40,12,103,88,142,90,14,48,73,76,35,68,125,77,15,13,81,85,24,129,95,55,74,139,72,64,86,148,41,11,71,110,49,75,45,7,20,134,33,50,141,113,89,109,0,84,115,16,117,132,80,133,79,23,111,37,138,6,9,146,87,78,67,104,21,8,18,149,128,97,143,53,26,1,42,2,30,114,140,102,19,123,44,93,121,69,59,32,36,70,54,122,137,120,145,46
104,66,133,62,56,90,76,69,107,79,46,64,36,122,114,127,10,112,34,101,119,108,16,9,96,93,29,48,12,31,14,28,40,8,38,142,91,65,50,125,67,13,27,149,51,0,99,118,25,78,116,128,11,102,73,43,85,144,5,59,82,92,72,35,47,103,17,106,15,84,81,148,4,129,146,88,74,141,70,124,86,145,126,30,57,135,20,75,45,24,131,58,33,83,77,113,89,61,95,147,115,18,41,120,80,100,23,42,2,94,138,6,117,105,143,3,54,22,21,60,68,110,139,49,71,53,26,1,52,130,87,97,140,39,19,123,44,136,121,98,55,32,109,7,111,134,137,37,132,63
130,97,127,13,56,93,87,72,109,83,46,69,99,67,114,1,79,35,107,49,112,62,84,34,64,44,29,30,126,60,61,28,40,132,117,136,91,65,50,125,118,53,7,140,146,52,115,77,74,78,10,128,103,12,59,43,16,108,73,51,82,92,149,9,47,76,17,4,15,66,145,55,63,31,85,88,25,148,6,110,68,135,19,143,24,75,20,58,26,8,131,102,33,94,14,113,36,89,95,144,133,18,27,120,80,139,70,42,2,147,138,96,106,22,122,41,23,134,21,54,129,3,81,142,71,57,101,38,48,86,104,141,124,39,105,123,45,119,121,111,116,32,0,98,90,5,137,37,100,11
130,141,90,50,56,93,33,72,19,83,7,99,106,105,114,87,79,109,107,110,113,81,125,34,18,38,102,30,126,60,44,127,40,121,6,95,91,57,128,49,118,3,139,82,146,64,53,88,74,98,17,42,2,12,59,137,115,29,73,129,111,46,100,9,35,78,76,20,62,124,51,55,10,39,97,15,22,148,101,32,47,25,84,16,24,116,133,58,52,1,26,8,143,94,14,43,36,96,66,145,31,45,144,21,80,149,136,71,132,103,120,89,63,134,122,92,23,147,27,4,69,142,131,28,138,86,54,108,48,85,104,135,67,75,77,123,117,119,61,68,37,13,0,140,41,5,112,70,65,11
50,25,141,36,108,93,33,72,20,6,125,48,106,64,70,103,2,109,107,68,3,142,88,34,114,38,102,84,85,60,118,79,29,116,14,46,147,57,128,123,115,136,52,82,146,83,110,15,99,30,54,74,44,87,37,17,111,42,94,59,4,9,127,47,27,139,53,91,62,124,51,113,58,134,18,81,22,148,101,32,132,43,41,16,26,98,144,7,112,1,56,8,35,140,92,78,126,40,137,145,31,117,10,97,80,149,73,129,130,49,120,89,138,86,122,95,105,28,90,75,104,61,100,19,12,39,21,24,76,63,13,135,67,133,77,71,65,119,45,55,96,66,0,23,121,5,131,69,143,11
89,93,0,119,15,57,44,72,114,138,12,59,37,11,3,103,140,6,80,17,137,61,106,90,2,141,33,84,147,22,118,9,39,16,82,127,148,142,128,62,116,136,52,10,14,83,145,69,64,87,54,120,13,98,4,110,85,42,99,28,19,94,36,45,70,146,75,26,95,124,51,113,58,56,25,81,74,149,101,30,132,43,135,125,53,123,144,79,112,108,105,8,60,88,92,107,126,117,122,63,46,96,115,20,40,38,73,27,102,49,31,121,29,86,35,129,41,7,50,97,104,133,100,109,32,47,21,1,76,139,48,24,67,18,34,91,65,134,111,55,77,66,130,23,71,5,131,78,143,68
68,93,91,63,54,78,138,123,82,57,9,48,37,11,89,103,41,6,131,17,137,61,28,100,2,44,26,132,77,52,56,121,113,4,20,49,118,39,107,96,110,23,51,88,14,83,126,69,7,127,117,122,22,119,140,32,128,84,133,43,19,98,36,45,70,120,145,40,95,124,42,142,72,85,13,81,106,125,101,30,3,75,148,62,53,92,74,116,112,108,5,25,99,12,0,139,66,24,147,136,149,86,102,130,58,79,115,60,33,73,87,129,29,144,35,31,55,27,50,97,104,8,10,109,21,47,90,65,76,146,15,16,67,18,34,59,94,135,111,114,134,105,1,38,71,80,46,64,143,141
148,16,105,61,54,101,138,69,133,103,47,48,131,104,89,115,56,79,30,123,137,114,0,100,40,44,146,91,26,90,31,109,120,143,20,49,36,88,107,2,68,147,45,95,14,83,46,62,7,50,39,122,22,124,140,135,25,119,128,43,121,98,15,116,70,102,145,80,51,24,78,60,127,37,142,81,63,129,1,72,3,99,113,53,77,92,74,75,64,118,67,27,139,13,9,93,110,4,86,136,144,97,66,6,96,12,65,58,33,73,87,28,29,17,35,112,55,117,82,38,130,8,10,132,52,134,108,125,42,106,19,85,41,18,34,59,71,23,111,94,11,149,126,84,76,32,57,5,21,141
146,16,59,92,72,129,14,65,143,138,3,48,120,83,38,36,128,79,75,142,137,28,106,54,96,64,17,85,30,104,31,74,67,123,119,49,69,88,40,2,68,147,47,95,99,148,10,111,66,62,102,122,131,107,35,108,25,44,11,43,70,22,15,5,98,118,133,80,93,24,32,60,61,130,145,81,63,91,45,1,77,13,26,53,100,97,103,57,105,126,141,27,76,0,9,71,149,20,86,136,144,89,127,50,135,114,51,12,87,73,84,140,134,33,29,112,6,117,39,46,139,8,55,132,116,37,21,115,42,4,19,124,41,18,34,90,56,23,7,94,78,101,82,58,113,52,110,125,121,109
146,13,103,72,15,63,14,104,78,81,60,48,120,83,70,36,46,12,75,133,144,8,123,30,96,3,17,27,6,92,126,1,67,82,119,58,142,80,40,38,121,22,76,88,99,140,10,57,74,62,34,122,131,107,138,108,25,44,87,43,23,73,71,101,114,109,64,68,93,7,19,32,149,35,145,136,113,143,45,148,132,18,26,28,53,95,84,42,105,61,141,85,37,0,9,112,52,124,98,49,102,128,127,55,29,24,51,115,111,31,77,5,134,33,66,41,69,59,97,100,139,130,65,86,135,79,21,2,90,4,47,91,54,106,39,11,20,118,50,94,89,56,147,117,16,129,116,137,125,110
114,13,81,66,15,9,14,104,37,79,31,48,120,128,121,78,135,32,22,115,144,118,123,60,96,3,84,49,6,0,75,36,67,130,111,137,142,63,18,39,59,42,82,108,99,140,20,106,74,62,58,38,131,8,122,100,25,87,69,129,109,4,147,19,11,133,5,68,46,7,24,50,91,35,145,98,113,43,45,143,93,132,76,89,44,95,149,17,57,61,141,92,88,34,55,101,41,54,70,23,64,97,80,112,27,127,51,148,21,83,117,12,134,33,53,1,110,107,52,105,139,26,65,86,136,119,102,10,77,29,47,85,16,2,116,90,72,124,126,94,40,56,30,103,146,73,138,71,125,28
114,50,125,92,49,10,48,38,12,68,40,108,47,90,121,146,95,1,22,133,144,118,73,138,96,15,75,44,120,0,116,36,69,41,141,19,62,37,18,8,136,115,82,2,53,110,20,106,74,124,140,139,135,131,58,100,7,87,55,129,142,4,147,80,77,45,5,81,46,9,28,72,76,149,145,104,65,43,34,109,93,113,63,25,97,11,91,70,57,89,98,51,117,6,132,101,30,54,3,84,64,39,105,31,23,137,32,148,35,83,123,128,134,33,56,126,112,107,52,102,88,21,130,86,14,59,60,111,66,29,26,85,143,122,119,13,127,27,79,94,16,71,24,103,61,67,17,42,78,99
75,20,121,72,53,120,48,4,12,90,112,122,84,7,116,25,95,119,23,50,89,85,38,138,117,68,131,60,45,0,132,10,69,87,92,62,44,37,15,8,88,118,127,2,128,110,47,9,3,100,126,17,42,18,31,21,28,147,55,33,54,78,14,80,13,43,26,61,46,111,73,133,1,149,145,104,41,5,105,109,58,113,29,83,97,66,63,56,57,40,98,81,129,6,125,101,146,107,76,144,64,39,36,51,91,137,32,30,35,52,123,135,134,34,59,11,16,148,82,108,130,106,124,70,65,19,74,103,77,93,114,136,143,49,96,141,140,27,79,94,139,71,24,142,115,67,102,22,86,99
49,70,112,40,109,76,136,54,12,3,131,121,84,81,120,72,95,9,60,108,116,50,137,104,117,64,86,19,134,0,132,10,102,1,92,39,44,139,107,75,41,30,142,16,83,53,7,146,77,11,126,17,106,65,133,21,28,147,55,33,36,73,96,8,13,149,38,74,23,111,34,135,45,119,63,80,58,31,105,43,78,101,29,99,57,66,15,56,20,115,98,148,129,42,68,4,71,125,25,144,88,61,27,51,62,69,130,47,35,52,123,2,46,89,26,59,14,127,82,18,138,122,124,48,113,140,90,103,5,93,114,79,143,128,100,141,85,91,110,94,22,97,6,145,32,67,87,24,37,118
7,2,149,120,42,146,52,54,9,118,83,125,84,1,67,16,137,116,60,108,11,63,122,81,102,77,18,55,90,134,44,10,136,27,31,39,127,74,37,85,61,30,117,148,15,12,47,38,4,110,126,49,0,87,91,21,28,147,124,71,36,73,92,26,78,100,17,93,23,64,121,135,140,119,59,35,5,132,24,139,45,8,29,72,57,33,145,56,103,115,106,96,129,53,43,75,99,58,25,144,88,65,95,51,62,69,80,66,13,107,123,14,46,89,105,94,143,131,82,50,113,19,40,48,98,101,133,70,142,112,114,79,68,3,20,104,109,34,141,130,22,97,6,76,32,138,41,86,128,111
111,2,3,67,142,72,46,16,9,101,98,125,84,136,143,122,137,61,12,32,11,66,130,81,102,71,18,74,90,134,25,96,51,27,21,39,127,78,26,93,4,30,10,148,37,49,20,15,59,76,126,0,65,87,44,73,28,119,124,109,100,89,79,5,123,138,41,42,23,92,86,33,140,35,70,22,40,110,139,64,45,8,36,55,131,17,145,141,103,48,24,7,129,53,113,75,80,58,146,144,99,108,52,149,62,31,97,121,13,107,63,14,1,117,77,94,133,120,57,68,38,135,43,132,85,105,54,60,34,47,147,115,69,95,114,104,83,128,116,50,118,56,6,29,19,88,106,82,112,91
111,2,71,94,74,144,77,128,16,46,85,125,147,136,93,67,137,59,86,31,11,75,130,119,43,127,1,88,90,66,25,96,126,102,7,36,131,78,6,0,84,124,10,118,49,38,20,23,107,24,95,108,55,87,120,73,45,132,129,109,58,89,99,104,27,138,100,42,141,92,51,79,4,35,53,22,40,32,110,64,113,28,54,18,30,117,97,52,14,26,56,57,103,80,47,81,133,149,146,39,121,12,148,33,62,34,145,122,13,76,37,60,140,98,134,83,135,50,142,68,5,41,61,48,8,63,123,65,44,9,21,115,69,143,114,70,105,3,116,101,72,15,139,29,19,17,106,82,112,91
47,98,110,71,115,37,25,128,16,46,85,116,147,136,91,67,106,9,58,103,72,75,93,119,134,127,1,88,139,82,86,96,14,92,90,114,131,59,66,108,118,142,30,26,49,32,84,13,43,24,123,28,60,137,120,52,45,132,39,51,61,89,74,19,27,29,146,73,141,12,149,41,95,113,107,22,125,138,64,112,104,145,54,31,35,117,122,55,7,56,4,130,80,129,48,81,63,87,57,76,5,36,148,33,50,97,21,78,2,53,99,10,111,100,23,83,135,109,77,6,0,133,79,126,8,42,40,65,44,94,140,121,102,105,69,70,144,3,20,101,143,15,124,34,68,17,62,11,38,18
47,98,87,142,113,116,6,70,85,132,23,119,35,136,91,124,138,9,115,1,67,42,93,71,134,127,45,39,110,123,66,118,147,14,107,114,33,84,125,74,10,17,102,26,52,32,101,13,126,106,51,128,59,137,76,36,92,58,143,62,61,89,49,88,27,129,146,34,141,56,38,40,95,120,135,2,75,25,64,112,12,145,86,28,55,79,16,108,37,83,104,100,77,43,48,4,3,149,65,29,5,57,139,30,50,97,140,78,31,24,46,54,111,82,130,7,81,131,90,53,0,109,105,18,8,133,96,69,44,94,21,121,103,73,122,148,144,80,20,22,41,15,72,99,68,19,63,11,117,60
0,98,110,142,83,116,66,9,149,75,68,143,101,40,37,16,138,31,91,52,114,19,72,109,76,85,62,39,102,95,34,29,30,50,128,131,42,73,81,118,10,121,145,77,132,23,20,27,69,106,6,94,13,59,125,36,89,58,105,47,135,92,49,115,35,129,119,93,141,56,38,65,41,26,112,64,117,25,5,139,70,57,86,28,137,79,44,108,53,88,104,87,84,43,48,4,3,63,1,7,111,130,14,136,45,97,51,78,8,24,46,100,33,32,22,107,124,147,21,12,54,127,2,18,55,146,96,113,74,90,120,133,103,140,122,148,144,80,61,60,126,15,17,99,82,134,67,11,71,123
124,12,22,115,91,142,66,9,108,112,42,10,140,30,72,73,110,134,17,138,114,19,141,34,15,21,62,90,102,95,75,14,49,136,37,50,116,83,24,145,126,97,104,77,121,23,20,27,69,65,6,82,13,40,125,1,89,127,105,68,135,92,79,46,81,101,33,99,137,56,38,58,148,93,113,128,117,70,39,43,143,57,86,109,122,54,59,76,53,74,63,80,100,41,64,4,133,130,78,48,11,132,119,26,3,131,51,7,139,88,118,16,29,8,31,107,52,111,47,45,25,149,84,18,55,146,96,129,94,98,36,32,103,87,0,147,144,106,61,60,85,28,2,44,71,35,67,120,5,123
110,12,7,115,14,32,24,136,72,27,36,122,41,66,93,92,143,134,17,138,90,86,141,100,102,64,62,23,19,58,91,63,78,85,139,133,39,129,13,145,71,97,96,16,103,142,55,131,105,65,6,53,77,20,125,89,31,127,9,47,135,15,5,124,81,30,82,54,113,56,38,67,148,112,104,46,111,57,29,43,40,87,128,109,99,130,22,126,61,74,75,80,3,106,118,4,69,37,108,48,11,79,121,73,98,137,45,114,101,88,21,26,42,68,0,107,10,116,51,33,25,149,70,34,2,146,119,1,94,59,83,84,18,8,120,147,144,132,76,60,50,28,49,44,140,35,95,117,52,123
69,12,7,115,39,77,105,136,148,141,4,130,18,124,93,92,118,134,31,99,90,120,137,100,3,44,28,23,19,49,66,62,81,75,140,108,126,129,9,145,74,117,52,110,64,85,122,98,20,147,42,53,5,109,1,16,87,127,132,65,135,15,2,41,91,123,133,14,113,59,10,114,47,61,104,36,111,149,67,43,97,55,128,11,0,70,22,56,45,82,71,46,32,106,72,86,76,143,6,48,30,79,17,73,78,96,146,103,112,88,68,33,37,26,35,107,54,58,51,131,25,121,116,34,57,27,83,50,94,139,21,84,80,8,40,119,144,138,142,60,101,29,13,102,89,125,95,38,24,63
19,4,97,52,39,98,105,32,148,73,2,117,132,7,68,55,29,81,12,14,90,120,94,100,135,78,111,66,77,41,54,62,115,36,140,101,114,129,85,104,79,22,141,47,110,136,133,40,49,53,46,51,116,109,87,106,20,23,24,65,17,9,15,107,91,123,16,28,113,74,60,56,75,61,31,26,71,149,143,43,34,93,82,108,0,35,13,146,45,118,3,119,21,44,134,86,99,76,6,48,30,42,70,102,128,96,144,25,112,88,11,33,37,147,64,92,103,58,122,59,1,27,83,10,57,67,69,50,72,139,124,84,18,8,131,130,145,121,142,137,89,80,63,127,5,125,95,38,126,138
89,4,9,10,39,13,52,84,95,149,2,117,34,7,68,98,29,105,47,14,88,120,116,100,135,129,111,43,136,41,54,134,101,16,109,124,78,44,141,94,79,138,1,137,113,86,70,40,91,67,23,33,97,126,65,142,20,108,24,93,45,121,15,107,6,123,64,17,144,74,69,133,59,61,26,36,71,63,50,46,12,110,82,51,132,37,49,31,106,145,73,21,104,140,60,48,99,76,90,85,30,122,53,5,114,96,35,75,119,115,128,28,118,112,18,92,103,58,32,148,125,146,83,38,57,25,62,27,72,42,127,143,81,8,131,22,3,0,147,66,55,80,87,11,139,130,102,19,56,77
89,108,3,10,93,134,147,84,73,109,148,49,100,21,18,102,97,106,47,80,88,4,116,30,135,56,132,138,112,43,114,27,101,131,143,74,50,141,103,72,86,16,96,137,113,40,45,13,91,54,38,33,58,17,81,75,20,61,5,22,66,121,15,107,129,94,68,87,144,69,55,1,11,37,26,36,71,63,117,123,51,110,82,142,31,2,79,48,46,145,99,70,104,59,60,23,76,133,90,14,126,122,83,64,44,35,130,53,119,136,128,28,118,85,19,92,25,7,149,39,78,146,139,95,105,29,41,111,9,42,127,77,52,8,120,24,12,0,140,57,65,32,124,34,67,98,62,115,125,6
145,67,125,33,2,134,103,73,143,129,121,26,144,148,18,110,97,21,47,94,109,86,66,107,38,56,132,138,105,142,127,50,114,131,8,74,46,141,75,10,116,79,54,137,113,115,45,133,72,80,60,0,58,68,90,102,120,25,5,22,9,3,89,23,62,15,104,16,69,135,55,61,11,122,93,36,1,7,27,77,81,71,82,124,31,65,83,85,123,49,96,70,140,59,92,37,76,43,149,14,126,34,78,40,12,35,130,20,119,136,128,28,118,4,19,99,44,84,146,41,95,106,100,101,57,29,108,111,32,42,51,91,6,88,98,24,139,64,13,48,117,53,39,63,30,147,52,87,112,17
126,77,148,32,90,27,50,1,24,19,37,75,59,129,58,3,145,38,47,94,146,52,66,114,112,67,132,7,6,84,98,149,70,131,51,31,26,107,108,10,116,118,54,103,81,109,45,147,124,80,138,0,48,110,117,91,73,113,97,22,49,120,96,5,62,15,44,16,89,4,55,61,115,18,128,36,122,88,33,92,93,71,63,137,133,65,83,85,78,74,29,125,56,134,8,102,140,11,2,21,72,34,23,40,12,60,130,127,136,121,68,69,20,76,142,99,105,119,135,41,95,106,100,123,57,104,46,111,14,42,144,43,86,39,28,79,9,64,13,87,141,143,53,139,30,82,35,25,101,17
26,141,62,135,4,74,23,90,24,15,110,140,92,96,81,53,114,38,124,32,104,148,66,83,94,67,132,113,6,48,78,149,91,131,70,143,54,21,108,9,71,10,34,103,55,129,47,49,27,145,138,3,105,115,98,127,73,116,25,22,16,120,130,5,107,97,51,117,58,118,40,61,101,18,50,31,44,88,33,59,123,122,63,41,89,134,37,112,128,87,28,7,56,139,43,1,137,11,146,30,72,65,125,52,13,60,100,80,136,121,46,69,20,76,142,99,85,109,144,19,95,106,68,2,36,82,75,77,14,42,0,39,84,133,111,93,119,64,126,147,8,45,102,29,79,86,35,12,57,17
90,103,23,37,24,74,143,145,75,15,86,140,18,96,81,43,116,89,5,106,104,111,66,29,102,61,70,54,141,138,135,77,91,87,8,118,147,3,108,9,76,130,100,13,55,121,84,49,131,35,107,52,62,67,120,127,73,114,25,34,16,32,83,44,98,97,0,125,58,72,40,79,101,144,30,1,124,22,33,117,123,115,63,41,20,10,95,4,78,88,112,6,56,94,27,136,137,11,146,46,139,133,99,149,132,59,51,80,60,36,26,69,68,148,134,105,85,109,7,19,122,28,110,2,119,64,17,82,48,42,92,39,126,50,31,93,71,12,38,57,142,45,113,53,47,128,21,65,129,14
21,100,23,37,106,88,144,142,112,130,78,140,143,110,121,31,71,89,5,51,30,111,86,13,27,36,70,59,141,101,124,77,113,116,8,75,147,63,81,108,97,133,57,1,138,56,15,14,131,45,107,52,146,67,118,39,73,38,25,44,99,2,83,122,0,49,9,66,19,72,50,102,4,148,62,93,80,127,33,117,123,115,103,55,20,34,84,69,91,42,28,79,129,82,120,90,136,94,92,85,114,74,105,11,6,41,96,61,60,16,26,58,68,40,134,132,29,109,22,95,10,137,32,125,119,64,17,24,48,128,135,139,126,18,35,3,104,12,7,87,98,145,46,53,47,43,149,65,76,54
40,108,121,37,127,102,130,66,112,87,55,83,97,110,114,61,53,7,5,15,118,67,65,137,29,36,70,88,71,101,124,38,113,51,133,27,147,63,115,0,111,33,48,1,68,138,50,144,74,109,100,96,8,24,117,54,76,13,25,46,56,2,92,122,93,49,91,98,19,143,119,18,90,148,44,136,28,64,85,134,123,142,21,41,105,34,84,69,10,86,95,129,140,82,120,141,9,94,149,89,77,73,146,31,43,58,78,6,11,103,26,125,62,128,59,132,14,80,22,20,131,81,32,57,23,45,17,99,39,72,135,106,126,107,35,3,104,12,79,52,139,145,42,4,47,116,30,16,75,60
40,98,15,81,82,14,115,140,112,87,60,7,45,110,114,125,69,90,5,50,120,2,57,83,121,102,119,88,24,100,116,38,53,51,139,134,70,135,63,37,111,33,142,36,127,138,75,144,108,109,133,84,128,137,74,0,32,113,25,71,80,79,92,85,43,21,91,8,19,46,106,11,56,148,117,136,101,64,126,130,123,55,6,48,105,1,131,132,10,72,95,34,20,77,18,141,67,94,149,13,4,73,146,31,26,129,104,78,28,103,89,44,42,122,27,93,16,35,47,12,68,49,58,22,23,41,147,65,39,17,59,76,86,29,97,3,96,66,9,52,118,145,99,143,124,62,30,107,61,54
56,111,114,15,82,105,115,140,7,36,147,23,96,51,43,125,49,10,5,83,120,46,141,144,57,45,142,88,44,70,35,38,126,32,95,134,2,131,63,37,8,33,47,81,74,87,75,1,69,102,109,91,84,137,103,100,119,79,21,26,143,90,86,85,30,135,28,93,113,20,106,54,89,148,117,18,40,64,66,52,127,55,124,48,0,133,145,112,139,110,72,11,136,9,4,92,67,94,149,19,50,73,146,31,121,129,53,71,62,132,14,78,42,122,99,22,104,98,107,12,17,6,58,25,59,41,68,101,39,27,80,138,29,60,97,3,77,108,16,24,118,130,116,128,65,34,13,76,61,123
56,12,107,109,59,34,119,69,17,85,121,18,96,15,43,125,49,10,5,83,27,46,28,144,55,108,29,92,44,70,14,81,41,102,88,57,75,104,63,37,40,33,123,60,101,2,77,74,7,87,11,31,71,124,103,67,20,25,21,131,138,95,142,111,89,135,38,93,105,126,147,23,3,9,100,24,143,86,110,113,127,145,149,130,84,133,0,48,139,90,72,32,136,117,4,52,64,118,79,35,73,129,141,94,53,6,106,112,62,132,39,54,42,122,99,134,82,98,22,36,76,115,47,51,66,140,68,97,19,78,80,120,146,45,58,137,1,91,16,26,8,30,116,50,65,114,13,128,61,148
61,12,135,109,143,122,128,69,36,85,54,127,96,20,43,94,49,32,92,83,66,47,140,125,55,1,115,33,23,104,89,81,41,123,88,56,118,42,117,124,40,98,18,60,111,76,77,93,7,21,27,30,82,74,99,132,103,25,63,139,138,3,142,15,65,112,38,67,8,126,131,34,105,9,31,37,84,86,110,45,58,91,101,130,35,134,48,116,29,90,72,46,136,97,4,146,24,120,79,16,133,11,141,137,52,6,106,149,87,71,73,53,57,50,68,113,14,70,22,75,144,17,102,0,59,62,2,10,19,13,80,114,39,44,107,100,64,147,129,26,108,5,78,28,119,145,95,121,51,148
61,31,43,109,143,80,92,83,85,79,8,127,77,24,115,71,49,89,34,102,58,47,140,70,55,23,52,111,64,104,145,82,41,15,99,103,108,113,120,98,88,13,18,60,124,76,96,118,30,21,139,106,20,91,57,132,27,4,63,142,133,114,14,126,25,137,122,125,121,42,26,97,105,9,53,37,128,86,146,29,5,46,69,138,56,22,32,116,59,90,35,110,134,78,48,39,112,117,135,16,94,11,141,50,101,6,66,72,87,74,123,3,136,44,73,100,54,51,130,75,144,17,38,0,107,84,2,81,19,33,1,147,149,10,45,36,7,67,129,93,65,68,12,28,119,131,95,40,62,148
72,136,25,109,58,111,117,128,96,138,41,127,77,76,115,71,43,26,91,53,11,34,140,102,55,60,52,105,68,44,37,82,31,42,16,103,39,113,129,142,137,88,18,56,67,108,49,45,30,143,59,110,64,116,74,132,106,75,63,89,133,114,144,47,50,81,126,36,90,13,100,97,121,125,120,70,85,86,146,23,65,46,69,131,8,22,98,73,87,10,112,33,134,6,48,61,29,119,62,84,94,0,141,83,101,99,149,66,104,28,57,3,79,122,80,40,32,17,54,92,4,20,123,118,107,9,2,51,19,147,1,124,5,27,15,21,7,38,24,93,14,145,12,35,139,130,95,135,78,148
145,96,76,23,58,61,124,20,8,110,41,26,77,59,115,121,43,50,31,85,87,102,125,2,55,29,52,131,14,44,37,24,103,32,139,140,60,113,147,88,0,114,5,39,69,18,49,45,70,143,126,56,122,116,111,91,106,62,38,72,109,127,7,133,63,81,30,98,100,13,129,112,82,99,135,117,137,28,146,54,92,42,16,93,75,97,9,94,141,10,123,33,12,46,48,6,25,119,64,84,101,47,86,57,89,53,149,22,104,19,80,83,79,138,108,40,67,17,35,34,4,74,3,118,107,71,134,51,36,128,1,15,66,132,73,21,68,144,120,136,27,142,105,90,65,130,95,11,78,148
132,146,76,100,17,119,131,47,134,148,135,147,77,120,109,121,43,3,107,94,127,51,138,2,55,59,18,125,37,38,101,103,102,34,39,108,60,7,42,113,61,58,5,78,69,26,22,63,106,96,70,56,122,44,20,144,30,75,124,67,130,29,25,50,4,81,36,98,45,31,88,112,82,41,52,142,137,28,111,12,92,14,16,117,139,97,105,9,141,10,74,33,32,24,48,62,49,123,21,93,23,118,86,57,89,53,149,87,0,19,80,99,79,64,13,129,72,115,35,91,85,46,6,40,8,110,54,66,95,128,1,15,84,27,140,133,71,65,145,136,126,143,104,90,116,11,73,68,114,83
102,39,86,120,17,46,131,47,15,110,5,116,133,124,109,144,56,24,84,94,31,51,138,2,55,89,21,41,104,122,101,97,79,125,146,108,60,7,10,113,140,58,68,45,37,82,118,137,148,50,128,13,59,44,121,49,30,26,90,33,136,135,25,126,132,80,75,20,78,81,88,64,123,6,52,16,71,28,29,106,92,115,91,73,139,36,77,9,127,143,147,14,95,149,93,62,67,22,111,70,23,65,34,98,142,53,43,35,141,19,107,99,105,87,48,129,72,134,40,63,57,76,69,83,8,103,54,66,61,85,1,38,32,27,3,130,42,100,145,119,4,117,74,18,12,96,0,112,114,11
5,39,76,18,122,6,131,1,132,93,119,17,111,129,36,144,56,61,73,20,137,97,112,74,55,141,28,41,130,46,101,147,31,15,2,108,60,7,138,113,140,83,68,82,16,43,118,4,148,100,51,44,59,40,14,37,92,26,90,32,136,12,25,66,11,143,69,104,52,81,10,75,128,24,64,45,142,8,0,87,80,79,91,127,139,89,95,65,49,114,121,107,53,47,84,134,116,22,33,70,23,124,29,98,115,54,71,133,94,35,123,99,105,58,145,126,72,86,50,63,57,103,135,19,21,146,62,102,110,85,67,38,106,27,3,96,42,13,30,48,34,117,109,78,149,125,120,9,77,88
5,79,139,18,122,17,82,43,73,131,119,25,111,130,42,56,138,87,95,3,60,64,37,85,46,141,58,51,84,74,67,57,33,145,2,108,83,7,120,113,65,147,22,9,135,146,118,4,129,128,137,44,93,11,14,68,117,19,53,32,142,10,148,66,144,48,115,23,52,62,8,1,126,136,140,36,70,41,13,20,30,75,76,127,27,89,47,105,49,55,121,112,96,15,24,110,116,59,114,88,69,16,63,98,104,6,71,133,45,91,123,99,35,92,0,100,72,12,50,21,90,103,39,81,101,143,97,102,132,107,109,38,106,31,134,29,40,54,28,61,34,26,124,78,149,125,86,80,77,94
140,27,33,114,7,17,91,97,9,109,79,141,28,15,25,56,117,116,95,3,115,64,37,112,44,145,78,85,18,139,20,57,29,75,2,126,36,16,120,0,46,108,5,10,58,136,48,127,74,128,60,26,6,11,14,23,147,119,53,32,49,19,148,30,138,45,68,41,52,22,8,137,77,118,122,104,70,90,129,76,84,132,135,113,38,86,131,34,87,111,121,133,93,4,66,110,83,65,88,144,69,94,63,98,92,130,71,1,146,13,123,73,35,62,100,102,47,12,59,105,31,54,43,81,82,143,103,89,101,107,99,51,106,39,134,24,40,42,142,61,67,72,124,50,149,125,96,80,21,55
60,27,33,77,94,17,72,140,20,49,79,115,12,85,28,26,2,56,147,89,42,139,37,112,44,145,130,118,113,102,126,136,29,75,16,103,149,78,111,24,47,142,46,10,0,58,35,127,74,87,135,3,1,11,117,122,138,34,53,32,65,101,64,104,105,137,68,41,98,108,14,54,25,144,143,8,70,7,129,13,90,84,107,125,132,109,124,59,5,99,121,133,93,4,66,110,83,62,88,106,114,148,63,69,36,23,71,9,134,67,81,73,15,30,100,120,76,51,6,116,31,97,43,86,82,141,131,18,48,92,95,128,57,146,96,45,123,40,38,91,39,55,19,50,22,119,52,80,21,61
55,43,37,53,94,17,61,140,20,56,137,74,12,85,32,26,49,24,147,28,42,139,83,98,29,81,39,87,108,102,126,136,58,41,3,103,134,34,82,104,79,66,146,10,117,95,115,127,118,73,131,19,4,2,5,122,138,47,123,64,35,8,124,88,40,77,68,106,71,130,14,1,25,141,109,70,54,7,60,100,97,6,16,107,132,92,86,59,96,99,48,36,65,22,114,135,13,84,129,78,144,148,112,69,89,23,149,9,11,46,133,62,44,93,72,120,76,51,142,75,15,27,116,91,67,145,31,18,111,143,90,128,57,0,125,121,30,119,101,63,45,80,113,50,38,110,52,33,21,105
104,43,126,28,58,17,25,42,107,33,137,74,16,62,147,111,60,101,0,113,22,80,7,73,99,81,37,76,19,47,55,78,53,85,3,125,134,34,105,11,79,66,10,149,117,139,112,127,118,24,38,140,57,51,5,94,12,77,123,32,35,56,30,95,40,15,68,2,72,96,14,143,92,98,50,39,54,130,119,100,145,82,93,70,108,13,86,61,109,49,48,36,20,102,26,41,115,138,6,65,144,141,27,69,114,23,21,9,135,46,133,75,136,120,1,121,146,88,142,124,110,29,87,91,67,116,59,18,31,106,90,128,71,84,63,4,8,131,148,83,45,89,122,103,132,129,52,64,44,97
104,135,126,10,90,17,31,147,93,76,137,110,16,62,128,111,60,109,127,113,33,121,7,55,81,131,37,38,136,47,105,145,6,138,36,46,20,34,67,123,85,50,45,87,5,56,148,139,118,92,28,21,77,120,40,3,12,26,112,32,35,61,30,95,57,15,106,2,101,96,134,24,125,149,48,14,54,19,41,100,63,82,66,70,22,133,49,119,52,9,51,65,132,99,94,58,115,44,13,140,107,141,27,97,114,23,74,11,78,130,72,91,68,84,1,88,71,143,142,73,43,29,39,83,129,25,98,18,146,79,144,102,8,86,4,117,116,59,42,69,80,89,53,103,124,108,122,64,75,0
16,24,126,81,90,132,13,147,49,76,137,92,34,62,87,149,136,109,104,121,33,110,7,45,19,66,37,38,140,131,58,14,6,141,36,32,139,63,0,111,85,48,117,93,101,116,120,82,118,50,145,123,77,28,89,52,80,142,94,8,35,55,30,78,115,23,59,134,106,61,42,99,125,4,26,105,124,72,2,143,67,114,46,54,22,31,27,119,133,9,51,102,21,56,17,84,130,44,65,57,40,128,20,97,10,69,74,95,148,98,11,127,68,112,1,15,71,5,86,73,43,29,39,47,91,107,129,18,146,64,113,79,138,100,144,70,60,88,41,135,103,3,53,96,108,83,122,12,75,25
16,24,126,81,90,132,57,147,79,34,45,92,21,97,2,15,66,85,96,77,48,110,91,114,19,112,52,13,78,18,98,71,58,141,122,20,35,10,107,73,32,83,149,29,104,123,61,82,108,105,134,100,40,28,4,30,68,142,76,49,138,43,65,36,115,72,59,136,106,0,117,137,125,37,120,8,102,60,39,116,67,74,56,113,22,26,27,121,88,9,87,46,139,124,17,84,130,44,89,111,119,128,86,55,144,69,146,118,148,51,133,127,101,80,99,7,109,31,23,64,6,95,93,47,145,1,129,53,50,14,5,12,135,63,94,70,131,140,41,62,103,3,33,38,143,42,54,11,75,25
139,68,126,81,50,132,145,124,51,34,134,49,21,2,25,24,57,138,63,77,27,54,108,96,133,98,128,13,78,1,38,107,33,141,122,20,99,87,112,65,88,83,149,29,58,129,101,142,35,105,135,100,16,28,48,44,118,94,143,37,144,114,12,36,119,86,19,15,106,123,121,79,102,127,120,64,10,109,39,110,67,61,75,136,22,26,103,104,32,9,91,147,116,148,17,84,72,74,59,111,90,52,89,69,31,55,40,97,85,71,93,125,46,80,130,117,131,41,23,0,92,95,73,47,18,8,113,53,30,4,6,60,43,137,11,70,7,140,14,62,45,3,5,66,146,42,76,115,56,82
146,68,15,25,50,122,145,140,32,56,86,43,21,22,97,24,45,116,63,81,27,54,47,147,92,141,13,52,78,16,38,67,70,119,42,132,143,49,99,82,88,83,135,105,58,64,101,12,35,48,139,100,90,28,85,134,136,115,1,142,144,7,65,36,29,102,110,6,103,8,33,96,109,125,79,66,10,133,39,98,11,61,117,113,5,118,57,104,124,19,95,20,31,148,23,84,72,14,131,114,91,3,89,69,59,55,2,129,138,87,93,149,26,80,126,111,108,41,123,107,121,71,0,77,18,74,94,73,30,4,53,60,128,106,130,37,17,112,40,62,34,127,46,51,120,9,76,44,137,75
117,68,119,8,130,122,133,39,144,82,136,32,105,11,97,21,24,63,131,81,15,49,47,147,28,73,95,103,141,10,16,92,70,67,91,102,145,98,35,60,120,20,135,134,58,29,79,12,78,22,43,140,42,146,85,107,99,50,48,55,17,123,114,132,115,45,86,46,61,5,88,96,33,125,137,66,52,13,109,54,62,44,108,113,72,118,57,104,124,0,100,1,31,18,23,34,127,27,110,38,129,3,89,126,59,56,2,142,139,87,138,75,80,14,83,111,37,148,128,65,121,71,26,77,19,74,90,69,30,4,53,116,7,106,149,94,41,112,64,143,36,40,6,93,101,9,76,84,51,25
135,68,119,53,117,122,60,14,95,85,136,38,142,137,17,21,24,94,131,26,15,140,69,115,0,73,90,121,141,1,74,80,111,148,11,28,5,20,35,116,114,144,27,104,59,61,128,22,54,124,43,37,8,134,25,112,99,123,48,55,139,147,16,64,91,36,47,46,77,67,88,18,33,92,62,130,56,81,39,66,98,44,133,149,72,125,57,103,41,3,96,70,31,58,109,34,78,79,102,40,129,110,89,126,83,4,63,23,49,65,138,75,82,42,50,32,84,146,108,10,105,71,86,29,19,52,113,7,30,87,13,120,101,106,132,107,118,45,97,143,12,2,6,93,145,9,76,127,51,100
135,46,58,133,117,134,127,88,38,85,136,120,96,13,74,17,55,63,21,137,19,140,69,50,24,91,9,66,64,53,93,143,68,73,78,148,18,4,90,111,114,6,119,104,130,145,95,44,54,124,23,14,2,65,25,112,27,123,62,99,28,121,94,26,52,132,5,35,82,40,61,109,31,122,22,34,115,81,125,8,11,107,59,149,72,128,37,103,144,33,67,70,57,139,7,20,84,43,0,92,129,110,141,126,83,76,102,77,116,42,138,75,47,89,147,32,80,146,108,10,105,71,86,29,98,48,16,3,30,131,118,113,101,87,41,39,142,45,36,15,12,79,106,1,56,49,60,97,51,100
39,46,58,56,97,139,0,67,94,22,14,3,54,13,74,17,55,19,21,137,60,140,69,102,24,48,9,133,2,53,28,134,127,41,78,57,121,123,66,111,87,132,82,105,130,143,76,88,148,125,136,83,141,65,110,112,1,146,49,92,73,12,27,96,61,4,5,35,128,104,26,50,31,116,42,34,103,81,124,8,11,44,135,115,20,91,84,18,77,33,145,15,95,30,7,85,114,43,117,40,47,120,142,126,10,99,63,45,59,36,138,119,52,129,147,32,80,62,72,29,106,25,86,118,107,98,38,70,144,131,68,64,101,108,16,37,149,89,93,75,71,109,113,90,6,79,23,122,51,100
134,16,9,89,93,46,36,107,0,22,14,5,88,13,74,7,55,41,51,28,94,47,45,102,11,114,132,120,105,77,139,57,20,130,78,31,98,39,66,111,56,10,91,73,50,143,76,72,81,125,136,144,95,65,69,137,60,53,115,63,140,1,27,96,61,4,32,123,128,101,48,110,54,116,145,79,103,44,90,8,15,126,135,12,17,19,84,29,52,133,25,24,141,97,146,85,100,117,2,148,142,112,75,58,49,40,68,35,59,82,138,119,86,121,149,33,80,62,83,34,106,43,127,64,99,129,42,70,23,131,18,67,30,87,109,37,108,124,147,21,71,38,113,3,6,118,104,122,92,26
149,16,33,89,120,70,72,107,41,122,79,5,142,93,74,115,102,69,14,28,94,80,45,55,104,114,60,6,105,20,0,57,65,15,29,22,98,39,34,111,134,10,91,73,77,49,27,86,52,131,116,9,30,67,66,124,103,53,48,143,81,109,147,37,132,108,99,123,128,40,136,110,54,85,145,31,4,44,32,8,97,130,118,88,7,58,100,2,76,1,126,129,141,51,13,63,139,83,95,71,42,112,75,35,133,96,12,61,59,3,25,119,78,121,138,87,101,137,140,148,50,43,127,47,64,68,11,82,146,106,18,17,135,117,125,144,62,19,46,90,36,38,113,21,84,24,23,56,92,26
149,16,81,73,59,70,45,107,146,122,79,131,54,6,112,115,89,119,14,38,94,13,120,55,106,114,9,33,105,69,136,133,101,18,29,82,140,40,26,87,58,10,128,78,77,31,0,95,127,67,52,1,30,74,2,110,41,47,84,39,85,37,3,64,102,66,103,118,24,5,49,98,96,123,145,104,111,50,32,129,132,130,57,88,7,99,23,53,62,139,126,11,121,86,65,4,22,83,142,71,124,51,75,35,61,148,147,97,42,60,48,76,20,141,138,113,72,137,15,12,134,43,8,80,63,68,108,116,109,44,56,17,135,117,125,144,25,19,46,90,100,36,92,93,91,27,28,34,21,143
43,20,81,46,68,25,26,53,125,133,119,107,10,59,144,115,109,75,14,38,94,13,120,47,100,114,9,3,5,69,121,79,101,134,92,11,64,146,17,7,23,33,104,143,37,31,136,138,61,63,16,1,85,105,2,110,82,118,57,99,116,56,78,93,127,74,102,21,66,108,41,22,39,123,128,54,111,50,32,129,12,130,51,18,6,73,145,62,58,139,126,28,0,86,96,95,4,83,142,112,49,103,29,35,48,65,147,30,77,67,106,76,140,141,88,113,72,137,15,19,97,132,8,98,71,44,89,70,122,40,84,148,135,45,60,117,91,55,52,90,80,149,87,42,24,124,36,34,131,27
77,139,81,46,7,107,26,43,121,112,61,4,59,19,102,50,27,68,100,69,15,22,48,67,34,114,0,126,137,41,80,79,57,73,133,63,14,42,23,31,95,54,122,143,134,10,70,138,66,125,108,20,53,37,120,146,82,118,115,148,116,72,78,99,127,92,11,93,145,5,76,2,39,123,128,1,111,9,38,16,89,130,51,18,3,24,74,62,58,36,17,28,105,147,142,35,56,83,103,109,49,110,52,144,131,101,33,129,132,136,106,119,64,141,149,113,47,40,25,45,12,55,29,98,71,44,30,75,8,86,84,140,135,13,60,117,91,32,97,90,96,88,87,6,85,124,21,94,65,104
77,59,45,80,14,94,145,43,121,91,61,83,88,66,102,50,27,19,137,112,31,114,36,67,82,105,51,126,79,41,21,18,57,73,64,63,56,47,90,104,120,6,52,7,98,119,106,138,38,17,74,68,92,37,16,70,60,1,115,127,8,146,149,99,48,110,11,93,109,117,30,85,136,124,128,42,111,9,78,122,140,130,76,54,40,108,87,62,55,133,118,28,2,97,142,143,101,29,103,24,34,0,89,12,131,49,33,129,132,22,96,107,95,125,23,139,15,46,25,81,147,10,26,134,144,44,84,75,32,86,20,5,135,13,39,116,123,141,4,100,69,35,3,148,53,71,113,58,65,72
42,36,62,103,4,94,20,112,29,54,143,27,73,66,102,138,30,48,123,137,121,76,45,67,11,130,51,126,65,32,8,125,0,89,68,63,79,119,37,104,23,1,52,7,10,114,19,129,64,25,106,55,95,92,43,107,60,47,28,96,17,108,149,99,110,134,61,147,109,34,40,85,136,124,88,6,111,9,13,122,15,91,38,113,70,140,87,21,83,117,118,5,100,97,142,78,56,75,139,77,50,101,90,39,131,93,33,26,132,16,80,146,144,128,24,72,81,46,86,145,127,115,22,120,41,44,84,14,69,98,31,12,135,74,35,116,133,141,49,82,18,105,3,148,53,71,2,58,59,57
126,50,11,112,4,66,20,14,90,108,40,145,73,26,102,52,3,86,38,93,121,18,8,1,36,72,106,27,65,88,44,125,9,118,51,138,13,137,77,142,45,110,35,7,16,114,149,54,46,33,30,55,95,17,144,57,60,47,28,34,76,97,42,89,67,21,75,146,61,41,128,127,99,124,92,6,130,48,82,94,15,91,107,113,63,140,87,132,143,117,5,25,100,109,23,78,56,74,29,85,122,49,43,39,131,104,31,101,10,148,80,64,32,69,24,22,81,70,0,129,103,98,79,120,83,68,115,123,136,147,105,12,37,84,135,116,111,141,134,119,96,53,62,139,19,71,2,58,59,133
53,50,144,112,4,21,20,76,90,6,143,47,73,3,68,52,55,19,38,41,86,18,126,27,116,123,135,89,149,28,132,125,9,142,82,138,42,148,77,24,44,11,96,7,122,14,124,114,15,33,8,17,146,30,64,87,66,118,65,83,95,107,43,58,69,94,100,37,16,60,117,80,1,128,92,127,85,72,2,108,145,91,46,25,63,140,147,78,48,67,102,79,23,137,40,134,56,12,29,57,93,49,74,54,131,36,0,26,10,109,130,129,32,75,13,22,81,70,34,35,103,98,121,120,45,104,115,110,139,133,105,61,51,84,106,88,31,141,99,119,136,113,62,39,111,71,101,5,97,59
10,14,19,3,56,21,20,76,118,6,95,47,122,52,78,99,55,24,38,41,45,18,126,79,100,137,146,15,30,136,61,125,132,124,82,138,97,148,54,13,57,11,98,7,8,123,103,26,53,22,0,68,139,33,64,119,131,133,65,12,130,49,40,149,69,94,63,85,75,2,87,59,77,128,92,74,27,117,142,108,143,71,46,134,116,93,28,83,48,31,51,145,23,66,147,43,89,141,29,80,60,105,113,58,127,36,4,5,102,109,114,81,32,1,144,91,121,70,34,35,67,129,86,96,25,104,115,9,17,73,90,84,106,107,72,88,140,62,120,37,101,110,44,39,111,135,112,16,42,50
10,142,66,3,56,76,138,141,146,88,95,9,122,133,5,44,8,85,68,28,67,72,131,79,132,137,139,57,30,11,61,43,51,124,73,27,97,46,145,20,21,147,26,107,18,123,19,7,35,1,0,69,135,106,87,103,134,59,65,12,130,96,111,37,149,94,63,14,75,2,115,53,77,120,128,104,41,144,113,82,143,108,45,40,13,93,49,83,126,31,89,148,101,71,98,81,100,118,70,127,60,105,64,58,50,36,4,39,80,109,117,54,32,74,15,129,121,92,55,114,23,16,29,33,136,102,78,6,17,38,90,125,119,34,116,91,140,22,84,99,62,86,110,47,25,24,112,48,42,52
52,40,66,20,104,116,5,65,50,88,25,17,3,97,9,118,140,8,127,137,82,72,149,122,125,77,110,98,23,19,143,43,51,124,109,46,90,146,145,108,21,147,27,70,1,132,91,7,35,33,120,89,103,71,62,87,83,59,10,12,148,18,111,37,131,73,63,14,75,2,123,16,129,134,128,107,141,144,68,28,6,92,121,85,94,32,49,100,117,31,96,93,69,15,60,81,67,22,135,76,80,126,30,58,45,61,11,39,84,113,86,54,13,74,133,115,79,44,55,114,56,102,95,99,136,4,78,105,64,38,112,29,119,34,0,130,139,142,138,106,26,41,53,101,36,24,57,48,42,47
92,44,2,68,104,17,5,105,50,88,4,97,55,67,27,118,147,8,141,51,82,72,71,39,70,77,112,58,130,19,124,40,57,100,66,9,90,63,122,108,21,96,91,119,47,146,125,7,35,83,52,41,132,54,20,87,115,24,0,12,116,98,111,109,131,37,78,86,85,99,1,127,36,65,128,135,149,140,110,28,75,121,29,56,129,33,84,16,117,31,148,103,18,15,145,81,143,25,136,60,144,95,30,34,137,61,59,43,126,23,62,6,13,22,133,45,79,74,120,49,106,102,134,123,48,32,3,14,64,73,89,93,114,53,11,46,139,142,138,38,26,69,94,101,107,113,76,10,42,80
128,93,2,135,104,69,144,44,50,3,4,36,15,116,99,118,62,96,29,126,64,141,71,39,70,77,76,140,130,105,88,110,63,100,80,131,114,61,122,98,8,146,143,119,14,47,49,138,66,83,89,94,132,33,139,85,68,24,90,12,92,75,74,109,16,37,78,65,86,115,1,60,5,113,82,58,149,52,51,28,108,45,67,19,35,9,84,7,124,91,87,103,117,107,145,81,32,41,121,13,10,95,30,148,106,136,59,43,134,46,27,23,42,22,26,55,48,21,120,112,133,102,57,123,125,137,34,127,25,73,54,129,38,147,11,6,20,142,111,40,0,31,56,79,97,17,18,72,53,101
36,104,67,61,74,95,32,92,139,3,4,64,79,125,99,45,44,96,29,123,11,149,21,103,87,63,76,15,130,105,110,135,119,39,138,120,1,122,144,98,116,113,143,115,111,146,47,145,91,83,114,101,34,6,18,38,33,24,90,66,131,75,84,109,70,37,112,20,89,85,107,60,5,71,40,134,136,57,121,28,81,137,31,59,35,100,93,7,124,142,26,19,141,132,117,62,82,126,118,13,43,127,30,148,106,97,94,10,77,46,27,80,128,22,48,55,42,41,14,68,133,53,69,65,51,0,58,140,25,73,54,129,78,9,86,88,12,52,23,49,2,8,56,147,50,17,102,72,108,16
36,104,69,34,4,119,129,24,80,98,107,108,39,147,86,79,44,96,26,137,11,76,65,103,116,63,37,6,125,105,130,68,100,91,110,128,17,122,133,21,106,144,52,48,111,78,67,145,45,92,114,101,2,60,83,71,31,112,90,73,10,75,84,61,94,20,118,56,89,127,3,18,87,132,142,16,136,82,135,143,120,115,97,109,126,70,38,7,0,1,113,19,141,30,117,62,93,148,15,123,43,57,22,146,72,85,27,138,77,46,66,121,28,139,14,55,42,41,51,49,64,53,50,47,134,13,58,140,25,33,54,81,32,9,149,88,12,35,23,74,124,40,5,59,102,8,29,131,99,95
36,104,20,34,4,105,28,66,115,87,10,82,27,147,86,93,44,96,51,60,71,76,65,129,11,63,77,6,13,53,143,68,80,58,54,17,3,69,110,21,106,92,52,139,5,18,67,19,45,40,114,72,126,39,30,78,56,112,125,73,134,141,137,128,146,12,131,46,89,127,47,37,145,132,64,16,136,94,55,48,70,2,97,119,91,75,31,107,102,1,33,84,140,49,42,130,117,99,85,123,22,57,148,29,108,109,79,144,98,14,26,90,24,135,138,103,50,41,121,111,74,35,43,149,100,120,15,0,25,95,61,81,32,101,7,88,116,62,23,118,133,142,124,59,38,8,122,83,9,113
36,67,20,43,148,102,107,15,115,129,10,145,119,81,87,12,72,125,120,62,71,76,47,70,54,135,147,98,1,37,24,68,51,144,103,28,134,85,18,21,8,80,118,139,66,11,110,19,73,40,114,53,101,131,44,46,56,22,92,99,116,141,137,128,93,104,127,63,57,33,29,5,6,39,64,55,136,94,112,30,16,69,105,82,26,75,31,88,90,34,91,84,140,60,42,78,117,146,52,130,50,23,138,0,108,109,149,123,2,14,143,13,124,32,106,58,65,41,121,4,74,97,27,48,49,45,89,38,25,95,83,113,100,86,126,79,132,3,61,17,133,142,111,59,96,7,122,77,9,35
87,22,20,43,10,112,107,105,34,126,50,145,95,141,17,12,147,88,48,56,45,41,65,125,64,91,28,98,69,37,146,14,102,106,83,138,81,148,54,21,79,94,15,129,77,11,110,111,73,51,114,119,124,36,33,44,13,70,71,19,60,35,137,53,58,108,127,63,42,29,149,5,6,39,68,55,78,139,4,30,16,134,100,80,1,62,31,8,135,24,9,104,131,101,123,46,117,116,52,130,76,23,122,0,142,86,97,75,2,140,59,132,90,40,72,144,118,49,121,128,74,120,26,92,67,85,89,38,25,136,143,18,93,99,27,109,103,3,61,84,133,82,32,57,96,7,113,47,115,66
20,70,62,85,61,24,143,105,26,22,111,46,37,141,73,99,147,88,48,58,45,11,65,67,119,52,28,44,71,121,12,50,102,106,83,41,116,148,92,21,14,104,8,129,130,115,110,124,80,42,98,64,75,3,96,40,43,137,79,19,60,35,133,53,47,4,134,101,63,29,149,31,55,39,68,17,5,139,84,30,131,6,100,144,0,136,114,86,95,69,9,56,122,109,123,13,54,138,112,89,76,146,15,59,142,77,7,135,120,140,97,127,66,32,33,25,118,49,113,108,18,103,91,74,51,128,1,38,16,78,34,87,93,94,27,72,132,117,145,23,90,82,126,57,10,81,125,36,107,2
88,52,62,113,51,25,32,145,26,53,3,38,114,91,46,65,64,76,117,89,45,56,84,121,105,39,85,149,61,112,135,50,1,115,83,31,21,126,92,24,6,104,70,95,141,147,139,44,102,78,98,134,75,131,96,17,22,136,73,19,60,69,27,33,48,4,35,43,87,29,40,8,68,119,16,5,129,55,110,12,20,79,123,100,82,30,143,86,10,133,132,140,148,116,97,13,99,14,47,63,9,146,15,59,137,77,7,138,71,111,81,127,66,11,93,67,118,49,80,108,18,103,120,74,42,128,142,37,130,106,34,28,122,94,107,72,124,58,144,23,90,101,109,57,41,54,125,36,2,0
6,75,135,35,51,25,77,145,4,22,29,136,109,132,46,128,141,106,111,89,45,15,84,99,62,39,144,130,33,112,126,50,27,34,54,31,21,98,149,68,53,3,42,95,117,147,0,20,102,38,96,134,80,121,12,93,133,113,59,19,36,104,11,16,64,65,30,71,87,100,43,8,82,119,1,107,37,146,110,103,105,55,123,44,114,41,143,127,60,70,67,140,5,116,32,13,49,14,138,63,88,9,73,40,125,23,7,61,115,148,72,81,118,86,69,76,129,28,85,108,18,90,120,74,91,101,142,79,139,83,56,10,122,94,24,137,124,17,97,92,47,131,48,58,26,78,57,52,2,66
6,82,135,61,113,25,77,35,138,124,29,136,109,49,43,128,130,2,68,89,76,87,111,92,62,51,23,39,147,16,24,50,26,34,83,31,30,64,149,55,99,46,148,22,117,66,91,20,0,119,96,142,80,121,73,93,133,110,5,7,3,40,72,33,53,21,146,104,95,94,125,8,90,52,71,107,37,13,140,139,143,114,123,44,11,19,67,131,60,70,17,144,137,120,126,79,106,134,32,102,69,9,141,75,12,1,54,98,115,116,58,85,112,86,14,118,27,28,122,47,129,132,105,74,18,84,38,108,65,4,56,10,88,59,45,145,78,100,97,41,101,42,48,81,36,103,57,63,127,15
6,82,109,49,113,144,44,35,148,36,119,136,141,76,90,65,51,2,147,131,96,43,112,41,20,64,16,61,101,98,73,7,115,55,28,74,85,8,100,26,79,132,27,0,108,66,130,69,92,72,68,19,80,121,86,93,25,110,5,88,83,105,50,33,14,21,45,29,127,62,10,39,53,52,117,107,37,13,125,57,99,114,91,140,104,78,67,135,24,11,17,71,12,120,126,40,143,134,32,84,95,9,106,75,60,103,47,70,77,149,58,23,31,15,81,118,63,54,46,133,129,89,22,128,18,87,38,3,124,142,56,138,111,59,137,145,116,123,97,122,1,42,48,139,102,30,4,34,146,94
6,60,126,45,113,84,41,132,121,106,108,4,85,8,52,143,98,2,147,99,65,137,112,144,16,71,9,140,76,63,29,7,141,43,110,49,69,89,100,26,136,20,27,3,131,66,83,21,146,130,68,79,103,77,44,124,25,58,149,28,145,54,92,138,14,75,125,148,86,74,10,101,53,55,40,0,142,119,116,88,36,114,91,105,104,73,67,1,134,11,80,57,115,120,82,19,122,70,32,117,95,135,111,5,56,15,47,22,50,61,139,23,31,127,123,118,33,62,46,133,129,35,93,128,18,87,42,39,107,17,72,38,81,13,96,64,109,24,97,37,59,90,48,51,102,78,12,34,30,94
1,60,101,19,117,84,41,9,121,26,39,103,45,90,52,143,6,16,85,99,106,12,59,4,96,71,32,140,130,70,29,142,141,8,28,77,69,89,22,104,51,147,27,43,93,78,0,125,50,98,23,79,18,17,44,124,127,58,149,105,97,54,35,73,132,37,76,83,86,56,10,137,53,134,40,139,67,63,13,20,100,14,145,146,120,116,136,7,68,138,80,57,64,75,122,49,119,148,47,30,95,144,91,5,24,15,133,36,113,11,21,66,31,112,123,118,25,2,46,38,129,110,88,82,34,92,55,81,107,131,72,114,102,33,111,135,108,109,74,65,128,115,48,87,42,61,126,62,3,94
20,59,135,1,117,130,140,109,149,84,54,121,56,90,50,34,26,62,139,58,106,93,39,40,12,61,75,85,76,70,29,142,141,13,28,68,14,89,124,9,19,60,127,43,143,78,104,125,23,37,71,79,103,24,100,64,17,95,147,63,36,22,113,73,57,4,45,10,86,134,77,52,132,112,16,102,51,67,38,105,144,129,145,49,120,116,8,97,5,47,138,133,146,6,44,0,80,148,114,46,91,42,53,41,110,15,83,21,35,11,119,66,31,7,123,30,69,2,27,137,96,18,88,82,101,92,55,108,107,118,72,111,25,33,48,94,81,98,32,65,128,115,74,87,131,122,126,136,3,99
87,5,114,13,54,137,27,85,105,120,67,14,56,90,2,34,91,124,129,58,64,70,17,138,12,61,16,132,76,48,18,51,106,140,127,121,97,89,23,83,19,135,116,77,65,78,1,22,26,73,149,25,104,24,10,86,31,117,46,72,39,43,71,146,8,4,81,21,93,134,15,28,118,100,75,50,45,123,38,130,144,9,141,92,36,82,148,101,20,125,62,95,68,6,108,0,41,133,44,57,113,74,40,112,110,59,139,42,35,11,37,66,119,7,143,30,69,102,49,145,96,47,88,55,79,111,60,63,107,103,80,109,142,33,147,94,52,98,32,84,128,115,29,3,131,122,126,136,53,99
87,5,7,20,54,130,27,106,105,46,127,85,77,136,2,71,91,139,129,58,64,80,17,145,37,121,92,22,31,48,11,6,70,140,47,43,73,114,55,38,117,135,60,99,65,35,40,36,81,30,39,32,12,8,72,86,24,34,56,89,76,21,90,142,131,126,9,111,137,28,15,63,118,102,75,50,51,123,108,101,144,95,141,148,100,82,96,138,61,125,13,10,68,26,110,0,18,3,44,57,16,134,120,113,103,25,67,1,128,124,112,104,119,53,49,29,132,83,45,23,14,149,88,69,79,147,4,19,107,66,94,109,116,33,41,62,52,98,146,59,42,93,97,78,115,122,133,84,74,143
49,5,72,117,6,115,142,62,32,70,127,9,96,77,119,71,108,139,10,149,100,80,18,145,54,121,92,30,93,135,2,97,75,102,136,20,73,11,14,15,104,58,33,46,65,22,40,43,114,55,86,79,12,109,48,124,24,4,78,41,76,85,113,17,131,99,53,111,137,118,29,7,56,91,38,106,146,123,133,101,138,81,141,148,95,23,128,68,61,125,13,3,39,37,126,64,116,107,44,57,52,134,35,130,103,83,147,26,122,67,1,25,47,21,129,120,132,89,45,36,60,90,0,69,82,112,88,140,51,66,94,19,34,31,59,144,28,98,87,8,42,27,105,63,16,50,110,84,74,143
49,145,17,13,137,34,89,1,76,138,130,132,51,82,86,18,108,139,142,149,100,6,45,50,21,35,62,30,61,85,2,54,75,24,69,71,97,16,40,46,57,92,80,133,140,22,14,19,114,55,123,79,118,7,52,113,68,4,99,104,33,65,42,124,131,73,66,111,58,141,15,110,43,109,38,26,146,78,9,101,5,143,127,94,95,136,128,56,53,106,91,93,115,37,122,64,116,103,44,129,88,10,39,81,90,83,147,60,32,144,11,125,47,121,135,120,20,107,119,36,84,23,0,67,112,25,48,41,134,77,102,72,29,31,59,70,28,96,87,8,105,27,148,63,98,12,126,117,74,3
8,56,84,36,142,61,34,1,143,48,41,132,53,137,87,145,139,62,23,67,100,19,85,50,9,120,90,140,46,30,2,54,89,39,3,123,97,16,40,11,57,92,80,10,98,86,38,138,15,55,118,69,71,27,52,96,82,134,130,104,76,33,149,124,70,66,112,111,45,141,21,49,75,109,91,26,101,24,44,115,5,58,127,94,128,114,59,88,110,106,135,4,103,68,35,64,116,7,43,129,108,28,144,37,14,13,147,60,17,93,63,133,47,25,107,125,65,83,113,102,6,105,0,95,72,119,51,121,99,77,79,131,29,31,146,22,32,122,78,74,136,42,148,18,81,12,126,117,20,73
19,139,21,36,88,106,94,133,143,111,68,86,148,40,73,123,96,130,144,82,100,108,9,87,80,120,115,140,57,8,2,104,60,79,137,15,41,109,11,81,97,117,50,55,98,29,38,110,91,30,118,51,138,17,62,66,72,134,7,131,46,114,149,45,1,89,13,16,33,141,26,77,121,0,147,24,52,145,74,90,5,58,127,53,128,84,59,49,39,31,122,4,103,125,35,64,132,27,43,129,10,85,101,37,105,67,28,92,23,93,63,116,32,25,107,34,65,83,20,102,78,69,119,95,14,113,124,6,99,12,56,112,75,61,146,22,48,142,47,70,136,42,126,18,76,54,44,71,135,3
19,76,140,82,81,85,32,141,45,15,120,54,122,11,46,68,96,136,144,41,95,108,111,87,80,51,38,29,57,8,23,103,60,77,84,126,63,33,147,74,73,149,50,5,98,24,62,105,75,30,28,112,56,17,129,7,100,16,139,9,22,40,91,128,1,89,97,113,13,114,90,130,143,131,107,6,52,145,64,127,109,47,86,148,142,12,31,49,39,133,34,4,35,72,14,25,132,104,69,20,67,124,101,37,26,88,118,92,0,99,66,116,2,36,134,115,65,83,10,102,78,137,117,59,125,119,43,58,55,18,93,79,121,61,146,138,48,106,27,70,53,42,123,21,94,110,44,71,135,3
12,75,5,94,81,85,32,10,45,113,71,43,87,82,16,3,76,17,80,34,106,97,52,143,58,51,44,146,57,38,66,102,83,77,84,22,114,129,21,74,73,122,148,98,11,138,62,105,131,130,28,60,110,42,36,25,100,108,49,64,115,40,50,128,149,89,26,2,133,121,103,19,30,95,104,1,18,23,65,127,78,29,136,9,142,141,31,86,39,137,14,134,35,90,109,15,24,59,120,20,67,124,101,112,33,88,118,126,6,99,56,116,69,13,48,144,96,61,111,72,107,4,117,91,140,119,147,139,55,135,93,41,79,8,46,68,7,132,27,70,53,92,123,125,47,37,63,54,0,145
17,47,104,94,124,136,33,10,37,103,71,21,107,82,147,114,137,23,75,34,106,12,52,28,86,113,44,149,6,145,90,36,83,48,84,22,50,127,91,92,87,77,38,98,51,117,39,122,131,120,111,60,146,118,93,25,80,0,49,64,125,5,96,128,143,61,99,2,133,141,132,53,30,24,140,1,16,54,72,95,78,29,70,129,142,126,31,58,102,13,14,123,35,63,109,18,15,59,115,134,26,74,32,112,139,88,121,55,108,40,66,116,62,89,135,57,110,148,69,130,79,4,3,97,67,119,101,100,76,9,105,65,19,45,43,68,7,85,27,42,81,46,56,41,138,11,144,20,73,8
102,124,104,98,106,136,33,10,37,8,127,114,54,48,0,32,14,134,3,67,146,12,91,28,148,113,65,72,80,123,90,128,86,51,79,13,50,101,34,92,137,16,59,99,77,122,62,30,89,93,9,60,116,31,68,25,26,52,71,15,108,120,109,18,78,17,61,43,83,141,132,42,95,96,133,11,4,39,38,22,147,29,46,129,142,126,121,58,53,49,64,6,21,63,5,55,105,23,103,145,1,70,84,112,139,131,45,149,107,87,66,41,2,85,135,57,110,47,69,88,140,81,130,97,35,119,143,100,76,115,40,27,19,111,118,125,7,75,117,74,73,36,56,94,138,82,144,20,44,24
149,82,21,98,102,99,28,59,49,8,71,47,81,119,112,110,14,60,3,48,146,30,39,69,148,0,65,78,66,123,141,91,86,128,17,68,25,79,34,111,137,16,120,62,77,72,61,19,54,80,107,2,116,10,122,100,26,32,53,90,142,136,36,41,121,132,144,23,37,52,4,13,95,138,133,11,56,85,38,117,64,143,35,129,12,126,113,105,67,108,139,31,1,63,5,106,33,109,115,145,93,70,84,96,15,131,45,7,6,87,125,44,9,76,51,46,22,58,83,88,29,57,130,97,55,127,134,50,43,101,40,27,147,118,124,114,135,18,103,74,73,75,140,94,104,92,20,89,42,24
21,10,123,66,102,98,139,59,48,7,84,51,120,149,112,110,63,106,71,129,146,62,57,69,148,0,65,43,47,41,56,72,144,17,60,28,81,79,37,1,122,86,141,121,77,80,42,67,54,8,61,34,101,125,76,114,130,31,85,90,19,136,36,142,68,132,40,99,119,52,4,12,100,38,133,11,131,44,137,117,53,24,83,145,140,128,39,16,96,55,30,14,95,109,5,15,49,94,9,13,93,64,88,97,138,78,45,2,23,87,104,33,127,108,22,73,25,58,115,103,116,113,46,143,32,111,29,50,82,3,35,27,147,118,124,105,135,18,134,74,126,75,26,91,107,92,20,89,70,6
