0,1,2,3,4,5,6,7,8,9,10,11,12,13,14,15,16,17,18,19,20,21,22,23,24,25,26,27,28,29,30,31,32,33,34,35,36,37,38,39,40,41,42,43,44,45,46,47,48,49,50,51,52,53,54,55,56,57,58,59,60,61,62,63,64,65,66,67,68,69,70,71,72,73,74,75,76,77,78,79,80,81,82,83,84,85,86,87,88,89,90,91,92,93,94,95,96,97,98,99,100,101,102,103,104,105,106,107,108,109,110,111,112,113,114,115,116,117,118,119,120,121,122,123,124,125,126,127,128,129,130,131,132,133,134,135,136,137,138,139,140,141,142,143,144,145,146,147,148,149
0,1,2,3,60,19,6,7,8,9,10,136,12,13,14,15,16,17,18,83,20,21,22,23,79,25,26,27,74,29,30,31,32,84,33,5,36,37,142,39,40,89,42,43,44,45,78,47,48,49,50,51,52,38,54,55,56,57,58,59,103,144,62,63,119,65,66,67,121,69,130,71,72,73,34,113,76,77,70,46,80,81,82,129,24,85,86,87,88,101,90,91,92,93,94,95,96,97,98,99,100,64,102,61,104,105,106,120,108,109,110,111,112,128,114,115,116,117,118,35,75,28,122,123,124,125,126,127,4,53,11,131,132,133,134,135,68,137,138,139,140,141,41,143,107,145,146,147,148,149
25,37,2,3,139,19,6,7,8,9,10,148,68,13,60,15,16,17,18,83,104,21,76,23,79,141,26,27,74,29,12,31,32,136,33,5,36,124,142,39,40,20,42,71,44,110,78,47,48,89,50,51,52,133,54,55,56,57,58,59,49,144,14,63,119,65,66,67,121,69,130,113,72,73,34,62,43,77,70,46,80,81,82,115,24,85,86,87,88,101,45,91,92,93,94,95,96,97,98,137,100,64,102,61,112,105,106,120,108,109,103,111,128,99,114,22,116,117,118,1,75,28,122,123,38,125,126,127,4,53,11,131,132,30,134,135,90,129,138,0,140,35,41,143,107,145,146,147,84,149
25,37,2,22,139,19,6,13,8,9,10,78,68,118,60,15,16,17,18,83,57,112,76,23,79,141,26,27,115,29,12,33,32,136,106,5,36,124,142,39,40,20,120,71,44,110,122,24,48,89,14,51,52,133,54,55,56,7,58,50,49,144,81,63,30,65,66,67,121,69,113,108,72,143,34,62,43,77,70,46,80,104,82,148,114,85,86,87,88,101,45,91,92,93,94,95,96,97,98,137,100,64,102,61,119,105,130,21,111,109,73,3,59,99,103,31,116,117,42,1,138,28,74,123,38,125,126,127,4,53,11,131,132,128,134,135,90,129,75,0,140,35,41,47,107,145,146,147,84,149
25,37,2,22,104,33,6,13,115,147,10,78,144,118,60,15,16,17,18,83,57,112,76,23,79,141,26,27,34,29,12,9,32,92,106,51,36,124,142,39,40,20,140,71,44,68,122,24,48,89,14,145,52,133,54,55,56,7,58,50,49,47,81,63,30,65,66,120,77,69,113,108,72,143,8,62,43,21,70,136,110,46,80,0,114,85,86,87,88,101,45,91,5,148,94,93,96,97,98,137,100,64,102,61,123,105,130,95,111,109,73,3,59,99,28,31,82,117,42,103,138,19,74,67,38,125,126,127,4,53,11,131,116,128,134,135,90,129,75,119,132,35,41,139,107,1,146,121,84,149
8,37,2,63,104,0,12,74,115,147,10,78,33,6,60,15,16,17,18,83,57,112,76,23,79,29,26,27,44,137,19,9,32,92,106,51,36,124,142,39,40,105,140,71,64,13,122,24,48,89,14,145,52,133,54,55,56,144,58,50,68,47,81,22,30,65,66,120,77,69,113,108,72,143,73,62,43,21,70,136,110,46,80,96,49,3,86,87,88,101,45,91,5,148,94,93,111,97,98,67,100,118,102,121,123,34,130,95,7,109,129,114,59,99,28,141,82,117,42,103,138,20,90,61,38,125,126,127,4,53,11,131,116,128,85,135,31,25,75,119,132,35,41,139,107,1,146,149,84,134
8,37,54,63,104,0,12,91,128,147,10,78,33,6,60,15,16,17,18,83,20,112,76,23,79,29,26,72,44,137,118,9,27,92,106,51,53,64,142,39,74,95,140,71,126,132,122,30,48,89,14,145,52,133,102,55,56,144,58,115,68,47,81,22,117,65,66,120,77,69,113,107,96,143,73,62,43,21,70,136,110,46,80,108,49,3,86,87,88,101,125,24,13,148,94,93,111,97,98,67,105,32,85,121,123,34,130,146,7,109,129,114,59,99,28,141,82,135,42,103,138,45,90,61,38,50,19,127,4,2,11,131,116,36,57,5,31,25,75,119,40,35,41,139,124,1,100,149,84,134
8,37,54,63,104,0,12,91,60,147,133,78,33,6,113,15,16,17,18,83,20,102,142,23,79,29,26,72,44,128,149,9,27,92,106,51,53,64,62,39,74,95,140,71,126,143,122,30,48,89,14,145,52,107,112,50,56,144,58,115,68,47,81,22,117,132,66,36,10,69,119,77,96,65,73,118,43,21,70,136,99,3,114,108,49,1,86,87,88,80,125,24,55,148,94,93,120,97,98,67,105,32,85,121,123,34,130,146,7,109,129,46,25,76,28,141,82,135,42,103,110,45,90,61,38,59,19,127,4,131,11,13,116,138,57,5,31,111,75,2,40,35,41,139,124,101,100,137,84,134
96,37,54,74,104,0,12,91,60,147,50,78,33,30,113,62,16,17,18,83,20,102,142,23,79,29,26,72,44,128,35,9,27,92,106,51,53,64,58,39,133,95,28,71,136,8,122,126,48,34,14,145,52,107,112,116,140,115,86,56,68,47,143,22,117,40,66,36,10,69,1,77,89,132,73,118,43,21,70,125,99,3,114,108,49,63,149,87,88,80,65,24,55,148,94,93,120,97,98,67,105,32,85,121,123,119,130,146,7,109,6,144,25,76,5,46,82,135,42,103,110,45,90,61,100,59,19,127,4,131,11,13,141,138,57,38,31,111,75,2,15,81,41,139,124,101,129,137,84,134
96,37,54,74,104,0,12,39,145,147,50,76,33,30,113,53,16,17,62,60,20,102,44,23,79,29,26,72,120,128,35,9,27,92,106,18,90,56,58,131,133,95,142,71,136,8,122,126,48,51,14,7,52,91,112,116,140,107,83,59,42,47,143,22,117,40,66,36,10,103,1,77,64,132,73,118,43,21,70,125,99,3,114,108,49,63,149,87,88,80,65,24,55,148,94,93,89,97,98,67,105,32,85,121,28,86,130,146,5,109,34,144,25,69,135,46,82,141,123,78,110,115,68,61,100,119,19,127,4,45,6,13,11,138,57,38,31,111,75,2,15,81,41,139,124,101,129,137,84,134
96,37,54,74,104,0,12,39,145,147,50,76,33,30,113,53,16,17,62,60,20,102,44,106,73,29,80,52,56,128,35,9,27,92,99,18,90,141,58,94,133,4,142,51,136,8,23,126,48,125,14,131,139,91,146,7,140,107,83,59,122,47,143,22,95,40,66,36,10,103,84,77,64,132,26,118,43,112,70,45,19,21,114,108,49,63,149,87,88,72,65,24,55,148,79,93,89,97,98,67,105,32,85,121,28,86,130,42,5,109,34,144,61,116,135,46,82,25,123,78,110,69,68,3,100,119,117,127,120,115,6,13,11,138,57,38,31,111,75,2,15,81,41,71,124,1,129,137,101,134
96,9,54,74,31,0,12,39,145,8,50,76,33,30,113,53,16,17,87,60,20,102,18,106,73,29,80,68,56,42,108,144,27,92,99,111,90,141,7,94,133,58,142,44,136,86,88,126,48,125,14,131,139,91,146,147,140,107,83,59,122,47,143,22,95,40,66,62,10,103,84,77,23,132,26,118,43,112,70,45,19,21,114,64,4,63,149,3,93,128,65,24,55,148,79,116,89,97,72,52,105,32,85,121,28,100,130,98,5,109,34,104,61,110,135,46,82,25,123,78,37,69,51,67,115,119,117,127,120,35,6,13,11,138,49,38,57,36,75,2,15,81,41,71,124,1,129,137,101,134
79,9,54,19,76,0,12,39,105,8,50,65,33,82,113,141,16,17,87,60,20,135,48,106,73,29,43,68,56,42,108,84,27,53,99,111,90,36,7,94,10,58,142,44,136,86,88,126,144,125,14,131,139,91,146,4,140,107,83,92,102,47,143,22,95,40,66,62,145,103,30,77,23,132,26,118,51,112,70,45,28,21,114,64,119,63,149,3,93,128,96,24,55,148,147,116,89,97,72,52,18,1,85,121,32,117,130,98,5,109,34,104,74,110,31,46,122,25,123,78,37,69,133,67,115,100,134,127,120,35,6,13,11,138,49,38,57,61,75,2,15,81,41,71,124,80,129,137,101,59
79,9,54,19,76,0,12,39,105,8,22,65,37,82,71,141,16,17,87,129,20,135,48,60,73,58,43,68,56,42,98,80,27,88,106,63,90,36,7,66,10,119,142,44,136,86,133,126,144,125,14,131,139,91,146,4,140,100,83,92,102,41,143,85,95,40,33,62,6,5,30,77,23,99,26,108,51,112,70,45,28,21,114,64,50,53,149,3,93,128,96,24,55,148,147,116,89,97,72,52,18,1,107,121,32,117,130,118,47,109,34,104,74,110,31,46,122,25,123,78,94,84,145,67,115,113,134,127,120,35,69,111,13,138,49,38,57,61,75,2,15,81,132,103,124,11,29,137,101,59
79,9,54,91,76,0,12,39,60,8,22,65,37,82,126,141,59,74,87,129,20,24,48,17,73,58,43,68,56,57,98,80,27,88,106,63,90,21,7,66,84,83,142,36,136,86,133,41,144,125,14,131,118,40,146,4,75,44,23,92,102,19,143,16,95,53,33,62,6,5,30,77,140,99,26,108,51,112,70,45,28,10,42,64,50,34,149,3,93,114,96,139,55,148,147,25,89,97,72,52,18,1,107,121,32,117,130,100,47,109,71,104,137,110,31,46,122,105,123,78,94,81,145,67,115,113,134,127,120,35,69,111,13,138,49,38,128,61,116,2,15,85,132,103,124,11,29,119,101,135
79,57,54,91,87,10,12,32,60,8,22,121,37,78,126,141,59,74,29,110,20,24,56,17,73,58,43,63,132,93,98,80,27,88,106,104,90,21,143,19,84,83,142,36,136,148,133,41,144,125,14,131,118,40,76,4,75,86,23,92,102,66,65,16,95,53,33,62,6,9,30,77,140,99,26,108,135,112,70,45,28,129,42,64,44,39,149,3,7,51,96,139,55,114,147,25,89,50,72,52,18,1,107,146,34,117,130,100,47,109,71,82,137,124,31,46,122,105,123,68,94,81,145,67,115,113,134,127,120,35,69,111,13,138,49,38,128,61,116,2,15,85,5,103,97,11,0,119,101,48
79,57,54,91,87,10,12,32,60,8,22,121,37,126,19,95,59,74,29,89,35,24,56,110,73,58,43,63,132,93,71,80,27,141,106,104,90,21,0,55,84,67,136,36,134,148,133,41,116,66,14,131,118,143,76,137,75,86,23,92,102,105,65,16,7,53,33,62,6,9,30,77,140,99,26,108,135,112,70,145,28,129,125,64,44,39,149,3,51,83,96,139,72,114,147,25,94,17,4,52,18,1,107,146,34,117,130,100,47,109,45,82,40,124,31,46,122,78,123,68,69,81,20,144,115,113,98,127,120,42,50,111,13,138,49,38,128,61,88,2,15,85,5,103,97,11,142,119,101,48
79,57,54,21,87,10,125,32,60,8,22,121,17,126,19,127,59,74,29,89,35,24,111,110,73,71,43,63,132,93,85,80,91,27,106,104,115,48,37,55,84,67,136,36,134,148,41,38,116,66,14,131,118,143,141,137,75,31,133,92,102,47,65,16,7,53,33,62,6,9,30,77,140,99,26,108,135,112,70,145,124,129,114,64,44,39,149,3,51,83,28,139,72,58,147,25,94,122,4,52,18,1,107,105,34,117,130,100,0,96,45,82,40,56,23,46,146,78,123,68,69,81,20,144,76,113,98,109,101,42,50,95,13,138,49,86,128,61,88,2,15,119,5,103,97,11,142,120,12,90
100,57,54,21,74,18,119,32,60,8,48,121,45,126,19,127,59,6,129,89,35,24,111,110,73,71,43,125,42,93,85,80,61,27,15,104,115,134,22,55,84,91,136,36,106,148,41,17,116,66,14,131,12,143,141,137,75,31,133,92,102,47,65,16,7,53,33,38,95,9,30,77,140,99,26,112,135,52,70,145,124,29,114,64,44,39,149,3,118,37,28,139,72,58,147,25,94,79,4,108,122,1,107,105,34,117,130,62,0,96,83,82,40,56,23,46,146,78,67,68,69,81,20,144,76,113,98,109,101,51,50,120,13,138,49,86,128,10,88,2,132,123,5,103,97,11,142,63,87,90
100,57,54,18,148,45,119,32,65,8,48,121,26,126,19,4,95,6,129,89,68,24,2,143,73,71,43,125,98,93,85,80,61,27,74,113,115,35,22,55,84,91,60,128,106,127,134,17,116,66,14,131,12,41,141,137,75,31,133,92,102,47,83,16,7,82,33,38,25,9,53,77,140,99,136,112,135,52,70,145,124,29,114,42,44,39,149,3,118,79,28,139,72,58,147,111,94,37,86,108,122,1,107,105,34,117,130,62,0,96,104,36,40,56,23,46,146,78,67,15,69,81,20,144,76,5,59,109,101,51,50,120,13,138,49,110,21,10,88,30,132,123,64,103,97,11,142,63,87,90
14,57,54,18,148,45,119,32,65,8,48,121,26,126,51,4,95,12,129,89,68,24,93,143,73,71,70,125,98,122,85,80,61,27,74,114,43,35,22,19,84,91,60,128,0,104,134,17,116,66,112,131,135,41,141,106,75,31,133,92,102,47,83,115,7,82,33,38,25,9,53,77,140,99,136,52,127,100,118,145,78,29,50,42,44,39,149,3,10,79,130,139,72,58,147,16,94,37,86,2,49,1,107,28,34,117,111,62,113,96,13,36,40,56,23,46,146,108,67,15,105,81,20,144,76,5,69,109,101,137,59,120,55,138,124,110,21,6,88,30,132,123,64,103,97,11,142,63,87,90
14,78,54,57,148,144,119,32,65,39,48,121,26,126,51,4,95,12,129,89,68,24,93,143,22,8,70,106,98,73,145,80,61,27,74,16,43,35,122,19,84,91,60,18,0,104,134,17,116,66,71,81,135,41,141,23,128,31,133,76,79,47,72,115,7,82,33,38,25,9,53,77,140,99,136,52,127,100,118,97,37,29,124,42,44,50,149,3,10,55,130,139,45,58,147,125,94,112,86,2,49,1,107,28,34,117,113,62,75,96,13,36,40,114,92,46,146,108,67,15,105,131,20,30,83,5,69,109,101,137,59,120,85,138,111,110,21,6,88,56,132,123,64,103,102,11,142,63,87,90
14,78,54,57,148,85,35,32,65,39,48,121,24,80,51,4,95,12,129,89,68,27,69,143,22,8,70,106,98,73,145,126,61,59,74,112,43,103,122,96,84,91,60,18,49,104,134,17,116,66,71,28,135,41,141,23,128,31,133,76,79,81,72,115,7,82,33,38,137,9,53,77,26,99,136,52,47,100,118,97,37,29,124,42,44,50,149,3,55,25,130,139,45,58,147,46,94,131,86,2,120,1,107,127,34,10,113,62,75,110,13,36,40,87,92,125,146,108,67,15,105,144,20,30,83,140,123,109,101,119,19,114,93,138,111,5,21,6,88,56,132,0,64,16,102,11,142,63,117,90
14,143,54,57,87,85,35,32,65,39,48,121,24,76,51,4,141,104,129,89,68,75,69,119,22,8,70,106,98,73,145,126,61,59,74,112,43,103,122,96,78,91,60,18,49,117,134,17,116,2,71,28,135,41,15,23,47,81,95,44,79,31,72,115,7,3,33,38,137,9,53,77,26,99,136,52,92,100,118,97,37,66,124,42,127,50,149,12,55,84,130,128,45,58,147,46,94,131,86,63,120,1,40,29,107,10,113,62,34,110,13,36,80,139,27,125,133,138,67,146,105,144,20,30,83,140,123,109,101,148,19,114,93,25,111,5,21,6,88,56,132,0,64,16,102,11,142,82,108,90
14,134,54,7,87,85,35,32,65,39,48,122,24,76,127,4,141,104,143,89,68,75,69,119,22,19,70,129,144,73,145,126,61,59,74,112,43,103,90,96,78,91,60,18,49,117,58,106,116,2,71,28,135,41,15,23,47,81,95,44,79,31,72,115,77,3,33,38,137,9,53,101,26,99,110,52,92,8,118,97,46,66,124,42,16,12,149,132,55,34,130,128,45,84,147,114,94,131,86,63,120,1,100,29,136,10,113,62,40,50,13,36,80,139,27,125,133,138,57,146,105,37,20,30,17,140,123,109,98,148,93,107,121,25,111,83,21,6,88,56,51,0,67,64,102,11,142,82,108,5
14,134,54,51,87,85,35,32,65,62,48,122,24,76,127,4,39,104,143,103,94,75,101,139,22,92,70,129,144,73,145,126,61,141,74,112,43,90,37,131,78,91,60,18,49,117,58,106,116,2,19,28,135,41,15,23,47,81,95,42,79,31,72,115,77,3,33,38,137,9,53,6,96,99,110,89,12,148,118,97,46,66,124,8,16,56,149,132,55,34,130,128,45,84,147,68,69,7,86,108,120,1,10,29,136,71,113,63,40,50,13,36,80,114,27,125,26,138,57,146,105,100,59,30,17,140,123,109,98,133,93,107,121,25,111,83,21,44,88,0,20,52,67,64,102,11,142,82,119,5
19,25,54,80,41,85,35,74,21,119,48,122,24,76,127,4,20,104,143,103,94,75,101,139,22,92,70,39,32,73,129,44,61,141,66,112,43,90,37,131,126,91,60,18,49,117,58,15,116,145,121,28,135,62,11,23,47,81,95,42,79,31,72,14,77,106,33,38,137,9,53,134,96,99,110,34,12,148,118,97,46,89,124,8,16,6,149,132,55,51,130,128,45,84,147,68,69,7,2,108,120,87,10,29,136,71,113,63,40,50,13,36,3,114,27,125,26,138,86,146,105,100,59,30,17,140,123,109,115,133,93,107,65,144,111,83,1,98,88,0,56,52,67,64,102,78,142,82,57,5
19,25,54,80,41,52,35,74,21,119,48,133,24,103,127,4,20,104,143,96,94,75,101,88,22,92,70,39,125,62,129,44,61,141,66,112,43,90,37,131,142,91,60,18,49,117,58,15,116,55,121,73,135,79,11,23,47,81,67,42,30,31,72,14,77,106,33,38,137,27,53,134,86,139,110,3,122,148,118,32,46,34,124,8,16,6,149,0,120,51,130,128,9,84,147,68,69,7,2,108,97,87,10,29,136,71,113,63,40,50,13,36,107,114,12,126,26,138,1,146,105,100,59,28,17,140,123,109,115,76,93,83,65,144,111,99,85,98,95,89,56,132,145,64,102,78,45,82,57,5
89,25,47,80,50,52,35,74,21,119,48,133,125,103,127,4,20,104,143,96,94,75,101,88,22,92,70,39,30,62,129,27,61,141,66,112,43,14,37,33,142,91,60,18,49,117,58,15,116,55,121,73,5,79,11,120,16,111,67,42,135,31,72,34,108,106,54,38,137,71,77,134,86,139,28,3,122,148,118,32,46,41,124,8,131,29,149,0,110,51,130,128,9,84,147,68,69,7,2,19,97,87,10,24,136,90,113,123,23,76,13,36,107,114,12,126,26,138,1,146,105,100,59,145,17,40,6,109,115,63,93,83,65,144,140,99,85,98,95,53,56,44,132,64,102,78,45,82,57,81
89,25,47,80,50,145,35,10,21,119,48,133,125,103,127,4,20,104,143,96,94,75,118,126,22,92,70,130,30,62,129,27,61,141,72,112,79,14,37,33,142,122,60,18,49,117,90,15,116,55,121,109,52,31,11,120,16,111,67,42,135,91,131,34,17,106,39,38,137,149,77,134,86,139,28,3,43,148,71,32,46,74,124,8,41,29,73,0,9,51,88,128,5,84,147,68,69,7,2,19,97,87,58,24,136,144,113,123,23,76,13,36,107,114,12,132,26,138,1,146,105,100,59,78,101,40,6,83,115,63,93,53,65,108,140,99,85,98,95,45,56,110,44,64,102,54,66,82,57,81
96,25,47,80,50,108,35,10,21,119,23,133,125,103,114,4,20,104,143,97,89,68,118,126,22,92,70,130,127,62,129,117,101,48,72,112,79,9,37,33,128,122,60,18,49,14,90,15,116,55,121,109,52,31,142,120,16,111,67,42,19,91,131,34,17,106,141,38,137,149,77,134,86,139,28,3,43,64,71,32,46,74,63,8,39,29,73,0,145,94,88,24,5,84,147,30,69,7,2,138,11,87,58,148,136,144,113,123,27,146,13,36,107,75,44,132,26,135,1,124,105,100,59,78,51,40,6,83,115,61,93,53,65,41,140,99,85,98,95,45,56,110,76,12,102,54,66,82,57,81
18,25,47,80,110,108,69,10,21,119,114,133,44,111,70,4,20,104,107,97,89,67,118,126,22,92,79,130,127,62,96,117,85,48,72,112,34,9,37,33,128,122,60,134,136,14,90,15,116,55,121,109,52,31,142,120,16,35,54,42,19,91,131,84,125,106,50,38,137,149,77,17,86,139,78,3,43,64,113,82,46,74,63,8,39,29,73,0,145,94,141,24,5,28,147,23,11,7,2,138,143,87,58,148,49,144,71,123,27,146,13,36,88,75,101,132,26,135,1,124,105,100,59,68,51,40,6,83,115,61,93,53,65,41,140,99,30,98,95,45,56,103,76,12,102,129,66,32,57,81
18,25,47,80,110,108,31,123,21,119,114,134,23,111,100,4,20,104,107,97,89,67,118,126,22,92,79,52,127,62,133,117,85,48,72,112,34,147,16,33,10,2,149,81,136,14,90,15,116,55,122,109,142,113,37,120,49,35,54,42,8,91,131,84,125,106,50,38,137,44,77,17,86,139,78,3,43,64,60,82,46,74,63,0,39,29,73,36,145,94,51,24,5,28,70,143,11,130,75,138,128,87,58,148,7,144,71,83,9,146,13,69,88,121,101,132,26,135,1,124,105,27,59,68,141,40,6,19,115,61,93,53,65,41,140,99,30,98,95,45,56,103,76,12,102,129,66,32,57,96
18,25,47,80,31,40,57,108,123,119,114,134,23,111,100,4,20,77,107,97,121,67,118,126,22,92,28,52,127,62,133,101,85,48,72,112,34,86,16,33,10,2,149,81,141,14,90,15,116,55,122,109,142,51,37,120,49,35,54,42,8,93,131,84,125,63,50,0,137,44,147,17,11,139,78,3,32,64,60,82,46,74,113,103,39,29,73,36,145,94,89,24,5,110,70,143,58,130,75,13,128,87,106,148,7,144,71,98,9,146,132,69,88,104,138,136,26,135,1,124,105,27,59,68,38,66,6,19,115,61,91,53,65,41,140,99,30,21,95,45,56,83,76,12,102,129,43,79,117,96
18,25,107,80,20,40,57,127,123,119,114,108,23,111,100,4,129,77,47,97,121,79,67,78,22,92,28,52,16,62,133,101,85,48,72,112,95,86,89,33,10,2,149,27,84,14,90,15,8,55,122,109,142,51,37,120,49,35,54,110,45,93,131,141,125,74,50,0,137,44,63,17,11,139,147,3,32,64,60,82,46,41,113,103,39,29,73,36,145,94,66,24,5,104,69,143,58,130,75,13,30,87,106,148,7,144,71,98,9,146,132,134,88,31,138,136,26,135,1,124,105,38,59,68,118,42,6,19,115,61,91,53,65,76,140,99,81,21,70,128,56,83,126,12,102,116,43,34,117,96
18,25,107,80,20,131,57,127,141,28,114,108,98,111,100,4,123,77,47,97,121,79,67,78,61,92,23,52,16,85,84,101,62,40,72,32,95,86,89,33,48,2,149,118,39,14,90,15,8,55,133,109,142,51,37,120,49,35,54,110,45,102,7,10,125,74,50,0,137,44,63,17,112,139,147,3,143,64,60,122,46,41,113,103,53,29,73,36,82,94,66,24,5,104,119,27,58,130,75,13,30,87,106,148,31,145,71,19,9,146,132,134,88,11,138,136,26,135,21,124,105,38,59,68,69,42,6,129,115,22,91,93,65,76,140,99,81,1,70,128,56,144,126,12,83,116,43,34,117,96
18,25,83,80,140,131,105,128,141,28,144,108,45,111,100,4,121,77,47,97,74,79,67,78,61,110,23,52,16,85,93,20,62,40,72,32,95,86,89,33,63,2,149,118,39,3,90,15,8,55,133,109,142,51,37,120,49,35,54,138,9,102,65,10,125,114,50,0,137,92,21,75,112,139,147,14,143,64,60,122,17,41,113,103,53,29,73,36,82,94,66,70,5,104,119,27,127,130,46,13,30,87,106,148,31,145,71,19,84,146,132,134,88,98,57,136,26,135,58,124,107,38,59,68,69,42,6,129,115,22,123,101,91,76,11,99,81,1,44,24,56,48,126,12,7,116,43,34,117,96
18,4,61,31,140,131,105,128,141,28,143,108,137,111,96,20,60,45,47,97,74,79,67,78,62,110,80,52,16,85,93,87,101,40,27,32,95,86,117,33,63,2,149,58,39,3,90,15,8,55,133,109,142,51,37,119,49,35,75,138,9,144,65,10,121,114,50,54,100,92,21,72,112,139,147,14,83,64,77,122,17,23,113,103,53,29,73,36,82,94,66,70,5,104,102,120,127,130,46,13,30,44,106,148,48,145,71,19,84,146,132,134,88,98,57,136,26,135,89,124,107,38,59,68,69,118,6,129,115,22,123,42,91,76,11,99,81,1,125,24,41,25,126,12,7,116,43,34,0,56
18,4,61,31,140,131,105,128,101,28,113,108,137,50,96,20,48,119,47,97,74,79,67,42,100,110,80,118,16,88,93,87,62,40,5,32,95,86,117,33,63,121,149,58,39,3,90,15,8,55,133,109,142,51,54,44,49,2,75,138,9,144,65,10,111,52,36,78,35,92,21,72,112,139,147,83,77,64,60,122,17,23,85,103,53,29,73,27,82,94,148,70,84,104,102,120,127,130,46,13,30,143,106,37,14,145,71,19,57,146,76,134,99,98,66,136,26,135,89,124,107,38,59,68,69,45,6,129,115,22,123,132,91,114,11,141,81,1,125,24,41,25,126,12,7,116,43,34,0,56
18,4,61,31,140,95,105,93,50,28,113,108,21,9,96,20,48,119,47,97,141,79,67,42,100,110,80,99,16,88,131,87,62,40,41,32,1,86,117,33,5,121,149,58,39,29,90,63,77,55,133,109,142,51,54,118,49,2,75,138,53,144,65,10,111,17,36,78,35,92,15,72,71,139,147,83,146,64,60,122,8,120,85,103,25,44,73,101,82,94,148,70,84,104,102,126,127,130,46,13,30,143,106,7,14,145,74,19,23,112,76,134,128,98,66,136,26,135,89,124,107,38,59,68,69,45,6,129,115,22,123,132,37,114,11,3,81,27,125,24,137,91,57,12,52,116,43,34,0,56
18,4,44,31,140,95,105,93,50,11,113,108,21,9,96,20,48,112,47,97,69,79,67,42,61,110,80,99,16,88,0,87,62,40,41,32,1,86,117,33,5,121,149,58,39,29,90,63,77,109,133,106,98,51,54,118,49,2,75,138,53,23,65,10,111,17,101,78,35,59,34,72,71,139,147,83,146,55,60,122,8,36,141,137,100,126,73,119,103,94,148,70,84,104,102,123,127,131,46,13,30,143,6,7,14,145,74,19,142,82,76,134,128,15,66,136,26,135,120,124,107,38,28,68,85,45,144,129,115,22,56,132,37,92,130,3,81,27,125,24,114,91,57,12,52,116,43,25,64,89
18,4,44,31,140,95,105,54,50,49,113,108,21,106,65,101,48,112,47,97,93,20,67,42,61,81,80,56,16,53,62,87,37,40,96,125,1,86,117,33,5,121,115,58,39,29,100,63,77,109,133,107,98,51,12,79,45,2,75,138,130,23,90,127,111,17,9,78,35,59,34,72,71,139,147,83,146,55,60,122,8,36,141,137,32,126,73,119,103,94,148,70,84,104,102,123,88,131,46,13,30,143,6,7,14,145,74,19,142,99,76,69,128,15,66,136,26,135,120,11,0,38,28,68,85,124,144,129,82,22,118,132,41,92,110,3,134,27,149,24,114,91,57,10,52,116,43,25,64,89
18,35,13,31,140,95,105,54,50,49,113,118,69,136,65,101,48,112,47,97,93,20,67,42,106,81,80,56,16,53,62,21,37,125,96,117,1,86,4,33,5,121,26,58,39,29,7,63,77,108,133,115,98,51,12,79,45,2,75,138,130,23,90,127,111,87,9,78,144,30,71,72,43,139,147,83,146,55,40,122,8,36,141,137,32,126,73,119,103,94,148,70,84,104,102,123,88,131,46,134,74,3,6,44,14,145,100,19,142,99,76,34,128,15,66,59,85,135,120,11,0,38,28,68,64,27,61,129,82,22,143,132,41,92,110,60,107,124,149,24,114,91,17,10,52,116,57,25,109,89
18,35,13,31,140,95,105,54,50,49,113,118,69,136,65,101,48,124,47,97,93,20,67,42,106,81,80,56,16,53,62,21,82,125,77,117,1,112,0,41,5,121,26,58,76,29,7,63,139,123,133,39,98,51,12,85,115,2,32,138,130,23,90,127,111,87,9,78,144,30,71,122,43,94,147,83,146,55,40,79,8,36,141,137,134,15,75,119,33,72,96,70,84,104,74,17,88,131,46,148,100,3,102,44,14,145,52,19,142,99,108,34,128,45,66,59,4,135,120,11,86,38,28,68,64,27,61,129,103,73,143,132,126,92,110,60,107,6,149,24,114,91,37,10,22,116,57,25,109,89
18,35,13,31,63,95,15,54,50,49,27,118,69,136,65,101,48,124,1,97,93,28,67,42,106,81,80,56,16,53,62,21,82,125,77,117,20,112,0,30,5,121,26,58,76,29,7,38,139,123,133,39,98,51,137,85,115,2,32,138,130,23,90,127,111,87,9,78,144,3,71,122,55,94,147,83,146,113,149,79,8,36,12,128,134,110,75,84,33,72,96,70,142,104,74,17,88,131,46,148,100,43,41,44,14,145,52,19,103,86,108,34,47,45,102,59,4,37,120,11,6,119,141,68,57,114,61,129,140,40,143,132,126,92,105,60,107,99,64,24,66,91,73,10,22,116,135,25,109,89
18,107,13,31,141,95,15,54,2,49,96,118,69,136,59,101,48,124,1,97,93,128,67,42,106,81,80,36,16,5,104,21,82,125,50,117,20,112,0,51,130,121,38,58,76,29,7,30,11,123,133,39,98,140,137,85,115,28,32,138,79,23,90,127,111,87,9,78,144,3,71,122,55,94,147,83,146,113,149,134,8,91,100,56,27,110,75,84,33,72,35,70,142,37,74,17,88,131,46,148,53,43,41,44,14,145,62,19,103,86,108,34,47,45,102,61,4,63,120,89,6,119,26,68,57,114,52,129,12,40,143,139,126,92,105,60,65,99,64,24,66,73,132,10,22,116,135,25,109,77
18,107,84,31,141,95,15,114,2,96,6,118,69,136,59,101,48,124,1,104,93,128,67,42,49,81,80,36,16,5,54,72,82,76,92,117,20,112,0,51,130,121,21,58,32,29,7,30,11,13,133,39,98,140,137,85,115,28,68,138,79,23,142,127,97,87,9,78,144,3,71,122,55,94,125,83,146,113,149,134,8,91,132,56,27,110,75,62,33,52,35,70,147,37,74,17,88,38,46,106,53,43,41,44,10,145,131,148,103,86,108,34,47,45,102,61,4,63,120,50,111,119,135,89,57,19,90,129,12,40,143,139,126,66,105,60,65,99,64,24,25,73,14,123,22,116,26,100,109,77
18,107,84,31,141,95,75,114,2,96,15,118,69,136,59,101,90,124,1,104,93,128,68,42,49,81,80,36,16,5,54,72,82,76,51,117,47,112,0,66,130,85,21,58,91,29,7,108,41,13,35,39,98,140,137,87,115,28,106,138,79,60,142,73,97,67,9,78,144,3,71,122,131,94,125,83,146,113,149,134,8,48,132,56,27,110,92,62,33,52,127,70,147,37,74,17,88,64,46,38,53,23,89,44,10,145,11,148,103,86,55,34,43,32,102,61,4,63,120,50,111,119,30,135,57,19,6,129,12,40,139,143,126,133,105,121,65,99,20,24,25,45,14,123,22,116,26,100,109,77
18,107,84,31,36,99,123,114,75,96,15,118,69,61,59,101,90,124,1,85,93,7,68,42,49,72,80,140,16,5,54,136,82,62,125,117,47,112,0,66,130,104,21,58,91,29,145,108,41,13,35,39,98,56,89,87,115,28,133,138,79,60,142,73,97,67,51,78,144,3,71,122,30,94,110,83,146,113,149,134,92,48,132,131,27,106,2,8,33,52,127,70,147,37,74,17,88,64,46,10,53,23,81,44,38,128,11,148,103,86,55,34,43,32,12,76,4,63,120,50,111,119,14,135,57,19,6,129,121,40,139,143,126,9,105,95,65,141,20,24,25,45,102,137,22,116,26,100,109,77
18,125,91,31,36,99,123,114,87,96,88,118,69,61,137,101,144,34,1,85,93,7,124,147,49,100,84,140,16,5,54,136,21,62,11,117,47,112,80,133,130,42,65,58,104,29,145,107,41,13,35,39,98,56,89,15,115,28,143,138,79,60,127,73,103,67,66,78,75,3,71,122,30,94,110,83,146,113,97,134,92,48,132,131,27,106,2,8,33,52,142,70,108,37,74,17,51,64,46,10,53,23,81,44,38,128,95,148,90,86,55,139,43,32,12,76,4,63,120,50,111,119,14,135,57,19,6,129,121,40,72,82,126,9,105,0,59,141,20,24,25,45,102,68,22,116,26,149,109,77
18,40,79,31,36,99,123,124,87,96,26,118,69,61,137,101,144,34,1,91,93,7,56,86,49,29,84,140,100,131,54,10,134,62,11,117,47,112,80,133,136,42,65,58,115,51,145,107,41,13,35,39,98,70,89,15,104,28,143,138,43,60,127,73,103,67,66,78,75,3,71,122,30,94,110,83,146,113,2,5,92,48,132,149,27,106,53,8,33,52,142,85,108,37,74,17,38,88,46,44,121,23,81,4,21,128,95,148,90,114,55,139,130,32,12,76,25,63,120,50,64,119,14,135,57,19,6,129,147,125,72,82,126,9,105,0,59,141,20,24,97,45,102,68,22,116,111,16,109,77
18,40,79,31,36,99,123,124,87,96,26,118,54,61,137,117,144,34,33,91,93,7,12,86,49,29,84,126,100,90,140,113,55,101,11,108,47,112,80,133,136,102,65,58,115,51,81,15,41,13,35,39,98,70,83,134,104,28,143,62,43,60,127,73,103,67,66,78,75,3,71,122,30,94,110,131,146,56,2,5,92,48,132,149,42,106,53,8,69,52,142,85,138,37,74,145,38,88,46,44,121,23,17,107,114,128,10,148,139,97,95,27,130,32,45,76,25,63,120,50,64,119,14,135,57,1,6,129,147,125,72,82,19,9,105,0,59,141,20,24,4,77,89,68,22,116,111,16,109,21
18,40,79,31,36,99,123,124,87,96,1,118,104,86,137,73,144,34,33,26,93,23,12,138,49,29,84,126,100,90,140,54,55,117,11,108,89,125,24,149,136,102,65,58,115,51,81,15,41,13,35,39,98,70,80,112,133,28,143,62,43,60,127,113,66,67,61,78,75,3,109,122,30,94,110,131,146,56,2,5,92,48,132,103,42,106,53,8,69,52,142,85,82,83,74,145,38,88,46,44,121,116,17,107,114,128,10,148,139,97,95,27,130,47,45,50,76,63,120,101,64,119,14,135,57,111,6,129,147,22,72,134,37,9,105,0,59,141,20,25,4,77,7,68,19,91,32,16,71,21
121,119,79,31,36,99,123,124,87,96,1,61,104,86,137,73,48,34,33,26,93,23,12,138,49,29,92,40,100,90,140,54,55,117,136,108,89,134,24,76,144,102,65,142,115,43,81,15,41,148,35,39,98,139,80,112,13,28,143,62,17,60,84,113,66,67,97,78,75,3,109,122,30,94,118,131,146,56,2,5,25,18,132,103,42,106,53,8,82,52,51,85,10,83,74,145,38,88,46,44,107,116,14,47,114,128,11,69,110,133,95,27,130,125,45,50,149,63,120,101,64,126,4,135,57,111,6,129,147,22,72,70,37,9,105,0,59,141,20,58,127,77,7,68,19,91,32,16,71,21
121,119,16,31,79,99,123,90,87,96,1,61,104,18,137,73,48,34,19,26,93,23,12,138,49,29,92,40,100,7,140,38,55,25,136,108,81,134,24,117,144,102,65,142,47,43,71,15,6,148,35,39,112,139,80,46,20,28,143,62,17,60,84,113,75,67,97,88,41,3,109,122,30,94,118,131,78,56,2,5,36,101,132,103,42,106,53,8,54,52,51,85,10,83,74,145,124,22,13,44,107,116,14,86,114,66,11,69,110,133,95,27,146,125,45,89,149,63,120,115,64,126,4,135,57,111,98,129,147,33,72,70,37,9,105,0,59,141,76,58,127,77,82,68,128,91,32,130,50,21
121,119,108,31,40,69,123,46,87,96,1,61,104,18,21,73,48,34,19,26,93,23,12,138,49,90,92,79,100,35,140,38,55,83,136,81,125,134,24,117,144,102,65,142,47,43,145,15,6,148,111,39,112,139,80,14,20,28,143,16,17,60,84,113,75,103,97,29,41,3,71,122,30,9,137,131,78,25,2,57,56,101,132,88,99,106,62,8,54,52,51,85,10,67,74,109,124,7,13,44,107,116,33,86,114,66,11,22,110,133,95,27,146,36,45,89,149,63,120,115,64,126,4,135,118,147,98,129,42,94,72,70,37,5,105,0,59,141,76,58,127,77,82,68,128,91,32,130,50,53
121,119,108,31,40,69,123,46,78,96,87,61,104,18,21,73,48,34,19,26,83,80,12,140,49,139,92,79,100,101,132,38,55,148,136,81,125,134,24,117,67,97,65,142,47,126,144,15,6,64,111,1,112,90,84,14,20,28,60,93,17,145,53,113,75,103,102,29,27,3,71,122,30,9,137,131,143,25,41,57,56,39,44,88,99,106,7,8,54,52,51,85,10,23,74,109,76,62,13,2,107,116,33,86,114,66,11,22,110,133,95,16,146,36,43,89,149,63,120,115,45,138,4,135,118,147,98,129,42,94,72,70,37,5,105,0,59,141,35,58,127,77,82,68,128,91,32,130,50,124
121,119,29,31,108,69,123,46,72,96,87,61,104,18,21,63,113,66,19,26,83,80,12,144,78,139,92,114,100,101,132,38,55,39,136,58,125,134,147,117,67,97,65,142,47,90,40,45,6,64,111,1,112,51,84,14,20,28,60,93,17,145,53,24,75,103,73,43,27,3,71,48,49,122,137,30,143,25,41,57,56,9,44,148,99,106,7,8,54,52,102,85,10,23,74,109,76,62,13,131,107,116,33,86,126,140,11,22,88,133,95,16,146,36,2,89,149,42,120,115,129,138,4,135,118,110,98,81,15,94,34,70,37,5,105,0,59,141,35,79,127,77,82,68,128,91,32,130,50,124
121,119,29,31,108,69,72,46,95,123,87,61,104,89,21,63,67,66,113,26,83,80,12,144,78,10,92,114,100,105,132,65,55,23,38,58,125,134,147,130,68,97,94,101,47,90,40,146,6,64,111,1,112,51,84,39,20,28,60,93,142,145,19,135,139,75,73,136,27,3,71,48,49,122,137,30,143,25,41,57,45,9,44,148,99,106,7,8,96,52,102,85,43,117,74,109,76,62,13,131,107,116,33,86,126,140,11,22,88,133,17,16,53,36,2,24,149,42,120,115,129,138,4,110,118,56,98,81,15,54,34,70,37,14,5,0,59,141,35,79,127,77,82,32,128,91,103,18,50,124
121,119,29,31,108,69,72,46,95,123,78,61,56,89,21,63,67,66,80,26,142,32,12,144,126,48,92,24,93,105,132,84,55,96,38,58,114,134,147,130,102,113,94,101,47,90,40,146,6,45,111,1,112,51,52,0,20,28,60,129,3,145,19,135,139,75,73,136,27,83,71,23,87,122,137,30,143,25,41,57,125,9,44,148,99,49,7,8,115,127,15,85,43,117,74,109,76,62,13,131,107,116,33,86,106,140,11,22,88,133,17,16,53,36,2,77,149,42,120,100,97,138,4,110,118,104,98,81,34,54,68,70,37,14,5,39,59,141,35,79,10,64,82,65,128,91,103,18,50,124
23,0,29,31,108,60,77,46,95,123,13,61,56,89,21,63,67,66,80,112,142,32,12,144,126,48,92,24,93,105,132,84,55,146,81,26,114,134,147,130,102,72,94,101,141,136,40,85,6,45,111,1,124,51,52,59,20,96,25,129,3,18,19,135,139,75,127,83,27,69,71,99,87,122,137,30,143,145,41,57,125,9,44,148,119,49,7,8,115,15,28,120,43,117,73,109,76,118,90,131,107,116,33,86,106,140,11,22,88,133,17,16,53,36,2,62,149,42,47,100,97,138,4,110,113,104,98,58,34,54,68,70,37,14,5,39,74,38,35,79,10,64,82,65,128,91,103,121,50,78
23,0,3,31,108,60,77,46,95,123,13,12,127,89,125,63,16,66,80,112,142,29,111,109,126,48,92,53,140,72,132,84,55,146,81,26,114,134,147,122,102,130,94,27,141,136,40,98,6,45,51,1,124,37,39,59,20,96,25,129,28,18,19,135,139,75,24,83,85,69,71,99,87,57,137,105,143,145,41,56,5,9,44,148,119,49,7,8,115,15,61,120,43,117,73,93,76,118,90,131,107,30,33,86,106,52,11,22,88,133,17,144,32,36,21,62,149,42,47,101,97,138,4,110,113,104,67,58,34,54,68,70,2,14,116,50,74,38,35,79,10,64,82,65,128,91,103,121,100,78
91,0,146,31,108,60,147,46,95,123,140,12,127,40,125,39,16,77,80,112,142,29,111,109,126,48,92,53,66,82,132,84,55,3,81,26,114,83,27,122,133,130,97,23,141,136,57,43,6,45,51,1,124,37,36,59,134,96,25,129,28,18,19,135,139,75,24,102,89,69,71,99,87,143,137,105,115,145,41,56,5,72,44,148,119,49,7,8,13,15,61,120,11,117,73,9,76,104,90,131,107,30,33,86,106,52,93,22,88,94,17,144,32,85,21,62,149,42,47,101,98,138,4,110,113,128,67,118,34,54,68,70,2,14,116,50,74,38,35,79,10,64,63,65,121,20,103,58,100,78
91,0,146,31,108,30,147,84,95,123,14,12,127,40,125,39,65,77,80,112,142,52,42,109,57,48,92,53,66,82,140,29,55,3,81,26,114,83,27,126,133,130,97,23,141,143,11,43,6,46,51,1,124,36,75,59,134,96,25,32,28,18,19,135,139,132,24,102,89,69,4,99,87,129,137,136,115,111,41,37,5,72,44,148,119,85,7,8,13,15,61,120,73,117,71,9,76,104,90,131,107,63,33,86,106,93,60,22,88,105,17,144,122,79,21,62,149,45,47,101,98,138,49,110,113,128,67,118,34,54,68,70,2,94,116,50,74,38,35,56,10,64,145,121,16,20,103,58,100,78
91,0,146,24,122,30,147,74,53,123,14,12,127,40,125,39,22,77,80,112,142,52,42,109,57,84,106,8,66,82,140,29,55,3,81,26,114,83,27,126,133,130,97,23,141,143,11,79,6,46,51,1,124,36,75,59,134,145,43,32,28,18,20,135,60,132,120,102,139,69,4,99,87,95,137,136,148,111,41,37,5,72,44,65,119,56,7,9,13,15,61,129,73,117,71,110,76,104,90,131,107,63,16,86,89,93,108,58,88,105,17,144,19,92,115,62,149,31,47,101,98,138,49,48,113,128,96,118,34,54,68,70,2,94,116,50,85,38,35,45,10,64,67,121,21,33,103,25,100,78
91,0,146,82,24,30,94,74,53,21,14,12,127,40,125,39,22,77,137,112,142,52,42,109,57,60,20,8,44,17,34,67,66,3,81,26,114,83,27,126,133,130,97,23,141,143,11,136,6,46,51,123,124,36,75,80,134,145,43,9,28,18,2,135,106,132,120,102,139,69,4,99,87,95,122,32,148,13,55,37,29,72,96,65,119,56,7,59,41,15,61,129,73,117,71,110,76,104,90,131,107,63,16,147,89,93,108,58,88,105,84,144,1,92,115,62,149,31,140,101,98,138,49,48,5,128,113,118,111,54,68,70,86,78,116,50,85,38,35,45,10,64,79,121,47,33,103,25,100,19
80,0,146,82,24,30,94,51,53,21,46,12,127,40,125,39,22,77,60,112,142,52,42,109,57,137,102,8,72,93,34,67,66,3,81,26,6,45,10,126,133,130,97,37,141,143,11,136,101,44,15,123,124,36,75,20,134,145,43,9,28,54,18,135,106,2,120,115,139,69,4,99,87,128,122,32,148,13,55,83,29,96,114,65,119,56,7,59,41,117,61,129,23,58,71,110,76,104,90,131,107,63,16,147,89,95,108,74,88,105,84,144,1,92,73,62,149,31,140,132,98,138,49,48,5,86,113,118,14,111,68,70,85,78,116,50,27,38,35,17,91,64,79,121,47,33,103,25,100,19
68,38,146,82,24,30,94,51,147,21,46,12,127,17,125,39,22,77,60,112,142,10,42,109,57,137,102,8,72,93,34,128,66,3,81,26,45,101,121,126,133,130,97,37,118,33,11,136,141,44,15,70,124,36,75,20,134,114,43,9,28,54,90,135,106,2,120,115,139,69,4,35,87,0,122,32,148,13,55,83,29,96,95,65,119,56,16,59,52,117,5,129,23,58,71,110,76,104,18,131,107,63,123,50,41,7,108,74,88,105,84,144,1,92,73,62,149,31,140,132,98,138,53,48,67,86,113,49,143,111,61,14,85,78,116,6,27,80,40,89,91,64,79,99,47,145,103,25,100,19
68,38,146,82,50,30,94,51,147,21,46,12,127,17,125,39,22,77,88,6,61,10,42,109,57,137,102,8,72,93,29,128,66,3,81,26,45,90,20,126,133,130,97,37,118,33,11,112,141,101,15,70,124,36,7,60,134,91,43,9,28,76,142,56,106,2,120,98,100,69,4,84,87,0,121,32,148,13,55,83,122,96,95,65,119,135,16,59,52,117,5,129,110,58,71,139,24,104,18,131,107,63,123,75,1,99,108,44,23,105,54,144,74,92,73,62,35,31,140,132,149,138,53,48,67,86,113,49,143,111,34,14,85,78,116,41,27,80,40,89,115,64,79,114,47,145,103,25,136,19
68,38,146,82,50,30,94,51,147,141,46,12,127,17,71,8,22,77,88,6,61,124,104,109,57,137,102,18,72,93,29,128,66,3,81,26,125,90,20,126,133,130,97,37,118,33,11,73,79,101,15,70,10,36,7,60,134,91,83,9,28,44,142,56,103,2,120,98,41,69,4,84,87,0,43,32,148,67,55,47,122,96,95,65,80,78,117,59,52,99,5,129,110,58,138,139,24,106,54,131,107,63,123,75,1,100,108,21,23,105,135,144,74,92,136,62,35,31,140,132,149,121,53,48,112,86,42,49,143,111,34,14,85,16,116,13,27,119,40,89,115,64,113,114,45,145,39,25,76,19
68,10,37,82,50,30,94,130,84,72,101,12,127,17,71,8,22,77,88,6,61,110,104,109,57,137,102,18,87,124,29,128,39,3,81,26,125,90,20,126,133,96,97,66,118,33,11,120,79,134,15,70,140,73,7,60,91,119,83,9,45,44,142,56,103,2,13,111,41,69,4,46,42,0,43,32,148,67,55,47,122,98,95,65,80,38,117,59,52,99,5,129,106,58,138,139,24,85,54,131,107,63,123,75,1,100,108,21,23,105,135,144,74,92,136,62,35,31,147,78,149,121,53,48,112,86,76,49,143,36,34,14,132,16,116,28,27,146,40,89,115,51,113,114,93,145,64,25,141,19
68,10,37,93,25,27,94,130,84,72,101,15,127,63,71,8,22,77,12,6,61,110,104,109,57,137,102,121,87,124,29,128,39,3,81,4,125,90,20,126,115,96,86,66,118,33,11,120,79,134,1,70,140,73,7,60,69,119,83,9,45,44,142,56,103,2,13,111,41,28,88,46,113,0,43,32,138,67,55,143,122,98,95,65,80,38,82,59,52,99,5,129,106,58,23,139,24,85,54,131,107,42,123,75,17,100,108,21,14,105,135,117,74,92,136,62,35,31,147,78,47,148,53,48,112,133,76,49,91,36,16,114,132,97,116,149,145,146,40,89,26,51,144,18,34,30,64,50,141,19
68,10,37,93,25,27,3,8,84,72,101,86,127,63,71,135,22,107,12,125,61,110,104,140,57,137,102,121,53,124,146,128,39,89,28,4,130,90,20,126,115,96,11,66,118,33,9,120,79,48,1,70,24,73,42,60,69,6,83,134,45,44,142,56,103,2,13,111,41,81,88,46,119,0,43,32,138,67,55,143,122,98,95,65,80,38,82,77,64,131,5,129,106,58,23,139,15,85,54,29,78,62,123,75,59,100,108,21,14,105,7,117,74,92,136,87,35,31,147,113,47,148,145,109,112,133,76,49,91,36,16,114,132,97,116,149,17,94,40,52,26,51,144,18,34,30,99,50,141,19
68,10,74,93,72,27,3,8,84,65,101,119,42,63,71,135,22,107,12,125,61,110,104,140,57,141,102,121,53,124,146,128,39,89,130,4,29,90,20,126,28,96,11,66,118,33,9,120,43,41,1,70,24,73,103,60,69,6,144,134,45,44,142,56,5,2,105,111,115,81,83,46,80,25,17,32,48,67,55,143,122,98,95,37,88,38,82,35,64,131,36,23,106,58,127,139,15,85,54,79,78,62,123,75,59,100,108,21,14,109,7,117,86,92,136,87,19,31,147,113,47,148,145,13,112,0,76,49,91,133,16,114,132,97,116,149,77,94,40,52,26,51,137,18,34,30,99,50,129,138
68,10,74,23,72,27,3,8,84,65,12,4,42,109,71,135,24,107,64,125,61,110,104,41,57,141,102,121,53,124,146,128,39,89,130,86,29,90,20,126,28,96,11,66,118,22,9,55,43,144,1,70,69,73,103,60,80,6,94,78,45,44,142,56,88,2,105,111,115,81,83,46,63,25,5,32,48,67,99,143,122,119,95,37,140,38,82,101,100,131,17,47,106,33,127,120,15,85,54,79,134,62,123,75,59,98,108,21,40,93,7,117,14,92,136,87,19,31,147,113,139,58,145,13,112,0,76,49,91,133,16,114,148,97,116,149,77,132,36,52,26,51,137,18,34,30,35,50,129,138
68,10,74,2,72,27,3,8,84,65,12,4,42,109,71,44,53,107,64,125,37,110,149,41,57,141,102,121,96,124,39,128,55,89,130,86,29,90,20,126,28,143,11,66,118,22,23,82,43,144,1,135,30,73,103,54,80,6,94,78,45,32,142,56,88,99,138,111,104,81,83,46,63,25,5,146,48,67,24,61,122,119,95,69,140,26,31,101,100,131,17,47,106,33,127,120,15,134,70,79,9,62,123,75,59,98,108,136,40,93,7,117,14,92,21,87,19,85,147,113,105,58,139,13,38,0,76,49,91,133,16,114,148,97,116,145,77,132,36,52,115,51,137,18,112,34,35,50,129,60
6,10,74,2,72,0,3,104,84,65,38,4,42,109,71,44,8,107,64,125,37,110,149,41,57,141,102,121,96,147,15,128,55,89,130,86,29,90,20,126,28,91,11,66,27,22,23,82,43,144,53,135,118,73,103,1,80,19,94,16,45,32,25,56,88,99,138,111,134,54,83,46,63,87,5,143,61,67,24,30,122,119,95,124,140,26,31,101,100,131,17,47,106,33,127,120,48,39,70,79,9,136,123,75,97,98,108,81,40,93,7,117,14,62,21,76,146,85,68,113,105,58,139,13,142,112,92,49,78,133,59,114,148,12,116,145,77,132,36,52,115,51,137,18,69,34,35,50,129,60
6,10,13,2,72,0,3,104,12,65,38,61,42,109,71,32,8,143,64,125,37,110,149,41,84,141,102,121,24,147,15,128,55,89,130,86,29,90,52,126,28,74,11,66,27,22,95,82,60,144,98,135,118,7,103,138,23,19,94,16,45,119,25,56,88,99,62,111,134,54,83,46,63,107,5,4,26,67,40,30,122,33,43,124,140,77,31,101,100,131,17,47,146,73,127,120,48,39,70,79,9,136,123,75,97,1,108,81,57,93,44,117,14,96,21,76,92,85,68,113,105,58,139,106,142,112,34,49,78,133,59,114,148,91,116,145,80,132,36,53,115,51,137,18,69,20,35,50,129,87
6,10,73,38,72,29,3,104,12,148,49,61,69,109,71,65,8,33,64,125,37,44,53,13,84,141,102,121,24,4,143,128,55,89,130,86,2,32,52,126,28,74,11,66,27,22,41,82,60,144,98,135,118,114,103,101,23,19,94,16,45,119,25,56,88,99,77,111,134,54,83,46,63,107,5,0,26,67,40,30,122,129,43,149,140,115,124,31,100,131,17,47,146,62,127,120,48,39,70,79,9,136,123,75,97,1,108,81,21,93,57,117,14,96,90,76,92,85,68,113,105,58,139,106,142,112,34,36,78,133,59,42,95,91,116,145,80,132,7,15,51,110,137,18,147,20,35,50,138,87
6,49,73,114,72,29,3,104,12,148,66,69,112,109,71,65,8,33,64,125,37,44,53,2,57,84,102,121,24,4,117,128,55,89,130,86,20,32,52,126,28,74,11,139,27,22,143,82,60,144,98,80,118,149,103,101,141,140,131,16,45,119,25,56,19,99,77,111,134,54,83,46,63,107,5,0,26,67,88,30,122,129,43,116,62,94,124,31,100,41,38,47,146,17,127,120,61,39,70,79,9,136,123,75,97,1,108,81,21,93,48,36,14,96,90,76,92,85,68,113,133,58,40,106,142,34,23,78,13,105,59,42,95,91,10,145,115,132,7,15,51,110,137,18,147,135,35,50,138,87
6,49,73,114,72,29,31,104,12,15,66,69,112,109,71,65,8,58,64,125,37,74,53,2,57,84,102,32,50,48,117,128,55,103,130,86,20,26,98,126,28,54,3,139,27,22,23,77,60,144,100,80,118,149,148,101,141,140,131,16,45,119,25,56,24,99,133,113,134,129,83,46,63,107,5,38,19,67,88,30,122,33,43,116,62,94,124,18,136,41,111,47,146,17,127,120,61,39,70,79,9,11,123,75,97,1,108,81,21,93,82,36,14,96,90,0,92,85,76,4,52,44,40,106,142,34,121,78,13,105,59,42,95,91,10,145,115,132,7,68,51,110,89,143,147,135,35,137,138,87
6,49,73,114,72,29,31,104,12,15,66,69,112,83,71,43,8,58,131,125,37,74,53,2,57,84,102,89,50,48,117,128,55,103,130,86,20,26,98,137,87,54,3,139,135,22,1,77,60,144,59,80,14,149,34,19,141,27,148,16,45,119,25,56,24,99,133,113,134,129,100,46,63,107,5,38,109,67,88,30,122,28,32,64,62,94,124,18,136,95,111,47,146,17,127,120,142,39,70,79,9,11,123,75,97,118,41,81,21,68,82,36,23,96,90,0,92,85,76,4,61,126,40,106,101,7,121,78,13,105,33,42,93,91,65,145,115,132,108,116,51,110,52,143,147,140,35,44,138,10
6,49,73,114,72,29,31,104,12,15,66,69,112,83,71,43,8,58,131,125,37,74,53,2,57,84,143,89,50,102,117,128,48,38,34,140,20,26,98,137,87,54,3,139,135,22,56,77,101,144,138,96,141,149,119,19,132,11,59,16,111,80,25,44,24,99,133,124,130,129,100,36,63,107,5,120,109,67,88,30,122,28,32,64,46,94,103,18,136,95,51,47,146,17,127,45,142,39,70,79,9,86,123,75,97,118,41,81,21,68,82,62,23,113,90,0,92,85,76,4,61,126,40,106,1,7,121,78,60,105,33,42,93,91,65,145,134,13,108,116,27,110,52,148,147,14,35,55,115,10
6,49,147,114,72,14,31,104,12,15,66,69,132,83,139,29,8,58,131,74,37,80,53,2,64,84,143,89,50,102,90,128,48,38,34,140,59,26,98,137,30,54,3,111,135,22,56,77,101,144,138,149,141,43,119,19,81,57,17,16,60,24,25,44,87,99,133,117,130,129,100,36,63,145,5,120,109,67,88,125,122,28,32,71,46,107,103,18,136,95,51,47,146,73,127,45,142,118,70,79,9,86,123,75,97,112,41,20,21,68,82,11,23,113,62,0,92,85,76,4,124,126,40,106,1,7,121,78,65,105,33,42,93,91,39,96,134,13,108,116,27,110,52,148,94,35,61,55,115,10
105,119,147,114,26,14,31,104,52,15,66,69,88,83,139,29,8,58,131,74,101,80,53,138,64,84,130,89,50,12,90,128,48,38,34,140,10,56,98,137,103,54,118,111,135,22,49,142,102,144,76,149,141,43,37,19,81,57,17,16,60,24,91,44,87,99,133,117,41,129,100,36,6,145,143,120,109,67,59,125,122,28,32,71,46,107,0,18,136,95,30,47,146,73,127,45,5,63,70,79,9,77,123,75,97,112,51,20,21,68,82,11,23,113,62,25,92,85,2,121,124,126,40,106,72,7,86,78,65,132,33,42,93,3,39,96,134,13,108,116,27,110,4,148,94,35,61,55,115,1
105,119,63,114,26,88,147,104,60,15,66,69,73,83,139,29,8,58,131,74,101,80,53,138,64,84,130,89,50,12,90,128,48,38,34,140,86,56,120,137,103,54,118,111,135,22,49,142,102,144,14,149,141,43,37,19,81,57,133,143,46,71,91,44,98,99,10,117,41,129,100,36,6,145,70,65,85,67,31,125,122,28,32,25,92,107,0,18,136,95,30,113,146,87,127,27,5,59,108,123,9,77,52,75,97,112,51,20,21,68,76,11,23,109,62,16,47,24,2,121,124,126,40,106,72,79,7,78,45,132,33,42,93,3,39,17,134,13,82,116,96,110,4,148,94,35,61,55,115,1
105,119,63,114,56,139,71,104,60,15,66,69,73,83,102,29,89,58,131,74,101,75,53,135,64,84,130,148,50,12,90,128,80,38,34,140,86,97,120,137,103,54,118,111,41,22,18,142,2,26,14,149,141,43,37,19,81,57,133,143,138,61,91,40,98,99,10,117,129,94,100,112,6,145,70,59,36,67,31,125,122,28,32,25,147,107,0,44,65,95,30,113,48,87,127,27,5,46,108,123,9,77,52,85,88,51,92,20,21,68,76,11,23,109,62,16,47,24,136,121,124,126,8,106,72,79,7,78,45,132,33,42,4,3,39,17,134,13,82,116,96,110,144,146,49,35,93,55,115,1
105,119,63,114,56,139,71,104,60,15,66,69,73,83,27,136,89,58,131,74,101,75,53,135,64,112,130,148,50,12,98,128,3,38,34,80,86,116,97,61,103,54,118,48,41,22,18,142,2,40,137,149,141,43,37,19,81,9,133,143,138,78,91,57,45,99,10,117,129,94,100,13,6,145,70,32,36,67,31,125,122,0,102,25,147,107,84,44,65,95,30,113,111,87,127,106,5,46,108,123,59,77,52,93,88,51,92,62,21,68,76,29,23,109,28,90,47,24,11,121,124,126,8,20,72,85,7,14,16,132,33,42,4,140,39,17,134,26,82,120,96,110,144,146,49,35,79,55,115,1
105,119,63,114,42,139,52,82,6,91,66,69,73,83,122,136,89,58,131,4,101,75,53,135,64,112,130,148,31,12,10,128,3,38,34,68,86,116,97,61,2,54,120,48,41,22,18,142,71,40,137,56,141,43,37,80,81,9,133,143,138,78,1,57,45,99,67,103,19,94,134,13,149,145,70,32,36,100,60,125,50,117,102,25,147,107,84,44,65,95,129,113,111,87,127,106,5,46,108,123,59,77,27,93,88,51,92,62,21,118,76,0,23,109,28,90,47,30,11,121,124,126,98,20,72,85,15,14,16,132,33,74,104,140,39,17,24,26,8,7,96,110,144,146,49,35,79,55,115,29
113,119,63,111,42,139,52,82,6,91,66,21,73,41,122,136,89,58,131,4,100,75,53,135,64,112,130,148,31,12,10,128,3,38,34,68,86,110,97,23,2,44,120,92,61,22,18,147,124,40,137,56,48,43,37,32,81,9,133,143,138,78,1,57,45,99,67,103,19,94,134,13,149,47,70,20,36,30,60,125,50,117,54,25,5,107,84,83,65,95,129,145,114,87,71,106,141,46,108,123,101,77,102,93,88,51,59,62,127,27,76,0,115,109,28,69,116,142,11,121,80,126,98,15,72,85,90,14,16,132,33,74,104,140,39,17,24,26,8,7,96,118,144,146,49,35,79,55,105,29
101,119,63,111,42,57,52,82,6,91,66,21,73,41,122,136,89,58,125,4,100,75,53,135,64,115,59,148,31,90,10,128,3,38,34,68,86,110,62,23,94,44,120,92,61,22,18,147,124,40,16,96,48,43,36,32,81,9,130,143,138,78,1,13,45,99,67,103,19,50,134,149,14,47,70,20,95,30,60,56,83,117,54,25,5,107,84,12,65,76,129,145,114,87,51,106,141,46,108,123,37,139,102,8,88,97,77,71,127,27,133,0,113,109,28,69,116,142,11,121,80,126,2,98,72,85,24,131,15,132,33,74,104,140,39,17,93,26,137,7,112,118,144,146,49,35,79,55,105,29
86,119,63,97,42,67,52,82,129,91,66,21,6,41,101,136,70,58,125,4,100,75,53,135,64,131,59,148,31,90,26,16,3,112,34,46,35,110,62,23,94,44,120,126,92,22,18,49,124,40,134,96,48,43,36,32,81,9,130,143,138,78,1,13,45,128,89,73,19,50,12,149,68,47,139,20,95,30,60,56,103,117,54,25,5,107,84,28,65,76,111,145,114,38,51,99,141,57,108,123,37,122,102,8,88,115,77,71,127,27,133,0,113,109,106,69,116,142,11,121,80,10,2,98,72,85,24,14,15,132,33,74,104,140,39,17,93,87,137,7,61,118,144,146,147,83,79,55,105,29
85,119,63,97,145,67,52,109,127,91,66,86,6,41,101,136,70,58,75,4,100,3,53,135,64,21,59,139,31,90,13,16,62,112,125,2,26,110,33,23,94,82,120,126,92,22,18,49,124,40,148,96,129,43,36,32,81,9,130,143,138,78,1,128,45,131,89,73,19,50,12,149,68,47,111,20,95,30,60,56,103,117,54,25,5,80,46,28,65,76,84,107,114,38,51,99,141,57,108,0,77,122,102,8,88,115,105,71,42,27,133,55,113,35,106,69,116,142,11,121,48,10,34,98,72,44,24,14,15,132,79,74,104,140,39,17,93,87,137,7,61,118,144,146,147,83,123,37,134,29
85,119,99,97,136,67,52,109,127,104,66,76,6,41,63,117,70,58,75,145,100,3,45,135,64,21,59,139,31,90,13,16,62,112,125,2,26,110,33,23,5,82,92,126,114,22,18,49,124,40,148,142,7,43,36,32,81,9,130,143,39,78,1,128,4,131,89,27,46,50,12,149,68,47,111,20,95,30,60,56,103,0,54,25,19,80,53,28,65,96,84,107,55,38,51,138,141,57,88,94,77,122,102,8,120,115,105,71,42,15,133,129,113,35,37,69,116,91,11,121,48,10,34,98,86,44,24,14,61,132,79,74,140,72,101,17,93,87,137,106,73,118,144,146,147,83,123,108,134,29
85,119,99,97,136,122,52,109,127,104,41,94,6,126,63,117,131,58,75,66,100,3,35,70,64,21,68,139,60,90,13,16,26,112,125,2,31,110,146,23,5,82,92,33,114,142,18,49,145,40,148,45,7,43,36,81,91,9,130,143,39,78,1,61,4,59,89,27,79,50,12,149,102,47,55,20,95,30,88,111,103,0,54,25,19,80,53,28,65,96,84,107,62,128,51,138,141,57,135,76,77,67,34,8,120,115,105,71,42,15,133,129,113,32,37,69,116,38,11,121,48,10,124,98,86,44,24,14,56,132,22,74,140,72,101,17,93,87,137,106,73,118,144,46,147,83,123,108,134,29
85,119,49,97,108,122,52,109,127,104,133,90,6,47,63,117,131,58,75,66,34,3,35,70,64,21,68,139,60,5,24,16,26,112,125,2,31,110,146,23,95,82,92,143,114,142,18,129,145,40,148,45,7,28,36,115,91,9,130,94,39,13,53,61,4,144,89,27,79,50,12,149,102,123,55,99,100,30,88,111,103,0,54,25,19,80,11,33,65,96,84,107,62,128,51,138,141,57,135,41,77,22,124,8,120,136,105,71,42,15,59,76,113,32,37,69,116,38,147,121,48,10,1,98,86,44,81,14,56,132,43,74,140,72,101,17,20,87,137,106,73,118,78,46,67,93,126,83,134,29
48,119,49,97,108,122,52,109,15,104,133,90,6,20,63,117,131,58,60,66,34,118,35,70,64,21,68,139,78,5,24,16,74,112,125,2,31,110,146,23,105,127,92,143,114,142,18,129,145,40,85,73,7,28,36,115,47,9,130,94,39,13,53,148,4,144,101,27,79,50,12,11,69,123,55,99,100,30,88,26,103,0,54,25,19,80,17,33,65,96,84,75,62,91,51,61,141,138,135,41,77,22,124,59,120,121,111,102,42,82,89,76,113,32,37,57,116,38,147,95,136,10,1,98,86,44,81,14,56,132,43,149,140,72,107,3,8,87,137,106,71,128,45,46,67,93,126,83,134,29
112,119,61,97,108,122,52,109,15,104,133,90,6,20,63,123,131,58,134,66,110,118,35,70,64,21,68,139,78,5,24,106,74,56,9,2,117,31,45,132,149,23,92,143,114,142,18,129,145,40,85,34,7,28,36,115,105,60,130,94,39,13,53,33,4,144,101,27,79,50,12,11,69,121,55,99,100,30,47,57,103,0,54,25,19,80,17,93,65,96,26,75,62,91,51,84,141,138,135,41,148,22,124,59,120,73,111,102,42,82,89,76,113,32,37,77,116,38,147,95,136,49,98,88,86,44,81,14,48,10,43,1,140,72,107,3,8,87,127,146,71,128,125,46,67,16,126,83,137,29
76,119,61,97,5,122,52,109,15,104,53,90,33,20,116,123,131,58,134,66,110,118,35,108,64,21,68,11,78,63,24,106,124,56,9,2,117,31,45,132,149,23,92,143,114,139,77,129,145,40,85,34,7,12,36,0,105,60,130,94,39,13,65,41,4,144,101,27,79,50,93,142,69,121,55,99,100,18,28,57,107,74,54,25,19,80,17,30,89,96,47,75,62,91,51,6,141,138,135,115,148,22,70,59,120,83,111,102,42,82,49,133,113,32,37,26,112,81,147,95,38,103,98,88,86,44,84,14,48,10,43,1,140,72,73,3,8,87,127,146,71,128,125,46,67,16,126,136,137,29
76,119,2,97,56,122,52,109,116,104,112,94,33,20,89,123,131,58,134,66,110,118,40,108,64,11,68,5,78,63,21,106,124,15,35,100,117,31,45,132,149,137,26,143,114,139,77,129,81,148,85,34,7,12,36,0,105,60,130,6,39,13,53,41,4,144,101,27,79,50,93,142,69,65,92,99,61,18,28,57,107,74,54,25,9,80,17,30,140,96,55,47,62,91,51,23,141,138,135,115,90,22,71,59,120,145,111,102,42,82,49,133,113,32,125,75,70,37,147,95,38,103,98,88,86,44,84,14,48,10,43,1,121,72,73,3,8,87,127,146,19,128,83,46,67,16,126,136,24,29
74,119,2,132,56,122,52,70,77,104,112,94,44,20,89,123,107,58,134,100,110,118,40,109,98,11,68,5,78,76,148,106,124,15,35,21,117,31,45,29,149,137,26,143,114,139,59,129,81,32,131,34,133,12,36,17,105,60,25,6,39,97,63,41,4,144,101,27,79,50,93,142,69,65,92,99,61,18,28,57,108,0,54,116,9,80,147,30,140,96,55,47,66,91,51,23,141,138,135,115,90,22,71,43,120,145,111,85,42,82,49,53,113,128,125,75,13,37,64,95,38,103,7,88,86,33,102,14,48,10,62,1,121,72,73,3,8,87,127,146,19,84,83,46,67,16,126,136,24,130
74,119,2,67,56,122,52,70,77,104,112,94,44,20,89,31,123,58,134,100,149,118,124,136,40,11,68,5,78,76,46,106,62,15,35,66,117,107,45,29,95,137,26,143,114,64,59,129,109,32,131,34,60,12,36,17,105,50,25,6,39,97,63,148,79,144,101,27,4,81,93,142,69,65,92,99,61,18,28,57,108,0,54,116,9,80,23,30,140,96,55,47,90,91,43,110,141,138,135,16,147,22,71,51,120,145,111,85,42,82,49,53,113,98,125,75,13,37,128,84,38,139,7,115,86,33,102,14,48,10,103,1,121,72,73,3,8,87,127,146,19,21,83,132,133,41,126,88,24,130
74,99,2,67,56,105,52,70,8,104,112,94,44,20,89,31,123,58,134,100,34,98,124,136,40,11,68,5,78,76,46,28,62,19,35,87,117,107,45,29,95,137,26,143,114,109,59,129,64,32,131,119,60,142,36,12,106,50,25,66,39,97,63,148,79,144,101,27,110,83,93,85,69,6,92,65,90,18,91,57,108,0,54,116,9,51,23,30,140,96,55,47,49,111,43,122,141,138,77,16,147,22,71,61,120,145,15,81,42,82,115,53,113,149,125,75,13,37,128,84,38,139,7,80,86,33,102,14,48,10,103,1,121,72,73,3,130,118,127,146,4,21,135,132,133,41,126,88,24,17
74,99,2,16,56,105,36,70,8,104,93,69,87,20,89,31,123,58,134,94,130,98,124,79,40,11,68,5,78,76,46,28,62,19,35,22,117,107,45,29,95,137,26,143,114,109,59,7,64,32,142,119,60,25,65,81,106,50,83,66,39,97,63,148,131,144,101,27,110,34,121,85,138,6,92,73,90,18,100,57,108,122,54,116,9,51,23,30,140,133,55,47,49,111,43,112,141,12,77,120,147,10,71,61,44,145,15,67,42,52,115,53,113,149,125,75,13,37,128,84,38,139,1,80,129,33,102,14,48,91,103,82,136,72,0,3,96,118,127,146,4,21,135,132,86,41,126,88,24,17
74,99,2,16,56,105,24,70,114,97,93,69,87,20,123,31,113,58,134,94,130,98,124,79,148,21,68,115,78,112,46,76,29,19,35,22,117,107,45,55,95,137,26,143,36,109,86,7,64,71,142,119,102,25,65,81,106,50,83,66,39,60,63,6,131,144,101,27,8,34,121,85,138,53,28,73,90,18,100,57,108,122,54,116,9,51,23,30,140,133,104,47,49,111,43,128,141,110,77,120,147,10,13,61,44,145,15,67,42,89,5,40,92,149,125,75,72,37,32,84,38,139,1,80,129,33,82,14,48,91,62,103,136,52,0,3,96,118,127,146,4,12,135,132,11,41,126,88,59,17
74,99,2,16,60,105,24,70,114,97,93,69,87,20,123,31,42,58,134,94,130,98,124,79,148,80,68,115,100,112,46,76,29,144,101,22,117,107,45,113,95,137,143,146,36,109,17,7,64,71,142,8,102,25,65,81,106,50,83,19,52,78,63,6,131,129,39,27,30,34,121,85,138,132,28,73,90,18,55,57,108,122,54,116,9,5,23,75,140,133,104,47,49,111,43,66,141,110,53,120,147,10,13,61,44,145,15,67,119,89,86,40,21,149,125,128,72,37,0,84,38,139,1,82,92,33,56,14,48,91,62,103,136,77,51,3,96,26,127,59,4,12,135,35,11,41,126,88,118,32
74,99,2,16,60,105,24,51,57,97,93,69,132,20,87,137,42,100,134,94,130,120,124,79,148,80,68,123,115,112,46,5,29,144,101,22,117,131,4,113,95,77,143,146,36,109,17,7,58,71,142,8,102,28,65,81,106,116,83,19,52,78,63,6,44,129,39,27,30,34,121,85,138,82,84,73,90,18,55,25,108,107,54,91,9,76,122,75,140,41,104,47,98,111,43,66,141,110,53,128,147,10,13,61,50,145,15,67,119,89,86,40,21,149,125,45,72,37,0,64,38,139,1,14,49,33,56,133,48,114,62,103,136,23,92,3,96,26,127,59,70,12,135,35,11,31,126,88,118,32
74,26,2,16,97,105,24,51,57,143,93,69,132,49,87,5,4,100,134,94,45,120,124,79,102,80,68,123,115,112,46,128,29,144,148,22,117,131,109,113,139,77,101,146,127,20,33,7,58,71,142,8,130,28,65,15,106,116,83,19,52,78,63,6,44,129,39,27,23,34,121,85,138,82,84,73,90,18,60,81,99,107,54,91,9,76,122,75,140,41,104,47,98,111,149,66,141,42,53,137,118,10,13,61,50,145,55,67,119,89,86,40,21,30,125,95,72,37,0,64,38,108,1,14,147,110,56,133,48,114,62,103,136,135,92,3,96,25,43,59,70,12,35,36,11,31,126,88,17,32
83,26,2,16,97,105,24,9,57,143,144,45,132,49,87,5,4,100,134,94,146,120,90,79,53,80,68,109,67,112,46,128,93,84,148,61,117,30,50,113,139,77,101,27,127,20,107,7,58,71,142,8,130,28,65,15,106,116,10,19,52,78,63,6,44,129,39,12,23,34,121,85,138,69,81,73,48,18,60,82,99,88,54,91,115,76,56,75,140,41,104,47,98,111,135,66,141,42,102,137,118,123,13,122,22,145,55,29,119,89,86,40,21,33,125,95,72,37,0,64,38,108,1,14,147,110,74,133,149,114,62,103,136,32,92,3,96,25,43,59,70,51,35,36,11,31,126,131,17,124
83,26,2,20,97,70,24,9,57,143,144,45,132,49,87,51,121,16,82,94,146,120,73,79,53,116,68,109,67,112,46,128,93,84,148,61,117,127,50,15,139,77,101,27,134,47,107,62,58,71,142,8,130,28,80,5,106,81,10,19,52,78,103,6,44,115,39,12,129,34,137,85,138,66,141,13,37,18,60,38,99,88,54,91,48,76,56,75,140,41,104,113,98,111,135,4,63,42,102,100,118,123,69,122,22,145,55,29,119,89,86,40,21,33,125,95,72,23,0,64,92,108,1,14,147,110,74,133,149,114,30,105,136,32,7,3,96,25,43,59,90,65,35,36,11,31,126,131,17,124
83,26,2,20,97,140,24,9,57,143,144,45,132,49,87,40,121,70,82,94,146,120,73,79,53,116,39,109,67,112,135,128,93,88,148,61,117,127,50,15,139,77,101,46,134,47,52,58,16,71,142,8,130,28,80,7,106,51,10,19,95,78,103,113,123,115,63,12,145,34,137,85,138,66,141,13,37,18,131,38,99,86,54,91,48,76,56,75,35,41,104,68,98,111,4,122,27,42,102,100,32,60,69,81,22,84,55,29,119,89,62,6,21,33,125,44,72,23,0,64,92,108,129,14,3,110,74,133,149,114,30,105,136,118,147,107,96,25,43,59,90,65,1,36,11,31,126,5,17,124
83,26,2,20,97,140,24,9,8,143,144,45,132,49,87,82,121,70,134,94,146,120,73,79,64,116,39,91,67,112,135,128,93,88,148,61,117,127,50,15,139,77,101,124,107,47,52,60,16,71,142,53,130,28,37,7,106,51,10,19,95,78,103,113,40,115,63,114,145,34,122,17,138,66,141,13,89,18,54,105,99,86,90,118,48,76,56,38,35,41,104,68,55,111,4,75,27,42,12,30,32,125,69,81,22,84,131,29,119,137,62,6,21,33,123,44,72,23,0,80,57,108,129,14,3,110,74,133,149,85,92,46,136,100,147,102,96,25,43,59,109,65,1,36,11,31,126,5,98,58
83,26,2,20,1,140,24,9,8,143,144,45,132,11,87,82,69,70,134,94,146,120,49,79,64,37,39,91,67,112,34,128,93,88,40,114,117,127,50,15,139,106,101,131,107,5,52,60,16,71,142,53,130,28,48,7,121,51,10,19,95,62,137,113,57,115,90,148,145,77,122,17,138,66,141,13,89,18,54,105,99,124,116,118,103,76,56,38,43,41,86,135,85,111,4,75,27,42,12,30,32,125,47,81,22,84,35,29,119,68,63,6,21,33,123,44,72,23,0,80,73,108,129,14,3,110,74,133,149,104,92,46,78,100,147,102,96,25,55,97,109,65,136,36,61,31,126,59,98,58
83,26,2,20,1,140,24,31,51,143,144,45,132,11,87,86,69,12,134,58,146,120,49,79,29,37,39,91,67,112,34,128,93,115,40,114,90,127,50,15,104,106,101,131,117,5,52,60,16,71,142,53,130,3,48,7,82,63,68,19,95,62,137,139,97,88,107,148,59,77,122,17,138,66,141,13,89,18,54,105,99,124,116,118,103,76,56,113,78,41,28,9,85,111,4,75,27,42,32,30,38,125,47,81,22,84,35,70,119,57,8,6,21,33,123,44,121,23,0,80,73,108,129,10,64,110,74,133,149,72,92,46,135,100,147,102,96,25,55,94,109,65,136,36,43,14,126,61,98,145
87,26,2,20,1,104,42,31,37,143,71,45,132,11,10,86,69,12,134,58,128,120,49,79,36,149,39,91,146,112,34,65,93,115,74,114,90,51,50,15,145,17,101,131,117,5,52,60,16,136,142,53,130,3,48,7,82,63,68,19,95,62,137,139,97,88,107,148,59,77,122,40,138,66,141,13,89,70,54,105,99,124,116,127,103,76,56,113,118,41,28,9,85,111,4,75,108,125,32,121,102,144,47,81,22,84,35,78,119,57,8,6,21,33,123,44,30,23,106,83,73,29,129,27,64,110,24,133,67,72,92,46,135,100,147,140,96,25,55,94,109,18,80,38,43,14,126,61,98,0
54,96,2,20,1,104,28,31,37,143,71,113,132,11,10,86,19,12,134,129,128,97,58,131,36,149,39,7,69,112,34,65,93,115,74,114,90,51,50,15,145,17,101,79,117,56,52,123,16,62,142,53,130,3,48,122,126,63,68,107,95,26,137,139,45,88,61,148,42,77,120,40,138,66,141,13,89,70,75,105,99,124,116,127,103,76,136,146,118,41,82,9,85,111,4,5,108,125,32,121,102,144,47,87,22,84,35,78,119,57,8,6,21,33,81,44,59,23,106,83,73,29,133,27,64,110,24,46,67,72,92,49,135,100,147,140,91,25,55,94,109,18,80,38,60,14,30,43,98,0
54,96,125,20,1,104,28,31,37,143,71,38,79,76,10,86,19,140,16,129,128,97,58,131,36,149,39,7,69,112,34,65,114,115,74,49,90,51,50,15,145,17,101,82,77,56,113,23,3,62,142,78,130,0,48,122,126,63,68,107,95,26,137,139,45,88,61,148,42,12,120,119,138,66,141,13,89,70,75,105,99,124,116,127,103,123,117,146,118,41,52,9,85,111,4,87,108,30,32,121,33,11,47,2,22,84,35,102,100,57,8,6,21,135,81,44,59,5,106,83,73,40,133,27,64,110,24,46,67,72,92,93,29,136,132,147,91,25,55,94,109,18,80,144,60,14,53,43,98,134
54,96,125,20,1,104,28,31,37,143,71,38,79,76,10,86,19,140,129,136,128,97,58,51,144,46,39,7,69,112,34,65,114,11,74,99,141,16,50,35,145,17,101,82,77,56,113,23,3,49,13,142,130,0,67,122,126,63,68,107,95,26,137,139,45,88,72,148,149,12,120,119,42,66,48,138,89,70,75,105,146,124,116,127,103,123,117,36,118,41,52,24,85,111,4,87,108,30,32,91,33,9,47,2,22,84,15,102,100,57,8,6,21,135,81,44,59,5,61,83,73,40,133,62,14,110,106,27,121,64,92,131,29,109,132,147,90,25,55,94,78,18,80,115,60,93,53,43,98,134
53,96,125,4,1,104,28,31,63,87,71,38,79,122,10,86,19,116,129,136,102,97,58,51,78,46,39,24,69,112,37,65,40,11,74,99,141,16,50,35,145,17,101,82,77,56,113,23,3,140,13,142,130,0,67,128,126,48,68,107,95,26,137,139,45,88,72,148,149,12,120,119,76,66,42,138,89,43,75,105,146,124,133,127,143,123,62,114,49,41,52,55,85,54,20,34,7,30,32,91,33,9,47,2,22,84,15,118,100,57,8,6,21,135,81,44,59,5,61,83,70,27,73,144,14,110,106,108,121,64,92,131,29,103,132,147,90,25,117,94,111,18,80,115,60,93,36,109,98,134
53,96,125,4,1,104,28,31,63,143,71,38,79,122,149,86,19,116,129,136,102,97,30,138,78,46,39,24,8,112,37,36,40,11,74,99,141,16,50,35,145,17,101,82,77,56,113,23,3,64,109,142,68,0,67,128,126,48,13,107,95,131,57,139,45,88,92,148,26,12,120,119,76,41,42,114,89,43,75,105,51,124,44,127,72,5,62,133,49,91,52,7,85,58,123,34,140,20,32,10,33,9,47,2,22,84,15,118,100,69,55,6,21,135,81,137,59,65,61,83,70,27,73,144,14,110,106,108,121,54,66,146,29,103,132,147,90,25,117,94,111,18,130,115,60,93,87,80,98,134
53,96,77,13,1,104,147,31,5,143,71,38,79,85,149,86,48,116,45,136,102,97,30,138,78,46,145,24,8,122,3,36,40,11,74,99,141,16,50,35,58,17,101,82,43,125,113,29,70,64,109,142,68,0,67,128,126,4,98,107,95,131,22,139,118,88,92,148,37,12,120,119,76,39,42,114,89,61,75,105,51,124,44,127,72,47,62,133,49,91,52,7,56,112,123,129,140,20,32,10,33,9,34,2,19,84,15,41,100,69,55,6,21,135,81,137,59,65,63,83,94,27,73,144,14,110,57,108,103,54,66,146,121,106,132,28,90,25,117,23,111,18,130,115,60,93,87,80,26,134
53,96,77,49,1,104,147,31,5,19,71,38,79,85,149,86,48,116,45,58,10,97,112,25,78,92,145,24,8,122,3,59,40,136,74,7,141,16,43,35,15,17,138,82,36,46,113,29,70,64,109,142,68,0,67,132,126,4,98,107,102,131,22,72,139,88,101,125,37,12,120,119,95,39,42,114,89,61,75,105,51,124,44,127,108,47,62,133,87,50,52,73,56,143,123,129,140,20,32,11,33,9,34,2,76,84,148,41,100,69,55,6,21,135,118,30,128,65,63,83,94,27,13,144,14,110,57,137,103,54,66,146,121,106,91,28,90,81,117,23,111,18,130,115,60,93,99,80,26,134
103,96,77,49,1,104,97,31,5,19,83,38,79,134,149,35,48,116,45,98,10,53,112,28,78,92,145,24,8,122,105,59,51,136,74,7,58,20,43,86,15,37,138,82,16,46,113,29,70,64,66,142,68,0,67,132,130,4,25,107,102,131,22,72,139,88,2,125,17,12,120,119,95,39,42,114,89,61,75,85,101,124,44,147,108,50,127,133,87,126,52,73,56,143,123,129,140,14,32,11,33,9,34,62,76,84,148,41,100,69,55,6,21,135,118,30,47,65,63,137,94,27,13,144,109,110,57,141,23,54,128,146,121,106,91,36,90,81,117,3,111,18,71,115,60,93,99,80,26,40
103,96,88,140,1,104,57,31,5,2,83,38,79,134,67,35,48,116,45,98,10,53,112,28,59,92,145,24,8,122,125,30,51,136,74,46,58,20,86,105,15,37,138,82,16,148,113,29,70,23,66,142,68,0,43,73,64,130,25,107,102,131,22,72,139,97,77,49,17,12,120,119,95,39,42,114,40,61,75,85,101,124,44,147,108,50,127,133,87,126,52,135,56,143,123,129,99,3,32,11,33,9,34,62,141,76,132,41,100,69,55,6,21,81,118,19,47,65,63,137,149,27,13,144,109,110,7,84,90,54,128,146,121,106,91,36,14,4,117,78,111,18,71,115,60,93,94,80,26,89
103,96,88,24,146,104,57,31,140,33,126,38,79,85,67,35,48,116,45,0,86,142,112,28,59,134,145,113,8,122,125,30,51,136,74,46,58,20,129,105,15,37,138,56,16,148,2,29,70,23,66,82,68,40,43,73,64,130,25,107,102,131,22,72,139,97,77,49,17,12,95,119,120,53,42,114,44,61,75,92,39,124,93,147,98,50,127,133,87,121,52,135,76,143,108,18,99,3,32,11,101,9,34,62,141,1,132,41,100,69,55,6,21,81,118,19,47,65,63,137,149,27,13,91,109,110,7,84,90,54,128,83,10,106,144,36,123,5,117,78,111,4,71,115,60,14,94,80,26,89
2,110,101,12,146,104,57,31,140,33,90,38,88,85,67,35,48,53,126,87,86,142,112,28,130,134,145,113,8,75,125,30,51,11,60,46,58,20,116,105,15,74,138,45,16,148,132,29,70,23,66,82,68,40,43,73,64,24,25,107,102,131,22,72,139,97,79,49,17,59,95,119,120,100,42,114,44,61,96,37,39,124,93,147,98,50,127,133,103,81,80,135,76,143,121,18,99,3,77,129,52,9,34,62,141,1,136,41,56,69,55,6,21,0,118,19,47,65,63,137,149,27,13,91,109,122,7,32,108,54,128,83,10,106,144,36,123,5,117,78,111,4,71,115,92,14,94,84,26,89
2,109,101,21,116,104,57,131,140,33,63,38,88,85,90,110,111,53,126,87,86,142,144,28,130,134,145,66,8,75,125,30,51,11,12,46,58,20,16,105,15,4,138,146,48,148,132,29,70,112,34,82,68,40,43,73,64,67,35,107,102,81,92,72,139,97,79,49,17,59,95,119,120,100,42,114,44,61,96,37,39,124,121,147,98,50,127,133,103,6,80,135,76,143,60,18,99,3,77,129,52,9,7,62,141,1,136,41,56,55,45,25,113,0,118,19,47,31,65,137,149,27,23,91,74,122,13,32,108,54,128,83,10,106,22,36,123,5,117,78,69,24,71,115,93,14,94,84,26,89
2,77,101,21,116,129,57,131,44,5,61,38,88,85,90,110,111,53,128,63,86,142,144,28,130,134,145,66,8,97,125,11,51,87,12,46,58,20,16,105,15,4,126,146,48,148,74,29,70,138,34,82,68,40,43,115,64,67,35,107,102,81,92,72,139,71,79,49,17,59,95,119,118,100,109,112,0,120,96,37,39,124,121,42,98,50,127,73,103,114,30,135,76,143,60,18,99,3,80,7,52,149,104,62,141,1,136,41,56,55,45,25,113,140,75,19,33,31,65,137,132,27,23,91,147,122,13,32,108,54,47,83,10,106,22,36,123,9,117,78,69,24,133,14,93,6,94,84,26,89
2,77,28,21,116,35,57,131,44,5,61,38,88,85,90,110,111,53,128,63,86,142,144,73,130,122,145,66,8,97,33,11,55,83,12,46,58,20,16,105,125,4,126,146,48,148,74,29,70,56,34,118,68,40,43,115,64,147,24,107,50,129,100,72,139,71,79,49,17,59,95,119,96,15,109,112,141,120,103,37,39,124,102,138,98,149,127,81,51,114,30,134,76,143,60,18,99,3,80,7,52,104,67,62,0,135,136,41,121,82,45,92,113,140,75,19,101,31,1,137,132,27,23,91,65,25,13,32,108,54,47,42,10,106,22,36,123,9,117,78,69,87,133,14,93,6,94,84,26,89
2,77,118,21,116,35,57,131,44,5,28,38,143,97,90,110,111,112,128,63,86,145,144,73,24,127,26,66,8,102,33,11,55,83,12,46,58,20,16,105,125,4,126,149,85,10,74,29,107,56,34,70,68,40,43,91,64,106,88,142,50,129,100,72,53,71,79,49,17,59,95,119,96,15,109,130,141,120,103,37,39,124,139,138,98,132,148,81,51,123,30,134,76,140,60,18,99,3,80,7,52,104,67,62,0,135,136,41,121,115,45,92,113,114,75,19,101,6,1,137,9,27,23,31,65,25,13,32,108,54,47,42,78,147,22,36,122,82,117,146,69,87,133,14,93,61,94,84,48,89
2,77,118,21,116,35,57,145,44,5,131,109,22,97,90,110,111,112,128,63,86,10,144,26,24,39,96,66,8,102,33,11,55,83,89,36,58,20,16,75,125,4,126,101,85,105,74,29,107,56,34,70,68,40,43,91,54,106,88,142,50,129,100,72,53,71,79,49,127,59,95,119,132,15,17,130,141,120,103,37,52,32,139,13,98,124,28,81,51,123,46,134,76,140,60,18,73,3,133,7,99,104,67,62,149,135,136,41,0,115,45,138,113,114,148,19,12,6,1,137,9,27,23,31,65,25,121,92,108,80,47,42,78,147,64,30,122,82,117,146,69,87,143,14,93,61,94,84,48,38
2,77,118,21,116,35,57,145,60,5,131,109,99,97,85,110,111,112,128,34,86,24,144,123,81,22,96,66,8,102,33,11,49,39,89,133,58,20,55,26,125,0,126,101,18,105,74,29,107,56,48,70,68,40,43,91,54,106,88,142,50,129,100,72,53,71,79,59,127,63,44,119,132,13,17,130,141,83,103,36,52,32,139,90,98,124,28,12,51,75,46,134,76,140,37,120,62,3,4,7,95,104,67,10,149,135,136,41,73,115,45,138,113,114,148,19,82,6,1,137,9,27,23,31,65,25,121,92,108,42,47,15,78,80,64,30,122,147,117,146,69,87,143,14,93,61,94,84,16,38
2,77,30,21,137,35,129,74,60,5,131,118,99,76,85,110,111,42,128,34,86,24,144,123,81,22,96,66,17,13,33,11,145,39,89,133,58,20,101,26,8,6,126,57,18,105,14,1,107,125,48,70,68,40,43,91,54,106,88,142,50,55,100,72,53,71,79,59,127,63,44,56,132,104,97,130,141,83,103,36,52,116,139,90,98,124,28,12,51,95,46,134,9,140,37,120,62,3,4,7,49,119,67,10,149,135,136,41,73,29,45,138,113,114,148,19,82,147,0,94,75,115,23,31,65,25,121,92,108,112,47,15,78,80,64,38,122,109,117,146,69,87,143,27,93,61,32,84,16,102
2,77,30,65,137,35,129,74,60,5,131,118,99,76,85,81,12,42,89,123,86,24,144,52,132,22,96,66,17,13,113,11,145,39,101,133,58,124,120,26,8,68,126,57,36,105,14,1,107,125,48,70,141,40,43,91,54,106,88,142,19,55,100,146,53,71,79,59,34,63,44,56,94,104,122,6,33,83,103,139,108,116,20,90,98,72,28,119,51,95,64,134,9,140,37,82,62,3,4,7,49,21,67,10,149,135,136,41,73,29,45,138,110,114,148,46,130,147,0,50,75,115,23,31,128,25,121,92,127,112,47,15,78,80,111,38,18,109,117,97,69,87,143,27,93,61,32,84,16,102
58,77,30,49,50,35,1,74,60,5,131,118,99,76,85,2,12,42,89,123,86,24,144,33,0,52,96,66,17,13,127,11,145,39,81,32,133,124,120,26,8,68,126,57,36,105,100,23,107,125,48,70,92,40,43,91,54,106,88,142,140,55,22,146,53,71,79,59,34,63,65,56,94,104,122,6,4,83,112,139,108,116,20,16,98,72,28,119,51,95,64,134,9,44,37,82,62,3,113,103,149,21,67,10,137,135,136,41,73,29,45,138,19,114,148,46,130,147,141,129,75,115,14,31,128,25,121,110,15,27,47,7,78,80,111,38,18,109,117,97,132,87,143,101,93,61,69,84,90,102
116,42,30,58,50,35,1,74,60,5,131,118,17,76,85,69,115,22,89,94,86,24,144,33,0,52,96,66,51,13,127,11,145,39,81,32,133,102,2,44,8,68,126,57,31,105,100,23,107,9,48,70,92,147,41,91,54,106,88,142,140,55,123,146,53,71,40,59,34,63,65,56,43,125,122,6,4,83,112,139,108,120,20,16,98,72,28,119,121,95,64,12,134,104,37,82,62,3,113,103,149,21,67,10,137,135,136,38,73,29,49,110,19,114,26,46,130,45,141,129,75,138,14,99,128,25,27,77,15,148,47,7,78,80,111,36,18,109,117,97,132,87,143,101,93,61,124,84,90,79
116,42,30,58,91,35,1,74,60,5,131,118,17,76,106,69,111,22,89,94,54,148,144,33,0,27,96,85,105,13,127,11,145,75,81,32,133,146,2,44,117,8,126,57,31,15,100,23,107,9,48,70,92,147,41,51,66,24,88,142,140,10,123,86,53,71,40,59,34,120,65,56,38,52,122,6,4,83,63,139,108,39,20,16,98,72,28,119,121,95,82,12,134,104,37,114,62,3,113,103,102,21,67,128,137,135,125,115,73,29,49,110,19,50,26,46,130,45,141,129,55,138,68,99,149,25,43,77,112,136,47,7,78,80,64,36,18,109,14,97,132,87,143,101,93,61,124,84,90,79
116,42,30,0,126,35,1,74,60,5,131,118,24,89,41,69,111,22,105,94,54,148,144,71,73,27,96,85,125,13,127,11,145,75,81,32,133,146,2,44,117,8,14,57,18,15,100,23,107,9,48,70,92,147,149,51,104,20,129,53,140,58,123,86,34,114,40,59,88,120,65,56,38,52,122,6,4,83,63,139,108,39,45,16,98,72,10,119,121,95,82,12,134,106,37,33,62,3,113,103,79,21,67,128,142,135,143,115,28,29,49,110,19,61,26,46,130,102,141,31,55,138,68,99,76,25,43,77,112,136,47,7,78,80,64,36,84,109,17,97,132,87,66,101,93,91,124,137,90,50
116,42,30,0,126,35,1,94,60,5,31,118,24,89,4,69,111,22,105,26,54,53,144,71,95,27,96,85,125,139,127,11,145,75,81,32,133,146,2,72,117,8,14,57,18,15,113,23,107,9,48,70,92,147,149,51,115,20,129,82,140,58,123,28,34,114,40,59,88,120,65,73,38,52,122,3,45,83,63,131,108,39,97,16,98,41,10,103,121,67,37,13,134,106,130,33,62,99,86,148,79,21,68,128,44,135,143,74,100,29,49,110,56,61,119,46,50,102,141,6,55,138,12,19,76,25,43,77,112,136,47,7,78,80,64,36,84,109,17,104,132,87,66,101,93,91,124,137,90,142
7,42,27,0,78,35,1,94,60,145,31,71,24,89,4,69,111,22,105,26,118,53,144,3,95,5,96,73,125,139,127,11,75,72,81,32,133,146,2,121,115,8,14,57,18,15,113,23,107,9,48,70,92,147,149,51,36,93,129,82,100,58,123,28,54,117,40,59,88,120,20,12,38,52,122,114,45,83,63,131,108,39,97,16,98,41,10,103,116,67,37,13,46,106,130,33,62,99,86,148,79,21,68,128,61,135,143,74,112,29,49,110,56,104,119,44,50,102,141,30,6,138,65,126,76,25,43,77,142,136,47,34,85,80,64,19,84,109,17,140,132,87,66,101,55,91,124,137,90,134
7,42,27,71,78,35,1,94,147,145,31,126,45,89,4,69,111,22,105,122,118,53,144,3,26,5,36,96,125,139,127,11,75,72,81,87,90,146,2,32,115,62,14,57,18,15,113,23,107,9,48,70,92,74,149,51,60,93,129,97,100,58,21,28,33,117,40,59,88,54,20,12,38,52,29,114,112,83,24,131,108,39,0,16,98,41,10,73,116,123,37,13,46,103,130,66,120,99,86,148,79,133,68,128,61,135,143,106,95,121,67,110,56,104,119,44,50,102,141,30,6,138,65,91,76,25,43,77,142,136,47,34,85,80,64,19,84,109,17,140,132,63,49,101,55,82,8,137,124,134
33,42,27,103,78,35,1,114,147,145,60,126,45,89,4,69,111,22,105,122,66,53,119,3,26,5,36,59,125,139,127,11,75,72,81,87,20,146,2,90,115,62,61,133,18,15,113,23,107,9,48,70,30,124,50,51,74,93,129,97,100,58,21,28,117,149,40,136,88,54,7,12,38,52,29,101,112,83,24,131,108,71,0,16,98,41,10,73,39,123,92,13,46,37,130,57,120,99,86,148,79,138,68,32,14,135,143,106,95,121,67,110,56,104,116,44,31,102,128,144,6,118,96,91,76,25,43,77,142,141,47,34,85,80,64,19,84,109,17,140,132,94,49,65,55,82,8,137,63,134
33,42,27,103,107,35,112,114,147,47,60,126,78,89,4,69,111,22,39,122,66,53,119,3,26,5,143,59,105,139,36,11,75,72,81,87,104,146,2,90,115,62,61,133,34,15,113,23,51,9,48,70,30,124,50,52,74,93,129,97,100,58,21,28,117,116,144,136,88,54,7,12,38,44,29,101,57,83,24,131,108,71,0,16,138,41,10,73,149,123,92,13,46,67,130,18,120,99,86,148,79,145,20,32,14,135,1,77,95,121,98,110,56,96,40,102,31,76,128,43,6,17,68,91,127,25,45,37,142,141,125,118,85,80,64,19,84,109,106,140,132,94,49,65,55,82,8,137,63,134
33,42,27,103,107,62,112,45,147,47,60,86,124,89,4,69,111,22,17,78,66,2,54,3,26,5,143,59,105,28,36,11,75,72,25,87,104,146,137,90,133,148,58,9,34,51,113,23,39,52,48,70,30,64,50,108,74,93,129,97,100,122,21,139,117,116,144,136,88,15,7,12,38,115,29,101,57,83,24,131,53,71,0,16,138,41,10,118,149,123,121,13,46,67,130,18,120,99,81,141,79,145,20,32,14,135,1,77,95,114,98,110,56,96,40,102,31,44,128,43,6,35,68,91,127,76,126,37,142,73,125,92,85,80,61,19,84,109,106,140,132,94,49,65,55,82,8,119,63,134
75,42,133,103,107,62,99,45,82,47,30,86,124,147,4,69,12,22,17,78,66,33,54,3,26,5,143,59,105,28,38,11,0,72,25,87,104,111,137,90,67,148,58,9,34,51,113,23,39,52,48,36,60,64,50,108,73,93,129,97,100,122,21,77,117,116,144,136,88,15,109,7,70,89,29,101,32,83,24,131,53,71,55,16,20,41,10,118,149,123,121,13,46,57,130,18,120,126,81,141,79,2,74,40,14,135,1,132,95,114,98,110,56,96,44,102,31,35,128,43,6,115,68,91,127,76,27,37,142,146,125,92,85,80,61,19,84,145,106,140,138,94,49,65,139,112,8,119,63,134
75,143,5,103,107,62,99,45,82,118,47,86,124,147,93,69,12,22,17,30,66,33,23,73,26,59,29,102,105,28,83,11,0,132,25,87,121,111,137,4,67,148,58,9,34,51,113,112,39,52,48,36,60,64,50,108,38,71,129,97,100,122,21,77,117,116,144,136,88,55,109,7,70,89,2,101,32,104,24,131,53,84,14,16,20,41,10,63,149,123,114,85,46,57,130,18,120,126,81,141,79,74,140,40,13,135,1,3,95,78,98,110,56,96,44,54,31,35,128,43,6,115,90,91,127,76,27,37,142,146,125,92,15,80,61,19,72,145,106,42,138,94,49,65,139,133,8,119,68,134
75,143,85,103,20,62,99,45,82,118,49,86,124,147,97,69,12,78,93,30,66,33,23,26,107,10,13,102,105,28,83,11,0,132,46,87,121,111,137,4,67,148,58,43,34,51,113,112,39,52,48,36,73,74,50,108,38,71,57,64,55,122,21,47,117,116,144,136,88,110,109,7,70,89,2,101,81,104,24,131,53,84,14,16,29,41,59,63,129,123,114,1,106,5,130,18,120,126,17,141,79,32,140,40,44,135,77,3,95,149,98,22,56,96,9,54,31,35,128,60,6,115,90,91,127,76,27,37,142,146,125,92,15,80,61,19,72,25,100,42,138,94,119,65,139,133,8,145,68,134
95,143,58,103,20,62,99,45,82,118,49,86,124,11,97,101,12,78,93,77,66,33,23,26,107,116,13,102,105,31,83,5,0,10,46,47,121,111,137,4,67,148,30,43,34,51,64,112,39,52,48,36,73,74,50,108,38,71,57,139,55,122,21,142,117,63,144,19,88,110,72,7,35,89,2,42,81,90,69,131,53,84,14,16,29,41,59,104,129,123,65,1,106,87,130,18,120,126,17,141,79,32,140,40,44,135,113,3,75,149,98,22,56,96,9,54,70,114,128,132,6,115,136,91,127,76,27,37,80,146,125,92,15,109,61,68,85,25,100,147,138,94,119,24,28,133,8,145,60,134
95,143,57,103,20,86,99,45,82,118,49,48,124,11,97,101,12,78,93,77,26,33,23,51,107,44,13,102,105,31,83,5,0,10,66,47,121,141,137,63,67,116,62,43,34,90,32,112,39,52,146,36,17,74,50,108,38,71,73,139,55,122,21,142,117,29,144,19,88,40,110,7,35,89,2,42,81,111,69,131,53,84,25,16,119,41,59,104,129,123,65,1,4,87,130,18,120,126,27,61,148,14,140,91,106,135,113,3,75,58,98,149,56,96,9,54,70,114,128,132,6,115,136,46,127,76,134,37,80,64,125,92,15,109,22,68,85,30,100,147,138,94,79,24,28,133,8,145,60,72
95,143,57,103,4,86,99,45,82,118,49,48,124,11,97,109,12,78,101,77,26,33,23,51,107,44,13,102,105,31,42,5,93,67,66,72,144,141,137,63,125,116,62,43,34,39,32,112,2,52,146,36,17,74,106,108,38,71,9,69,55,122,21,142,64,29,20,19,88,60,110,7,35,50,121,10,81,83,28,131,53,84,25,16,119,41,59,104,129,123,37,1,111,87,139,18,120,126,27,61,148,14,140,91,73,135,113,3,75,90,98,149,56,47,58,54,70,130,128,132,6,115,136,46,127,65,134,76,80,117,89,92,15,96,22,68,85,30,100,147,138,94,79,24,0,133,8,145,114,40
95,143,57,142,4,86,29,45,82,118,106,48,124,11,52,135,109,78,101,77,26,33,23,51,107,44,13,102,145,18,42,5,93,20,66,72,144,141,137,63,125,116,54,43,34,39,111,112,2,0,146,36,17,74,123,108,38,71,9,69,84,122,21,64,10,62,65,19,88,60,110,61,35,50,121,103,89,6,28,131,53,49,25,16,119,41,59,104,129,12,37,1,100,105,139,32,120,99,27,126,148,14,140,91,73,67,113,3,75,90,98,149,56,47,58,138,70,130,128,132,81,115,136,46,127,7,134,76,80,117,55,92,15,96,22,68,85,30,87,147,83,94,79,24,31,133,8,97,114,40
95,37,57,142,4,86,139,45,82,118,133,48,124,11,52,135,109,78,91,98,26,33,23,51,107,44,13,102,145,18,29,5,93,20,66,72,144,141,137,63,125,100,54,43,75,39,111,112,15,0,146,36,17,74,123,106,38,71,2,69,84,122,35,64,10,62,65,19,89,60,110,61,108,50,121,103,116,70,28,131,53,49,25,16,83,27,59,104,129,12,55,1,34,105,30,32,120,99,101,126,148,8,58,41,73,67,113,3,140,90,24,149,56,47,114,138,143,130,128,132,81,6,136,46,127,7,134,76,80,117,21,92,14,96,22,68,85,42,87,147,115,94,79,119,31,9,77,97,88,40
95,37,57,38,4,0,139,45,82,77,133,127,124,11,52,135,70,78,91,98,26,33,97,51,107,44,83,102,145,109,29,5,93,20,66,79,144,1,137,63,125,100,54,18,75,39,111,112,15,119,146,36,17,74,123,106,141,71,2,69,84,122,24,64,10,62,65,19,118,60,110,61,108,50,121,103,116,30,28,131,41,49,25,16,68,27,59,142,129,12,48,58,34,101,104,32,120,99,7,126,149,8,148,43,73,67,113,3,140,90,96,23,56,47,114,138,143,130,128,132,81,6,89,46,86,55,134,76,80,117,21,92,14,35,22,72,85,42,87,147,115,94,13,136,31,9,105,53,88,40
95,63,57,38,89,0,109,129,82,50,133,127,124,125,52,135,87,78,91,98,1,33,37,51,107,77,83,102,145,45,29,5,93,20,66,79,144,90,23,70,112,100,54,18,75,39,111,48,105,119,146,36,17,137,123,106,11,71,2,69,84,14,24,141,10,4,65,19,97,60,110,61,108,43,121,103,116,30,28,131,41,49,25,16,68,27,59,142,44,12,3,58,34,101,104,32,120,99,7,126,149,8,148,139,73,67,113,132,140,122,96,118,56,138,26,64,143,130,128,74,81,6,114,46,86,55,134,76,80,117,21,92,15,35,22,72,85,42,62,147,115,94,13,136,31,9,47,53,88,40
95,63,57,38,89,0,109,129,82,22,132,127,124,125,52,135,87,78,91,98,1,56,37,90,133,77,53,102,145,45,29,67,93,20,66,128,144,80,23,15,112,100,54,18,75,39,110,92,105,119,146,36,17,137,123,106,11,71,2,19,84,14,24,141,10,4,65,99,97,60,69,61,108,43,111,121,62,31,28,131,41,49,25,16,68,27,70,50,44,12,48,58,34,101,104,32,120,51,7,126,149,8,148,139,73,79,107,116,140,122,96,118,5,138,26,40,143,130,30,74,81,6,114,46,86,55,134,76,142,117,21,83,33,35,136,72,85,42,64,147,115,94,13,113,59,9,47,103,88,3
95,63,57,38,89,0,139,61,82,129,132,127,124,125,37,135,15,137,91,98,1,56,26,90,133,77,53,106,145,45,29,67,93,20,66,146,144,80,104,47,112,42,54,18,72,39,138,92,105,119,21,113,17,31,128,102,11,71,2,19,84,14,24,141,10,4,86,99,97,60,8,109,108,43,123,121,62,136,28,131,41,49,25,16,68,111,70,50,44,12,48,58,34,101,75,32,120,51,7,126,149,79,148,36,73,69,107,116,140,122,96,118,5,22,87,40,143,130,30,74,81,6,114,46,27,55,134,76,142,117,110,83,33,35,23,78,85,100,64,147,115,94,13,52,59,9,65,103,88,3
95,63,62,38,92,0,139,61,82,129,20,127,83,125,37,132,15,137,91,98,103,56,26,90,133,77,33,106,145,45,29,67,93,78,66,146,144,80,104,47,112,42,54,18,72,119,39,130,105,107,21,113,46,31,128,102,11,71,2,19,84,14,24,79,53,96,86,99,97,60,8,109,108,43,123,121,111,136,28,131,41,49,30,16,68,140,70,50,81,12,100,58,34,101,75,32,120,51,7,126,149,124,148,4,73,69,48,147,25,122,116,118,5,22,87,40,89,138,135,74,44,6,114,36,27,55,134,76,142,117,110,141,57,35,23,1,85,17,64,10,115,94,13,52,59,9,65,143,88,3
95,119,62,38,92,0,139,61,82,129,10,127,83,140,37,132,15,137,91,81,103,40,51,90,133,77,33,106,145,45,131,67,93,78,66,146,144,80,104,47,112,42,63,18,72,35,134,130,105,107,21,98,46,31,128,102,11,71,2,19,39,14,24,79,53,96,86,99,68,54,142,109,108,43,97,121,74,136,28,60,41,87,113,84,16,26,70,50,8,12,100,58,34,20,75,32,120,29,7,126,149,124,148,4,56,69,48,147,25,13,116,118,5,122,123,73,89,138,135,117,44,6,114,36,27,55,111,76,30,49,110,141,57,22,23,1,85,17,64,101,115,94,125,52,59,9,65,143,88,3
95,36,62,38,92,0,139,61,82,129,10,56,83,140,37,132,15,137,5,81,103,40,51,87,42,120,33,133,99,45,131,67,93,78,66,146,144,80,104,47,112,86,63,59,69,35,134,130,52,22,98,23,46,31,128,102,11,71,77,19,39,14,21,79,53,96,48,24,68,72,142,109,108,43,97,121,16,136,28,105,41,113,60,84,119,54,70,50,8,12,100,58,34,20,75,32,110,29,145,126,149,124,148,4,90,2,18,147,25,13,116,118,127,122,123,73,89,138,135,117,44,6,114,7,27,55,111,76,30,49,107,141,57,91,106,1,85,17,64,101,115,94,125,26,74,9,65,143,88,3
95,36,62,38,54,0,139,61,123,129,10,56,83,65,37,132,15,137,5,81,103,40,52,87,124,120,33,133,99,45,146,67,112,78,66,12,144,100,104,57,116,86,63,59,43,35,134,130,69,22,98,80,46,31,128,102,34,71,77,19,39,14,21,79,53,96,23,51,68,107,142,109,108,92,97,121,16,136,28,105,41,113,60,84,119,11,70,50,8,24,72,58,47,20,75,32,110,148,145,126,149,48,93,29,90,2,18,147,25,13,114,118,127,122,42,73,101,138,135,117,94,6,131,7,27,55,111,76,30,49,89,141,74,91,106,1,85,17,64,44,115,82,125,26,140,9,4,143,88,3
95,36,62,38,54,0,139,61,123,31,10,56,51,65,37,141,15,6,5,81,103,132,52,87,124,120,113,133,99,45,146,67,112,78,66,12,144,29,20,137,3,86,63,59,117,35,134,130,22,142,147,80,46,131,104,102,34,71,77,19,39,14,21,79,53,96,23,116,68,107,47,82,108,92,97,121,16,136,28,105,41,100,60,40,119,11,70,50,8,24,84,58,9,43,75,32,110,148,145,126,149,48,93,57,18,2,72,109,25,13,90,118,127,122,42,73,101,138,135,98,94,85,128,7,114,55,111,76,30,49,89,83,74,91,106,1,33,17,64,44,115,129,125,26,140,69,4,143,88,27
95,36,1,38,105,0,139,61,123,31,10,56,51,65,28,40,15,6,5,81,103,132,52,87,124,57,113,133,92,45,146,67,83,78,66,12,144,29,141,137,3,62,111,59,37,35,134,13,22,142,147,80,46,131,18,102,34,71,77,19,39,14,21,79,53,96,23,116,68,86,8,104,20,107,97,121,16,136,106,99,63,112,60,117,119,11,70,47,82,24,84,120,9,43,75,32,118,148,145,126,149,48,50,93,41,2,72,109,25,85,90,100,127,122,42,73,101,138,135,98,94,110,128,7,114,55,130,76,30,49,89,58,74,91,108,88,33,17,64,44,115,129,125,26,140,69,4,143,54,27
95,36,1,140,105,138,139,61,123,31,10,56,51,65,28,40,15,6,110,81,70,132,52,87,124,44,113,133,92,3,67,96,83,78,4,12,144,29,141,137,103,62,111,127,85,35,134,13,22,37,147,80,46,142,18,102,34,71,77,19,39,14,146,79,91,108,23,116,68,86,8,104,20,107,97,121,16,136,106,99,63,112,49,117,119,0,53,47,82,24,84,120,38,43,45,32,118,148,145,126,149,48,50,93,41,2,72,109,25,88,90,100,60,122,59,73,101,55,11,135,94,75,128,7,114,131,130,76,30,5,89,58,74,9,143,21,33,17,64,98,115,129,125,26,57,69,66,42,54,27
95,36,1,61,105,138,52,114,123,31,10,56,2,65,108,40,15,140,17,41,70,132,24,87,124,44,113,37,92,3,21,96,110,78,4,12,144,29,141,80,103,62,111,127,85,35,48,13,133,139,147,38,46,142,18,102,34,71,77,19,39,14,146,79,91,106,23,134,51,86,8,104,116,107,97,121,16,136,109,99,63,112,49,117,28,0,53,47,82,83,84,135,11,43,45,32,118,148,145,126,149,137,50,93,119,42,72,120,81,88,90,25,60,122,59,73,101,55,22,20,94,75,128,7,67,131,130,76,30,5,89,58,74,9,143,68,33,6,64,98,115,129,125,26,57,69,66,100,54,27
95,36,1,61,121,138,52,114,123,31,10,89,79,65,108,40,15,140,124,41,62,132,24,87,126,44,113,88,39,3,21,75,110,78,4,12,144,29,141,80,103,135,111,127,32,35,109,13,133,139,147,38,46,142,66,102,34,71,77,49,48,14,19,30,91,106,85,134,51,86,8,104,105,107,143,37,16,136,149,99,63,112,84,117,28,0,53,47,82,83,116,18,11,43,45,97,118,148,145,146,56,137,73,93,119,42,72,120,81,5,90,25,60,122,59,129,101,55,22,20,94,17,128,7,67,131,130,76,92,23,2,58,74,9,70,68,33,6,64,98,115,96,125,26,57,69,50,100,54,27
95,42,1,55,121,127,52,114,123,31,138,89,79,51,108,40,15,140,124,41,75,132,24,87,126,135,113,88,48,130,21,65,110,78,4,12,144,29,141,80,103,39,111,10,32,35,46,13,133,36,16,38,49,142,66,102,34,71,139,77,50,14,19,30,91,106,85,134,60,86,8,104,105,107,143,18,90,136,149,37,63,112,84,117,28,0,53,47,82,83,43,44,11,137,45,97,118,148,145,146,116,101,73,93,119,81,72,120,99,5,3,25,56,122,59,129,109,98,22,20,94,17,128,7,67,131,62,76,92,23,2,58,74,9,70,68,33,6,64,147,115,96,125,26,57,69,100,61,54,27
95,42,1,140,17,127,52,18,60,31,138,89,81,9,108,40,15,114,124,85,75,132,24,87,126,135,113,88,48,34,21,25,110,78,41,12,144,2,141,80,103,39,51,10,32,35,46,13,133,36,16,92,49,142,66,79,136,71,139,77,50,14,47,30,130,106,111,134,102,104,8,109,105,107,123,19,90,29,149,37,63,112,84,117,28,0,53,65,82,83,43,44,11,137,45,97,118,146,145,55,116,101,73,86,119,148,72,120,99,5,3,70,56,122,59,93,91,98,22,20,94,129,128,7,67,131,62,76,4,23,143,58,74,121,38,68,33,6,64,147,115,96,125,26,57,69,100,61,54,27
43,3,32,140,17,127,52,18,115,31,138,89,70,9,108,40,15,114,124,56,75,122,98,81,126,135,113,88,48,34,0,16,110,103,41,12,144,2,141,80,46,39,128,10,78,35,132,13,133,36,125,92,49,142,66,79,136,6,139,77,50,14,47,30,130,106,111,134,42,104,8,71,105,107,123,19,90,29,149,37,63,148,84,117,28,85,53,65,82,83,87,44,11,137,45,97,118,146,145,55,116,101,73,86,119,112,72,120,99,5,95,27,57,143,59,93,91,68,1,20,94,129,25,7,67,131,62,76,4,23,51,58,74,121,38,109,33,21,64,147,102,96,24,26,60,69,100,61,54,22
43,3,32,140,17,127,52,18,115,31,138,89,100,9,108,40,69,114,124,56,75,122,132,81,48,135,113,88,55,34,0,16,110,111,41,98,123,2,141,80,46,15,36,10,78,35,63,144,72,117,125,92,128,142,66,79,136,6,59,77,50,14,121,30,130,106,139,47,42,104,8,71,5,107,73,19,90,29,149,37,86,148,84,57,28,85,53,65,23,83,87,44,11,137,45,97,118,146,145,112,116,101,82,126,119,58,21,120,99,134,95,27,133,143,12,93,91,68,1,20,94,129,25,7,67,131,62,76,4,13,51,49,74,103,38,109,33,39,64,147,102,96,24,26,60,105,70,61,54,22
43,3,32,140,17,127,42,18,115,31,138,89,142,9,108,40,69,94,124,56,134,122,34,81,48,135,113,136,55,88,0,16,120,111,41,98,123,133,141,80,46,15,36,10,78,35,63,146,72,117,125,132,128,144,66,79,101,6,59,77,50,52,121,30,130,65,139,47,147,100,8,71,5,2,73,19,90,29,149,75,86,148,92,57,28,85,53,96,23,83,87,118,11,137,45,97,145,82,110,112,116,49,14,126,119,58,21,114,99,104,95,27,106,143,12,93,91,84,1,37,102,129,25,7,67,20,62,76,4,13,51,131,74,103,38,109,33,39,64,68,107,44,24,26,60,105,70,61,54,22
43,3,123,140,17,127,118,18,115,31,138,89,142,9,108,40,69,94,124,56,134,122,34,81,116,135,113,111,55,88,110,16,120,27,41,98,82,133,141,80,46,15,36,106,78,35,143,136,72,146,125,132,48,144,66,79,101,6,59,42,50,52,121,45,130,65,139,117,147,100,8,71,47,5,73,19,90,112,149,75,86,51,92,57,148,85,53,96,23,10,87,28,11,2,33,97,145,32,128,1,105,49,14,126,119,58,21,114,99,104,95,91,83,29,12,93,137,84,63,37,102,129,25,7,67,20,62,76,4,13,77,0,74,103,38,109,60,39,64,68,107,44,24,26,30,131,70,61,54,22
43,3,75,140,17,127,118,18,115,31,138,89,142,77,108,40,45,94,124,56,134,122,34,81,73,135,113,76,55,21,110,16,9,27,41,123,120,133,96,71,46,15,79,106,78,35,143,136,72,101,125,38,48,144,66,88,107,6,59,42,121,52,63,131,130,65,139,117,147,100,8,98,47,5,132,19,90,112,102,146,86,51,92,57,82,85,53,67,23,10,87,28,11,2,33,97,145,32,128,1,105,49,14,50,119,58,126,114,99,111,95,91,83,29,12,93,137,84,22,37,116,129,25,7,54,20,62,69,4,13,148,0,74,103,80,109,60,39,64,68,141,44,24,26,30,104,70,61,36,149
43,3,70,140,17,127,24,18,115,31,138,89,35,77,108,40,45,94,124,56,109,88,104,81,73,135,113,7,55,79,110,62,119,27,74,57,120,133,96,71,46,15,65,106,78,118,143,136,72,101,125,38,48,75,76,34,9,6,123,42,1,52,63,131,130,60,139,117,134,100,8,98,47,5,132,19,90,112,102,122,86,51,92,144,82,85,53,67,23,10,87,28,21,2,33,97,145,91,128,107,105,49,14,50,20,58,126,114,99,111,95,11,83,29,12,93,137,84,22,37,116,129,25,146,54,41,59,69,4,13,148,0,121,103,80,147,66,39,64,68,141,44,142,26,30,32,16,61,36,149
43,3,70,140,17,127,24,18,115,57,138,89,35,77,108,40,45,96,124,56,41,88,104,81,73,135,113,7,116,85,110,62,119,27,74,98,120,133,79,71,46,15,65,106,78,118,143,32,72,60,125,38,48,75,76,34,129,6,123,42,1,9,63,131,130,55,139,117,134,100,8,30,47,5,132,19,90,112,83,122,86,51,28,144,82,20,53,54,95,13,66,91,21,2,33,97,145,52,128,107,105,59,14,50,26,58,126,114,99,111,49,23,94,29,12,93,137,84,22,37,101,92,136,146,10,109,87,69,4,11,148,0,121,103,80,147,102,39,64,68,141,44,142,25,31,67,16,61,36,149
43,3,70,136,149,127,24,18,115,57,138,88,35,77,108,40,106,96,124,56,41,13,104,4,73,142,113,7,116,85,110,62,119,81,147,75,120,133,79,71,46,15,45,102,27,122,128,32,72,60,125,38,48,83,76,34,129,6,123,42,1,135,63,131,130,55,139,117,134,100,8,52,47,5,132,19,90,112,17,87,86,51,28,144,82,20,53,54,95,121,66,91,21,118,33,97,145,84,98,107,105,59,14,50,26,58,126,114,99,64,2,23,94,29,12,93,137,111,22,37,101,92,31,146,10,109,9,69,89,11,148,0,30,103,80,49,143,39,16,68,141,44,65,25,74,67,78,61,36,140
43,63,14,136,32,127,80,92,115,46,138,88,35,77,108,40,106,96,124,56,70,13,9,4,73,134,112,7,116,85,110,62,119,81,147,75,120,133,79,71,117,15,45,102,27,113,128,39,72,60,125,38,132,83,76,53,129,149,123,42,1,135,48,131,130,55,139,3,52,100,8,89,47,41,24,19,90,5,17,142,86,51,28,141,87,20,122,54,104,121,66,91,21,118,33,143,145,84,98,107,105,59,93,50,26,58,126,114,99,64,2,23,94,29,12,6,137,111,22,37,101,144,31,146,10,109,82,69,34,11,148,0,30,103,95,49,18,57,16,68,97,44,65,25,74,67,78,61,36,140
43,63,14,70,32,136,37,92,115,46,138,88,35,77,108,40,106,140,60,56,83,13,28,125,73,112,119,7,116,85,110,62,2,81,147,75,120,133,79,71,3,15,45,102,27,113,128,39,72,69,93,38,132,53,76,22,129,149,123,80,1,135,48,131,130,109,137,33,52,100,8,89,47,41,24,19,90,5,17,142,86,51,78,141,87,20,134,54,104,121,66,91,21,99,117,143,145,84,98,107,105,59,124,50,118,58,126,114,96,64,139,26,94,29,23,6,12,111,127,31,101,144,9,146,10,55,82,122,34,11,148,0,30,103,95,49,18,57,16,68,97,44,65,25,74,67,42,61,36,4
43,63,14,70,32,136,37,92,115,46,138,88,35,77,60,100,106,140,72,56,83,13,28,125,107,112,119,7,3,103,110,62,2,6,147,75,120,38,79,71,84,15,45,102,27,143,128,39,16,81,93,123,132,53,76,50,129,149,24,80,1,135,48,131,130,109,137,33,133,22,8,89,47,41,85,19,90,5,73,142,86,51,78,141,87,95,134,54,55,121,66,91,21,99,117,20,145,113,116,52,139,59,124,17,118,58,108,114,96,64,104,26,94,29,23,105,12,111,127,31,101,144,9,4,10,69,82,122,34,11,148,0,30,146,98,49,18,126,67,68,97,44,65,25,74,40,42,61,36,57
69,63,14,102,32,136,37,92,58,46,138,88,107,77,60,100,70,134,43,56,83,13,28,125,1,112,119,7,3,72,110,62,2,6,147,75,120,140,79,109,84,15,45,24,27,143,42,39,16,81,93,123,132,53,76,50,129,149,89,71,41,135,48,121,23,103,137,33,133,22,8,38,47,18,85,19,90,5,128,142,86,17,78,141,87,95,80,54,55,114,35,91,21,99,117,20,145,113,116,52,139,59,124,115,118,66,108,73,96,64,104,26,94,29,106,10,148,111,127,31,101,144,9,4,131,130,82,122,34,11,12,51,30,146,98,49,105,126,67,68,97,44,65,25,74,40,0,61,36,57
69,63,14,102,32,11,37,21,58,46,138,28,107,77,60,100,70,113,43,56,83,13,141,125,1,112,119,7,3,72,110,62,2,6,147,75,120,140,79,40,116,90,45,86,27,143,136,39,88,47,93,123,132,53,76,129,109,149,89,71,41,135,42,121,23,106,137,33,134,22,8,38,108,18,85,19,103,5,130,142,20,17,78,128,87,95,80,54,55,114,35,91,84,99,24,92,145,15,4,52,139,133,124,115,118,66,16,73,96,64,104,26,94,29,48,10,148,111,127,131,31,144,9,59,117,81,82,122,34,50,12,51,30,146,98,49,105,126,67,68,97,44,65,101,74,25,0,61,36,57
69,41,14,102,98,144,37,21,58,46,138,28,107,79,60,0,70,113,43,56,83,131,141,125,1,112,119,97,3,72,110,62,63,6,147,42,120,140,106,32,116,90,5,86,27,143,136,39,88,47,93,123,132,53,121,129,109,87,89,71,118,135,103,75,23,76,137,33,134,77,8,38,108,18,85,19,2,45,130,142,20,145,78,80,127,95,149,54,55,114,35,91,84,99,24,92,49,15,4,52,11,133,124,115,100,66,16,73,96,139,104,26,94,29,48,10,148,111,128,64,31,101,9,59,117,81,82,122,34,50,40,51,30,146,7,12,105,126,67,68,17,44,65,22,74,25,13,61,36,57
69,41,14,102,98,80,37,21,58,46,138,28,107,79,60,0,70,113,43,56,67,131,141,125,1,112,129,97,109,72,110,62,63,6,147,116,120,39,106,35,100,90,5,86,30,143,136,140,88,47,93,8,132,16,121,115,139,87,89,71,118,135,103,75,23,81,137,33,134,77,94,38,108,18,85,19,2,45,130,142,20,145,133,53,3,95,27,54,55,114,68,91,84,99,24,92,49,15,4,149,11,119,124,144,78,66,29,73,96,32,104,26,83,105,48,10,148,111,128,64,31,101,9,59,117,42,82,122,34,50,40,51,123,52,7,12,76,61,13,127,17,44,65,22,74,25,146,126,36,57
96,119,14,102,98,80,37,21,58,40,138,28,107,79,60,0,70,113,43,56,67,131,115,125,1,112,129,76,109,72,111,62,63,6,147,103,120,39,106,100,34,90,5,86,30,143,136,140,88,47,93,8,132,110,35,36,139,87,89,71,118,135,51,75,23,81,137,33,134,97,146,38,108,18,85,19,2,83,77,142,20,145,123,53,22,95,27,54,55,114,68,91,130,99,24,92,49,15,4,149,11,46,124,144,78,66,29,16,45,32,104,26,94,9,48,10,148,116,128,64,31,101,105,59,117,141,82,41,84,50,73,133,121,52,7,12,65,61,13,127,17,44,69,3,74,25,122,126,42,57
96,119,14,102,98,80,37,21,58,40,49,28,73,79,60,0,70,113,43,95,67,131,115,125,1,112,135,76,109,72,47,62,63,111,13,15,120,39,106,100,34,90,5,86,30,143,136,140,88,123,93,8,130,110,35,36,139,133,89,71,107,78,51,91,23,81,137,33,134,97,146,38,108,87,85,19,2,147,77,142,126,145,74,129,22,52,27,54,55,114,68,69,132,99,24,92,118,56,4,103,75,46,124,144,11,66,29,16,45,121,104,26,94,9,48,10,148,116,128,64,31,101,105,59,117,141,82,41,84,6,18,20,50,138,7,12,65,149,83,127,17,44,61,3,32,25,122,53,42,57
35,119,14,102,98,80,57,21,126,40,141,28,73,79,60,71,70,113,43,95,67,131,115,125,1,112,135,86,109,72,47,62,33,111,13,15,120,39,106,26,94,90,5,46,30,143,136,49,88,140,93,84,63,110,128,81,139,133,89,8,107,0,51,91,23,54,137,130,134,97,146,38,52,87,85,19,2,65,77,142,25,123,74,78,22,34,27,36,55,114,100,69,132,99,24,92,118,56,4,103,75,147,124,144,11,66,29,16,45,121,104,145,76,9,48,10,148,116,122,64,31,101,105,59,117,58,82,41,37,6,18,20,50,138,7,12,68,149,83,127,17,44,61,3,32,96,129,53,42,108
88,119,14,102,98,80,21,53,126,40,141,28,73,79,60,71,70,113,62,68,38,131,124,125,1,112,140,86,109,72,47,24,33,111,13,15,120,133,106,26,94,90,5,46,30,143,136,49,39,32,93,84,63,110,128,114,139,103,105,8,107,2,51,91,23,54,137,130,134,97,146,18,52,87,85,19,104,57,77,145,25,123,74,37,22,34,27,36,55,43,100,69,132,99,142,92,118,0,4,17,75,147,9,144,11,66,29,16,45,65,121,35,76,56,48,10,148,116,122,64,31,101,78,59,117,58,82,41,89,6,20,115,50,138,7,12,81,149,83,127,67,44,61,3,135,96,129,95,42,108
88,119,14,67,98,80,21,53,126,40,141,28,73,79,60,11,70,102,62,68,144,131,124,125,1,112,140,86,109,4,47,24,59,33,13,15,120,133,106,26,94,90,5,46,30,56,8,49,111,36,93,84,63,110,113,103,137,100,105,7,107,2,51,91,23,54,114,130,134,97,146,127,52,87,85,19,104,57,77,145,25,29,74,147,22,34,27,50,55,136,118,69,132,99,142,92,71,0,43,17,75,123,72,18,122,66,9,16,45,65,121,35,76,38,48,10,148,116,128,64,31,101,78,39,117,58,82,41,89,6,20,115,81,138,37,12,139,149,83,143,32,44,61,3,135,96,129,95,42,108
95,119,13,67,98,80,21,53,126,2,141,28,73,79,16,132,70,102,62,68,144,131,124,77,130,112,140,86,109,4,47,24,59,33,46,15,120,133,106,26,94,85,5,44,146,72,8,49,111,36,93,84,63,110,78,103,137,100,105,7,107,122,51,91,23,54,14,31,134,97,61,127,52,87,11,19,104,57,40,145,25,29,138,147,22,34,135,50,55,136,118,69,88,114,142,92,71,0,43,17,75,123,60,18,89,66,9,30,45,125,121,41,76,38,48,10,148,116,128,64,74,101,65,39,117,58,82,35,1,6,20,115,81,27,37,56,139,149,83,143,32,90,99,3,113,96,129,12,42,108
95,119,13,67,98,80,21,53,126,2,141,34,73,79,16,132,70,102,62,68,144,23,124,77,81,112,28,86,109,58,3,24,59,45,46,125,120,133,106,26,94,85,5,83,25,72,146,49,111,36,93,84,63,110,78,103,137,100,105,140,107,122,51,91,134,38,44,8,19,97,61,127,52,87,11,10,57,33,40,145,101,29,138,22,50,47,135,130,17,136,118,69,88,114,142,92,71,0,43,54,75,123,60,18,89,7,9,30,55,147,121,41,76,131,48,14,148,116,128,31,74,15,65,39,117,64,82,35,1,6,20,115,4,27,37,56,139,149,104,143,32,90,99,66,113,96,129,12,42,108
95,119,13,67,60,80,97,53,126,2,141,34,69,79,133,132,70,102,114,68,144,23,124,135,81,77,28,86,48,58,3,96,112,45,109,21,24,62,106,30,26,85,5,83,25,72,146,49,111,36,93,84,63,110,78,103,137,113,105,140,107,122,51,1,134,38,44,8,19,9,32,127,52,87,11,10,57,33,40,145,101,29,138,22,50,91,149,130,17,136,118,100,88,61,142,92,71,0,43,54,75,123,73,18,89,7,98,16,55,147,121,41,76,120,64,14,148,116,125,31,74,15,131,39,117,6,82,35,65,47,20,115,4,27,37,56,139,59,104,143,94,90,99,66,46,128,129,12,42,108
95,119,13,79,60,57,97,53,147,77,149,5,69,114,133,132,70,102,87,68,144,23,124,135,56,141,28,67,48,58,3,96,112,59,76,21,24,62,34,30,26,85,126,83,25,72,146,49,111,36,93,84,63,110,78,90,137,115,105,80,107,122,51,1,134,38,44,8,19,9,32,127,52,91,11,10,106,33,40,145,42,29,138,22,50,81,118,130,17,136,101,100,88,61,142,92,65,0,43,54,75,123,73,18,89,7,98,16,140,113,121,41,86,120,64,45,148,116,125,31,74,15,131,39,117,6,82,35,103,47,20,2,4,27,37,46,71,14,104,143,94,66,99,55,139,128,129,12,109,108
95,119,74,79,132,57,97,53,92,77,149,5,69,30,133,40,70,102,87,68,144,19,124,60,73,125,28,67,48,112,3,96,4,59,76,21,24,62,34,117,17,85,126,83,25,72,146,49,111,36,105,84,63,110,78,90,137,115,148,135,107,13,51,1,81,38,44,8,147,122,32,127,9,91,11,10,106,33,82,145,42,29,138,22,50,58,118,130,134,136,101,114,88,61,142,55,65,0,43,54,75,56,7,18,89,93,98,16,140,113,121,41,86,120,64,45,23,116,26,31,14,15,131,39,100,6,141,35,103,47,20,2,108,27,37,46,71,123,104,143,94,66,99,80,139,128,129,12,109,52
95,119,137,79,132,57,97,111,92,77,149,5,4,30,118,40,91,102,53,68,87,144,124,60,73,125,28,67,48,112,3,96,145,59,76,21,24,62,34,117,17,85,126,90,43,109,146,49,131,36,105,29,63,110,99,114,19,115,148,135,107,13,51,1,81,38,44,8,78,83,32,127,9,80,11,10,106,33,45,122,42,12,138,22,50,58,74,130,134,136,101,65,82,61,142,55,72,0,15,54,75,56,7,18,89,84,98,16,140,113,121,41,86,120,64,35,23,116,26,31,14,25,70,39,100,6,141,147,103,47,20,2,108,27,37,46,71,123,104,143,94,66,93,52,139,128,129,88,69,133
147,119,77,79,104,57,97,11,92,132,149,5,4,30,72,40,91,118,102,68,87,142,124,60,73,125,28,67,48,112,3,96,145,59,76,21,24,62,120,117,17,85,126,90,94,109,146,111,131,36,105,29,63,110,99,114,19,115,148,135,23,13,106,1,81,38,44,8,78,83,32,127,80,46,82,39,107,33,144,122,42,12,138,22,50,58,74,6,134,136,101,65,130,61,51,55,10,0,15,54,75,56,7,18,89,123,98,16,140,113,121,41,86,45,64,35,53,116,26,34,14,25,70,9,103,100,84,141,49,47,20,2,108,27,37,137,71,31,43,143,95,66,93,52,139,128,129,88,69,133
147,119,33,1,104,57,97,11,30,132,149,5,4,99,72,40,89,118,102,68,87,32,124,60,86,100,28,67,48,112,3,125,145,59,76,21,24,62,120,117,17,85,37,90,71,109,146,111,131,36,105,29,121,110,35,94,19,115,148,135,23,13,106,63,81,15,44,8,78,83,138,127,80,46,82,39,16,61,144,122,42,12,77,22,141,58,74,6,134,136,101,65,130,49,50,142,10,0,51,54,79,56,7,18,38,123,98,73,140,113,91,41,126,55,64,75,96,116,26,34,14,25,70,9,103,114,84,107,92,47,20,2,108,27,45,137,53,31,43,143,95,66,93,52,139,128,129,88,69,133
147,119,33,1,104,57,148,11,30,132,149,5,4,99,72,40,89,85,88,68,87,32,102,26,14,100,55,28,48,112,3,125,145,59,76,21,24,122,120,117,17,19,37,90,71,109,146,92,131,113,105,29,121,110,35,114,97,115,118,124,23,13,106,51,81,15,44,8,78,83,138,127,80,46,82,39,16,61,144,60,42,12,77,22,141,58,74,6,134,136,36,65,142,49,50,41,10,0,62,54,94,56,7,18,38,123,98,73,2,111,91,135,126,103,64,75,96,116,67,34,130,25,70,9,101,108,84,107,133,86,20,140,79,27,45,137,53,31,43,143,95,66,93,52,139,47,129,63,69,128
147,119,33,45,104,57,148,11,114,91,149,5,4,82,72,40,89,125,88,68,59,63,102,26,14,39,55,28,48,112,3,86,124,67,76,21,24,122,120,117,17,19,37,73,71,109,146,23,116,99,105,29,121,110,35,74,97,115,118,30,100,13,106,9,81,15,44,8,78,83,138,127,51,46,0,47,16,61,144,60,42,145,77,22,141,58,27,6,92,136,36,65,142,49,50,41,10,32,62,54,94,56,7,18,1,123,98,131,2,111,38,135,126,103,64,75,96,90,132,34,130,25,70,31,101,108,84,107,133,80,20,140,79,134,85,137,53,113,43,143,95,66,93,52,139,87,129,12,69,128
125,119,55,42,104,57,148,11,114,91,21,5,82,108,7,40,89,109,149,98,59,63,102,26,4,56,6,28,48,112,3,94,124,67,76,8,24,122,120,117,97,19,37,73,71,10,146,23,72,62,105,29,121,110,35,74,147,115,118,30,100,13,106,9,81,15,44,86,78,83,138,127,51,46,0,47,16,61,144,45,99,145,77,22,141,107,27,39,92,136,36,65,142,49,14,41,33,32,116,54,70,88,68,18,1,123,129,131,2,111,38,58,126,103,64,75,96,90,132,34,130,25,31,60,101,135,84,17,133,80,20,140,79,134,85,137,53,113,43,143,95,66,93,52,139,87,50,12,69,128
12,119,70,42,104,57,148,0,98,91,21,5,82,108,38,40,89,72,149,73,59,96,102,26,4,56,6,145,48,112,3,47,124,28,80,8,24,128,120,117,134,19,37,114,33,10,146,23,49,62,55,29,121,110,35,74,147,115,136,30,100,13,106,9,11,15,44,109,94,83,138,127,51,46,7,63,16,61,144,45,99,122,77,22,71,107,27,39,92,81,36,65,142,105,14,41,118,32,116,54,78,88,68,18,1,123,129,131,2,111,125,58,126,103,64,67,97,90,132,34,130,25,31,86,101,135,84,17,133,141,20,140,79,60,85,137,53,113,43,143,95,66,93,52,139,87,50,76,69,75
12,119,70,15,114,57,148,0,98,91,21,5,82,108,38,40,89,72,149,73,59,96,103,26,4,125,6,145,48,81,56,3,124,28,80,8,24,128,120,117,134,19,37,123,33,10,146,23,49,25,55,29,121,110,66,74,147,115,130,30,127,13,106,87,11,78,44,109,94,83,35,9,104,46,7,43,16,61,144,45,99,122,63,22,71,107,27,39,92,77,36,138,142,105,14,41,118,32,116,42,62,88,68,18,1,85,129,131,2,111,140,58,126,47,64,67,97,90,132,34,54,136,65,86,101,135,84,76,133,141,20,17,51,60,31,137,53,113,102,143,95,112,93,100,139,52,50,79,69,75
53,119,77,15,114,57,67,0,40,91,21,80,82,108,123,113,89,72,87,73,59,96,103,26,4,125,6,145,48,81,50,110,124,28,37,8,24,128,120,117,134,19,148,20,33,10,146,23,49,25,12,29,121,18,66,56,147,14,130,30,127,34,106,74,11,78,55,109,94,83,35,9,38,46,7,43,16,61,144,45,99,122,63,22,71,107,27,39,92,115,93,138,142,105,36,41,118,32,116,42,62,97,68,5,1,104,129,131,2,149,140,58,126,47,64,111,132,90,98,85,54,136,65,86,101,135,84,76,133,141,88,44,51,60,31,137,3,17,102,143,95,112,70,100,139,52,13,79,69,75
