0,1,2,3,4,5,6,7,8,9,10,11,12,13,14,15,16,17,18,19,20,21,22,23,24,25,26,27,28,29,30,31,32,33,34,35,36,37,38,39,40,41,42,43,44,45,46,47,48,49,50,51,52,53,54,55,56,57,58,59,60,61,62,63,64,65,66,67,68,69,70,71,72,73,74,75,76,77,78,79,80,81,82,83,84,85,86,87,88,89,90,91,92,93,94,95,96,97,98,99
41,13,9,3,4,11,92,18,84,91,35,20,38,16,8,22,85,17,52,70,95,89,26,23,24,5,44,43,39,15,0,31,27,33,45,7,54,25,48,21,51,55,78,90,76,82,46,74,63,49,68,10,37,75,19,50,56,69,72,59,99,32,28,6,64,42,36,67,12,86,60,71,14,73,94,40,2,77,87,79,80,81,47,83,65,53,29,62,88,66,34,61,30,93,58,57,96,97,98,1
65,28,80,83,30,11,92,44,2,78,81,16,38,77,70,31,85,89,75,7,22,49,90,95,20,5,87,43,96,34,66,71,18,35,48,13,54,33,59,21,67,79,56,50,76,99,46,8,63,29,82,10,17,72,19,47,68,15,57,62,91,32,45,6,12,42,36,25,55,86,60,4,14,37,51,84,61,74,98,0,27,52,23,1,41,53,69,3,88,64,9,24,26,93,58,39,73,97,94,40
42,85,80,83,86,90,20,66,34,11,33,31,49,96,32,25,30,89,87,7,57,94,37,41,62,5,38,52,50,13,47,71,28,35,61,74,16,27,59,39,78,19,56,14,76,99,95,44,70,36,75,10,17,72,43,2,91,82,98,46,93,65,63,79,68,8,29,48,55,40,60,4,67,88,15,84,97,81,24,0,18,22,23,1,45,53,58,3,77,64,9,6,12,69,21,73,51,26,92,54
68,85,30,52,31,90,11,66,23,75,69,72,63,96,27,98,26,44,13,65,17,92,24,4,71,5,38,87,60,94,47,97,70,15,86,74,16,9,59,39,78,73,56,14,88,99,57,3,8,50,36,20,48,41,33,2,91,10,21,89,93,37,6,54,80,45,43,95,35,40,25,61,64,22,62,55,0,81,32,29,19,58,46,1,7,53,42,67,77,79,18,82,12,34,49,84,51,76,83,28
20,85,7,6,97,90,11,75,23,60,12,72,64,96,70,62,47,19,52,84,82,69,66,4,92,46,68,87,24,63,3,51,50,79,15,56,93,16,59,39,78,65,14,10,88,33,44,49,8,61,22,76,48,30,17,1,73,83,21,95,34,45,55,28,80,81,71,9,35,40,25,86,18,43,37,41,0,5,13,29,38,58,36,74,26,91,42,67,77,27,94,98,99,53,57,89,31,32,54,2
0,37,98,8,52,90,11,66,6,60,63,9,64,47,70,46,84,32,62,1,28,83,17,71,92,75,50,99,68,53,76,35,67,41,15,57,23,16,7,97,85,79,26,94,88,30,44,49,20,74,22,39,48,96,61,18,78,12,21,95,65,45,31,25,80,2,73,43,59,40,33,86,36,89,72,81,10,55,13,87,38,58,19,42,51,91,56,34,77,27,93,54,82,5,14,3,29,69,4,24
42,37,45,53,52,19,87,89,15,28,73,40,84,47,70,58,0,32,62,80,67,83,26,65,12,76,50,99,92,23,88,1,54,41,48,98,63,16,17,24,34,27,46,97,60,30,11,14,77,9,3,6,56,96,75,18,61,38,72,13,79,66,21,25,57,2,64,43,95,22,33,59,85,86,20,8,68,55,94,5,36,10,49,44,51,91,39,35,90,81,93,78,82,71,7,74,31,69,4,29
86,43,45,67,52,2,82,71,15,6,10,94,51,47,17,16,28,83,27,0,7,44,26,13,30,55,50,4,92,76,88,1,40,41,48,60,42,3,97,57,80,22,29,54,34,14,91,32,77,39,11,93,56,31,75,18,61,38,99,89,79,37,24,46,62,25,53,66,19,12,96,59,95,9,20,8,85,74,70,63,36,58,98,21,90,68,64,23,84,81,73,78,33,5,65,72,49,69,87,35
67,80,45,92,13,32,82,71,91,61,10,94,93,47,75,16,12,44,64,0,83,58,6,42,30,51,81,26,99,20,52,1,66,43,2,60,9,63,97,57,62,48,79,3,7,21,95,78,33,39,8,53,74,56,46,17,18,38,49,89,27,88,50,28,77,25,37,31,15,11,76,86,96,84,90,14,85,5,70,4,36,35,34,69,59,68,40,23,22,54,73,29,98,19,65,72,87,41,24,55
62,80,35,92,58,44,50,77,60,61,10,78,56,3,45,90,2,21,64,14,47,86,6,55,42,54,32,26,67,15,52,8,66,29,36,43,97,59,95,57,74,48,7,51,91,41,5,99,33,40,71,53,68,85,79,11,82,38,12,46,27,24,30,17,39,25,13,89,94,28,76,88,96,84,63,87,93,70,37,4,49,69,31,65,20,16,83,18,22,0,73,23,98,19,9,72,75,34,81,1
27,81,20,45,10,58,89,83,33,61,96,78,6,70,51,55,38,73,19,44,25,8,12,59,42,54,32,48,92,15,52,37,7,14,36,57,18,1,65,16,41,46,72,35,91,75,0,5,23,40,71,2,68,85,9,29,79,77,21,4,49,43,69,17,39,62,13,11,50,80,76,88,95,84,63,87,93,99,30,94,82,64,31,90,98,97,24,26,22,67,3,86,74,28,53,60,47,34,56,66
19,22,13,18,66,17,59,68,43,92,96,78,6,70,76,4,90,10,54,20,64,34,12,95,83,55,38,48,69,94,52,7,85,86,36,57,15,27,67,16,41,35,97,61,91,47,42,75,51,40,46,8,2,3,71,79,32,58,21,25,49,73,89,98,14,77,26,11,37,80,1,88,30,24,63,87,53,99,45,72,82,0,29,81,9,62,93,50,39,31,33,65,74,23,5,60,84,44,56,28
41,22,49,0,39,59,13,16,94,92,96,18,64,52,76,4,50,10,72,47,21,68,12,90,74,6,7,71,1,35,83,14,25,51,36,77,15,70,26,60,84,34,63,37,88,31,42,75,73,87,82,89,61,3,79,2,69,8,81,66,95,32,55,98,97,20,53,11,29,80,86,57,85,19,67,38,58,17,30,24,43,27,45,99,9,62,93,54,40,78,33,65,46,23,5,91,48,44,56,28
25,22,94,36,39,48,54,12,96,92,0,17,23,47,81,8,50,32,99,74,24,14,59,90,76,40,51,31,5,35,21,72,29,98,67,70,7,46,26,60,84,34,56,37,42,83,45,11,9,2,52,41,85,3,79,15,88,93,13,6,95,49,55,58,97,20,18,75,77,44,86,57,64,19,61,38,27,71,80,89,66,69,87,4,30,62,65,16,73,78,33,10,82,53,1,91,28,43,63,68
25,22,94,70,39,16,38,9,96,7,32,19,52,35,81,50,54,11,29,74,18,87,40,33,82,92,49,31,23,34,98,71,76,79,4,58,10,37,24,48,95,36,56,68,66,83,64,72,85,2,89,41,5,3,97,15,53,93,51,6,88,14,55,77,17,0,67,75,21,42,90,57,84,45,20,73,27,43,80,91,26,86,47,28,30,62,13,12,46,78,61,8,60,69,99,1,65,44,63,59
41,42,94,70,39,95,38,12,96,77,24,92,52,53,81,1,79,11,29,63,71,65,40,87,58,15,2,44,9,34,98,78,76,48,28,8,10,37,20,62,7,57,61,27,93,97,21,31,80,18,89,17,67,51,50,72,22,6,86,5,73,3,55,49,75,0,25,45,35,66,64,74,43,56,82,32,16,88,54,91,26,30,47,90,13,46,33,84,83,23,4,68,60,69,99,14,19,36,85,59
20,81,10,70,30,95,60,12,73,39,24,50,94,47,68,54,34,57,29,16,45,65,40,17,51,15,42,77,28,52,98,78,7,96,71,89,74,85,53,62,37,56,38,64,5,97,21,31,80,48,8,83,72,93,76,90,22,92,33,9,43,3,36,49,11,14,67,44,35,1,0,55,32,82,87,66,27,88,18,91,23,86,58,25,75,46,79,19,2,41,4,59,63,69,99,13,6,61,84,26
20,6,37,69,39,95,27,47,67,56,84,48,94,52,19,57,34,21,29,97,30,74,68,17,51,12,42,50,88,73,13,22,7,96,54,89,64,85,53,62,41,59,38,65,5,2,70,87,80,35,61,63,93,3,76,60,98,18,9,81,78,16,44,49,11,14,10,90,33,71,24,77,75,4,43,82,83,99,8,91,86,36,58,32,23,46,40,25,92,1,0,28,15,72,66,31,79,55,45,26
0,6,4,69,65,42,8,33,10,56,89,62,94,82,98,54,17,46,70,85,48,43,68,52,86,12,99,50,31,73,13,39,55,96,80,79,64,53,34,74,59,18,38,14,91,3,36,87,5,35,61,30,15,28,41,60,29,37,9,66,63,2,44,49,11,40,58,90,92,57,25,16,1,19,76,97,51,47,45,77,67,84,22,32,23,27,24,81,71,20,7,88,75,72,21,78,95,83,93,26
53,73,68,12,29,44,62,33,15,8,25,7,56,82,98,5,45,46,47,37,84,28,11,52,70,88,20,50,31,90,13,86,65,18,75,58,87,60,77,74,59,6,22,14,17,0,23,3,39,35,95,30,67,10,41,72,66,42,9,16,54,89,83,49,99,85,57,81,92,36,2,38,1,26,76,97,79,51,91,32,80,63,48,4,21,27,24,34,71,55,40,96,61,69,64,78,94,19,93,43
47,36,74,20,19,11,37,33,77,62,92,7,93,82,1,48,38,4,78,16,12,90,30,52,34,88,40,5,42,68,56,86,8,18,23,58,55,89,81,84,39,25,46,14,17,95,0,3,22,79,61,98,75,99,50,53,27,65,31,13,54,15,10,49,59,85,83,26,67,45,2,6,44,72,76,97,51,71,91,32,80,63,35,9,21,60,96,94,24,66,41,29,28,69,64,57,87,70,73,43
78,7,98,66,19,69,37,49,33,62,92,61,93,54,79,20,14,97,15,88,12,17,8,75,91,36,96,30,42,53,56,87,83,18,40,11,21,89,32,84,1,80,67,0,85,95,73,3,22,55,24,94,64,90,50,86,81,65,46,23,27,51,10,48,59,38,63,44,57,28,2,26,74,5,34,39,99,71,4,77,47,25,35,58,52,72,16,9,31,82,41,29,13,45,6,68,76,70,60,43
51,7,98,66,76,81,74,3,49,78,8,77,93,41,79,61,14,97,57,88,24,96,38,42,91,20,60,30,54,80,53,92,15,55,52,75,99,89,11,59,69,62,67,28,85,73,18,71,22,19,40,83,64,94,5,86,47,16,87,23,65,82,10,32,1,35,63,45,95,43,2,27,72,21,33,37,39,13,56,9,4,25,44,58,26,70,34,0,31,17,6,29,50,12,84,68,90,36,48,46
47,61,18,66,53,81,56,31,26,22,7,77,98,80,32,94,76,79,55,88,36,96,23,68,38,1,60,91,15,84,10,92,50,57,52,74,37,14,29,6,69,75,82,28,63,73,20,71,99,19,97,83,42,95,21,86,90,16,87,45,65,43,70,5,33,30,25,24,9,89,58,27,72,3,11,51,2,49,17,4,64,13,44,67,41,62,34,0,8,59,40,35,85,39,12,93,54,78,48,46
47,54,8,66,9,77,56,11,2,52,82,25,0,22,95,30,85,68,59,40,55,96,36,7,38,70,60,91,32,84,86,92,50,57,61,74,37,14,29,6,71,16,97,63,49,73,20,3,99,35,81,87,42,72,67,64,75,76,45,31,83,88,98,39,33,21,12,94,44,27,58,62,5,19,79,89,46,93,17,1,28,48,23,43,41,18,26,53,24,51,15,65,13,4,10,90,34,78,80,69
47,92,8,66,9,71,56,6,2,69,53,98,10,80,19,30,76,15,59,40,21,82,22,7,61,42,60,91,41,33,86,52,13,57,49,74,24,14,23,32,96,58,97,90,48,95,18,78,55,88,62,28,51,25,67,64,81,31,20,70,29,38,3,39,4,45,79,94,44,46,1,17,5,84,75,99,63,89,65,54,50,72,16,43,26,83,93,37,36,87,85,11,0,73,68,27,34,12,35,77
28,40,72,66,9,93,79,60,2,35,53,62,21,85,14,30,76,33,37,67,80,10,71,3,61,42,81,95,41,82,12,94,97,57,65,25,22,92,49,78,96,87,46,89,90,23,13,70,69,50,19,44,36,48,20,64,54,31,55,88,47,38,59,39,4,0,11,45,98,34,1,32,74,84,75,99,58,63,86,5,15,16,17,43,26,83,18,24,27,6,51,8,91,73,7,56,68,29,52,77
21,18,85,56,69,93,9,60,71,50,16,86,51,72,14,20,76,12,37,22,80,17,40,2,3,75,61,36,33,82,59,42,54,68,43,45,8,92,49,78,97,24,19,89,90,39,38,70,73,10,13,28,48,94,77,64,23,0,55,88,30,99,91,4,79,87,31,67,44,57,1,32,74,34,47,65,26,63,58,5,15,11,96,35,81,83,53,98,27,46,25,6,66,84,41,95,29,7,52,62
43,75,92,21,50,93,7,60,71,68,63,4,36,44,88,17,49,48,11,18,80,2,62,19,9,0,8,37,91,51,45,42,55,76,94,38,85,54,70,65,97,24,61,95,84,39,58,12,6,66,13,28,3,14,87,64,20,29,99,16,30,34,86,52,1,27,31,67,77,57,40,69,10,90,47,46,26,15,23,5,32,35,96,56,81,83,53,98,73,74,25,33,59,82,41,78,72,89,79,22
97,76,1,14,84,93,51,60,53,75,8,16,34,7,88,77,66,48,11,26,71,67,62,29,9,19,49,37,0,30,89,42,55,41,70,20,85,54,18,17,83,24,74,95,44,39,96,12,90,68,25,28,92,58,63,65,40,47,99,73,78,87,86,4,72,27,31,21,98,57,82,45,59,36,46,23,50,15,22,5,13,94,80,91,35,38,52,32,43,81,33,56,10,6,64,3,69,2,79,61
70,71,1,79,56,93,51,69,85,75,40,87,34,7,78,61,20,27,46,83,30,31,8,94,77,11,53,95,29,24,22,42,55,84,68,76,63,43,82,98,32,91,74,52,44,4,96,12,28,35,99,14,5,92,33,65,48,47,73,66,45,54,86,41,72,10,25,80,59,57,89,49,6,19,88,23,50,15,26,36,13,64,21,18,67,38,37,9,62,81,90,97,16,58,17,3,0,2,60,39
55,86,25,21,36,93,51,39,48,70,56,87,79,40,78,84,67,27,52,83,53,62,23,71,76,11,14,45,77,7,49,33,75,24,68,46,28,8,98,69,32,91,95,20,44,94,61,63,12,43,29,15,6,72,99,30,88,47,58,41,34,85,57,90,96,66,89,80,59,31,54,65,50,19,4,0,42,74,26,5,13,64,60,17,92,38,22,9,35,81,73,97,16,1,37,3,82,2,10,18
61,86,97,91,58,93,98,78,0,21,36,34,79,64,55,84,12,42,50,83,1,4,74,89,76,11,14,45,16,88,52,39,62,40,32,46,28,8,51,18,25,68,95,77,20,54,59,63,57,60,29,38,2,72,99,30,41,47,90,3,75,65,15,80,10,26,49,71,5,31,94,53,56,13,44,23,87,7,82,67,85,81,66,17,92,35,22,9,96,27,19,70,69,73,37,43,48,24,6,33
79,86,51,71,53,57,26,3,36,15,74,34,9,46,55,84,6,59,85,72,83,4,16,19,48,44,21,25,78,88,52,39,1,98,76,82,33,8,94,18,13,95,29,68,49,5,45,63,7,60,89,62,32,50,99,30,38,31,90,56,47,93,64,12,10,75,80,61,35,17,97,54,20,92,42,23,87,65,2,67,37,81,66,11,70,91,22,77,28,14,0,27,69,73,41,58,96,24,43,40
84,27,17,54,53,57,26,60,4,64,24,6,93,75,51,50,16,59,32,20,83,14,45,56,69,11,85,39,99,43,23,40,1,98,76,82,88,8,94,22,78,95,15,79,18,19,52,81,68,9,21,77,92,72,74,30,38,31,36,70,47,87,91,12,96,3,86,61,55,44,29,63,2,34,42,90,41,97,33,67,37,89,66,25,65,49,71,46,62,5,0,7,28,73,13,58,10,80,35,48
84,76,17,56,35,57,55,60,4,92,80,22,82,49,10,50,86,97,52,62,83,81,61,19,2,11,18,39,69,43,27,64,1,21,59,40,8,89,51,33,45,95,74,79,63,91,94,5,26,9,6,77,44,34,36,42,29,31,65,72,47,41,78,12,66,24,16,99,32,67,73,53,98,93,85,90,38,54,30,14,37,75,96,25,7,28,71,15,70,88,0,46,20,3,13,23,68,87,58,48
83,76,91,56,81,74,14,71,4,69,80,65,61,92,33,12,86,30,52,62,73,88,20,7,85,95,49,41,96,10,44,78,1,21,59,9,43,89,84,77,11,46,25,27,23,50,22,57,26,70,6,5,2,8,66,42,29,3,67,24,17,36,38,45,63,51,79,99,32,97,55,39,58,93,18,90,64,54,60,19,37,34,31,98,13,48,82,15,47,28,0,40,72,35,53,94,68,87,75,16
83,76,52,68,81,24,14,80,37,7,73,65,66,33,42,82,99,61,74,62,86,88,96,55,40,69,26,4,36,30,44,71,6,70,38,9,49,89,29,0,12,46,51,2,18,50,58,57,85,79,13,47,10,8,91,20,77,43,67,75,22,28,21,45,63,1,23,25,60,97,64,39,56,27,59,90,5,3,93,17,54,34,19,35,87,95,92,15,98,84,78,31,11,41,53,94,72,32,48,16
88,80,4,98,81,24,55,90,37,31,36,50,52,33,42,78,23,61,74,62,86,6,59,75,41,69,85,45,18,27,65,22,51,70,93,30,12,40,97,95,49,56,17,39,53,15,58,57,10,46,28,99,76,8,96,20,77,68,67,66,29,0,72,60,63,34,89,25,26,2,19,3,1,83,82,71,5,47,13,43,14,11,38,35,87,91,92,84,16,79,48,73,44,54,21,94,7,32,64,9
29,5,87,98,24,97,77,43,78,18,59,66,33,55,0,12,23,86,80,62,73,56,41,93,15,95,85,54,36,60,50,22,68,70,16,88,10,40,96,30,49,25,9,64,53,7,27,1,58,31,75,99,76,4,83,20,90,47,67,17,37,71,72,26,65,19,69,61,48,8,6,3,28,74,11,57,42,52,13,34,14,92,38,35,81,91,82,84,79,45,39,46,44,89,21,94,51,32,63,2
29,79,75,93,72,21,64,80,66,60,59,24,42,37,73,89,9,78,91,28,53,98,19,18,15,61,85,10,58,33,87,27,68,52,16,88,43,40,96,99,65,51,41,63,76,62,70,1,8,0,30,14,22,55,12,31,45,97,67,17,92,5,95,77,4,3,69,56,48,47,6,57,23,74,11,25,54,44,35,34,46,26,38,13,81,84,82,86,50,83,39,7,71,36,20,94,90,32,49,2
29,92,73,63,86,21,16,7,13,46,12,9,0,20,31,89,72,61,64,28,2,52,93,18,15,96,54,10,58,62,60,37,68,23,38,76,43,40,4,99,65,51,35,79,81,98,1,19,24,82,30,34,22,55,33,25,45,17,88,71,74,5,8,77,53,97,59,75,11,47,6,80,3,49,50,87,42,44,27,14,84,26,69,70,90,56,41,83,39,85,78,67,36,95,66,91,57,32,48,94
71,92,73,66,94,90,61,7,69,13,72,67,83,96,95,35,0,68,30,79,2,19,5,18,87,51,86,63,45,62,99,43,11,48,42,40,54,29,22,41,12,16,77,26,32,23,1,14,24,38,75,34,21,55,33,25,98,17,88,76,37,52,10,93,53,15,82,74,4,47,6,80,3,49,8,78,65,85,50,57,28,27,97,70,31,56,58,81,39,59,84,9,36,64,89,91,44,20,46,60
71,11,66,68,30,90,61,54,19,49,72,55,83,96,53,80,46,28,35,79,2,3,5,18,25,63,97,15,92,62,78,76,32,82,42,9,24,34,48,91,8,69,43,58,60,23,57,0,4,38,75,67,21,94,33,74,16,64,50,14,37,56,98,87,45,59,10,95,77,47,26,22,17,41,29,73,65,85,93,7,86,84,44,70,51,1,6,89,39,31,52,13,36,99,12,27,81,20,40,88
63,11,12,95,40,33,4,54,48,28,46,55,83,96,26,85,92,50,86,79,29,72,21,18,64,39,89,15,3,61,31,1,97,82,5,13,24,2,76,80,8,42,53,67,9,62,66,0,71,38,75,60,65,94,20,74,52,30,58,14,37,41,56,87,49,59,10,19,32,47,23,22,73,69,35,98,88,84,93,51,43,77,36,90,45,68,17,99,6,16,7,78,27,70,57,34,81,91,25,44
63,55,12,45,40,14,25,54,43,80,72,41,99,86,8,64,91,50,56,16,98,26,30,52,81,34,24,17,3,57,21,7,97,82,95,51,33,87,19,94,89,46,18,67,42,39,31,73,71,38,75,60,76,61,20,74,78,66,27,96,28,11,53,85,0,59,10,22,29,83,23,15,49,69,35,77,6,84,93,4,62,79,36,2,1,9,47,37,92,58,48,65,68,70,5,32,90,88,13,44
63,35,64,16,41,14,25,54,10,4,91,59,99,12,9,53,66,50,8,68,46,43,30,52,81,34,93,32,98,39,17,65,75,56,95,51,87,37,7,85,70,15,18,19,83,73,33,61,29,44,78,0,82,42,20,38,71,74,27,6,28,96,60,49,45,80,77,22,23,69,79,21,11,76,67,40,94,55,57,26,3,24,36,2,1,86,47,89,92,58,13,90,72,97,5,84,48,88,62,31
13,16,31,88,44,28,48,42,64,61,2,4,63,17,10,53,1,78,20,67,97,43,15,46,92,34,93,39,60,76,98,74,70,56,95,51,21,90,80,85,5,52,18,79,65,37,32,0,50,81,19,99,62,82,23,38,71,45,96,6,83,59,26,35,12,33,7,22,73,69,75,8,11,94,25,40,9,55,57,29,3,24,54,30,41,86,91,89,36,58,77,66,72,49,27,84,47,68,87,14
35,51,71,2,16,28,57,42,79,89,24,32,97,22,49,17,75,67,80,52,33,41,19,69,82,96,93,39,60,76,98,14,65,48,95,11,21,90,23,44,5,88,18,34,13,46,77,83,50,81,99,78,43,4,29,15,85,45,40,53,27,56,26,37,36,64,8,86,73,47,70,38,61,94,20,91,0,55,25,74,62,10,6,30,1,63,3,59,92,58,9,66,72,12,7,84,54,31,87,68
89,92,71,23,61,85,32,16,79,1,78,9,99,83,55,36,6,67,17,82,33,41,22,56,52,69,93,39,19,87,95,14,65,86,62,97,76,90,28,44,50,68,77,98,34,80,42,49,12,31,15,46,20,4,40,18,25,38,21,53,27,84,57,43,94,64,8,60,73,30,10,24,45,0,58,91,48,35,96,74,26,2,70,88,37,63,3,59,11,81,51,66,72,13,7,75,5,29,54,47
89,62,14,91,37,85,32,28,64,20,74,75,55,38,95,54,63,67,17,82,33,3,39,56,60,99,66,7,19,65,49,36,23,77,13,25,76,86,69,83,53,68,40,98,27,80,42,94,78,79,15,21,84,4,6,93,97,61,90,51,18,96,10,43,34,35,16,87,0,73,44,24,45,22,57,12,88,41,31,81,26,2,92,48,46,5,9,50,11,30,71,58,72,52,70,1,8,29,59,47
46,28,48,91,92,65,32,44,64,85,95,73,66,52,21,26,45,67,25,34,33,63,6,10,22,19,62,7,17,8,30,36,23,77,13,15,83,86,37,12,53,3,68,14,27,97,38,40,78,79,76,89,29,56,18,0,80,61,20,51,2,69,75,55,93,54,16,87,39,49,35,24,57,11,31,9,47,84,90,81,96,5,70,82,60,41,88,99,4,43,71,98,72,50,58,1,74,42,59,94
63,22,48,41,8,38,0,68,5,72,20,18,1,52,59,96,45,15,25,28,60,76,21,73,16,19,62,78,34,31,27,36,23,58,94,91,83,86,26,43,71,57,82,14,74,97,42,51,37,92,13,93,80,56,40,3,81,61,24,7,2,69,87,70,44,54,89,66,65,49,35,88,64,11,12,33,47,84,90,17,85,55,98,50,30,77,46,99,4,95,9,79,53,39,67,6,75,29,10,32
93,1,90,50,18,55,30,9,5,72,11,60,42,31,59,95,19,62,25,28,12,76,23,3,26,67,92,85,96,24,83,97,45,58,94,17,89,54,38,43,71,20,46,14,37,29,51,13,15,70,34,16,80,41,86,52,74,7,81,88,0,69,87,64,44,6,48,66,65,79,56,21,36,35,2,33,47,91,8,84,78,40,98,4,61,63,27,99,57,77,68,82,53,73,49,22,75,39,10,32
4,1,90,61,18,68,43,46,8,58,17,92,48,5,41,95,19,29,74,82,12,28,83,22,3,67,69,30,96,21,9,13,81,72,94,35,89,45,38,16,99,97,26,14,20,50,51,63,15,70,34,7,44,25,86,62,56,23,49,75,37,59,80,64,87,31,2,66,32,79,6,24,0,55,93,33,36,91,85,84,88,27,53,57,71,39,60,77,65,11,98,42,54,73,52,78,40,47,10,76
41,1,47,48,18,6,61,46,86,58,49,16,34,33,84,95,8,29,43,99,11,53,64,15,56,67,54,9,96,79,30,19,36,94,22,38,55,45,77,88,97,12,26,31,20,50,51,65,63,90,14,7,74,52,44,71,81,3,76,75,37,4,80,5,87,0,2,70,73,39,42,89,59,69,93,28,21,91,85,32,62,17,25,68,72,35,60,27,10,83,24,82,66,92,98,78,40,57,23,13
82,30,47,48,80,76,71,4,93,88,49,97,34,39,84,95,79,62,27,99,67,11,64,17,68,59,55,22,96,52,56,78,15,94,43,8,86,42,44,38,73,85,35,31,20,16,6,26,40,50,89,3,54,10,51,83,87,74,41,75,7,12,33,9,29,19,2,70,61,53,81,21,32,69,90,5,66,91,14,0,77,36,25,65,72,18,45,37,1,60,24,28,63,92,98,58,46,57,23,13
3,22,19,80,76,45,38,97,86,88,48,4,34,39,84,59,10,47,27,0,50,30,94,17,54,98,75,43,15,52,56,78,96,40,23,60,36,42,87,9,49,8,35,62,20,32,66,16,12,99,89,13,71,67,68,83,1,95,41,63,7,11,33,70,37,28,55,31,61,92,81,21,79,2,53,74,26,64,14,85,77,44,6,65,72,73,5,57,93,51,24,82,46,25,69,18,91,90,29,58
90,79,93,80,99,94,38,97,64,88,41,4,20,39,84,59,21,47,92,43,0,30,77,26,81,78,89,73,27,70,7,83,55,40,23,60,22,87,86,9,49,42,19,62,33,75,96,95,74,46,71,98,24,67,51,5,76,16,12,44,10,36,85,63,37,28,11,8,61,13,58,25,2,32,53,91,57,31,14,17,68,45,35,1,48,34,65,66,6,3,15,82,56,52,69,18,29,54,72,50
90,3,93,68,49,72,38,48,64,22,41,86,20,39,84,53,85,51,79,10,34,12,80,2,5,35,70,99,27,94,7,67,55,17,23,43,42,33,28,9,75,73,25,62,30,69,77,82,50,46,1,95,24,8,60,88,96,11,52,76,66,36,44,14,97,19,87,29,71,13,58,98,61,32,40,91,16,31,47,4,37,92,26,21,89,78,6,45,81,63,15,0,56,83,65,74,59,54,18,57
90,3,38,5,75,72,73,29,83,2,51,18,65,55,4,53,68,27,79,52,57,12,93,94,28,22,1,99,62,33,19,13,80,24,88,97,42,47,71,64,14,44,25,86,30,9,77,66,7,46,21,69,37,91,60,36,96,74,54,17,98,50,78,58,23,0,32,82,41,84,49,20,61,10,43,34,70,31,87,40,95,92,26,45,89,16,6,48,81,63,15,39,56,67,76,11,59,85,35,8
99,31,60,5,75,66,73,45,81,69,25,90,47,41,96,40,19,79,98,85,48,87,36,94,46,34,91,78,62,42,4,13,17,16,88,1,89,14,65,64,38,44,6,86,27,9,15,18,7,10,23,51,82,84,80,71,39,74,97,24,72,28,37,58,77,0,52,32,2,26,12,20,33,3,43,93,70,83,50,49,54,61,92,22,95,53,67,29,55,63,30,21,56,57,76,11,59,68,35,8
75,44,67,68,97,61,17,45,5,62,18,1,47,41,96,72,19,4,85,49,48,40,95,90,8,69,39,11,51,56,33,13,73,52,23,34,53,14,98,64,89,77,6,86,10,9,20,94,7,2,24,16,82,84,21,58,87,65,79,15,36,78,83,60,71,0,66,32,88,26,12,3,70,35,91,99,59,43,50,37,54,27,92,29,31,76,74,38,93,63,30,28,81,57,42,46,22,80,55,25
79,49,67,80,46,44,2,8,30,72,68,62,41,97,71,73,25,9,88,19,48,40,32,90,77,63,27,96,61,39,5,70,51,52,1,50,53,37,98,64,89,13,57,86,11,56,91,69,54,33,47,7,74,59,81,58,78,65,17,4,36,35,20,60,18,0,21,15,94,26,10,3,23,83,45,95,6,43,24,84,29,12,92,38,31,76,85,16,93,42,82,28,14,66,75,87,22,99,55,34
14,58,73,35,39,55,93,72,5,57,68,80,41,94,60,42,70,7,37,75,9,84,34,31,13,59,43,96,30,18,27,25,91,97,1,29,53,32,61,64,90,77,6,48,2,74,89,69,63,33,19,54,98,76,81,15,78,10,3,4,36,17,99,16,40,0,21,62,46,26,22,20,71,65,45,95,47,79,24,38,52,12,92,8,86,67,85,51,44,88,82,28,56,66,11,87,83,23,50,49
70,78,73,3,71,54,43,19,39,57,32,17,45,63,30,38,23,59,98,75,28,84,42,31,13,0,65,44,29,99,27,25,91,97,1,61,53,24,2,85,90,77,6,34,79,94,7,69,76,80,26,37,82,20,64,15,47,50,48,4,60,52,21,40,46,66,56,72,83,9,22,58,89,96,33,95,67,74,93,16,11,12,18,8,36,14,86,68,92,88,35,62,41,10,51,87,81,55,5,49
70,1,60,3,71,95,91,14,45,98,56,57,97,63,58,42,13,59,8,75,28,23,52,54,51,26,69,53,55,9,90,17,34,84,19,78,61,24,37,36,48,64,6,7,27,94,38,93,87,80,39,31,82,50,88,46,76,86,77,4,72,41,21,40,22,85,20,10,49,47,0,43,65,30,33,32,67,74,96,16,83,12,18,44,25,89,99,68,92,79,62,11,29,35,15,66,81,73,5,2
11,69,60,4,14,56,91,99,1,3,59,57,20,17,34,12,13,2,53,36,28,23,52,54,18,22,32,72,90,64,49,6,35,58,19,39,61,25,80,0,30,95,75,7,27,85,71,93,87,88,10,73,26,50,74,63,8,86,77,47,31,41,21,55,40,65,70,84,76,68,81,15,37,46,33,89,67,43,48,24,38,42,97,44,16,66,78,9,92,96,62,94,29,5,82,79,83,98,51,45
82,81,34,73,16,38,44,30,69,23,59,57,75,15,71,85,37,31,12,11,28,5,13,46,36,22,0,33,90,64,52,6,35,49,17,25,61,53,47,80,50,95,18,27,78,65,60,7,14,19,10,76,48,91,74,87,8,86,77,29,94,41,89,55,72,4,70,84,20,54,2,67,63,66,58,24,32,43,83,56,51,88,97,62,21,96,26,9,92,68,79,93,40,1,42,99,3,98,39,45
46,39,43,96,75,65,44,58,69,82,85,83,6,64,71,35,16,91,50,36,28,89,72,5,33,23,57,20,90,10,2,30,55,13,24,68,70,53,93,32,80,95,0,1,38,94,25,18,14,19,51,76,48,84,37,87,66,42,77,29,86,41,81,79,7,4,67,56,62,54,31,11,63,15,61,17,12,8,45,49,22,88,97,78,73,99,26,9,74,92,47,52,40,60,21,34,3,98,27,59
46,44,43,61,75,96,27,52,69,88,85,83,6,9,77,56,16,48,28,23,94,3,89,5,15,86,57,99,73,84,97,30,1,71,68,62,70,42,93,64,67,36,0,13,47,58,25,18,14,66,26,76,92,37,59,95,55,2,90,29,60,41,39,35,7,31,24,65,32,4,63,11,79,8,22,19,82,20,81,49,21,80,74,78,72,33,12,51,91,38,53,45,40,98,54,87,50,34,10,17
85,19,28,11,48,31,88,76,69,74,47,40,6,96,77,43,16,87,59,23,57,91,18,5,17,10,49,67,64,50,97,30,1,13,46,62,70,81,94,26,71,36,33,42,34,58,25,99,29,61,55,89,37,95,41,75,3,2,52,83,60,66,39,14,45,38,24,65,32,4,44,35,68,63,22,73,51,20,92,79,7,80,9,86,0,27,12,54,98,84,15,56,82,72,93,21,53,78,90,8
85,18,83,20,56,54,80,76,28,74,69,47,6,22,98,43,37,86,59,60,12,34,66,15,23,10,89,95,92,67,97,17,1,42,91,82,44,25,13,46,71,16,33,70,96,58,32,99,9,41,55,5,35,7,62,51,3,64,52,39,63,0,29,14,45,38,53,36,40,4,90,31,19,73,68,77,49,26,88,81,48,84,50,78,2,27,79,65,61,11,94,75,30,72,93,21,57,24,87,8
66,37,21,49,56,76,83,71,54,74,26,5,6,22,18,43,7,55,62,3,19,91,82,41,70,97,89,9,92,47,90,59,1,42,58,36,44,61,64,33,57,16,23,53,96,17,32,50,51,99,39,8,30,93,29,25,77,12,52,88,63,95,20,14,10,94,80,48,40,46,75,38,28,73,68,34,11,67,45,81,4,84,35,85,2,78,79,65,24,86,87,15,0,72,60,98,27,31,69,13
48,37,88,54,81,68,83,72,58,82,26,6,86,47,46,40,76,55,4,92,33,66,41,53,39,31,89,59,10,79,90,99,1,28,42,36,44,73,2,3,57,14,23,12,43,61,32,75,22,13,27,8,7,77,62,25,64,20,91,85,24,95,84,9,18,97,80,50,63,17,65,38,5,29,52,16,11,67,45,96,74,30,35,56,70,60,19,98,51,49,87,15,0,21,93,78,34,94,69,71
61,32,60,92,81,8,71,39,35,11,51,6,18,7,46,40,93,55,4,76,31,83,41,22,65,20,17,94,52,79,23,53,90,56,28,45,54,73,2,16,57,14,87,88,43,96,30,0,5,66,27,80,15,77,3,33,64,69,91,97,47,95,75,63,99,42,85,50,62,1,36,72,68,38,9,10,48,67,12,84,74,13,26,24,70,59,19,49,25,98,86,58,82,37,89,78,34,29,21,44
72,63,82,35,23,26,3,65,68,92,51,77,18,39,73,40,84,94,4,14,62,58,2,79,25,55,17,85,7,22,96,49,45,38,64,76,54,32,48,16,57,52,46,11,78,15,30,27,10,1,8,41,21,90,19,6,70,80,91,97,60,95,75,0,31,42,20,50,13,28,36,61,66,5,9,99,56,67,34,33,74,47,98,24,53,59,87,81,43,93,86,69,71,83,89,88,37,29,12,44
15,63,64,28,52,82,3,87,56,92,72,77,65,46,61,40,66,98,90,14,9,58,75,2,25,73,38,31,33,22,96,4,57,59,29,18,54,8,62,19,79,83,43,35,41,16,30,27,10,49,93,32,21,12,7,94,88,80,0,84,60,1,11,70,91,42,20,50,34,51,71,23,17,85,76,99,81,55,97,48,74,5,39,24,26,6,69,78,86,47,67,13,95,68,45,53,37,36,89,44
74,78,61,14,34,19,1,30,52,29,72,62,65,8,48,40,50,58,67,41,60,39,25,44,59,73,26,31,3,22,87,55,4,51,45,81,54,64,96,77,93,83,91,35,0,2,13,27,10,11,57,32,90,12,99,24,49,80,84,38,75,92,86,70,88,94,20,97,56,95,71,33,17,85,76,98,28,6,46,53,18,15,42,82,66,63,69,21,16,47,79,5,23,68,43,37,7,36,89,9
73,67,15,71,26,19,46,45,4,30,51,58,59,20,88,27,50,23,79,41,12,2,25,44,40,84,97,14,49,52,87,55,93,21,91,81,54,80,96,61,29,95,8,92,0,89,13,17,78,1,9,32,90,60,99,24,34,72,48,62,75,6,22,70,74,35,42,18,56,57,98,31,3,47,76,38,69,39,37,11,66,65,53,82,16,63,83,33,64,68,5,10,85,28,43,94,7,36,86,77
98,58,3,71,26,19,89,18,55,30,88,54,40,20,50,27,2,64,23,56,11,74,22,51,36,95,84,14,87,52,28,17,37,53,91,62,44,90,96,24,29,32,8,92,43,85,49,38,78,1,9,69,97,35,76,72,15,79,48,45,75,73,59,77,63,25,6,41,13,68,16,61,31,60,86,57,0,39,93,47,66,65,21,81,12,10,42,33,4,80,5,70,67,46,83,94,7,34,99,82
83,35,3,20,26,19,25,24,22,30,86,54,43,47,21,79,2,74,10,59,64,28,88,51,29,73,84,14,81,52,61,56,37,17,82,76,27,98,53,0,67,50,8,92,5,48,49,78,71,1,72,95,97,16,32,69,15,62,41,65,75,44,60,77,96,57,18,13,55,68,58,34,31,63,99,23,90,12,91,46,66,80,6,42,94,38,39,33,4,70,89,9,93,87,40,36,7,45,11,85
28,29,36,67,7,79,9,27,35,30,86,54,89,90,37,64,75,74,10,73,5,24,53,51,62,65,84,6,81,42,83,56,45,77,96,76,91,33,19,13,21,39,4,92,59,32,22,71,47,43,78,95,3,16,66,68,8,23,41,49,14,44,60,57,97,48,18,46,55,88,58,26,31,63,61,15,87,12,40,69,99,34,0,72,94,38,82,52,20,93,2,50,1,70,11,80,17,98,25,85
28,99,92,12,49,0,62,41,45,81,76,33,55,90,14,68,75,74,58,73,15,1,36,51,19,65,97,79,93,46,57,10,13,8,86,32,95,72,29,60,21,39,4,70,59,42,67,5,26,31,50,23,89,54,66,7,47,71,30,44,37,56,77,11,2,85,18,16,53,88,35,9,78,63,61,22,87,43,3,69,34,40,64,48,94,96,82,52,38,20,83,27,84,24,91,80,17,98,25,6
28,99,96,97,49,2,62,41,92,38,76,58,46,32,14,51,21,30,89,73,59,1,65,56,19,72,0,22,5,6,39,10,13,74,40,85,95,55,29,78,11,33,4,20,53,17,63,23,83,31,54,42,57,86,66,79,47,69,91,35,68,94,45,44,26,71,61,36,12,88,50,9,93,15,75,67,87,98,3,37,16,8,64,27,77,82,43,7,81,60,80,24,84,34,70,90,52,18,25,48
45,77,14,97,38,2,23,41,37,6,76,32,8,92,50,51,86,91,61,9,81,44,73,85,46,10,96,35,99,79,66,40,15,5,59,22,48,74,29,0,11,33,17,84,53,60,3,72,18,31,19,42,57,28,55,54,89,69,4,68,49,94,47,88,26,71,30,36,12,95,64,39,93,75,67,13,87,16,58,63,56,65,24,1,43,27,78,83,34,62,80,21,98,7,70,90,52,20,25,82
18,77,29,95,17,83,34,41,97,6,36,32,8,75,73,51,19,94,35,87,38,44,13,64,84,26,53,37,28,79,66,5,27,57,43,22,67,91,1,14,89,45,63,62,69,81,72,59,16,31,47,42,80,46,55,76,11,40,25,68,49,86,7,92,96,85,30,61,2,15,54,39,93,23,70,56,10,60,58,88,78,3,24,71,50,12,4,0,82,48,65,21,98,9,33,90,52,20,74,99
34,77,55,95,85,57,91,11,97,24,36,32,8,25,65,39,76,89,35,29,86,44,90,20,84,26,12,48,28,46,66,69,27,72,16,40,42,71,1,59,98,45,63,3,41,83,81,0,53,31,47,38,80,58,67,64,60,61,68,37,49,18,5,43,96,62,30,33,17,93,19,52,70,23,15,7,99,54,82,88,2,94,22,51,92,13,50,74,79,75,78,4,21,9,10,14,73,6,56,87
26,77,51,95,20,86,36,97,12,24,16,32,8,70,80,41,65,63,81,43,79,73,90,38,10,75,4,47,92,11,19,69,27,72,39,40,2,42,89,59,98,85,14,55,76,83,67,0,53,54,18,71,99,33,57,64,60,13,84,22,1,66,5,78,45,82,31,93,21,61,29,52,49,23,15,7,34,17,91,44,96,94,58,37,46,68,25,3,62,9,88,6,50,48,74,35,28,30,56,87
63,77,51,95,89,41,30,66,8,16,25,43,26,36,91,70,65,56,47,98,96,34,31,74,23,35,20,83,92,7,60,62,10,72,69,40,45,79,42,39,27,85,59,55,76,17,67,0,90,54,18,73,38,94,32,71,75,2,97,22,93,14,19,78,48,52,24,13,21,44,33,81,29,12,84,80,53,15,49,9,57,1,58,37,46,68,11,3,4,87,88,86,50,5,99,6,28,61,64,82
26,32,72,95,64,69,30,66,60,61,53,2,62,48,91,74,13,75,16,73,46,34,29,51,23,35,96,80,98,7,89,76,88,36,47,85,1,79,42,39,78,54,37,65,11,17,67,0,90,3,18,24,38,45,20,71,82,59,4,27,93,49,19,56,10,5,68,77,21,50,33,58,9,12,86,40,83,15,97,70,57,8,22,52,84,44,99,87,28,92,55,63,6,31,43,14,41,25,94,81
65,49,84,21,68,44,30,12,31,26,53,38,14,86,91,74,69,75,85,73,46,34,62,51,61,35,96,52,98,36,7,83,27,76,71,99,15,79,66,97,29,33,19,72,9,17,67,0,45,3,18,24,87,10,37,42,81,28,88,4,13,60,32,56,59,5,11,63,92,50,55,58,39,70,54,40,90,95,43,80,47,25,23,48,77,82,16,93,57,6,2,20,64,94,22,1,41,89,78,8
91,54,84,51,99,59,30,12,88,26,93,27,37,46,63,18,67,38,85,50,65,2,13,81,79,73,34,82,5,20,7,86,96,76,11,83,6,92,22,14,61,33,45,72,97,24,15,60,31,9,47,44,87,8,53,42,19,28,68,29,3,75,32,94,36,66,69,49,77,21,58,25,39,35,62,40,90,95,43,80,4,89,23,48,55,74,64,10,57,56,98,16,0,52,17,1,41,70,78,71
91,54,79,95,71,40,30,31,36,26,7,17,89,62,92,18,50,47,85,68,65,16,3,23,48,66,37,82,1,67,99,56,58,76,43,75,12,6,73,5,61,25,49,72,97,70,32,60,10,9,39,86,87,13,53,77,19,28,46,64,8,22,45,94,80,38,69,42,57,21,2,34,0,15,83,33,90,81,51,93,4,84,35,44,29,55,14,52,59,96,20,74,11,88,24,27,41,98,78,63
91,86,94,95,84,27,55,96,81,62,10,90,23,98,26,89,18,47,67,68,5,16,9,11,45,66,48,82,1,53,40,56,44,65,85,75,20,6,73,7,61,25,92,72,80,83,15,35,24,42,97,22,87,13,50,2,19,71,3,29,8,63,77,59,38,99,69,76,30,14,37,58,0,60,93,34,21,39,78,49,4,70,31,64,32,36,57,52,17,79,54,74,41,88,46,33,12,28,51,43
32,86,94,95,79,59,44,75,27,73,10,90,7,98,91,46,18,52,78,54,93,38,9,34,30,20,48,42,83,35,40,12,89,41,85,31,97,6,23,36,84,96,92,5,2,28,15,80,24,76,39,16,82,21,77,64,19,71,87,29,8,63,49,69,74,99,3,50,11,14,81,58,53,1,57,26,68,70,22,45,4,72,56,25,47,43,37,61,55,67,51,66,13,0,62,33,88,60,17,65
16,50,91,24,79,33,59,65,82,73,17,32,43,7,96,44,18,78,71,3,93,38,9,34,42,69,62,76,64,55,83,48,89,41,77,35,49,6,98,15,90,81,84,23,2,13,8,80,97,12,20,31,52,21,86,27,60,47,99,56,85,29,28,39,45,88,63,5,11,14,95,66,0,1,57,26,46,70,22,19,4,87,36,25,68,40,37,30,10,67,51,58,92,54,53,74,94,61,75,72
91,76,74,26,23,64,7,65,77,73,10,32,60,5,96,44,29,82,71,3,49,89,34,72,42,31,37,0,47,11,83,48,58,9,36,43,39,19,93,15,25,81,8,45,57,86,92,80,40,54,24,78,46,35,69,2,1,66,55,56,85,6,28,52,62,88,61,30,33,50,95,59,98,38,17,14,21,70,22,13,4,87,16,20,41,94,63,27,79,67,90,51,68,18,53,84,97,99,75,12
63,91,94,26,23,64,90,16,1,17,5,11,98,62,87,60,55,70,71,66,13,44,36,84,20,3,29,30,4,7,83,56,82,9,72,85,39,59,32,38,25,81,0,45,19,12,92,80,40,69,54,2,8,35,34,41,48,77,51,43,75,6,14,24,37,58,61,93,33,50,86,74,95,47,15,46,22,96,10,76,73,52,65,28,42,88,57,78,79,67,89,49,68,18,53,27,97,99,31,21
9,81,92,26,83,64,90,58,1,85,6,18,8,23,56,65,55,70,20,98,43,77,36,38,93,30,29,25,94,7,72,53,75,40,60,17,28,16,11,12,57,87,0,99,41,91,80,24,4,66,45,49,97,35,34,62,31,79,51,74,10,63,47,3,33,68,61,69,14,32,86,88,95,84,15,46,22,5,27,76,73,52,19,67,42,21,71,78,44,48,89,37,82,50,2,13,54,39,96,59
9,42,53,58,83,64,81,61,1,85,6,63,50,15,56,71,55,54,13,96,60,69,82,38,70,48,36,59,79,57,0,40,75,37,46,67,10,16,30,25,27,18,91,99,93,31,21,94,4,62,45,65,97,12,11,51,43,47,39,28,76,89,98,3,33,22,87,32,14,41,86,88,95,92,8,20,84,5,34,72,52,23,19,74,24,7,78,80,44,29,49,66,17,35,2,26,68,77,90,73
9,40,19,84,83,64,12,49,65,61,73,63,50,6,54,38,55,86,17,79,60,35,16,74,20,58,14,27,23,47,81,80,48,28,43,67,13,30,96,42,36,59,46,31,82,71,21,25,4,62,37,75,15,10,93,76,87,2,34,57,24,85,98,56,3,33,26,32,1,95,69,88,11,92,8,52,94,5,51,72,91,41,53,97,0,7,78,18,44,29,70,66,90,89,99,45,68,77,39,22
63,56,9,33,83,67,37,59,57,61,73,26,49,6,96,91,55,86,17,99,80,15,19,32,98,2,14,41,23,10,81,92,79,58,77,18,62,54,40,4,68,48,75,53,85,71,21,38,5,36,7,39,93,35,27,76,84,89,34,16,12,8,64,3,25,30,20,52,24,95,69,88,11,28,90,31,65,45,51,72,43,1,29,97,74,46,78,0,13,94,70,66,60,44,47,82,50,87,42,22
49,60,64,98,85,24,37,74,57,7,72,6,52,33,73,58,90,89,82,21,99,86,26,17,23,62,40,55,97,61,81,92,79,15,77,18,80,11,84,4,68,48,22,2,87,35,78,94,42,36,59,75,93,31,27,39,63,8,34,13,12,91,95,50,25,56,20,16,38,3,69,88,28,9,83,19,5,43,51,70,76,1,71,66,45,46,41,0,53,32,30,29,65,44,47,14,96,10,54,67
21,96,79,98,82,41,37,62,24,7,84,0,88,95,64,46,73,93,67,20,94,14,44,17,65,28,72,89,71,6,66,92,35,15,77,19,33,99,78,32,81,63,22,57,11,53,18,10,69,36,59,75,80,31,27,52,40,55,58,13,39,91,49,34,50,26,29,68,16,3,74,38,12,9,83,25,5,97,85,70,76,1,4,2,45,8,87,43,23,86,30,47,51,42,90,61,48,60,54,56
30,96,22,12,82,34,19,61,25,70,84,66,59,95,33,46,73,3,31,21,94,72,44,42,65,71,49,89,38,4,48,28,35,43,77,9,86,57,13,98,15,20,92,37,62,53,85,80,7,36,60,6,45,16,11,52,64,79,97,91,39,47,56,76,58,26,29,88,68,75,74,83,17,18,27,69,5,40,67,93,78,1,99,55,24,8,23,10,14,81,50,2,51,0,90,63,87,32,54,41
60,83,25,12,82,27,81,51,36,93,56,32,4,54,66,11,73,47,70,21,94,89,69,33,24,31,49,53,38,10,96,17,35,75,3,22,42,68,87,99,15,13,92,6,46,18,64,72,7,34,48,14,9,45,85,61,78,23,2,91,39,41,28,65,58,26,29,88,76,57,74,30,95,80,43,52,5,40,67,62,37,1,44,55,77,8,90,59,71,79,98,97,19,0,86,50,16,84,63,20
59,83,80,12,30,47,91,95,36,99,56,32,23,54,20,61,21,5,65,27,22,89,69,93,24,72,2,53,49,67,96,52,70,44,71,14,79,68,87,8,15,82,9,35,51,77,66,94,28,34,38,4,18,92,60,55,78,90,42,86,39,11,73,64,58,97,29,19,76,57,31,16,85,1,43,74,46,75,81,62,6,17,41,40,3,10,50,25,45,98,7,26,88,0,63,48,13,84,37,33
69,14,71,5,58,47,29,68,53,78,56,32,80,54,86,25,27,55,37,3,99,76,91,22,24,60,52,63,17,82,77,70,94,21,97,88,65,1,87,62,66,10,9,73,79,12,74,49,59,34,98,4,18,93,40,72,67,90,42,23,39,30,36,64,35,11,89,19,85,57,31,44,20,61,43,81,46,75,16,15,6,83,51,26,50,45,38,8,96,28,7,92,13,0,2,48,33,84,41,95
75,92,39,3,58,26,13,48,62,78,36,84,80,28,93,25,56,55,29,10,99,76,22,23,44,60,90,15,17,0,52,57,19,74,85,69,71,20,82,33,37,34,9,73,63,12,16,77,65,2,66,27,18,68,94,72,46,98,86,87,42,30,31,64,81,11,89,40,91,49,14,70,59,43,41,32,24,21,88,45,6,35,51,4,50,53,38,8,97,5,7,54,67,47,1,96,83,79,61,95
46,60,35,5,57,97,23,79,99,78,36,84,53,15,17,70,73,92,65,20,91,85,16,56,44,48,90,63,14,66,3,30,62,10,77,69,71,89,9,47,1,94,93,74,21,12,7,76,50,2,40,26,45,68,8,82,4,98,86,87,29,81,31,43,64,11,22,55,28,49,72,58,59,95,41,32,24,42,88,19,13,37,51,25,33,34,80,75,52,39,27,54,38,67,0,96,18,6,61,83
51,0,65,5,86,46,10,25,64,79,94,26,53,15,28,19,90,40,67,72,29,6,4,23,44,68,83,63,47,20,93,30,89,27,76,41,71,98,9,70,31,24,32,74,21,35,66,3,50,49,88,1,11,60,8,82,85,14,75,87,77,81,56,48,33,42,22,54,59,7,36,18,13,95,84,57,16,73,69,92,17,37,97,45,12,34,80,91,52,39,55,2,38,78,99,96,43,58,61,62
67,28,65,5,76,8,93,3,17,43,94,26,92,63,41,19,13,40,46,20,29,95,47,51,27,15,33,53,42,6,22,73,25,37,74,97,71,44,9,70,16,24,36,11,72,98,66,59,38,87,88,57,18,60,79,69,64,34,82,68,77,89,61,10,84,23,21,54,91,7,86,12,80,56,90,85,50,31,83,30,75,62,4,1,14,32,45,35,52,39,55,2,48,78,99,96,0,58,81,49
12,55,14,60,76,62,63,3,5,43,58,26,65,37,41,59,13,40,46,20,11,28,71,96,92,8,53,73,42,19,22,97,89,94,78,70,81,29,66,15,38,69,4,36,82,9,74,17,99,87,57,7,1,56,98,30,64,72,24,68,2,80,88,10,77,50,23,27,91,34,86,61,44,85,54,25,21,93,83,51,75,95,67,84,52,32,45,90,16,39,18,79,48,35,33,6,0,47,31,49
74,36,60,89,2,62,61,66,40,43,37,41,76,44,64,24,13,82,53,92,11,70,71,10,80,93,91,12,67,38,55,85,73,96,78,7,8,29,33,15,98,75,6,42,58,30,21,17,26,97,72,46,27,56,79,5,19,49,20,68,94,65,59,57,81,50,23,25,14,88,28,63,16,34,54,87,1,35,83,51,3,95,90,9,52,22,45,77,69,39,18,32,48,99,84,86,0,47,31,4
45,61,89,17,75,62,56,81,72,42,54,13,4,83,84,24,63,34,53,92,27,76,71,16,80,93,40,18,67,37,79,15,23,55,78,59,36,46,10,11,98,25,6,51,29,19,60,38,64,43,21,30,39,2,69,5,32,49,48,65,88,7,82,85,41,8,33,95,14,96,28,68,73,57,52,87,20,35,77,26,3,86,90,9,70,22,44,50,1,58,12,66,74,99,94,97,0,47,31,91
32,7,30,17,24,62,20,25,82,95,54,13,89,83,68,99,52,66,53,96,21,44,71,85,31,65,40,73,67,23,38,51,36,74,5,37,26,16,56,76,98,64,6,0,29,19,60,42,12,43,81,45,72,2,34,18,41,49,63,80,3,55,39,84,50,93,61,90,59,9,4,10,75,92,94,87,1,35,77,91,14,86,15,27,70,22,69,46,48,88,58,78,8,79,11,97,28,47,33,57
41,7,8,17,92,84,80,1,39,95,25,13,42,66,68,77,34,67,26,6,72,44,71,9,70,81,28,83,90,16,29,20,46,35,31,52,75,69,88,43,85,51,63,74,87,0,60,58,12,89,21,45,27,2,30,18,96,19,32,65,76,55,54,3,50,93,62,61,38,36,4,10,94,59,37,57,33,56,14,91,40,86,15,5,97,22,73,23,48,82,78,98,64,79,11,24,53,47,99,49
16,7,97,92,79,53,80,1,39,73,85,13,84,66,36,48,26,67,98,50,95,44,6,9,35,76,61,78,70,29,90,49,43,46,88,33,99,93,52,51,42,41,63,74,81,18,60,0,69,89,21,45,27,23,83,28,96,3,64,65,12,71,55,58,20,31,15,38,25,86,4,2,8,11,37,57,82,75,72,91,40,87,19,5,30,59,54,34,77,62,68,94,47,17,22,24,56,14,32,10
72,20,77,92,71,53,29,23,22,17,88,13,84,37,46,89,26,43,28,99,59,44,68,5,35,76,61,95,42,93,25,18,74,97,80,63,32,48,52,51,64,41,79,8,33,50,60,87,67,10,24,45,27,16,83,73,94,75,62,70,2,0,78,90,91,31,14,96,4,98,3,49,55,11,85,57,81,36,12,69,40,86,19,9,30,82,54,34,39,7,66,65,47,38,6,1,15,21,58,56
45,85,95,3,46,4,23,44,34,5,65,38,92,73,10,89,26,43,36,99,59,13,51,90,35,76,6,22,20,93,82,67,28,12,9,68,72,77,52,33,64,41,79,27,25,37,18,84,66,74,54,42,71,24,83,47,98,69,62,70,2,48,94,78,91,86,1,96,32,31,16,49,75,11,8,55,61,81,17,87,40,21,80,39,30,53,29,63,19,7,15,88,57,50,97,60,14,0,58,56
55,15,95,14,49,46,6,12,21,67,60,0,31,26,10,89,59,84,36,57,79,85,51,40,35,68,16,81,43,93,82,7,18,48,20,4,77,76,80,94,64,41,90,72,23,37,27,50,71,47,65,42,53,24,83,96,73,54,99,28,2,66,63,78,91,86,74,70,32,44,38,22,75,9,8,69,33,52,17,58,34,87,62,39,88,25,92,1,98,45,30,11,3,61,97,29,5,13,19,56
71,99,7,53,9,6,20,98,33,86,18,87,50,40,17,89,41,84,55,57,29,49,2,70,35,68,95,24,43,93,82,16,27,48,79,85,63,76,80,94,97,22,32,58,13,37,36,65,3,15,8,54,96,4,83,52,73,51,38,23,46,47,12,78,44,72,74,92,42,88,45,31,28,64,62,69,77,10,0,59,34,21,61,39,90,60,25,1,75,66,30,11,91,81,67,5,26,14,19,56
81,99,7,79,34,3,20,98,2,13,18,45,50,40,77,89,78,23,16,36,42,12,48,21,43,37,95,91,6,31,51,60,27,33,57,9,8,4,26,44,55,22,14,58,61,67,56,59,93,94,86,96,80,29,66,65,73,53,83,88,46,47,38,82,97,72,84,92,24,49,35,11,71,64,63,41,32,69,76,15,52,87,54,39,90,70,25,1,75,5,30,0,10,62,68,74,85,17,19,28
15,80,7,79,98,90,27,0,2,87,22,18,50,54,78,81,93,23,36,3,20,12,48,72,66,77,63,10,6,13,84,55,62,60,21,58,74,24,26,25,51,29,8,16,89,91,56,59,38,57,65,11,99,86,75,92,73,45,83,19,46,1,33,82,97,53,14,28,4,41,35,88,30,47,17,71,32,69,76,43,52,37,96,40,49,70,94,42,31,5,67,34,61,64,68,39,85,95,44,9
21,41,16,71,98,9,28,29,2,3,57,34,50,78,56,97,93,76,37,92,20,44,74,72,6,77,35,54,86,13,83,27,22,14,90,7,17,4,66,61,64,84,39,18,89,91,19,38,25,12,46,11,99,62,75,94,43,45,69,59,60,1,33,24,30,79,68,36,23,85,63,88,80,49,0,8,32,15,10,67,52,53,96,40,47,70,55,42,31,81,87,65,26,48,51,58,73,95,5,82
92,76,16,15,21,54,68,80,2,88,12,34,63,97,38,4,47,3,37,25,29,44,98,17,52,14,83,28,90,35,24,74,22,84,53,72,73,69,66,61,64,6,71,20,89,77,19,30,91,18,75,11,23,99,32,36,43,27,9,59,1,96,62,86,58,79,85,26,10,57,46,39,81,49,0,8,82,7,94,95,13,65,40,56,67,70,50,42,31,93,87,33,60,48,51,78,41,45,5,55
92,40,38,63,23,18,35,47,14,39,44,42,57,97,28,4,30,96,29,68,83,16,88,60,89,67,81,36,20,33,11,55,22,75,90,72,71,52,66,74,46,25,45,51,84,2,70,56,15,58,93,13,69,77,32,64,43,73,9,59,1,99,8,86,76,79,85,26,34,91,37,24,54,6,0,19,82,21,94,95,65,31,61,3,17,62,50,7,98,12,87,27,53,48,80,78,41,49,5,10
92,40,81,1,47,18,80,91,84,41,26,42,57,49,66,52,30,96,37,99,67,16,73,64,83,4,72,78,70,62,82,35,22,38,71,54,50,39,31,74,46,25,93,51,7,44,2,65,89,17,94,13,19,29,86,90,43,69,9,59,21,63,8,97,95,79,85,55,34,28,58,33,45,77,48,14,98,11,88,75,27,0,61,3,56,23,6,15,36,20,87,53,76,60,68,32,24,5,12,10
92,79,97,72,51,8,22,91,87,57,76,36,44,28,66,52,12,13,98,19,67,70,73,18,46,4,50,78,88,62,24,2,32,69,7,27,5,81,42,74,6,25,40,61,99,64,86,65,89,17,56,93,20,0,96,82,43,45,33,59,39,63,77,21,95,29,85,90,55,49,58,26,80,68,48,11,41,37,31,84,30,71,83,3,16,23,14,38,94,53,34,9,15,60,54,1,47,75,35,10
28,37,93,80,45,49,79,91,90,57,76,69,44,18,66,52,38,9,98,19,82,40,71,65,4,54,31,94,35,62,72,95,32,2,56,50,5,73,42,55,78,25,87,7,99,64,3,11,97,46,14,12,83,0,85,92,59,39,36,17,26,86,77,23,22,29,88,58,74,33,96,1,47,68,51,6,41,20,8,13,30,89,60,21,16,15,27,53,70,67,34,63,61,84,43,81,48,75,24,10
65,37,97,80,79,84,34,55,93,7,71,49,73,19,58,52,33,28,66,29,82,40,11,77,51,61,31,18,35,62,12,95,15,25,24,8,5,6,0,20,87,41,26,57,99,1,43,64,75,27,14,10,83,39,67,59,92,23,36,17,91,69,21,45,22,16,88,4,30,86,50,32,76,46,74,9,94,54,72,13,38,89,60,47,85,98,56,53,70,78,90,63,68,3,44,81,48,42,96,2
65,37,80,98,79,84,76,29,45,96,11,9,99,48,28,35,33,71,34,26,30,15,40,42,51,38,31,55,66,50,12,95,97,25,24,19,78,60,18,86,82,93,75,8,3,49,27,64,56,70,36,57,83,58,5,59,92,41,47,52,23,69,21,53,81,20,67,4,17,6,87,32,16,91,62,73,61,43,10,13,1,89,0,54,85,63,14,39,46,74,90,68,22,7,44,94,72,88,77,2
88,24,27,98,87,28,76,99,30,39,11,59,25,72,16,20,46,13,34,26,12,93,40,42,82,50,73,71,63,91,56,84,80,32,6,19,78,60,18,29,67,52,75,8,7,49,10,2,17,70,36,57,69,64,83,74,97,95,47,58,96,66,21,53,79,89,37,4,61,0,51,86,1,31,22,65,9,43,33,23,35,38,45,54,14,55,81,94,90,5,85,48,92,15,44,41,62,68,77,3
19,24,49,11,87,54,8,62,25,23,50,35,18,14,53,31,95,33,3,34,12,59,75,42,41,94,47,71,16,99,56,76,7,32,6,1,60,98,64,29,78,73,30,52,22,97,10,90,38,79,43,63,61,9,83,74,88,69,27,36,70,66,21,2,15,89,37,4,84,0,17,86,13,80,57,48,40,28,26,51,81,93,45,82,58,55,77,92,67,5,85,20,91,65,44,72,96,68,46,39
41,24,42,11,78,3,8,96,72,51,28,35,18,76,37,87,5,13,95,34,1,10,33,25,88,94,68,61,16,59,56,22,7,83,6,15,66,91,45,19,40,99,98,73,32,97,67,75,0,79,26,63,60,47,62,53,49,23,50,36,70,38,65,2,81,17,54,4,84,92,14,74,77,43,90,48,21,39,12,9,55,93,52,82,80,29,89,69,58,64,27,20,71,30,44,31,57,86,46,85
40,85,65,99,35,51,10,36,72,78,57,30,18,15,88,87,92,75,49,34,1,82,4,25,38,39,68,84,16,59,56,80,8,89,6,97,66,20,83,13,95,67,12,42,74,73,5,33,94,79,0,27,26,47,93,37,63,53,9,90,91,96,24,98,81,17,54,21,19,28,14,46,77,70,76,48,52,7,2,29,55,62,22,86,43,45,58,69,32,61,11,64,71,50,44,31,41,3,60,23
40,85,65,99,94,81,19,73,39,4,18,30,35,26,51,92,66,25,34,49,13,28,57,59,75,10,76,61,16,11,46,32,8,41,91,82,43,58,83,97,93,67,24,22,74,87,5,31,12,23,0,79,95,47,80,37,72,53,55,90,7,96,29,38,33,17,54,2,48,9,14,42,77,6,36,62,52,84,1,68,78,21,89,63,20,45,69,88,56,3,98,15,71,50,70,86,27,60,44,64
64,96,82,43,94,87,19,90,39,56,18,10,66,85,61,57,40,13,51,49,47,81,62,70,75,14,95,78,16,11,46,9,6,58,91,93,33,36,77,69,8,67,7,22,76,26,5,71,4,50,92,68,86,2,80,60,72,83,74,12,99,35,89,31,28,17,41,48,0,38,97,29,21,53,1,65,25,84,30,73,34,32,79,63,20,45,24,88,52,3,98,15,54,59,42,37,23,55,44,27
68,16,37,67,36,87,19,73,47,74,18,1,22,85,12,86,2,13,51,49,46,82,84,70,75,14,77,56,5,11,39,27,69,55,24,93,88,4,65,57,91,30,9,90,96,26,79,94,0,50,58,33,10,32,80,15,66,40,31,72,60,43,64,20,28,17,41,76,92,38,21,29,53,48,45,83,34,25,95,89,98,63,35,7,78,99,71,42,52,3,97,23,54,59,81,6,62,8,44,61
78,65,99,67,36,71,19,47,86,60,18,0,95,30,12,59,75,13,1,24,15,87,98,10,62,68,32,56,49,5,39,42,69,74,77,97,70,4,82,58,40,83,63,33,96,26,79,27,91,2,57,55,50,14,93,22,66,37,29,94,17,54,85,11,28,90,23,20,92,89,21,31,53,48,76,84,34,16,88,6,45,73,35,7,46,43,81,9,41,80,51,52,72,64,38,3,25,8,44,61
65,22,6,67,85,71,45,96,86,47,18,24,89,30,1,50,14,13,77,5,12,66,98,88,62,15,63,72,58,95,74,42,84,41,40,23,60,4,8,64,59,33,75,31,70,28,79,27,36,2,57,55,26,48,93,83,49,37,32,94,17,25,11,81,10,0,20,39,52,21,16,68,53,35,56,78,34,19,76,51,38,69,73,92,82,43,3,9,29,80,87,7,46,90,97,54,44,91,99,61
65,68,6,2,99,5,8,26,75,52,18,24,88,30,86,17,77,78,72,84,83,66,98,16,71,95,42,14,15,48,74,22,96,46,63,23,58,4,54,64,44,49,55,62,69,80,27,7,36,70,57,1,45,89,93,11,28,50,43,82,60,9,29,67,10,0,20,41,47,37,81,94,53,35,21,90,85,19,25,31,38,79,73,92,59,40,3,12,33,51,34,13,76,97,32,87,61,91,39,56
65,36,6,85,88,5,39,26,75,97,96,24,81,9,86,56,95,21,35,84,74,15,91,68,22,51,42,13,99,14,12,8,73,92,3,1,76,59,54,66,11,18,0,46,63,80,93,70,47,16,44,23,43,52,83,48,28,50,10,82,60,2,72,32,64,67,20,41,53,98,90,94,69,4,57,78,55,19,25,31,38,79,27,34,89,40,37,49,58,7,17,71,77,45,30,87,29,61,62,33
16,33,6,78,88,45,5,7,86,23,96,77,72,81,80,35,20,21,14,28,22,15,25,68,30,18,32,13,99,57,63,29,73,87,37,43,76,17,70,65,11,26,0,95,49,34,93,69,46,75,59,42,53,52,83,48,94,50,31,97,64,47,55,60,24,91,61,41,84,98,90,67,3,4,8,56,58,12,51,44,38,54,27,19,89,82,74,62,92,79,40,71,9,1,10,36,66,2,85,39
16,42,84,57,46,45,5,92,33,49,78,11,72,86,51,59,20,27,91,28,29,38,54,68,2,8,83,3,99,25,40,17,73,87,37,88,15,66,70,0,75,65,76,85,47,34,93,81,12,26,63,35,74,52,69,48,64,77,31,67,22,9,96,1,36,41,61,32,97,19,90,21,55,58,7,56,24,95,60,14,18,13,4,6,80,82,23,62,30,79,53,50,89,71,10,94,43,98,44,39
64,37,16,57,75,88,38,70,31,56,68,11,10,92,29,59,20,27,45,73,67,5,21,86,15,90,47,69,44,3,99,65,4,43,95,26,17,66,33,50,91,8,25,85,82,97,93,83,12,52,63,49,74,76,36,48,46,77,71,13,22,84,30,94,80,6,61,72,9,19,54,78,35,41,87,1,24,58,51,14,18,96,7,34,28,89,23,62,60,79,53,32,55,42,40,0,2,98,81,39
64,53,59,34,51,91,3,70,97,32,68,81,12,27,90,26,54,63,36,46,67,5,41,65,15,98,9,29,44,50,48,77,33,58,10,19,72,66,2,86,16,8,13,1,82,14,93,42,84,52,22,49,74,96,37,88,95,83,4,76,43,18,47,69,80,57,23,85,17,25,6,78,20,39,87,35,24,99,30,73,75,11,7,38,28,21,56,92,60,79,94,61,55,62,40,0,45,89,31,71
94,53,27,95,51,60,71,59,97,10,13,81,12,38,2,50,20,63,9,93,44,5,6,65,56,25,19,33,83,30,43,96,45,46,98,21,72,90,32,62,16,34,48,86,80,47,49,58,70,52,61,36,74,82,85,88,73,84,78,4,37,66,11,92,69,57,23,41,17,14,26,67,15,39,87,42,22,55,99,35,75,18,7,91,28,8,68,40,64,79,3,54,29,76,77,0,24,89,31,1
94,61,2,36,9,50,37,4,51,66,42,12,62,38,72,45,5,14,60,67,18,82,6,55,56,48,19,33,10,77,43,76,63,35,65,44,64,90,32,7,71,59,97,13,27,47,3,39,22,52,96,21,74,25,31,88,93,53,1,81,69,41,11,84,68,57,23,73,17,86,26,98,15,80,20,34,70,95,99,87,78,85,79,92,49,8,24,46,40,83,75,54,29,91,30,0,58,89,28,16
38,20,55,33,13,80,37,14,62,78,75,50,88,26,27,45,5,4,42,17,19,25,72,46,56,0,15,68,16,93,39,82,44,35,9,41,64,11,24,60,85,59,43,10,51,47,32,30,22,52,6,61,84,28,76,58,87,48,1,81,65,12,21,54,89,57,77,73,53,86,71,98,96,18,63,34,70,95,99,90,67,23,79,92,49,8,74,3,66,83,36,7,2,97,31,40,69,29,94,91
14,20,97,33,38,6,67,79,55,1,75,96,47,12,27,2,5,81,42,61,45,29,16,13,36,0,64,58,93,22,78,85,25,66,9,41,71,11,24,80,95,84,7,10,51,17,88,50,21,30,86,37,70,28,98,83,26,52,53,69,34,68,57,54,89,76,77,99,56,48,19,46,15,18,63,72,32,44,82,60,87,23,8,92,4,74,59,3,35,39,65,62,49,73,31,40,43,91,94,90
14,22,76,33,38,49,88,57,98,91,75,2,27,26,36,95,24,92,90,47,45,51,16,60,35,0,19,4,93,68,78,28,39,34,3,81,71,82,80,85,17,1,72,46,8,31,77,13,21,30,54,37,40,55,44,69,42,12,53,50,7,61,9,43,89,56,64,99,67,48,25,66,59,18,63,20,32,29,62,5,87,23,11,83,52,6,79,74,70,41,65,96,84,73,97,10,15,86,94,58
6,22,14,17,55,3,90,43,39,4,77,49,63,50,32,2,26,92,69,51,34,45,16,72,58,42,75,73,81,87,78,28,15,1,47,56,44,12,48,85,36,38,97,95,8,61,33,13,88,65,21,37,70,27,40,46,0,89,5,91,84,23,9,80,20,35,24,99,67,82,25,66,59,68,53,76,18,29,54,98,93,7,11,83,60,52,79,74,57,41,62,96,19,30,31,10,64,86,94,71
6,79,87,77,45,47,90,73,69,57,19,20,63,80,32,22,13,92,14,18,39,71,46,72,67,42,82,21,56,99,1,86,25,40,81,70,61,12,43,51,36,2,31,44,17,41,68,38,55,52,98,37,75,7,8,88,0,83,5,9,34,23,28,65,15,35,85,78,74,89,53,48,59,84,91,58,97,29,54,24,93,33,11,66,60,26,94,4,50,95,62,96,76,30,16,10,64,3,49,27
31,79,92,77,45,47,18,76,22,74,29,0,10,1,82,2,13,19,5,35,39,71,64,72,67,28,93,41,56,99,24,86,34,61,62,70,4,53,43,88,36,97,90,44,51,9,84,38,46,89,20,37,17,7,80,15,73,63,83,69,40,54,50,14,21,11,85,57,96,8,6,58,59,78,91,23,49,52,94,16,27,68,98,66,12,26,33,3,32,55,25,42,81,30,75,87,65,48,95,60
56,31,78,64,92,34,67,1,4,74,15,68,46,23,82,0,47,29,5,35,50,30,44,33,69,28,11,55,22,99,24,54,62,61,6,76,13,40,9,93,53,20,43,65,32,58,84,38,45,89,71,94,17,7,80,10,88,27,42,16,36,14,70,37,72,57,85,2,96,8,90,48,19,18,12,98,83,79,73,39,52,91,97,66,87,26,41,3,77,49,25,21,81,59,75,51,86,63,95,60
76,35,88,13,19,34,23,75,4,29,15,92,48,16,57,69,66,74,80,96,20,82,28,8,2,40,7,55,22,99,81,54,50,61,6,62,89,78,95,9,53,67,43,32,33,58,25,94,3,72,71,84,21,17,46,14,47,27,70,44,30,91,64,37,56,93,5,86,73,45,12,39,90,18,83,98,68,79,41,1,52,31,97,65,87,11,0,24,77,49,36,63,59,26,42,51,10,85,38,60
27,35,48,72,19,34,46,7,57,29,91,90,54,32,75,79,12,66,39,96,11,82,65,60,15,40,87,17,26,99,81,58,64,49,6,62,28,78,51,9,3,67,43,10,44,83,56,8,4,88,71,84,38,5,23,94,73,22,70,59,1,50,33,53,37,93,77,41,80,52,47,25,68,18,20,16,0,97,89,31,92,14,76,98,95,69,30,24,55,2,36,63,45,74,42,86,61,85,21,13
27,61,0,72,18,34,59,67,57,97,15,90,54,32,87,89,88,66,39,96,17,5,65,36,50,29,60,23,26,99,55,58,8,12,85,47,28,78,82,46,3,24,35,1,20,83,11,37,4,64,75,71,38,95,56,69,93,22,30,33,49,94,7,79,48,2,52,91,81,80,98,84,43,25,41,16,19,9,13,31,92,44,70,74,77,53,51,63,62,40,68,6,42,86,45,14,73,10,21,76
27,61,73,5,18,9,59,67,57,66,15,43,32,26,87,11,71,6,64,49,7,92,94,54,84,29,42,41,88,62,68,58,8,75,12,23,28,90,83,33,24,46,48,40,31,14,72,36,96,44,4,34,38,99,56,16,93,22,30,98,82,13,21,37,10,65,20,91,81,80,45,79,97,25,95,50,19,1,47,89,70,35,55,69,52,74,60,63,85,17,77,2,78,86,3,51,0,53,39,76
67,56,42,2,86,99,4,22,23,11,15,43,40,26,78,61,39,10,87,60,83,36,64,77,84,14,19,52,71,62,68,54,46,69,12,21,28,90,55,17,24,66,57,76,18,85,59,91,96,44,5,34,20,72,31,38,94,89,30,97,82,1,93,37,0,65,48,51,81,80,45,79,33,25,95,29,63,98,13,6,70,75,41,35,32,74,16,53,49,27,73,47,9,8,92,88,7,50,3,58
53,83,6,15,4,99,47,3,17,42,76,43,40,51,77,36,56,10,87,79,48,93,90,85,62,68,67,98,95,60,64,44,19,11,21,63,30,29,55,65,74,66,31,52,18,35,7,91,96,39,5,49,38,72,46,12,70,89,26,97,20,1,58,37,0,33,16,73,81,80,45,8,61,25,86,94,50,41,13,27,9,34,14,23,32,2,57,54,24,59,82,75,78,71,92,88,28,69,22,84
98,67,6,80,14,37,47,38,44,42,61,63,40,25,77,0,32,4,69,75,74,93,90,84,10,70,27,41,13,60,54,71,19,11,36,21,17,81,55,73,23,79,31,16,56,35,7,91,96,57,58,76,39,18,1,12,62,89,48,97,20,87,51,15,52,33,86,29,28,2,8,83,34,94,59,78,50,99,65,22,43,85,30,66,3,72,26,64,53,49,82,24,68,46,92,88,95,9,5,45
56,17,6,39,14,42,79,38,24,5,89,69,40,25,10,0,28,12,90,43,74,93,18,58,67,88,99,70,13,60,54,92,26,11,29,21,96,35,71,4,23,46,87,32,59,84,98,91,82,57,15,63,50,80,33,27,55,85,48,2,94,77,51,73,31,7,47,49,1,76,30,83,34,78,20,66,9,61,65,95,75,16,19,72,3,36,45,64,53,52,37,97,68,41,44,22,86,8,81,62
26,34,87,23,77,39,79,38,93,48,89,69,40,13,30,8,28,31,25,90,15,12,58,20,78,1,64,2,88,47,54,97,24,51,96,50,42,35,33,21,57,17,10,32,61,84,46,11,82,70,59,44,72,80,6,27,92,85,29,99,94,4,56,9,37,91,76,49,41,98,83,18,53,0,73,5,45,63,65,71,75,16,60,67,43,36,14,55,19,52,7,95,68,81,74,22,86,3,66,62
2,80,21,26,58,34,99,51,52,48,89,91,23,13,90,8,27,47,25,30,96,63,74,17,78,68,98,15,56,38,19,62,24,7,69,50,42,81,41,92,76,79,39,87,61,84,46,77,82,59,65,44,72,0,6,9,95,70,29,33,94,67,28,35,37,66,14,20,64,55,57,18,53,73,3,88,32,49,45,83,5,85,60,54,93,36,11,10,1,71,16,97,75,43,12,22,86,40,4,31
70,4,51,26,58,77,31,36,55,13,33,90,23,96,52,43,67,74,10,30,8,63,59,53,25,57,87,15,56,38,19,62,78,14,98,24,42,76,91,92,69,81,88,99,61,45,46,0,41,7,12,9,72,2,6,66,95,35,20,50,94,22,75,80,37,3,89,11,60,39,54,18,97,73,21,48,71,44,68,83,64,17,85,49,93,28,40,84,5,65,16,27,32,79,29,34,86,1,82,47
30,80,7,38,58,98,77,21,74,13,33,90,2,16,35,19,52,64,55,72,8,6,37,93,89,57,87,15,3,44,97,26,50,14,45,96,42,76,88,60,22,81,66,99,39,63,31,61,41,59,12,92,34,48,25,18,95,91,79,46,67,11,85,9,28,23,36,75,53,51,43,4,94,49,65,68,10,73,78,83,84,17,54,56,20,24,40,62,0,47,71,27,32,5,29,69,86,1,82,70
16,80,7,31,51,13,62,77,74,40,33,17,26,52,91,83,39,64,53,3,67,23,95,27,54,57,75,44,89,12,97,6,30,29,45,96,42,59,69,76,68,55,9,58,98,63,2,61,41,43,90,50,24,19,8,18,71,10,79,88,22,11,49,38,5,66,36,87,28,82,46,4,72,47,65,81,56,25,78,60,99,0,14,48,20,92,21,73,94,37,15,93,32,85,34,84,86,1,35,70
76,58,45,41,4,33,59,77,80,56,66,38,91,97,70,83,14,64,53,89,0,23,96,1,31,57,93,75,17,15,32,6,30,52,78,51,42,88,7,55,65,40,9,11,3,63,2,19,35,43,73,44,28,67,8,74,61,24,13,36,22,18,49,34,85,50,94,87,37,82,46,54,72,62,79,81,10,25,16,84,99,90,20,48,47,92,69,98,86,5,39,27,95,71,60,12,26,29,21,68
50,19,23,89,81,45,99,25,40,42,66,88,79,36,11,8,33,98,53,94,0,72,96,41,65,57,30,90,32,15,74,6,76,37,59,22,52,71,68,91,21,17,18,7,3,14,85,47,35,43,63,44,60,67,4,62,51,24,34,83,77,70,49,12,78,58,29,97,1,82,46,64,31,73,20,39,10,55,38,84,2,13,54,48,93,87,69,16,86,5,75,27,95,9,92,61,26,56,80,28
50,19,74,89,81,39,99,5,23,12,85,59,38,45,11,83,92,98,10,60,7,14,96,78,34,95,65,82,32,58,15,97,76,66,3,33,52,71,61,91,84,55,56,30,77,48,73,57,28,80,93,44,26,86,54,62,29,88,70,46,53,4,49,79,2,36,35,25,1,0,13,64,31,22,94,72,51,18,8,17,24,68,20,47,42,87,69,16,40,43,75,27,90,9,63,41,37,67,6,21
74,36,93,89,99,21,1,77,81,12,49,40,38,58,11,2,56,55,10,78,35,72,76,7,34,32,88,20,15,45,37,97,96,66,19,87,52,71,69,14,57,60,13,9,47,64,73,48,80,91,27,44,75,39,54,62,61,8,82,90,92,4,31,79,83,16,46,25,98,0,70,30,51,22,94,86,84,18,50,17,65,68,59,6,67,23,29,28,53,24,85,3,42,5,63,41,26,43,95,33
7,52,93,89,73,21,69,79,81,26,6,74,38,16,11,19,48,55,10,78,53,46,33,44,40,32,59,20,87,28,37,0,14,66,27,49,99,95,56,77,15,5,13,90,82,64,12,23,42,88,83,9,91,39,24,71,22,54,25,34,47,4,60,97,61,65,76,35,98,63,68,75,41,57,94,96,45,18,2,17,1,92,72,50,67,8,29,51,86,62,85,36,31,84,3,80,30,43,58,70
72,52,7,39,13,21,50,79,17,26,70,27,53,65,44,82,48,66,58,30,71,49,8,90,54,32,11,74,19,35,37,46,14,2,99,69,85,95,42,77,9,1,33,6,45,56,12,81,87,76,83,96,51,22,24,16,57,78,73,34,89,92,68,23,61,64,91,28,5,4,29,59,41,47,55,63,20,18,84,75,98,38,97,40,67,94,10,60,86,62,25,36,31,88,3,80,93,43,15,0
43,86,28,39,16,21,50,79,23,26,25,92,10,87,44,48,0,53,52,78,59,88,51,58,19,32,11,3,40,57,90,46,81,38,70,6,85,95,41,54,77,64,84,62,45,49,12,65,67,76,18,24,56,22,1,89,96,82,73,34,91,63,68,17,35,66,27,4,13,99,94,42,37,47,33,72,83,75,2,97,98,9,60,5,69,55,14,20,7,30,71,36,31,29,8,80,93,61,15,74
27,90,22,64,16,3,47,79,7,54,25,38,65,67,0,48,92,34,50,56,10,1,24,8,19,32,11,13,52,99,2,21,81,18,62,6,95,17,86,37,26,44,84,15,58,49,73,51,57,74,30,31,9,75,82,89,12,43,70,41,76,63,68,78,35,66,55,4,28,80,45,40,36,71,23,72,83,59,85,29,98,97,60,39,69,46,14,20,87,5,94,42,33,88,93,53,96,61,77,91
82,95,34,20,16,79,62,15,7,54,78,32,68,67,0,77,92,40,58,29,10,91,50,8,30,46,36,88,74,93,2,59,3,38,5,11,21,64,31,52,26,44,57,1,69,49,90,56,71,96,85,18,4,87,51,97,12,17,75,41,37,43,70,25,35,66,53,80,28,48,45,98,89,22,84,72,83,60,55,99,6,24,23,39,47,65,14,81,19,86,94,42,73,63,33,9,13,61,76,27
82,46,61,57,59,79,62,37,69,54,23,1,68,67,0,77,22,74,58,7,36,44,81,47,78,88,55,73,16,70,50,89,80,29,5,75,39,9,31,20,71,95,93,72,26,99,52,2,63,96,85,65,14,38,92,97,45,32,87,41,51,15,86,48,35,43,53,27,28,3,19,98,21,4,91,18,83,60,90,34,56,24,10,8,17,25,33,12,6,40,94,11,64,66,84,30,13,42,76,49
31,34,71,82,46,75,73,40,28,4,61,7,68,67,87,77,42,74,58,39,36,95,81,47,26,57,6,25,59,70,50,22,20,29,48,72,10,63,60,91,93,33,2,9,97,13,52,86,80,84,14,65,44,89,92,15,94,32,62,41,99,43,76,0,23,69,53,3,8,35,78,1,90,5,21,12,83,11,37,18,56,24,19,38,17,54,55,16,45,88,27,98,64,66,96,30,51,85,79,49
17,3,77,26,4,42,14,6,48,22,23,93,59,67,36,85,21,0,29,74,52,95,81,47,75,57,69,62,82,70,34,40,5,99,31,86,10,54,60,87,79,38,2,8,39,13,97,91,80,84,44,19,58,89,63,50,94,90,83,41,61,16,68,55,96,73,32,7,9,35,65,71,45,27,15,12,46,11,78,18,98,33,53,24,76,25,43,37,20,88,28,56,64,66,92,30,51,72,1,49
17,3,97,22,88,4,9,34,56,37,14,93,58,67,36,90,48,5,29,74,63,70,81,27,38,50,64,33,1,83,86,28,85,77,32,65,30,95,60,87,79,53,2,8,42,13,19,91,80,71,35,0,73,89,72,57,99,96,20,41,31,16,68,55,24,45,76,7,25,18,15,21,82,11,23,39,46,52,59,44,69,47,94,75,12,78,84,43,49,54,51,6,62,66,92,40,26,98,10,61
36,13,56,22,88,64,7,34,84,21,15,93,1,14,45,53,48,6,94,74,19,70,27,90,38,23,25,29,2,37,72,60,85,77,32,69,17,95,92,5,67,83,98,79,68,12,16,91,80,66,55,41,73,89,75,20,99,96,86,30,33,18,47,11,8,42,76,3,35,62,49,87,97,43,65,4,71,52,39,44,78,63,28,0,31,10,82,50,54,46,51,9,24,57,59,40,26,81,58,61
73,30,56,74,34,64,58,96,60,21,14,93,86,48,87,51,82,35,22,41,1,67,32,49,44,7,91,23,62,27,85,92,13,0,29,69,46,47,12,53,6,33,37,95,68,17,16,65,80,66,42,99,84,10,75,15,4,59,55,78,90,18,43,72,8,88,76,3,61,9,5,25,97,39,36,38,71,52,94,45,11,63,28,19,31,98,81,50,54,83,77,2,24,57,89,40,79,26,20,70
31,96,22,35,93,62,53,98,8,84,14,75,55,63,64,18,82,23,73,90,1,48,17,49,21,7,91,85,13,32,60,65,77,9,74,66,36,87,6,42,47,43,57,0,68,33,16,20,40,19,3,99,97,10,34,15,4,27,25,11,94,46,69,72,89,88,26,37,39,12,51,59,92,61,86,38,71,76,41,45,44,29,28,52,80,5,81,50,54,56,95,2,24,30,58,83,79,78,67,70
31,96,97,35,91,33,53,98,71,79,64,75,85,63,13,18,82,5,16,3,59,57,87,22,95,2,76,94,9,6,21,73,65,72,62,17,36,27,30,55,47,83,90,0,68,52,99,20,43,44,32,14,39,89,42,15,80,66,37,24,48,46,69,61,49,29,26,19,11,4,34,7,74,50,45,38,51,70,23,12,25,41,28,8,40,1,81,92,54,56,93,10,60,78,58,77,86,84,67,88
83,33,97,68,48,22,13,98,85,55,23,29,75,63,6,42,82,80,51,17,25,64,87,53,92,36,77,94,95,43,30,73,65,49,72,34,4,27,71,16,59,2,91,0,40,93,99,88,19,37,86,20,39,89,35,15,9,66,50,81,90,46,41,8,32,76,26,62,11,24,56,69,74,61,45,38,31,70,84,12,18,57,28,7,47,1,78,67,96,52,54,60,14,21,10,3,5,58,44,79
92,58,47,59,68,60,80,49,85,52,22,65,72,96,33,18,82,55,51,17,40,57,95,53,71,36,90,69,70,23,38,25,11,15,98,34,6,83,32,5,31,84,91,0,97,77,99,30,27,43,86,16,39,20,35,94,3,4,50,87,89,7,29,8,62,73,78,2,63,24,76,44,74,75,45,93,56,37,26,12,64,42,28,19,66,1,46,48,67,79,54,9,14,21,10,41,88,81,13,61
99,11,54,23,68,60,85,64,74,49,71,44,31,8,88,18,36,53,57,24,30,45,77,19,96,41,90,69,21,42,17,25,82,50,94,34,6,83,28,75,13,15,91,0,22,92,4,43,59,16,32,80,39,46,20,65,3,58,55,40,89,7,29,14,62,73,72,61,63,33,35,56,2,98,9,78,87,93,70,12,1,76,52,51,66,86,95,48,67,79,26,27,38,37,10,5,84,97,81,47
37,11,54,61,68,29,57,64,74,49,8,0,31,60,88,53,6,62,84,76,9,7,25,19,96,27,87,69,20,18,14,38,66,12,1,97,94,83,28,75,13,15,91,71,52,90,44,51,5,16,80,42,39,40,4,81,98,58,55,32,89,47,70,72,46,23,85,43,30,95,41,56,24,33,73,92,35,93,63,77,17,78,2,36,26,86,67,21,45,99,82,3,50,65,34,48,79,59,10,22
6,22,92,2,97,33,52,64,87,42,8,83,57,60,74,65,47,63,71,98,70,7,77,11,34,90,29,30,20,36,5,76,95,32,26,46,43,62,58,86,37,68,38,53,49,91,45,51,84,16,96,61,39,40,25,81,94,28,55,31,89,75,67,72,66,18,85,78,9,23,41,56,24,88,73,54,35,93,0,50,69,4,21,79,99,27,44,13,15,1,82,3,14,12,19,48,80,59,10,17
6,13,81,18,97,83,58,95,47,7,93,63,39,98,74,17,34,15,65,32,99,0,41,11,8,29,86,30,20,90,68,76,25,44,87,52,43,96,22,78,37,88,38,60,49,54,33,3,64,69,57,61,1,40,72,2,51,80,55,62,36,46,67,84,66,19,85,48,9,23,94,56,45,89,5,92,16,73,12,50,77,42,21,31,79,27,4,75,71,24,91,53,14,28,26,35,59,82,10,70
95,55,87,10,97,83,8,63,91,43,79,5,39,98,51,17,0,15,9,32,41,18,13,86,49,60,34,96,44,82,52,76,25,20,30,69,75,56,22,19,37,88,62,67,46,40,33,7,64,23,12,61,92,26,78,90,24,80,66,68,36,74,21,81,58,84,85,48,35,71,42,59,29,94,72,14,16,73,1,65,77,3,93,28,57,27,4,99,38,70,11,53,6,50,45,54,2,31,47,89
78,79,87,10,88,83,8,63,48,43,50,21,58,82,22,62,97,11,9,72,7,18,75,55,36,60,4,34,44,71,42,76,16,28,66,77,25,56,17,27,5,94,32,49,96,40,37,12,64,35,86,45,19,26,89,3,33,80,46,68,69,91,14,81,84,0,85,59,1,24,29,70,98,65,13,41,39,23,47,52,20,2,93,30,95,73,57,99,38,67,51,53,15,74,92,54,6,31,90,61
86,82,49,20,88,83,92,65,38,36,50,33,91,45,85,73,30,11,14,51,7,18,75,96,89,60,4,62,27,68,53,0,16,31,66,77,80,56,17,81,5,71,32,43,63,76,37,84,64,95,34,99,19,12,13,3,35,87,74,25,69,1,6,98,70,78,46,59,9,24,40,44,79,21,15,22,42,94,47,61,2,8,90,41,54,57,28,52,48,67,39,10,23,58,72,55,29,97,26,93
87,61,49,20,50,0,22,65,14,57,41,94,91,54,31,70,82,99,90,81,63,11,58,96,32,36,26,62,27,72,53,30,28,4,66,83,80,44,17,39,5,71,12,95,10,76,2,84,67,13,86,25,68,59,85,3,45,88,6,89,69,1,9,74,73,78,46,75,97,24,40,98,7,42,51,92,37,55,47,38,56,35,79,34,19,64,16,52,48,23,60,43,93,33,29,21,8,15,18,77
87,89,14,98,63,0,22,8,36,90,41,1,94,75,31,52,84,24,6,81,27,40,49,96,82,20,26,37,33,55,4,66,28,51,79,92,80,44,17,39,29,71,88,13,18,76,77,11,67,48,23,25,73,42,2,3,74,38,54,34,61,9,53,86,95,78,30,60,32,16,50,68,7,21,70,12,97,93,47,59,99,58,10,45,19,64,46,91,5,83,62,43,35,56,69,57,65,15,85,72
98,23,83,8,45,32,22,12,67,31,53,48,94,93,15,78,40,47,91,81,27,34,61,24,89,1,26,37,5,55,82,86,28,46,66,79,75,16,33,73,51,49,50,88,18,76,77,71,62,7,84,19,17,42,80,39,74,38,54,90,2,63,14,97,95,92,30,25,3,36,99,41,9,21,70,11,43,13,44,60,87,4,52,29,10,64,96,0,20,6,68,59,35,56,69,57,65,58,72,85
5,23,24,8,79,66,21,37,83,80,74,41,20,69,15,78,26,11,65,67,1,17,56,89,72,46,31,2,32,55,68,91,49,81,98,59,30,16,33,97,51,58,50,88,48,76,34,4,96,7,84,19,9,73,44,54,62,45,64,28,77,92,47,60,12,71,3,86,82,36,99,63,18,27,70,95,40,13,90,53,94,42,52,29,10,39,38,0,75,61,14,87,35,25,43,57,93,22,6,85
