0,1,2,3,4,5,6,7,8,9,10,11,12,13,14,15,16,17,18,19,20,21,22,23,24,25,26,27,28,29,30,31,32,33,34,35,36,37,38,39,40,41,42,43,44,45,46,47,48,49,50,51,52,53,54,55,56,57,58,59,60,61,62,63,64,65,66,67,68,69,70,71,72,73,74,75,76,77,78,79,80,81,82,83,84,85,86,87,88,89,90,91,92,93,94,95,96,97,98,99
55,1,2,8,4,5,6,7,95,32,10,11,12,13,14,15,16,17,18,19,20,64,22,23,24,25,26,27,0,29,30,31,68,63,34,35,36,47,38,49,40,41,42,43,44,3,46,93,48,9,50,51,52,53,54,33,56,57,83,59,60,61,62,28,86,65,45,67,39,69,70,71,72,73,74,75,76,77,78,79,80,81,82,97,84,85,92,87,88,89,90,91,37,58,94,21,96,66,98,99
55,1,2,8,92,5,6,75,95,32,10,11,12,13,14,15,16,17,18,19,20,64,22,23,24,25,26,68,0,29,30,31,4,63,28,35,36,47,38,85,40,41,42,43,39,3,46,93,48,70,9,51,44,53,54,33,98,57,83,59,60,61,86,34,99,65,45,67,27,69,62,71,72,96,74,52,49,77,78,79,80,81,82,97,84,50,89,87,88,7,90,91,37,58,94,21,76,66,73,56
55,71,1,8,92,5,97,75,27,32,10,11,82,13,14,15,16,17,18,19,20,64,22,23,24,25,70,68,0,29,30,28,4,63,45,35,12,47,38,85,40,41,42,43,39,26,46,93,48,99,9,51,90,6,54,33,98,57,83,59,95,61,86,60,2,65,44,67,79,69,62,36,72,96,34,52,3,77,78,31,80,81,49,53,84,50,89,87,88,7,74,91,37,58,94,21,76,66,73,56
55,23,1,8,92,19,35,75,27,32,56,11,82,7,14,15,16,17,18,28,20,63,22,48,24,25,70,68,87,29,97,6,4,42,45,0,12,47,38,85,40,67,2,43,39,26,46,93,71,99,9,51,90,57,54,33,98,59,83,5,95,61,86,60,13,65,44,88,79,69,62,36,72,96,34,52,3,77,78,31,80,81,49,53,84,50,89,41,10,64,74,91,37,58,94,21,76,66,73,30
51,23,1,8,92,19,35,75,27,32,56,11,62,7,84,15,16,10,18,83,81,64,22,48,24,25,70,68,87,29,97,6,4,42,45,74,12,47,26,85,55,67,2,43,39,28,46,93,63,99,9,40,90,57,54,20,33,59,72,5,95,61,86,60,13,65,38,88,79,69,82,36,71,96,34,52,3,77,78,31,80,14,49,53,44,50,89,17,98,0,41,91,37,58,94,21,76,66,73,30
51,23,1,8,92,19,30,75,27,57,56,11,62,7,84,15,16,39,18,83,70,64,52,48,24,34,32,86,87,29,35,6,97,42,53,74,12,47,26,85,55,67,79,43,10,28,46,93,63,99,9,40,90,45,54,20,33,59,72,5,95,61,73,60,13,65,38,88,25,69,82,81,71,96,22,68,3,77,78,4,80,14,49,91,44,50,89,17,98,0,36,31,37,58,94,21,76,66,41,2
51,23,1,8,92,19,30,75,27,57,56,11,62,7,84,95,16,39,18,83,2,64,52,48,24,34,32,86,87,29,35,6,97,71,53,74,12,47,26,85,55,67,79,43,3,28,65,93,63,99,9,40,90,45,54,20,33,49,72,81,14,82,59,60,44,42,38,88,25,69,46,17,73,96,70,68,4,77,78,15,80,13,10,91,5,50,89,22,98,76,36,31,37,58,94,21,0,66,41,61
51,23,46,52,92,81,30,75,27,57,56,66,62,60,5,95,16,39,18,83,21,64,53,48,24,34,2,37,87,8,35,6,97,71,11,74,12,47,26,85,13,67,79,43,3,28,65,93,84,99,9,40,90,45,54,20,33,49,72,63,14,82,59,61,44,50,38,88,25,69,55,17,73,96,70,68,4,77,78,15,80,86,10,91,19,32,89,22,98,76,36,31,1,58,94,42,0,29,41,7
51,23,86,52,92,81,57,74,27,11,56,66,62,60,5,53,16,79,67,83,14,64,75,48,95,34,2,37,87,8,35,6,97,71,7,15,12,47,26,85,13,18,39,43,3,28,65,93,84,99,9,40,90,45,54,98,33,49,72,63,30,82,61,59,44,50,38,88,25,77,55,17,73,96,70,68,4,21,78,24,20,46,10,91,19,32,89,22,69,76,36,31,1,58,94,42,0,29,41,80
51,84,99,52,92,81,57,74,91,11,56,66,62,60,5,7,16,79,67,83,14,21,75,4,95,34,40,37,87,29,9,6,97,71,27,15,12,53,26,20,43,18,39,23,3,28,65,93,64,35,13,85,90,45,54,98,33,48,72,63,30,82,61,59,44,50,38,88,25,77,2,17,73,96,70,68,55,86,78,24,8,46,10,49,19,32,89,22,69,76,36,31,1,58,94,42,0,47,41,80
51,84,13,52,8,81,57,74,91,77,66,45,23,60,5,7,16,79,67,83,14,21,75,4,95,73,40,37,87,29,9,6,97,71,47,15,99,53,26,20,24,18,39,27,3,28,65,93,64,35,44,85,90,92,54,12,33,48,34,63,30,82,61,59,32,86,38,88,25,62,2,17,58,96,70,68,55,50,78,11,43,46,10,49,19,98,89,22,69,76,36,31,1,72,94,42,0,56,41,80
51,84,13,52,8,81,57,74,91,77,66,69,23,60,5,7,16,79,67,83,14,21,75,85,95,73,40,37,87,93,9,6,97,71,50,15,99,45,26,90,70,33,29,27,3,28,65,82,64,35,44,4,42,92,54,12,88,48,34,63,41,24,61,1,39,86,38,18,25,62,2,17,58,96,47,30,55,20,78,11,43,46,10,49,19,98,89,22,32,76,36,31,68,72,94,59,0,56,53,80
7,84,57,52,95,81,50,74,93,77,66,69,13,60,5,80,22,79,67,83,14,21,75,85,32,73,40,37,87,82,9,6,97,71,76,15,99,45,26,90,70,33,8,16,3,28,65,61,64,30,44,4,42,92,54,12,89,48,34,63,41,24,86,1,39,27,38,18,25,62,2,17,51,96,47,88,55,20,78,11,43,46,10,49,19,98,35,91,29,23,36,31,68,72,94,59,0,56,53,58
14,84,62,52,95,59,50,88,93,37,66,69,13,60,7,80,22,79,67,6,90,30,75,85,21,29,40,1,3,82,9,83,97,71,76,15,99,45,26,78,70,33,8,16,96,28,65,61,64,81,44,4,42,92,73,12,89,48,34,63,41,24,86,32,39,27,38,18,25,74,2,17,51,54,47,57,55,20,5,11,43,46,10,49,19,98,35,91,77,23,36,31,68,72,94,87,0,56,53,58
27,25,62,52,39,99,50,88,93,37,66,69,13,60,7,31,22,95,67,6,90,30,75,85,21,96,40,1,59,82,9,80,97,71,76,15,3,29,26,78,70,33,8,86,45,28,65,61,64,81,44,4,16,92,73,12,89,48,34,19,41,24,36,32,18,84,38,83,57,74,2,17,51,54,47,14,55,20,5,11,43,46,10,42,79,98,35,91,77,23,49,63,68,72,94,87,0,56,53,58
27,25,62,52,39,99,80,88,93,37,66,29,13,60,28,31,35,0,67,6,90,30,75,41,51,32,40,1,59,82,9,85,97,71,76,15,3,96,21,50,70,33,8,26,45,95,65,61,64,91,68,4,16,92,73,12,89,48,34,19,69,24,36,44,18,84,38,83,57,74,86,17,55,54,47,14,22,20,5,11,43,46,10,42,79,98,7,2,77,23,49,63,78,72,94,87,81,56,53,58
27,25,14,52,39,99,54,88,93,37,66,29,13,23,28,31,35,42,67,6,90,30,75,41,51,43,47,9,59,82,0,85,97,32,76,15,3,96,71,50,70,33,8,62,45,95,60,61,21,91,68,83,16,92,73,12,89,48,26,19,69,24,36,44,18,84,1,80,57,74,86,17,55,4,40,34,22,64,5,11,20,46,10,63,79,98,7,2,77,65,49,38,78,72,94,87,81,56,53,58
80,25,14,52,39,99,54,88,93,37,66,29,10,23,28,30,61,91,67,6,90,16,75,27,51,43,47,9,59,82,0,7,65,32,76,42,3,96,71,50,70,33,8,62,45,95,60,15,21,13,68,83,2,92,19,12,89,48,26,41,69,74,36,44,18,84,1,77,57,85,86,17,35,4,40,34,22,64,5,11,20,46,24,63,79,98,87,73,97,55,49,38,78,72,94,31,81,56,53,58
80,25,14,52,39,99,54,88,36,37,13,29,24,23,28,96,61,91,67,6,41,64,75,26,51,30,47,9,59,65,0,7,90,32,76,42,3,44,71,50,70,33,82,62,45,95,60,15,21,66,68,83,2,92,40,12,89,48,16,18,84,74,43,19,5,10,1,77,57,85,86,17,35,4,93,34,22,27,8,11,20,46,69,63,79,98,87,73,97,55,49,38,78,72,94,31,81,56,53,58
25,4,61,52,39,99,59,88,24,37,13,29,27,23,28,96,47,91,67,6,41,64,75,63,51,71,30,9,26,65,0,7,90,85,76,42,3,44,36,50,70,33,82,62,45,95,60,15,21,32,68,83,2,92,14,12,89,48,53,18,84,74,43,19,5,10,1,77,57,58,86,17,35,16,93,34,22,80,54,8,20,46,69,66,79,98,87,73,97,55,49,38,78,40,94,31,81,56,11,72
25,50,61,52,39,99,59,88,24,37,86,91,40,23,76,96,47,3,4,6,41,64,75,63,51,71,30,9,26,65,0,7,94,85,67,29,90,44,36,22,38,33,82,84,45,95,60,15,21,32,68,83,2,92,14,12,58,48,53,18,13,74,43,19,5,10,1,77,57,62,42,28,35,16,93,34,89,80,54,17,20,46,8,66,79,98,87,73,97,55,49,70,78,69,27,31,81,56,11,72
25,24,61,48,39,34,59,18,57,37,86,91,40,77,76,96,47,3,4,6,33,64,75,63,72,71,30,9,26,65,0,7,51,85,67,29,90,50,36,22,38,82,41,84,45,95,60,15,69,32,93,83,2,92,14,12,58,94,53,21,13,74,43,19,5,10,1,46,44,62,42,28,35,88,99,27,89,80,54,17,20,16,8,66,79,98,87,73,97,55,49,70,78,52,68,31,81,56,11,23
72,24,61,48,39,34,59,18,57,37,86,91,40,23,99,96,47,3,4,6,36,64,98,63,77,17,30,9,25,95,0,7,51,85,67,29,90,50,27,22,38,2,41,84,45,35,60,15,69,32,93,33,71,82,14,12,58,94,53,21,13,74,43,19,5,68,26,46,44,62,42,28,92,88,75,20,89,80,54,10,65,16,8,66,79,76,87,73,97,55,49,70,78,52,1,31,81,56,11,83
72,24,4,48,39,34,59,29,61,37,86,91,84,23,99,96,47,3,5,6,36,64,98,63,77,17,30,18,25,95,0,7,51,85,90,50,56,9,27,52,38,82,41,20,45,35,60,15,69,32,93,80,71,2,14,12,79,16,53,21,13,74,43,19,58,57,26,46,44,62,42,28,92,88,75,68,89,33,54,10,65,22,8,66,67,76,87,73,97,55,49,70,78,40,1,31,81,94,11,83
72,24,46,48,53,34,59,29,39,37,86,91,84,23,99,58,47,3,5,6,51,64,98,63,77,17,30,18,25,95,0,61,96,50,90,80,31,82,27,52,38,55,41,97,45,35,60,74,69,32,93,15,71,2,14,12,79,16,4,21,13,7,9,19,20,57,26,36,44,62,56,28,92,88,75,68,89,33,54,10,65,22,8,66,67,76,87,73,85,42,43,70,78,40,1,49,81,94,11,83
72,60,46,48,53,34,59,29,39,37,86,35,84,1,99,42,9,3,5,6,51,64,98,63,22,17,30,18,25,95,0,77,96,50,90,80,31,82,27,52,38,55,41,97,45,7,58,74,69,32,93,15,83,2,14,12,79,16,4,21,13,24,73,19,20,57,26,36,44,62,71,28,92,88,75,68,89,47,76,10,65,91,8,66,33,78,87,54,85,67,94,70,56,40,43,49,81,61,11,23
72,60,46,71,53,93,12,29,39,37,86,67,84,1,99,42,9,3,85,6,51,64,62,63,22,17,30,18,25,95,0,41,96,50,90,80,31,82,27,52,38,55,34,97,45,35,58,5,69,32,14,15,83,2,77,98,79,16,4,21,13,24,73,49,20,57,26,36,44,59,76,28,92,88,75,68,89,43,19,10,65,91,8,66,33,78,94,54,48,74,81,70,56,40,7,87,47,61,11,23
83,60,46,71,53,93,12,32,39,37,86,67,99,1,0,42,9,3,85,6,51,64,62,63,27,75,2,18,25,95,19,84,96,50,90,80,31,82,74,52,38,55,34,33,45,35,58,5,41,28,14,15,72,97,77,98,79,16,4,21,13,24,73,22,20,57,26,36,44,30,76,17,92,29,49,68,89,43,7,10,65,91,8,66,88,78,94,54,48,81,69,70,56,40,59,87,47,61,11,23
83,60,46,71,53,93,12,32,39,37,86,67,99,1,3,42,9,21,85,6,87,64,62,5,96,75,2,18,25,95,19,74,84,50,90,11,31,82,98,52,38,88,34,33,45,35,58,55,41,36,14,15,72,97,77,94,79,16,4,61,27,24,73,22,20,57,26,63,44,30,76,17,92,29,49,68,0,43,51,10,65,91,8,66,7,78,28,54,48,81,69,70,89,40,59,23,47,56,80,13
83,60,46,71,53,41,22,32,56,37,86,67,8,1,19,17,64,21,85,6,87,7,62,5,96,75,2,18,25,95,50,74,84,9,99,11,31,82,98,52,38,88,34,33,45,35,58,55,10,36,14,15,72,97,77,90,79,16,4,61,3,24,73,0,20,57,26,63,39,30,76,42,92,29,12,93,94,43,51,44,65,91,70,66,27,78,28,54,48,81,69,49,89,40,59,23,47,68,80,13
83,60,46,71,53,41,61,32,47,37,86,67,8,70,19,17,64,7,85,6,87,63,62,5,45,75,2,18,22,13,50,74,84,9,99,11,80,82,98,52,20,72,34,33,31,35,21,38,10,36,14,15,95,97,77,90,79,24,4,88,3,25,73,0,42,57,26,58,39,30,76,96,92,29,12,93,94,43,51,44,65,91,1,66,27,78,28,54,48,81,69,49,89,40,59,23,56,68,55,16
83,60,46,71,37,41,61,24,47,7,86,67,15,70,19,17,64,74,85,6,87,18,73,0,45,75,62,77,22,13,50,34,84,9,53,11,80,82,98,52,20,72,32,63,31,35,21,38,10,36,14,92,95,97,33,90,79,56,4,88,3,25,99,5,2,57,26,58,44,30,76,96,8,29,12,93,94,43,51,39,65,91,1,66,27,78,28,54,48,81,69,42,89,40,59,23,49,68,55,16
83,60,46,71,39,15,61,75,47,7,86,67,41,28,19,17,43,74,85,6,87,18,10,0,45,52,62,77,37,13,50,84,2,9,53,11,32,82,98,36,20,72,22,63,31,35,21,38,40,80,14,92,95,97,33,90,79,56,4,88,3,25,99,70,26,57,5,58,44,30,76,96,8,64,12,93,94,34,51,73,65,91,1,66,27,78,49,54,48,81,69,42,89,24,59,23,29,68,55,16
83,35,46,71,39,43,61,75,47,7,8,67,55,28,50,17,15,52,85,22,87,18,10,0,45,6,62,77,41,13,94,84,2,9,25,11,32,82,98,36,20,60,53,74,31,63,21,38,40,80,14,92,95,86,33,90,79,56,4,88,3,76,99,70,26,57,5,69,44,30,68,96,72,64,12,93,37,34,51,73,65,91,1,66,27,78,49,54,48,81,97,42,89,24,59,23,29,19,58,16
83,35,46,1,50,43,61,65,84,7,42,67,55,28,66,17,15,52,85,22,87,96,10,0,45,6,62,73,41,13,94,38,2,9,25,11,24,82,8,36,98,60,53,74,31,63,39,21,40,80,14,92,95,86,33,90,79,56,4,88,3,76,99,70,26,32,20,69,44,30,68,18,72,64,12,93,37,34,51,75,57,23,77,91,27,78,49,54,48,81,97,5,89,47,59,71,29,19,58,16
83,2,24,1,50,65,61,80,84,47,27,67,55,28,66,17,15,38,85,22,82,74,10,96,45,6,86,73,41,13,94,4,20,9,25,11,43,76,8,36,98,60,53,0,31,63,39,21,40,46,14,92,95,7,33,90,35,56,87,88,3,42,99,70,26,32,93,69,44,30,68,18,72,64,12,79,37,34,51,75,57,23,77,91,62,78,49,54,48,81,97,5,89,52,59,71,29,19,58,16
23,2,24,1,50,65,61,80,84,47,27,9,16,28,66,75,15,38,36,22,82,57,10,96,45,6,86,73,41,17,39,4,20,90,25,11,43,76,87,97,40,60,53,0,31,63,74,21,13,46,14,92,95,91,33,94,35,56,58,88,3,42,99,70,26,32,93,69,44,30,68,18,72,64,12,79,37,85,51,55,34,7,77,67,62,78,49,54,48,81,98,5,89,52,59,71,29,19,83,8
92,2,24,5,41,65,61,80,56,47,27,9,16,28,66,29,15,38,36,22,82,57,10,96,45,6,86,73,40,50,39,14,21,90,25,11,43,76,87,97,46,60,53,0,77,63,74,31,13,84,1,85,95,91,33,23,35,75,58,88,3,42,99,70,26,32,93,69,44,30,68,18,72,64,94,79,59,17,51,55,12,7,20,67,62,78,49,54,48,81,98,4,89,52,34,71,37,19,83,8
92,2,87,5,41,65,61,22,56,47,27,9,93,28,77,29,15,38,36,8,42,57,10,97,98,6,24,73,40,50,39,60,21,90,25,11,80,76,82,48,46,75,53,0,95,63,74,31,13,84,1,85,71,91,33,23,35,66,58,88,3,55,99,70,26,32,86,69,44,96,68,18,72,64,94,79,59,17,51,16,12,7,20,67,62,78,49,54,14,81,45,4,89,52,34,30,37,19,83,43
92,2,87,5,41,65,61,22,12,47,27,9,93,28,77,29,21,38,36,59,42,57,10,97,98,6,40,73,60,50,39,26,8,90,25,11,56,33,82,48,15,83,53,0,95,76,74,66,13,84,1,31,71,91,62,75,35,24,58,88,63,55,99,70,3,32,86,69,44,80,68,18,72,64,94,79,46,17,51,16,85,7,20,23,67,78,49,54,14,81,45,4,89,52,34,30,37,19,96,43
92,2,87,5,41,53,70,3,12,47,27,9,93,28,77,29,21,38,86,22,42,57,10,30,97,6,40,95,60,50,39,26,8,90,64,11,56,33,20,48,15,83,4,0,52,76,74,66,13,84,1,31,71,91,62,75,35,24,65,88,63,55,99,61,78,32,89,25,44,80,68,18,72,73,94,79,46,17,36,16,85,7,59,23,67,82,49,54,14,81,45,98,58,69,34,51,37,19,96,43
92,2,87,5,57,88,70,3,12,47,27,9,93,28,77,29,21,49,86,37,42,98,10,30,97,6,41,95,60,50,39,26,96,33,44,11,56,31,20,48,15,83,4,18,52,76,74,22,62,84,1,38,71,91,90,75,35,24,65,0,63,55,99,61,78,32,89,25,64,80,40,8,72,73,94,79,46,17,36,13,85,7,59,23,53,82,16,54,14,81,45,68,58,69,34,51,66,19,67,43
92,2,34,82,57,88,70,3,12,90,27,9,93,0,35,29,21,49,13,37,67,98,10,30,97,6,68,95,60,50,86,26,28,33,44,11,56,31,20,15,80,83,4,18,52,76,74,22,62,84,1,38,71,91,89,75,96,24,65,87,63,55,99,61,78,32,77,25,64,42,40,8,72,73,94,79,46,17,36,41,47,7,23,59,53,85,16,54,14,81,45,39,58,69,5,51,66,19,48,43
18,2,34,44,57,88,70,3,12,90,27,59,93,0,45,29,21,49,13,37,67,98,10,30,97,6,16,82,60,50,86,36,28,26,96,69,56,31,33,23,80,83,4,79,52,76,74,22,62,84,75,38,71,91,89,1,15,24,65,68,63,55,99,61,78,32,77,25,64,42,40,8,72,73,94,95,46,17,20,41,47,7,54,92,53,85,87,35,14,81,11,39,58,9,5,51,66,19,48,43
18,52,34,44,57,88,70,3,12,86,27,59,93,0,63,29,21,49,13,37,67,40,80,30,97,6,16,82,60,50,87,36,90,26,96,69,56,31,33,23,53,99,4,79,66,76,74,22,62,83,75,38,71,91,41,61,15,24,65,68,84,55,1,17,78,32,77,25,64,42,45,8,89,73,98,95,46,72,20,54,47,7,94,92,10,85,28,35,14,81,11,39,58,9,5,51,2,19,48,43
18,52,34,30,57,62,70,66,12,86,27,48,93,0,59,29,21,28,13,37,67,40,5,85,97,6,16,82,60,50,87,63,90,26,96,69,56,51,33,23,53,99,4,79,14,35,92,22,76,83,75,38,71,91,41,31,15,24,65,68,84,55,1,17,78,32,77,25,61,42,45,8,89,73,98,95,46,72,20,54,47,7,94,36,10,44,64,39,74,81,11,49,58,9,80,3,2,19,88,43
18,1,34,30,57,62,70,66,12,78,27,6,75,0,59,29,21,28,13,65,67,37,5,90,97,52,83,82,60,50,87,63,93,26,96,69,56,15,33,23,53,99,4,79,16,35,92,22,76,48,85,38,71,14,41,31,61,24,2,68,40,55,91,17,47,32,77,25,81,42,45,86,89,73,98,95,46,72,20,54,84,7,94,36,10,44,64,39,74,8,11,49,58,9,80,3,51,19,88,43
18,1,34,63,57,62,26,65,64,78,30,6,75,95,59,29,21,70,13,58,67,37,5,98,97,52,83,82,86,50,87,19,93,27,96,69,0,25,33,23,53,99,51,79,16,35,92,22,76,48,85,38,71,14,41,31,61,28,2,68,40,55,91,17,47,32,77,89,81,42,45,15,24,73,60,66,46,72,20,54,84,7,94,36,10,44,56,39,74,8,11,49,12,9,80,3,90,4,88,43
18,1,34,63,57,62,26,65,2,47,30,6,75,95,59,29,21,70,13,58,85,37,73,39,27,38,83,82,86,97,87,19,93,92,96,69,0,94,33,23,53,99,51,79,16,35,40,22,76,48,64,25,71,67,41,31,61,11,50,68,77,55,91,17,60,32,98,5,81,42,45,15,24,28,14,66,46,72,20,54,84,7,78,36,10,44,56,52,74,8,89,49,12,9,80,3,90,4,88,43
18,13,34,80,57,8,26,65,2,47,42,6,75,95,76,29,62,70,44,58,85,37,73,39,27,59,83,82,86,97,87,19,93,92,96,69,0,94,49,23,53,99,7,79,16,35,40,22,20,51,63,25,71,67,41,31,61,11,50,68,77,4,91,17,60,32,98,5,81,14,45,15,24,55,1,66,46,72,38,54,84,48,78,36,10,52,56,30,74,21,89,33,12,9,28,3,90,64,88,43
18,13,34,94,57,2,82,65,73,47,42,6,77,95,76,24,21,70,44,58,85,37,92,39,27,59,16,75,33,97,87,19,93,41,96,69,0,98,49,23,53,99,7,79,64,35,40,22,20,51,62,25,71,67,80,31,61,11,50,68,26,4,36,17,91,32,60,5,81,14,45,15,83,55,1,66,46,72,38,54,84,48,78,29,10,52,56,30,74,63,89,8,12,9,28,3,90,86,88,43
18,13,17,71,57,2,82,65,73,47,42,6,77,95,76,24,51,70,68,58,85,37,92,39,27,59,16,75,33,97,87,94,93,41,96,35,0,98,32,23,53,99,61,79,72,74,40,22,25,14,62,7,64,21,80,31,34,11,50,19,26,4,36,44,49,52,60,5,81,43,45,15,83,55,1,66,46,91,38,54,84,48,78,29,10,67,56,30,20,63,89,8,12,9,28,3,90,86,88,69
18,13,17,71,83,2,82,65,73,47,42,6,77,43,76,24,26,70,68,95,85,37,92,49,89,59,16,75,33,97,87,94,93,41,96,35,0,81,32,23,48,99,61,29,72,31,40,22,25,14,62,7,64,27,80,9,34,11,50,19,66,4,36,44,74,52,60,5,57,21,45,15,51,55,1,58,46,91,98,79,84,54,78,30,10,67,56,53,20,63,39,8,12,38,28,3,90,86,88,69
18,61,17,71,83,86,82,65,20,47,2,94,77,43,76,24,26,70,66,95,85,37,44,49,89,59,75,64,33,97,87,36,93,41,96,35,0,81,32,23,48,99,57,29,72,62,40,22,92,14,68,7,28,27,80,9,34,11,50,19,31,67,73,13,74,52,60,5,16,21,45,15,51,25,1,58,46,91,98,79,84,54,78,30,10,55,56,53,42,63,39,8,12,38,6,3,90,4,88,69
84,61,17,28,83,86,82,65,20,47,2,94,77,16,29,24,26,70,66,95,85,37,44,69,89,59,75,49,33,97,8,36,93,41,96,35,0,81,32,23,48,99,57,71,72,43,67,22,92,14,68,64,38,27,80,40,34,11,50,19,21,78,73,13,74,52,60,5,76,30,45,15,31,25,1,58,46,91,98,79,18,54,9,10,62,55,56,53,42,63,39,87,12,51,6,3,90,4,88,7
84,61,17,74,83,86,82,65,20,87,2,94,77,16,29,56,26,72,66,95,0,37,44,28,38,59,75,49,57,89,8,36,99,41,96,35,50,81,32,64,48,14,92,71,51,43,67,22,23,97,68,33,70,27,80,40,34,11,85,19,21,78,73,13,47,52,60,5,76,30,45,15,31,25,1,58,46,91,98,79,18,54,24,10,62,55,69,53,42,63,39,93,12,9,6,3,90,4,88,7
25,61,17,74,83,58,77,65,20,87,3,94,86,16,95,56,26,72,66,79,0,37,44,28,38,59,75,49,57,89,8,36,99,41,29,35,50,81,23,45,7,82,92,71,51,43,67,22,18,64,68,33,70,27,80,40,34,11,85,98,21,78,32,13,47,52,60,19,76,30,84,15,31,48,1,73,46,91,96,14,5,54,24,10,62,55,69,53,42,63,39,93,12,9,6,2,90,4,88,97
25,61,17,83,49,58,77,65,20,87,3,51,94,16,95,56,37,72,66,79,0,67,82,28,13,59,75,30,57,53,8,89,99,41,29,35,50,81,7,45,36,6,92,71,40,43,86,22,18,64,68,33,70,27,80,2,34,11,85,98,21,78,32,9,47,52,60,19,76,38,84,15,31,48,1,73,46,91,96,14,74,54,24,10,62,55,5,23,42,63,39,93,12,26,44,69,90,4,88,97
25,0,17,61,49,58,81,65,20,87,48,18,94,77,95,56,37,72,66,79,34,67,82,28,13,47,3,30,57,53,75,89,99,41,29,35,50,85,7,45,39,6,92,71,83,43,8,59,5,64,68,33,70,27,80,2,40,11,86,98,21,78,32,51,9,52,60,19,22,38,84,15,31,36,1,73,46,91,96,14,74,54,24,10,62,55,76,23,42,63,88,93,12,26,44,69,90,4,16,97
25,0,17,61,49,58,63,65,20,87,48,41,94,77,31,56,37,72,66,79,34,67,82,28,13,47,3,30,57,40,75,64,99,83,29,12,50,85,7,11,39,6,92,71,23,43,8,59,5,24,68,33,70,27,18,2,35,81,86,98,21,51,32,95,9,52,60,19,53,38,84,80,89,36,55,73,46,91,96,14,74,54,76,10,62,78,1,22,42,15,88,93,45,26,44,69,90,4,16,97
25,0,17,61,19,96,63,65,83,87,5,41,94,77,31,20,37,72,66,79,34,75,82,28,13,47,3,30,57,40,78,64,99,15,29,12,50,85,7,11,49,81,92,71,76,43,8,59,26,24,68,33,70,27,18,56,35,86,67,98,21,51,32,95,9,52,60,91,53,38,84,80,6,36,55,73,46,2,39,14,74,54,97,10,62,89,1,22,42,93,88,58,45,23,44,69,90,4,16,48
25,49,17,61,81,96,63,65,73,87,5,52,94,77,31,20,37,7,66,79,6,48,82,28,46,47,3,30,57,40,78,64,99,72,29,12,50,85,14,11,34,15,92,71,76,43,8,59,26,18,68,33,70,27,0,56,35,86,91,98,21,51,32,24,9,75,60,13,53,38,84,80,42,36,55,67,95,2,39,22,74,54,97,10,62,89,1,41,19,93,88,58,45,23,44,69,90,4,16,83
25,49,17,61,81,96,63,3,73,87,5,52,94,74,31,20,37,30,66,86,6,56,82,28,46,79,77,48,57,40,78,8,99,72,29,12,95,85,14,11,2,15,92,34,76,43,65,59,26,18,68,33,70,27,0,50,35,4,91,98,19,51,23,24,9,75,60,13,53,38,84,80,42,36,55,67,64,89,39,22,32,54,97,10,62,16,1,41,47,93,88,58,45,7,44,69,90,21,71,83
25,49,17,61,73,96,63,3,57,87,5,71,94,12,31,20,19,30,66,86,6,39,82,28,46,79,37,48,59,40,81,8,99,72,92,56,95,85,14,11,2,15,65,34,76,43,91,83,26,18,68,33,52,27,0,50,35,4,77,98,24,60,23,51,9,75,29,13,53,38,84,80,42,36,70,67,64,89,44,22,32,54,97,10,62,16,1,41,47,93,88,58,45,7,55,69,90,21,74,78
31,49,17,61,73,96,63,5,57,87,12,93,94,19,39,20,43,30,66,86,6,4,82,25,46,79,37,48,59,40,81,8,99,72,92,56,95,85,14,11,2,28,65,34,76,47,91,83,80,18,68,33,52,27,0,16,35,50,77,71,24,60,23,51,9,75,69,13,53,3,38,67,42,36,70,26,64,89,44,22,32,54,97,10,62,15,1,41,84,7,88,58,45,98,55,29,90,21,74,78
31,49,1,53,73,96,63,5,57,87,12,93,94,19,61,20,43,30,3,86,76,4,82,95,17,79,37,48,59,40,81,6,99,72,92,56,0,85,14,39,2,28,68,34,47,65,91,83,80,18,29,33,52,11,66,16,35,50,77,71,24,60,23,51,9,25,69,13,36,27,38,67,22,8,70,26,64,89,44,46,32,54,75,10,62,15,42,41,84,7,88,58,45,98,55,97,90,21,74,78
31,49,1,53,5,54,63,73,57,87,93,94,10,19,61,20,65,30,3,86,76,4,82,52,17,79,37,48,59,40,81,6,99,72,92,56,0,85,14,36,47,28,38,34,51,68,91,83,80,18,29,33,32,11,66,16,35,50,77,71,39,60,24,95,96,25,69,74,9,27,13,67,22,8,70,26,64,89,44,46,2,43,75,23,62,15,42,41,84,7,88,58,45,98,55,97,90,21,12,78
31,49,1,13,5,58,63,73,57,87,54,94,83,19,61,20,65,30,3,86,76,4,82,52,17,70,37,48,59,40,81,6,99,72,92,56,0,33,10,36,47,28,38,22,51,68,60,11,95,18,29,39,32,91,93,16,35,50,77,71,53,79,14,80,96,25,69,74,9,66,27,67,34,8,44,26,64,89,97,46,2,43,75,23,62,15,42,41,84,7,88,24,45,98,55,85,90,21,12,78
7,49,1,13,5,65,63,73,57,87,77,94,78,19,61,20,23,30,3,11,74,4,82,52,17,70,37,8,59,40,81,6,76,72,92,56,0,33,10,36,47,28,38,22,51,68,60,31,95,18,29,39,32,91,93,16,35,50,58,71,53,79,83,48,96,25,69,14,9,66,54,67,86,97,44,26,64,89,85,46,2,43,75,99,62,15,42,12,84,41,88,24,45,98,34,27,90,21,55,80
7,49,1,13,5,65,63,73,57,87,77,94,78,91,61,20,74,30,3,11,89,4,82,50,17,70,37,8,99,40,76,6,71,19,92,56,0,33,59,36,52,28,38,81,51,68,60,31,95,34,29,39,32,97,93,16,35,23,58,10,67,79,83,48,96,25,53,14,9,66,54,80,86,85,44,26,64,12,72,46,2,43,75,18,62,15,42,22,84,41,88,24,45,98,47,27,90,21,55,69
7,19,1,49,5,65,63,73,57,87,77,94,78,91,61,20,66,30,13,11,89,4,82,50,17,70,37,80,92,40,76,81,71,69,27,56,0,33,59,36,52,28,38,75,51,68,60,43,95,34,6,39,32,97,93,64,31,23,58,10,67,29,83,48,96,25,53,14,9,2,54,8,86,85,44,26,3,12,72,99,16,35,46,18,62,15,42,22,84,41,88,24,45,98,79,47,90,21,55,74
7,19,1,49,77,50,82,73,86,87,2,94,78,0,61,62,66,30,13,11,89,4,83,51,17,70,37,31,92,40,5,81,71,69,27,56,80,33,59,36,52,28,38,75,57,68,60,43,95,34,6,39,32,97,91,64,45,23,58,10,20,29,76,48,63,25,53,14,9,93,54,8,79,85,67,26,3,12,72,99,16,35,46,18,24,15,42,22,84,41,88,96,65,98,44,47,90,21,55,74
7,19,1,49,77,50,5,73,86,87,31,94,78,0,61,62,66,30,13,22,89,91,74,51,23,70,64,38,92,40,17,81,71,69,2,56,80,33,59,36,52,4,96,75,57,68,6,43,95,34,28,39,32,37,82,25,45,60,58,10,20,29,76,48,63,3,53,14,9,93,54,8,79,85,67,26,27,12,72,99,16,35,46,18,24,15,42,98,84,41,97,83,65,11,44,47,90,21,55,88
7,19,1,12,58,29,5,2,86,49,31,94,78,50,61,62,66,30,13,82,89,91,74,6,23,70,64,38,92,40,17,81,71,69,77,56,80,33,59,36,52,73,96,75,57,68,84,51,95,34,28,39,32,37,26,25,45,60,87,10,20,22,76,48,63,3,53,14,9,93,54,8,79,85,67,11,27,4,72,99,16,35,46,98,55,43,42,44,0,41,97,83,65,18,15,47,90,21,24,88
7,60,1,12,68,29,5,88,86,49,31,94,78,81,19,62,93,30,13,82,38,91,74,6,23,70,64,50,98,40,17,53,71,69,77,56,80,33,59,36,52,25,96,75,57,61,84,51,44,34,28,39,32,37,26,89,45,92,87,10,20,22,76,48,63,3,15,14,9,58,54,8,79,2,67,11,27,72,85,99,16,35,46,42,55,43,95,66,0,41,97,83,65,18,73,47,90,21,24,4
7,60,75,12,98,29,5,15,86,49,31,94,78,81,19,62,93,88,13,82,67,91,74,6,23,70,73,50,14,40,17,99,71,69,77,56,80,33,4,36,52,2,96,58,57,64,84,51,44,34,28,39,59,37,26,89,45,43,87,10,20,22,38,48,63,3,76,92,9,1,54,8,79,30,61,11,27,72,68,32,16,35,46,42,55,85,95,66,0,41,97,83,65,18,53,47,90,21,24,25
7,60,75,12,83,29,5,15,86,49,31,94,92,81,98,62,93,11,13,82,67,91,74,6,24,70,73,50,14,87,19,99,71,69,35,56,80,33,32,36,52,2,17,58,57,64,84,51,44,34,28,39,59,37,26,89,45,43,40,96,20,78,38,48,63,3,76,23,97,1,54,8,79,95,61,9,27,72,68,22,16,46,10,42,55,85,4,66,0,41,88,25,65,18,53,47,90,21,30,77
7,60,75,12,83,29,5,15,86,49,31,94,92,81,98,62,93,11,13,44,67,91,43,6,33,70,73,50,1,87,19,35,71,69,51,56,80,99,20,36,52,58,74,84,57,64,82,18,14,34,28,39,59,37,26,89,45,22,40,96,55,2,38,48,78,3,76,23,97,68,54,8,79,95,61,9,27,72,24,30,16,46,10,42,53,85,4,66,0,41,88,25,65,32,17,47,90,21,63,77
7,60,75,4,13,29,5,15,86,49,31,94,92,34,98,57,93,11,73,9,67,91,43,6,33,70,74,50,1,12,78,35,71,69,51,56,80,99,20,87,52,58,38,41,28,64,83,18,14,36,19,39,59,37,26,89,45,82,40,96,55,2,62,48,88,3,76,23,97,84,54,8,44,95,61,81,27,72,24,30,16,46,10,42,53,85,22,66,0,68,79,25,65,32,17,47,90,21,63,77
7,60,40,4,39,29,5,15,24,22,31,94,92,49,98,57,93,11,13,73,67,91,43,75,33,70,81,50,1,12,78,37,71,69,95,56,80,99,20,87,52,58,38,64,28,62,83,18,14,36,19,84,59,9,26,89,45,82,86,96,55,2,35,48,88,3,76,23,97,32,54,8,44,34,61,6,27,74,41,30,16,46,10,42,53,85,72,51,0,68,79,25,65,66,17,47,90,21,63,77
7,60,40,4,39,6,5,52,53,22,31,94,92,49,98,24,93,64,13,73,67,91,43,29,27,70,96,50,1,12,75,37,71,69,33,56,80,99,20,87,78,11,38,54,57,62,83,18,14,36,19,84,59,9,26,89,45,82,81,86,55,2,35,48,88,3,76,28,97,32,95,8,44,34,61,42,68,74,41,30,16,46,10,58,63,85,72,51,0,15,79,25,65,66,17,47,23,21,90,77
7,60,94,4,39,45,50,52,53,22,31,13,92,49,98,24,62,64,30,73,67,33,43,29,86,70,96,99,57,12,75,79,71,69,1,56,80,27,20,87,78,11,38,54,40,93,83,18,14,36,19,6,59,9,26,89,23,82,81,5,55,2,35,48,88,3,76,28,97,32,21,8,44,34,61,95,68,74,41,84,16,46,10,37,63,85,72,51,0,15,91,25,65,66,17,47,42,58,90,77
7,60,94,4,39,45,50,2,53,22,31,13,92,49,98,24,62,64,30,73,96,33,43,29,67,70,26,99,57,12,10,79,71,69,1,56,93,27,20,58,78,11,38,54,40,36,83,18,35,6,19,68,59,9,87,89,23,82,81,5,75,61,86,48,46,3,76,28,97,32,21,8,44,34,52,95,51,74,41,84,77,80,91,37,63,85,72,14,0,15,88,25,65,66,17,47,42,55,90,16
7,60,94,4,39,45,50,2,53,22,31,64,81,49,98,24,62,96,30,73,57,63,43,29,67,70,26,44,18,12,10,79,71,69,1,56,93,27,20,58,78,11,38,54,37,36,83,52,35,6,16,68,59,9,87,89,61,82,8,5,66,80,86,48,46,3,13,28,97,32,21,19,92,34,55,95,51,74,76,84,77,33,91,99,40,85,72,14,0,15,88,25,65,75,17,47,42,23,90,41
7,60,41,4,39,45,0,2,53,50,90,64,81,49,21,24,62,96,98,73,57,72,43,29,74,70,26,44,18,22,84,79,71,63,1,56,93,27,66,58,78,11,38,54,37,36,83,52,35,6,16,68,59,67,87,89,61,82,8,5,12,10,80,48,46,3,13,28,97,32,94,9,92,34,55,30,51,19,76,95,77,33,91,99,40,85,69,14,86,15,88,25,65,75,17,47,42,23,31,20
36,19,61,4,39,91,0,2,53,50,90,64,81,49,21,24,62,96,98,73,44,72,43,29,74,28,38,87,18,22,84,79,71,63,1,56,93,27,57,58,78,11,60,3,37,30,83,52,35,6,45,68,59,67,55,89,66,82,8,5,12,10,80,48,46,65,13,25,97,32,94,9,92,34,23,7,51,16,76,95,77,33,70,99,40,85,69,14,86,15,88,42,26,75,17,47,54,41,31,20
36,22,61,4,39,91,0,2,53,50,3,81,64,49,21,24,62,96,98,73,44,72,17,31,42,28,38,11,18,29,84,79,71,63,1,56,93,27,57,97,5,78,60,14,37,30,70,52,35,6,45,68,59,67,58,89,66,82,8,55,12,10,80,48,46,65,13,25,83,32,90,9,92,43,23,7,51,16,76,95,77,33,54,99,40,85,69,19,86,15,88,94,26,75,87,47,74,41,34,20
36,22,61,3,39,91,0,2,53,12,4,81,64,49,21,24,62,96,98,78,7,72,17,31,76,28,38,11,18,29,54,79,71,63,1,56,93,27,57,97,5,82,60,14,37,30,70,85,35,6,45,68,50,67,58,89,66,13,8,55,44,10,80,48,46,73,20,25,42,32,90,9,65,43,23,95,51,16,77,41,59,33,92,99,40,84,69,19,86,15,88,52,26,75,87,47,74,83,34,94
36,22,61,3,39,91,0,2,24,12,4,81,77,49,21,25,62,53,98,78,1,72,38,31,34,28,40,11,18,29,54,79,71,63,95,56,93,27,57,97,5,82,60,14,37,88,59,85,35,6,45,68,50,67,58,7,66,13,8,55,41,10,80,48,46,73,20,64,42,32,90,9,65,43,23,33,51,16,76,30,44,52,92,96,83,84,69,19,86,15,89,17,26,75,87,47,74,70,99,94
36,22,61,3,39,91,26,2,24,12,4,8,87,88,14,25,62,53,98,78,1,72,38,31,46,33,92,11,18,29,40,79,71,63,95,56,93,27,57,97,5,82,60,0,37,13,59,85,35,6,45,68,50,67,28,7,30,81,77,55,64,10,80,48,49,73,66,54,42,32,90,9,65,43,23,20,51,16,76,75,44,52,41,96,83,84,69,19,86,15,89,17,58,34,21,47,74,70,99,94
36,22,61,3,14,91,26,2,24,12,4,8,87,90,35,25,62,53,98,78,1,72,38,31,46,33,92,11,18,29,40,79,71,37,21,56,44,67,57,97,5,82,60,0,88,39,59,85,69,6,45,68,50,58,15,7,30,81,77,55,64,10,80,48,49,73,52,54,95,32,27,9,65,28,23,20,51,16,76,75,99,43,41,13,83,84,86,19,96,42,89,17,66,34,63,47,74,70,93,94
36,22,61,3,14,91,89,2,24,12,65,8,87,77,35,72,62,53,98,78,1,85,38,31,46,33,68,11,18,29,40,76,71,37,21,56,42,67,57,97,5,26,60,0,88,39,79,49,74,6,45,92,50,58,15,7,30,81,73,55,82,10,80,48,59,64,52,54,90,32,27,9,44,28,23,51,95,16,25,75,99,43,41,13,83,84,86,19,96,69,4,17,66,34,63,47,20,70,93,94
36,92,61,3,23,91,89,17,24,57,65,8,87,77,69,72,62,53,13,78,1,85,38,31,46,19,95,11,18,29,40,76,14,37,21,56,82,67,54,97,5,26,60,2,88,39,79,0,74,6,45,71,50,58,15,7,30,81,22,55,68,10,80,48,59,64,52,42,90,32,27,9,44,28,49,51,98,16,25,75,33,73,41,35,83,84,86,12,96,99,4,43,66,34,63,47,20,70,93,94
36,92,61,3,23,91,89,17,24,57,85,8,87,77,69,41,62,84,13,78,1,4,38,21,46,74,72,11,18,29,40,76,14,37,99,64,82,67,54,97,5,26,60,2,88,39,20,0,65,6,45,71,50,58,15,7,30,81,22,55,68,10,80,48,59,96,52,42,12,32,27,9,94,53,49,51,98,16,25,75,33,73,90,35,83,44,86,19,93,56,79,43,28,34,63,47,95,70,31,66
62,92,61,3,23,91,89,17,24,69,8,31,20,81,93,41,85,84,13,78,1,4,38,21,46,52,72,11,57,29,40,76,14,37,74,71,82,67,54,75,5,26,60,2,88,39,77,0,65,6,45,90,97,58,15,18,30,87,22,55,68,10,43,48,59,96,7,42,12,32,27,9,94,53,49,51,98,16,25,80,33,73,50,35,83,44,86,19,99,56,79,36,28,34,63,47,95,70,64,66
62,92,43,3,23,91,89,17,24,69,8,31,20,56,93,41,85,84,82,78,1,4,67,21,36,52,72,11,57,29,80,35,14,37,15,81,16,76,54,33,5,13,60,2,88,39,40,26,65,6,45,90,97,58,0,18,30,87,22,55,68,10,71,48,59,96,7,42,12,32,27,95,94,53,49,51,98,9,25,38,75,73,50,61,83,44,86,19,99,46,79,77,28,34,63,47,74,70,64,66
60,92,43,3,77,91,89,17,24,69,8,31,20,35,93,41,85,84,2,78,90,4,67,21,36,52,82,11,57,29,80,62,14,37,15,95,16,10,54,33,12,7,13,23,88,39,40,26,75,6,45,5,97,58,68,18,30,87,22,55,72,50,71,48,59,96,1,42,76,32,27,0,94,53,49,81,98,9,25,38,56,73,65,61,83,44,86,19,99,46,79,51,28,34,63,47,74,70,64,66
60,92,43,3,77,10,7,17,24,69,86,31,20,62,93,41,85,84,2,78,90,4,67,21,36,52,82,11,66,29,95,8,14,37,15,23,91,38,54,51,12,9,13,35,88,25,40,26,75,74,45,5,97,58,68,39,30,87,22,16,72,50,71,48,59,96,1,42,76,32,27,0,94,53,49,81,98,80,57,33,56,73,65,61,83,6,18,19,99,46,79,55,28,34,63,47,89,70,64,44
60,90,43,3,77,59,7,17,24,96,86,31,20,62,53,41,52,84,2,78,47,4,67,93,36,73,82,13,10,29,95,25,14,98,15,23,91,38,54,51,12,9,44,35,37,21,40,26,75,74,45,5,97,58,68,39,30,87,22,16,72,50,71,69,92,66,1,42,76,88,27,0,94,85,49,81,48,80,57,33,56,34,65,61,83,6,18,19,99,46,79,55,28,11,63,8,89,70,64,32
60,39,17,3,77,59,7,9,21,25,86,31,20,62,53,41,24,34,2,78,47,4,52,93,36,73,82,13,10,29,95,63,14,98,45,23,91,38,54,51,80,58,44,30,37,92,40,26,75,74,12,35,97,84,68,64,90,87,22,16,72,50,71,69,11,66,1,42,76,88,27,0,94,85,49,81,48,15,57,33,56,5,65,61,83,6,18,19,99,46,79,55,28,96,67,8,89,70,43,32
60,39,17,3,77,85,7,9,21,25,81,31,96,86,53,41,24,34,2,57,47,30,52,93,36,73,82,98,50,29,78,63,14,95,45,23,91,38,54,66,80,37,90,58,26,92,40,10,75,74,12,35,97,84,68,64,94,87,22,16,72,20,13,69,11,51,1,42,76,88,27,0,71,59,49,62,48,15,4,33,56,5,65,61,83,6,18,19,99,46,79,55,28,44,67,8,89,70,43,32
60,39,82,3,77,14,11,1,21,25,50,31,96,75,91,41,24,34,2,57,47,15,52,93,36,73,63,98,30,29,78,86,49,95,45,23,17,38,54,66,80,37,90,58,26,92,40,10,64,74,12,35,97,84,68,81,9,87,22,16,72,20,13,69,71,51,7,42,53,88,27,0,89,59,76,62,48,8,4,33,56,5,65,61,83,6,18,19,99,46,79,55,28,85,67,94,44,70,43,32
60,39,82,68,77,14,58,1,63,98,50,31,25,75,91,41,24,34,2,57,47,7,52,93,36,73,78,97,30,43,3,86,49,95,45,23,56,38,21,66,80,37,90,88,15,92,40,10,64,74,54,35,96,84,53,81,9,87,22,16,72,20,13,69,94,51,11,42,70,71,27,0,89,59,76,62,48,8,4,33,29,5,65,61,83,6,18,19,99,46,79,55,28,85,67,17,44,12,26,32
99,39,82,95,77,38,58,1,60,98,50,31,78,75,32,41,24,34,2,57,47,7,52,93,36,73,15,91,30,43,3,86,49,87,45,23,56,63,79,66,80,37,90,88,92,85,40,10,64,74,54,35,96,84,53,81,9,25,22,16,72,20,13,69,48,51,11,42,70,71,27,0,55,59,76,62,89,8,4,33,29,5,65,61,83,68,18,6,97,46,26,19,28,94,67,17,44,12,21,14
99,39,58,22,77,38,61,1,31,98,5,70,78,75,32,41,14,34,2,57,42,7,52,93,36,73,15,50,30,43,3,86,49,87,45,60,91,63,79,66,80,37,90,88,92,85,40,10,64,74,54,35,96,84,53,81,9,25,56,16,24,0,13,69,48,51,11,67,68,71,27,95,55,59,76,62,82,8,12,33,29,23,65,4,83,72,18,6,97,46,26,19,28,94,89,17,44,47,21,20
99,39,61,46,77,38,7,1,31,98,5,17,78,50,69,83,14,34,2,57,41,70,75,93,36,85,15,58,30,43,73,86,49,87,56,60,91,63,79,66,80,6,90,88,92,37,40,10,64,74,54,35,96,84,53,81,9,25,33,16,24,0,13,65,48,51,11,67,68,71,27,95,55,59,76,62,82,8,12,42,29,23,3,4,22,72,18,52,97,32,26,19,28,45,89,94,44,47,21,20
48,39,78,27,60,38,7,1,31,64,5,17,30,50,69,83,14,34,2,57,41,51,75,93,36,85,15,58,32,43,73,86,49,87,56,46,91,61,29,66,80,6,70,98,92,37,40,10,63,74,54,35,77,84,53,81,88,25,33,16,24,0,13,90,99,97,11,67,68,71,65,95,55,59,76,62,82,8,12,42,79,23,3,4,22,72,96,52,47,18,26,19,28,45,89,94,44,9,21,20
48,39,78,27,60,12,7,1,31,98,5,17,30,50,69,83,14,64,2,11,41,51,77,93,36,85,15,58,32,43,73,86,94,46,56,34,91,61,29,66,80,99,70,28,20,37,40,10,63,74,54,35,8,84,53,81,88,6,33,16,24,0,23,90,62,97,13,67,68,71,65,95,55,59,76,57,82,89,92,42,79,87,3,4,22,72,96,52,47,18,26,19,38,45,9,75,44,25,21,49
48,39,78,27,60,12,58,1,31,98,5,17,30,50,69,83,14,64,18,11,41,51,77,93,81,23,15,35,32,43,73,86,94,46,56,2,91,22,29,92,80,40,85,28,20,37,4,10,47,74,54,33,7,84,53,70,88,6,61,16,24,0,49,90,62,97,13,67,68,71,65,95,55,59,76,57,82,89,63,42,79,87,3,36,52,72,34,99,66,96,26,19,38,45,9,75,44,25,21,8
35,39,21,27,60,95,99,1,31,98,5,17,30,50,69,83,14,64,18,23,11,80,77,93,81,51,15,41,32,43,73,86,12,46,56,2,91,22,29,92,20,40,85,28,48,37,4,10,47,54,74,33,7,84,53,63,9,6,61,16,24,0,76,90,62,97,13,67,68,71,65,58,55,59,19,57,82,89,25,42,79,87,3,36,52,72,34,70,66,96,26,94,38,45,49,75,44,78,88,8
35,39,21,27,60,9,99,91,15,98,5,40,83,50,69,52,43,64,73,23,55,80,77,93,81,51,28,12,32,18,1,86,29,46,56,2,17,22,14,92,20,95,85,42,48,37,4,10,47,54,74,33,7,84,53,63,61,6,41,16,24,0,76,90,62,45,13,67,68,71,65,58,11,59,19,57,82,89,25,30,79,87,3,36,97,72,34,70,66,96,26,94,38,31,49,75,44,78,88,8
35,39,59,27,60,9,99,20,15,98,25,86,83,50,69,52,43,64,73,23,11,97,77,57,81,51,28,12,32,18,1,80,29,46,56,2,17,22,14,92,55,95,44,42,48,5,40,10,47,54,74,33,7,84,53,63,61,6,41,16,24,58,76,90,62,45,13,67,68,71,65,91,88,66,19,31,82,89,3,30,79,87,85,36,4,72,34,21,0,96,26,94,38,93,49,75,37,78,70,8
64,39,59,27,65,36,99,20,15,98,25,42,83,50,69,52,43,34,73,23,11,14,77,40,81,51,32,97,58,18,1,80,29,61,0,2,17,22,56,92,55,95,44,28,48,5,86,10,47,54,74,33,78,84,53,63,82,6,41,16,24,35,76,90,62,45,13,67,68,71,46,91,88,66,19,31,30,89,3,12,79,87,85,60,4,72,9,21,7,96,26,94,38,93,49,75,37,57,70,8
64,39,59,92,65,36,99,20,28,62,53,42,83,50,69,52,79,34,73,25,38,14,77,40,15,51,32,97,58,18,1,80,29,61,0,23,17,22,56,60,95,98,70,46,11,27,86,10,47,54,74,33,78,84,43,63,82,6,41,16,24,35,76,90,3,45,13,67,68,71,75,91,88,66,19,31,30,89,81,12,5,87,85,48,4,72,9,21,7,96,26,94,55,93,49,44,37,57,2,8
64,19,59,92,65,36,99,20,28,62,60,42,83,50,46,55,16,34,73,6,38,74,77,40,15,51,32,97,58,18,17,80,29,9,0,23,61,22,56,95,70,98,14,79,21,27,86,10,47,54,75,33,78,84,43,63,82,25,41,52,24,35,76,90,3,45,13,67,68,71,1,91,11,66,39,31,30,89,81,12,5,87,85,48,4,72,53,88,7,96,26,94,37,93,49,44,69,57,2,8
64,19,59,15,65,36,99,20,28,62,21,22,83,50,46,55,16,34,73,6,42,48,92,98,53,79,32,97,58,18,17,80,39,9,0,23,61,72,56,95,70,87,60,38,86,27,47,10,74,54,75,33,78,84,43,63,69,25,41,52,24,35,76,90,3,45,13,67,68,40,1,91,11,66,77,31,30,89,81,12,5,71,85,82,4,14,51,88,7,96,26,94,37,93,49,44,29,57,2,8
74,19,59,15,65,36,8,20,28,56,21,22,52,50,46,55,16,34,73,96,42,48,66,98,53,79,32,97,58,18,17,80,39,1,0,23,13,72,94,95,99,87,60,38,86,75,9,10,92,67,76,33,78,84,43,63,69,25,41,6,24,35,83,90,3,45,4,54,68,40,61,91,11,70,77,31,30,89,81,12,5,71,85,82,62,14,51,88,7,47,26,64,37,93,49,44,29,57,2,27
74,19,30,12,47,36,8,20,28,56,21,22,52,50,4,55,16,59,15,96,42,48,34,98,53,46,32,97,58,18,17,66,39,1,10,23,13,72,94,35,99,87,60,38,86,95,9,3,92,67,76,33,78,75,43,63,69,25,70,6,24,83,41,90,80,45,49,54,68,40,61,91,11,0,77,31,73,89,84,65,5,71,85,82,62,14,51,88,7,81,26,64,37,93,79,44,29,57,2,27
76,19,30,12,99,36,8,72,28,56,21,74,52,50,4,5,16,59,15,96,42,17,34,98,53,48,38,97,2,18,37,66,39,1,10,23,13,24,94,35,20,87,60,83,86,95,9,3,92,67,55,33,78,75,43,63,69,25,70,58,22,6,41,90,80,62,49,54,45,40,61,91,11,0,77,31,73,89,84,65,57,71,85,82,47,14,46,88,7,81,26,64,68,93,79,44,29,32,51,27
76,19,30,12,99,25,34,42,28,37,21,74,52,50,4,5,92,59,15,96,27,17,72,98,0,48,38,84,2,18,64,66,39,1,10,23,13,65,94,35,20,87,60,83,86,95,9,3,14,67,55,33,78,75,43,63,36,69,70,58,6,68,41,82,80,62,49,54,45,40,61,91,11,16,77,31,73,89,56,22,57,71,85,8,47,90,46,88,7,81,26,24,53,93,79,44,29,32,51,97
76,19,85,12,99,25,34,42,28,16,55,74,52,50,40,5,92,59,51,96,27,17,72,98,47,48,38,11,2,18,64,66,39,1,10,23,13,0,36,35,20,87,60,83,30,95,14,3,9,78,56,33,94,65,43,63,4,69,70,58,6,68,41,82,80,62,49,54,45,86,61,91,37,67,77,31,75,89,73,22,57,71,21,8,15,90,46,88,7,81,26,24,53,93,79,44,29,32,84,97
76,19,85,6,99,25,34,91,28,16,55,74,52,50,40,5,92,8,51,96,27,17,72,98,47,48,38,1,26,18,2,68,39,36,10,23,13,0,49,35,88,87,60,83,59,95,14,3,9,78,73,33,94,65,41,63,4,69,70,58,30,11,66,82,80,62,57,54,45,86,64,42,37,67,77,31,75,89,61,22,43,71,21,56,15,90,46,32,7,81,20,24,53,93,79,44,29,12,84,97
76,19,85,6,99,71,34,91,28,16,55,25,52,60,79,5,20,32,38,96,27,17,72,98,47,48,40,1,26,8,2,68,39,36,10,82,13,23,49,35,88,87,0,83,59,95,14,3,9,78,73,92,94,65,89,46,4,69,70,51,30,11,66,74,80,62,57,54,45,86,64,42,37,67,77,31,75,50,61,22,43,7,21,56,15,90,63,33,58,81,41,24,53,93,84,44,29,12,18,97
76,19,85,6,99,71,34,91,28,36,90,25,52,60,24,5,15,32,38,96,27,17,72,98,47,48,40,1,26,8,2,68,16,82,10,39,78,23,97,35,88,87,0,83,59,51,20,3,57,21,73,75,94,65,89,46,9,69,70,92,30,11,66,74,45,62,80,54,14,86,64,42,37,67,77,31,49,50,61,22,43,7,95,56,79,4,63,33,58,81,41,13,53,93,84,44,29,12,18,55
76,19,85,6,81,71,34,91,28,36,90,25,52,60,67,5,15,23,38,96,12,69,72,98,47,48,40,1,26,8,2,68,16,82,10,39,78,32,97,35,88,87,55,83,59,51,56,3,57,0,73,75,94,99,20,46,9,7,70,92,89,11,66,74,45,62,80,54,14,86,24,64,27,42,77,31,49,50,61,22,43,17,95,53,79,4,63,33,30,37,41,13,93,21,84,44,29,58,18,65
76,19,96,6,80,56,34,91,28,40,90,25,52,60,92,5,15,23,38,81,12,69,21,98,47,48,57,1,26,8,2,68,16,41,10,39,78,32,97,35,88,87,73,3,59,77,9,72,51,0,67,75,94,99,20,46,71,7,70,55,89,11,66,74,45,62,83,54,14,86,24,64,27,42,85,31,49,50,61,22,43,17,95,53,79,4,36,33,30,29,37,13,93,82,84,44,63,58,18,65
76,19,96,23,80,56,34,91,94,40,8,25,52,93,92,16,84,28,48,81,12,73,21,98,47,53,57,1,26,90,35,68,62,41,6,39,78,32,97,60,88,87,65,3,59,77,9,72,51,0,67,5,75,99,20,46,71,7,70,55,89,11,66,74,45,10,83,27,14,86,24,64,54,42,85,31,49,50,61,22,43,17,95,2,79,4,36,33,30,29,37,13,15,82,38,44,63,58,18,69
76,85,69,23,45,19,34,91,94,40,8,25,52,93,92,16,84,48,87,81,12,73,53,98,47,1,57,99,21,90,35,68,62,41,6,39,78,32,97,60,88,50,65,3,59,77,9,72,51,0,67,5,75,28,20,26,71,7,70,55,89,11,66,54,36,29,83,27,14,86,56,64,31,42,80,74,49,46,61,22,43,17,95,2,79,4,10,33,30,96,37,13,15,82,38,44,24,58,18,63
76,3,69,23,45,19,34,91,81,40,52,25,79,93,92,33,88,48,87,85,12,73,53,98,18,1,57,99,21,90,35,97,62,41,6,59,78,32,94,60,75,50,39,64,68,77,9,72,51,0,49,5,8,28,20,26,71,7,70,55,89,11,66,54,36,29,65,27,14,86,56,16,31,42,80,74,47,46,61,67,43,17,95,2,30,4,10,83,84,96,37,13,15,82,38,44,24,58,22,63
76,3,69,23,45,19,34,46,81,40,52,25,79,93,92,33,50,48,87,85,12,60,73,36,18,1,57,99,77,90,35,97,62,41,6,59,4,98,94,88,9,28,39,64,68,75,14,72,51,65,55,5,8,49,20,26,71,7,70,78,89,53,66,54,56,29,83,27,32,86,91,16,31,42,80,74,47,21,61,67,43,17,95,2,30,0,10,11,84,96,37,13,15,82,38,44,24,58,22,63
37,3,69,23,7,19,17,46,81,40,52,25,79,88,92,33,50,48,87,20,12,60,73,75,18,1,57,99,77,62,35,97,45,71,6,59,4,98,94,76,9,28,39,0,68,56,14,72,51,65,55,5,8,49,29,26,47,82,70,78,89,53,66,36,64,34,83,27,32,86,91,16,31,42,80,74,85,54,61,67,43,93,95,2,30,21,10,11,84,96,90,13,15,22,38,44,24,58,41,63
37,3,57,32,7,19,17,38,82,40,52,25,79,88,92,33,50,48,46,20,39,60,73,75,18,1,95,99,77,62,35,97,45,71,83,59,4,98,94,76,9,78,28,0,68,56,14,10,87,22,55,5,8,49,63,26,47,65,70,51,89,53,66,6,64,34,44,27,69,86,91,16,31,42,80,74,85,54,61,67,43,93,23,2,30,21,81,11,84,96,90,13,15,72,36,12,24,58,41,29
37,3,57,32,7,19,17,38,0,1,52,25,79,88,92,33,35,48,46,20,39,78,50,75,12,94,82,40,31,62,54,97,45,71,83,59,4,98,60,90,9,22,96,42,68,56,14,10,87,18,55,5,8,49,63,26,47,65,70,51,89,53,77,6,64,34,44,27,69,86,91,16,23,76,80,74,85,28,61,67,43,93,99,2,30,21,81,11,84,66,95,13,15,72,36,73,24,58,41,29
37,3,79,32,99,19,17,38,0,75,52,25,65,88,92,33,35,48,46,20,39,78,47,40,12,94,82,91,31,62,54,97,45,71,83,59,24,98,60,90,9,22,21,42,68,56,14,18,87,50,55,5,96,49,63,26,57,58,70,53,84,7,77,6,64,34,44,27,69,86,10,16,23,76,51,74,85,80,61,67,43,93,4,2,30,1,81,11,89,66,95,13,15,72,36,73,8,28,41,29
81,3,79,32,99,19,17,38,0,75,52,87,65,88,74,33,35,48,46,20,39,78,7,40,12,94,82,91,31,62,54,97,45,25,83,59,24,77,60,90,9,22,96,26,68,56,14,42,37,50,55,5,34,49,63,10,47,58,70,53,84,86,43,89,64,6,44,27,69,67,71,16,23,76,51,21,85,80,61,98,92,93,4,2,30,1,29,11,57,66,95,13,15,72,36,73,8,28,41,18
78,3,79,27,99,19,17,38,81,75,52,87,71,88,74,33,85,48,46,20,39,76,7,40,12,94,82,91,31,62,54,97,45,36,83,59,13,77,60,90,9,22,96,26,32,56,14,42,50,47,55,5,34,41,63,86,68,58,70,53,84,4,43,89,64,6,44,0,35,67,65,16,23,51,69,21,25,80,61,98,92,93,37,2,30,1,29,11,57,66,95,49,15,72,24,73,8,28,10,18
78,22,24,27,75,19,17,38,81,9,52,87,71,88,74,33,85,48,46,83,39,76,7,40,12,94,82,91,31,2,54,97,45,36,50,3,13,77,92,90,64,99,96,26,93,56,14,42,6,47,55,5,28,79,63,86,68,58,70,53,84,4,43,89,62,20,44,0,35,41,65,16,23,34,69,21,25,80,61,98,30,32,37,59,67,1,29,11,57,66,95,49,15,72,60,73,8,51,10,18
78,22,76,27,75,30,19,38,81,9,52,87,71,88,74,33,85,48,46,83,39,24,7,40,12,94,82,91,31,2,54,97,61,36,50,0,13,53,10,90,64,99,45,26,93,79,14,42,6,47,55,5,84,73,63,86,68,58,70,96,56,4,43,92,62,20,44,37,35,41,65,16,49,34,17,21,25,80,77,98,18,32,89,59,67,1,29,11,57,66,95,3,15,72,60,23,8,51,69,28
78,22,76,27,75,30,19,31,57,9,52,66,47,88,74,33,85,48,46,83,21,24,7,40,12,94,82,91,62,44,54,97,70,36,50,0,71,53,10,90,64,99,45,26,93,79,14,42,6,39,55,5,84,51,43,86,38,58,18,96,60,4,63,92,81,20,73,37,35,41,65,16,49,34,17,87,25,68,77,98,13,32,89,59,67,1,29,11,61,56,95,3,15,72,80,23,8,2,69,28
78,22,76,91,75,30,19,31,57,35,52,66,47,7,74,33,85,48,46,83,21,24,50,40,12,94,82,97,62,44,54,36,70,96,69,0,71,53,10,90,64,9,3,26,93,27,14,42,20,39,55,5,84,51,43,99,38,58,1,89,60,4,63,92,81,18,6,37,95,86,65,16,49,34,17,87,25,73,77,98,13,32,88,59,67,41,29,11,61,56,45,79,15,72,80,23,8,2,68,28
78,22,76,60,94,64,19,31,89,35,52,66,47,7,97,63,85,74,75,83,21,24,50,40,12,88,82,91,62,44,54,36,70,96,69,0,71,53,10,90,86,15,3,26,93,27,14,42,20,39,55,5,84,51,43,99,38,58,1,30,48,11,68,92,81,18,6,37,95,65,57,16,49,34,17,87,25,73,77,23,13,32,4,59,67,41,29,98,61,56,45,46,79,72,80,33,8,2,9,28
78,22,68,64,13,17,19,9,89,35,52,93,94,7,14,63,95,74,97,83,21,24,50,40,12,85,82,91,62,37,58,36,70,96,69,0,71,53,10,90,88,15,3,26,44,27,65,42,20,39,55,60,84,51,43,99,38,75,1,30,48,11,54,92,81,18,6,66,31,86,57,16,49,34,5,87,25,73,77,23,76,32,4,59,67,41,29,98,61,56,45,46,79,72,80,33,8,2,47,28
78,92,68,85,8,17,32,9,89,30,52,93,94,97,14,63,95,74,43,83,15,24,50,40,12,45,82,91,62,37,13,36,70,96,88,0,71,53,10,90,65,22,3,26,44,27,25,42,20,39,55,60,84,51,75,99,38,64,1,57,48,11,54,35,81,18,6,66,31,86,69,34,49,19,5,87,21,73,77,23,76,16,4,59,67,41,29,98,61,56,7,46,79,72,80,33,58,2,47,28
78,92,68,85,18,17,32,39,89,30,9,93,97,52,14,63,95,74,43,83,15,82,50,40,12,45,53,91,62,37,13,36,70,28,88,0,71,20,10,90,65,24,3,64,44,27,96,42,99,84,55,26,25,51,75,19,6,23,1,57,48,11,54,35,81,60,72,66,31,86,69,34,49,8,5,87,21,73,77,94,76,16,4,59,67,41,29,98,61,56,7,46,79,38,80,33,58,2,47,22
26,92,68,85,18,17,32,78,8,30,9,93,97,52,14,28,95,74,43,83,45,82,80,40,12,20,50,91,62,99,98,36,70,57,63,0,71,88,10,90,65,24,3,64,44,27,96,42,2,84,55,37,25,51,75,19,6,23,1,13,48,11,54,15,81,60,72,66,31,39,69,34,49,35,86,87,21,59,77,94,76,16,4,5,67,41,29,89,61,56,7,46,79,38,53,33,58,73,47,22
1,92,68,85,18,17,32,78,8,30,9,93,97,38,16,27,95,74,43,83,45,82,26,40,12,20,50,91,62,99,98,36,70,57,63,28,71,88,10,90,65,24,3,64,44,21,41,42,14,84,55,37,25,51,96,19,7,52,13,6,48,11,54,15,81,60,72,66,31,58,69,86,49,2,0,87,39,59,77,94,76,34,4,75,67,5,29,89,61,56,23,46,79,80,53,33,35,73,47,22
1,92,28,85,18,17,48,78,8,30,9,93,97,38,16,67,95,74,43,83,45,82,26,40,12,20,50,91,71,66,0,36,70,57,63,56,11,88,10,65,53,24,3,64,44,21,41,42,27,84,61,60,25,51,96,19,7,52,14,6,98,55,54,15,29,81,72,37,31,58,69,86,49,2,62,87,39,59,77,94,76,34,4,75,99,5,68,89,32,13,23,46,79,80,90,33,35,73,47,22
1,92,28,85,18,17,48,78,8,55,9,93,70,38,90,67,95,74,43,83,62,82,26,40,12,20,50,91,58,87,0,36,71,57,63,56,11,88,73,65,53,24,3,64,44,21,45,16,27,84,61,60,25,52,96,19,66,23,14,22,98,41,54,15,29,81,72,37,31,94,69,86,80,2,6,51,39,59,77,49,76,34,4,75,99,5,68,89,32,13,30,46,79,7,42,33,35,97,47,10
1,92,28,85,54,17,48,44,8,55,9,93,89,38,90,67,95,74,43,83,57,82,26,69,12,20,50,91,58,87,0,36,71,18,63,56,11,88,73,65,81,24,3,64,13,39,14,16,27,84,70,60,25,52,96,19,66,23,61,22,98,41,62,15,29,68,72,37,6,94,86,45,80,2,53,51,4,59,77,49,76,34,31,75,99,21,30,78,32,5,40,46,79,7,42,33,35,97,47,10
1,92,28,85,54,17,48,44,8,55,9,93,89,76,74,67,95,22,43,83,49,82,26,69,12,20,50,91,58,87,0,36,71,18,63,27,11,88,73,65,81,51,3,64,41,90,14,40,79,84,70,60,25,7,96,19,66,23,61,45,98,47,62,15,29,68,72,37,6,94,86,52,80,24,53,56,4,59,77,13,57,34,31,75,2,39,30,78,32,5,35,46,16,38,42,33,99,97,21,10
1,92,72,85,54,98,48,44,8,55,9,93,89,79,74,67,95,17,43,83,28,82,26,69,12,20,73,91,58,87,0,36,71,18,63,27,11,88,30,65,81,51,3,49,38,90,14,99,45,84,70,75,25,7,96,31,66,23,22,50,76,47,62,15,41,68,19,37,6,94,86,52,80,24,53,56,4,59,77,13,57,34,64,35,2,39,40,78,32,5,60,46,16,29,42,61,33,97,21,10
84,92,89,85,54,98,48,1,8,55,9,14,36,79,41,44,95,17,43,83,28,82,0,69,12,20,73,91,58,87,56,64,71,18,63,32,11,88,30,65,39,51,3,49,38,90,40,99,45,27,35,75,25,7,96,31,66,23,22,50,76,47,62,15,70,68,19,37,6,94,86,52,80,24,53,5,4,59,77,13,81,34,57,93,2,26,67,78,74,16,60,46,72,29,42,61,33,97,21,10
84,92,89,35,54,97,48,7,8,55,9,14,36,39,41,75,95,17,2,83,28,82,0,69,74,20,73,91,58,87,61,64,71,18,63,32,11,88,30,65,1,51,98,49,38,90,40,23,45,27,3,85,25,79,96,31,66,5,22,50,76,47,62,15,70,68,19,37,16,94,86,52,80,24,53,46,4,59,44,13,81,34,57,93,12,26,43,78,6,77,60,67,72,29,42,56,33,99,21,10
84,61,89,35,54,97,46,48,8,32,9,14,36,39,41,75,95,17,2,83,28,82,0,69,74,6,73,91,55,87,58,64,71,18,63,78,11,88,30,65,12,51,98,92,43,90,29,23,45,22,3,85,25,79,96,31,66,5,7,50,76,40,27,15,38,68,19,37,16,94,20,52,80,24,53,49,4,59,44,13,81,34,57,93,1,26,77,47,86,70,60,67,72,62,42,56,33,99,21,10
76,99,89,72,84,97,31,48,8,32,58,14,36,39,41,75,95,17,2,83,28,96,35,91,74,6,73,18,55,87,88,64,71,79,63,78,11,46,30,65,12,51,98,92,43,90,16,23,45,22,3,85,25,9,29,57,66,5,7,19,69,40,27,15,38,68,50,37,80,94,20,52,61,24,53,49,4,59,44,13,81,34,82,93,1,26,77,47,86,70,60,67,54,62,42,56,33,0,21,10
76,99,89,72,84,97,31,48,38,66,58,14,36,39,3,75,95,17,2,83,28,96,86,91,74,6,73,18,55,87,37,41,71,79,63,98,11,8,30,21,12,51,46,92,43,90,47,23,45,22,16,85,25,9,65,57,32,5,7,19,82,40,35,15,68,64,50,24,80,94,20,52,61,67,53,49,4,59,44,13,81,34,69,93,1,26,77,29,88,70,60,78,54,62,42,56,33,0,27,10
76,99,89,87,84,97,31,48,63,66,72,14,35,39,3,75,95,17,2,83,77,96,21,67,74,6,73,18,55,38,37,41,71,79,85,98,11,8,36,86,12,51,22,92,43,90,47,81,45,32,16,19,25,9,65,57,28,5,7,69,82,40,20,46,68,64,50,24,80,94,15,52,61,30,53,49,4,59,44,13,54,34,91,93,1,26,23,29,88,70,60,78,58,62,42,56,33,0,27,10
76,99,70,87,84,97,31,5,63,66,72,14,35,39,8,75,95,82,2,83,77,96,21,67,60,6,73,18,55,38,42,41,71,4,85,98,11,91,36,37,12,51,22,92,43,90,47,81,45,32,94,19,26,9,65,57,28,29,7,69,23,40,48,46,68,64,50,20,80,74,15,52,61,30,53,49,3,59,17,13,54,34,79,93,1,24,89,25,88,16,86,78,58,62,44,56,33,0,27,10
76,99,62,87,84,97,31,5,63,66,38,14,35,39,8,75,72,82,41,83,77,96,18,67,60,2,73,56,55,16,42,29,71,4,79,98,11,91,36,37,12,13,22,92,43,90,51,81,45,32,94,19,26,9,65,57,28,47,7,69,23,40,48,46,68,64,21,20,80,74,15,52,33,30,50,70,3,59,17,53,61,34,49,93,1,24,85,25,88,54,86,78,58,89,44,6,95,0,27,10
76,99,62,87,84,97,31,26,63,66,38,14,75,92,8,60,54,82,41,83,77,96,18,67,34,2,73,39,11,16,42,29,71,4,79,98,78,91,36,37,12,72,22,3,43,56,51,81,45,32,94,19,59,9,65,57,28,47,7,69,23,40,5,46,68,64,21,13,80,55,15,52,33,30,50,25,20,35,17,53,61,90,49,93,1,24,85,88,27,74,86,70,58,89,44,6,95,0,48,10
78,99,62,87,84,95,31,26,63,66,38,82,75,33,8,12,54,20,41,83,77,96,18,67,34,2,73,39,11,16,42,17,71,4,76,98,60,91,9,37,14,47,22,3,43,56,51,81,45,32,94,19,59,0,65,57,28,36,7,69,79,40,74,46,68,64,21,13,80,55,15,52,23,30,50,25,89,35,49,53,61,90,92,93,1,5,85,88,27,97,86,70,58,24,44,6,72,29,48,10
53,92,62,87,84,57,31,26,32,66,45,82,75,28,8,12,54,5,41,83,38,96,18,67,34,2,73,39,11,16,42,17,71,60,76,98,81,91,9,37,14,47,22,63,43,56,44,93,3,78,94,19,77,0,65,58,51,36,7,69,79,40,74,46,68,64,21,13,80,55,15,52,23,30,50,25,89,35,49,4,61,90,59,99,33,20,85,88,27,97,86,70,95,24,1,6,72,29,48,10
53,92,62,99,35,57,31,26,49,97,45,82,75,28,66,61,54,5,41,83,38,96,89,12,34,2,73,37,11,16,42,80,71,60,76,98,81,91,9,32,18,47,22,59,43,56,44,93,3,78,94,19,77,0,65,58,51,36,7,69,79,40,74,46,68,64,21,13,63,55,15,52,23,30,50,8,39,27,48,4,87,90,17,25,33,20,85,88,6,84,86,70,95,24,1,67,72,29,14,10
53,95,62,99,35,57,31,68,49,44,45,82,75,28,66,61,54,5,41,17,38,96,89,12,34,2,26,37,11,16,42,73,71,86,76,98,59,91,9,32,18,47,81,10,13,56,83,93,80,78,94,14,77,0,65,58,51,36,7,69,79,40,74,46,22,64,21,60,63,55,72,52,87,30,50,8,39,27,48,4,43,90,3,25,33,20,85,88,6,84,92,70,23,24,1,67,15,29,97,19
53,95,62,99,35,46,31,68,49,44,86,82,21,28,66,61,4,5,64,2,38,96,89,12,34,57,17,37,11,16,26,73,71,3,76,98,59,91,9,32,18,45,75,10,13,56,83,93,80,81,94,14,77,0,65,58,51,36,7,69,79,40,74,54,22,47,67,60,41,55,72,23,87,30,50,8,39,27,48,15,43,90,70,25,33,20,85,88,6,84,92,42,29,24,1,52,78,63,97,19
53,95,62,92,35,46,33,68,49,44,86,2,21,28,66,61,59,5,76,67,38,96,89,12,65,57,17,37,11,16,26,52,71,64,50,98,31,91,9,32,18,45,75,10,13,56,27,93,80,81,94,14,77,0,34,58,51,36,4,69,79,40,74,47,22,7,83,60,41,55,72,23,87,30,63,8,39,1,48,15,43,90,70,25,24,20,85,88,6,84,54,42,29,99,82,3,78,73,97,19
53,95,99,92,35,46,33,68,90,44,49,96,21,28,66,61,59,5,65,67,38,62,89,18,2,57,17,37,64,16,26,12,71,75,50,76,31,91,9,32,30,11,98,10,45,56,27,93,80,69,94,51,77,0,34,58,81,36,4,52,79,40,86,47,22,7,83,60,41,55,72,23,87,14,63,8,39,1,48,15,43,20,70,25,24,74,85,88,6,84,54,42,29,13,82,3,78,73,97,19
38,56,99,88,35,46,33,64,90,44,49,96,21,28,66,61,59,5,92,67,78,62,89,18,2,26,17,37,36,53,11,12,71,75,50,76,31,91,9,32,30,41,98,10,45,95,27,93,80,69,94,51,1,77,34,85,0,68,4,57,79,40,58,47,22,7,83,60,86,55,72,23,87,14,63,8,39,65,48,15,16,20,70,25,24,74,81,52,6,84,54,42,29,13,82,3,43,73,97,19
21,56,99,88,35,18,33,81,90,44,49,23,64,28,98,61,59,92,50,67,78,62,89,20,2,26,17,37,10,53,11,12,71,75,85,76,84,91,9,32,30,41,36,96,45,95,46,93,80,69,94,51,1,77,34,15,0,86,4,57,79,40,58,47,22,7,83,60,5,55,72,38,87,14,63,8,31,65,48,16,68,39,70,25,24,74,27,52,6,66,54,42,29,13,82,3,43,73,97,19
21,56,79,81,35,18,33,40,90,44,84,23,64,28,98,61,59,92,45,67,78,62,89,20,2,26,87,49,99,12,11,88,71,75,85,76,5,91,9,32,30,41,36,96,95,17,46,93,80,69,94,51,1,77,34,15,73,86,57,37,52,82,58,47,22,7,83,60,8,55,72,38,10,14,4,63,31,65,48,16,68,39,70,25,24,74,27,53,6,66,54,42,29,13,0,3,43,50,97,19
21,56,79,81,35,44,33,40,90,64,84,23,67,29,18,61,59,92,45,76,78,62,89,20,54,26,87,49,99,98,11,88,71,75,85,93,12,91,9,19,2,41,36,96,95,17,46,57,80,30,94,51,1,77,34,15,27,86,32,37,73,82,58,47,22,7,83,60,8,55,72,38,28,14,4,63,74,65,48,16,68,39,70,25,24,69,52,53,6,66,10,42,43,13,0,3,31,50,97,5
21,85,79,81,40,44,33,65,90,64,84,23,67,29,18,61,59,11,45,76,78,62,5,6,54,26,87,49,99,98,96,17,71,75,9,89,12,91,70,19,2,41,56,34,95,50,46,57,80,36,94,20,1,77,10,15,27,86,32,37,73,82,58,47,22,7,83,60,8,55,72,92,28,14,4,63,74,93,48,16,68,39,38,25,24,69,52,53,30,66,88,42,43,13,0,3,31,35,51,97
78,85,79,59,40,44,5,65,60,64,84,23,67,69,18,61,56,11,45,76,32,62,17,6,54,26,87,49,99,98,96,33,71,75,9,89,12,91,70,19,2,92,97,34,37,50,46,20,80,36,94,57,1,47,90,15,27,86,21,3,73,82,58,77,22,7,83,16,8,55,72,10,28,14,4,63,74,93,48,41,68,39,38,25,24,29,52,53,30,66,88,42,43,13,0,95,31,35,51,81
78,85,96,35,40,44,5,65,60,64,84,23,67,69,18,53,56,11,45,76,32,62,17,47,54,26,87,29,99,98,61,33,2,75,15,89,12,91,70,19,92,57,97,34,37,50,46,20,80,39,94,49,1,71,95,41,59,86,21,3,73,82,58,77,22,36,83,16,8,55,72,10,28,14,4,63,74,93,48,6,68,7,38,25,24,90,52,0,30,66,88,42,43,79,13,27,31,9,51,81
78,88,47,35,40,81,5,65,82,64,84,23,69,66,96,53,56,11,45,76,72,62,17,22,54,26,87,29,99,98,61,33,2,75,21,89,12,19,70,58,92,57,97,34,37,32,46,15,80,39,94,49,1,71,95,67,59,86,44,3,73,91,18,77,85,36,83,16,8,55,20,10,28,14,4,63,74,93,48,6,50,7,38,25,24,68,52,0,30,90,60,42,43,79,13,27,31,9,51,41
86,88,47,79,40,81,5,65,61,50,84,13,69,66,96,53,35,28,45,76,72,62,17,22,54,26,11,29,99,98,78,33,56,75,21,89,12,87,70,58,92,57,97,34,82,32,46,15,80,39,94,49,1,71,95,67,59,60,44,3,73,4,18,77,85,36,83,2,8,55,20,91,43,14,52,63,16,93,48,6,23,7,38,25,24,68,19,0,30,90,10,42,37,74,64,27,31,9,51,41
86,88,14,99,40,96,5,92,61,50,84,51,69,66,70,53,35,28,45,76,72,62,47,44,54,26,11,29,16,98,78,33,56,75,21,89,12,87,74,27,57,22,97,34,82,60,46,15,80,39,94,49,1,71,95,67,59,13,42,3,73,4,18,77,85,36,83,2,8,58,20,91,43,32,52,63,81,93,48,6,23,7,38,25,55,68,19,0,30,90,10,17,24,37,64,79,31,9,65,41
86,88,49,99,40,96,5,92,61,34,84,51,69,66,70,53,35,28,45,76,72,62,12,44,54,26,11,10,16,98,78,31,56,75,21,89,82,87,74,27,46,22,97,29,47,60,36,15,80,39,94,25,1,71,95,67,59,13,42,3,57,4,6,77,85,23,73,2,8,9,20,91,43,32,52,63,81,93,37,48,14,7,38,58,55,68,33,0,30,90,19,17,24,83,64,79,18,50,65,41
4,88,18,99,40,79,5,41,61,34,84,51,11,39,70,53,35,28,45,76,72,62,47,44,54,26,57,96,16,68,78,31,56,75,21,89,82,87,74,27,46,22,97,29,48,60,36,15,80,69,94,25,1,71,95,67,59,13,42,3,92,19,6,77,85,23,12,2,73,9,20,91,43,32,8,63,81,93,37,65,14,7,38,58,55,10,33,0,30,90,49,17,24,86,64,83,66,50,98,52
4,88,66,99,40,89,5,41,61,34,84,16,11,39,70,79,35,28,51,80,72,93,47,44,54,26,53,62,52,68,78,31,56,75,21,98,82,87,74,27,46,22,97,29,48,8,36,15,57,69,94,25,1,71,95,67,59,13,76,3,92,19,6,77,85,23,49,37,73,9,12,91,43,32,20,63,81,18,60,65,42,7,38,58,55,10,33,0,30,90,14,17,24,86,64,83,45,50,96,2
29,0,66,99,40,78,5,41,61,34,84,16,11,39,70,33,35,28,51,80,72,93,47,44,54,26,53,62,52,68,90,89,27,75,56,88,82,58,74,60,46,22,97,19,48,8,36,15,57,69,94,25,86,71,95,67,59,13,76,3,92,98,6,42,85,23,49,37,73,9,21,91,43,32,20,63,81,18,87,65,79,7,10,31,55,12,38,77,30,4,14,17,24,1,64,83,45,50,96,2
29,0,66,99,4,78,5,41,61,34,84,16,11,39,70,89,67,28,53,80,72,93,47,44,54,26,51,62,92,68,90,40,27,75,46,85,82,58,74,60,87,22,97,19,48,8,36,15,6,52,25,96,86,71,95,69,59,13,76,3,65,57,88,42,98,23,49,37,73,9,21,91,43,32,20,63,81,18,17,33,79,7,10,31,55,12,38,77,30,2,14,35,24,1,64,83,45,50,94,56
29,0,66,99,4,81,96,41,61,78,54,16,80,39,70,89,37,45,53,95,72,93,47,44,28,26,51,62,67,68,90,40,27,75,46,34,82,58,74,60,87,22,97,19,48,8,36,15,6,52,88,92,86,11,85,69,59,13,76,3,65,57,84,42,50,23,49,25,73,71,18,91,43,32,20,63,14,9,17,33,79,7,10,31,55,12,38,77,30,2,5,35,24,1,64,83,98,21,94,56
29,87,86,85,4,9,99,60,90,78,54,16,80,39,57,89,19,45,53,95,72,93,47,44,28,0,51,62,21,68,46,40,27,75,81,34,82,58,74,98,26,22,92,37,48,8,36,15,6,52,70,41,88,11,96,69,59,13,76,3,65,97,84,42,50,23,49,25,73,71,18,91,43,32,20,63,14,61,17,33,79,7,10,31,55,12,38,77,30,2,5,35,24,1,64,83,66,67,94,56
29,87,86,85,8,9,99,42,36,78,54,16,80,39,90,89,19,45,53,95,72,21,47,44,28,0,60,62,93,57,46,40,68,75,81,34,82,13,74,98,26,77,92,37,48,27,30,15,11,52,70,41,88,66,96,69,59,51,22,3,65,97,84,76,50,23,49,25,73,5,6,91,43,32,20,63,14,61,17,33,79,71,10,31,55,12,38,18,7,2,58,35,24,1,64,83,4,67,94,56
29,87,86,25,63,9,21,42,36,78,54,16,61,68,90,89,45,8,53,95,72,28,47,44,40,0,60,62,93,57,46,59,39,85,81,34,82,13,74,98,26,77,92,37,48,27,30,6,11,52,70,31,64,66,96,15,19,51,22,3,65,97,84,75,50,99,49,80,73,5,69,91,43,32,20,88,14,76,17,33,79,71,10,23,55,12,38,18,7,2,58,35,24,1,41,83,4,67,94,56
29,87,86,25,48,80,21,42,36,78,54,16,61,27,33,89,45,8,53,95,72,28,63,44,76,0,60,70,35,57,46,59,39,85,81,34,82,13,51,90,26,77,92,37,9,50,30,6,11,52,62,31,64,66,96,15,19,40,22,3,65,97,84,75,71,98,49,47,73,5,69,74,43,32,99,88,14,91,17,23,79,20,10,68,55,12,38,18,7,93,58,2,24,1,41,83,4,67,94,56
29,87,86,25,48,80,21,40,36,78,54,16,73,66,33,89,45,42,53,95,72,28,63,44,76,0,60,70,81,61,46,8,39,85,62,34,82,88,55,90,26,77,92,51,13,50,30,22,15,52,37,31,64,59,96,35,19,56,57,3,65,97,84,75,71,98,49,47,6,5,69,74,43,12,99,27,14,91,17,23,79,20,10,68,11,9,38,18,7,93,58,2,24,1,41,83,4,67,94,32
12,57,86,25,48,80,21,40,36,78,54,42,73,66,33,89,45,16,53,95,72,87,63,44,83,0,47,70,81,61,46,8,39,85,62,34,82,88,94,90,31,93,92,51,13,50,30,22,15,52,37,7,64,59,96,35,19,56,55,3,65,97,23,75,71,43,49,58,6,5,69,74,29,2,99,27,14,91,76,84,79,20,10,68,11,9,38,18,28,77,17,98,24,1,41,60,4,67,26,32
20,57,86,25,48,80,27,76,36,78,54,42,73,0,33,89,45,16,53,95,72,87,63,44,83,13,61,32,71,99,46,8,39,85,62,34,82,88,94,90,31,21,92,51,81,50,30,22,15,52,66,7,64,59,96,35,56,40,55,3,65,97,17,75,37,43,49,58,6,5,69,74,29,47,19,28,14,91,2,12,79,23,10,68,11,9,38,18,93,77,70,98,24,1,41,60,4,67,26,84
89,94,86,8,16,31,27,76,36,78,54,42,73,0,33,53,45,74,67,95,72,87,63,44,83,4,61,32,71,99,46,92,39,85,25,34,82,11,57,90,20,21,48,51,81,50,30,22,15,80,66,7,64,59,84,35,56,40,55,3,65,97,17,96,37,43,49,58,6,5,69,52,88,29,19,28,14,91,2,12,79,23,10,68,47,9,38,18,93,77,70,98,24,1,41,60,75,13,26,62
89,26,86,7,16,31,8,76,36,78,54,42,73,0,33,53,45,74,67,95,72,87,63,44,83,4,61,90,71,34,46,99,47,85,25,56,82,11,57,39,20,21,32,51,81,50,92,22,15,80,66,27,64,59,84,35,52,9,55,30,65,97,17,96,37,3,49,43,6,5,69,48,88,29,19,28,14,91,2,12,79,23,40,94,10,58,38,18,93,77,13,98,24,1,41,60,75,70,68,62
6,26,86,7,16,31,8,76,80,61,54,42,41,0,33,53,45,74,73,95,72,87,63,44,83,24,39,98,71,34,46,90,38,85,25,56,82,11,57,22,20,21,32,51,81,58,92,93,15,60,66,27,64,59,84,35,52,9,55,30,65,36,17,96,37,3,49,43,89,5,69,48,88,29,19,50,14,91,2,12,79,23,40,94,10,13,99,18,4,77,78,67,97,1,28,47,75,70,68,62
6,26,88,7,74,31,8,76,80,24,54,42,41,0,33,90,45,19,73,95,72,87,63,57,34,4,39,98,71,79,46,86,38,85,25,30,82,11,56,22,20,21,32,51,93,58,92,67,15,60,66,27,64,62,84,35,52,9,55,69,65,36,17,96,37,3,49,43,89,5,77,48,59,53,16,50,14,91,2,12,81,23,40,94,10,13,99,18,29,61,78,83,97,1,28,47,75,70,68,44
6,26,88,7,74,50,93,76,80,24,54,55,41,16,33,90,45,0,35,87,72,73,63,57,66,4,39,98,71,79,8,86,38,85,25,30,82,11,53,22,20,21,32,51,95,58,92,67,15,60,91,27,42,62,84,19,52,9,31,69,65,29,17,96,37,3,49,43,89,5,77,48,59,12,34,68,14,47,2,56,81,23,40,94,10,13,99,18,36,61,78,83,97,1,28,64,75,70,46,44
6,20,88,7,79,50,93,76,80,24,54,55,41,16,33,90,45,27,35,81,26,73,63,57,75,4,39,59,56,42,8,86,38,85,25,30,82,11,53,22,72,21,32,87,95,58,98,67,89,60,91,15,0,62,84,19,52,9,31,17,65,29,74,96,37,3,49,43,48,5,77,92,83,12,34,68,14,47,2,71,36,23,40,94,10,13,99,18,51,61,78,66,97,1,28,64,69,70,46,44
97,36,88,7,79,50,93,76,80,20,55,4,8,16,33,90,45,27,35,81,26,73,63,57,75,59,39,24,56,42,22,65,38,85,29,30,25,11,53,17,72,21,23,87,95,58,98,67,82,60,91,15,0,62,84,19,52,9,31,77,40,54,74,96,37,3,49,43,48,5,32,92,83,12,34,68,14,47,2,89,86,41,6,94,10,13,99,18,51,61,78,66,64,1,28,71,69,70,46,44
97,36,88,7,79,50,16,82,80,65,55,4,8,41,49,90,45,27,35,81,26,73,33,5,75,59,39,24,56,42,22,20,38,85,29,30,19,11,70,17,72,21,23,87,95,58,78,67,96,60,91,15,93,62,84,98,52,9,31,77,40,57,74,76,37,3,63,43,48,0,32,92,83,12,34,68,14,47,2,18,86,25,6,94,10,13,99,54,51,61,89,66,64,1,28,71,46,53,69,44
97,36,88,7,17,50,16,82,80,62,61,4,8,27,49,90,45,89,35,81,26,73,33,5,75,59,39,24,71,42,22,63,38,85,52,30,19,29,70,55,72,21,23,87,95,58,78,67,96,60,91,15,93,20,86,98,37,9,51,77,40,57,74,76,84,3,32,43,48,31,10,92,83,12,34,68,14,47,2,18,11,25,6,94,99,13,65,54,56,41,79,66,64,1,28,0,46,53,69,44
97,36,88,7,75,50,59,20,80,62,61,4,8,27,49,90,45,89,35,25,64,73,33,5,42,16,39,24,71,81,22,44,38,85,82,30,17,69,70,55,72,21,23,87,63,58,78,67,96,60,91,93,48,92,86,98,37,9,51,77,40,83,74,76,84,3,32,43,15,31,10,95,26,12,34,52,14,47,2,18,11,68,6,94,99,13,65,54,56,41,79,66,19,1,28,0,46,53,57,29
