0,1,2,3,4,5,6,7,8,9,10,11,12,13,14,15,16,17,18,19,20,21,22,23,24,25,26,27,28,29,30,31,32,33,34,35,36,37,38,39,40,41,42,43,44,45,46,47,48,49,50,51,52,53,54,55,56,57,58,59,60,61,62,63,64,65,66,67,68,69,70,71,72,73,74,75,76,77,78,79,80,81,82,83,84,85,86,87,88,89,90,91,92,93,94,95,96,97,98,99
31,1,30,71,4,5,35,7,8,9,6,11,12,94,39,15,16,17,28,88,20,21,19,23,2,33,26,27,10,25,81,54,34,86,38,50,36,96,14,13,90,41,42,43,40,45,80,47,76,49,51,60,52,53,37,69,56,57,58,59,55,61,62,32,64,65,66,22,68,46,70,93,44,73,74,79,92,77,78,72,48,29,82,83,84,85,75,87,24,89,63,91,98,3,0,95,18,97,67,99
31,32,30,69,3,83,35,7,38,9,89,11,12,63,39,15,16,17,28,88,91,56,19,76,2,33,26,27,94,65,58,36,25,86,6,50,85,48,75,13,18,41,42,55,40,45,80,47,90,49,51,8,52,53,43,71,21,1,99,34,44,61,62,24,64,57,66,22,4,46,70,81,54,73,74,79,23,77,78,72,93,96,82,14,84,92,37,87,98,20,68,59,10,29,60,95,0,97,67,5
31,32,75,69,3,83,35,7,67,42,98,11,12,63,0,2,79,17,49,88,91,56,10,22,97,33,26,27,40,76,9,6,25,86,59,87,85,62,65,13,18,41,37,55,47,15,16,28,90,84,51,8,52,53,43,71,21,57,99,34,44,4,1,24,19,77,66,20,64,46,94,81,54,73,74,23,61,58,45,14,93,96,82,38,70,92,72,48,5,39,68,50,89,29,60,95,30,36,78,80
50,71,40,53,3,83,57,7,49,42,98,6,55,63,0,97,79,17,65,88,91,56,11,22,45,33,26,60,20,25,9,34,1,86,2,23,59,8,66,13,67,28,37,87,47,15,16,30,24,84,85,18,52,35,43,74,69,89,99,51,21,4,76,41,19,77,61,10,32,46,94,81,54,31,62,64,73,58,44,14,93,96,82,27,70,92,72,48,5,39,68,38,75,29,12,95,90,36,78,80
44,70,11,54,3,83,57,7,82,42,98,40,73,63,35,46,52,68,65,99,91,56,15,22,45,17,26,60,20,85,87,36,1,86,24,23,59,6,66,30,67,2,37,33,47,8,16,28,38,84,53,18,95,97,92,74,69,79,50,51,21,4,76,41,19,77,61,10,32,58,94,81,5,31,62,64,43,78,88,49,93,89,0,27,39,14,72,71,75,13,48,96,25,29,12,9,90,55,34,80
44,19,11,54,33,22,57,27,42,35,6,85,73,82,75,46,52,21,65,99,91,56,9,17,63,18,26,60,20,38,87,36,7,86,24,47,4,2,66,30,67,8,23,40,16,76,69,28,3,62,53,64,70,97,92,74,39,79,77,51,96,95,45,41,80,98,61,10,32,68,94,71,5,15,37,31,43,78,88,58,93,89,0,49,50,14,72,83,81,13,48,84,25,29,12,1,90,55,34,59
44,19,31,71,4,22,11,27,72,82,6,85,73,9,61,46,52,28,92,99,35,56,25,17,10,63,26,65,93,38,87,36,91,86,54,50,84,2,66,30,67,18,23,40,16,58,13,70,3,20,53,64,24,97,42,74,39,79,55,51,96,21,75,41,80,98,77,15,32,68,43,76,12,57,37,95,60,8,88,7,62,89,0,49,94,14,90,83,81,78,45,5,48,29,47,1,33,69,34,59
96,19,51,70,4,22,84,37,72,82,6,85,32,98,61,80,52,56,55,99,35,54,25,17,10,63,81,64,93,59,87,36,91,76,9,83,86,2,66,49,67,18,21,46,1,77,13,44,3,20,53,65,24,97,11,74,39,79,16,50,71,92,75,31,58,73,30,15,43,68,23,27,12,57,41,95,0,8,88,78,62,89,40,45,94,14,38,7,34,90,26,5,48,29,47,28,33,69,60,42
29,19,56,70,99,44,58,37,96,78,39,11,32,66,61,4,52,6,55,69,35,54,25,22,94,63,81,64,93,59,76,36,40,16,20,83,86,68,8,49,67,18,13,98,91,1,2,51,3,82,53,65,24,97,9,74,88,79,71,50,41,92,75,85,84,73,30,46,43,77,23,27,72,87,90,95,0,80,48,7,21,89,62,45,57,14,38,17,34,12,26,5,10,15,47,28,33,31,60,42
29,19,56,70,84,30,64,26,71,10,39,11,32,45,61,12,52,6,55,67,35,97,66,22,94,15,81,51,80,18,76,36,63,25,9,7,86,68,8,49,54,65,41,96,91,1,2,82,3,58,53,93,48,60,99,74,88,50,59,16,79,92,75,85,57,73,33,46,43,77,23,13,72,87,90,95,0,24,4,44,21,89,62,42,27,14,38,34,40,69,37,5,83,78,47,28,20,31,17,98
92,52,1,55,56,30,64,26,71,10,65,11,60,45,61,89,32,6,50,67,63,12,66,22,94,74,81,51,79,39,68,15,70,25,9,38,86,35,8,49,54,20,41,96,91,46,17,82,3,58,53,76,48,84,99,57,19,34,59,16,47,42,75,14,36,4,93,5,43,77,23,13,21,87,90,95,0,24,2,18,97,83,62,33,27,29,73,88,40,69,37,85,28,78,44,7,72,31,80,98
4,52,78,81,80,74,64,70,71,60,67,11,98,45,61,89,63,6,50,36,35,25,97,22,94,1,10,51,55,99,30,16,84,68,32,79,86,77,8,39,54,92,41,96,91,95,17,82,12,58,7,76,48,40,33,9,19,34,59,65,47,13,75,14,72,53,46,5,20,93,23,56,21,87,90,57,0,24,2,18,38,83,62,3,27,29,73,88,26,69,37,85,28,49,44,66,15,31,42,43
4,52,78,81,80,74,95,20,71,60,32,11,96,45,61,42,63,98,48,36,35,25,97,22,75,1,10,51,83,99,43,16,84,6,76,79,86,58,8,65,54,92,41,53,24,23,17,82,12,19,18,62,91,40,33,9,77,3,59,26,47,87,67,14,72,93,46,85,39,0,57,94,21,29,49,7,5,13,2,37,56,34,55,30,27,38,73,88,89,69,70,64,28,90,44,50,15,31,68,66
4,18,78,81,80,74,95,20,30,22,62,11,96,57,61,97,63,53,89,36,35,51,31,26,21,16,90,1,83,37,79,60,84,8,76,24,86,58,52,75,54,92,41,56,2,23,17,32,12,19,71,28,91,40,50,39,77,3,59,65,47,87,45,14,38,93,46,85,25,0,72,94,98,48,99,7,5,13,67,82,34,33,55,9,43,49,73,88,27,69,70,64,6,10,44,15,42,29,68,66
22,18,78,81,50,41,95,12,42,54,96,60,75,68,57,15,63,67,89,5,35,51,31,37,4,53,90,1,83,85,79,55,84,64,80,24,86,58,52,77,61,92,26,56,62,23,76,32,29,19,71,28,30,40,8,20,91,3,59,65,7,87,11,97,43,93,46,36,25,0,72,94,98,48,99,9,74,13,38,82,34,33,2,16,14,70,73,88,45,69,17,49,6,10,44,27,39,47,21,66
22,18,64,81,67,41,42,31,72,54,96,60,75,12,21,15,63,69,89,5,35,51,95,85,4,36,90,1,23,38,79,55,3,88,80,24,86,58,92,77,61,9,6,50,73,33,87,32,78,93,71,28,25,83,8,20,17,68,59,65,7,91,11,97,56,47,46,14,53,0,26,94,98,70,30,52,74,37,34,82,40,57,2,16,29,13,84,76,45,48,19,49,43,10,44,27,39,62,99,66
61,18,64,81,67,54,42,25,74,59,0,84,75,12,39,15,63,17,89,5,35,94,95,41,4,72,29,1,23,9,52,2,87,8,36,24,86,58,97,77,28,69,6,50,60,33,55,32,78,93,71,3,92,83,88,20,62,80,26,31,7,96,11,45,56,47,46,14,53,57,37,27,98,70,30,21,68,43,34,44,40,65,51,16,22,13,38,76,79,48,19,49,90,10,85,73,91,82,99,66
10,18,22,40,8,66,42,25,16,50,0,84,75,12,39,15,83,17,68,5,87,94,95,41,53,79,1,76,23,27,52,11,86,73,36,24,29,58,2,77,28,69,98,97,60,54,55,74,78,93,71,3,6,85,20,26,33,80,67,62,7,96,45,21,56,47,46,34,72,57,37,35,31,70,30,64,61,43,4,44,9,65,51,59,48,13,38,14,88,32,19,49,90,92,89,81,91,82,99,63
10,46,22,71,8,66,74,38,16,4,0,70,75,12,39,24,53,23,68,35,87,1,95,41,48,79,65,69,42,81,52,90,86,73,36,32,29,59,2,77,28,94,98,97,60,54,26,62,78,83,27,3,6,76,20,55,11,80,67,85,50,96,72,33,56,47,5,34,17,45,37,25,31,19,30,18,61,84,89,44,9,21,51,64,13,15,58,57,88,40,7,49,43,92,14,93,91,82,99,63
10,46,22,71,8,66,61,75,21,4,0,99,23,64,39,91,43,9,53,35,87,60,95,41,77,79,65,14,42,90,52,50,86,67,36,92,29,19,74,3,32,94,84,97,89,81,26,70,78,18,68,83,6,76,1,55,11,80,28,85,82,96,72,30,56,47,5,59,17,45,37,25,24,27,73,38,31,34,16,44,69,48,12,51,13,15,58,57,88,40,7,49,33,54,98,93,62,20,2,63
44,22,85,71,8,16,55,75,21,64,33,99,23,13,10,91,43,67,77,5,11,60,95,41,9,79,65,76,61,86,52,50,37,63,36,6,68,19,88,3,26,94,84,97,89,96,46,70,78,18,58,83,32,30,1,4,14,80,28,29,92,72,42,35,56,47,81,59,17,45,87,25,24,27,73,38,31,34,20,66,39,48,53,0,51,15,82,93,57,40,7,49,69,54,98,90,62,74,2,12
44,36,31,64,8,30,55,51,21,24,33,99,77,68,18,13,48,14,66,5,75,60,79,41,9,85,65,76,61,86,52,27,74,63,94,6,22,28,88,3,26,37,84,97,89,96,40,70,78,90,58,83,32,57,50,4,67,80,17,29,56,72,39,35,10,49,81,59,62,71,87,25,16,11,73,38,91,95,20,34,0,42,53,92,46,15,82,93,23,43,7,45,69,54,47,19,1,98,2,12
99,36,2,23,72,30,76,51,21,48,33,66,98,68,61,13,86,63,77,97,38,60,93,55,9,16,65,41,69,10,50,27,24,32,64,6,22,28,59,3,26,37,84,75,71,96,40,70,78,90,15,83,14,74,0,4,67,80,52,29,56,85,44,35,92,31,81,39,62,5,17,25,87,11,73,58,91,95,20,94,18,42,53,8,46,57,82,79,34,43,7,45,89,54,47,19,1,88,49,12
99,36,2,23,5,57,76,51,74,48,62,66,98,68,7,13,86,63,17,10,38,60,94,55,9,16,21,41,69,92,39,53,20,30,33,88,91,28,59,61,26,46,18,75,71,29,85,64,78,32,40,96,14,27,0,4,97,80,52,19,56,73,44,43,22,31,81,70,77,65,15,25,87,11,72,58,67,95,84,3,45,42,83,8,35,90,82,79,34,50,37,6,89,93,47,24,1,54,49,12
99,32,2,94,5,57,36,51,15,48,54,66,76,84,31,13,86,63,17,10,38,35,73,55,30,68,21,41,69,49,23,88,74,16,78,75,91,28,59,61,46,89,18,60,39,29,4,64,62,43,40,96,14,27,0,1,97,80,52,19,56,26,44,53,92,71,83,65,90,42,81,25,87,11,72,85,67,9,95,3,45,22,47,77,70,58,82,79,34,50,37,6,8,93,20,24,33,98,12,7
7,16,2,85,5,57,10,51,15,48,54,61,78,84,3,13,80,93,17,12,86,35,73,55,30,76,21,41,69,47,23,46,74,95,24,40,39,28,59,25,49,89,18,60,94,33,11,64,62,72,98,96,14,27,82,1,97,91,52,99,31,26,0,53,29,71,83,65,90,43,81,42,87,67,32,56,38,9,63,88,45,19,58,77,70,44,4,79,92,50,37,6,8,66,20,34,36,22,75,68
32,16,33,85,8,99,10,51,15,48,47,61,24,6,3,42,80,93,17,12,86,35,73,11,30,62,21,20,69,63,23,34,74,82,7,40,39,28,59,25,37,89,26,60,94,66,49,64,88,72,36,96,71,4,54,1,97,91,58,38,76,78,0,53,5,18,45,65,90,43,81,41,92,67,95,56,87,9,2,83,14,19,44,77,70,57,98,27,79,50,13,84,46,52,31,29,55,22,75,68
22,16,23,85,68,99,10,38,15,82,40,92,24,6,3,56,7,93,17,2,42,53,73,43,30,35,21,48,69,63,62,45,74,51,32,81,13,28,36,25,37,89,26,8,94,66,20,64,80,72,34,57,71,4,54,1,97,91,58,67,86,78,0,27,98,83,41,65,90,5,12,47,18,11,95,87,52,9,96,49,14,76,44,77,70,39,60,61,79,50,88,84,46,33,31,29,55,19,75,59
22,16,29,85,5,10,24,38,15,14,40,92,39,6,62,56,34,97,17,68,42,76,13,43,30,35,12,48,69,63,81,44,74,51,9,57,79,28,36,50,25,89,26,87,94,66,20,2,71,33,3,45,21,4,54,82,49,91,93,67,86,77,0,55,98,83,41,65,90,73,53,47,18,11,95,1,52,58,64,19,84,80,99,23,70,7,60,61,37,78,88,27,46,72,31,32,8,96,75,59
22,16,14,13,5,57,24,91,15,10,19,71,48,40,62,73,76,84,17,68,42,78,20,43,30,93,12,26,29,63,9,44,18,51,83,56,79,28,36,34,95,74,87,97,33,66,27,2,58,86,4,38,21,23,77,82,49,37,45,67,50,25,0,55,98,90,41,65,92,3,53,47,54,11,35,1,52,81,64,6,89,80,99,94,70,7,60,61,85,69,88,39,46,72,31,32,8,96,75,59
71,76,11,13,5,6,24,75,15,26,19,1,47,40,68,73,48,84,17,95,91,78,59,43,62,93,12,85,29,63,74,44,18,94,83,56,79,28,14,66,30,22,87,97,33,67,50,2,58,0,49,46,21,23,57,27,31,37,45,80,92,25,9,88,98,90,4,65,42,3,53,39,54,82,35,16,52,81,64,55,89,51,99,34,70,7,86,61,36,69,10,96,20,72,77,32,8,38,60,41
24,25,11,13,81,12,16,70,92,26,19,1,82,21,68,73,53,84,17,93,47,60,59,43,95,40,50,85,74,15,86,44,66,94,83,56,18,28,72,52,30,22,87,78,33,67,39,5,58,0,49,46,31,75,57,27,6,91,45,80,55,64,23,88,98,63,4,10,42,3,29,71,2,90,35,65,62,48,79,89,97,51,99,34,14,7,37,61,36,69,9,96,20,54,77,32,8,38,76,41
27,25,11,50,81,12,16,74,43,26,28,1,77,21,24,73,53,84,35,93,47,60,59,36,95,40,31,94,54,8,88,44,66,13,46,56,55,92,83,52,72,22,87,37,33,85,62,5,58,0,10,96,71,75,57,86,30,91,70,80,48,64,78,38,98,63,4,45,42,6,23,68,2,90,17,65,29,18,82,14,97,51,99,34,39,7,67,61,79,69,19,3,20,15,49,32,9,89,76,41
27,25,62,50,56,12,16,6,43,26,21,1,77,3,35,73,53,75,91,93,96,60,59,11,95,51,70,94,45,8,88,15,86,28,46,89,55,39,83,76,72,22,87,37,90,85,47,5,58,81,10,84,71,36,97,32,30,44,92,80,68,0,66,38,98,63,49,61,42,64,23,79,2,14,17,65,29,18,82,74,54,33,99,4,13,7,67,57,78,40,19,52,20,31,69,24,9,34,48,41
78,37,99,42,64,12,16,6,49,89,21,1,63,3,35,27,53,30,91,93,96,8,0,60,95,51,81,94,45,86,74,25,83,28,54,50,55,39,15,76,72,26,88,33,90,70,59,5,58,73,10,84,71,36,97,32,80,44,48,52,68,43,92,38,34,65,98,61,41,47,56,79,2,14,17,62,29,18,82,66,85,22,31,4,13,7,67,75,23,40,19,77,20,11,69,24,9,57,87,46
78,51,99,9,64,80,17,6,42,32,21,65,81,3,68,27,54,30,91,50,96,8,0,19,48,63,18,94,31,1,74,25,83,28,58,16,55,39,24,76,60,45,88,33,26,70,59,5,61,90,10,84,85,98,97,71,22,93,36,52,53,44,92,89,34,62,87,69,41,47,56,79,2,14,12,82,29,67,73,66,95,35,37,4,13,7,86,75,23,40,72,77,20,11,15,38,43,57,49,46
25,29,99,22,20,80,60,6,42,27,21,69,89,3,68,79,59,30,91,19,96,54,0,88,5,63,18,94,31,1,74,13,75,73,58,16,8,39,24,76,7,45,90,67,26,48,10,65,81,32,9,56,50,98,97,71,61,93,12,87,51,44,92,17,34,41,62,55,64,47,66,84,2,14,95,82,83,28,85,70,36,35,37,4,52,33,86,53,23,40,72,77,78,11,15,38,43,57,49,46
67,55,99,98,20,84,13,6,42,17,86,69,89,53,68,18,16,30,91,19,96,54,0,88,92,63,90,94,31,1,74,5,75,80,58,71,25,39,24,76,49,40,66,52,22,48,10,65,14,32,9,56,4,57,97,60,61,93,12,87,59,44,79,27,34,8,62,3,64,78,28,50,2,23,95,82,45,72,85,70,36,29,37,7,35,33,26,41,77,11,73,83,21,15,47,38,43,51,81,46
88,31,99,98,69,12,13,6,42,92,86,82,46,53,68,18,67,30,97,19,2,59,84,33,0,63,87,94,49,66,74,91,75,36,77,71,25,39,24,76,40,79,17,60,22,48,10,3,14,85,9,56,4,57,11,54,61,93,96,38,83,65,70,45,55,8,62,1,64,78,28,50,20,34,95,89,7,72,23,32,80,29,37,16,35,27,26,41,52,5,73,44,21,15,47,58,43,51,81,90
88,97,44,98,69,12,60,2,42,20,86,82,7,53,68,24,67,0,79,19,32,59,84,33,45,81,87,94,89,35,74,40,75,36,66,72,77,71,26,76,99,31,17,50,22,8,10,3,25,85,9,56,21,30,11,54,61,57,96,29,83,34,70,92,55,93,46,1,64,78,28,62,6,47,95,38,58,18,49,65,80,63,37,16,39,27,48,41,52,5,73,91,23,15,13,90,43,51,14,4
88,68,44,98,69,12,60,14,42,20,86,8,7,53,5,45,58,41,57,54,32,59,48,84,40,72,87,94,19,49,35,67,51,24,66,75,77,71,26,76,99,31,81,50,47,27,74,3,29,9,0,56,92,30,11,36,61,55,17,78,83,34,70,38,10,93,46,2,64,28,21,62,6,89,95,96,4,85,97,65,80,63,37,16,39,25,1,43,52,33,73,91,23,15,13,90,79,22,18,82
88,29,63,17,69,12,85,97,15,20,86,8,93,89,5,83,48,41,57,80,32,81,75,84,40,43,87,94,19,90,35,67,51,24,66,44,53,71,26,76,14,39,10,50,47,27,74,3,13,45,0,42,92,30,11,36,37,23,33,18,54,34,70,38,60,6,99,2,64,28,21,49,61,58,95,96,4,7,16,65,91,56,9,78,72,25,1,68,98,31,73,52,77,62,46,55,79,22,59,82
24,29,63,17,85,88,20,81,15,36,86,8,93,97,69,59,43,7,57,80,32,64,53,39,84,96,47,55,25,5,35,67,51,0,66,44,89,19,26,76,14,48,16,50,41,27,74,3,13,45,42,40,60,2,11,61,37,98,38,82,54,34,70,83,30,6,99,33,75,87,21,77,10,58,95,28,4,94,90,65,91,56,9,78,72,49,1,68,12,31,73,52,92,62,46,18,79,22,23,71
16,29,63,17,85,88,20,81,39,1,50,58,25,35,69,86,74,97,61,80,93,64,54,23,84,96,24,55,36,5,77,8,51,60,66,44,9,67,26,76,14,75,42,33,65,27,43,3,13,38,90,40,45,2,47,89,37,98,57,82,15,34,70,83,30,52,99,11,56,87,6,94,10,46,95,28,4,12,41,48,91,0,21,78,72,7,53,68,32,31,73,59,92,62,19,18,79,22,49,71
16,29,63,21,85,88,99,93,39,96,89,58,10,74,69,83,90,35,9,80,15,64,82,46,84,81,24,19,36,5,22,17,51,60,66,8,72,3,26,76,14,57,94,33,25,23,54,61,13,38,27,40,45,2,47,43,32,31,4,41,97,34,70,73,37,52,65,11,56,87,6,44,86,42,67,28,30,12,77,48,91,0,98,78,1,7,53,68,95,75,55,59,92,62,20,18,79,50,49,71
16,88,63,52,19,3,62,93,22,87,74,58,10,50,69,77,90,35,9,80,15,38,31,23,95,81,24,6,36,5,17,33,51,60,66,8,72,92,26,76,84,57,94,34,25,89,54,61,47,14,27,40,21,2,83,43,91,12,4,41,97,1,70,73,45,39,99,11,49,48,0,44,86,56,67,28,96,85,79,42,13,65,98,78,37,7,53,68,64,75,55,59,46,30,20,82,18,29,71,32
22,88,63,52,19,31,62,91,74,87,73,0,10,39,44,77,90,58,9,80,15,38,6,43,84,81,65,35,79,5,24,33,51,25,64,8,72,92,26,76,28,57,66,34,12,89,54,61,47,83,27,40,21,2,42,60,59,50,4,56,97,1,94,41,45,29,11,95,82,48,67,23,68,49,36,16,96,85,14,37,13,70,98,78,86,7,53,93,71,75,55,3,46,30,69,99,18,17,20,32
22,88,63,10,26,31,62,91,20,87,73,74,96,39,38,77,90,95,9,33,97,40,6,43,84,81,7,64,79,5,83,2,32,66,48,8,80,92,41,76,72,4,0,28,12,89,99,61,47,50,11,25,21,94,37,60,59,75,51,56,54,45,58,34,35,29,69,57,52,44,67,23,68,49,36,16,15,85,14,82,13,70,98,78,86,93,53,65,71,24,19,3,46,30,27,42,18,17,1,55
67,88,2,65,32,31,62,10,96,47,1,83,19,39,51,77,90,95,9,82,40,69,74,43,26,38,7,64,79,5,98,20,61,63,48,8,80,92,89,76,72,4,55,28,12,60,99,6,41,50,87,0,11,94,37,68,59,75,33,56,54,45,58,34,35,29,93,57,17,30,22,85,78,49,36,16,25,23,14,81,13,70,53,44,86,52,66,84,71,24,91,3,46,97,27,42,18,15,73,21
30,88,77,65,73,31,62,10,42,5,1,21,40,51,29,78,70,95,15,82,60,69,68,83,26,61,35,64,79,33,98,20,23,90,48,8,80,92,89,76,72,4,19,28,27,25,99,6,41,50,22,59,11,94,37,46,39,75,2,56,54,45,58,7,43,74,93,66,17,0,18,85,34,49,36,67,96,24,14,81,13,16,53,44,86,9,32,84,71,57,47,3,63,97,52,38,87,12,91,55
36,44,39,89,1,31,77,10,42,5,86,21,40,72,29,78,70,95,15,82,60,69,68,83,26,93,35,64,79,33,98,20,23,90,48,61,4,67,99,43,22,47,8,28,38,25,96,57,41,34,58,59,11,71,19,46,53,7,2,73,54,92,62,74,45,94,37,66,3,0,6,85,75,49,30,80,76,24,14,81,13,16,65,55,97,9,32,84,56,88,51,12,63,27,52,18,87,50,91,17
36,72,53,89,1,24,77,10,79,35,86,71,40,51,29,31,70,64,15,82,7,49,68,83,37,93,92,21,80,6,98,20,66,65,91,61,34,39,99,43,90,17,8,60,23,22,96,57,41,97,58,59,48,13,19,46,52,76,2,73,54,38,62,74,45,94,42,69,3,0,44,95,75,25,30,4,5,85,14,81,50,16,55,26,67,9,32,84,56,88,33,12,63,28,11,18,87,27,47,78
36,63,53,89,1,24,77,27,79,35,86,88,8,51,59,14,71,43,15,19,7,40,68,83,49,44,94,61,76,6,98,20,66,65,91,97,3,39,29,58,90,64,93,54,23,22,80,57,17,31,12,55,48,13,87,25,52,72,96,99,60,38,62,74,45,82,42,33,46,0,92,95,37,30,70,32,5,85,21,81,50,16,75,26,67,9,41,84,56,2,69,73,34,28,11,18,10,4,47,78
35,49,8,25,1,24,12,28,48,29,95,88,40,86,59,14,71,43,15,19,7,84,68,83,39,56,77,61,76,6,98,20,66,34,91,31,89,70,75,58,90,64,93,54,44,36,74,53,17,21,27,55,3,13,87,47,52,72,63,99,60,42,62,57,45,82,22,33,0,94,65,80,37,79,73,32,5,81,96,23,50,16,30,26,67,9,41,2,38,51,69,46,85,92,11,18,10,4,78,97
99,49,76,61,50,5,12,28,48,32,95,38,40,86,59,14,78,3,89,19,7,84,68,23,39,97,42,57,81,6,75,31,83,34,72,1,20,70,82,24,37,64,93,54,44,36,74,53,17,25,29,55,88,13,87,47,52,58,46,21,60,27,62,63,56,45,22,33,0,94,65,71,77,98,73,10,91,79,96,16,41,43,30,26,67,9,90,2,85,51,69,66,8,92,11,18,15,4,80,35
44,49,76,43,50,5,47,85,48,32,95,38,40,9,58,51,36,3,89,19,1,84,68,13,65,54,42,57,81,6,39,31,83,78,46,90,35,97,82,24,37,64,7,23,22,14,21,53,17,25,29,55,15,72,87,45,52,8,2,20,60,28,93,92,59,56,88,33,0,94,66,71,77,98,73,10,91,79,96,16,41,27,34,26,67,61,75,74,62,18,69,11,99,63,86,30,12,4,80,70
36,49,38,43,50,99,33,31,48,32,95,41,40,9,58,51,21,3,89,62,1,81,29,22,70,54,42,57,2,6,39,65,83,94,46,90,35,97,20,61,34,64,7,16,45,14,82,53,17,25,87,55,12,72,85,75,84,8,60,86,11,28,67,23,76,56,88,68,0,47,66,71,77,98,73,10,91,79,52,37,5,92,15,27,59,96,13,93,26,18,69,19,78,63,44,30,24,4,80,74
32,85,38,10,50,99,33,31,48,21,97,41,40,30,58,2,3,8,89,62,6,81,29,22,88,70,42,57,1,54,9,65,53,93,67,61,35,84,20,46,34,60,59,16,45,14,82,94,17,25,87,39,12,71,64,19,78,44,98,86,11,28,75,23,52,56,72,18,63,47,66,95,77,43,73,55,91,79,7,76,5,92,15,27,51,96,13,24,26,49,69,37,83,36,0,68,90,4,80,74
79,85,95,65,19,64,33,31,48,66,97,26,32,30,96,2,76,37,89,62,6,81,29,22,88,70,42,57,78,15,8,91,53,93,67,61,21,84,20,10,54,60,80,16,59,14,24,94,17,25,87,34,12,71,83,73,44,49,40,45,11,28,75,23,98,38,72,18,63,47,99,58,77,3,46,55,7,39,9,4,5,82,56,92,41,86,13,1,52,27,69,43,51,36,0,68,90,35,50,74
79,13,29,65,19,85,33,31,48,66,47,91,78,30,88,2,82,28,63,84,57,20,89,22,3,70,42,39,37,15,8,83,50,7,27,61,21,93,55,11,60,10,0,12,59,49,24,26,17,25,87,34,14,71,62,73,44,97,53,45,94,67,75,23,98,38,72,18,32,56,99,58,64,16,46,6,95,96,9,4,5,81,54,92,41,86,40,1,52,35,69,43,51,36,77,68,90,76,80,74
89,13,29,66,58,85,33,67,48,40,47,17,79,30,88,2,86,28,81,84,11,20,1,96,46,70,42,39,37,15,93,83,50,3,27,61,65,76,55,22,60,10,0,12,43,78,80,26,99,25,49,34,14,38,62,75,6,97,53,45,57,63,51,23,98,90,24,31,32,56,19,87,64,82,21,91,95,59,9,4,5,92,54,73,41,44,8,52,94,35,69,71,18,36,7,68,72,16,77,74
56,61,29,66,58,7,6,19,17,40,48,90,34,30,76,95,86,2,81,77,11,20,1,21,46,67,42,39,37,15,93,83,12,3,27,31,44,98,55,22,60,33,0,85,23,78,80,82,75,25,49,79,14,38,62,28,70,97,53,45,57,63,16,50,65,54,24,51,69,4,68,89,64,26,9,91,99,13,96,5,32,92,10,73,41,88,8,52,94,35,59,71,18,36,84,43,72,87,47,74
56,61,92,91,10,7,6,13,29,26,48,14,34,19,90,30,86,53,59,15,80,4,1,78,46,66,42,12,83,22,93,76,58,3,51,31,44,95,55,84,67,33,0,85,23,82,37,88,75,25,49,79,2,38,62,28,70,41,81,45,57,63,54,50,65,36,11,97,69,77,68,89,64,71,9,43,99,17,96,5,32,60,47,73,27,20,8,52,94,35,98,21,18,24,40,39,72,87,16,74
56,61,92,91,10,7,6,13,29,72,44,59,81,22,26,88,11,53,2,15,80,77,1,78,46,14,42,27,83,49,39,76,71,36,51,31,24,95,87,0,67,33,50,85,23,82,69,30,75,25,12,37,90,38,62,99,70,41,35,45,86,55,54,43,65,97,34,4,57,19,48,89,64,84,9,60,58,17,68,21,32,79,5,73,3,20,8,52,94,96,98,63,18,93,40,47,66,28,16,74
56,70,72,91,87,7,6,13,29,80,23,59,81,19,26,82,55,53,2,15,76,77,1,78,46,66,33,9,31,8,83,50,71,22,11,92,24,95,69,0,67,27,86,85,39,3,51,30,75,79,25,37,90,38,62,99,89,32,35,61,42,58,54,43,65,97,45,4,57,12,48,36,63,14,41,68,88,17,73,21,34,49,5,60,10,20,44,52,94,96,98,47,18,93,40,64,74,28,16,84
56,10,72,91,87,88,30,16,29,14,50,59,71,19,26,1,63,23,2,74,76,96,15,78,93,55,33,9,31,8,83,40,82,22,11,92,24,42,69,80,67,64,0,99,65,3,51,70,98,79,25,37,90,38,81,85,89,32,35,61,7,95,54,77,21,6,17,4,57,12,48,36,53,75,41,86,27,94,47,62,34,49,5,60,97,20,44,52,66,46,39,73,18,45,68,13,43,28,58,84
73,10,72,91,87,88,30,3,85,14,50,0,59,29,26,1,63,23,2,32,92,77,15,95,93,55,12,9,99,16,45,40,82,22,37,84,24,42,35,80,49,11,79,76,69,5,33,70,98,47,25,83,38,64,81,31,89,90,4,19,7,78,74,65,21,97,71,54,57,61,48,58,53,75,41,86,27,94,56,62,34,67,6,51,36,20,44,52,66,46,39,43,18,96,68,13,60,28,17,8
74,10,56,70,68,26,30,71,85,14,54,0,51,29,90,1,83,20,19,32,92,77,67,95,93,55,12,9,47,37,45,63,82,22,28,84,60,40,91,80,49,11,79,76,69,5,33,25,98,24,21,99,38,64,46,31,2,44,4,41,7,78,81,65,87,58,88,73,59,86,48,57,53,75,61,50,27,94,72,43,34,16,6,97,36,17,15,52,66,62,39,35,18,96,42,13,3,89,23,8
74,37,56,70,68,26,30,71,61,31,34,77,46,29,90,1,9,20,19,92,5,0,67,3,76,55,83,4,47,11,8,95,32,22,28,84,86,40,10,80,50,93,79,94,69,57,33,25,78,54,21,99,38,64,82,44,2,89,17,41,7,51,85,65,87,49,66,63,59,45,48,12,53,91,88,24,27,73,72,58,15,16,6,97,36,98,60,52,81,62,39,35,75,96,42,13,14,43,23,18
21,37,22,30,26,0,17,71,61,31,34,4,46,50,90,1,72,20,43,92,62,64,67,56,16,47,74,48,9,11,8,36,70,27,73,84,86,40,69,80,10,93,13,53,79,57,33,65,52,54,91,99,66,51,82,23,2,89,83,41,7,68,85,76,87,49,25,63,59,45,38,12,19,5,88,24,94,77,78,58,15,3,6,97,44,98,60,29,81,55,39,35,75,96,42,95,14,32,28,18
21,38,59,30,26,45,17,71,66,31,34,13,46,50,90,1,72,20,43,10,61,64,67,62,16,3,47,48,53,78,56,0,70,27,73,84,28,8,69,55,22,93,33,23,89,57,37,65,52,54,91,99,14,51,77,36,2,74,41,82,7,68,85,76,79,49,87,39,60,97,6,12,19,42,88,24,94,92,5,58,9,83,11,29,44,98,15,40,81,35,96,4,75,80,63,95,86,32,25,18
76,38,65,30,26,1,60,33,66,31,86,71,46,50,58,21,72,97,43,10,61,64,67,87,13,3,62,48,4,78,56,25,70,27,73,84,20,68,69,55,22,17,99,23,89,57,37,36,52,54,91,44,51,96,77,24,2,14,41,28,7,49,85,79,80,42,39,82,74,53,15,12,19,16,88,34,94,47,90,8,5,83,11,29,63,98,9,40,81,35,45,18,75,59,92,95,0,32,93,6
38,22,59,30,80,1,21,33,66,31,51,71,46,23,58,35,72,97,43,10,47,64,67,65,44,85,62,15,7,78,56,25,70,27,73,84,39,68,48,29,42,52,45,26,96,57,37,36,98,54,16,17,91,60,77,24,2,14,41,81,3,49,55,79,12,76,28,82,74,53,0,99,19,94,88,34,4,11,90,8,83,86,13,50,61,69,9,87,40,63,89,18,75,5,92,95,20,32,93,6
7,22,99,30,80,1,41,33,66,39,59,71,46,15,0,54,72,97,43,10,47,64,25,63,44,26,38,27,62,55,56,67,23,65,73,84,37,68,48,60,42,52,45,98,31,24,35,18,53,78,16,17,91,61,77,34,2,14,93,81,36,49,3,79,12,76,28,82,6,88,85,32,74,94,57,51,4,8,90,11,70,86,13,50,21,69,9,29,40,96,89,58,75,5,92,95,19,87,83,20
40,22,99,30,37,49,28,48,66,78,29,71,68,15,46,80,95,84,43,54,47,97,25,63,44,26,93,27,62,55,72,76,23,82,73,67,90,65,69,60,42,24,45,98,51,38,35,94,53,56,16,17,91,57,77,0,2,14,7,81,36,5,3,79,9,58,39,59,6,88,85,32,74,34,1,50,4,8,10,31,70,86,13,33,21,41,64,87,52,96,89,20,75,12,92,61,19,18,83,11
72,22,26,30,37,49,27,71,34,82,29,70,97,53,46,44,95,77,88,54,78,68,19,63,25,1,93,43,40,87,80,55,99,65,4,67,90,6,69,10,33,24,45,98,51,38,35,94,23,56,16,89,91,57,84,0,2,14,7,81,36,5,3,79,9,58,39,28,17,86,85,62,32,47,52,50,73,8,66,31,60,83,13,96,21,41,64,59,15,42,11,20,75,12,92,61,48,18,76,74
72,22,26,30,4,75,27,71,34,48,60,70,97,89,46,44,66,98,77,59,21,68,40,63,92,1,93,74,76,47,80,55,99,65,45,67,37,6,69,49,94,24,10,53,51,19,29,17,54,56,87,38,61,57,84,88,78,14,7,81,36,35,3,79,9,58,39,5,2,0,85,86,32,28,52,33,73,8,50,31,90,83,13,96,43,41,64,16,62,42,11,95,25,82,23,91,15,18,12,20
72,22,26,30,4,50,27,67,56,13,75,70,97,89,46,78,66,98,18,91,21,68,40,9,92,1,93,85,63,47,80,23,77,32,45,44,37,6,36,90,60,76,10,53,69,19,51,17,54,38,87,20,7,57,52,12,34,14,55,81,73,74,3,79,95,58,39,5,2,84,94,82,24,28,35,61,65,8,99,31,86,83,88,96,43,41,64,16,62,0,11,29,25,71,33,49,48,42,15,59
72,78,26,80,4,50,52,67,56,13,69,70,54,89,22,1,66,51,18,91,21,68,45,48,92,30,32,85,29,47,46,23,77,39,31,44,10,6,36,90,60,76,35,38,82,19,99,7,61,75,17,97,74,42,11,12,34,14,55,81,73,24,95,53,3,58,63,5,2,84,83,93,49,98,87,28,65,8,33,20,86,94,88,96,43,41,64,16,62,0,79,9,25,71,40,15,37,27,57,59
72,78,41,80,4,2,67,76,6,14,69,70,54,89,34,33,9,51,63,96,21,68,75,48,92,30,12,86,29,95,83,23,77,39,26,44,71,43,36,90,60,53,35,52,82,19,99,7,61,22,17,45,74,42,11,94,47,32,0,81,66,38,57,98,3,58,46,55,13,84,37,93,49,79,87,28,65,8,50,20,24,27,88,10,91,1,64,16,62,40,97,5,25,56,18,15,85,73,31,59
72,34,28,9,15,90,67,55,6,14,69,33,98,89,84,16,95,54,57,48,23,53,75,32,92,2,66,86,8,41,52,13,77,39,30,44,46,43,36,21,60,79,35,50,82,19,99,63,61,22,17,45,74,42,11,94,7,12,0,81,26,38,78,71,3,58,37,93,73,47,18,70,51,29,87,80,65,83,96,20,24,27,88,10,91,1,64,62,76,40,97,5,25,56,4,49,85,68,31,59
70,25,33,59,38,90,10,55,6,14,96,26,34,13,84,15,49,81,57,48,23,53,75,32,92,2,66,86,54,72,52,60,24,39,30,0,40,43,36,21,28,79,35,4,82,29,99,63,89,27,69,77,74,42,11,94,7,12,98,67,5,83,50,71,16,58,61,78,73,47,18,37,51,9,87,80,19,8,45,20,93,22,88,95,91,1,64,97,76,62,17,44,65,56,3,46,85,68,31,41
70,85,33,59,86,28,10,94,6,14,96,80,34,13,20,15,71,81,57,48,26,61,25,55,92,5,66,8,24,68,52,97,42,50,90,2,40,43,36,54,49,79,35,62,82,77,99,19,89,23,69,31,74,21,60,4,1,12,98,67,11,83,39,30,16,58,0,78,73,47,18,37,51,84,87,9,3,46,45,75,93,22,88,95,91,38,7,64,76,63,17,27,65,56,44,72,53,29,32,41
70,85,33,66,86,28,55,94,6,79,81,80,34,13,20,15,75,52,8,48,26,82,25,93,92,5,73,95,42,32,96,97,76,84,90,36,68,43,77,46,21,54,35,30,12,17,99,19,89,23,69,31,74,78,61,4,1,40,98,67,11,83,51,38,10,58,0,59,18,47,71,37,62,16,87,9,14,60,45,49,41,50,88,3,91,29,7,24,64,63,39,2,65,56,44,72,53,57,27,22
70,85,34,66,86,28,95,94,93,79,2,6,67,17,20,15,75,52,91,48,26,71,36,49,92,5,82,88,42,32,96,97,30,84,89,14,68,43,77,46,58,51,60,74,12,81,99,19,83,23,69,31,62,78,61,4,40,13,76,24,90,65,37,38,10,80,0,35,1,25,98,47,11,16,73,9,18,54,45,8,41,50,44,3,29,59,7,64,21,63,39,27,87,56,33,72,53,57,55,22
38,85,34,66,26,40,74,99,1,79,2,70,15,17,22,32,96,52,5,48,95,71,23,93,92,44,94,88,42,64,62,97,43,84,89,14,91,54,77,13,58,51,60,20,12,65,49,19,83,72,4,82,37,78,28,31,46,63,76,81,90,69,75,86,10,80,0,35,56,25,98,47,68,16,50,9,18,36,45,8,41,30,53,3,29,59,7,24,21,11,39,27,87,73,33,61,6,57,55,67
42,65,19,77,64,75,41,99,1,26,2,70,13,63,22,7,14,52,61,48,94,71,54,38,43,0,66,90,73,44,56,96,15,84,89,85,91,92,97,98,58,51,47,20,12,55,49,88,83,72,4,32,30,78,28,31,37,95,76,81,5,69,23,79,10,80,53,35,86,25,40,62,68,16,50,9,18,36,45,8,82,17,74,3,29,59,93,24,21,11,39,27,87,34,33,60,6,57,46,67
40,53,19,77,64,75,60,94,1,72,2,4,13,63,29,69,7,52,61,48,17,71,54,38,43,30,66,41,45,44,68,96,15,84,89,85,91,92,70,98,58,51,11,20,21,0,49,88,83,50,90,32,25,57,28,36,55,95,76,27,5,26,23,22,10,3,14,35,86,81,99,42,65,16,78,9,12,47,56,8,82,73,74,80,79,59,93,37,62,67,39,34,87,46,18,97,6,33,31,24
40,53,90,77,63,75,39,70,42,72,2,67,13,14,52,17,29,18,61,48,54,31,9,94,43,30,89,41,11,44,68,66,15,84,60,19,91,82,4,98,80,51,0,92,21,65,49,88,37,45,83,32,25,57,28,71,96,95,76,1,5,38,23,35,10,34,20,27,86,81,99,85,55,16,78,26,12,47,56,8,22,73,74,87,79,59,93,3,62,36,7,69,50,46,64,97,6,33,24,58
40,21,13,77,63,75,16,74,42,72,2,85,67,14,52,50,29,31,61,48,30,18,69,55,43,12,89,41,37,44,68,66,99,84,15,19,91,49,33,36,80,51,0,11,35,65,82,4,60,45,94,9,25,57,17,71,96,95,76,1,5,92,23,24,10,34,32,70,38,90,53,28,7,6,78,26,20,47,56,8,39,73,93,87,97,59,27,3,62,98,81,79,22,46,64,83,88,54,86,58
32,21,13,77,0,75,16,74,42,72,89,85,67,14,23,50,5,93,61,48,92,18,59,10,57,12,3,69,49,19,68,33,51,84,15,95,91,29,44,2,43,6,63,11,35,65,82,60,22,45,94,97,25,9,17,4,34,80,76,1,62,86,37,24,88,36,56,70,38,90,53,28,7,8,78,26,55,47,52,31,39,71,66,87,96,40,27,30,99,98,81,79,20,46,64,83,73,41,54,58
70,21,92,77,44,75,16,74,90,72,89,85,67,14,23,50,5,93,48,42,31,18,97,69,57,59,40,13,49,19,68,33,28,26,79,62,34,29,95,91,43,36,84,11,35,65,82,60,22,45,10,52,25,9,61,4,17,98,76,88,0,86,37,73,12,27,56,80,38,32,54,24,3,39,78,53,55,2,15,6,63,71,66,1,87,94,96,30,99,51,81,8,20,46,64,83,47,41,7,58
70,83,92,21,44,75,16,24,90,45,89,85,9,14,23,50,5,93,48,6,68,60,67,10,57,1,40,13,49,19,12,66,25,71,79,62,26,97,51,98,43,47,84,11,29,61,94,35,22,74,7,69,91,59,53,4,17,65,76,88,0,86,37,73,80,27,56,18,38,32,54,41,3,52,78,55,36,72,33,20,63,28,34,31,87,39,96,30,99,2,81,8,42,46,64,77,82,95,15,58
70,83,66,68,79,75,7,24,51,86,89,85,9,14,56,59,5,42,48,6,98,60,67,10,87,32,38,13,49,19,35,62,25,71,3,64,77,97,52,92,53,47,27,11,29,90,94,43,22,74,76,12,91,1,65,4,17,30,23,88,93,99,50,73,80,40,72,58,26,33,54,41,0,45,78,55,36,44,61,20,63,28,21,31,84,39,96,16,37,2,81,8,57,46,34,18,82,95,15,69
80,83,66,68,78,75,85,48,51,63,89,38,9,14,43,7,79,73,92,6,98,77,67,2,87,32,33,24,49,56,35,62,94,71,3,64,41,46,52,93,86,47,17,59,29,90,96,34,22,88,70,53,91,1,25,4,55,30,23,76,31,99,50,13,54,40,72,58,0,11,21,26,10,45,61,5,36,97,65,20,44,28,74,19,84,39,42,16,37,12,81,8,57,60,27,18,82,95,15,69
11,83,66,68,88,75,35,48,36,63,59,23,9,31,86,76,99,73,92,46,71,77,67,42,84,79,33,24,30,56,15,16,85,2,3,94,41,6,52,93,89,47,17,39,38,90,96,34,22,29,70,62,55,1,20,4,98,27,51,50,8,0,53,13,54,40,72,58,32,64,78,26,10,45,61,5,14,60,65,7,44,28,74,19,21,43,87,97,37,12,81,80,57,49,91,18,82,95,25,69
11,24,66,68,88,10,85,48,36,79,58,23,21,31,86,70,25,34,92,1,76,77,67,42,84,20,33,82,49,47,15,16,39,2,3,97,56,13,64,57,41,0,17,69,46,90,96,75,22,29,54,62,55,38,89,4,73,27,51,50,93,71,53,9,99,40,72,8,32,98,78,26,60,45,30,5,14,87,65,7,12,28,74,19,95,43,6,35,37,44,81,80,94,63,91,18,83,61,52,59
8,24,66,68,81,77,62,88,36,72,58,10,75,26,64,70,25,38,92,1,30,48,67,42,29,50,11,16,49,19,15,55,39,2,17,47,56,13,18,57,93,0,33,23,89,90,96,97,22,46,54,52,82,5,6,4,73,27,84,40,79,71,53,9,99,85,3,21,32,98,78,12,60,45,76,41,14,87,86,51,65,28,7,74,95,43,34,35,37,44,31,80,94,63,91,69,83,61,20,59
8,54,66,68,81,45,57,88,36,72,60,10,62,53,64,79,25,38,92,1,30,48,4,42,80,84,29,16,49,6,15,3,71,11,17,95,56,13,91,74,93,67,33,23,86,2,96,97,22,46,44,5,65,40,26,94,73,27,9,89,0,70,18,12,99,85,63,21,32,98,78,58,19,52,76,41,47,87,35,51,7,28,39,82,34,43,14,50,37,24,31,77,90,75,55,69,83,61,20,59
36,70,69,68,81,45,57,88,18,72,60,10,82,53,64,83,25,38,92,1,30,15,4,43,80,95,29,84,48,6,20,3,71,11,17,7,90,13,40,50,34,55,33,23,86,2,54,97,65,46,44,5,16,52,35,39,31,27,9,42,0,37,93,12,99,85,28,21,89,98,74,58,19,8,61,41,47,87,63,51,66,96,26,79,73,22,14,24,76,49,67,77,94,75,56,91,78,62,32,59
36,70,69,68,16,45,77,23,11,9,88,78,47,53,64,63,25,29,65,92,30,15,50,61,1,79,93,84,48,6,20,3,71,74,17,49,90,13,40,96,81,55,95,34,19,2,54,97,80,46,44,33,94,7,35,39,31,27,57,42,0,18,10,12,86,85,28,21,89,98,24,58,82,8,14,41,5,87,56,72,66,99,4,52,73,22,83,51,76,26,67,91,59,75,38,37,43,62,32,60
36,70,54,68,16,56,77,23,5,3,51,53,8,31,64,63,25,29,88,92,30,26,50,61,1,79,93,11,78,95,87,48,41,74,17,49,90,13,40,96,81,20,67,34,19,2,44,60,80,46,57,33,94,59,35,39,6,27,76,69,97,55,10,12,86,85,62,21,89,9,14,58,82,38,18,99,91,45,28,72,42,22,4,52,73,24,71,0,66,15,98,32,7,75,47,37,43,84,65,83
47,75,54,68,16,22,59,23,5,3,38,4,40,31,64,63,46,29,88,69,49,26,50,89,1,79,93,70,60,82,6,48,41,74,17,95,11,83,98,37,28,92,90,25,19,2,44,30,55,96,57,33,94,62,35,39,65,27,76,7,97,85,34,12,86,78,20,21,77,9,14,58,53,8,18,36,91,45,87,72,42,81,15,80,73,24,71,0,66,61,51,32,13,52,56,67,43,84,99,10
47,45,54,39,67,2,94,22,5,3,38,4,40,31,16,72,68,29,88,69,49,26,41,59,89,79,42,85,52,14,6,46,43,50,91,95,11,37,98,73,17,92,90,87,19,28,44,30,55,96,57,60,74,62,35,76,70,25,53,23,97,61,34,12,15,78,65,33,77,9,93,58,86,8,18,36,82,64,66,7,83,81,75,80,63,24,71,0,21,48,51,32,13,1,56,20,27,84,99,10
29,45,88,66,67,14,94,81,5,3,38,57,78,31,21,72,68,86,76,40,49,48,41,2,89,95,42,85,34,1,22,46,43,17,91,77,74,37,6,73,79,92,0,87,19,28,27,30,55,97,11,60,4,62,35,59,70,25,52,23,83,61,53,12,15,10,50,47,26,9,93,98,84,8,18,33,82,64,16,7,99,65,75,80,63,39,71,36,58,24,51,32,13,96,56,20,69,44,90,54
29,13,23,66,90,14,2,81,52,3,38,67,78,31,32,72,84,51,76,40,49,79,53,86,56,95,42,15,11,1,34,46,43,9,73,62,91,21,68,54,26,92,0,88,19,22,27,30,55,97,5,60,4,50,35,59,70,25,63,17,83,61,6,12,57,10,80,47,89,28,93,16,96,85,18,33,82,64,94,87,99,77,75,37,98,39,71,36,58,24,41,48,74,45,65,20,69,44,8,7
5,68,23,66,42,34,96,81,54,3,90,67,78,31,32,72,84,51,80,62,49,79,33,86,10,50,30,15,11,1,83,46,43,9,73,36,91,21,77,56,26,44,0,95,64,69,14,2,27,97,35,16,4,24,22,59,70,25,63,52,88,61,6,53,57,76,55,47,45,28,60,8,19,85,18,65,82,12,94,87,99,13,75,37,98,40,17,92,58,38,89,48,74,41,29,20,39,71,93,7
47,59,93,63,76,90,82,7,54,79,5,98,20,31,32,72,84,30,42,62,49,89,33,44,97,68,1,15,11,86,83,46,60,9,81,22,91,17,77,56,26,6,0,95,64,80,14,2,27,69,35,16,4,78,43,25,50,70,52,21,88,61,18,73,57,87,55,67,24,28,45,8,19,85,10,65,34,12,94,51,99,13,75,37,23,96,3,92,58,38,53,48,74,41,29,66,39,71,36,40
47,59,38,84,76,90,82,7,29,92,5,95,20,31,32,72,64,30,42,15,62,89,33,56,58,68,41,87,77,86,27,69,60,9,81,22,80,19,91,88,26,48,55,43,40,44,14,2,49,24,1,74,23,78,75,25,50,70,52,21,98,61,18,73,94,63,97,67,46,28,45,8,17,85,10,65,16,12,93,51,99,13,0,71,79,96,3,35,37,83,53,54,6,4,57,66,39,34,36,11
44,77,38,84,76,90,82,66,97,92,5,69,68,31,32,63,64,7,42,15,62,89,33,26,58,67,41,13,72,86,27,24,95,39,61,22,80,20,99,0,50,48,55,9,40,36,51,2,91,88,1,74,49,78,79,94,52,70,45,21,98,60,18,73,81,37,83,71,46,28,29,8,17,85,10,25,16,12,93,23,4,14,19,59,47,96,87,35,3,75,53,54,6,43,57,30,65,34,56,11
46,77,11,84,76,90,82,88,97,79,86,19,68,57,32,63,39,5,42,15,62,89,23,26,58,67,41,13,72,52,4,24,95,53,33,7,34,20,18,0,50,56,55,54,40,36,8,2,47,80,1,74,49,91,51,28,87,70,45,21,98,60,10,73,81,94,66,71,44,38,29,78,99,85,61,25,69,27,93,22,17,14,9,83,30,96,16,35,3,75,12,31,6,48,92,37,65,43,59,64
25,77,50,84,76,90,82,88,57,15,27,28,68,5,69,73,91,93,54,46,62,98,79,26,65,4,41,13,72,67,63,24,95,66,47,11,34,20,18,60,97,85,55,53,40,36,56,2,39,80,1,33,14,29,51,89,87,7,45,52,42,8,10,86,81,94,30,71,44,38,21,78,99,74,43,23,0,61,19,22,32,49,9,83,70,96,16,35,3,75,12,31,6,48,92,37,17,58,59,64
44,82,41,84,39,17,60,20,2,15,27,28,68,5,10,73,91,61,19,9,52,98,67,93,65,4,42,13,26,57,63,24,95,66,47,11,56,6,18,50,54,85,79,88,40,32,72,69,90,80,1,33,97,29,22,89,87,7,45,76,36,77,25,86,55,94,30,51,14,38,21,78,99,74,43,23,0,71,3,92,34,49,58,83,8,96,16,35,62,70,12,75,31,48,53,37,81,46,59,64
47,15,41,29,45,17,60,9,2,33,27,28,68,5,46,93,72,80,19,89,52,73,67,37,65,4,42,13,26,57,39,87,95,66,30,20,86,82,58,70,54,85,77,88,40,24,96,69,90,3,1,8,97,25,18,7,64,50,61,76,36,63,14,84,55,94,10,51,6,38,81,78,99,74,43,23,0,71,75,98,34,49,48,83,32,21,16,35,62,91,12,22,31,79,53,44,56,11,59,92
47,25,46,29,45,51,60,15,2,33,27,28,35,5,30,89,71,80,93,77,52,73,94,37,32,95,42,13,91,81,20,87,69,97,24,96,86,82,58,39,54,85,8,88,40,68,34,38,90,3,14,4,26,66,18,92,22,50,57,76,36,63,84,53,55,19,61,1,6,9,43,78,99,74,64,23,16,0,75,98,10,49,48,83,67,21,7,72,62,41,12,70,31,79,65,44,56,11,59,17
47,25,46,29,45,51,60,15,24,33,91,28,35,44,93,89,71,27,78,84,52,12,94,37,32,2,42,13,41,81,61,79,69,96,83,9,86,87,58,31,54,21,8,88,40,68,72,98,62,38,14,75,26,66,85,92,53,50,57,76,30,63,34,18,70,19,97,1,3,5,43,4,99,74,64,23,65,0,16,82,10,49,48,17,67,80,6,36,20,77,22,39,90,11,73,95,56,55,59,7
95,28,46,27,45,51,47,22,24,33,97,18,35,44,93,89,71,56,99,37,52,73,94,67,32,38,42,13,41,81,61,79,69,34,10,54,92,87,16,8,53,21,82,64,40,68,72,98,57,84,14,75,26,66,85,12,90,50,78,76,30,29,96,15,70,19,48,1,3,4,60,43,63,74,86,23,62,49,25,0,2,83,9,17,91,80,6,31,20,77,65,39,36,11,5,58,88,55,59,7
73,28,46,27,72,51,17,22,24,89,97,18,35,64,93,31,71,56,91,37,52,53,38,67,33,63,2,13,92,70,61,79,69,34,21,54,65,87,78,8,9,84,15,43,40,68,57,99,42,90,23,75,26,66,85,12,30,14,50,76,16,29,96,47,49,19,48,44,1,41,60,10,95,74,86,77,62,11,25,0,4,83,59,81,98,80,94,88,20,3,32,39,36,45,5,58,82,55,6,7
42,28,50,44,23,14,99,78,24,89,97,18,90,64,75,31,25,56,91,37,52,11,38,84,66,67,2,15,92,70,61,95,69,79,21,54,72,87,80,55,9,26,8,43,40,68,57,35,12,53,96,29,47,46,85,20,30,63,33,76,16,4,13,48,49,19,71,93,1,17,27,41,65,74,86,77,62,10,82,0,51,83,59,81,98,60,94,88,73,3,32,39,7,45,5,58,36,34,6,22
42,88,75,44,23,14,99,78,24,89,97,18,90,64,27,67,7,41,91,56,52,22,66,69,5,95,2,84,92,70,61,73,25,79,60,54,68,87,80,46,96,15,33,43,37,31,13,9,12,86,35,29,47,82,85,20,26,63,40,76,16,28,3,48,49,19,57,55,1,17,71,8,65,74,11,77,62,30,21,0,51,83,59,34,98,93,94,38,50,53,81,39,4,45,72,32,36,10,6,58
79,80,85,44,23,52,2,78,24,83,38,37,3,29,33,96,7,10,91,56,54,22,66,69,5,95,67,84,92,70,61,73,25,48,60,35,0,20,89,94,8,15,99,18,58,26,97,9,12,86,88,30,47,75,11,31,34,4,40,76,16,28,13,71,49,19,57,55,1,17,41,14,65,74,43,77,62,46,21,42,51,72,59,68,98,93,82,64,27,53,81,39,63,45,90,32,36,50,6,87
79,33,85,44,23,52,2,78,24,20,38,37,80,29,35,70,7,10,40,56,9,22,12,69,5,95,6,84,92,97,61,73,25,48,82,54,0,30,94,63,26,4,98,42,66,13,67,34,99,86,88,90,47,75,31,18,17,51,49,76,16,83,15,71,57,19,8,11,1,58,41,14,3,81,87,77,62,46,21,91,28,72,59,68,96,93,65,55,27,53,89,39,64,45,60,32,36,74,50,43
85,33,26,24,23,52,80,71,58,20,3,98,74,29,88,70,21,32,40,67,9,77,12,62,43,55,73,6,79,37,61,78,25,48,5,54,0,59,94,63,56,4,47,42,92,13,82,17,99,86,16,90,64,75,31,18,44,51,49,76,14,83,15,2,57,19,8,11,1,30,41,95,22,10,87,84,28,46,65,91,7,72,38,35,96,93,97,68,27,53,89,39,66,45,60,81,36,34,50,69
85,44,26,24,23,92,80,71,58,76,3,98,14,29,88,95,21,32,17,67,65,77,12,69,43,37,73,6,53,55,61,90,25,48,7,54,5,59,94,63,57,10,47,74,83,13,82,15,99,86,16,33,8,75,66,18,52,51,49,0,42,22,62,39,72,19,64,68,1,30,41,79,78,93,56,84,91,46,28,36,20,11,38,35,96,34,97,31,27,40,89,4,2,70,60,9,81,45,50,87
5,44,26,24,30,28,80,71,58,57,3,98,99,77,88,95,21,13,17,67,65,52,12,94,43,37,6,78,93,55,27,90,25,23,7,39,14,59,70,63,9,10,47,74,31,41,82,15,61,87,76,53,79,75,66,18,73,40,33,0,42,22,54,29,72,4,64,16,1,19,81,83,86,60,51,84,91,46,96,68,20,11,38,35,8,34,97,56,92,32,89,36,2,62,85,48,69,45,50,49
2,7,26,24,34,28,80,58,50,57,3,98,99,49,88,95,21,13,17,67,65,71,1,94,38,37,70,22,43,55,27,61,25,5,56,39,14,59,64,77,44,10,79,74,51,73,82,62,52,87,76,53,69,75,66,47,32,40,90,0,6,85,15,29,72,4,93,16,42,19,18,83,89,60,35,84,78,46,96,68,20,41,9,23,8,54,97,81,92,91,11,36,45,12,30,48,63,86,33,31
2,23,26,72,80,28,44,7,50,60,3,4,20,37,88,58,21,13,17,67,65,64,1,94,38,0,45,85,12,59,30,61,25,5,56,39,66,46,42,77,99,10,79,15,51,47,82,62,52,87,76,53,69,74,81,34,32,48,90,71,6,75,73,95,27,29,93,16,24,19,57,83,89,86,35,55,78,84,96,68,8,41,9,97,11,54,40,18,92,91,31,36,43,70,14,49,63,98,33,22
92,52,42,72,80,2,44,70,50,43,3,67,26,37,88,58,21,13,64,23,65,8,1,94,14,0,45,41,12,59,30,61,25,5,28,98,66,38,68,77,99,10,90,15,76,24,86,62,74,71,17,53,29,49,81,34,36,48,20,93,6,75,69,95,27,83,46,16,73,19,56,51,89,47,82,55,78,84,96,60,7,35,87,97,11,39,40,18,32,91,31,9,54,79,63,4,85,57,33,22
92,40,42,80,14,2,44,85,50,43,3,63,17,37,31,52,56,70,64,23,65,8,57,94,51,67,36,13,47,21,30,61,25,5,28,98,66,38,68,26,99,10,90,86,76,18,60,62,74,71,12,53,29,97,81,34,88,79,20,93,95,75,69,45,27,83,46,77,59,19,49,82,72,9,7,35,78,33,96,24,55,39,87,6,11,84,73,89,32,91,15,16,54,0,41,4,1,48,58,22
18,40,42,80,14,29,90,85,20,92,72,63,21,37,31,52,32,44,64,23,65,8,57,94,51,12,36,6,47,11,48,88,25,41,28,98,54,45,68,26,30,10,17,70,43,82,60,62,74,71,89,53,22,97,39,34,58,79,50,93,95,61,69,5,27,83,84,75,59,19,49,1,3,9,38,35,78,86,96,24,55,73,87,76,56,67,2,66,33,91,77,15,13,0,46,4,16,81,99,7
18,40,55,69,14,20,42,71,67,92,72,63,21,37,45,52,32,87,98,4,65,8,23,94,17,12,31,36,54,11,48,88,6,41,34,25,2,46,68,26,28,76,73,3,43,10,60,44,74,16,89,30,22,97,35,56,58,79,50,93,85,61,83,5,27,53,0,75,59,80,49,1,95,9,38,57,78,86,84,24,82,39,19,77,62,29,70,66,33,91,96,15,13,47,51,64,90,81,99,7
65,89,55,43,14,0,42,18,27,92,76,63,21,37,45,52,32,30,98,4,15,78,23,40,54,12,31,36,28,11,48,88,6,53,83,25,47,85,68,26,44,49,46,3,69,10,87,2,67,16,22,17,86,97,35,56,80,79,84,96,20,61,24,5,94,51,71,75,41,57,93,1,95,9,38,60,34,13,50,72,82,39,19,8,62,29,70,66,33,59,73,74,77,91,58,64,90,81,99,7
37,89,55,21,20,0,88,42,59,92,76,48,94,73,98,52,32,30,85,4,15,78,81,40,51,63,14,36,90,11,61,9,41,53,23,25,28,46,80,27,44,49,43,3,69,10,1,74,67,16,22,65,45,97,35,86,82,79,84,96,26,17,24,5,56,8,71,83,95,57,87,68,2,6,38,60,34,31,50,72,75,39,19,12,13,29,70,66,33,54,47,18,77,91,58,64,93,62,99,7
37,89,55,21,20,56,88,45,59,85,76,63,50,73,2,52,70,30,92,4,72,78,81,6,79,18,14,36,90,11,61,9,42,93,23,25,33,74,80,27,82,49,0,98,69,51,1,10,16,94,22,65,57,38,35,86,3,40,48,24,77,44,32,5,67,41,71,83,95,26,87,68,17,54,8,60,34,31,53,28,75,39,84,12,15,29,19,66,43,13,47,64,7,91,58,97,46,62,99,96
37,93,8,21,20,44,88,45,59,85,87,50,65,73,75,77,66,30,43,57,72,78,81,6,82,18,98,7,55,51,61,9,42,1,23,25,92,74,28,27,89,49,0,29,69,54,47,10,90,26,22,71,76,38,35,86,3,5,11,24,83,91,32,79,46,41,63,31,95,34,2,68,17,16,40,60,70,14,53,67,94,39,84,12,15,36,19,4,80,13,56,64,52,48,58,97,33,62,99,96
2,93,50,21,20,67,51,24,59,85,87,86,65,73,17,77,31,30,43,57,40,78,81,56,82,18,98,88,55,75,61,9,42,1,89,19,92,11,28,27,44,49,0,29,8,72,47,25,6,26,91,34,76,45,53,62,95,5,23,41,83,97,32,35,46,74,63,3,90,38,68,79,66,80,64,22,70,14,94,10,37,39,84,12,15,36,60,4,7,13,48,16,52,71,58,54,33,69,99,96
2,93,52,72,20,88,51,24,59,74,87,86,65,62,25,77,31,30,36,37,49,95,81,56,82,41,19,29,57,75,27,98,42,1,89,14,18,11,28,78,64,17,0,85,12,94,47,43,50,26,91,84,76,45,53,13,8,15,23,73,83,97,32,35,46,21,63,9,3,38,68,79,66,80,92,99,5,48,40,10,61,39,70,33,67,44,60,4,7,55,90,16,34,71,58,54,6,69,96,22
5,20,52,66,86,88,30,6,59,74,53,96,55,62,25,77,43,2,39,76,45,95,81,90,82,41,22,29,15,75,27,98,42,1,57,46,79,11,28,37,24,17,0,85,12,94,47,40,23,26,72,84,93,64,87,13,8,78,31,73,83,97,32,35,44,63,36,9,3,38,68,50,69,80,92,99,49,48,89,19,61,65,70,33,67,4,60,34,7,54,56,10,91,71,58,21,16,51,14,18
53,20,52,66,26,88,96,6,59,92,81,4,91,79,25,80,43,2,40,76,45,95,10,72,82,39,22,29,34,73,27,98,42,1,57,46,5,90,28,70,75,17,0,94,12,58,47,86,23,30,32,62,93,64,77,13,15,60,31,36,49,97,37,38,44,63,61,9,3,11,68,50,69,24,54,87,18,48,89,19,56,65,84,33,99,8,55,78,7,85,41,83,67,71,74,21,16,51,14,35
79,37,52,34,26,88,96,6,54,92,5,4,15,77,85,44,40,2,47,76,29,95,10,72,32,82,42,27,39,73,23,98,31,1,57,35,43,90,28,55,75,20,0,94,12,86,70,58,81,33,16,62,93,66,91,13,87,60,7,36,49,97,46,38,11,63,61,80,3,45,68,50,53,67,17,30,18,22,89,19,56,65,84,48,99,8,69,78,25,74,41,83,24,71,64,21,9,51,14,59
79,37,52,34,26,88,96,6,51,55,92,91,15,68,85,44,39,8,22,76,29,49,46,72,32,82,41,27,38,13,23,98,56,77,57,35,43,90,5,17,75,20,54,94,12,10,2,62,81,33,16,14,84,66,28,45,87,60,7,36,73,67,61,70,11,95,97,80,69,86,40,93,53,4,63,30,18,3,50,19,47,25,65,48,99,89,83,78,31,58,0,74,24,71,64,21,9,1,42,59
98,54,63,95,94,41,20,67,51,55,92,91,77,50,59,31,39,68,22,79,29,49,46,72,52,82,6,27,38,96,88,80,56,42,11,84,43,90,5,26,75,12,1,99,35,10,2,62,81,33,34,14,78,66,28,19,57,60,7,36,73,45,61,70,37,13,87,32,69,86,40,93,53,4,74,30,18,8,15,0,47,25,3,48,76,89,83,9,23,58,17,85,24,71,64,21,44,65,16,97
90,54,63,95,68,41,20,35,51,56,25,91,77,55,59,14,94,19,22,37,29,49,52,72,85,82,98,73,83,96,88,8,80,42,11,36,43,50,5,65,10,12,1,79,39,28,2,47,81,46,34,75,78,66,44,62,57,60,58,23,6,45,70,84,7,76,87,32,69,86,40,93,53,4,74,30,18,31,15,0,48,38,3,21,61,89,99,27,26,13,17,92,24,71,64,67,33,97,16,9
90,12,63,53,68,4,20,35,56,59,69,91,84,55,41,14,94,19,88,66,93,49,52,72,6,7,42,73,83,96,16,8,80,33,11,5,43,95,82,47,10,37,21,45,39,0,2,50,9,51,34,75,78,13,44,62,57,48,58,22,65,29,70,1,71,76,87,32,97,86,40,28,74,54,99,30,18,31,15,85,60,38,3,23,61,89,64,27,26,46,17,92,24,79,25,67,98,81,36,77
19,57,63,53,68,4,20,98,56,59,69,91,84,55,41,29,81,79,88,66,93,90,38,80,30,95,42,6,83,96,16,21,27,11,7,5,43,45,34,47,32,37,49,76,39,0,2,73,9,51,13,75,14,72,44,62,50,67,58,22,65,25,28,40,71,82,8,70,48,86,54,87,74,78,85,15,18,31,35,33,60,12,3,23,61,89,64,52,26,46,17,92,24,77,97,94,36,10,99,1
92,57,63,49,68,4,95,0,55,60,69,91,67,41,11,29,81,79,88,28,64,90,38,80,30,97,98,6,83,21,16,25,2,19,56,39,43,45,34,47,32,37,74,82,8,93,66,71,9,51,84,75,65,86,27,31,96,59,58,22,73,72,33,40,70,5,13,50,48,44,54,87,7,78,85,15,18,3,35,14,99,12,53,23,61,89,62,52,26,46,17,76,24,77,42,94,20,10,36,1
15,48,63,4,68,13,95,0,55,60,50,91,99,41,11,29,7,67,58,27,64,80,8,74,30,97,98,6,83,92,16,86,2,37,56,39,69,45,34,1,81,19,28,43,78,93,66,71,9,51,40,49,65,57,35,31,32,38,90,22,73,72,33,79,70,5,87,52,47,59,54,62,44,36,85,82,18,3,23,14,88,12,53,17,61,89,26,10,96,46,76,84,24,77,42,94,20,21,25,75
53,48,82,4,68,33,94,0,85,60,50,91,99,41,83,29,7,67,58,16,55,95,8,74,88,97,98,23,27,92,36,86,25,1,34,39,69,45,5,42,96,19,78,43,62,93,59,80,9,51,40,28,65,84,35,31,32,75,90,22,71,64,12,79,70,89,49,52,47,2,54,63,81,73,57,15,18,3,11,87,72,44,56,17,61,30,26,38,14,46,76,66,24,77,13,37,20,21,10,6
51,57,92,4,68,20,94,80,87,60,50,15,99,56,83,35,91,70,64,16,54,25,59,74,88,97,19,33,93,39,36,86,41,44,34,29,69,84,95,42,96,32,78,43,62,37,45,47,9,58,40,28,82,55,48,31,98,75,90,22,71,53,12,79,85,8,49,52,0,2,5,63,1,73,67,23,18,3,11,61,72,14,89,17,65,30,27,38,21,46,76,66,24,77,13,26,81,7,10,6
12,40,86,95,68,15,42,26,85,60,22,54,99,51,83,32,91,70,13,45,1,2,59,28,88,33,78,55,93,39,63,43,41,44,34,29,69,58,50,36,94,80,25,56,20,37,7,47,62,8,96,35,82,46,48,31,98,75,90,84,71,53,0,79,18,57,49,52,92,9,5,16,87,73,67,23,64,3,11,4,72,14,89,17,65,30,27,38,21,74,76,66,24,77,61,19,81,97,10,6
88,94,86,95,68,79,7,26,43,44,22,55,99,53,89,61,91,70,13,45,1,51,54,28,2,33,87,11,17,73,63,78,41,10,34,42,98,8,76,50,64,58,25,62,20,37,74,29,39,15,96,35,82,36,48,31,93,75,90,81,71,16,0,92,18,57,49,52,56,83,5,59,69,84,67,23,12,3,47,4,72,14,85,32,65,30,27,38,21,80,60,66,24,77,9,19,40,97,46,6
88,86,81,59,37,79,87,50,58,44,22,61,99,53,34,63,91,70,21,45,1,51,56,28,2,33,80,11,43,73,39,98,41,52,62,42,93,78,65,17,94,92,68,35,71,74,10,4,25,15,96,12,82,36,48,31,8,89,6,29,20,75,0,60,18,57,49,16,55,83,5,54,69,84,95,23,26,3,47,67,72,14,85,32,7,30,27,38,64,76,13,66,24,77,9,19,40,97,46,90
88,86,81,59,97,79,64,50,58,44,22,26,99,34,24,93,68,70,25,56,49,51,60,31,2,33,37,1,21,73,39,35,41,66,62,42,12,78,11,80,20,6,90,95,71,74,10,4,94,15,91,43,82,36,65,3,8,19,53,29,72,75,0,17,98,87,18,16,55,83,5,54,69,84,96,57,89,92,46,67,32,14,85,52,7,30,27,38,28,76,13,61,63,77,9,45,40,23,47,48
82,86,81,59,45,79,90,53,58,44,22,13,72,34,24,30,68,64,25,15,49,51,91,43,2,16,37,1,21,6,39,35,7,66,62,57,56,78,11,80,20,27,12,10,71,74,97,4,94,28,88,31,98,36,32,3,8,40,46,29,26,75,18,17,67,65,60,93,55,87,5,42,69,84,96,19,89,92,0,99,63,14,85,52,83,9,95,38,54,47,41,61,33,77,73,76,70,23,50,48
82,61,15,59,45,79,90,75,97,62,22,13,96,34,24,55,28,64,74,46,87,51,91,67,2,16,37,38,93,53,39,35,7,66,70,57,58,88,11,80,32,27,12,60,71,89,76,4,94,43,81,49,98,85,25,3,8,40,41,29,26,5,10,17,44,68,65,84,52,21,33,42,69,99,56,19,30,92,36,72,63,14,20,0,83,9,95,86,54,47,18,1,31,77,73,6,78,23,50,48
7,61,25,6,68,70,90,62,37,74,26,13,77,21,8,55,75,64,87,46,59,51,92,67,2,86,66,42,93,53,39,35,15,58,28,10,27,88,97,80,32,19,12,96,71,89,76,4,1,43,81,49,98,85,82,3,34,40,41,29,11,5,60,17,44,22,47,84,52,91,33,18,9,99,56,38,30,20,36,24,63,14,45,0,83,57,95,69,65,48,79,94,31,72,73,16,78,23,50,54
78,61,42,89,68,45,90,62,37,74,15,13,12,21,91,55,75,64,87,18,59,51,92,77,2,86,66,60,93,71,34,36,98,46,29,26,97,88,76,80,50,28,3,67,69,22,53,4,1,43,81,49,19,84,82,6,48,40,41,20,11,58,39,17,44,52,47,83,27,57,33,7,9,85,56,38,30,70,25,24,99,14,32,0,10,63,95,96,65,8,79,94,31,72,73,16,5,23,54,35
48,61,42,81,68,20,90,24,55,23,89,19,53,21,91,75,34,12,87,18,59,51,41,77,2,86,54,60,93,7,1,5,98,72,29,26,97,57,76,56,50,28,3,71,69,22,64,4,65,66,83,49,27,84,82,6,8,32,15,40,11,13,39,88,44,94,47,74,37,62,33,67,9,17,78,38,30,43,25,46,99,14,70,0,10,36,95,96,45,63,79,80,31,52,73,16,92,85,58,35
48,61,57,81,64,20,90,24,27,76,87,54,53,21,91,23,49,45,19,18,59,88,41,77,75,4,2,60,93,7,1,97,98,71,29,13,66,78,8,56,82,28,3,58,69,22,26,68,89,96,83,37,12,84,72,6,43,32,42,40,11,65,39,55,44,94,47,74,63,62,31,67,14,17,51,38,30,33,9,34,99,70,5,50,46,36,0,95,86,25,79,80,10,52,73,16,92,85,15,35
48,40,26,81,63,20,44,61,74,76,70,54,93,21,91,23,50,45,19,18,59,88,41,77,75,4,35,60,5,7,49,97,98,66,87,13,36,78,8,55,27,28,3,58,69,2,82,68,89,86,83,96,73,6,72,90,43,37,42,95,11,65,39,47,52,22,57,80,14,24,31,53,67,17,94,38,62,33,9,34,99,25,15,51,46,64,0,10,84,12,79,32,71,29,1,16,92,85,30,56
48,40,10,9,63,20,44,61,79,75,70,91,53,99,23,55,50,45,19,84,59,88,41,82,3,4,94,60,49,7,43,21,98,54,87,13,71,35,8,76,5,28,27,15,1,2,97,18,51,86,83,34,93,6,72,90,69,37,26,95,11,36,74,66,52,22,57,39,14,24,31,42,67,17,30,38,62,33,25,77,68,0,47,58,46,64,80,89,81,12,96,32,65,29,78,16,92,85,73,56
30,40,29,9,98,73,44,61,79,75,11,58,53,64,60,55,50,10,19,84,59,88,28,82,3,20,41,38,70,5,31,45,91,34,87,13,71,35,93,76,2,89,27,54,1,6,23,18,51,37,92,16,72,7,63,90,69,74,26,95,8,85,14,66,4,22,57,39,94,24,99,21,67,17,43,42,83,33,25,77,68,0,47,52,46,36,80,49,81,12,96,32,65,86,78,97,15,62,48,56
64,46,29,9,96,77,44,89,61,75,11,58,53,54,60,55,50,10,19,84,59,0,28,82,92,20,41,38,94,5,8,45,91,83,70,13,27,35,93,47,2,72,37,16,1,30,73,97,51,22,95,68,25,7,12,90,3,18,26,71,74,85,78,98,79,88,57,39,62,24,99,21,67,14,43,33,87,23,17,66,31,69,34,52,76,36,80,49,81,63,4,32,65,86,6,40,15,42,48,56
80,12,29,9,96,30,83,8,61,90,39,69,53,54,60,55,76,10,19,84,59,0,28,52,92,2,41,38,46,5,13,45,94,82,99,11,16,7,40,47,85,27,44,56,1,72,73,97,51,22,95,68,25,62,37,64,3,18,26,71,74,89,35,91,20,88,57,93,48,24,78,21,17,75,43,14,98,33,87,66,31,77,34,67,81,36,79,49,70,63,4,32,65,86,58,6,15,42,23,50
25,12,29,9,78,30,22,8,19,90,39,96,84,82,45,55,76,10,62,63,59,0,73,52,92,2,41,61,46,5,13,95,38,85,54,34,86,7,40,47,67,27,99,56,1,24,94,97,66,14,28,60,58,87,37,64,3,35,26,71,51,11,57,91,20,88,32,93,48,80,69,21,17,18,43,68,98,33,72,44,31,77,49,83,81,75,79,70,42,16,4,89,65,36,6,74,15,53,23,50
83,71,91,84,12,30,3,50,97,45,39,94,47,82,40,96,76,10,42,63,59,0,73,52,92,36,17,61,46,5,13,33,38,85,81,34,67,93,27,22,49,1,80,56,99,24,19,41,23,14,28,60,58,87,37,64,86,35,26,9,55,11,57,74,20,88,32,7,48,62,2,21,77,51,43,68,98,95,72,44,31,29,70,16,8,75,79,78,18,90,4,89,65,66,6,69,15,53,54,25
90,71,91,84,70,30,65,37,97,35,50,94,47,59,99,96,73,13,42,49,61,0,34,52,92,36,17,26,46,15,89,33,40,85,81,1,67,93,27,22,45,87,80,32,8,24,19,41,66,53,28,60,58,44,54,38,86,63,5,7,55,56,57,74,20,88,62,12,48,23,3,21,77,51,43,64,9,95,72,83,31,29,2,16,98,75,76,78,10,79,68,11,18,4,6,69,14,39,82,25
90,77,87,64,22,32,65,37,84,53,95,94,73,12,47,96,31,13,0,40,10,50,30,52,92,36,17,26,69,15,89,33,43,85,81,1,67,91,9,99,66,27,28,63,8,24,19,41,35,16,11,18,58,44,54,38,86,83,34,7,60,56,57,74,20,88,55,62,48,23,3,21,45,59,93,39,51,97,72,5,42,46,2,71,98,75,76,78,29,79,68,61,80,4,6,49,14,70,82,25
90,77,87,33,61,65,93,37,84,53,89,94,10,12,31,55,54,13,0,88,57,3,30,52,20,36,17,26,69,83,23,96,43,15,81,21,67,73,9,99,66,95,85,22,8,1,19,41,74,16,82,18,64,27,44,38,86,49,34,7,60,70,32,72,24,51,6,62,48,28,91,80,45,59,47,39,79,97,29,5,42,46,2,71,98,75,76,78,40,25,68,56,58,4,50,63,14,11,35,92
90,93,87,19,18,65,48,29,84,53,89,78,16,12,31,55,54,94,0,72,57,3,73,52,20,15,96,30,69,40,23,26,43,62,81,11,45,10,47,34,66,95,85,22,75,97,21,41,56,1,61,86,64,77,44,38,27,49,67,99,60,70,32,74,24,51,6,13,7,28,91,33,4,80,83,39,79,88,37,82,42,9,2,71,98,35,76,36,17,25,68,8,58,5,50,63,14,59,46,92
90,92,87,58,43,26,51,29,84,77,89,93,16,12,31,53,65,94,0,72,57,49,79,47,5,24,54,30,22,40,23,27,60,62,81,11,45,10,63,80,66,64,85,56,52,97,21,15,14,1,61,86,6,38,44,33,18,69,96,55,78,70,32,74,8,41,75,13,7,28,91,3,4,99,83,39,25,88,37,82,34,9,2,71,98,48,67,36,17,42,35,68,95,73,50,20,19,59,46,76
90,62,87,58,43,99,51,29,18,12,89,93,30,48,26,53,65,94,0,13,78,16,79,47,71,9,7,67,22,40,23,91,92,98,81,11,45,10,63,80,66,64,5,72,3,27,21,42,20,49,36,86,6,38,44,31,56,69,96,55,1,82,32,74,8,41,75,68,70,28,14,61,4,85,83,54,25,95,2,57,34,88,52,77,37,97,84,24,17,46,35,39,15,73,50,60,19,59,33,76
90,79,39,58,43,44,51,29,41,82,89,93,87,76,26,53,65,94,0,13,78,16,80,47,71,9,37,67,84,2,55,91,92,22,83,11,75,62,14,64,66,31,5,73,3,27,15,42,20,49,36,85,6,45,10,28,56,69,96,12,38,97,1,74,8,30,48,81,70,24,23,61,4,32,68,54,25,99,18,57,34,88,98,72,21,7,60,52,17,46,35,95,77,19,50,63,40,59,33,86
47,92,39,1,43,49,51,10,41,12,89,13,87,76,69,53,38,73,0,21,75,86,80,3,67,55,37,71,11,2,16,30,77,22,34,42,91,62,8,64,46,31,5,7,29,27,15,40,20,78,36,85,68,45,14,28,56,94,96,79,84,97,93,74,57,88,48,81,70,24,23,61,4,32,90,54,25,99,18,60,82,6,98,72,83,26,52,58,17,9,35,95,44,19,50,63,65,59,33,66
93,92,22,1,43,49,12,10,41,89,80,99,87,76,39,53,20,29,0,44,21,86,79,3,67,55,37,28,2,24,16,66,73,71,34,42,91,75,8,64,46,31,77,7,56,38,90,40,84,78,6,85,68,45,14,13,36,72,96,47,50,97,5,74,9,88,48,81,94,63,65,61,4,32,15,70,57,69,11,60,82,54,30,98,83,62,52,58,17,18,35,95,23,19,25,51,26,59,33,27
93,52,22,1,42,49,82,18,41,2,80,95,87,76,59,53,20,29,0,44,48,34,79,78,67,14,37,55,6,24,16,66,65,71,8,58,91,3,17,31,92,5,77,57,56,38,39,40,75,43,54,85,68,45,89,74,36,72,96,4,50,69,97,90,9,88,26,81,94,63,70,61,51,32,73,46,7,10,11,86,99,28,30,98,83,62,15,13,47,60,35,84,23,19,25,12,21,64,33,27
93,52,22,1,46,49,31,26,30,55,80,95,57,76,19,60,5,29,0,44,92,83,47,51,67,2,37,77,6,24,16,41,65,33,8,72,25,71,17,3,84,20,35,12,56,38,39,40,75,78,9,11,68,45,89,74,36,85,96,4,50,69,97,90,87,88,82,81,94,15,70,79,63,32,27,48,7,10,43,86,99,91,42,98,18,62,34,13,73,28,58,54,23,66,14,61,21,64,59,53
93,52,62,49,46,94,31,75,30,55,96,95,57,76,19,40,82,38,0,3,68,83,5,51,12,2,92,77,10,24,56,41,84,97,85,72,91,71,17,78,47,20,35,11,6,26,39,42,79,23,9,1,13,45,89,74,36,44,33,4,64,69,16,90,87,66,8,81,59,15,70,67,63,32,65,48,98,25,43,86,99,28,29,80,18,37,34,7,73,60,58,54,27,22,14,61,21,50,88,53
43,27,62,15,30,50,31,56,59,79,96,92,53,76,2,40,82,38,0,3,61,55,5,51,12,52,42,77,10,24,48,41,84,26,49,72,91,58,17,78,8,20,35,46,6,57,39,95,22,23,1,16,97,45,89,21,36,68,33,4,94,85,83,90,87,81,64,86,32,71,70,67,63,69,65,9,98,25,28,11,99,13,29,80,93,37,34,7,73,60,44,54,66,74,14,19,75,18,88,47
43,27,59,57,30,50,31,87,46,63,96,92,28,49,2,16,82,17,91,3,61,55,94,51,12,5,72,77,10,24,48,95,84,14,15,22,41,32,13,75,8,20,52,33,6,88,39,38,78,23,1,62,97,45,89,21,71,68,58,9,99,85,83,90,0,81,64,42,86,69,70,67,65,37,4,35,79,73,26,11,25,56,29,80,40,98,34,7,53,60,44,54,66,74,76,19,36,18,93,47
43,17,59,57,16,50,45,62,64,63,92,19,28,49,2,96,47,29,20,66,33,98,94,22,12,61,72,77,10,67,48,99,30,85,24,83,41,32,79,75,26,60,52,42,6,78,39,84,54,23,1,31,97,46,89,21,71,68,58,13,51,14,15,90,0,81,88,87,86,69,70,25,65,37,82,35,44,73,9,11,8,56,91,80,40,38,34,7,53,5,3,55,4,74,76,95,36,18,93,27
43,17,75,57,16,27,38,62,64,48,80,19,34,49,52,96,92,55,21,63,33,98,94,22,28,8,29,77,5,67,24,99,30,12,40,83,41,32,79,89,42,60,50,81,6,78,39,7,61,23,1,31,71,46,4,65,14,68,54,13,51,44,15,90,0,26,88,87,86,47,70,25,72,37,66,35,20,74,69,11,53,56,91,97,58,82,45,9,84,10,3,2,76,59,73,95,36,18,93,85
43,17,42,80,33,40,38,29,64,48,82,19,96,91,23,5,92,55,21,63,67,98,20,13,28,78,90,77,89,49,24,99,30,12,2,71,41,32,79,1,8,60,74,31,6,81,39,7,57,0,62,27,50,46,4,84,14,68,73,72,51,44,15,36,34,25,88,93,86,47,70,16,65,37,66,35,26,85,69,11,53,56,52,97,58,59,45,83,22,10,3,61,76,9,75,95,94,18,54,87
91,25,28,77,33,40,27,92,64,60,32,19,96,82,23,5,56,55,21,63,94,98,20,1,15,78,38,85,89,18,99,7,87,12,26,71,41,54,83,14,8,30,74,11,52,81,39,79,57,0,53,50,43,46,4,84,2,68,73,42,51,44,31,36,34,80,6,86,72,47,70,16,65,37,88,35,62,49,69,13,66,67,58,97,93,59,45,48,22,10,3,61,76,9,75,95,24,29,90,17
91,53,28,77,33,75,34,76,3,60,32,40,96,21,80,19,56,68,81,63,94,98,20,48,15,78,1,85,89,18,38,12,87,49,26,71,92,65,83,14,0,47,88,11,52,35,39,27,57,37,54,50,43,46,4,84,41,59,73,30,45,44,31,36,82,22,6,86,67,74,70,16,5,64,7,99,62,2,69,13,66,9,58,55,79,8,72,23,42,10,93,61,97,17,51,95,24,29,90,25
91,35,22,17,33,58,34,76,38,60,32,40,96,21,80,70,56,68,81,63,94,3,20,64,61,78,49,85,89,50,19,5,87,92,99,71,12,65,83,18,25,47,88,90,52,11,39,1,57,37,54,6,43,46,4,84,10,59,73,30,45,44,42,51,82,28,41,2,67,62,77,86,29,69,7,36,9,14,0,13,75,53,74,55,79,15,72,23,27,48,93,66,98,8,16,95,24,97,31,26
34,35,22,48,33,16,40,8,38,0,32,58,36,21,80,39,62,28,15,63,94,3,68,64,4,43,49,85,97,20,50,5,10,92,81,71,12,31,83,18,25,47,69,90,91,11,76,1,57,37,75,70,65,46,17,84,87,59,73,54,24,44,42,7,82,60,41,2,67,52,77,86,29,89,88,45,9,14,53,13,96,66,74,55,79,72,51,23,27,19,93,30,98,78,26,95,61,6,99,56
51,35,22,48,74,3,24,73,38,0,60,58,72,36,80,39,49,28,15,20,94,71,68,64,83,79,93,85,97,7,50,17,21,92,81,33,12,31,37,18,25,47,70,90,91,52,84,1,77,6,75,11,65,46,4,99,87,59,56,43,26,44,42,40,82,54,41,2,67,62,63,14,29,23,88,45,9,5,10,13,96,66,53,55,8,16,32,69,27,19,57,30,98,34,78,95,86,89,76,61
71,80,60,22,74,3,13,57,1,62,18,58,72,36,45,7,31,15,88,20,38,52,68,43,33,87,93,0,97,73,50,17,5,92,81,24,12,4,37,32,19,47,69,96,9,64,84,35,51,6,75,11,65,46,70,99,94,59,56,77,26,44,42,40,83,54,41,8,79,85,63,14,29,23,21,48,67,82,10,28,25,66,53,55,49,16,91,2,27,39,90,30,98,34,78,95,86,89,76,61
71,52,72,22,74,3,13,41,1,19,18,70,49,36,45,7,21,10,88,35,5,47,68,43,33,87,93,0,97,73,50,17,69,92,65,24,12,4,81,48,32,60,38,23,64,16,84,37,51,6,85,11,59,53,46,20,30,29,14,62,67,44,25,40,83,54,82,8,96,15,63,79,58,66,9,80,26,75,99,28,56,77,57,55,31,94,91,2,27,39,90,42,98,34,78,95,86,89,76,61
71,52,72,22,74,86,13,41,1,19,59,97,49,15,38,61,21,10,58,35,23,9,3,5,33,39,70,0,32,73,50,17,69,47,65,24,2,4,81,48,76,68,89,45,64,36,84,37,51,6,26,85,27,53,46,20,30,60,14,87,67,44,16,40,99,95,82,8,96,92,93,79,88,66,75,80,28,11,7,29,78,77,18,55,31,94,56,25,83,63,90,62,98,34,42,57,91,12,54,43
94,16,6,22,91,25,13,41,35,19,33,61,21,40,38,20,98,10,58,97,34,9,3,65,96,68,70,7,5,73,32,52,69,47,48,24,2,8,81,76,50,80,89,45,64,36,84,1,51,74,75,85,27,53,49,4,30,60,37,46,67,44,26,54,99,95,82,62,14,92,93,79,23,66,39,56,28,11,77,29,78,17,18,55,31,59,72,71,83,63,90,86,88,0,42,57,15,12,87,43
46,38,96,22,35,25,13,5,47,19,33,61,20,6,99,53,28,10,58,97,21,18,3,65,32,68,42,7,63,73,86,52,70,34,71,17,2,59,48,76,91,80,98,45,64,36,84,1,72,67,75,85,27,83,49,4,51,89,24,11,81,39,26,54,40,44,37,62,14,92,93,79,23,66,60,56,16,9,82,29,78,94,50,55,31,69,8,41,74,30,90,77,88,0,95,57,15,12,87,43
46,90,96,22,51,14,73,67,13,19,44,59,4,6,74,36,28,10,58,61,21,86,3,25,47,68,42,7,63,95,33,11,70,34,71,62,5,93,48,76,97,80,98,45,69,87,84,1,72,83,75,85,27,17,49,77,0,30,24,18,99,39,26,92,40,54,65,64,81,82,53,35,23,66,60,56,16,9,2,29,38,94,50,55,32,31,8,41,79,89,20,52,88,91,78,57,15,12,37,43
41,90,96,83,51,72,73,34,23,19,44,69,4,6,74,36,28,10,58,61,21,14,3,25,47,15,42,60,78,38,33,2,70,67,43,62,5,99,93,71,97,80,98,45,27,32,77,1,17,11,75,85,79,95,81,9,0,30,24,18,87,39,26,92,37,54,65,64,13,31,53,88,82,66,22,89,16,63,84,29,48,7,55,86,76,68,8,35,46,40,20,52,50,91,49,57,59,12,56,94
34,93,96,84,31,99,73,27,23,52,44,80,4,26,74,17,28,69,51,19,21,76,3,25,47,15,1,87,78,38,42,88,70,67,43,92,5,82,35,71,54,61,85,45,32,41,90,39,2,11,33,83,79,95,81,9,36,30,24,62,58,48,14,10,37,77,65,97,13,0,53,89,72,66,22,68,16,63,50,29,98,7,55,86,60,6,8,75,46,40,20,64,18,91,49,57,59,12,56,94
34,1,85,84,49,71,73,32,23,98,89,80,4,26,11,96,78,69,95,79,63,9,3,75,74,28,76,53,87,38,42,88,70,68,20,92,5,82,35,64,54,61,25,45,67,41,90,39,2,44,33,15,93,46,81,30,21,31,24,62,58,48,14,10,0,77,65,99,13,43,56,86,72,66,51,37,16,17,50,29,47,7,36,83,60,6,8,19,55,40,94,22,18,91,97,57,59,12,27,52
34,13,85,76,49,71,16,53,23,98,89,1,4,26,5,96,50,68,95,79,63,72,3,75,74,47,32,81,87,69,48,55,70,82,24,84,15,97,35,64,54,22,40,45,67,61,90,39,2,21,33,66,36,46,20,30,80,31,6,62,58,44,14,10,0,77,42,99,29,43,56,88,38,73,51,37,86,17,12,7,78,57,28,83,60,92,8,94,9,19,93,41,18,91,11,25,59,65,27,52
34,19,85,1,20,89,76,55,23,98,71,84,4,60,5,77,50,68,95,79,63,37,78,30,74,47,86,81,87,69,46,41,16,2,24,31,15,43,35,82,83,92,40,45,44,22,90,39,3,21,33,75,36,72,70,9,80,59,6,62,58,66,48,10,0,96,42,7,29,99,56,88,38,73,51,54,14,17,12,18,64,57,28,67,52,26,8,97,13,94,93,53,61,91,11,25,32,65,27,49
43,19,17,64,34,87,76,7,85,1,18,84,4,60,21,77,50,68,12,79,6,37,78,30,74,47,86,42,31,69,46,41,53,2,45,71,58,48,10,9,83,40,91,16,44,22,90,39,3,70,33,75,81,72,94,56,82,59,55,62,93,8,89,80,0,96,92,15,63,99,95,20,38,73,51,54,36,14,66,29,5,57,24,67,52,26,35,97,13,88,23,28,61,98,11,25,32,65,27,49
