0,1,2,3,4,5,6,7,8,9,10,11,12,13,14,15,16,17,18,19,20,21,22,23,24,25,26,27,28,29,30,31,32,33,34,35,36,37,38,39,40,41,42,43,44,45,46,47,48,49,50,51,52,53,54,55,56,57,58,59,60,61,62,63,64,65,66,67,68,69,70,71,72,73,74,75,76,77,78,79,80,81,82,83,84,85,86,87,88,89,90,91,92,93,94,95,96,97,98,99
0,1,2,3,4,5,6,7,8,9,10,11,12,13,14,15,81,17,18,19,20,21,22,23,69,25,26,27,28,29,30,31,32,33,34,52,36,37,38,39,40,41,42,43,44,45,46,47,48,49,50,51,94,53,54,55,56,57,58,59,60,61,62,63,64,65,66,24,68,16,70,71,72,73,74,75,76,77,78,79,97,80,82,83,84,85,86,87,88,89,90,91,92,93,35,95,96,67,98,99
0,1,2,3,4,62,6,7,24,9,10,11,12,49,14,15,81,17,18,19,20,21,22,53,69,25,26,27,28,29,30,31,32,33,34,52,36,37,38,39,40,41,42,43,44,23,46,47,48,45,50,51,94,13,54,55,56,57,58,59,60,61,77,63,64,65,66,8,68,16,70,71,72,73,74,75,76,5,78,79,97,80,82,83,84,85,86,87,88,89,90,91,92,93,35,95,96,67,98,99
0,1,2,13,4,62,6,7,24,14,10,11,12,49,56,15,81,17,18,19,20,21,22,53,69,25,26,27,28,29,39,31,32,33,34,52,36,91,38,37,40,41,42,43,44,23,46,47,48,45,50,51,94,3,54,55,30,57,58,59,60,61,77,63,64,65,66,8,68,16,70,71,72,73,74,75,76,5,78,79,97,80,82,83,84,85,86,87,9,89,90,88,92,93,35,95,96,67,98,99
0,1,2,13,4,62,6,7,24,14,85,11,12,49,56,15,81,17,18,19,20,21,22,53,69,83,26,27,28,29,39,31,32,33,34,52,94,91,38,37,40,41,42,43,44,23,46,47,48,30,50,51,25,3,54,55,88,57,58,59,60,61,77,63,64,65,66,8,68,16,70,71,72,73,74,75,76,5,78,79,97,80,82,45,84,87,86,10,9,89,90,36,92,93,35,95,96,67,98,99
0,1,2,13,4,62,6,7,24,14,85,11,12,5,56,48,81,17,18,19,20,21,22,53,69,83,26,27,28,29,49,31,32,33,34,52,94,91,38,37,40,41,42,36,44,23,46,47,99,30,50,51,25,3,54,55,88,57,58,59,60,61,77,63,64,65,66,8,79,16,70,71,72,73,74,75,76,39,78,68,97,80,82,45,84,87,86,10,9,89,90,43,92,93,35,95,96,67,98,15
30,76,2,13,4,62,6,7,24,14,66,11,12,5,56,48,81,17,18,19,20,21,22,53,69,83,26,27,28,29,49,31,32,33,34,0,1,91,38,37,40,41,42,36,44,23,46,47,99,85,50,51,25,3,54,55,88,57,58,59,60,61,77,63,64,65,52,8,79,16,70,71,72,74,73,75,94,39,78,68,97,80,82,45,84,87,86,10,9,89,90,43,92,93,35,95,96,67,98,15
30,76,2,13,4,62,6,7,69,14,66,11,12,5,56,48,81,17,67,19,20,21,22,53,18,83,26,27,28,29,49,31,32,33,34,0,1,91,38,37,40,41,42,36,44,23,46,47,99,85,50,51,25,3,54,55,80,57,58,59,60,61,77,94,64,65,52,8,79,16,70,71,72,74,73,75,89,39,78,68,97,63,82,45,84,87,86,10,9,24,90,43,92,93,35,95,96,15,98,88
30,76,2,13,4,38,6,7,69,14,66,11,12,5,56,48,81,17,73,19,20,21,22,53,18,83,26,27,28,29,49,31,32,33,34,0,1,91,62,37,40,41,42,36,44,23,46,47,99,85,50,51,25,88,54,55,80,57,58,59,60,61,77,94,64,65,52,8,79,16,70,71,72,74,89,75,45,39,78,68,97,63,82,15,84,87,86,10,9,24,67,43,92,93,35,95,96,90,98,3
30,76,2,13,4,38,6,7,69,14,66,11,12,5,56,48,81,17,73,19,20,59,22,53,18,83,26,27,28,29,49,31,32,58,34,0,1,91,62,37,40,41,42,36,44,23,46,47,99,21,50,51,25,88,79,55,80,57,54,33,60,61,85,94,64,65,52,8,77,16,70,71,72,74,89,10,45,39,78,68,97,63,82,15,84,87,86,75,9,24,67,43,92,93,35,95,96,90,98,3
30,76,2,13,4,38,6,7,9,14,66,11,12,5,56,48,81,17,73,19,20,59,22,53,18,83,26,27,28,88,49,31,25,58,34,0,1,91,62,37,57,41,42,36,44,23,46,47,99,21,29,50,40,69,79,55,80,51,54,33,60,61,85,94,64,65,52,8,77,16,70,71,72,74,89,10,45,39,78,68,97,63,82,15,84,87,86,75,32,24,67,43,92,93,35,95,96,90,98,3
30,76,2,13,4,38,6,7,9,14,66,11,12,5,56,48,64,17,73,19,20,59,22,53,18,83,26,27,28,88,98,31,49,58,34,0,1,91,62,37,57,41,42,36,44,23,46,47,99,21,29,50,40,69,79,55,80,51,54,33,60,61,85,94,25,65,52,8,77,16,70,71,72,74,89,10,45,39,78,68,97,93,82,63,84,87,86,75,32,24,67,43,92,15,35,95,96,81,3,90
30,76,2,13,4,38,6,7,9,14,66,11,12,5,42,48,64,17,73,19,20,59,22,53,18,83,26,56,28,88,98,31,49,58,34,0,1,91,62,37,57,41,36,29,44,86,46,47,99,21,70,50,40,69,79,55,80,51,54,33,60,61,85,94,25,65,52,8,77,16,23,71,72,74,89,10,45,39,78,68,27,93,97,63,84,87,82,75,32,24,67,43,92,15,35,95,96,81,3,90
30,76,2,13,4,38,6,7,9,14,66,11,12,5,42,48,64,37,73,19,20,59,22,54,18,83,26,56,28,88,84,31,49,58,34,0,1,91,62,53,57,41,36,29,44,86,46,47,99,21,70,50,40,69,27,55,80,51,10,33,60,61,85,94,25,65,52,8,77,16,23,71,72,74,89,98,45,39,78,68,17,93,79,63,97,87,82,75,32,24,67,43,92,15,35,95,96,81,3,90
42,76,2,13,4,38,6,7,9,30,66,11,12,5,3,48,64,37,73,19,20,59,22,36,18,83,26,56,28,88,84,31,49,58,34,0,1,91,62,53,57,41,77,29,44,86,46,47,99,67,70,50,40,69,27,55,80,51,10,33,60,61,85,94,25,65,52,8,54,16,23,71,72,74,89,98,45,39,78,68,17,93,79,63,97,87,82,75,32,24,43,14,92,15,35,95,96,81,21,90
23,76,2,13,4,38,6,7,9,75,66,11,12,5,88,48,64,37,73,19,20,59,22,36,18,83,26,56,28,32,84,31,49,58,34,0,1,91,62,53,57,42,77,29,44,86,46,47,99,67,92,50,40,69,27,55,80,51,10,33,60,61,85,94,25,65,52,8,54,16,70,71,72,74,89,98,45,39,78,68,17,93,79,63,97,87,82,3,41,24,43,14,30,15,35,95,96,81,21,90
23,76,86,13,4,38,6,7,9,75,66,11,12,5,88,48,64,37,73,19,20,59,22,36,18,83,26,56,28,32,84,31,2,58,34,0,1,91,62,53,57,42,77,29,98,70,46,47,99,67,92,50,40,69,27,55,80,51,93,33,60,61,85,49,25,65,52,94,54,16,10,71,72,74,89,8,45,39,78,68,17,44,79,63,97,87,82,3,41,24,43,14,30,15,35,95,96,81,21,90
23,76,86,13,4,38,6,7,9,75,42,11,12,5,88,48,64,37,73,19,20,59,22,36,18,83,26,56,28,32,52,31,2,58,34,0,1,91,62,53,57,3,77,29,98,70,46,47,99,67,92,50,40,69,80,55,65,51,93,33,60,27,85,49,25,61,66,94,54,16,10,71,72,74,89,8,45,39,78,68,17,44,79,63,97,84,82,87,41,24,43,14,30,15,35,95,96,81,21,90
23,76,86,20,4,38,13,7,9,75,42,11,12,5,88,48,64,37,73,19,87,59,22,36,18,83,26,56,28,32,52,31,2,58,34,0,6,91,29,53,57,3,77,69,98,70,46,47,99,67,92,50,40,35,80,55,65,51,93,33,60,27,85,49,62,61,66,94,54,16,10,71,72,74,89,8,45,39,78,68,17,44,79,63,97,84,82,1,41,24,43,14,30,15,25,95,96,81,21,90
23,76,86,20,4,38,13,7,9,75,42,11,12,5,88,48,64,37,73,19,87,59,22,36,18,83,26,56,28,32,52,77,2,58,34,0,6,91,29,53,57,3,25,69,98,70,46,47,99,67,92,50,40,35,80,55,21,51,93,33,60,27,85,49,65,61,66,94,54,16,89,71,72,74,41,8,45,39,78,68,10,44,79,63,97,84,82,1,17,24,43,14,30,15,31,95,96,81,62,90
23,76,86,20,4,38,13,7,9,70,84,11,12,5,88,48,64,37,73,19,87,59,22,36,18,83,26,56,28,32,52,77,2,82,34,0,6,51,29,53,57,42,25,69,98,91,46,47,99,67,92,50,40,35,80,55,21,96,93,33,60,27,85,49,65,61,66,94,54,16,89,71,72,74,41,8,45,39,78,68,10,44,79,63,97,3,75,1,17,24,43,14,30,15,31,95,58,81,62,90
23,76,86,20,4,38,13,7,9,24,84,11,12,5,88,48,64,37,73,19,87,70,22,97,18,83,26,56,28,32,52,77,2,82,91,0,6,51,29,53,57,42,25,69,98,34,46,47,99,67,92,50,40,35,80,55,21,75,93,33,60,27,85,49,65,61,66,94,54,16,89,71,72,74,41,8,45,39,78,68,10,44,79,63,3,59,96,1,17,36,43,14,30,15,31,95,58,81,62,90
23,76,72,20,4,38,13,7,9,24,84,11,12,5,88,48,64,37,73,19,87,70,22,97,18,83,26,56,28,32,52,77,2,82,91,0,6,51,29,53,80,42,25,69,98,34,46,47,99,67,92,50,40,35,95,55,21,75,93,33,60,27,85,49,65,61,43,94,54,16,89,57,71,74,41,8,45,39,78,68,10,86,79,63,3,59,66,1,17,36,96,14,30,15,31,44,58,81,62,90
23,76,72,20,4,38,13,7,9,24,84,11,12,5,88,48,64,37,73,19,39,70,22,97,18,83,26,56,28,32,52,77,2,82,91,43,6,51,29,78,0,42,25,69,98,34,46,47,99,67,92,50,40,35,95,55,21,75,93,33,60,27,85,49,65,61,80,94,54,16,89,30,71,74,41,8,45,57,68,87,10,86,79,63,3,59,66,1,17,36,96,14,53,15,31,44,58,81,62,90
23,76,72,20,4,38,13,7,9,24,84,11,12,5,88,48,64,37,73,19,39,70,22,8,50,83,26,56,28,32,52,77,2,82,91,43,6,51,99,78,0,42,25,1,98,34,46,47,94,67,92,97,40,35,95,55,21,75,93,33,60,27,85,49,65,61,80,57,54,16,89,30,71,74,41,29,45,69,68,87,10,86,79,63,3,59,66,18,17,36,96,14,53,15,31,44,58,81,62,90
23,76,16,20,4,38,13,7,9,24,84,47,12,5,88,48,64,37,73,19,39,70,96,8,50,83,26,56,28,32,52,77,2,82,91,43,6,51,99,78,0,42,15,1,98,34,46,72,94,67,92,97,40,35,95,55,21,11,93,33,60,27,85,49,65,61,80,57,54,31,89,30,71,74,41,29,45,69,68,87,10,86,79,63,3,59,66,18,17,36,75,14,53,25,22,44,58,81,62,90
23,76,16,20,4,38,13,7,9,24,84,47,12,5,88,77,64,37,73,19,39,70,28,8,50,83,26,56,53,32,52,48,2,82,91,43,6,51,99,78,0,42,15,1,98,34,46,72,94,67,92,97,40,35,95,55,21,11,93,33,60,27,85,49,65,61,80,57,54,31,89,30,71,74,41,29,45,96,68,87,44,86,79,69,3,10,66,18,17,36,75,14,59,25,22,63,58,81,62,90
23,76,16,20,4,38,13,7,9,24,84,47,12,5,88,77,30,37,73,19,39,70,28,8,79,82,65,56,53,32,52,48,2,83,91,43,6,51,99,78,0,42,15,1,98,34,46,72,94,67,92,97,40,35,95,55,21,11,93,33,60,27,85,49,50,61,80,57,54,31,89,64,71,74,41,29,45,96,68,87,44,86,62,69,3,10,66,18,17,36,75,14,59,25,22,63,58,26,81,90
23,76,16,20,4,38,13,7,9,24,84,47,12,5,88,77,93,37,73,19,39,70,28,8,79,82,65,56,53,32,52,48,2,83,91,43,6,51,71,78,0,42,15,1,98,30,46,72,94,67,92,97,40,35,95,55,21,11,44,33,61,27,85,49,50,74,80,57,54,31,89,64,75,60,41,29,45,96,68,87,99,86,62,69,3,10,66,18,17,36,34,14,59,25,22,63,58,26,81,90
23,76,16,20,4,38,13,81,9,24,84,32,12,5,88,77,93,37,73,2,39,70,28,8,79,82,65,56,22,69,52,48,44,83,91,43,6,51,71,78,0,42,15,1,98,30,46,72,94,67,92,97,40,35,95,55,21,11,7,33,61,27,85,49,50,74,80,57,54,31,89,64,75,60,41,29,45,96,68,87,99,86,62,47,3,10,66,18,17,36,34,14,59,25,19,63,58,26,53,90
23,76,16,20,4,38,13,81,9,24,84,18,12,5,88,77,93,37,73,2,39,70,28,8,79,82,65,56,22,69,52,32,44,83,48,43,6,51,71,78,0,42,15,1,98,30,46,72,94,67,92,97,40,35,95,55,21,11,19,33,61,27,85,49,91,7,53,57,54,31,89,64,75,60,41,29,45,96,68,87,99,86,62,47,3,10,66,50,17,36,34,14,59,25,74,63,58,26,80,90
23,76,16,20,4,50,13,81,9,24,84,18,12,38,88,77,93,37,73,2,39,70,28,8,79,30,65,56,22,69,52,32,44,83,48,43,6,51,71,78,0,42,15,1,98,5,46,91,94,67,92,75,40,35,95,55,21,11,19,33,61,27,85,49,72,7,53,57,54,31,89,64,82,60,41,29,97,96,68,87,99,86,62,47,3,10,66,45,17,36,34,14,59,25,74,63,58,26,80,90
23,76,16,20,4,50,13,81,9,10,84,18,12,78,88,77,93,37,73,2,39,70,28,8,79,30,65,56,22,69,38,32,44,83,48,43,85,51,71,75,0,42,15,1,98,5,46,91,94,67,92,6,40,35,95,55,59,11,19,33,61,27,52,49,72,7,53,57,54,31,89,64,82,60,41,29,97,96,68,87,99,86,62,47,3,24,66,45,17,36,34,14,21,25,74,63,58,26,80,90
23,76,16,20,4,50,13,81,93,10,84,18,12,78,88,77,11,37,73,2,39,70,28,8,79,30,65,56,22,69,38,32,44,83,48,43,85,51,71,75,9,42,15,1,98,5,46,91,94,67,97,87,40,35,95,55,59,89,19,33,61,27,52,49,72,7,53,57,54,31,92,64,82,60,41,29,6,96,68,26,99,86,62,47,3,24,66,45,17,36,34,14,21,25,74,63,58,0,80,90
23,76,16,20,4,50,87,81,93,10,84,18,12,78,88,77,11,37,73,2,39,70,28,8,79,30,65,56,22,69,57,32,44,83,48,43,85,51,31,75,9,42,15,68,98,5,92,91,94,67,97,1,40,35,95,55,59,89,19,33,61,27,52,49,72,7,53,71,54,46,38,64,82,60,41,29,6,96,13,26,99,86,62,47,3,24,66,45,17,36,34,14,21,25,74,63,58,0,80,90
23,76,92,20,4,50,87,81,93,10,84,18,12,78,88,77,11,37,73,2,39,29,28,8,79,30,65,56,96,69,57,32,44,83,48,43,85,51,31,75,9,42,25,68,98,5,15,91,94,67,97,1,40,35,95,55,59,89,22,33,61,27,52,49,72,7,53,71,54,46,38,64,82,60,41,70,6,16,13,26,99,86,62,47,3,19,66,45,17,36,34,14,21,24,74,63,58,0,80,90
23,76,92,20,4,50,87,91,93,81,84,18,12,78,88,77,11,37,73,2,49,29,28,8,79,30,65,56,75,69,57,32,58,83,48,43,85,51,31,80,9,42,25,68,98,5,15,10,94,67,97,1,40,35,95,55,59,89,22,33,61,27,52,44,72,7,53,71,54,46,38,64,82,60,41,70,6,16,13,26,99,86,62,47,3,19,66,45,17,36,34,14,21,24,74,63,96,0,39,90
23,18,92,20,4,50,87,91,93,81,84,1,12,5,88,77,11,37,94,76,49,29,28,8,79,30,65,56,75,69,57,32,58,83,48,17,85,51,31,80,9,42,25,68,98,2,15,10,78,67,97,43,40,35,95,55,59,89,22,33,61,27,52,44,72,7,53,71,54,46,38,64,82,60,41,70,6,16,13,26,99,86,62,47,3,19,66,45,73,36,34,14,21,24,74,63,96,0,39,90
23,18,92,20,4,50,87,91,93,81,84,74,11,5,88,77,27,37,94,76,49,29,28,8,79,30,65,54,75,69,57,32,58,83,48,17,85,51,31,80,9,42,25,68,98,2,15,10,78,67,97,43,40,35,95,55,59,89,22,33,61,56,52,44,72,7,53,71,3,46,38,64,82,60,41,70,6,16,13,26,99,86,12,47,24,19,66,45,73,36,34,14,21,62,1,63,96,0,39,90
23,18,92,20,4,73,87,91,93,81,84,74,37,5,88,77,27,70,94,76,49,29,11,98,79,30,65,54,75,69,57,32,58,83,48,17,85,51,31,80,9,42,25,68,8,2,15,10,78,67,97,43,40,35,95,55,59,89,22,21,61,56,52,44,72,7,53,71,3,46,38,64,82,60,41,28,6,16,13,26,99,86,12,47,24,19,66,45,33,36,34,14,50,62,1,63,96,0,39,90
23,18,92,20,4,73,58,16,93,81,84,74,37,5,88,77,27,70,94,60,49,29,11,98,79,30,65,54,75,69,57,32,15,83,48,17,85,51,31,38,9,42,25,68,8,2,41,10,78,67,97,43,40,35,95,55,59,89,22,21,61,56,52,44,72,7,53,71,3,46,91,64,82,87,80,28,6,76,13,26,99,86,12,47,24,19,66,45,33,36,34,14,50,62,1,63,96,0,39,90
23,18,92,20,4,73,58,16,93,81,84,74,37,5,88,62,27,28,21,60,49,29,11,98,79,30,65,54,75,69,57,32,15,83,48,17,85,51,31,38,9,42,25,68,8,2,41,10,78,67,97,43,40,35,95,55,59,89,22,46,61,56,52,44,72,7,53,71,3,64,77,91,82,87,80,70,6,76,13,94,99,86,12,47,24,19,66,45,33,36,34,14,50,26,1,63,96,0,39,90
23,18,92,20,4,73,58,16,93,81,84,74,37,5,88,62,27,28,21,60,49,29,6,98,79,30,65,54,75,69,57,53,2,83,48,17,85,51,31,38,9,42,25,68,8,15,41,10,78,47,97,43,40,35,95,55,59,89,22,46,61,56,52,44,72,7,50,71,3,64,77,91,82,87,80,70,19,76,13,94,99,86,12,11,24,32,66,45,33,36,34,14,67,26,1,63,96,0,39,90
23,18,92,20,4,73,58,16,93,81,84,74,37,78,88,62,27,28,21,60,49,29,6,98,79,30,65,54,75,69,57,53,2,83,48,17,85,51,31,38,67,42,25,68,8,15,41,86,9,47,82,43,40,35,95,55,59,89,22,46,61,56,52,44,72,5,50,71,3,64,77,10,97,87,80,70,19,76,13,94,99,7,12,11,24,32,66,45,33,36,34,14,91,26,1,63,96,0,39,90
89,18,92,20,4,73,58,16,93,81,84,74,37,78,88,57,27,28,43,60,49,29,6,98,79,30,65,54,75,69,62,53,2,24,48,17,85,51,31,38,67,42,25,68,8,15,41,86,9,47,82,21,40,35,95,55,59,83,22,46,61,56,52,44,72,5,50,45,3,64,77,10,97,87,80,70,19,76,13,94,99,7,12,11,71,32,66,23,33,36,34,14,91,26,1,63,96,0,39,90
60,18,92,20,4,68,58,16,93,81,84,74,37,78,88,57,27,28,43,73,49,29,6,64,79,30,65,54,89,69,62,53,2,24,48,17,85,51,31,38,67,42,98,94,8,15,41,86,9,47,82,21,40,35,95,55,59,83,22,46,61,56,52,44,72,5,50,45,3,14,77,10,97,87,80,70,19,76,13,25,99,7,12,11,71,32,66,23,33,36,34,75,91,26,1,63,96,0,39,90
57,18,92,20,63,68,58,16,93,81,84,74,37,78,88,28,27,4,43,73,49,29,6,64,79,30,65,54,42,69,62,53,2,24,48,17,85,51,31,38,67,50,98,94,8,15,41,86,9,47,82,21,40,35,95,55,59,83,22,46,61,56,52,44,72,5,96,45,3,14,77,10,97,87,80,70,19,76,13,25,99,7,60,11,71,32,66,23,33,36,34,75,91,26,1,89,12,0,39,90
57,21,92,20,63,22,58,16,93,81,84,74,37,78,88,28,27,4,43,73,49,29,6,64,97,30,65,54,42,69,62,53,40,24,48,17,85,51,61,38,67,50,98,94,8,15,41,86,9,47,82,18,2,35,95,55,59,83,79,46,31,56,52,44,72,5,96,45,3,14,77,10,68,87,80,70,19,76,13,25,99,7,60,11,71,32,66,23,33,36,34,75,91,26,1,89,12,0,39,90
57,21,92,20,63,22,58,16,15,81,84,74,37,78,88,28,27,4,43,73,49,29,6,64,97,30,65,54,42,69,62,53,40,33,24,17,85,51,61,56,68,50,98,94,8,38,41,86,9,47,82,18,2,35,95,93,59,83,79,46,31,48,52,44,72,5,96,45,3,14,77,10,55,87,80,70,19,76,13,25,99,7,60,11,71,32,66,23,67,36,34,75,91,26,1,89,12,0,39,90
57,46,92,20,63,22,77,16,15,81,84,74,37,78,88,28,27,4,43,73,49,29,6,64,97,30,65,54,91,69,62,53,40,33,24,17,85,51,61,56,68,50,98,94,8,38,41,86,9,47,82,18,2,35,95,21,59,83,79,42,31,48,44,52,93,5,96,45,3,14,72,10,55,87,80,70,19,76,13,25,99,7,60,11,71,32,66,23,67,36,34,75,58,26,1,89,12,0,39,90
57,46,92,20,63,22,77,16,15,37,84,74,52,78,88,28,27,4,43,73,49,29,6,64,89,72,65,54,91,69,62,53,40,33,24,17,85,51,61,56,81,50,98,94,8,38,41,86,9,47,82,18,2,35,95,21,59,83,79,42,31,48,44,97,93,5,68,45,3,14,96,10,55,87,80,70,19,76,13,25,99,7,60,30,71,32,66,23,67,36,34,75,58,26,1,11,12,0,39,90
57,46,92,20,53,22,77,16,15,37,84,74,52,78,88,28,27,4,43,73,82,29,6,64,89,72,65,54,91,49,62,80,40,33,24,17,85,51,61,56,81,50,98,94,8,38,41,86,9,47,60,18,2,35,95,21,59,83,79,42,31,48,44,97,93,5,68,45,3,69,96,10,55,87,14,70,19,76,13,25,99,7,11,30,71,32,66,23,67,36,34,63,58,26,1,75,12,0,39,90
57,46,92,20,53,22,77,16,15,37,84,74,52,78,88,28,27,4,43,73,82,29,6,64,89,72,65,54,91,49,9,80,40,33,24,17,85,51,61,56,81,50,98,94,8,47,41,86,55,38,95,18,2,35,14,21,59,83,79,42,31,48,44,97,93,5,68,45,3,69,96,10,58,87,36,70,19,76,13,25,99,7,11,30,71,32,66,23,67,60,34,63,62,26,1,75,12,0,39,90
57,46,92,20,53,22,77,16,15,37,84,56,52,78,88,28,27,4,43,73,82,29,6,64,89,72,65,54,91,49,9,80,40,33,45,17,85,51,61,41,81,50,98,94,8,47,24,86,55,38,95,18,2,35,14,21,58,83,79,42,31,48,44,97,93,5,59,74,71,69,96,10,3,87,36,70,19,76,13,25,99,7,11,30,68,32,66,23,67,60,34,63,62,26,1,75,12,0,39,90
57,46,92,65,53,22,77,16,1,37,84,56,52,78,88,41,27,7,43,73,14,29,6,64,89,72,4,54,91,49,9,80,40,33,45,17,85,51,61,82,81,50,98,94,8,47,24,86,55,38,95,18,2,35,20,21,58,83,79,42,31,48,44,97,93,5,59,74,71,69,96,10,3,87,36,70,19,76,13,25,99,28,11,30,68,32,66,23,67,60,34,63,62,26,15,75,12,0,39,90
57,46,92,65,53,22,77,16,1,37,84,64,52,78,88,41,18,7,43,73,14,29,24,30,89,72,4,54,91,49,9,80,40,33,45,17,85,51,61,26,81,50,98,94,8,47,27,86,55,56,95,6,2,35,20,21,58,83,79,42,31,48,44,97,93,5,59,74,71,69,96,10,3,87,36,70,19,76,13,25,99,28,11,38,68,32,66,23,67,60,34,63,62,82,15,75,12,0,39,90
57,46,92,65,55,22,77,16,1,31,84,64,52,90,88,41,18,7,43,73,14,29,24,30,89,72,53,54,91,49,9,80,40,33,45,17,85,51,61,26,81,50,98,94,8,47,27,86,78,56,95,6,2,35,20,21,58,83,79,42,4,48,44,97,93,5,60,74,71,69,96,10,3,87,36,70,59,76,13,25,99,28,11,38,68,32,66,23,67,19,34,63,62,82,15,75,12,0,39,37
57,46,92,65,55,22,77,16,1,31,84,64,52,90,88,41,11,7,43,62,14,29,24,30,89,72,53,54,91,49,9,80,40,33,45,17,85,51,61,26,81,50,37,94,8,47,73,86,78,98,95,6,2,35,20,21,58,83,79,42,4,48,44,97,93,5,60,74,71,69,18,10,3,87,36,70,59,76,13,25,96,28,27,38,68,32,66,23,67,19,34,63,99,82,15,75,12,0,39,56
83,46,92,65,55,22,18,16,1,31,84,64,52,90,88,4,11,7,43,62,14,29,24,30,89,72,53,54,91,49,9,80,40,33,45,17,85,51,61,26,81,50,74,94,28,47,73,86,78,98,95,6,2,35,20,21,58,77,79,42,57,48,44,97,93,5,60,8,71,69,37,10,3,87,36,70,59,76,13,25,96,41,27,38,68,32,66,23,67,19,34,63,99,82,15,75,12,0,39,56
83,46,59,65,55,22,18,16,1,31,84,64,52,90,88,4,11,7,43,62,14,24,39,30,89,72,53,54,91,49,9,80,40,33,45,17,76,51,61,26,81,50,74,94,28,47,73,85,78,98,95,6,2,35,20,21,58,77,79,42,57,48,44,97,93,5,60,8,71,69,37,10,3,87,36,70,13,92,29,25,86,41,27,38,68,32,66,23,67,19,34,63,99,82,15,75,12,0,96,56
83,46,63,65,55,22,18,16,59,31,84,64,52,90,88,4,11,7,43,62,14,24,39,30,89,72,53,54,91,49,1,80,40,33,45,17,27,51,61,26,81,50,74,94,28,47,73,85,78,98,95,6,2,35,29,21,58,77,20,42,57,48,44,97,93,5,60,8,71,69,37,10,3,9,36,70,13,92,79,25,86,41,76,38,68,32,66,23,67,19,34,87,99,82,15,75,12,0,96,56
83,46,69,65,55,22,18,16,59,97,84,64,52,90,88,4,11,7,43,62,14,24,39,30,89,72,53,54,91,49,1,80,40,33,45,17,63,51,61,26,81,50,74,94,85,47,73,27,78,98,95,6,2,35,29,21,58,77,20,75,57,48,44,31,93,5,60,8,71,42,37,10,3,9,36,70,28,92,79,25,86,41,76,38,68,32,66,23,67,19,34,87,99,82,15,13,12,0,96,56
83,46,69,65,55,22,18,16,59,97,84,64,52,90,27,4,11,7,43,62,88,24,39,30,89,86,53,54,91,14,1,80,49,33,45,17,63,51,61,26,81,50,74,94,85,47,73,67,78,98,95,6,2,35,29,21,58,77,20,72,57,48,44,31,93,5,60,8,40,42,37,10,3,9,36,70,28,92,79,25,71,41,76,38,68,32,66,23,75,19,34,87,99,82,15,13,12,0,96,56
83,46,69,65,55,22,18,16,59,97,84,64,52,90,1,4,11,7,43,62,88,24,39,30,89,86,53,54,91,14,3,80,49,33,45,17,63,75,61,26,81,50,74,94,19,47,13,67,78,98,95,6,2,35,29,21,58,77,20,72,57,48,44,31,93,5,60,8,40,42,37,10,27,9,36,70,28,92,79,25,71,41,51,38,68,32,66,23,85,76,34,87,99,82,15,73,12,0,96,56
83,46,69,65,55,22,18,62,59,97,84,64,52,90,1,4,11,7,43,67,88,24,39,30,89,86,53,54,91,14,3,80,49,33,45,94,63,75,61,26,81,50,74,57,19,47,13,17,78,98,95,6,2,35,29,21,31,77,20,72,34,48,44,66,93,5,60,8,40,42,37,10,27,9,36,70,28,92,79,25,71,41,51,38,68,32,16,23,85,76,58,87,99,82,15,73,12,0,96,56
83,46,69,65,55,22,18,4,59,97,84,64,25,90,1,96,11,7,43,67,88,24,39,54,89,86,53,52,91,14,3,80,49,33,45,94,63,75,61,26,81,50,74,57,58,47,13,17,78,98,95,6,2,35,29,21,31,77,20,72,34,48,44,66,93,5,60,8,40,42,37,10,27,9,36,70,28,92,79,62,71,41,51,38,68,32,16,23,85,76,82,87,99,30,15,73,12,0,19,56
83,46,69,65,55,22,18,4,59,97,20,64,25,90,1,96,11,7,43,67,88,24,39,54,89,86,53,52,91,14,3,80,49,33,45,94,63,16,61,26,81,35,74,57,58,6,13,17,78,98,95,50,2,37,29,21,31,77,75,72,34,48,44,66,93,5,60,8,40,42,47,10,27,9,36,70,28,92,79,62,71,41,51,38,68,32,0,23,85,76,82,87,99,30,15,73,12,84,19,56
83,46,69,65,55,22,18,4,59,97,20,64,25,90,1,96,11,7,43,67,95,24,39,54,82,86,53,52,91,14,3,80,49,33,45,94,63,16,61,26,81,35,74,57,58,6,13,17,78,98,2,50,88,37,29,21,31,77,75,72,34,48,44,66,93,5,60,8,40,42,47,10,27,9,36,70,28,92,84,62,71,41,79,38,68,32,0,23,85,30,76,87,99,89,15,73,12,51,19,56
83,46,69,65,55,22,18,75,59,97,20,64,25,90,94,96,11,7,43,67,95,24,39,54,82,86,53,52,91,14,13,80,49,33,45,1,63,16,61,26,81,35,74,57,58,6,3,17,78,98,2,50,88,37,29,21,31,44,41,72,34,48,99,66,93,5,60,8,40,42,47,10,27,9,36,70,28,92,84,62,71,77,79,38,68,32,0,23,85,30,76,87,4,89,15,73,12,51,19,56
83,46,69,65,55,22,18,75,59,74,20,64,25,90,94,96,11,7,43,67,95,24,39,54,82,86,53,52,80,14,13,91,49,33,45,1,63,16,61,26,81,35,8,57,58,6,3,17,78,98,2,50,88,37,29,21,31,44,41,72,34,48,99,66,93,5,60,97,89,42,47,40,27,9,36,10,28,92,70,62,71,77,79,38,68,32,0,23,85,30,76,87,4,84,15,73,12,51,19,56
83,46,69,65,55,22,18,75,59,74,20,64,25,90,94,96,11,7,43,14,95,24,39,54,82,86,53,52,80,5,13,91,49,36,45,1,63,16,61,26,81,35,8,57,58,6,3,17,78,98,2,50,88,37,44,21,38,68,41,72,34,48,99,66,93,33,60,97,89,42,47,40,27,9,31,10,28,92,70,62,71,77,79,29,67,32,0,23,85,30,76,87,4,84,15,73,12,51,19,56
83,46,69,65,55,22,18,75,59,74,72,64,25,90,94,96,11,7,43,14,95,24,39,54,82,86,53,52,80,5,13,91,49,36,45,1,63,16,28,26,81,35,8,57,58,6,3,17,20,98,97,50,88,37,44,21,38,61,41,2,34,48,99,66,93,33,60,85,89,42,47,40,27,9,31,10,77,92,70,62,71,68,79,29,67,32,0,23,78,30,76,87,4,84,15,73,12,51,19,56
83,46,69,65,55,22,18,24,59,74,72,17,25,90,94,96,11,7,43,14,95,75,39,54,82,86,53,52,80,5,13,91,49,36,64,1,63,16,28,26,81,35,8,57,58,6,3,9,45,98,97,50,88,37,44,21,38,61,41,2,34,48,99,66,23,33,60,85,93,42,47,40,27,89,31,10,77,92,70,62,71,68,79,29,67,32,0,20,78,30,76,87,4,84,15,73,12,51,19,56
83,72,69,65,55,22,47,24,59,74,1,17,25,90,94,96,11,7,39,14,95,75,89,54,82,86,53,52,80,5,13,91,49,36,64,27,63,16,28,26,81,35,8,57,58,6,3,9,45,98,97,50,88,37,44,21,38,61,41,2,34,48,99,66,23,33,60,85,93,42,46,40,77,18,31,10,43,92,70,62,71,68,79,29,67,32,0,20,78,30,76,87,4,84,15,73,12,51,19,56
83,72,69,65,55,22,47,24,59,74,1,17,12,90,94,96,11,7,39,14,95,75,89,54,82,86,25,52,80,5,13,91,49,36,64,27,63,16,28,81,70,35,8,57,58,6,3,9,45,98,97,50,88,37,44,0,38,61,41,2,34,48,99,66,23,33,60,51,93,42,46,40,77,18,31,10,43,92,26,62,71,68,79,29,67,32,85,20,78,30,76,87,4,84,15,73,53,21,19,56
83,70,69,65,55,22,47,24,59,74,1,17,12,90,94,96,11,7,39,14,95,75,89,54,82,86,35,52,80,5,13,50,49,36,64,27,63,16,28,81,25,91,8,57,58,6,3,9,45,98,97,38,88,37,44,0,56,61,46,2,34,48,99,66,23,33,60,51,93,42,72,40,77,18,31,10,43,92,26,62,71,68,79,29,67,32,85,20,78,30,76,87,4,84,15,73,53,21,19,41
83,70,69,65,55,22,47,78,59,74,64,17,12,90,94,96,11,27,39,14,84,75,89,54,82,95,35,52,80,5,13,50,49,36,1,66,63,16,28,81,25,91,8,57,58,6,3,9,45,98,97,38,88,37,44,0,56,61,46,2,34,48,99,86,23,33,60,51,93,42,72,40,77,18,31,10,43,92,26,62,71,68,79,29,67,32,85,20,24,30,76,87,4,7,15,73,53,21,19,41
83,70,69,65,55,22,47,25,59,74,64,17,12,90,94,96,11,27,39,14,84,75,89,54,4,95,35,52,80,5,13,50,49,36,78,66,63,16,28,81,1,91,8,57,58,6,3,82,45,98,97,38,88,37,44,0,56,61,46,26,34,48,99,86,23,33,60,51,71,42,72,40,77,18,31,10,43,92,93,62,9,68,79,29,67,32,85,20,24,30,76,87,2,7,15,73,53,21,19,41
83,70,69,65,55,22,47,25,59,74,64,17,12,90,94,96,11,27,39,14,84,75,89,92,4,95,35,52,80,5,38,50,49,36,78,3,63,16,51,81,1,91,8,57,58,6,28,82,45,98,97,37,88,54,44,0,56,61,46,26,34,48,99,86,23,33,60,40,71,42,72,66,77,18,31,10,43,13,93,62,9,68,79,29,67,32,85,20,24,30,76,87,2,7,15,73,53,21,19,41
83,52,69,65,22,45,47,25,59,74,64,17,12,90,94,96,11,27,39,14,84,4,75,92,73,95,35,89,80,5,38,50,49,36,78,3,63,16,51,81,1,91,8,57,58,6,28,82,55,98,97,37,88,54,44,0,56,61,46,26,34,48,99,86,23,33,60,40,71,70,72,66,77,18,31,10,43,13,93,62,9,68,79,29,67,32,85,20,24,30,76,87,2,7,15,42,53,21,19,41
83,52,69,65,22,45,47,25,59,74,64,17,12,92,94,26,11,27,39,14,84,4,75,89,73,95,35,90,80,5,38,50,86,36,78,3,63,16,51,81,1,91,8,57,58,6,37,82,55,98,28,49,88,54,44,0,56,61,46,96,34,48,99,97,23,33,60,40,71,70,72,66,77,18,31,10,43,13,93,62,9,68,79,29,67,32,85,20,24,30,76,87,2,7,15,42,53,21,19,41
83,52,69,65,22,45,47,25,5,74,64,17,12,92,94,26,11,42,39,14,84,4,75,89,73,95,35,27,80,23,38,50,86,36,78,3,63,16,51,81,1,91,8,57,58,6,37,82,55,98,28,49,88,54,44,0,56,61,46,96,34,48,99,97,90,33,60,40,71,70,72,66,77,18,31,10,43,13,93,62,20,68,79,29,67,41,85,32,24,30,76,87,2,7,15,9,53,21,19,59
83,52,69,65,22,45,47,25,85,74,64,17,90,92,94,26,11,42,80,14,84,4,75,89,73,95,35,27,41,23,38,50,86,36,78,3,63,16,51,81,1,91,8,57,58,6,37,82,55,98,28,49,88,54,44,30,56,61,46,96,34,48,99,97,12,33,60,40,71,70,72,66,77,18,31,10,43,13,93,62,20,68,5,29,67,0,79,32,24,39,76,87,2,7,15,9,53,21,19,59
83,52,69,80,22,31,47,25,85,54,64,17,90,92,94,26,11,42,88,14,84,4,75,89,74,95,35,27,41,23,38,50,86,36,78,3,63,16,51,81,1,91,8,57,58,6,37,82,55,98,28,49,73,65,44,30,56,61,46,45,34,48,99,97,12,33,60,40,71,70,72,66,77,18,43,10,96,13,93,62,20,68,5,29,67,0,79,32,24,39,76,87,2,7,15,9,53,21,19,59
83,52,69,93,22,31,47,25,85,54,64,17,90,92,94,26,37,42,88,14,84,4,75,89,74,95,35,27,41,23,38,50,86,36,78,11,63,16,51,81,1,91,8,57,58,6,71,82,55,98,28,49,73,65,3,30,56,61,46,45,34,48,99,97,12,33,60,40,43,70,72,44,77,66,80,10,96,13,18,62,20,68,5,29,67,0,79,32,24,39,76,87,2,7,15,9,53,21,19,59
83,52,69,93,22,31,47,25,85,54,64,75,90,92,94,37,26,42,88,14,51,4,67,89,74,95,35,27,41,23,38,50,86,36,78,11,63,16,57,81,1,91,8,17,58,6,71,82,55,98,28,49,73,65,3,30,56,61,46,45,34,48,99,97,12,33,60,44,43,70,72,40,77,66,80,10,96,13,18,62,20,68,5,29,84,0,79,32,24,39,76,87,2,7,15,9,53,21,19,59
83,52,69,93,22,31,47,25,85,54,64,75,9,92,94,37,26,42,88,14,51,4,67,89,74,95,35,27,41,23,38,50,86,36,78,34,63,16,57,60,1,91,8,17,58,6,71,82,55,84,28,49,73,65,3,30,56,61,46,45,98,48,99,97,12,33,77,44,43,70,72,40,21,66,80,10,96,13,18,62,20,68,5,29,11,0,79,32,24,39,76,87,2,7,15,90,53,81,19,59
83,52,69,93,22,31,47,25,39,54,64,75,9,92,94,37,26,42,2,60,51,4,67,89,74,95,35,27,41,23,38,50,86,36,78,34,49,16,57,77,1,91,8,17,58,6,71,82,55,84,28,63,73,65,3,30,56,61,46,45,98,48,99,97,12,33,53,44,43,70,72,40,21,66,80,10,96,13,18,62,20,68,5,29,11,0,79,32,24,88,76,87,85,7,15,90,14,81,19,59
83,52,69,93,22,41,40,25,39,54,64,75,9,92,94,33,26,42,2,60,51,4,67,89,74,95,35,27,0,23,38,50,86,37,78,34,49,36,57,77,1,91,8,17,58,6,71,82,55,84,28,63,73,65,3,30,56,16,46,45,98,48,99,97,12,31,53,44,43,70,72,61,21,66,80,10,96,13,18,62,20,68,5,29,11,47,79,32,24,88,76,87,85,7,15,90,14,81,19,59
83,79,69,93,22,41,40,25,39,54,64,75,9,92,94,33,26,42,2,60,51,4,67,89,74,95,35,27,0,23,38,50,86,37,78,34,49,36,57,77,65,20,72,17,58,6,71,82,55,84,28,63,73,80,3,30,56,16,46,45,98,48,99,97,12,31,53,44,43,70,62,61,21,66,1,10,96,13,18,91,52,68,5,29,11,47,8,32,24,88,76,87,85,7,15,90,14,81,19,59
83,79,69,93,22,12,40,25,39,54,64,75,9,41,94,33,26,42,2,50,61,4,14,67,74,95,35,27,0,23,38,51,86,37,78,34,49,36,57,77,65,20,72,17,58,6,71,82,55,84,28,63,73,80,3,30,56,16,46,45,98,48,99,97,60,31,53,44,43,70,62,89,21,66,1,10,96,13,18,91,52,68,5,29,11,47,8,32,24,88,76,87,85,7,15,90,92,81,19,59
83,79,18,93,22,12,40,25,39,54,64,75,9,41,94,33,26,95,2,50,61,69,14,67,74,4,35,27,0,23,21,51,86,37,78,34,49,36,57,77,65,20,72,17,58,56,71,82,55,84,28,63,73,80,3,30,13,16,46,45,98,48,99,97,60,31,53,44,43,70,62,89,6,66,1,10,96,38,42,91,52,68,5,29,11,47,8,32,24,88,76,87,85,7,15,90,92,81,19,59
83,79,18,90,22,12,40,25,39,54,64,75,9,41,94,33,26,95,2,50,61,69,14,67,74,4,35,27,62,23,21,51,86,37,78,8,49,36,57,77,65,20,72,17,58,56,71,82,55,84,0,63,73,80,3,30,13,16,46,45,98,48,99,28,60,31,53,44,43,76,34,89,6,66,1,10,96,38,42,91,52,68,5,29,11,47,93,32,24,88,70,87,85,7,15,97,92,81,19,59
83,79,18,90,22,12,40,25,39,54,64,75,9,41,94,33,26,95,2,61,31,69,14,67,74,4,35,27,62,23,21,51,86,37,78,8,49,36,57,77,65,20,72,17,58,56,71,82,91,96,0,63,73,80,55,50,13,16,46,45,98,48,99,28,60,29,53,44,43,76,34,89,6,66,1,10,30,38,42,84,52,68,5,3,11,47,93,32,24,88,70,87,85,7,15,97,92,81,19,59
64,79,18,90,22,35,40,12,39,54,27,75,9,66,94,33,26,95,2,61,31,69,14,67,74,4,25,83,62,23,21,51,86,37,78,8,49,36,57,77,65,20,72,17,58,56,71,82,91,96,0,63,73,80,55,50,41,16,46,45,98,48,99,28,60,29,53,44,43,76,34,89,6,24,1,10,30,38,42,84,52,68,5,3,11,47,93,32,13,88,70,87,85,7,15,97,92,81,19,59
64,79,18,90,22,35,28,12,39,54,27,75,9,66,94,33,26,95,2,61,31,69,14,67,74,6,25,83,62,23,21,51,86,37,78,8,49,36,87,77,65,20,72,17,58,56,71,82,91,96,0,63,73,80,55,50,41,16,46,4,98,48,99,93,60,29,53,44,43,76,34,89,57,24,1,10,30,5,42,84,52,68,38,3,11,47,45,32,13,88,70,40,85,7,15,97,92,81,19,59
64,79,18,90,22,35,33,12,36,54,27,75,9,66,80,17,26,95,2,61,31,69,14,67,74,6,25,83,62,23,21,51,86,37,78,8,49,28,87,77,97,20,72,65,58,56,71,82,91,96,0,63,73,70,55,50,41,16,46,4,98,48,99,93,60,29,53,44,43,76,34,89,57,24,1,10,30,5,42,84,52,68,38,3,11,47,45,32,13,88,39,40,85,7,15,94,92,81,19,59
64,79,18,90,22,35,33,12,36,54,27,82,9,66,80,17,26,95,2,61,75,69,71,67,74,6,25,83,62,23,21,51,44,37,78,8,49,28,87,77,97,20,72,65,58,56,50,68,91,96,0,63,73,70,55,32,41,16,46,4,98,48,99,93,60,29,53,86,43,76,34,89,57,24,1,10,30,5,42,84,52,31,38,3,11,47,45,14,13,88,39,40,85,7,15,94,92,81,19,59
64,79,18,90,22,35,33,12,36,13,27,82,9,66,80,17,26,95,2,61,75,69,60,67,74,6,70,83,62,23,21,51,44,37,78,8,49,28,87,77,97,20,72,65,58,56,50,68,91,96,0,63,73,71,55,32,41,16,46,4,98,48,99,93,54,29,38,86,43,76,34,89,53,25,1,10,30,5,42,84,52,31,24,3,11,47,45,14,57,88,39,40,85,7,15,94,92,81,19,59
64,79,18,52,22,35,33,12,36,13,27,82,9,66,80,17,26,95,24,16,75,69,60,67,74,6,70,83,62,23,21,51,44,37,78,8,49,28,87,77,97,20,72,65,58,56,50,68,91,96,0,63,73,71,55,32,41,99,46,4,98,48,2,93,54,29,38,86,43,76,34,89,53,25,1,10,30,5,90,84,61,31,85,3,11,47,42,14,57,88,39,40,45,7,15,94,92,81,19,59
64,5,18,52,22,35,33,12,36,13,27,82,9,66,80,17,26,95,74,16,75,69,60,67,65,6,70,83,62,23,21,51,44,37,78,8,49,28,87,77,97,20,72,1,58,56,50,68,91,79,0,63,73,71,55,32,41,99,46,4,98,11,2,93,54,29,48,86,43,76,34,89,53,25,96,10,30,38,90,84,61,31,85,3,24,47,42,14,57,88,39,40,45,7,15,94,92,81,19,59
64,5,18,52,22,35,33,12,36,94,27,82,9,66,80,17,26,95,11,16,75,69,60,67,65,13,70,83,62,23,21,99,44,37,78,8,49,28,87,77,55,20,72,1,58,56,50,68,91,79,0,63,73,71,74,32,41,51,46,4,98,89,2,93,54,29,48,86,43,76,34,6,53,25,96,10,30,38,90,84,61,31,85,3,24,47,42,14,57,88,39,40,45,7,15,97,92,81,19,59
64,5,66,52,22,35,33,43,36,94,27,82,9,93,80,17,26,95,11,16,75,83,60,67,65,13,70,2,62,23,21,99,44,37,78,8,49,28,87,77,55,20,72,1,58,56,50,68,91,79,0,63,73,71,74,32,41,51,46,4,98,89,12,96,54,29,48,69,18,76,34,6,53,25,86,10,30,38,90,84,61,31,85,3,24,47,42,14,57,88,39,40,45,7,15,97,92,81,19,59
64,10,66,52,22,35,33,43,36,94,89,82,9,93,80,17,26,95,11,16,75,83,60,27,65,13,70,2,62,23,21,99,44,37,78,8,49,28,87,98,55,20,68,1,58,56,50,72,91,79,0,63,73,71,74,67,41,51,46,4,77,5,12,96,54,29,48,69,18,76,34,6,53,25,86,32,30,38,90,84,61,31,85,3,24,47,42,14,57,88,39,40,45,7,15,97,92,81,19,59
66,10,54,71,22,35,33,43,36,94,89,82,9,93,80,17,26,95,11,16,75,83,38,27,65,13,70,2,62,23,21,99,44,37,78,8,49,28,87,98,55,20,68,1,58,56,50,72,91,79,24,63,73,60,74,67,41,51,46,4,77,5,12,96,64,29,48,69,18,76,34,6,53,52,86,32,30,0,90,84,61,31,85,3,25,47,42,14,57,88,39,40,45,7,15,97,92,81,19,59
66,10,54,71,22,35,33,43,36,78,89,82,9,93,80,17,26,42,59,16,75,83,38,27,65,13,70,2,47,23,21,99,44,37,95,8,49,28,87,98,55,20,68,1,58,56,50,72,62,79,24,63,73,60,74,67,41,51,46,4,77,5,12,96,64,29,48,69,18,76,34,6,53,52,86,32,30,0,90,84,61,31,85,3,25,97,11,14,57,88,39,40,45,7,15,91,92,81,19,94
66,10,54,71,22,35,33,67,80,78,89,82,9,93,62,17,26,42,59,16,75,83,38,27,65,13,70,2,47,36,21,99,44,37,95,8,49,28,87,98,43,20,68,1,58,56,50,72,51,55,24,63,73,60,74,79,41,12,46,4,77,5,23,96,64,29,48,69,18,76,34,6,53,52,86,32,30,0,90,84,61,31,85,3,25,97,11,14,57,88,39,40,45,7,15,91,92,81,19,94
66,10,54,71,22,90,33,67,80,78,89,82,9,93,62,17,26,42,59,16,75,83,38,27,65,13,70,2,47,36,21,99,44,37,95,8,49,12,87,98,43,20,68,1,58,56,50,72,51,55,24,63,73,28,74,79,41,60,46,4,48,5,23,96,64,29,0,69,18,76,34,6,53,52,86,32,30,11,81,84,61,31,85,3,25,97,77,14,57,88,39,40,45,7,15,91,92,35,19,94
66,48,54,71,22,90,33,67,80,78,89,82,9,93,62,17,26,42,59,16,75,83,38,95,65,13,70,2,5,36,21,99,27,37,11,8,49,12,87,98,43,20,68,1,58,56,50,72,51,55,24,63,73,28,74,79,41,60,46,4,40,47,23,96,64,29,0,69,18,76,34,6,53,52,86,32,30,10,81,84,61,31,85,3,25,97,77,14,57,88,39,92,45,7,15,91,44,35,19,94
94,48,54,71,22,90,33,67,70,78,89,82,9,93,62,17,26,42,59,16,75,83,38,95,65,13,24,2,5,36,81,99,27,37,11,8,49,12,87,98,43,20,68,1,58,56,45,72,51,55,80,63,73,28,74,79,41,60,46,4,40,47,23,96,64,29,0,69,18,76,34,6,53,52,86,32,30,10,39,84,61,31,85,3,25,97,77,14,57,88,66,92,50,7,15,91,44,35,19,21
94,48,54,71,22,47,33,67,70,78,90,82,9,93,62,17,26,42,59,16,75,83,38,95,65,13,49,2,76,36,81,99,27,37,11,8,20,12,87,98,43,73,68,1,58,56,45,72,51,55,80,63,24,28,74,79,41,60,46,4,40,89,23,96,64,29,0,69,18,57,34,6,53,52,86,32,30,10,39,84,61,31,85,3,25,97,77,14,5,88,66,92,50,7,15,91,44,35,19,21
94,5,54,71,22,47,33,67,70,78,90,82,9,93,62,17,26,42,59,16,75,66,38,95,65,13,49,2,76,36,81,99,27,37,74,1,20,12,87,98,43,73,68,39,58,56,45,72,51,55,80,63,24,28,11,79,41,60,46,4,40,89,23,96,64,29,0,69,18,57,34,6,53,52,86,32,30,10,48,84,61,31,85,3,25,97,77,14,8,88,19,92,50,7,15,91,44,35,83,21
94,5,54,71,22,47,33,67,70,78,90,57,9,93,62,61,26,42,59,16,82,66,38,95,65,13,49,2,76,36,81,69,27,37,74,1,20,12,87,84,43,73,68,39,58,56,45,72,51,55,80,63,24,28,11,79,41,60,46,4,40,89,23,96,64,29,0,75,18,98,34,6,53,52,86,32,30,10,48,17,21,31,85,3,25,97,77,14,8,88,19,92,50,7,15,91,44,35,83,99
94,5,54,71,22,47,33,67,88,78,90,57,9,93,62,61,26,42,59,16,82,66,38,95,65,13,49,2,76,36,81,70,27,37,74,1,20,12,41,84,43,73,68,39,58,56,45,72,51,55,80,63,85,28,11,79,21,60,46,4,40,89,29,96,64,69,0,75,18,98,34,6,53,52,86,32,30,10,48,17,24,31,87,3,25,97,77,14,8,23,19,92,50,7,15,91,44,35,83,99
49,5,54,71,22,47,33,27,88,78,90,57,9,93,62,61,26,92,59,16,82,66,38,95,65,13,51,2,76,36,81,70,56,37,74,1,20,12,41,84,43,73,68,39,58,67,45,72,34,55,80,63,85,28,11,79,21,60,46,4,40,89,29,96,64,42,0,75,18,98,94,6,53,52,86,32,30,10,48,17,24,31,87,3,25,97,77,14,8,23,19,69,50,7,15,91,44,35,83,99
49,5,54,71,22,47,33,27,88,78,90,57,9,93,62,61,53,92,59,16,82,66,38,95,65,13,51,2,76,36,81,70,68,37,74,1,20,12,41,84,63,73,55,39,58,67,45,50,34,69,80,43,85,28,11,79,21,60,46,4,40,89,29,96,64,42,0,75,18,98,94,6,56,52,86,32,30,10,48,17,24,31,87,3,25,97,77,14,8,23,19,26,72,7,15,91,44,35,83,99
49,5,54,71,22,47,97,27,88,78,90,33,9,93,62,61,53,99,59,16,82,57,38,95,65,13,51,2,66,36,81,70,68,37,74,1,20,12,41,84,63,83,55,39,58,67,45,50,34,69,80,43,85,28,11,79,21,60,46,4,40,89,29,96,64,42,0,75,18,98,92,6,56,52,86,32,30,10,48,17,24,31,87,3,25,76,77,14,8,23,19,26,72,7,15,91,44,35,73,94
49,5,54,71,22,47,97,27,52,78,90,33,9,93,7,61,53,99,59,16,82,57,38,95,65,88,51,2,66,36,81,69,68,37,74,1,20,12,41,84,63,83,55,39,58,67,45,50,34,62,80,43,85,28,11,79,21,60,46,4,40,89,29,70,64,42,0,75,18,98,92,6,56,96,86,10,30,32,48,17,24,31,87,3,25,76,77,14,8,23,19,26,72,13,15,91,44,35,73,94
49,5,54,71,22,47,97,42,81,78,90,33,9,93,7,61,53,99,59,16,82,57,14,95,65,88,51,2,66,36,25,69,68,37,74,1,20,12,41,38,63,83,55,39,58,67,45,50,34,62,80,43,85,28,11,79,21,60,84,4,40,89,29,70,27,46,0,75,18,98,92,6,56,96,86,10,30,32,48,17,24,31,87,3,64,76,77,52,8,23,19,26,72,13,15,91,44,35,73,94
49,75,54,71,22,47,97,42,81,78,90,33,9,93,7,61,53,99,1,16,82,57,14,95,38,88,51,2,66,36,25,69,68,37,74,76,5,12,41,43,63,83,55,39,58,67,45,50,34,62,80,8,85,28,11,79,21,60,84,4,40,89,29,70,27,46,0,20,18,98,92,6,56,96,86,10,30,32,48,17,24,31,87,3,64,59,77,52,65,23,19,26,72,13,15,91,44,35,73,94
40,85,54,71,22,47,97,42,81,78,90,33,9,93,7,61,53,99,1,46,82,57,14,95,38,16,65,2,66,36,25,69,68,37,74,76,5,12,41,43,63,83,55,39,58,67,45,50,34,62,80,8,35,28,11,79,21,60,84,4,75,89,29,70,27,51,0,20,18,98,92,6,56,96,86,10,30,32,48,17,24,31,87,3,64,59,77,52,49,23,19,26,72,13,15,91,44,88,73,94
40,85,54,71,22,47,97,42,81,78,90,33,9,93,7,61,53,99,1,46,82,57,14,95,38,16,80,2,66,36,25,69,68,37,74,76,5,12,41,43,63,83,55,56,58,67,45,50,34,62,65,8,35,28,11,79,21,60,84,4,24,89,29,70,27,98,0,20,18,13,92,6,51,96,86,10,30,75,48,17,32,31,87,3,64,59,77,52,49,23,19,26,72,39,15,91,44,88,73,94
40,85,54,9,22,47,97,42,81,78,90,33,75,93,7,61,53,99,49,46,82,57,14,95,48,16,80,2,66,36,25,69,68,37,74,76,5,12,41,43,63,83,55,56,58,67,45,50,34,86,65,8,35,28,11,79,21,60,84,4,24,89,29,70,27,98,0,20,18,13,92,6,51,96,1,10,30,71,31,17,32,38,87,3,64,59,77,52,62,23,19,26,72,39,15,91,44,88,73,94
40,85,54,9,22,47,97,42,81,78,90,33,75,93,7,61,53,99,72,46,50,44,14,41,48,16,80,2,66,36,25,69,68,37,74,76,5,12,49,57,63,83,55,56,58,67,45,10,34,86,65,8,35,28,11,79,21,60,84,4,24,89,29,70,27,98,0,20,18,13,92,6,51,96,1,82,30,71,31,17,32,38,87,3,64,59,77,52,62,23,19,26,43,39,15,91,95,88,73,94
40,26,54,9,22,47,97,42,81,78,90,33,75,93,7,61,73,99,72,46,50,44,14,35,48,16,80,2,66,36,25,69,68,37,74,76,85,12,49,57,63,41,55,56,58,67,45,10,34,86,65,8,83,28,11,79,21,60,84,4,24,95,29,70,27,98,0,20,18,13,92,6,51,96,1,82,30,71,31,17,32,38,87,3,64,59,77,52,62,23,19,53,43,39,15,91,89,88,5,94
40,26,17,9,22,47,97,42,81,78,90,33,75,93,7,61,73,99,72,46,50,44,14,35,48,16,80,2,66,36,30,69,68,28,74,76,85,12,49,57,63,41,55,19,58,67,45,10,34,86,65,8,83,27,11,79,21,60,84,4,24,95,29,70,54,98,0,56,18,13,92,6,51,96,1,82,37,71,31,25,32,38,87,3,64,59,77,52,62,23,20,53,43,39,15,91,89,88,5,94
40,26,17,9,22,47,97,42,81,78,64,33,80,93,7,61,73,99,72,46,50,44,14,35,48,16,95,2,12,36,30,69,68,28,74,76,85,6,49,57,63,41,55,19,58,67,45,10,34,86,65,75,83,8,11,79,21,60,84,4,24,90,29,70,54,98,0,56,18,13,92,27,51,96,1,82,37,71,31,25,32,38,87,3,66,59,77,52,62,23,20,53,43,39,15,91,89,88,5,94
40,26,17,9,22,47,29,42,81,78,64,33,80,93,7,61,73,99,72,46,50,44,11,35,48,16,95,2,12,36,30,74,68,28,87,76,85,6,49,57,63,41,55,19,58,67,45,10,34,86,65,75,83,8,3,79,21,60,84,69,24,90,98,70,54,4,0,56,18,13,92,27,51,96,1,82,37,71,31,25,32,38,14,97,66,59,77,52,62,23,20,53,43,39,15,91,89,88,5,94
40,27,17,9,22,47,29,42,81,78,64,33,80,93,7,61,73,99,72,46,50,44,11,35,48,16,95,2,12,36,30,74,68,28,87,76,85,71,86,57,63,41,55,19,6,67,45,10,34,49,65,75,83,26,3,79,21,60,84,69,24,70,98,8,54,4,0,56,18,13,92,58,51,96,1,82,37,90,31,25,32,38,14,97,66,59,77,52,62,23,20,53,43,39,15,91,89,88,5,94
40,27,17,9,22,47,29,42,81,78,64,33,80,93,7,61,73,99,72,46,50,82,11,35,48,16,95,2,28,36,30,74,68,77,87,76,85,71,86,12,63,41,55,19,6,67,45,10,34,49,65,75,83,26,3,79,21,60,84,69,24,70,98,8,54,4,0,56,18,13,92,58,51,96,1,31,37,25,57,32,44,38,14,97,66,59,90,52,62,23,20,53,43,39,15,91,89,88,5,94
40,27,17,9,22,52,29,42,81,78,64,33,80,93,7,61,73,99,72,46,50,82,11,69,48,16,95,2,28,36,30,74,35,77,87,76,85,71,86,12,63,41,55,19,31,67,45,10,34,49,65,75,83,26,3,79,21,60,84,1,24,70,68,8,54,4,0,56,18,13,92,58,51,96,89,98,37,25,57,32,44,38,14,97,66,59,90,47,62,23,20,53,43,39,15,91,6,88,5,94
40,27,17,9,22,52,29,42,45,78,64,33,80,93,7,61,73,99,72,46,50,82,11,69,48,16,95,2,28,36,30,74,35,77,87,76,85,71,86,12,63,41,55,19,31,67,39,10,34,49,65,75,83,26,3,81,21,60,84,1,24,70,68,8,54,4,0,56,18,13,92,58,51,96,89,79,53,25,32,98,44,38,14,97,66,59,90,47,62,23,20,5,43,57,15,91,6,88,37,94
4,27,17,9,22,0,29,42,45,78,64,33,80,93,7,61,73,99,72,11,50,82,2,69,48,16,95,40,28,36,30,74,35,77,87,76,85,71,86,12,63,41,55,19,31,67,39,10,34,49,65,75,83,26,3,81,21,60,84,1,52,70,68,8,54,46,24,56,18,13,92,58,51,96,89,79,53,25,32,98,62,38,14,97,66,59,90,47,44,23,20,5,43,57,15,91,6,88,37,94
4,27,17,9,22,0,29,42,45,78,64,33,80,93,7,61,73,99,72,11,50,82,2,37,30,48,95,77,28,36,69,74,35,16,87,76,85,71,86,12,63,41,81,19,40,67,39,10,34,49,65,75,83,26,3,31,21,60,84,1,52,70,68,8,54,46,24,56,18,13,92,58,51,96,89,79,53,25,32,98,62,38,14,97,66,59,90,47,44,23,20,5,43,57,15,91,6,88,55,94
4,27,17,9,22,28,29,42,45,78,64,84,80,93,7,61,73,99,72,85,50,82,2,37,30,48,95,77,13,36,0,74,35,16,87,76,3,71,86,12,63,41,81,19,40,67,39,10,34,49,65,75,83,26,60,31,21,33,69,1,52,70,68,8,54,46,24,56,18,11,92,58,51,96,89,79,53,25,32,98,62,38,14,97,66,59,90,47,44,23,20,5,43,57,15,91,6,88,55,94
4,27,17,9,22,28,29,42,45,78,64,84,80,93,7,61,73,99,72,85,50,82,2,37,30,46,95,63,13,36,48,74,35,26,87,76,3,71,86,12,97,41,81,19,40,67,39,10,34,49,65,75,83,57,60,31,21,33,69,1,52,70,68,8,16,0,24,56,18,11,92,58,51,96,89,79,53,25,32,98,62,38,14,77,66,59,90,47,44,23,20,5,43,54,15,91,6,88,55,94
4,27,17,9,22,28,29,42,98,78,64,84,80,93,7,43,73,99,72,85,50,82,71,37,30,61,95,63,11,36,48,74,35,26,87,76,3,2,86,12,97,41,81,19,40,67,39,10,34,49,65,75,83,57,60,31,21,33,69,1,13,70,68,8,16,0,24,56,18,46,92,58,51,96,89,79,53,25,32,45,62,38,14,77,66,59,90,47,44,23,20,5,52,54,15,91,6,88,55,94
4,27,17,9,22,28,29,42,1,78,64,84,80,93,7,43,73,99,72,85,50,82,71,37,30,61,95,63,11,36,48,20,35,26,87,19,3,2,86,12,97,41,81,91,40,67,39,10,76,49,65,75,83,57,60,66,21,33,69,34,13,70,68,8,16,0,24,56,18,46,92,58,51,96,89,79,53,25,32,45,62,38,14,77,98,59,90,47,44,23,31,5,52,54,15,74,6,88,55,94
4,27,17,9,22,28,29,42,1,78,64,84,80,93,7,43,73,99,72,85,50,82,71,37,3,61,95,63,11,36,48,20,35,26,87,19,52,2,86,12,10,41,81,91,40,67,39,97,76,14,65,75,83,57,60,66,33,21,69,34,13,70,68,8,16,0,24,56,18,46,92,58,51,96,89,79,53,25,32,45,62,38,30,77,98,59,90,47,44,23,31,5,88,54,15,74,6,49,55,94
4,27,17,65,22,28,29,42,1,78,64,84,80,93,7,43,73,99,72,52,50,82,71,37,3,61,95,63,66,36,48,20,35,26,87,19,11,2,86,12,10,41,81,91,40,67,39,97,76,14,9,75,83,57,60,6,33,21,69,70,13,74,68,8,16,0,24,56,18,46,92,58,51,96,89,79,53,25,32,45,62,38,30,77,98,59,90,47,44,23,31,5,88,54,15,34,85,49,55,94
4,27,17,95,22,28,29,99,1,78,64,50,80,93,7,43,73,42,72,52,65,82,71,12,3,61,84,63,66,36,48,20,35,26,87,6,11,2,86,37,10,41,81,91,40,67,39,97,76,14,9,75,83,57,60,19,33,21,69,70,13,74,68,8,16,0,24,56,18,46,92,58,51,96,89,79,53,25,32,45,62,38,30,77,98,59,90,47,44,23,31,5,88,54,15,34,85,49,55,94
4,27,17,95,22,28,29,76,32,78,64,50,80,93,7,43,73,84,72,52,65,82,71,12,3,61,99,63,66,36,42,20,35,26,87,6,11,1,86,37,10,41,81,91,40,67,39,97,48,14,9,75,83,57,60,19,33,21,69,79,13,74,68,8,16,0,24,56,18,46,92,58,51,96,89,2,53,25,70,45,62,38,30,77,98,59,90,47,44,23,31,5,88,54,15,34,85,49,55,94
4,27,10,95,22,28,29,76,32,78,35,50,80,93,7,43,73,84,72,52,65,82,71,12,3,61,99,63,66,5,42,20,62,26,87,6,11,1,86,37,89,41,81,91,40,67,39,97,48,14,9,75,83,57,60,19,33,21,69,79,13,74,68,8,64,0,24,56,18,46,92,58,51,96,38,2,53,25,70,45,17,36,30,77,98,59,90,47,44,23,31,16,88,54,15,34,85,49,55,94
4,27,10,95,22,28,29,76,32,78,35,50,80,93,7,43,73,84,56,52,65,82,71,12,59,61,99,63,66,5,42,20,62,92,87,6,11,1,86,37,89,41,81,91,40,67,30,97,48,14,9,75,83,57,60,19,33,21,69,79,13,74,68,8,64,0,24,72,18,46,16,58,51,96,38,2,53,25,70,45,17,36,3,77,98,90,39,47,44,23,31,26,88,54,15,34,85,49,55,94
69,27,10,95,22,28,29,76,32,78,35,50,80,53,7,43,73,84,56,52,38,82,71,12,59,61,99,63,66,5,42,20,62,92,87,6,11,1,86,37,89,41,81,91,40,67,30,97,48,14,9,75,83,4,31,19,33,21,57,79,13,74,68,8,64,0,24,72,18,46,16,58,51,96,93,2,65,25,70,45,17,36,3,77,98,90,39,47,44,23,88,26,60,54,15,34,85,49,55,94
69,88,10,95,22,28,29,76,32,78,35,50,80,53,7,43,73,84,56,52,38,82,70,12,16,61,59,63,66,5,42,20,62,92,87,6,11,1,86,37,89,41,81,91,40,67,30,97,48,14,9,75,83,4,31,19,33,21,57,79,13,74,36,8,64,0,24,72,18,46,51,58,99,96,93,2,65,25,27,45,17,71,3,77,98,90,39,47,44,23,68,26,60,54,15,34,85,49,55,94
69,88,10,95,22,28,29,38,32,78,35,50,80,53,31,43,73,84,56,52,16,82,70,12,83,61,59,63,66,5,42,20,62,92,87,6,11,65,86,37,89,41,81,91,1,67,30,97,48,14,9,75,94,4,76,19,33,21,57,79,13,74,36,8,64,0,24,72,18,46,51,58,99,96,93,2,40,25,27,45,17,71,3,77,98,90,39,47,44,23,68,26,60,54,15,34,85,49,55,7
69,88,10,95,22,28,29,38,32,78,35,50,80,53,31,43,73,84,56,52,16,82,70,12,83,61,59,63,66,5,42,15,62,92,87,6,11,3,86,37,89,57,81,91,1,67,30,97,48,14,9,75,94,4,76,19,33,21,99,79,13,74,36,8,64,0,24,72,18,46,51,58,27,96,93,2,98,25,40,45,17,71,65,77,41,90,39,47,44,23,68,26,60,54,20,34,85,49,55,7
69,88,10,95,22,28,29,38,32,78,35,50,80,53,31,56,73,23,82,52,16,43,70,12,83,20,59,63,66,5,42,15,62,92,87,6,11,3,77,37,89,57,81,91,1,67,30,97,48,14,9,75,94,4,76,19,33,21,99,79,13,74,36,8,64,0,24,72,18,46,51,58,27,96,93,2,98,25,40,45,17,71,86,65,41,90,39,47,44,84,68,26,60,54,61,34,85,49,55,7
69,88,10,87,22,28,29,38,32,78,35,50,80,53,31,0,73,23,82,49,16,43,70,12,83,20,59,63,66,5,42,15,62,92,56,6,11,3,77,37,89,57,81,91,1,67,30,97,48,14,9,75,94,4,76,19,25,21,99,79,55,74,36,8,64,13,24,72,18,46,51,58,27,96,93,2,98,33,40,45,17,71,86,65,41,90,39,47,44,84,68,26,60,54,61,34,85,52,95,7
69,88,39,87,22,28,29,38,32,78,35,50,80,53,31,0,73,70,82,14,16,43,10,12,83,20,59,63,66,5,42,15,62,92,56,6,11,3,77,37,89,57,81,91,23,1,30,97,48,67,9,75,94,4,76,19,25,21,99,79,55,74,36,8,85,13,24,72,18,46,51,58,27,96,93,2,98,33,40,45,17,71,86,65,41,90,49,47,44,84,68,26,60,54,61,34,64,52,95,7
69,88,39,87,22,52,29,38,32,78,35,50,80,53,31,60,73,70,82,14,16,43,10,12,83,20,59,54,66,5,42,15,62,92,56,6,74,3,77,37,89,57,81,91,23,1,30,28,48,67,9,75,94,4,76,19,25,21,99,79,55,0,36,8,85,13,24,72,18,46,51,11,27,96,93,2,98,33,40,45,17,71,86,65,41,90,49,47,44,84,68,26,97,63,61,34,64,58,95,7
11,88,39,87,99,52,29,38,32,78,35,50,80,53,31,60,73,70,82,14,16,43,10,22,83,20,59,54,66,5,42,15,28,92,56,6,74,3,77,37,89,57,81,91,23,1,30,63,48,67,9,75,94,4,76,19,25,21,62,79,55,0,8,69,85,13,24,72,18,46,51,12,27,96,93,2,98,33,40,45,17,71,86,65,41,90,49,47,44,84,68,26,97,36,61,34,64,58,95,7
4,88,39,87,99,81,29,38,32,78,11,50,80,53,31,60,73,70,82,14,16,43,10,22,83,20,59,54,66,96,42,15,28,92,56,6,33,3,77,37,89,57,52,91,23,1,30,63,48,67,9,75,94,61,76,19,25,21,62,79,55,0,8,69,85,13,24,72,18,46,51,12,27,5,93,2,98,35,40,45,17,71,86,65,41,90,49,47,44,84,68,26,97,36,74,34,64,58,95,7
4,88,39,87,99,81,29,59,32,78,11,50,80,53,31,60,73,70,82,14,16,43,10,37,83,20,2,54,66,96,42,15,28,92,72,6,33,3,77,56,89,57,52,91,23,1,30,74,48,67,9,75,94,61,76,22,25,21,62,79,55,0,8,69,85,13,24,63,18,46,51,12,27,5,93,19,98,35,40,45,17,71,86,65,41,90,49,47,44,84,68,26,97,36,38,34,64,58,95,7
4,88,39,87,99,81,29,59,32,78,11,50,80,53,31,60,73,70,82,14,16,43,10,37,83,20,2,54,66,96,42,15,28,92,72,6,33,3,77,56,89,57,52,91,65,1,0,74,48,67,9,75,23,61,76,22,25,21,62,79,55,94,8,69,85,13,24,36,18,46,51,12,27,5,93,41,63,35,40,45,17,71,86,98,19,90,49,47,44,84,68,26,97,30,38,34,64,58,95,7
4,88,39,87,99,3,29,59,51,78,11,50,80,53,31,60,73,32,82,14,16,43,10,37,83,20,2,54,66,96,42,15,28,92,72,6,33,70,77,56,89,57,52,91,65,1,0,74,48,67,9,36,23,61,76,22,25,21,62,79,55,94,35,69,85,13,24,81,18,46,75,12,27,5,93,41,63,34,40,45,17,71,86,98,19,90,49,47,44,84,68,26,97,30,38,8,64,58,95,7
4,10,39,87,99,3,29,88,51,78,11,50,80,53,31,60,73,32,82,14,16,43,18,37,83,20,91,54,66,96,42,15,59,92,72,6,33,70,77,56,89,26,52,2,65,1,0,74,48,67,9,36,23,61,76,22,25,21,62,79,55,94,35,69,85,13,24,81,28,46,75,12,27,5,93,41,63,34,40,45,17,57,86,98,19,90,49,47,44,84,68,71,97,30,38,8,64,58,95,7
4,10,39,87,99,3,29,88,52,20,11,50,80,53,31,60,73,32,82,14,16,43,18,37,83,21,91,54,66,96,42,15,59,92,72,6,33,70,51,56,89,26,78,2,65,1,0,74,48,67,9,36,8,61,76,22,25,71,62,79,55,94,35,69,85,77,24,81,28,46,75,12,27,5,93,41,63,34,40,45,17,57,86,98,19,90,49,47,44,84,68,23,97,30,38,13,64,58,95,7
4,10,39,87,99,3,29,88,52,20,11,50,80,53,31,60,73,32,82,14,16,43,18,42,56,21,91,54,35,96,83,15,59,92,37,45,33,70,51,57,89,26,78,2,65,1,0,74,48,67,9,36,8,61,76,22,25,71,62,79,55,94,6,69,85,77,24,81,28,46,75,12,27,5,93,41,63,34,40,72,17,66,86,98,19,90,49,47,44,84,68,23,97,30,38,13,64,58,95,7
4,10,39,87,42,3,29,88,84,20,11,50,80,53,31,60,73,32,82,14,52,43,18,99,56,16,91,21,35,96,83,15,59,92,54,45,33,69,51,57,89,26,78,2,65,1,0,74,48,67,9,36,8,61,76,22,25,71,62,79,55,94,6,37,85,77,24,81,28,46,75,12,27,5,93,41,63,34,40,72,17,66,86,98,19,90,49,47,44,70,68,23,97,30,38,13,64,58,95,7
4,10,39,87,42,3,29,88,84,20,11,50,46,53,31,70,0,32,82,14,52,43,18,99,56,16,91,21,35,96,83,15,59,57,54,45,33,69,51,92,89,26,78,2,65,1,80,74,48,67,9,36,8,61,76,22,25,71,62,79,55,94,6,37,85,77,24,81,28,7,75,12,27,5,93,41,63,34,40,72,60,66,86,98,19,90,49,47,44,17,68,23,97,30,38,13,64,58,95,73
4,10,39,87,42,3,29,88,84,20,11,50,46,53,31,70,0,32,82,14,52,43,30,99,56,27,61,21,35,96,83,15,59,57,54,45,33,69,51,92,24,26,78,2,65,1,80,74,48,67,9,36,8,16,76,22,25,71,62,79,55,94,6,37,85,77,72,81,28,7,75,12,91,5,93,41,63,34,40,89,60,66,86,98,18,90,49,47,44,17,68,23,97,19,38,13,64,58,95,73
4,10,39,87,42,3,29,88,84,20,11,50,46,53,31,70,0,32,82,14,52,43,69,99,56,27,61,90,35,96,83,15,59,57,54,45,33,79,51,24,8,26,78,2,65,1,80,74,48,67,9,36,97,16,76,22,25,71,62,13,55,94,6,37,85,77,72,81,28,7,75,12,91,5,93,41,63,34,40,89,60,66,86,98,18,21,49,47,44,17,68,23,92,19,38,30,64,58,95,73
4,10,39,87,42,3,29,88,84,78,11,50,92,53,31,70,0,32,2,99,52,43,69,97,56,27,61,90,35,96,83,15,59,57,54,82,33,79,51,24,8,26,45,46,65,1,80,74,48,67,9,36,20,16,76,22,25,71,62,13,55,94,6,37,85,77,72,81,28,7,75,12,91,5,93,41,63,34,40,89,60,66,86,98,18,21,49,47,44,17,68,23,14,19,38,30,64,58,95,73
4,19,39,87,42,3,29,11,84,78,57,50,92,53,31,70,0,32,2,99,52,43,69,97,56,27,61,90,35,16,83,15,59,72,54,82,33,79,51,24,8,26,45,46,65,1,80,74,48,88,9,36,20,10,76,22,25,71,62,13,55,94,6,37,85,77,96,81,28,7,75,12,67,5,93,41,63,34,40,89,60,66,86,98,18,21,49,47,44,17,68,23,14,91,38,30,64,58,95,73
4,19,47,87,42,3,29,11,84,78,62,50,92,53,31,70,0,32,2,57,52,43,39,97,99,27,61,90,35,16,83,15,59,72,54,82,33,79,51,24,8,26,45,46,65,1,80,74,48,88,9,36,20,10,76,22,25,12,71,13,55,94,6,56,85,77,96,81,28,7,75,37,67,5,93,41,63,34,40,89,60,66,86,98,18,21,49,69,44,17,68,23,14,91,38,30,64,58,95,73
4,19,47,87,42,3,29,11,84,78,62,50,92,53,31,70,0,32,2,57,52,43,39,97,99,27,61,90,35,16,83,15,59,72,54,82,33,79,51,24,8,26,45,91,65,44,80,74,48,88,9,76,20,10,36,22,25,12,71,13,55,94,1,56,85,77,96,81,28,7,75,37,49,5,93,41,63,34,40,89,60,66,86,98,18,21,67,69,46,17,68,6,14,23,38,30,64,58,95,73
4,19,47,87,42,3,29,11,17,78,62,50,92,53,31,70,0,32,2,57,52,43,84,97,39,27,61,90,35,16,83,15,59,72,54,82,33,79,51,24,8,26,45,91,65,44,80,81,48,88,9,38,20,10,36,22,25,12,71,13,55,94,1,56,85,77,96,76,28,7,75,37,49,5,93,41,73,34,40,89,60,66,86,98,18,21,67,69,46,74,68,6,14,23,63,30,64,58,95,99
4,19,47,87,82,3,29,11,17,78,62,50,92,53,75,70,0,32,2,57,28,43,84,97,39,27,61,90,35,16,83,15,51,72,54,48,33,79,59,24,8,26,45,91,65,44,80,81,1,88,9,38,20,10,36,22,25,12,71,13,55,94,42,56,85,77,96,76,52,7,31,37,49,5,93,41,73,34,40,89,60,66,86,98,18,21,67,69,46,74,68,6,14,23,63,30,64,58,95,99
4,19,47,10,82,3,29,11,17,78,62,50,92,53,75,70,0,32,2,57,28,43,64,97,39,27,61,90,35,87,83,15,51,72,54,48,33,79,59,24,8,26,45,91,65,44,80,81,1,88,9,38,20,55,36,22,16,12,71,13,46,94,42,56,58,77,96,76,52,7,31,37,49,5,93,41,73,34,40,89,60,66,86,98,18,21,67,69,25,74,68,6,14,23,63,30,85,84,95,99
4,19,47,10,82,3,29,11,17,78,62,50,92,53,75,70,0,97,2,57,28,43,93,95,39,73,61,90,35,87,27,15,51,72,54,48,33,79,59,24,83,26,45,91,65,44,80,81,1,88,9,38,20,55,36,22,16,12,71,32,46,94,42,56,58,77,96,76,52,7,31,37,49,5,13,41,64,34,40,89,60,66,86,98,18,21,67,69,25,74,68,6,14,23,63,30,85,84,8,99
4,19,47,10,82,3,29,11,17,78,62,50,30,53,75,70,0,97,2,57,28,43,93,94,39,73,61,90,35,87,27,15,76,72,54,48,33,79,59,40,83,26,45,91,65,44,80,92,1,88,9,38,20,55,36,22,16,12,71,32,46,81,42,56,58,77,96,95,52,7,31,37,49,5,13,41,64,34,51,89,60,66,24,98,18,21,67,69,25,74,68,6,14,23,63,86,85,84,8,99
4,19,47,10,82,3,29,11,17,77,62,50,30,53,75,70,0,37,2,52,28,43,93,94,39,73,61,90,35,87,27,15,76,34,54,48,33,79,59,40,83,26,45,91,65,44,80,92,1,88,9,38,20,55,36,22,16,12,71,32,46,81,42,56,58,57,96,95,23,97,31,78,49,5,13,41,64,7,51,89,60,66,24,98,18,21,67,69,25,74,68,6,14,72,63,86,85,84,8,99
4,19,47,10,82,3,29,11,17,77,62,50,12,53,75,70,0,37,2,52,28,43,93,97,39,73,61,90,35,87,27,15,76,34,1,48,33,79,59,40,83,26,45,91,65,44,80,92,55,88,9,38,20,66,36,22,16,54,71,32,46,81,42,56,58,57,96,95,23,98,31,78,49,5,13,41,64,7,51,89,60,63,24,30,18,21,67,69,25,74,68,6,14,72,94,86,85,84,8,99
4,19,47,10,82,3,29,11,17,77,62,9,12,53,75,70,0,37,2,52,28,50,93,97,39,73,61,90,35,87,27,15,76,34,1,48,33,79,59,40,83,26,45,91,65,44,80,92,55,88,43,38,20,66,36,22,16,54,71,32,46,81,42,56,51,57,96,95,23,98,31,78,49,5,13,41,64,7,86,89,30,63,24,94,18,21,67,69,25,74,68,6,14,72,99,58,85,84,8,60
4,19,81,10,82,3,89,11,17,77,62,95,12,53,75,70,0,37,2,52,28,50,93,97,39,73,61,9,35,87,27,15,76,34,1,48,33,26,59,40,83,90,45,91,65,44,80,92,55,88,43,38,20,66,36,22,16,54,71,32,46,29,42,56,51,57,96,79,23,98,31,78,49,5,13,41,64,7,47,86,30,63,24,94,18,21,67,69,25,74,68,6,14,72,99,58,85,84,8,60
4,19,81,10,82,78,89,11,17,77,62,95,33,6,75,70,0,37,2,52,28,50,93,97,39,73,61,9,35,87,27,15,76,34,1,48,59,26,29,40,83,90,45,91,65,44,80,92,55,88,43,38,20,66,36,22,3,54,71,32,46,53,42,56,51,57,96,79,23,98,31,12,49,5,13,41,64,7,47,86,30,63,24,94,18,21,67,69,25,74,68,85,14,72,99,58,16,84,8,60
4,19,81,10,82,78,89,11,17,77,62,95,43,6,75,70,22,37,2,52,28,80,93,97,39,73,61,9,35,87,27,15,76,34,1,48,59,26,29,40,83,90,68,91,65,44,23,92,55,88,45,38,20,66,36,50,3,54,71,32,46,53,42,56,51,57,96,79,33,98,31,12,49,5,13,41,64,7,47,86,30,63,24,94,18,21,67,69,25,74,8,85,14,72,99,58,16,84,0,60
4,19,81,10,82,78,89,5,17,77,28,95,43,6,75,70,22,37,2,52,0,80,93,97,39,73,61,9,35,87,27,15,76,34,1,48,59,26,40,29,83,90,68,91,65,44,23,92,55,88,45,38,14,66,36,50,3,54,71,32,46,53,20,56,51,57,96,79,33,98,31,12,49,11,13,41,64,7,47,86,30,63,24,94,18,21,67,69,25,74,8,85,42,72,99,58,16,84,62,60
4,19,81,10,82,78,89,5,17,77,23,95,43,6,75,70,22,0,2,52,37,80,93,97,39,73,83,9,35,87,27,15,76,34,1,48,59,61,40,29,55,90,68,91,65,44,84,92,12,88,45,38,14,66,36,50,3,54,71,32,46,53,20,56,51,57,96,79,33,98,31,26,49,11,13,41,64,7,47,86,30,63,24,94,18,21,67,69,25,74,8,85,42,72,99,58,16,28,62,60
4,19,81,10,44,78,89,5,17,77,23,95,43,6,75,70,22,0,2,52,37,41,93,97,72,73,83,9,35,87,27,15,76,34,1,48,59,61,40,29,55,90,68,91,65,50,84,92,12,88,45,38,14,66,51,36,3,54,71,32,46,53,20,56,82,57,96,79,33,98,31,26,49,11,13,39,64,7,47,86,30,63,24,94,18,21,67,69,25,74,8,80,42,85,99,58,16,28,62,60
34,19,86,81,44,78,4,5,17,77,23,95,43,64,75,70,22,0,2,52,37,41,93,97,72,73,83,9,35,87,27,15,76,10,1,48,59,61,40,29,55,90,68,91,65,50,84,92,12,88,45,38,60,66,51,36,3,54,71,32,46,53,20,56,82,57,96,79,33,98,31,26,49,11,13,39,89,7,47,14,30,63,24,94,18,21,67,69,25,74,8,80,42,85,99,58,16,28,62,6
34,23,86,81,44,78,4,5,17,77,45,95,92,64,75,70,22,0,2,52,37,41,93,97,72,73,83,9,35,87,27,15,76,10,1,43,59,61,40,29,55,90,68,91,65,50,84,48,12,88,58,38,60,66,51,36,3,54,71,32,46,53,20,56,82,57,96,79,33,98,31,26,49,11,13,21,89,7,47,14,30,63,24,94,18,19,67,69,25,74,8,80,42,39,99,85,16,28,62,6
34,23,86,81,44,78,4,5,17,77,45,95,92,64,75,70,22,0,2,52,37,41,93,97,89,73,83,9,35,87,27,15,74,10,1,43,59,61,40,54,55,90,68,91,65,50,84,48,12,88,58,38,60,66,51,36,3,72,71,32,46,6,20,56,82,57,96,79,33,98,31,26,49,29,13,76,21,7,47,14,30,63,24,94,18,19,67,69,25,11,8,80,42,39,99,85,16,28,62,53
34,23,86,81,44,78,4,5,91,77,45,95,92,64,10,70,22,0,2,52,37,41,93,97,89,73,85,9,35,87,27,15,74,3,1,43,59,61,40,54,55,90,68,28,65,50,84,48,12,88,58,38,60,66,51,36,75,72,71,32,46,6,20,80,82,57,96,79,33,98,31,26,49,29,13,76,21,7,47,14,30,63,24,94,18,19,67,69,25,11,8,17,42,39,99,83,16,56,62,53
34,23,86,81,44,78,64,5,91,77,45,95,92,83,54,70,22,0,2,52,37,41,93,97,89,73,85,9,35,87,27,15,74,3,1,43,59,61,40,4,55,90,68,28,65,50,84,11,12,88,58,38,60,66,51,36,75,72,71,32,46,6,20,80,82,57,96,79,33,98,31,48,49,29,13,76,21,7,47,14,30,63,24,94,26,19,67,69,25,10,8,17,18,39,99,42,16,56,62,53
34,23,86,81,44,78,64,5,91,77,45,95,92,83,54,70,22,0,2,52,37,41,93,97,89,73,85,9,35,87,27,15,30,3,1,11,59,61,40,4,55,90,68,28,65,74,84,25,12,88,58,38,60,66,80,36,75,72,71,32,46,50,20,51,82,57,96,79,33,98,31,48,49,29,13,76,21,7,47,14,17,63,24,94,26,19,67,69,43,10,8,6,18,39,99,42,16,56,62,53
34,23,86,81,44,78,64,5,91,77,53,95,92,83,54,70,22,0,2,52,37,41,93,97,89,73,85,9,35,87,27,15,30,3,1,11,59,21,40,4,55,36,68,28,65,74,84,25,12,88,58,38,60,66,80,61,75,72,71,32,46,50,20,51,82,57,96,79,33,98,49,48,90,29,43,76,31,7,47,14,17,63,24,94,26,19,67,69,13,10,8,6,18,39,99,42,16,56,62,45
34,23,86,81,44,78,64,5,91,77,53,95,92,83,54,70,22,0,2,52,37,41,93,97,89,73,85,9,35,87,33,15,30,3,1,11,59,21,40,4,55,36,10,28,65,13,84,25,12,6,58,38,60,66,80,61,75,72,74,32,46,50,20,51,82,57,96,79,88,98,49,48,90,29,43,76,31,7,47,14,17,63,24,94,26,19,67,69,68,27,8,39,18,71,99,42,16,56,62,45
34,23,86,81,44,78,64,5,91,77,53,33,92,83,54,70,22,0,2,52,37,41,93,97,89,73,85,9,26,87,35,15,30,69,1,11,59,21,40,4,55,36,10,28,65,13,84,25,12,6,31,38,60,66,80,61,75,72,74,32,46,50,20,51,82,57,96,79,88,98,49,48,90,29,43,76,56,7,47,14,17,63,24,94,18,19,67,3,68,27,8,39,58,71,99,42,16,95,62,45
34,23,86,81,35,78,64,5,91,77,53,33,92,83,89,70,22,0,2,52,37,41,93,62,44,73,85,9,26,87,82,15,30,69,1,11,59,21,40,4,55,36,10,28,65,13,84,25,12,6,31,54,60,66,80,61,75,72,74,32,46,50,20,51,97,57,96,79,88,98,49,48,90,29,43,17,56,7,47,14,76,63,24,94,18,19,67,3,68,27,8,39,58,71,99,42,16,95,38,45
34,85,86,81,35,78,64,5,91,77,53,33,92,83,10,70,22,0,2,52,37,41,93,62,44,88,73,9,26,87,82,15,30,69,1,11,59,79,21,4,55,36,32,28,65,13,84,25,12,6,31,54,60,66,80,61,75,72,74,23,46,50,20,51,97,57,96,40,89,98,49,48,90,29,43,17,56,7,47,14,76,63,24,94,18,19,67,3,68,27,8,39,58,71,99,42,16,95,38,45
34,85,86,81,35,78,64,5,91,77,88,33,92,83,10,70,22,0,2,52,37,41,93,62,44,53,73,9,26,87,82,15,30,97,1,36,59,79,21,4,55,43,32,28,65,29,84,25,12,6,31,54,60,66,80,61,75,72,74,23,46,50,20,51,24,57,96,40,89,98,49,48,90,69,13,17,56,7,47,14,76,63,11,94,18,19,67,3,68,27,8,39,58,71,99,42,16,95,38,45
34,85,86,81,25,78,64,5,91,77,88,33,0,83,10,70,35,56,2,52,37,41,93,62,44,53,73,9,26,87,82,15,30,97,92,36,59,79,21,4,55,43,32,28,65,29,84,75,12,6,31,54,60,66,80,61,22,72,74,23,46,50,20,51,24,57,96,40,89,98,49,48,90,69,13,17,27,7,47,14,76,63,11,94,18,19,1,3,68,67,8,39,58,71,99,42,16,95,38,45
34,85,86,81,25,78,64,5,7,77,88,33,0,83,10,91,35,56,2,52,37,41,93,62,44,53,73,49,26,87,82,15,30,97,92,36,9,79,21,4,55,43,32,70,65,59,84,75,12,6,31,54,60,66,80,61,22,72,74,23,46,50,20,51,24,57,96,40,89,98,28,48,90,69,13,17,47,27,29,14,76,63,11,94,18,19,1,3,68,67,8,39,58,71,99,42,16,95,38,45
34,85,86,81,25,8,64,5,7,77,88,33,0,83,10,91,35,56,2,52,37,41,93,62,44,53,73,49,26,78,82,15,30,97,92,36,9,79,21,4,55,43,32,70,65,59,84,75,38,87,31,54,60,66,80,61,22,72,74,23,46,50,20,51,24,57,96,40,89,98,28,48,90,69,42,17,47,27,29,63,76,12,11,94,18,19,1,3,68,67,14,39,58,71,99,13,16,95,6,45
34,85,86,81,25,8,64,5,7,77,88,33,2,83,10,91,35,72,0,52,37,41,93,62,44,53,73,49,26,78,82,15,30,97,92,36,9,79,21,4,65,43,32,70,17,59,84,75,38,63,31,54,60,66,80,61,22,14,74,23,46,50,20,51,24,57,96,40,89,98,28,48,90,69,42,55,47,27,29,56,76,12,11,94,18,19,1,3,68,67,87,39,58,71,99,13,16,95,6,45
34,85,86,81,25,8,36,5,7,77,6,33,2,83,10,91,35,72,84,52,37,41,93,62,44,53,73,49,26,78,82,15,30,97,92,88,9,79,21,4,65,43,32,69,17,59,64,75,38,63,31,54,60,66,80,61,22,14,74,23,46,50,20,51,24,57,96,40,89,98,28,48,90,27,42,55,70,0,29,56,76,12,11,94,18,19,1,3,68,67,87,39,58,71,99,13,16,95,47,45
34,85,86,81,25,8,36,5,7,77,6,33,2,83,10,91,35,72,84,98,37,41,93,62,44,53,69,49,26,78,82,15,30,97,92,88,9,79,21,4,65,43,32,12,17,59,64,75,38,63,31,29,60,66,80,61,22,14,74,23,46,50,20,58,52,57,96,40,89,73,28,48,90,27,42,55,70,0,24,56,76,54,11,94,18,19,1,3,68,67,87,39,51,71,99,13,16,95,47,45
34,38,86,81,25,24,36,5,7,77,6,33,2,83,10,91,35,72,84,98,37,41,93,67,44,53,85,49,26,78,82,15,30,97,92,88,9,79,21,4,65,43,69,12,17,59,64,75,42,63,31,29,60,66,80,61,22,14,74,23,46,50,20,58,52,57,96,40,89,73,28,48,90,27,32,62,70,0,8,56,76,54,11,94,18,19,1,3,68,55,87,39,51,71,99,13,16,95,47,45
