0,1,2,3,4,5,6,7,8,9,10,11,12,13,14,15,16,17,18,19,20,21,22,23,24,25,26,27,28,29,30,31,32,33,34,35,36,37,38,39,40,41,42,43,44,45,46,47,48,49,50,51,52,53,54,55,56,57,58,59,60,61,62,63,64,65,66,67,68,69,70,71,72,73,74,75,76,77,78,79,80,81,82,83,84,85,86,87,88,89,90,91,92,93,94,95,96,97,98,99,100,101,102,103,104,105,106,107,108,109,110,111,112,113,114,115,116,117,118,119,120,121,122,123,124,125,126,127,128,129,130,131,132,133,134,135,136,137,138,139,140,141,142,143,144,145,146,147,148,149
139,1,78,3,126,70,105,61,64,50,10,11,135,26,143,111,36,41,149,34,45,21,113,23,24,120,2,85,28,15,58,46,52,8,89,121,16,136,140,25,86,147,40,91,74,148,18,141,110,49,47,107,104,83,54,55,29,75,39,59,44,60,62,100,33,65,66,67,145,69,99,71,146,73,68,138,102,77,38,9,80,82,88,96,84,95,22,119,106,5,90,76,92,93,94,27,13,132,98,37,129,101,118,57,42,32,81,6,63,109,12,35,56,87,114,79,116,117,31,4,131,20,122,103,124,125,144,115,128,127,142,14,137,133,134,48,97,0,130,112,19,30,108,53,17,7,72,51,43,123
45,1,22,55,126,56,72,53,106,98,84,140,135,66,143,120,48,16,145,34,115,70,107,129,93,63,2,85,58,142,110,146,52,76,78,15,148,0,43,65,86,147,74,137,79,119,46,139,68,49,122,32,121,83,54,13,149,75,80,111,36,60,47,100,67,104,64,124,42,131,3,62,39,105,21,138,102,29,38,89,33,31,112,96,50,7,44,30,20,5,90,125,92,108,94,27,6,132,26,37,136,77,91,24,35,69,81,141,12,130,17,11,40,87,114,117,144,9,10,4,41,113,116,103,73,8,57,127,128,61,101,88,82,133,134,95,59,118,97,14,19,109,18,25,28,23,71,51,99,123
45,5,53,55,106,22,89,116,130,88,146,61,135,142,23,8,52,34,13,39,115,81,107,129,14,63,54,96,71,46,147,59,28,76,67,124,35,0,73,20,92,131,38,137,86,77,84,42,121,16,122,32,72,85,74,4,149,26,15,111,36,79,6,100,136,104,64,27,134,140,3,126,48,65,21,120,97,25,139,50,33,31,112,83,2,51,133,98,49,127,66,125,56,108,94,80,128,132,90,37,91,60,119,24,105,69,87,30,10,101,57,58,113,70,114,117,144,9,102,47,41,118,40,43,7,17,62,75,93,82,141,110,145,11,99,95,1,29,12,123,143,109,18,103,68,78,44,138,19,148
91,68,82,55,106,39,5,29,92,9,24,95,135,23,40,8,52,119,45,128,93,81,131,111,14,63,99,124,71,59,133,104,79,41,36,148,74,0,117,83,19,84,96,137,43,1,145,42,27,16,122,32,140,26,72,80,149,120,146,47,17,115,6,132,118,21,64,98,134,107,3,34,50,65,66,89,48,35,139,20,88,11,112,100,101,51,67,144,49,127,102,125,116,13,123,33,73,69,18,54,108,142,4,97,138,90,87,121,130,12,57,58,113,129,114,53,25,141,147,105,10,85,60,70,94,136,62,37,28,86,76,110,61,31,126,15,75,30,77,7,143,109,38,103,22,56,44,78,2,46
78,110,76,55,92,43,36,108,31,142,37,145,86,23,3,44,70,119,144,128,17,12,79,131,91,133,45,82,85,111,33,0,81,53,35,101,74,62,117,95,2,93,58,125,103,1,84,59,137,63,122,87,139,26,72,51,30,9,149,67,124,115,52,38,118,120,21,98,6,107,77,132,42,65,121,89,61,27,22,20,47,18,112,100,39,80,4,75,68,127,102,116,83,13,134,123,57,143,11,54,73,41,16,97,49,90,32,140,130,8,46,40,113,129,66,69,25,141,147,105,10,106,88,64,94,136,7,50,104,48,24,109,138,29,126,15,5,19,148,34,28,96,146,14,71,56,99,135,60,114
78,3,86,138,92,25,142,108,127,10,14,109,107,72,96,23,129,119,105,140,62,51,31,131,99,43,45,139,85,111,33,118,81,117,35,16,116,36,53,87,76,93,58,125,103,64,7,144,137,37,65,68,98,126,11,114,29,122,0,4,56,115,52,38,101,44,21,148,97,143,49,132,17,82,121,6,61,77,22,110,84,40,133,1,39,124,94,30,26,19,48,5,67,13,8,123,34,57,80,47,73,41,74,50,18,46,147,149,130,12,71,141,113,59,66,69,79,63,42,55,135,2,102,9,54,136,120,83,104,134,24,128,32,106,88,91,27,75,70,145,89,90,146,112,95,100,20,15,60,28
78,136,86,18,10,25,145,38,56,132,127,102,93,58,47,142,109,119,105,138,62,54,35,131,120,43,0,68,123,128,106,31,61,26,115,139,130,104,148,36,29,76,15,91,45,64,7,135,67,37,137,60,87,9,11,146,112,122,83,99,111,129,52,39,51,44,16,108,97,143,49,72,4,82,121,63,116,73,22,107,118,40,84,1,103,12,94,30,98,96,48,5,8,13,28,59,41,57,124,24,33,42,144,50,88,46,134,113,3,2,147,141,125,53,66,6,79,55,114,19,69,21,85,80,17,14,140,34,149,117,89,70,32,133,23,27,90,75,92,71,81,65,100,74,95,101,20,110,126,77
78,10,17,113,110,25,145,30,148,115,28,42,21,58,47,142,109,119,81,11,76,71,128,125,5,126,0,72,51,19,146,15,61,26,105,98,79,87,50,29,40,93,124,66,45,64,7,135,67,121,137,60,62,24,4,65,112,122,141,99,91,131,84,39,139,38,23,48,44,143,49,22,6,18,85,59,116,73,94,56,102,57,132,82,31,120,83,43,77,55,70,92,8,13,12,97,123,107,53,133,33,149,144,147,88,32,134,111,136,46,14,90,36,2,68,37,54,63,114,41,69,127,86,80,130,95,118,96,52,16,129,35,138,75,3,89,100,140,27,103,1,9,117,74,104,101,20,34,108,106
60,10,77,131,137,53,111,43,101,115,52,59,29,58,46,108,110,119,62,136,23,49,90,125,5,126,0,118,51,117,42,15,61,75,9,98,79,133,50,130,148,81,83,97,105,32,87,11,69,21,84,17,78,26,135,48,140,82,141,99,128,80,102,39,106,64,13,7,44,143,139,66,22,70,33,113,116,73,65,12,132,57,6,18,103,120,36,34,56,27,112,92,93,19,76,96,123,107,20,121,8,149,38,138,88,4,134,144,127,91,14,37,47,2,68,89,28,63,114,41,30,16,109,45,3,95,1,74,147,72,35,145,24,124,85,94,100,86,142,25,40,55,54,71,104,146,122,31,129,67
132,10,50,0,137,53,124,28,101,125,87,127,29,83,6,41,110,119,56,55,64,49,57,103,5,2,131,118,146,117,42,75,61,23,79,44,25,133,70,37,52,94,16,80,105,144,78,11,111,54,84,9,51,26,77,12,88,69,59,45,85,13,33,39,140,27,138,7,66,35,92,19,22,130,48,113,99,71,65,120,4,58,139,98,3,47,36,34,142,74,18,38,93,112,90,96,123,115,145,20,8,149,62,63,91,148,134,24,60,73,107,114,67,102,121,21,126,143,43,68,30,106,109,141,14,82,1,40,147,97,122,46,81,116,135,72,108,86,136,76,15,17,89,32,104,128,100,95,129,31
40,133,91,111,67,39,83,118,101,117,44,136,8,81,89,41,53,119,143,140,64,21,26,103,5,6,34,2,146,19,56,23,61,28,45,50,84,149,17,138,42,94,57,14,87,102,99,43,31,54,95,74,51,109,77,22,33,90,47,79,32,12,82,85,24,125,70,15,66,106,92,88,13,78,48,137,3,69,27,130,4,58,29,98,139,7,36,73,16,10,18,38,93,112,9,96,123,135,145,49,35,108,62,63,55,37,107,105,126,100,1,114,97,68,121,120,131,127,71,115,30,60,20,80,52,25,148,86,147,113,122,46,59,116,124,72,132,110,141,76,104,129,144,142,0,128,65,75,134,11
42,77,123,128,33,94,129,140,139,64,31,130,23,119,84,67,17,59,143,89,61,99,2,30,10,101,93,25,49,44,122,9,3,117,37,103,126,149,43,138,71,81,146,62,87,68,70,98,108,147,109,4,57,111,32,22,83,90,47,79,60,12,82,85,24,125,50,15,66,106,86,88,105,102,48,13,58,114,27,26,91,110,95,92,45,40,145,56,16,76,18,38,35,53,1,74,52,120,29,97,14,137,135,63,55,6,107,34,11,54,73,96,75,36,136,144,131,127,80,51,69,116,20,8,39,118,148,115,100,113,78,5,21,19,124,72,132,41,46,7,104,141,112,142,0,121,65,28,134,133
36,65,3,40,33,84,44,131,15,43,31,51,99,49,121,67,16,112,97,35,135,91,140,30,27,101,117,89,78,114,122,119,118,61,37,71,8,149,50,45,128,26,86,109,87,68,25,11,13,147,134,42,2,96,32,108,83,144,47,79,0,12,1,85,98,125,103,130,9,73,74,123,105,102,48,63,34,24,110,19,10,23,127,141,142,111,62,4,53,139,18,38,145,60,82,93,52,120,22,100,14,20,58,137,70,54,107,75,138,95,57,129,136,21,55,94,77,29,80,28,69,6,7,17,39,126,92,81,106,113,146,5,76,64,124,72,132,66,46,143,104,148,116,59,41,115,88,90,56,133
141,127,16,40,140,149,44,112,88,55,25,51,99,145,48,124,146,43,38,35,135,132,106,102,139,101,117,89,94,114,122,119,42,76,37,71,92,46,50,109,47,91,6,121,134,128,5,113,11,69,34,130,17,12,26,108,61,144,123,131,116,147,1,82,98,111,81,32,56,73,83,96,105,2,41,63,137,24,29,142,125,23,14,49,138,79,18,4,62,84,133,58,27,60,31,93,52,85,13,97,21,7,95,80,19,33,86,75,100,103,57,30,136,148,110,36,77,65,9,143,120,54,3,22,39,126,74,118,10,107,90,0,68,64,87,72,8,70,59,15,104,20,53,45,78,115,28,67,66,129
133,79,51,40,35,68,104,73,88,55,18,70,140,145,48,52,4,147,99,56,36,53,76,10,11,63,117,44,94,114,81,92,42,144,93,71,22,46,109,127,5,134,61,121,69,41,132,126,113,78,80,146,28,125,26,64,72,106,13,50,62,47,1,20,98,111,118,139,33,17,82,96,141,2,9,116,137,7,95,142,32,120,14,49,37,16,90,123,3,84,58,130,27,124,91,23,29,31,85,97,25,43,128,119,75,21,102,8,100,59,83,30,136,148,110,115,34,24,57,143,112,54,149,108,60,12,74,101,105,45,86,0,138,67,87,89,65,39,135,15,103,19,131,122,6,38,107,77,66,129
133,20,63,91,134,68,126,73,112,55,8,148,122,145,130,52,125,22,129,28,36,86,76,65,149,43,128,46,94,104,81,92,45,144,115,71,69,72,56,30,12,11,106,64,37,41,67,118,88,90,80,146,53,66,26,5,35,119,13,44,121,70,38,9,58,111,79,117,33,3,82,96,141,2,110,116,32,7,14,98,103,127,75,39,107,16,23,51,139,84,6,54,147,124,34,102,108,31,85,15,74,27,17,21,60,4,97,136,123,59,83,101,113,49,109,140,99,24,57,143,100,78,131,87,93,95,114,135,105,25,48,0,19,120,47,142,1,137,61,62,42,50,18,29,40,77,10,132,89,138
133,20,134,39,116,68,57,3,112,85,98,99,113,54,4,8,35,25,18,28,136,135,87,0,143,126,103,45,46,76,13,88,21,17,78,71,69,114,14,60,66,43,132,119,63,41,36,118,72,59,5,146,53,1,26,50,125,11,49,44,129,127,38,9,58,79,64,117,137,130,82,96,70,56,138,40,94,95,16,106,90,92,75,67,111,74,86,22,139,148,80,23,147,124,34,102,108,51,37,15,24,27,10,33,61,115,141,149,123,81,83,122,144,29,7,84,32,48,97,6,107,109,131,104,93,100,52,73,105,140,31,2,19,110,47,142,145,12,101,128,42,121,89,91,120,77,55,30,62,65
111,16,113,39,42,68,24,3,112,142,9,62,55,61,138,103,132,18,67,54,57,122,87,98,81,120,4,146,0,92,13,56,21,115,78,145,69,79,63,8,66,149,38,32,108,74,75,40,144,27,5,89,53,47,35,110,125,43,65,29,118,12,64,117,58,102,107,22,26,130,19,116,70,126,84,14,94,95,100,134,90,97,129,52,59,91,86,101,72,139,80,23,147,25,141,88,137,51,37,15,106,114,10,33,30,127,50,45,123,121,83,128,71,135,11,133,20,77,73,6,36,109,131,104,93,136,44,48,124,140,31,2,46,1,105,148,17,119,99,7,34,76,49,41,85,82,28,60,96,143
111,56,24,143,42,68,76,102,16,119,9,140,55,134,53,74,11,18,86,87,90,128,49,82,91,64,127,146,0,92,13,22,21,85,108,144,45,75,63,26,95,38,33,132,148,88,31,139,120,14,5,101,71,116,109,126,125,60,8,29,93,40,6,43,52,47,122,149,3,113,19,105,70,61,84,104,89,131,100,73,77,97,34,54,123,115,78,79,4,57,80,145,147,62,58,138,137,112,37,15,106,114,110,12,30,36,59,130,50,121,83,17,117,136,98,133,20,25,10,69,41,35,129,67,118,103,142,48,124,27,32,44,2,1,51,135,23,46,99,7,141,65,72,96,107,94,28,39,66,81
56,90,127,143,67,136,117,129,89,96,71,120,77,147,55,100,99,146,86,6,141,128,4,5,47,101,138,126,0,43,109,22,21,9,12,20,38,125,149,26,95,74,137,42,148,123,31,66,112,144,44,53,87,23,91,131,59,60,8,106,75,29,25,50,52,122,93,11,142,19,18,105,70,61,134,130,119,49,63,135,45,92,88,54,13,36,78,72,64,57,28,37,81,121,58,84,73,34,110,15,27,114,108,7,97,79,30,116,16,51,83,17,62,102,98,133,111,14,140,69,115,35,80,76,118,103,68,33,124,104,32,41,113,1,40,132,139,46,24,145,2,65,48,85,107,94,3,39,10,82
9,133,127,94,140,27,56,3,16,62,111,120,93,29,67,100,75,54,117,141,21,128,4,79,115,96,138,148,0,43,90,38,134,71,12,129,143,125,149,91,98,74,68,63,142,123,6,64,97,144,44,61,72,135,2,119,88,60,8,85,53,110,58,50,10,14,41,87,146,40,18,39,70,32,47,139,121,66,19,113,45,51,5,92,130,42,80,118,147,57,20,37,86,112,52,77,73,34,22,15,136,89,84,7,49,26,99,25,109,48,83,101,17,102,122,55,69,28,132,31,106,35,116,76,23,59,78,103,81,104,95,131,13,1,108,30,126,46,24,145,105,65,107,124,137,33,36,114,11,82
2,133,142,94,120,114,135,54,119,102,10,56,81,19,67,100,137,69,40,62,20,43,118,57,115,96,79,6,86,64,90,30,74,63,12,129,11,128,149,91,105,37,68,144,122,123,72,143,97,0,22,73,38,85,21,27,88,26,8,138,145,110,113,116,101,134,41,111,46,139,18,39,70,58,55,98,121,66,23,44,45,82,17,92,83,49,80,126,140,3,76,112,34,47,89,77,13,35,93,14,136,141,125,109,124,127,99,25,60,48,1,50,148,53,71,15,52,7,108,84,106,42,65,9,117,36,78,61,32,104,95,5,87,4,59,28,75,31,24,147,132,16,107,131,29,33,103,146,51,130
76,41,31,123,17,136,3,0,119,23,138,2,77,129,34,100,137,69,40,93,141,4,134,57,107,96,101,79,25,64,73,30,43,106,12,63,11,128,125,87,135,1,86,140,104,112,37,56,91,21,99,83,33,85,35,27,88,47,8,58,121,110,118,6,22,105,114,36,46,92,28,39,78,147,55,66,26,67,122,70,60,48,82,52,45,20,116,126,51,62,38,139,120,124,5,71,90,53,61,14,97,80,143,109,68,115,103,102,19,72,111,50,148,49,144,98,145,113,108,44,15,42,65,9,54,81,7,18,32,117,95,127,89,10,59,29,75,74,24,132,149,16,84,131,142,133,13,146,94,130
76,89,35,128,133,12,3,46,79,23,146,63,65,129,92,67,149,2,24,78,121,4,134,56,107,96,103,19,137,127,80,119,82,106,10,17,101,138,125,112,141,97,9,113,104,145,74,70,50,77,135,13,33,85,25,27,30,47,81,51,136,110,57,73,22,111,114,36,11,34,28,72,69,88,55,124,26,52,122,8,44,48,95,84,139,123,117,5,18,144,38,53,120,99,98,71,90,60,15,14,83,140,91,109,68,126,62,102,87,43,58,61,7,49,1,148,21,94,118,147,143,42,0,100,6,105,45,115,75,39,41,86,142,37,59,29,32,132,93,31,54,16,108,20,66,64,40,116,131,130
117,53,89,118,103,93,15,116,20,75,83,110,65,13,98,77,149,58,55,132,27,99,56,34,107,21,49,133,109,39,80,119,23,88,61,35,86,94,125,18,141,37,60,97,84,101,74,144,122,82,67,87,33,85,25,71,30,104,81,36,136,96,57,73,22,131,120,29,112,106,115,147,69,32,54,47,138,46,146,8,7,129,91,44,139,123,50,5,137,24,38,127,28,6,52,105,111,95,130,14,143,79,12,90,68,126,62,102,72,43,11,26,9,140,1,121,48,59,51,4,2,19,0,100,45,148,42,40,145,63,41,31,142,92,78,113,17,76,70,10,3,16,108,128,66,64,134,135,124,114
117,142,119,12,107,93,141,71,69,46,83,110,143,13,92,77,116,132,15,50,27,44,3,106,90,126,98,134,4,18,133,61,23,88,29,114,86,79,125,112,24,37,55,34,89,39,57,72,53,59,40,146,26,85,1,122,30,104,95,124,136,38,96,33,22,2,120,62,78,81,115,65,82,32,54,47,60,42,130,102,129,41,128,149,105,123,52,74,145,35,63,87,28,6,20,101,111,8,144,14,140,131,121,118,148,76,84,21,75,43,11,99,138,135,17,68,48,58,51,16,147,19,0,100,70,94,73,139,67,45,103,127,137,80,64,113,56,9,91,10,97,31,108,109,66,7,5,49,36,25
117,142,6,12,139,93,136,71,69,140,67,110,125,13,61,99,8,132,15,30,19,114,0,106,3,78,135,83,37,45,52,112,134,11,29,92,113,32,149,118,54,123,66,49,116,107,95,72,53,59,40,33,43,89,98,38,122,141,34,47,55,50,96,46,133,2,120,143,16,145,77,35,82,65,27,42,147,81,20,56,129,41,128,24,105,104,74,23,121,44,63,87,146,138,4,57,51,39,144,14,148,126,22,26,36,64,101,103,75,97,80,94,88,79,90,68,60,58,62,5,131,28,85,48,70,73,1,115,130,91,119,127,102,84,18,25,124,86,76,10,100,31,108,109,111,7,9,21,137,17
70,142,83,52,139,93,34,71,17,140,96,19,133,41,61,99,27,6,15,35,54,114,75,37,3,131,141,13,67,21,122,22,134,143,87,92,113,42,9,144,94,49,66,146,12,63,69,112,82,59,60,33,74,14,40,38,118,116,120,55,18,64,80,117,16,20,123,5,98,145,148,76,65,1,121,136,147,81,149,104,129,62,128,110,105,28,79,25,91,95,138,11,45,89,4,44,51,29,31,135,58,0,85,68,56,43,101,8,103,97,32,10,88,2,90,50,39,7,107,109,127,36,119,48,57,73,125,23,130,30,72,24,102,84,115,126,124,86,46,47,106,77,108,137,111,26,100,132,53,78
31,142,145,52,63,44,34,117,88,140,96,19,17,74,60,64,27,29,76,26,92,133,49,35,148,24,39,13,134,132,127,28,8,141,131,45,83,42,107,85,94,102,16,93,109,41,69,112,65,59,23,33,130,70,40,0,118,73,119,72,82,15,80,84,10,87,75,113,114,71,123,50,30,20,54,136,11,81,149,104,129,62,135,110,38,61,97,2,91,147,3,21,89,103,120,46,139,95,138,108,7,58,78,56,22,43,111,1,66,98,32,18,9,115,90,100,5,68,55,67,51,36,48,116,57,121,125,25,101,126,79,143,128,37,122,144,124,86,4,47,106,77,99,137,105,6,12,14,53,146
131,85,145,9,86,33,53,88,143,132,98,103,97,146,104,37,27,119,15,64,76,133,102,35,26,93,5,13,134,49,127,28,8,6,22,45,83,62,32,31,94,51,117,82,52,116,123,112,65,29,142,0,11,23,40,77,63,139,107,121,70,10,46,84,39,68,75,59,114,71,19,36,42,91,96,60,69,136,124,17,129,81,135,108,41,61,79,90,20,147,130,72,100,109,44,66,12,115,138,144,7,30,78,56,38,4,141,24,110,50,58,18,43,89,80,120,34,101,55,67,73,106,48,57,3,25,125,2,54,126,111,1,118,95,122,21,140,16,87,47,113,149,99,137,105,128,74,148,14,92
131,18,146,58,110,33,75,49,19,132,98,43,52,14,104,37,20,23,74,28,76,117,65,92,62,9,113,63,86,77,54,57,10,44,38,119,123,85,11,31,130,101,109,84,68,116,24,112,51,6,88,40,22,64,12,93,70,8,144,97,45,29,121,39,73,15,53,59,114,71,134,36,124,48,96,138,69,136,32,17,47,102,135,30,5,66,79,60,16,147,26,142,90,0,2,129,103,115,25,118,7,13,50,56,95,4,127,91,137,61,42,99,107,89,139,120,105,111,55,87,82,106,83,46,3,100,125,67,72,126,78,1,145,143,122,108,140,35,41,141,81,149,94,21,27,128,133,148,80,34
117,18,118,58,74,84,34,49,19,132,85,110,107,73,43,130,20,126,63,46,76,138,23,98,62,9,113,61,93,50,54,92,10,1,38,119,123,17,40,12,70,115,4,41,35,116,5,101,102,71,86,28,53,64,105,13,97,36,80,59,75,79,121,100,26,135,87,140,22,30,37,68,124,48,96,77,15,103,32,39,0,89,29,142,44,21,66,60,16,94,51,31,99,65,2,129,11,145,25,133,7,144,134,56,95,106,47,111,120,91,8,127,128,147,139,83,33,42,55,88,72,136,3,57,141,90,45,67,82,24,78,52,114,143,122,69,131,112,109,14,104,81,137,6,27,149,108,148,125,146
117,22,76,67,71,52,77,49,122,20,124,8,107,47,43,44,10,48,63,46,40,138,75,72,58,30,139,137,93,26,27,92,145,34,118,14,28,17,136,12,79,115,4,37,35,16,6,101,38,112,5,108,148,89,1,13,95,142,82,96,19,102,103,120,126,113,87,119,91,116,99,68,147,54,11,41,15,134,32,105,0,42,135,100,18,65,66,60,62,64,51,31,25,94,97,59,129,81,140,133,7,53,86,56,85,78,106,123,2,80,88,61,143,121,21,39,36,104,128,144,57,55,83,130,141,90,45,9,33,24,23,98,114,110,50,69,131,84,109,29,74,111,127,149,132,3,70,73,125,146
130,22,41,67,136,114,99,1,18,20,31,73,43,13,117,3,141,30,63,46,119,138,37,111,146,96,139,147,115,26,68,19,144,54,64,74,60,101,140,124,52,90,33,17,69,39,6,35,38,112,75,23,71,89,36,87,49,145,82,135,9,25,51,143,93,113,4,92,91,116,132,107,62,81,94,47,15,98,32,105,12,148,79,100,85,65,14,48,126,5,106,58,84,24,83,0,129,77,44,110,7,53,86,56,123,78,76,8,2,80,88,61,45,121,149,103,27,108,128,29,142,55,16,40,42,131,57,11,95,137,21,28,72,134,50,66,120,133,97,10,118,122,127,59,104,102,70,109,125,34
46,56,89,3,138,143,99,19,96,63,31,73,43,76,117,1,141,111,71,140,126,11,74,86,146,118,30,37,60,51,24,103,39,61,64,27,15,101,33,107,38,90,28,114,20,132,94,35,21,5,2,23,112,62,128,4,22,110,82,135,142,49,53,98,93,67,25,129,91,116,139,137,42,58,84,47,45,17,32,119,12,6,79,109,85,78,14,69,52,0,54,16,65,92,83,121,95,104,44,59,55,106,105,18,123,26,13,8,115,80,88,120,29,102,124,136,122,108,100,87,48,149,10,81,57,131,77,72,148,147,41,7,144,134,50,66,40,133,97,125,145,68,127,113,70,9,75,130,36,34
46,47,95,3,138,5,16,19,120,31,98,73,43,118,113,1,122,112,94,87,14,11,74,71,9,121,127,143,142,55,129,103,39,6,52,27,96,117,33,107,38,128,97,2,124,0,20,116,30,67,119,42,125,35,136,57,8,109,82,100,61,12,62,36,79,105,111,101,137,114,37,4,18,72,139,102,45,17,26,28,22,90,29,7,85,76,93,21,23,89,54,108,65,92,66,77,13,104,44,59,83,106,78,84,123,110,58,48,68,80,88,140,86,24,99,64,56,60,32,115,53,91,49,10,15,131,81,144,148,147,41,149,51,70,50,75,40,133,146,130,145,69,132,25,135,141,126,134,63,34
46,47,95,70,53,5,65,39,125,31,55,91,43,142,90,1,122,45,63,60,18,143,74,100,87,121,64,36,107,118,97,120,54,56,138,75,83,98,41,80,85,148,37,2,124,123,68,116,23,104,16,40,93,35,10,57,144,13,6,73,61,106,62,117,79,105,111,149,11,114,86,131,30,72,139,25,0,102,109,101,71,136,130,7,27,110,49,21,96,89,103,59,14,78,66,17,127,119,44,33,38,58,112,4,92,94,20,48,34,29,88,8,82,24,26,76,134,135,32,137,81,141,147,3,15,19,140,129,146,113,9,108,42,22,50,52,84,28,133,115,145,69,132,99,67,12,126,128,77,51
142,47,74,54,99,15,65,9,119,26,55,91,90,48,103,1,97,45,102,24,20,111,14,3,28,118,17,36,21,23,93,123,130,82,42,87,127,149,120,41,85,135,94,108,132,125,144,76,46,100,78,40,115,35,37,57,53,81,64,126,18,33,62,117,79,105,101,6,11,49,86,110,30,72,139,131,0,66,109,19,68,136,10,7,27,133,128,67,84,63,95,88,96,116,106,44,92,146,83,56,138,5,112,16,140,122,114,8,34,29,25,141,59,80,98,2,71,31,32,137,134,61,147,148,69,104,107,129,51,113,73,89,13,22,50,52,60,70,143,77,145,121,43,58,75,12,4,39,38,124
110,47,49,93,99,102,117,65,59,26,55,142,90,48,79,1,126,91,125,24,132,25,20,114,82,89,107,22,67,23,0,85,12,53,39,121,81,131,120,41,61,52,29,127,75,138,86,54,46,100,50,149,115,35,37,4,84,2,74,31,64,92,62,141,144,105,28,128,11,97,45,57,78,88,139,106,15,124,71,129,113,136,111,40,27,133,60,148,6,30,103,135,19,63,108,44,116,146,72,34,56,5,112,16,3,122,83,8,32,101,137,77,18,10,98,140,13,145,76,36,118,17,95,21,69,104,7,42,96,66,94,80,119,130,33,134,109,70,143,14,51,73,43,58,9,147,68,87,38,123
110,47,92,14,19,4,29,128,12,17,55,32,136,137,77,1,88,35,99,24,89,69,142,9,0,117,70,60,125,23,59,123,104,114,83,143,86,141,57,149,61,52,97,111,75,138,67,62,18,100,68,50,115,21,37,146,84,132,74,34,53,129,20,25,22,40,28,58,5,91,45,49,94,39,139,119,15,2,71,147,103,82,64,113,27,133,51,108,6,96,78,36,148,116,8,44,126,85,72,122,66,120,112,90,3,93,65,33,42,101,135,16,102,10,131,41,13,145,76,43,144,98,48,106,56,121,7,31,26,107,30,80,11,81,46,134,109,79,118,127,54,73,63,140,130,124,95,87,105,38
32,27,75,135,107,4,122,1,97,111,55,132,113,137,77,148,88,28,17,83,34,90,78,13,136,117,3,59,125,91,80,102,76,22,5,98,86,20,141,149,143,31,64,81,79,140,129,15,110,29,10,73,115,21,12,66,108,48,38,114,101,128,14,109,57,127,123,62,23,104,45,49,94,39,67,119,54,2,51,147,126,52,70,72,84,19,133,60,6,96,26,120,138,116,8,44,58,85,134,71,92,61,112,82,0,69,65,33,42,37,103,16,35,74,121,41,146,145,18,106,144,131,68,43,56,105,40,142,9,93,30,89,50,46,7,139,25,99,118,24,63,36,53,11,130,124,100,87,47,95
32,27,4,44,19,92,22,67,135,102,63,70,84,68,66,148,142,133,17,83,89,87,126,35,136,117,64,59,125,16,28,79,122,94,110,98,86,75,141,149,146,48,80,81,20,6,7,77,58,93,60,26,33,21,34,0,65,97,116,49,139,128,14,109,50,78,82,62,23,95,147,56,145,88,39,119,40,2,140,76,37,46,123,132,143,54,12,15,51,96,108,101,90,36,8,5,120,85,134,74,25,30,112,129,10,99,71,69,73,3,38,72,137,138,121,41,131,103,18,106,144,1,61,42,55,130,104,118,9,127,113,29,115,45,43,107,47,111,57,24,31,13,53,11,105,124,100,114,52,91
32,27,137,49,20,11,24,67,135,81,63,138,106,25,66,148,29,92,59,147,116,87,126,109,97,8,64,85,5,128,26,79,43,121,110,111,60,80,133,89,75,48,144,16,140,102,136,44,58,77,14,40,31,9,4,107,83,129,149,72,21,51,46,139,50,143,122,62,10,146,84,0,145,88,28,19,34,47,70,76,124,53,142,123,96,54,12,78,134,141,39,108,90,13,36,119,120,65,94,74,41,30,114,103,56,82,71,7,117,3,38,33,112,18,42,130,131,45,115,68,17,101,61,23,69,1,104,118,125,127,113,2,99,6,37,35,86,95,57,100,55,98,15,132,105,22,93,73,52,91
82,27,137,49,43,143,123,24,69,101,63,128,125,104,110,59,60,92,112,16,80,87,117,109,54,121,62,85,136,102,26,79,77,67,4,53,71,144,10,42,3,48,86,130,12,133,33,9,58,138,21,134,31,32,1,107,84,129,65,72,149,51,145,46,50,93,142,131,35,40,28,0,76,88,89,25,34,106,41,97,73,122,75,57,108,30,148,139,146,141,20,15,135,11,19,13,120,81,105,8,127,36,114,103,68,140,147,7,78,66,38,14,47,18,94,90,126,55,115,113,17,119,52,23,95,64,56,118,91,61,99,2,74,6,37,22,70,45,116,100,39,98,111,132,29,83,44,5,124,96
42,148,137,38,115,51,88,122,114,5,52,138,82,57,110,29,7,92,112,64,120,69,119,24,102,121,81,85,136,104,75,79,108,71,4,139,140,144,10,78,53,48,86,135,12,18,143,54,116,2,21,117,31,107,47,127,84,125,65,72,41,26,45,146,27,93,106,49,113,40,35,95,3,131,90,25,11,8,80,32,63,103,67,37,34,33,9,89,97,141,60,15,58,1,109,13,111,70,105,61,142,30,83,132,134,14,147,50,77,118,59,20,76,145,94,73,126,55,19,99,149,128,46,23,43,28,56,0,91,16,62,36,74,96,6,22,17,130,100,44,39,98,129,133,68,66,101,87,124,123
94,148,9,100,82,29,126,3,35,5,52,44,142,2,110,120,7,103,83,64,112,69,119,128,105,92,37,93,31,13,58,79,108,20,4,139,140,57,12,70,56,135,122,146,109,18,91,87,116,38,115,39,30,26,42,137,84,125,21,48,10,66,80,99,27,71,147,17,113,40,102,1,41,144,90,25,54,8,32,6,19,143,50,111,34,33,74,73,97,98,60,75,51,85,43,72,49,36,16,68,62,22,63,11,89,14,129,123,77,118,59,141,88,145,28,117,67,55,61,78,149,107,46,47,136,81,15,0,127,101,130,23,131,76,104,65,132,96,45,86,121,134,114,133,95,106,24,53,124,138
85,148,42,100,110,73,126,74,65,64,31,44,142,2,86,81,131,103,3,45,41,146,49,54,105,83,82,9,0,53,58,109,108,98,4,5,136,51,12,134,76,135,94,70,23,90,91,50,52,137,115,39,30,7,128,79,84,145,97,124,29,43,80,99,122,26,129,17,104,20,125,37,111,144,113,60,96,69,147,6,19,143,46,149,112,139,13,72,10,27,107,119,133,33,36,24,35,48,16,38,62,22,55,11,88,14,59,141,77,116,75,28,130,61,66,117,67,18,101,78,57,118,32,40,25,92,15,127,106,140,56,87,8,68,93,34,132,1,71,21,114,102,47,89,95,121,123,120,63,138
79,14,42,12,148,30,111,139,43,64,46,71,10,2,55,122,131,141,3,61,41,128,107,54,63,83,95,77,0,24,58,74,65,98,28,120,136,143,84,134,102,78,5,86,23,147,105,117,100,7,121,32,29,60,142,99,37,145,47,124,90,137,17,108,70,26,73,129,123,59,146,9,118,144,104,113,91,149,76,13,110,49,92,68,112,50,45,80,35,96,75,119,133,33,4,103,109,48,16,67,31,22,93,11,88,44,138,72,132,135,126,53,130,19,66,115,97,18,101,34,57,114,39,36,6,56,15,38,106,140,62,81,8,20,40,27,85,1,51,21,52,127,89,87,69,94,116,82,125,25
134,58,83,25,148,21,101,115,43,133,110,71,61,2,130,122,131,139,3,37,96,57,114,120,9,109,22,128,99,97,87,74,93,68,28,105,136,108,80,5,143,78,104,86,23,111,76,34,100,46,66,32,56,60,50,113,92,118,47,124,10,137,17,64,70,126,73,129,30,72,41,67,42,144,123,102,0,48,38,13,63,52,103,26,98,39,45,59,7,40,95,119,1,33,4,116,79,140,16,147,125,35,44,77,89,55,132,84,36,135,146,49,6,81,11,117,91,18,29,31,53,138,14,107,27,88,15,112,20,141,62,12,8,24,85,106,82,149,51,54,19,145,142,90,69,94,65,121,127,75
26,58,57,2,100,43,101,148,70,107,110,97,111,64,94,135,104,95,49,39,91,90,114,5,140,81,22,32,78,20,143,46,121,68,120,123,136,71,122,80,115,76,77,88,50,40,79,44,27,98,28,54,56,60,3,19,92,130,13,124,10,127,17,139,52,4,73,129,11,47,41,6,35,144,87,61,0,48,117,118,63,96,103,134,65,37,45,74,128,99,102,119,86,33,125,30,109,131,82,7,62,66,67,126,15,55,38,84,137,106,132,34,108,36,116,141,133,16,9,31,53,138,14,146,89,113,25,18,112,72,1,12,8,21,85,59,42,149,147,24,29,145,142,23,69,51,93,105,83,75
26,126,104,85,53,64,101,116,4,107,61,82,52,114,79,135,33,95,46,39,91,75,102,13,65,115,22,32,78,134,24,90,97,51,120,123,8,139,60,121,47,1,12,41,19,112,57,59,80,111,28,106,110,99,67,76,2,37,27,124,14,34,17,20,109,140,73,129,11,58,105,6,44,62,87,38,125,40,117,5,31,96,50,84,55,144,137,74,29,81,3,94,36,71,92,142,136,10,77,7,48,66,45,35,15,88,122,118,30,100,132,103,108,9,143,68,148,16,146,49,0,128,56,119,89,113,25,147,98,141,43,54,42,21,72,86,18,130,63,70,131,145,138,23,69,149,93,127,83,133
111,126,26,10,31,64,95,116,145,0,68,82,92,119,79,131,123,83,146,53,48,77,142,24,52,39,139,14,69,134,118,29,58,51,25,96,8,135,60,62,42,91,12,41,19,85,101,59,80,13,128,149,110,67,122,45,2,102,130,124,140,34,17,84,109,125,103,47,11,4,72,137,89,22,7,38,93,46,108,5,114,100,50,87,70,40,20,74,6,90,37,94,36,71,54,127,65,105,57,32,138,143,78,35,44,66,120,106,43,18,136,27,33,9,112,75,148,16,15,49,98,1,56,23,129,113,28,147,115,21,81,133,141,117,73,86,107,61,63,3,30,88,104,121,132,55,97,76,99,144
138,36,143,74,30,95,18,40,130,0,68,118,84,37,79,131,66,83,2,53,45,103,92,104,145,38,3,129,64,115,106,29,55,73,107,147,57,135,41,48,42,140,54,102,19,76,24,59,80,123,14,51,110,11,108,114,32,67,61,71,148,34,124,31,109,125,149,47,99,8,116,137,89,85,7,127,93,91,119,5,35,126,50,98,10,90,62,146,6,75,1,46,81,111,82,134,70,105,26,113,27,144,128,97,44,141,120,122,13,142,136,77,22,9,112,25,96,16,88,49,132,17,23,20,43,39,28,52,87,21,56,133,78,117,69,60,94,33,63,65,101,15,86,121,72,4,139,12,58,100
76,58,95,119,118,47,107,71,110,14,129,67,91,37,83,50,8,80,146,53,120,18,86,104,108,38,88,64,149,115,70,87,100,143,1,46,90,135,113,85,111,117,54,102,22,15,24,96,145,2,138,51,73,41,32,114,36,142,19,45,147,148,66,63,57,101,43,124,134,137,116,20,103,131,11,127,93,17,68,5,7,126,99,98,10,75,62,4,84,92,69,59,81,49,82,130,89,105,121,6,27,94,128,97,35,141,106,122,40,52,136,77,30,9,112,12,139,16,13,60,132,65,109,125,3,140,55,144,39,21,56,31,78,61,48,25,74,33,0,44,34,133,28,123,72,26,23,42,79,29
64,53,2,30,15,47,92,135,4,123,129,67,101,124,103,74,51,117,112,76,83,28,37,82,108,102,48,34,149,120,90,87,105,65,96,7,128,60,89,85,5,14,40,71,22,138,116,17,36,0,18,10,73,70,32,104,115,142,19,146,147,148,141,131,57,35,43,8,145,137,106,20,24,27,11,78,93,86,46,80,45,126,54,66,143,41,62,110,84,63,9,26,61,49,21,98,122,39,119,6,88,94,107,72,29,113,114,125,109,97,136,140,3,75,38,13,139,16,59,69,91,52,111,58,68,132,55,144,1,118,56,31,121,12,81,25,95,99,100,44,33,50,77,127,134,133,23,42,79,130
71,53,109,117,70,11,77,2,45,123,135,16,101,40,81,26,51,0,15,76,41,105,37,82,42,102,30,59,56,55,147,138,79,65,27,22,18,60,104,85,68,120,64,12,24,48,98,118,29,34,21,145,80,33,32,73,90,136,19,146,46,148,141,128,137,96,43,47,97,67,28,14,13,115,7,142,93,54,8,50,130,133,106,57,143,100,62,110,84,63,25,31,35,44,5,112,122,20,92,6,88,94,107,72,127,78,114,49,9,119,113,1,3,75,38,95,126,131,36,69,86,52,103,4,132,124,87,144,91,89,134,17,121,149,10,58,125,99,74,83,116,111,61,139,129,66,140,39,23,108
68,117,74,66,2,11,77,27,100,42,136,14,108,95,57,91,51,67,15,120,41,48,37,118,121,102,30,89,39,115,132,138,79,65,53,139,18,114,8,16,0,123,63,140,109,26,56,34,29,82,85,69,86,80,33,52,10,24,98,146,43,28,141,105,96,135,54,47,97,46,128,143,78,131,7,31,40,104,144,32,70,133,129,87,12,113,20,124,84,126,142,25,73,44,50,112,148,49,92,122,88,103,107,72,127,13,71,75,9,137,93,1,3,83,45,106,22,125,36,90,59,21,94,4,134,35,76,19,145,64,130,17,60,149,119,58,147,99,110,55,116,6,81,61,101,5,111,62,23,38
1,67,101,143,105,121,11,58,100,144,136,114,108,118,77,110,31,65,15,18,41,128,8,95,46,91,68,86,103,123,42,92,26,90,85,139,6,48,47,16,20,50,32,131,109,27,56,146,52,94,23,44,61,80,5,83,10,60,98,3,14,28,141,119,132,135,54,63,97,0,2,19,124,81,30,75,126,43,51,69,89,25,79,87,40,125,17,7,82,66,71,133,12,22,115,37,120,45,49,122,88,13,107,72,127,53,73,142,29,137,93,4,24,138,38,106,148,112,74,140,59,84,70,21,134,78,76,39,145,64,130,34,62,149,9,117,147,99,104,55,116,57,129,102,96,36,111,113,33,35
100,59,63,37,71,121,111,38,99,144,32,114,21,66,116,2,48,65,98,89,41,124,58,148,17,16,126,86,128,123,141,1,26,97,15,75,6,105,10,143,102,50,79,49,109,27,56,92,95,94,8,24,18,80,5,83,142,60,120,91,14,52,43,108,132,135,76,67,7,139,47,62,136,45,103,19,77,9,51,11,130,125,88,87,113,22,25,137,117,57,119,3,110,107,81,133,20,101,29,40,54,13,64,72,129,53,73,69,30,104,78,4,85,138,12,106,131,140,74,145,118,31,70,68,23,134,82,39,122,84,96,34,90,149,42,28,112,44,61,55,46,36,93,115,127,0,147,146,33,35
63,100,97,37,9,19,32,38,99,71,109,114,145,13,116,105,118,128,139,69,41,65,50,60,130,17,126,112,86,4,137,1,108,103,131,122,31,39,68,35,78,36,148,49,141,111,56,92,95,106,42,24,121,80,5,83,142,135,110,107,52,93,54,94,132,48,64,53,129,14,26,143,136,45,15,22,77,146,51,11,133,102,10,55,33,98,25,12,117,66,119,62,3,21,67,127,87,18,79,40,82,6,43,72,101,0,81,140,47,104,125,57,85,138,29,147,16,124,74,27,89,144,96,120,23,134,44,113,90,91,61,34,123,149,8,7,59,73,20,58,46,75,2,115,88,28,76,70,30,84
97,3,44,37,132,9,121,25,99,38,109,118,11,103,116,26,111,22,139,69,41,65,50,120,61,17,24,98,19,23,144,1,108,70,131,74,68,122,105,88,78,134,82,49,92,56,12,20,62,106,104,6,60,145,126,83,54,135,110,107,114,93,129,21,136,101,64,53,72,80,47,96,102,45,42,86,124,57,140,46,58,51,10,5,130,29,36,71,117,123,33,32,28,77,67,127,87,18,79,34,63,7,55,112,142,73,81,66,94,31,125,27,4,138,48,16,143,52,84,8,43,14,39,115,0,40,141,113,119,91,89,35,13,149,137,75,85,2,59,148,147,76,90,146,100,133,15,128,30,95
134,3,68,93,59,132,121,25,47,117,19,49,138,125,52,81,98,101,139,115,146,126,133,14,61,9,130,85,120,23,7,86,108,72,140,54,104,74,113,60,32,6,82,10,35,56,24,20,12,43,97,78,39,145,58,26,48,69,147,105,114,106,42,83,136,107,64,45,8,96,55,38,102,41,80,5,142,65,129,46,118,17,94,137,144,29,103,71,91,123,37,28,33,77,112,122,87,70,79,34,63,57,119,22,18,73,4,11,53,110,27,88,109,50,141,16,143,62,131,135,89,149,1,66,0,40,21,92,76,116,36,100,13,44,124,75,51,2,67,148,111,84,90,99,31,127,15,128,30,95
105,49,68,139,28,98,69,30,35,93,19,62,125,134,52,81,94,133,29,149,90,129,60,97,61,16,130,100,26,23,7,99,92,72,119,142,135,78,67,114,32,83,132,10,112,77,86,74,56,31,101,144,138,39,58,104,54,0,147,117,106,123,42,122,146,107,64,140,84,118,22,38,5,41,80,82,27,96,17,46,50,116,126,137,73,33,8,141,91,4,37,45,14,75,6,12,1,87,36,15,63,57,71,85,18,65,43,48,79,110,25,9,109,145,121,20,143,11,66,113,89,120,44,21,136,40,103,115,76,70,127,59,13,3,124,102,51,88,2,148,111,108,131,24,34,47,55,53,128,95
72,70,31,139,104,10,69,27,35,127,106,9,112,124,52,149,102,89,29,45,90,129,60,97,63,15,130,100,28,83,48,99,115,105,107,131,140,84,67,114,3,11,132,51,92,77,2,87,40,4,101,7,98,66,12,135,34,26,147,54,128,16,86,47,1,116,19,148,123,108,111,113,142,41,94,68,144,146,17,24,44,18,126,39,36,8,38,56,32,64,74,138,14,75,6,103,82,55,62,117,61,23,93,85,49,65,43,21,134,110,25,133,91,145,57,0,42,73,33,20,5,120,58,118,136,109,119,96,76,143,81,59,13,46,22,80,125,88,79,78,121,141,71,50,122,137,30,53,37,95
45,70,121,139,52,23,146,59,17,127,143,9,112,42,147,67,131,135,60,36,40,86,100,88,99,63,130,8,2,91,25,106,115,105,96,14,140,27,79,122,18,35,31,15,38,77,107,87,128,4,98,141,119,7,125,144,34,26,29,74,137,16,46,30,120,108,21,114,123,1,111,113,142,110,94,89,24,53,65,124,44,66,61,39,118,13,83,56,32,64,126,138,133,48,19,103,76,55,92,117,3,90,93,50,101,134,47,72,149,129,68,22,33,145,57,0,97,84,82,20,75,11,54,102,136,109,37,85,132,28,10,95,73,69,81,80,116,41,78,62,5,148,71,12,104,43,58,49,6,51
85,143,44,138,52,51,146,59,88,127,17,106,98,19,95,67,22,135,132,47,40,86,100,107,99,133,130,34,102,14,25,121,64,82,96,147,103,27,140,122,21,35,77,28,113,42,129,66,57,20,126,68,136,125,55,54,115,46,118,89,137,38,12,36,37,108,128,114,79,61,11,80,105,72,110,131,24,53,65,124,43,71,58,1,97,0,74,13,32,117,49,76,8,48,116,63,16,60,92,23,15,90,93,50,26,31,101,112,2,104,10,7,9,145,87,45,29,84,144,3,149,142,123,69,141,109,39,120,33,148,75,18,73,81,70,83,30,41,78,62,5,94,91,139,134,119,56,4,6,111
85,3,118,29,5,15,32,99,88,44,76,106,138,141,18,72,9,135,46,31,2,86,100,41,96,71,130,142,48,14,11,121,146,143,82,134,103,116,140,122,90,61,19,104,95,42,26,66,34,144,111,24,68,115,40,28,73,55,63,133,54,38,56,36,108,20,128,58,107,35,59,80,105,102,131,136,67,57,65,77,43,62,1,21,114,0,74,126,39,117,49,137,8,91,16,27,53,101,50,23,45,89,110,124,120,127,37,69,97,92,60,119,12,145,22,81,7,84,98,79,149,30,123,113,25,112,64,148,33,13,75,78,47,52,70,83,93,125,147,51,109,129,87,139,10,132,17,4,6,94
85,3,56,92,5,19,78,62,82,120,28,136,115,72,55,43,88,65,54,41,2,86,0,47,96,61,125,146,138,14,15,29,108,144,11,34,142,116,79,89,90,40,33,124,46,106,50,66,16,147,63,24,112,104,137,99,111,7,140,133,103,38,48,68,10,32,128,118,107,110,71,80,134,13,131,113,67,25,23,57,75,37,100,18,74,148,59,126,39,8,49,35,119,91,141,27,42,101,95,21,22,52,145,143,44,105,130,69,97,9,84,121,12,53,51,81,139,31,98,127,149,36,73,60,45,4,64,1,17,102,87,76,77,58,70,83,93,26,132,135,109,129,20,114,123,117,30,122,6,94
133,3,56,119,125,50,78,42,82,124,26,136,115,96,55,122,37,65,15,35,103,97,73,47,25,61,114,80,108,54,14,74,32,144,9,34,140,116,79,63,135,40,94,28,89,12,110,41,145,30,101,44,7,57,51,99,111,81,21,69,16,20,39,68,147,29,86,88,107,123,84,105,22,13,121,113,67,66,23,18,2,137,98,19,5,148,48,33,129,90,49,134,143,11,24,100,53,59,126,0,106,109,52,128,83,92,130,127,10,138,4,112,117,72,62,38,139,31,27,141,36,93,75,60,45,95,132,1,17,102,87,76,77,149,70,46,142,131,146,58,104,64,8,71,118,120,43,91,6,85
64,111,56,119,100,50,123,54,107,124,26,113,127,144,46,122,93,52,30,19,105,80,9,47,83,42,114,134,146,8,142,31,39,75,89,82,140,4,14,36,34,40,126,45,66,12,15,131,145,72,23,79,108,41,51,99,60,116,32,115,57,6,68,67,20,59,85,88,44,22,98,37,141,33,121,91,94,137,71,53,5,55,69,25,143,63,74,61,129,90,135,78,95,97,24,18,62,104,27,0,106,109,92,128,148,112,130,28,10,86,77,11,117,3,101,38,139,84,13,81,29,132,16,73,49,133,2,1,17,102,87,21,110,149,70,96,103,136,35,58,48,7,147,138,118,120,43,65,125,76
4,111,97,119,6,50,123,121,107,124,144,92,42,127,37,39,93,52,89,71,35,14,88,96,134,116,21,106,146,118,142,85,36,61,122,105,75,28,90,0,120,40,126,77,131,12,73,46,31,54,140,141,23,41,139,99,76,22,32,26,57,113,8,79,20,65,82,3,125,108,2,114,7,56,33,16,94,34,83,148,5,29,78,101,69,63,80,60,129,143,135,45,15,102,58,19,62,104,137,10,25,18,95,49,67,112,44,24,115,86,110,11,149,109,74,38,84,9,117,66,91,81,64,130,55,43,72,1,17,98,87,30,53,128,70,27,103,136,145,132,48,47,147,138,100,68,133,51,59,13
111,69,97,57,6,50,65,121,33,83,67,130,10,79,37,39,45,137,40,42,92,14,116,90,44,82,122,106,110,118,52,85,36,53,78,136,60,68,63,103,133,3,126,112,20,19,43,46,58,9,140,47,87,41,51,74,17,22,32,49,31,21,25,34,128,144,135,77,35,2,56,96,7,62,123,95,105,124,4,148,5,29,23,38,114,80,26,1,129,16,30,73,48,131,93,146,101,102,142,113,94,12,125,71,0,55,89,24,115,86,120,11,27,109,104,149,141,75,143,66,91,81,64,134,88,18,72,54,70,98,59,132,28,127,117,76,107,99,145,61,139,8,147,138,100,15,108,84,119,13
111,41,117,107,12,94,25,21,123,9,66,68,6,79,37,95,65,75,115,141,148,109,116,62,139,82,8,45,76,143,52,85,26,53,78,129,122,92,48,87,89,30,126,91,112,19,42,134,58,74,140,47,10,38,72,93,15,22,32,130,136,147,133,34,137,67,71,28,114,138,27,96,7,56,44,125,90,43,18,97,88,103,16,4,2,80,57,1,118,81,29,73,33,131,0,54,101,102,142,113,31,5,128,146,46,144,63,108,13,86,124,11,24,104,39,60,120,145,55,3,49,36,64,35,17,23,110,50,70,98,59,132,83,127,51,135,149,99,40,61,121,106,20,77,69,14,105,100,119,84
140,43,144,11,143,46,56,52,92,9,91,61,134,112,37,95,65,106,97,142,118,75,116,48,16,27,130,146,34,32,125,44,26,0,132,17,122,104,4,110,139,30,62,15,55,38,111,129,96,148,119,115,10,47,71,22,138,81,69,74,136,53,133,108,137,19,88,83,126,12,78,67,7,2,85,107,93,54,18,79,60,103,35,20,99,25,28,90,42,145,29,58,33,131,6,64,23,102,68,113,31,5,128,147,121,89,63,50,13,86,124,21,109,82,39,98,105,77,72,3,49,36,73,101,117,70,141,24,8,45,87,41,1,127,51,135,149,76,40,123,94,14,59,114,120,66,80,100,57,84
140,52,149,11,43,79,56,17,92,80,3,122,86,75,37,65,136,106,19,142,5,147,24,93,138,121,64,77,146,54,28,41,82,139,34,9,42,35,8,110,124,62,109,45,59,38,111,127,105,47,137,115,10,13,71,0,1,81,129,74,30,128,133,108,126,63,88,83,39,12,135,102,7,26,85,15,116,134,6,33,125,55,113,119,72,25,143,90,112,145,29,94,14,131,22,120,23,103,68,58,73,91,66,76,70,96,97,50,61,78,118,21,99,46,101,98,53,141,31,107,4,36,48,95,117,18,123,114,89,51,87,67,132,104,148,49,60,16,40,27,144,130,32,100,20,2,69,44,57,84
140,134,120,11,22,110,56,17,31,145,112,18,122,80,37,53,136,146,59,111,63,127,129,93,138,3,130,77,24,131,52,43,40,100,83,137,42,35,102,39,38,50,109,45,119,139,70,2,12,47,72,115,10,98,5,0,114,107,92,6,13,8,99,108,61,116,4,54,14,58,124,82,29,26,106,128,147,15,89,1,74,55,113,86,135,25,143,121,28,60,142,46,81,41,51,33,23,103,68,95,9,91,66,76,34,126,62,75,148,78,149,118,30,125,96,67,49,85,104,133,144,36,123,105,19,141,71,32,117,101,87,94,132,48,65,88,20,97,21,27,7,64,90,79,73,16,69,44,57,84
140,22,99,65,29,110,56,40,148,81,112,7,139,80,146,147,119,114,37,135,71,45,129,100,82,35,138,19,53,76,117,12,106,122,102,136,42,41,95,39,38,50,109,118,14,89,48,2,115,134,43,30,124,70,145,94,47,49,92,6,8,0,17,108,73,31,131,63,4,142,96,84,93,149,44,67,105,15,90,91,74,55,113,86,51,25,54,121,98,141,116,26,133,128,58,33,23,88,68,75,9,83,103,11,52,130,62,64,144,24,57,18,111,46,32,137,85,125,104,13,20,36,123,78,120,143,28,34,77,101,87,60,132,10,107,59,79,97,21,27,5,61,72,127,3,16,69,126,66,1
73,22,52,10,29,128,68,87,95,109,79,110,139,77,146,81,56,9,37,132,107,75,97,105,19,58,138,47,53,38,65,12,145,122,5,136,42,74,66,60,7,135,123,118,14,36,70,2,114,106,43,48,124,131,117,44,125,85,104,6,103,0,17,108,142,129,49,82,4,32,96,84,121,89,8,20,71,148,116,91,59,55,3,83,111,69,54,50,63,76,78,26,133,98,30,92,102,41,33,141,27,67,88,11,86,112,62,130,144,113,35,18,40,46,140,90,57,21,134,93,64,15,23,99,13,127,28,34,31,101,119,147,149,51,115,24,25,126,39,61,137,94,72,45,80,16,100,1,120,143
147,129,63,29,4,8,101,107,95,145,40,69,139,28,146,81,56,26,109,86,118,50,13,105,33,133,149,92,99,138,65,132,124,14,97,119,90,61,122,137,7,135,82,53,75,136,85,46,114,106,103,48,100,16,117,44,70,143,104,6,128,39,148,142,64,12,49,36,57,67,116,72,32,89,30,0,71,113,25,91,59,55,37,27,111,45,54,9,108,76,60,141,19,98,15,2,102,88,123,121,74,3,115,11,66,112,62,130,35,77,73,110,144,41,140,84,83,17,87,93,79,58,96,94,43,127,21,34,31,38,5,10,1,51,24,23,120,18,68,125,126,52,20,78,80,131,134,42,47,22
4,16,55,29,92,25,68,107,95,17,40,123,24,140,8,122,76,66,52,86,118,135,115,105,110,96,11,127,85,129,65,97,63,14,116,137,90,77,39,98,148,58,2,112,75,120,31,6,114,133,103,7,15,59,5,41,136,143,80,83,91,128,131,142,64,12,49,109,54,146,45,78,32,89,30,22,3,71,67,46,100,144,37,43,56,84,104,113,108,47,44,141,19,61,132,50,102,60,130,121,74,138,18,139,149,87,62,82,145,93,73,117,10,21,147,36,28,26,72,79,53,27,13,94,42,111,99,34,23,38,35,48,1,51,119,134,88,33,0,125,126,81,20,101,124,69,57,9,70,106
106,122,60,6,120,83,95,105,24,69,100,85,9,14,121,143,15,40,128,112,37,138,147,131,110,88,56,130,116,129,57,97,142,139,49,137,90,72,39,118,18,63,80,92,99,71,31,93,11,133,33,7,59,119,67,41,136,115,114,134,91,12,65,52,123,50,78,117,54,146,109,64,32,89,8,68,3,124,70,46,111,107,125,45,62,84,29,113,108,47,44,141,19,21,34,16,25,5,140,22,76,4,42,102,149,87,86,82,145,75,20,98,30,36,104,135,94,26,10,126,53,79,1,96,27,73,28,35,23,38,103,48,55,51,17,61,58,77,0,144,148,81,2,101,66,13,43,132,127,74
49,123,108,6,120,83,20,47,24,44,1,11,9,57,28,116,13,26,61,112,114,138,147,14,69,111,84,54,74,140,7,56,142,5,110,137,31,72,143,77,73,63,127,78,68,43,136,93,59,25,50,58,106,119,67,41,12,115,8,70,30,66,52,62,40,97,94,117,46,131,76,64,145,87,55,0,92,124,141,100,32,99,148,45,95,71,60,18,37,129,121,29,2,21,130,16,146,122,105,22,86,4,42,102,80,103,15,113,135,133,34,98,3,36,139,75,19,39,10,91,149,79,90,33,51,107,88,35,23,38,125,82,126,104,17,96,144,134,53,109,85,81,128,101,118,89,27,132,48,65
49,34,146,6,9,83,120,103,86,81,128,129,33,107,12,2,13,26,61,112,102,138,1,97,79,111,84,69,115,101,110,104,90,50,55,39,31,48,72,77,134,87,127,106,68,124,133,38,119,149,58,147,40,105,15,41,23,62,109,70,65,137,98,143,96,45,94,44,8,14,7,35,145,121,118,42,92,19,108,28,32,11,148,66,25,71,60,18,136,100,59,29,51,73,130,24,99,74,17,22,76,63,10,141,80,140,116,113,135,131,54,56,93,36,85,20,46,123,43,91,75,3,4,5,95,57,67,47,117,114,21,125,126,16,142,78,144,0,53,30,122,88,82,37,64,89,27,132,52,139
70,57,67,102,130,32,120,2,35,44,100,129,14,107,149,12,93,74,61,54,60,138,141,97,79,96,126,145,84,41,143,104,90,133,27,117,91,48,92,77,49,26,10,24,68,6,25,38,136,81,115,140,40,39,72,36,23,21,142,95,69,62,98,111,118,110,87,99,109,121,134,122,106,31,9,101,132,28,59,112,76,11,148,82,103,71,108,4,58,29,13,8,51,73,137,17,7,88,37,22,45,63,86,144,80,127,85,0,55,113,146,56,18,89,42,147,46,123,43,83,135,3,131,5,50,114,34,47,1,119,30,125,33,16,94,78,105,75,53,116,15,124,20,128,64,66,65,19,52,139
18,147,30,107,93,32,29,80,35,37,100,94,122,7,119,36,12,33,61,117,86,120,89,16,145,52,132,84,106,41,34,60,17,133,148,137,98,42,104,77,49,26,102,146,63,6,25,96,142,39,73,140,40,24,72,82,90,121,2,95,118,56,14,111,81,110,69,108,54,92,38,23,66,31,19,101,88,28,59,112,97,9,131,113,103,128,3,70,58,115,13,47,51,45,149,125,44,91,53,123,10,50,135,144,67,134,85,0,8,15,48,130,124,141,126,27,46,83,87,5,57,71,99,76,4,114,127,138,139,109,21,68,136,129,74,78,105,75,43,116,143,55,20,79,64,22,65,62,11,1
147,1,61,107,124,103,140,80,144,46,69,119,28,7,54,120,50,126,13,117,70,93,90,16,72,52,20,106,8,49,34,83,17,43,62,137,98,21,12,15,145,40,101,122,63,97,68,102,87,113,48,136,38,24,59,35,91,118,111,95,45,56,129,26,81,37,116,9,4,141,14,23,41,31,112,131,88,67,114,36,77,134,89,84,55,19,60,51,104,115,73,47,100,39,142,125,44,6,99,29,96,123,135,25,82,146,85,0,121,10,148,53,11,108,3,127,86,30,94,5,57,71,66,76,132,139,33,75,32,109,18,133,138,2,74,78,105,58,149,92,143,128,42,79,64,22,65,110,27,130
126,93,61,112,131,103,148,80,17,109,25,119,67,42,54,120,43,15,71,4,64,143,90,99,72,52,20,130,68,30,27,136,145,144,34,137,29,21,106,51,100,40,98,10,8,146,141,102,87,113,124,85,101,24,19,97,62,18,142,95,134,66,111,26,96,1,75,39,65,59,128,23,83,31,133,36,11,125,114,118,77,14,89,84,55,44,122,9,127,108,110,47,46,53,104,117,140,50,63,3,129,123,135,82,81,107,35,2,121,37,139,16,48,38,91,132,147,49,94,92,0,73,79,76,5,88,33,138,32,41,115,69,70,86,74,78,105,58,22,60,57,56,6,12,116,28,13,149,7,45
124,93,107,147,131,103,138,80,68,63,18,104,5,121,38,120,87,118,71,89,64,143,76,61,115,52,22,136,39,30,27,31,145,144,34,137,45,43,46,90,129,51,19,9,48,88,59,17,109,123,135,12,101,65,82,8,55,49,97,113,70,66,111,36,96,1,75,26,142,108,128,58,20,84,116,3,92,77,114,72,126,11,148,146,110,106,122,25,57,119,95,47,29,74,83,15,140,86,132,0,141,6,62,37,81,54,112,7,10,99,102,130,134,44,117,35,67,2,94,78,42,73,79,98,85,13,33,100,24,41,139,69,50,21,125,40,105,4,127,60,53,56,16,14,91,28,23,149,133,32
143,106,104,116,129,103,22,30,68,141,18,15,2,36,144,140,25,142,71,29,64,61,76,53,130,52,127,1,147,138,88,13,8,65,69,131,93,99,75,42,9,148,41,21,125,145,89,60,77,49,135,28,73,101,107,10,55,67,97,43,121,118,123,98,96,109,136,82,128,111,90,70,20,63,112,3,92,4,114,72,126,11,27,146,40,46,122,48,57,35,34,47,115,74,87,84,95,81,23,26,17,6,62,37,80,54,31,7,58,108,102,110,134,14,117,5,91,86,94,78,66,120,50,45,85,113,100,19,24,137,124,51,59,132,79,44,105,139,119,0,83,56,16,32,133,38,33,39,149,12
79,106,82,1,23,39,44,93,68,124,126,81,2,117,144,140,25,142,107,29,76,61,67,94,103,52,64,91,101,18,69,131,121,42,123,104,13,128,32,15,24,148,63,6,125,102,4,60,77,86,26,97,74,70,141,48,31,65,90,122,133,118,28,55,0,109,136,135,99,7,53,129,20,11,66,119,43,41,145,45,114,92,27,146,10,33,58,120,96,35,83,112,115,59,87,84,38,37,21,78,17,9,62,72,80,54,73,147,12,57,34,110,134,49,149,75,5,138,16,47,40,127,50,111,30,113,100,19,85,137,22,51,139,132,98,89,105,95,108,3,8,143,14,130,56,88,71,36,116,46
78,110,82,103,7,114,91,70,96,108,101,6,79,22,62,105,25,23,107,29,149,54,127,94,30,140,86,38,97,3,69,131,126,5,143,117,132,128,32,136,115,52,142,141,125,119,10,85,112,139,44,16,65,34,11,123,73,121,2,144,63,37,102,83,0,113,53,19,109,46,8,1,20,74,9,146,43,41,48,45,15,133,27,67,148,76,58,120,24,31,55,35,135,59,87,145,66,99,47,60,36,26,100,72,80,13,77,147,12,57,18,4,134,42,84,28,21,138,129,81,40,61,50,111,95,106,17,75,93,137,124,49,33,118,98,89,90,51,39,68,122,92,14,130,56,88,71,64,104,116
115,110,64,103,44,0,32,37,7,15,120,111,131,76,62,134,25,23,82,117,46,105,66,73,125,140,108,129,24,71,13,126,11,5,3,58,118,128,78,136,77,88,147,141,97,16,138,85,143,139,74,39,144,113,54,123,52,121,137,6,63,83,114,2,107,91,21,130,87,31,45,1,60,30,9,146,43,41,65,95,57,104,10,67,142,145,122,101,79,51,55,35,47,59,89,80,61,49,109,29,36,26,100,72,8,135,48,70,86,106,18,4,132,42,56,116,12,27,38,81,98,119,14,50,20,75,17,149,93,28,124,133,33,127,19,148,90,34,99,40,22,92,102,94,84,69,112,68,96,53
115,26,97,61,109,0,99,127,7,15,120,111,101,46,116,131,69,35,39,36,24,142,55,139,62,140,135,83,6,68,13,126,92,5,21,44,129,123,71,25,30,33,22,49,94,136,45,85,82,43,74,90,105,107,54,96,52,137,84,42,63,143,114,2,3,91,117,130,133,31,4,57,11,98,75,125,9,41,146,121,87,122,53,67,124,145,108,59,28,144,10,60,47,81,89,80,50,14,113,29,79,70,134,77,8,100,48,93,86,106,64,88,132,104,23,40,141,147,38,32,110,119,37,73,56,1,17,103,72,149,20,27,51,19,16,78,138,34,95,18,118,58,102,148,128,12,112,65,76,66
32,26,97,61,109,44,99,127,7,148,49,111,16,46,67,131,36,35,39,29,63,82,33,41,76,140,83,114,50,135,13,141,8,91,21,18,30,118,71,28,94,134,57,129,68,27,47,77,103,43,88,31,112,69,54,14,10,51,22,15,20,147,58,105,3,45,115,145,40,53,59,98,38,130,62,125,92,106,146,133,87,120,11,64,122,143,108,6,66,144,126,89,96,104,117,80,124,78,113,4,128,70,142,123,101,100,48,72,86,136,107,95,12,23,2,137,74,90,0,55,24,119,75,73,56,1,17,19,102,149,132,60,81,37,79,52,138,34,139,121,42,65,85,9,116,25,5,110,93,84
117,59,41,10,0,76,124,4,72,19,66,111,54,46,13,131,36,137,128,48,134,62,33,107,60,139,6,114,50,135,85,141,14,91,21,61,112,11,147,28,26,100,82,40,109,27,47,120,42,32,101,31,126,79,77,148,140,102,22,133,64,69,58,118,57,144,125,106,34,53,44,23,38,123,17,105,92,86,146,132,87,130,94,63,122,149,78,129,9,45,29,8,96,80,39,88,16,103,138,3,1,70,142,145,18,83,15,113,35,37,68,143,12,108,104,24,74,90,65,55,67,119,75,95,93,127,49,98,56,99,43,7,2,89,97,52,116,30,115,121,71,20,136,81,51,25,5,110,73,84
17,22,65,3,49,50,98,13,24,92,66,85,54,136,131,124,36,26,128,48,139,134,56,76,38,138,99,62,33,41,90,141,100,67,21,79,112,94,23,87,125,137,104,40,18,27,47,120,74,32,101,31,60,11,16,143,149,135,93,148,119,105,103,118,57,4,19,14,15,53,91,132,2,123,82,121,97,61,146,29,55,106,126,46,122,52,78,133,1,77,127,8,96,71,39,0,147,115,6,102,25,70,64,145,69,83,130,9,45,142,68,10,12,72,86,108,117,37,107,34,129,116,43,140,63,88,80,114,42,113,59,35,73,89,109,7,28,30,144,44,111,20,95,81,51,58,5,110,75,84
17,132,4,3,21,36,98,7,24,92,142,85,66,12,103,134,29,26,101,39,112,11,30,96,38,120,50,116,75,106,115,141,130,6,47,0,127,62,23,48,129,137,104,40,18,5,19,32,74,135,2,31,122,102,81,124,149,52,93,148,119,90,70,42,89,80,97,41,77,79,84,72,138,94,65,121,82,60,117,43,69,100,126,99,108,27,114,133,1,28,14,123,56,83,128,86,147,61,64,22,25,53,71,16,91,57,131,9,45,49,140,67,143,118,105,87,139,78,107,54,146,33,8,15,44,88,145,13,136,113,59,35,110,37,109,73,34,125,63,55,111,20,95,76,51,68,144,10,58,46
147,33,35,106,21,119,41,7,24,93,142,85,140,27,102,134,128,103,138,104,91,53,30,96,99,46,12,116,115,121,48,65,87,6,47,74,112,88,54,111,129,78,132,26,77,114,101,59,126,135,2,67,122,49,136,45,3,52,118,98,25,90,62,63,80,139,97,145,69,72,23,22,36,39,68,70,82,95,107,123,61,76,149,117,108,40,4,133,1,60,5,42,56,83,29,79,66,89,86,73,148,124,71,11,9,57,15,17,94,43,105,100,0,16,31,92,84,14,141,75,130,64,8,127,44,38,37,50,13,113,131,81,110,20,109,146,34,125,19,55,32,137,143,18,51,28,144,10,58,120
147,119,35,118,110,59,41,7,24,78,142,141,140,27,102,134,128,63,68,135,80,53,30,96,76,34,57,116,108,33,5,101,26,6,47,75,97,88,9,111,129,31,143,91,99,114,54,138,21,25,104,42,122,86,136,133,50,29,137,98,74,60,11,82,51,124,117,145,139,120,95,39,79,90,67,109,58,71,107,19,23,18,36,43,10,40,4,22,127,69,61,113,16,83,93,65,149,121,28,46,52,15,81,45,20,48,55,115,94,32,66,100,77,87,17,56,123,12,72,89,146,112,8,73,44,38,148,126,13,92,131,84,70,49,3,64,1,125,130,106,14,62,85,132,2,0,144,103,105,37
14,119,114,118,106,127,41,61,103,137,48,108,140,71,102,46,112,65,105,122,80,6,136,91,15,139,57,138,74,13,50,129,86,142,47,75,18,120,9,111,54,17,143,30,93,133,52,96,121,81,16,2,87,44,113,38,101,68,11,67,36,60,134,126,27,88,117,26,97,116,128,39,53,79,104,109,29,76,107,19,23,33,0,43,7,40,4,22,110,141,82,63,147,135,95,34,77,70,28,132,94,3,149,45,98,124,10,32,115,37,66,100,145,55,21,84,123,90,148,72,146,5,8,73,56,83,99,64,78,12,131,35,25,89,49,31,1,125,130,20,51,62,85,92,24,42,144,59,58,69
35,77,92,118,106,140,41,61,52,98,48,30,56,0,148,5,93,57,75,24,21,6,136,107,15,8,69,138,127,13,50,135,86,83,23,141,96,55,68,111,12,145,89,34,49,91,109,131,33,120,16,123,110,70,113,100,66,121,101,67,31,60,7,114,74,88,128,25,97,105,82,58,53,79,124,64,29,103,36,19,144,137,117,43,108,40,22,51,99,39,20,26,54,27,95,139,18,143,28,47,94,3,2,45,129,73,80,32,115,14,59,72,102,146,63,84,38,90,126,133,132,147,81,46,130,42,71,44,78,122,37,76,17,4,134,149,87,125,104,11,142,62,85,9,10,1,112,65,116,119
67,77,122,118,76,140,12,89,52,17,48,117,14,27,103,73,16,6,148,62,116,70,10,107,93,31,43,128,75,69,20,135,86,83,80,149,96,109,15,98,131,85,37,59,49,91,133,63,33,84,39,123,2,79,21,9,101,47,145,114,38,60,7,94,11,58,1,25,111,105,82,46,100,136,55,23,29,57,36,19,127,124,13,61,110,97,22,64,99,129,34,26,54,142,113,139,90,56,28,40,106,3,88,143,24,95,50,32,0,42,132,72,102,53,121,137,41,126,119,8,120,30,81,92,146,138,71,44,78,66,108,87,125,130,144,74,147,115,104,68,65,141,51,18,35,45,112,134,4,5
109,77,76,57,25,146,98,24,52,41,48,132,85,27,103,46,16,6,69,11,119,70,2,148,117,125,72,58,12,100,20,29,97,83,38,75,135,79,15,118,5,56,142,86,105,50,14,0,22,17,147,78,112,1,87,9,89,47,121,114,92,60,84,94,7,106,30,51,111,26,82,139,63,136,28,21,55,140,64,19,59,124,145,32,133,44,39,40,88,45,34,36,3,127,113,110,107,93,68,18,123,130,131,143,129,95,96,108,91,42,104,122,102,8,37,13,10,126,73,65,120,137,81,99,43,138,71,80,53,66,61,90,62,116,49,74,67,115,54,128,33,101,149,144,35,23,31,134,4,141
86,129,79,30,128,46,29,2,142,49,48,132,85,41,103,70,16,77,69,147,119,18,118,47,127,125,9,27,6,100,7,55,40,112,38,130,68,43,42,122,66,56,124,148,78,50,14,105,87,74,51,0,139,67,33,109,44,92,121,72,52,75,149,62,5,106,90,17,111,4,82,58,113,53,135,21,20,140,59,94,25,144,107,89,133,54,97,60,13,22,34,137,63,64,134,110,80,115,3,61,123,15,141,99,136,95,96,108,131,76,104,24,102,114,37,146,10,26,45,65,145,120,81,88,11,138,71,117,98,1,19,73,84,116,126,28,143,36,12,39,8,101,32,93,35,23,57,31,83,91
6,45,63,78,11,46,96,2,82,50,48,22,1,41,103,112,59,61,91,147,54,18,9,126,3,12,79,27,21,133,7,89,23,47,127,130,106,43,26,8,83,69,5,148,119,40,101,85,80,104,129,124,10,32,33,93,44,92,121,68,52,132,53,62,107,17,122,137,111,4,57,36,113,84,94,81,14,140,136,95,25,144,98,0,77,76,97,60,13,142,34,115,70,64,123,110,58,15,20,75,28,134,100,99,149,118,55,108,131,42,125,86,37,19,139,120,102,90,30,65,29,146,16,56,66,141,109,128,24,38,145,87,72,116,135,51,117,114,67,39,74,105,71,143,35,73,138,31,49,88
6,95,97,120,51,81,90,67,68,138,132,77,1,41,127,78,133,137,91,147,121,70,64,69,10,62,119,76,21,23,7,60,80,36,17,56,14,124,26,45,83,40,72,31,5,42,117,128,104,103,129,82,59,24,54,79,114,65,66,112,48,12,3,50,149,39,122,74,111,4,57,2,113,84,11,148,43,140,33,75,25,29,145,0,44,89,16,98,87,52,34,53,61,130,123,110,141,115,20,13,107,27,18,99,131,118,102,108,22,135,125,86,37,30,139,9,58,106,136,92,28,146,8,96,144,126,109,55,63,38,46,32,47,101,19,94,142,71,100,15,85,116,93,143,35,73,134,105,49,88
6,95,23,14,19,81,8,74,136,83,16,77,103,132,85,94,143,79,20,33,1,70,128,69,54,130,99,149,68,144,106,49,86,39,21,55,64,124,18,140,27,91,22,31,146,42,125,73,104,30,127,29,28,58,63,11,114,65,66,2,119,117,3,60,43,134,122,51,111,4,57,82,113,96,133,45,131,12,109,138,25,88,145,0,120,89,50,98,62,147,34,53,61,5,123,44,59,17,38,126,107,121,101,137,112,67,102,108,118,135,80,141,24,78,105,9,110,115,129,36,47,93,92,97,56,75,52,48,71,37,46,35,32,87,76,148,142,84,100,15,26,116,139,41,7,13,90,10,72,40
88,99,23,19,10,122,8,58,90,0,9,106,140,94,85,46,137,79,20,33,17,70,75,147,42,101,51,149,68,22,57,49,86,56,21,55,72,124,143,1,44,123,65,113,146,16,91,117,30,2,127,29,6,15,45,128,83,102,24,26,52,131,3,60,116,134,32,73,54,4,14,11,138,135,133,50,69,7,48,36,118,13,145,77,120,105,111,98,93,125,25,80,5,104,130,144,59,74,100,96,148,121,37,39,132,38,97,18,67,40,112,141,103,78,31,107,110,89,129,108,47,12,92,114,76,27,119,34,62,63,87,35,109,64,61,28,142,84,115,126,53,82,139,41,71,81,95,43,66,136
87,0,16,19,135,123,120,81,90,73,10,129,49,94,85,8,20,25,3,33,17,70,4,147,42,9,11,6,112,113,106,97,107,46,75,13,72,122,50,86,137,82,104,146,96,68,5,119,31,52,76,29,92,54,44,32,21,78,24,91,124,131,41,60,51,84,99,2,102,144,105,48,138,18,133,65,69,43,39,66,118,128,1,53,88,141,12,15,93,125,103,80,58,134,36,111,7,55,100,63,143,121,40,116,132,38,139,23,148,59,22,57,140,95,26,110,56,89,30,79,47,108,74,114,145,27,127,34,62,37,83,35,109,64,61,28,67,136,115,126,101,98,130,45,149,142,14,117,77,71
87,99,126,0,135,122,30,79,77,73,106,16,121,22,40,8,95,25,117,15,72,70,4,109,132,127,11,6,41,82,93,27,17,46,75,81,31,97,50,86,24,56,37,119,110,53,5,12,130,52,39,9,84,54,44,32,140,18,71,91,124,131,23,60,51,26,108,2,112,76,129,61,138,105,3,83,69,43,7,66,147,118,90,65,88,141,146,55,42,10,47,78,58,19,68,144,13,85,21,96,36,137,33,143,57,38,67,80,29,123,94,1,48,101,74,59,133,89,104,113,139,102,49,148,115,134,103,114,62,20,14,35,98,64,145,120,92,125,63,136,107,116,28,45,149,128,142,111,100,34
6,122,126,0,117,94,148,79,69,73,17,11,121,99,40,78,135,106,22,33,47,10,109,67,136,2,118,30,36,82,123,110,100,70,9,141,132,107,39,86,24,75,37,87,128,76,96,35,130,52,77,81,44,127,131,134,114,133,71,74,91,140,129,95,51,58,108,57,3,61,92,84,138,105,124,88,4,80,83,66,147,21,90,65,32,27,146,60,8,53,62,42,7,85,68,5,13,72,120,145,149,59,144,143,102,101,25,16,48,103,63,1,19,54,15,14,12,89,23,41,139,113,49,56,115,119,104,29,18,20,55,93,98,142,64,50,46,125,137,43,38,116,28,45,97,31,26,111,112,34
6,46,3,65,117,94,144,139,85,110,17,125,73,45,40,78,95,106,34,146,19,27,109,67,99,112,68,61,24,82,102,84,36,88,9,90,132,118,52,64,91,75,29,87,138,25,141,56,120,116,77,81,140,23,69,148,114,131,20,108,2,70,128,59,115,58,135,122,55,11,54,49,18,105,96,22,113,28,50,66,147,35,14,129,130,103,21,4,76,57,62,53,63,79,136,5,13,32,39,145,149,100,123,143,72,101,80,16,42,51,37,1,142,8,30,10,12,98,134,41,127,33,126,111,89,119,104,15,124,86,0,93,47,44,97,60,133,43,137,74,38,71,31,92,121,7,26,48,107,83
78,46,91,127,117,133,144,139,85,134,121,33,73,52,71,29,95,79,147,148,45,146,96,137,99,12,141,53,107,58,119,142,138,80,9,3,116,122,19,41,108,75,22,106,126,118,13,120,110,18,77,125,140,129,2,31,114,131,105,27,38,97,128,145,115,87,135,109,55,11,90,34,30,112,67,43,51,47,50,66,48,35,65,26,113,103,21,4,76,104,62,89,42,83,100,20,63,25,92,49,14,6,123,61,68,101,82,16,143,102,1,17,81,39,64,10,28,40,5,7,84,36,69,111,54,59,86,15,124,24,0,93,23,44,88,60,37,130,94,8,149,72,32,70,74,57,132,136,98,56
78,46,53,106,104,145,144,139,85,7,109,127,3,131,14,28,105,17,71,42,58,6,81,137,99,49,141,60,31,23,19,63,33,38,9,90,116,77,134,10,135,13,66,62,126,140,110,120,101,18,115,98,121,55,2,67,148,142,133,122,51,43,128,4,97,138,52,68,96,119,59,34,114,22,108,56,57,47,50,0,129,89,65,26,27,76,124,94,95,5,54,100,8,83,146,132,112,113,92,117,107,82,80,73,91,72,48,16,87,102,1,37,79,123,64,118,45,40,11,147,39,30,69,36,111,35,86,15,29,88,103,93,24,44,125,61,20,130,41,21,149,84,32,70,74,12,75,136,143,25
74,77,59,35,104,145,100,82,31,66,109,137,16,131,68,130,85,110,142,50,58,147,76,25,141,126,53,122,95,124,62,36,105,75,28,90,119,84,38,81,49,69,60,18,143,140,106,4,146,44,24,114,121,116,80,67,37,48,133,55,51,134,128,26,97,123,52,20,96,57,3,43,72,22,115,71,10,42,63,86,148,144,65,32,117,0,120,78,7,5,54,17,129,83,9,46,112,113,135,101,107,23,88,127,91,61,56,47,87,102,99,33,79,125,132,118,45,40,111,138,39,30,94,103,139,93,92,15,29,64,6,2,11,8,98,149,70,108,41,21,34,13,1,27,89,12,73,136,19,14
39,37,57,0,61,47,124,82,56,102,117,92,132,116,100,130,31,110,6,45,131,147,76,7,10,146,90,122,95,137,113,25,40,86,50,126,119,33,53,54,49,43,140,145,34,11,22,58,81,108,24,114,121,105,80,67,115,83,133,65,51,123,73,125,97,44,78,20,143,19,60,38,98,96,55,71,111,42,104,74,149,142,26,32,36,72,101,107,16,5,127,17,94,48,9,69,112,35,27,59,30,46,129,68,91,99,15,3,87,1,14,12,79,128,134,77,62,4,18,138,85,88,63,103,93,75,139,135,66,64,28,2,29,8,148,23,70,120,41,21,136,13,52,84,89,106,144,118,141,109
76,50,95,79,61,15,137,149,56,104,1,127,105,116,94,133,31,102,12,45,128,88,69,64,10,146,48,92,60,20,68,18,100,27,122,113,139,121,22,54,99,101,73,120,34,142,74,58,119,126,26,114,7,9,33,103,21,123,67,65,85,132,141,125,97,44,78,55,143,77,53,91,98,81,134,0,111,42,86,140,57,106,124,46,6,72,19,49,131,71,51,17,108,80,32,25,90,130,136,59,30,52,96,112,29,35,14,39,129,70,115,47,117,145,83,43,62,4,138,16,87,38,24,11,93,75,84,147,107,8,28,2,63,82,148,23,5,40,41,3,37,13,66,135,89,36,144,118,110,109
76,109,71,149,72,26,105,49,56,104,1,127,148,16,57,133,103,102,12,99,128,110,139,88,7,33,65,142,40,83,68,106,100,73,116,113,107,121,50,138,37,14,132,135,101,67,74,96,24,91,53,114,58,19,137,93,28,21,108,140,85,22,146,125,97,32,13,123,45,144,41,129,98,44,134,141,69,143,122,62,34,94,124,46,18,51,118,0,130,25,3,80,86,145,47,54,87,35,136,78,81,52,126,112,111,61,79,59,63,29,115,70,42,131,92,43,4,64,15,9,119,38,95,10,48,75,84,147,55,39,11,2,8,82,90,23,5,17,117,77,20,31,66,120,89,36,60,30,6,27
133,79,44,109,146,26,15,19,148,105,130,127,81,16,71,27,54,28,43,99,128,66,87,135,6,53,91,142,24,83,8,37,50,131,51,113,13,46,90,65,12,31,132,70,98,63,18,107,106,33,67,114,58,41,137,100,89,2,141,140,69,78,0,10,103,32,35,123,48,42,73,129,139,68,134,39,22,143,122,80,88,104,45,102,117,97,118,86,85,25,74,121,126,7,101,29,57,138,136,11,75,34,110,145,111,1,30,59,61,124,115,72,49,55,92,95,62,64,112,9,119,52,77,21,76,47,84,147,125,96,40,14,144,82,93,23,5,17,3,108,20,94,56,120,4,116,60,149,38,36
149,18,28,108,97,27,50,35,148,112,74,119,81,46,16,4,21,43,3,99,124,135,84,103,52,121,91,137,24,33,8,10,61,131,54,115,13,139,90,37,92,31,132,70,98,76,77,107,42,36,6,114,123,9,64,100,66,143,23,44,129,136,75,109,60,32,59,22,79,145,73,87,34,133,134,40,69,130,122,80,127,89,45,102,38,62,118,104,113,25,111,71,58,93,117,26,126,138,67,11,95,140,110,142,53,65,30,0,88,116,57,72,49,55,2,39,101,41,78,7,147,85,141,12,14,94,96,128,125,51,56,105,86,82,1,83,5,17,106,146,20,48,63,120,29,19,144,68,15,47
106,59,31,108,97,56,121,64,93,58,74,127,120,72,130,139,116,147,81,50,124,51,84,103,52,133,18,118,76,20,35,134,61,131,146,137,42,125,29,37,92,82,132,70,98,129,24,115,23,36,6,114,95,9,113,109,69,11,15,12,32,119,141,138,3,30,49,94,21,145,73,87,88,13,33,40,149,19,53,38,55,89,7,2,39,62,123,44,4,101,1,71,107,100,90,99,16,22,67,77,41,140,110,86,60,43,80,10,0,28,57,46,45,111,148,112,14,142,136,79,126,34,117,102,96,143,8,128,78,122,85,105,68,54,27,83,5,17,65,25,91,48,63,135,26,104,144,75,66,47
106,32,31,67,18,25,117,70,93,90,74,42,120,94,72,65,116,147,81,95,64,133,24,103,66,55,15,144,80,3,134,82,61,138,30,137,34,146,108,101,57,38,132,76,59,102,19,130,115,36,6,114,41,96,33,104,87,11,29,100,16,113,131,99,23,141,110,50,21,39,45,5,143,105,35,46,149,52,28,98,139,91,7,83,142,62,17,44,119,12,49,71,22,129,60,37,124,69,148,51,121,140,122,86,88,136,20,75,0,123,56,97,109,111,107,112,9,85,125,79,126,40,27,13,53,73,8,128,78,1,145,77,92,54,118,127,58,84,2,68,43,48,63,135,26,89,14,10,4,47
106,145,31,17,68,97,117,118,93,24,74,50,131,67,8,32,85,63,81,36,147,92,72,110,25,122,44,15,98,3,134,82,45,138,2,135,116,124,30,101,57,148,132,49,42,84,19,43,69,79,137,35,14,29,16,104,87,11,128,115,125,113,7,144,23,77,143,10,21,73,136,5,34,105,140,53,123,6,28,59,111,91,108,83,94,62,129,33,126,141,112,127,22,27,60,76,149,90,41,26,121,133,102,86,52,56,51,75,96,58,20,70,37,99,107,78,9,38,130,139,64,40,0,71,54,88,114,100,109,1,65,95,119,46,80,66,4,18,103,142,146,48,12,39,61,89,120,13,55,47
71,51,131,82,68,97,117,88,77,40,74,32,127,123,8,114,85,63,81,75,50,130,65,9,25,90,20,46,98,29,106,80,13,55,126,89,116,141,83,101,109,148,103,49,140,102,19,43,72,36,137,112,78,76,142,93,14,11,66,22,79,37,136,107,23,121,122,10,15,73,53,59,34,105,26,38,132,6,28,115,2,18,67,45,86,62,129,33,7,87,44,57,139,27,84,110,149,135,54,35,138,133,118,91,52,56,94,1,147,64,31,145,119,16,69,39,61,146,42,96,111,108,0,41,4,128,113,100,17,21,30,95,144,70,60,104,143,48,125,99,5,24,12,134,58,47,120,3,92,124
111,140,5,25,144,141,71,114,109,40,9,134,116,96,47,135,85,82,81,39,50,147,65,149,97,79,90,46,98,84,137,118,18,136,128,38,70,93,80,101,58,45,103,11,31,122,2,43,36,51,88,12,60,76,142,56,66,115,30,121,146,106,49,107,23,10,33,112,15,77,53,59,139,37,26,20,73,6,14,127,72,1,52,34,61,62,129,24,7,104,44,78,123,27,8,74,48,119,54,35,55,133,131,4,138,126,94,67,32,17,63,145,57,3,69,41,13,148,42,132,130,110,0,29,86,117,113,100,108,21,83,68,87,89,92,102,95,64,19,99,91,105,125,28,16,22,120,143,75,124
51,29,111,107,52,32,71,114,68,126,9,50,81,30,47,135,149,82,4,80,125,147,35,85,137,49,70,46,84,128,138,18,28,127,12,72,14,93,34,53,98,131,112,143,123,122,15,43,36,65,54,6,56,76,142,1,2,115,25,44,90,106,38,77,0,117,31,113,21,95,108,141,139,37,26,20,59,118,92,73,148,134,60,22,64,62,8,88,40,33,144,78,97,130,7,74,48,66,94,39,103,133,55,132,146,24,101,116,45,17,63,145,120,119,69,41,23,100,42,140,96,110,129,109,121,104,89,10,86,5,83,136,124,91,105,102,67,13,19,99,87,57,27,61,16,58,3,79,75,11
119,29,96,6,43,84,33,114,68,67,24,32,13,30,47,83,149,55,39,62,12,147,35,31,137,28,111,26,94,65,57,99,124,23,42,81,40,93,2,61,98,75,95,53,113,133,10,69,140,122,132,76,56,4,71,131,89,115,127,44,108,1,38,77,0,125,101,118,21,126,139,135,5,37,82,144,59,146,92,106,104,145,80,22,64,8,78,88,60,63,36,9,97,143,7,74,48,66,87,142,11,15,49,25,41,16,117,34,45,141,14,58,116,134,18,79,20,100,70,52,86,110,129,109,50,17,72,148,19,103,128,136,112,91,90,105,107,54,120,123,102,121,27,130,138,73,3,46,85,51
70,117,55,115,67,145,33,95,94,137,141,113,45,125,78,83,149,146,10,62,144,119,17,31,84,19,34,140,23,65,57,5,104,22,38,111,40,60,2,98,77,75,13,68,4,71,36,69,131,109,132,81,53,56,147,85,89,100,51,12,49,1,39,82,8,116,37,61,21,126,148,101,122,135,114,92,59,80,103,106,29,7,105,102,64,6,42,44,47,16,93,58,97,41,9,35,48,66,87,142,143,43,88,25,32,20,52,136,110,133,14,63,96,134,24,79,99,130,124,30,127,46,129,76,50,74,72,0,86,139,15,54,112,91,90,120,107,26,28,118,123,121,128,108,11,73,3,27,18,138
70,99,18,35,37,64,26,95,138,52,147,113,58,123,78,111,28,73,125,124,54,119,87,57,84,19,45,140,31,15,94,134,42,59,102,2,40,105,0,137,44,30,121,68,86,7,66,116,13,46,11,81,53,130,5,72,89,17,51,12,49,145,39,20,8,69,65,61,115,114,146,101,85,4,144,92,127,149,103,91,29,25,38,143,136,6,118,75,47,22,16,126,97,100,133,62,141,76,34,106,117,43,88,55,24,77,56,90,110,148,14,63,108,98,131,79,23,32,109,135,132,48,129,122,1,74,3,36,33,50,142,60,96,71,104,120,107,9,93,139,41,10,128,112,80,82,67,27,21,83
65,131,0,140,64,136,26,110,138,10,37,31,59,79,114,40,67,73,115,124,139,84,41,146,81,11,121,99,9,15,144,134,145,94,102,112,103,8,25,130,45,107,51,68,86,7,96,116,82,98,101,13,53,137,20,72,14,17,125,122,49,123,83,142,100,69,12,58,28,4,66,74,85,109,105,92,133,141,44,71,29,42,38,1,77,6,118,2,95,22,16,57,97,36,43,62,126,91,34,106,149,55,147,108,78,63,56,90,30,148,76,119,47,113,120,89,117,32,18,135,61,48,143,104,80,87,3,39,127,50,129,111,128,70,132,5,21,19,93,54,24,23,33,60,52,46,35,27,75,88
45,131,0,134,79,111,39,110,43,63,37,31,91,99,56,76,86,114,105,148,40,128,119,77,24,14,115,101,11,22,144,122,145,70,16,38,103,8,64,54,106,107,4,68,12,7,125,100,126,9,112,13,49,137,20,72,19,66,60,90,51,97,83,142,52,69,81,58,28,61,104,74,33,102,46,65,130,59,44,93,138,42,127,23,136,6,29,2,95,143,139,71,3,36,1,62,141,5,34,117,149,89,124,108,88,98,53,96,41,94,26,118,47,113,146,133,80,84,18,25,30,147,50,123,82,67,10,140,48,15,32,55,35,75,132,78,21,135,121,17,116,120,87,129,73,92,109,27,57,85
16,135,0,134,119,137,42,74,79,115,76,33,91,87,56,124,86,121,2,85,40,13,132,39,63,66,112,101,1,145,84,105,23,70,64,50,103,88,125,54,21,149,32,78,60,7,31,100,12,9,18,69,49,37,20,75,67,97,68,90,19,111,83,136,17,52,6,58,106,61,96,11,38,102,107,65,45,72,44,110,81,114,127,133,53,118,29,126,30,143,139,14,22,36,10,77,62,5,34,26,95,8,138,142,92,46,122,51,28,94,4,116,47,113,59,123,89,131,128,25,141,35,99,104,82,41,144,146,27,15,130,43,108,140,3,24,147,93,48,148,129,120,117,57,73,55,109,98,71,80
123,117,135,84,64,137,59,24,62,86,68,116,15,143,56,32,128,67,122,76,29,96,91,93,63,28,73,13,1,145,115,146,139,70,20,50,6,88,23,54,33,94,132,87,16,111,136,108,12,31,147,124,65,37,40,77,112,97,25,90,75,10,101,11,69,5,47,106,53,100,149,3,14,49,38,113,60,107,44,7,81,114,127,85,19,148,141,126,41,142,103,30,22,36,17,144,102,79,34,110,104,133,2,125,42,46,78,51,105,8,4,39,134,26,74,89,58,131,83,120,82,35,95,0,99,138,119,18,27,121,130,43,21,140,66,61,52,9,48,118,129,72,92,57,45,55,109,98,71,80
25,148,67,61,64,128,79,70,62,7,114,36,96,81,117,32,123,4,127,49,29,47,121,39,91,113,73,13,115,94,130,134,139,86,19,87,30,33,140,54,93,102,124,111,16,24,59,108,12,38,14,100,101,37,129,147,118,97,23,90,136,10,40,11,58,5,104,72,84,143,46,77,52,145,15,22,27,119,149,3,41,44,120,85,137,146,141,126,133,142,107,95,20,135,18,106,132,122,82,131,21,103,2,125,42,43,28,51,105,116,76,71,68,26,74,63,92,56,83,78,66,35,110,0,99,80,69,8,53,6,17,75,88,1,144,112,65,9,48,60,34,31,89,138,45,55,109,98,50,57
7,2,66,145,110,72,111,117,103,19,114,115,96,83,29,133,136,139,35,6,81,47,121,91,94,30,73,61,93,17,45,134,129,107,86,49,43,67,36,62,27,38,1,23,32,24,59,33,102,65,16,21,40,119,120,68,118,127,101,90,98,146,116,11,58,147,104,148,84,4,20,77,52,70,99,22,14,74,13,57,41,88,12,85,63,10,122,137,37,142,113,34,18,135,80,106,132,15,124,126,39,100,141,46,42,75,28,51,56,50,125,97,105,131,44,108,92,87,138,78,26,0,143,3,128,54,140,8,53,149,123,25,79,76,144,112,5,9,48,60,55,31,89,71,69,95,109,82,130,64
7,2,94,145,66,37,20,118,16,67,77,101,98,83,17,71,136,139,63,14,27,119,79,21,149,30,82,35,9,23,45,51,129,107,86,76,123,64,36,62,28,10,1,69,32,58,59,34,40,56,130,128,106,133,13,85,57,125,3,90,31,26,116,11,81,147,93,148,84,96,24,43,55,70,124,22,19,87,60,135,141,25,109,105,111,8,95,115,91,142,113,131,143,121,80,122,132,102,46,126,39,103,0,12,42,4,104,146,5,112,15,134,48,127,44,47,92,108,138,78,54,100,75,114,97,137,29,110,53,6,65,73,49,50,144,41,140,52,18,72,33,117,89,61,99,38,74,120,68,88
84,17,37,118,122,144,106,96,16,81,7,70,66,83,14,104,15,38,115,109,86,119,94,117,149,46,82,35,9,23,49,89,129,72,28,74,99,64,36,146,138,100,105,134,137,102,92,34,127,56,93,68,58,133,21,124,55,91,3,90,2,26,41,11,125,111,60,148,47,130,79,52,126,10,1,22,43,87,51,40,27,107,31,103,135,147,78,13,108,142,113,69,143,77,39,121,132,65,12,76,44,95,0,139,85,4,20,88,98,112,57,80,48,33,30,5,59,141,131,63,54,128,136,114,97,62,29,110,53,45,67,101,73,42,8,75,6,116,18,32,71,24,19,61,140,123,145,120,50,25
67,126,43,44,117,13,79,54,85,22,7,70,128,83,89,104,140,80,50,109,112,106,94,63,73,46,82,86,120,115,127,97,90,56,87,74,21,105,4,141,130,100,88,146,137,139,92,34,99,2,123,68,26,133,49,16,148,91,114,110,48,29,6,39,125,111,102,60,23,11,119,52,118,27,77,53,9,101,51,40,45,38,31,19,122,129,78,61,5,47,107,69,143,59,35,121,132,93,64,96,42,95,116,41,98,1,20,76,36,55,57,17,149,33,142,37,10,65,136,58,103,131,138,71,14,62,84,113,24,12,134,3,144,81,8,75,66,0,18,32,124,72,108,15,28,135,145,30,147,25
134,126,129,19,16,79,138,113,36,136,7,70,72,88,42,141,58,125,14,65,41,143,94,103,140,43,60,124,114,2,87,38,1,51,27,74,21,6,32,122,120,81,118,146,137,30,92,34,55,61,123,68,73,133,49,20,145,46,132,75,97,33,54,39,102,45,35,85,23,12,119,89,115,18,44,53,9,80,99,40,78,77,31,62,111,26,106,130,5,52,107,69,57,98,104,82,95,48,64,96,8,127,148,117,28,90,121,76,63,4,149,109,50,56,142,11,147,93,10,91,116,131,110,112,29,22,84,67,24,128,59,3,144,86,100,101,66,0,108,139,105,47,17,15,83,135,37,71,13,25
134,126,138,19,50,63,49,113,13,55,8,70,65,94,73,0,87,9,14,85,101,142,118,53,140,143,106,124,122,58,72,74,1,103,100,141,86,145,149,23,135,81,115,146,137,30,92,148,136,61,5,64,31,133,37,20,51,46,80,75,68,21,6,129,114,128,26,35,88,29,144,120,91,18,95,132,104,108,107,98,78,90,45,62,111,39,24,130,4,52,59,69,42,57,22,60,36,48,41,96,66,127,117,7,28,139,119,76,99,93,79,40,2,16,123,11,147,89,10,97,32,82,110,33,84,125,17,54,102,27,38,83,112,43,77,25,34,56,3,131,105,109,121,15,116,44,47,71,12,67
85,147,14,19,140,77,49,126,93,29,20,70,116,69,23,129,87,1,106,134,102,111,54,53,144,24,132,124,122,105,0,118,65,103,100,45,97,7,149,61,135,18,22,145,80,71,94,138,13,120,5,3,115,57,36,81,125,46,148,15,68,107,74,66,114,128,26,63,48,101,32,50,91,72,27,130,104,38,40,98,78,143,89,62,6,39,146,2,43,52,76,133,42,127,37,60,82,55,41,141,137,17,117,113,139,35,119,25,99,73,79,4,8,96,88,21,44,131,110,90,86,123,51,16,136,30,28,67,121,33,142,83,112,64,11,92,34,56,59,58,84,109,95,108,31,9,47,10,12,75
9,106,78,138,128,0,49,90,147,1,24,119,116,3,23,63,88,39,11,120,102,111,76,61,37,15,115,85,122,14,54,124,118,104,100,45,83,112,149,71,42,135,98,26,19,105,94,114,68,121,5,75,79,28,18,81,136,46,148,84,32,44,33,56,2,48,57,67,141,101,50,140,110,125,142,86,34,38,40,145,69,143,51,62,6,93,146,126,43,52,35,133,53,127,139,55,107,30,41,131,4,17,117,20,31,80,36,144,99,73,96,82,134,65,97,21,129,130,123,70,113,22,29,64,13,108,77,7,27,60,72,87,103,132,8,92,74,91,59,58,89,16,95,66,109,25,47,10,12,137
29,92,134,40,21,148,49,90,55,38,24,94,0,3,23,91,2,116,11,120,100,43,76,61,9,20,77,31,81,39,35,59,118,67,88,52,143,136,5,66,42,135,133,32,85,105,15,147,103,125,50,37,79,28,18,19,111,53,83,84,99,44,107,87,122,47,57,65,141,101,25,98,138,30,140,86,34,63,54,41,104,33,108,71,6,93,89,56,129,124,16,127,17,137,112,48,26,12,109,146,4,114,117,45,1,131,36,62,142,149,51,145,128,14,97,119,69,82,139,70,144,22,27,46,13,74,96,10,130,60,72,113,121,132,8,115,68,110,78,58,73,7,95,75,102,80,123,126,106,64
115,0,126,52,74,100,87,84,105,36,102,143,127,3,2,64,23,17,92,120,108,44,76,114,88,111,58,31,81,43,35,59,72,67,109,131,16,85,21,125,20,94,133,32,135,90,57,28,103,122,89,97,98,22,39,112,116,53,19,146,11,60,119,63,147,78,148,136,99,101,25,110,138,70,80,86,9,47,117,41,104,33,38,71,6,93,50,113,55,124,91,26,34,40,73,68,142,12,1,56,4,8,69,45,14,5,48,62,121,149,51,145,128,49,30,61,139,137,29,141,144,107,15,24,77,118,96,10,13,82,65,42,83,132,129,37,66,134,7,18,130,27,95,79,140,46,123,54,106,75
108,123,88,87,105,100,121,77,74,15,35,143,23,3,81,131,103,142,76,2,115,44,12,149,20,9,58,127,7,130,145,75,147,119,109,39,52,85,21,125,89,68,106,80,36,13,57,28,37,107,113,49,98,84,97,112,8,25,24,146,11,60,32,63,94,78,148,136,29,101,0,34,138,67,129,70,122,95,65,102,46,144,41,118,116,22,50,99,137,124,66,26,38,40,73,5,1,91,18,56,33,71,69,111,83,104,48,62,16,126,132,64,128,117,14,82,139,59,31,141,53,47,10,133,30,120,96,93,86,135,72,114,43,4,55,140,51,134,90,92,54,27,61,79,17,42,110,45,19,6
108,123,3,104,85,91,81,116,121,15,35,114,74,38,105,109,54,16,76,22,47,44,82,39,20,141,72,40,0,128,145,94,17,52,53,124,97,32,21,119,98,68,23,80,79,13,57,142,107,51,113,133,45,84,28,117,8,25,73,1,9,125,56,63,138,78,87,69,149,89,92,34,122,67,129,110,137,130,95,112,46,11,49,118,144,101,111,99,29,102,103,26,2,43,37,5,131,132,59,18,71,36,65,100,86,60,48,83,41,126,19,50,147,106,14,77,139,30,136,31,61,10,146,70,88,120,42,93,96,135,55,115,24,4,27,140,33,58,90,75,143,127,134,7,148,12,66,62,64,6
22,79,77,104,23,29,139,87,75,15,35,30,49,60,52,109,126,57,76,38,31,144,21,48,20,141,81,56,0,128,123,64,17,111,53,10,138,32,130,27,14,33,143,28,73,90,149,117,136,51,133,142,86,119,13,44,122,25,134,145,9,42,6,96,147,78,108,69,118,89,105,16,54,67,148,92,137,124,95,37,46,131,114,85,121,107,7,99,93,36,103,97,11,66,91,5,58,132,116,74,71,113,65,100,63,110,135,83,8,24,19,50,61,3,146,26,106,72,127,112,80,45,59,70,12,120,68,98,84,125,55,115,40,4,47,82,34,129,88,94,1,2,101,39,41,43,102,62,140,18
131,79,113,129,23,70,139,112,48,4,35,95,24,60,52,109,145,57,76,14,31,44,118,47,20,96,100,59,22,128,98,33,141,15,34,28,114,32,69,17,137,64,25,77,73,55,5,51,54,6,111,142,86,147,125,149,122,133,134,87,83,72,108,123,61,132,12,124,119,26,27,16,68,67,101,39,8,1,2,37,144,88,117,3,49,41,7,99,38,36,42,46,89,9,130,18,58,107,143,74,71,11,65,62,105,56,135,81,91,116,19,90,115,121,78,136,106,13,0,148,80,45,82,104,146,92,85,110,126,53,75,103,40,30,21,120,29,66,97,94,63,127,93,84,138,43,102,10,140,50
131,34,23,87,120,70,139,146,33,4,76,94,12,35,52,7,6,136,141,132,31,44,5,104,20,0,143,123,73,102,98,48,90,15,113,64,114,32,37,17,39,109,145,95,38,99,13,147,54,46,111,142,71,30,85,149,115,77,133,25,96,43,108,88,29,128,49,124,119,86,27,16,74,112,57,79,8,1,60,75,2,140,118,82,41,24,21,125,62,68,42,121,89,66,130,18,106,26,22,117,122,11,107,129,93,53,58,81,19,127,101,69,51,67,116,55,84,61,3,148,80,47,50,65,59,92,103,110,126,78,137,135,144,14,83,100,91,36,97,134,63,45,28,72,138,10,9,40,105,56
0,34,89,85,120,26,75,146,121,57,76,8,100,138,82,7,42,79,78,43,97,44,70,14,56,32,143,123,135,59,27,25,90,15,113,71,98,124,112,21,39,141,145,11,72,99,110,83,130,46,111,126,109,30,63,50,19,68,65,142,96,10,116,5,61,12,74,48,20,86,41,6,29,136,101,137,114,1,88,33,2,140,118,139,128,24,37,133,62,148,55,31,52,66,87,18,115,77,22,95,122,108,107,129,4,51,49,28,45,132,93,69,84,94,119,91,17,16,3,103,125,131,23,53,117,92,147,13,47,80,73,102,144,60,127,38,36,104,54,134,64,81,58,35,9,106,149,40,105,67
0,24,79,133,72,117,136,87,62,105,76,8,63,86,22,14,30,27,49,2,70,44,16,97,90,32,69,41,66,115,51,25,106,53,140,19,42,124,71,54,39,141,145,11,67,45,82,17,130,96,146,126,135,101,122,37,128,12,138,36,110,23,26,5,34,113,74,127,83,84,142,68,118,123,46,137,38,18,88,33,100,20,112,139,111,121,56,80,120,143,55,7,65,48,93,6,10,77,78,119,98,108,134,29,43,75,95,28,103,132,50,85,59,15,89,91,148,1,94,109,125,131,52,4,102,92,147,40,47,61,114,116,144,60,31,129,64,104,13,21,107,81,58,35,9,73,149,57,3,99
0,30,79,109,10,119,124,112,111,149,120,8,31,113,33,125,94,86,22,2,70,18,14,52,20,32,76,41,51,62,87,84,100,53,140,19,34,129,64,135,141,74,145,105,49,38,82,17,65,96,146,16,1,101,88,71,139,56,108,66,50,9,26,128,126,7,106,121,85,11,142,44,97,73,46,137,91,54,148,75,59,69,6,116,130,12,143,80,42,127,35,23,83,55,47,28,98,77,138,40,63,78,134,4,43,136,95,27,68,132,57,123,25,103,15,133,21,81,144,115,72,131,39,93,102,67,147,89,36,61,114,5,48,60,92,118,110,104,13,29,107,117,58,24,37,90,45,122,3,99
65,30,79,85,67,77,95,112,89,141,108,66,31,113,118,125,94,18,121,90,70,54,14,69,46,147,114,148,19,62,50,149,134,53,104,144,34,32,81,135,82,22,57,105,1,37,49,3,48,96,146,16,102,101,139,91,20,140,13,59,131,86,26,128,33,129,9,43,0,11,142,44,126,116,10,88,92,122,75,64,109,106,111,120,98,42,143,52,138,127,145,23,83,72,130,78,110,97,2,28,74,8,84,58,99,136,115,27,41,87,29,123,25,100,15,133,4,17,21,137,132,38,39,76,35,56,73,80,36,40,12,117,55,60,103,47,71,93,24,61,107,124,63,7,119,68,45,6,51,5
122,56,68,76,81,53,95,140,89,141,108,66,9,73,62,35,94,20,121,90,7,70,15,85,115,147,86,148,110,104,142,119,60,145,79,144,19,149,146,135,82,91,69,117,1,128,52,28,31,11,65,16,102,101,139,93,84,106,40,33,42,129,3,45,123,105,61,25,0,8,124,125,6,14,10,49,92,112,75,64,38,55,111,96,98,59,46,24,138,63,41,23,27,136,130,131,126,114,18,50,72,120,83,51,99,132,44,30,127,67,118,2,29,100,103,133,4,78,21,43,54,32,39,5,57,77,58,80,34,88,12,17,109,48,13,47,71,36,74,134,113,26,22,143,116,137,87,97,37,107
64,56,68,51,28,53,144,94,89,93,108,66,30,73,29,35,20,74,121,77,97,70,15,85,71,81,84,148,103,104,37,119,140,57,79,34,95,149,102,135,82,129,143,87,27,9,1,47,31,122,44,16,24,101,25,136,42,106,75,110,105,7,116,36,43,128,19,138,0,8,13,26,45,139,65,50,130,41,123,80,33,38,111,69,14,67,141,132,32,63,23,99,55,40,134,137,126,48,5,125,72,120,115,147,92,96,60,131,127,49,91,2,98,100,78,11,133,52,86,145,6,76,46,112,62,114,58,124,54,83,12,61,109,59,4,90,21,118,117,146,113,18,22,10,88,107,3,39,17,142
64,56,132,122,103,85,144,94,19,4,80,66,30,73,137,48,149,34,65,115,135,44,15,59,57,13,146,129,67,116,49,27,148,37,79,6,78,100,60,111,102,72,143,87,62,9,139,98,104,136,91,16,24,101,20,133,35,36,75,31,140,120,47,7,43,128,124,99,84,8,29,26,45,55,22,50,39,41,123,53,88,38,97,69,95,23,141,12,32,118,1,138,61,145,76,106,130,52,112,108,63,68,110,147,5,96,105,77,17,18,28,2,54,86,134,33,11,71,81,92,42,89,46,70,126,114,58,127,25,83,21,107,109,40,0,74,131,90,3,113,51,93,121,10,117,125,119,82,14,142
64,140,16,124,101,17,72,60,66,138,80,119,30,73,79,145,49,144,65,115,56,114,58,128,1,51,86,116,111,21,42,129,48,37,34,105,55,54,13,82,102,53,31,52,62,87,95,96,44,136,50,120,24,9,20,133,35,36,75,99,100,33,28,68,74,32,7,109,84,8,113,26,103,147,134,130,0,41,122,6,67,38,19,69,61,23,141,12,40,131,78,112,43,46,27,117,97,3,143,85,63,25,110,29,5,83,2,121,11,81,132,98,108,123,59,39,94,18,107,92,137,89,91,70,126,4,88,127,148,22,135,76,118,10,106,57,15,90,47,146,139,93,149,77,45,125,104,71,14,142
116,9,118,21,146,2,72,98,10,46,59,88,30,63,43,73,76,4,83,5,27,78,120,42,13,51,125,60,138,17,147,148,1,89,34,105,12,24,53,82,102,61,112,142,62,139,93,124,80,110,52,144,7,55,56,108,87,28,3,99,127,33,115,68,126,103,121,109,32,67,113,140,119,44,84,130,0,58,79,6,123,38,133,47,31,23,141,101,40,131,117,22,35,29,8,37,97,128,19,85,92,134,54,100,94,64,132,65,11,129,143,26,149,136,111,39,25,18,107,81,137,36,74,70,20,75,114,86,45,95,135,145,91,69,106,57,15,90,16,41,50,96,48,77,49,66,104,71,14,122
4,8,118,21,114,2,77,42,47,53,120,35,65,0,143,73,149,121,130,58,27,6,48,98,5,29,122,97,90,40,119,24,1,131,34,112,12,7,59,16,108,17,116,80,125,104,102,124,106,110,95,144,107,76,75,20,111,28,54,99,57,33,3,74,126,93,148,115,128,41,113,62,137,44,14,85,45,132,79,25,123,38,136,13,31,52,141,9,101,56,49,72,61,46,105,87,10,109,19,138,39,82,83,51,94,64,88,37,11,129,50,134,92,139,60,146,86,18,84,81,63,36,133,70,78,68,127,32,23,30,135,26,91,69,89,117,15,43,145,100,140,96,67,22,142,66,103,71,55,147
4,58,118,89,99,135,7,19,47,139,120,88,15,143,39,25,48,27,134,50,60,52,97,98,14,21,8,94,119,40,109,126,83,115,124,69,142,9,59,16,129,17,41,130,53,104,116,85,106,133,56,122,26,76,91,121,79,28,73,42,108,35,92,74,138,93,90,44,128,70,81,62,117,10,72,148,13,111,57,43,100,38,136,2,31,102,141,12,132,105,95,37,75,46,6,87,68,125,33,131,34,82,1,51,107,64,65,110,3,84,20,144,149,80,5,67,86,18,61,63,54,36,147,66,78,29,127,32,23,30,112,123,22,0,11,71,103,101,145,24,140,96,49,113,77,137,146,114,55,45
7,58,147,139,84,4,36,118,47,146,136,24,124,143,121,14,2,67,134,108,60,52,112,131,111,96,8,122,119,29,72,10,145,115,105,89,18,97,80,16,17,37,123,86,114,133,116,85,65,92,41,93,26,76,91,113,40,78,20,3,100,144,129,28,138,56,88,44,128,70,81,45,130,11,32,148,126,99,13,43,53,64,39,95,31,102,101,50,79,74,46,98,104,94,6,87,57,125,48,33,34,82,75,51,59,49,132,5,83,62,106,141,149,68,117,137,19,1,0,27,54,23,73,66,69,107,63,25,38,30,35,120,9,109,42,71,103,77,61,135,140,127,110,12,142,21,90,15,55,22
21,25,36,141,84,31,74,75,47,13,76,24,124,22,121,139,69,37,104,45,77,119,12,60,103,96,14,122,142,42,72,67,145,85,7,40,18,97,2,26,58,63,123,86,32,107,8,99,55,71,41,57,95,114,91,113,44,82,111,5,92,109,129,3,138,56,101,17,116,70,81,118,28,105,50,148,126,127,38,43,136,137,100,62,68,54,78,65,30,102,93,98,66,94,6,64,120,10,144,33,115,130,29,106,108,49,79,48,83,61,9,15,149,0,51,53,146,1,125,27,90,112,73,80,59,16,88,131,147,117,35,39,143,89,133,128,132,23,46,135,140,34,110,19,4,11,134,52,87,20
141,52,43,38,148,31,113,96,47,103,33,144,80,78,121,93,134,137,4,94,77,67,74,72,32,133,12,49,142,40,3,112,60,85,7,35,71,97,120,104,50,63,21,13,89,99,41,125,25,107,111,136,95,102,91,140,130,129,57,139,83,6,19,119,138,56,115,17,116,76,122,118,39,105,54,90,34,127,81,1,55,108,100,62,92,26,123,65,14,42,58,82,18,110,28,64,84,10,15,109,149,16,29,70,22,24,68,48,46,61,9,126,79,0,51,2,146,114,11,27,132,101,73,98,86,37,88,131,147,106,143,75,124,44,69,5,30,23,145,45,117,128,8,135,66,59,36,53,87,20
141,139,126,137,89,31,43,110,96,20,33,101,42,59,2,98,72,64,4,99,104,67,87,21,32,79,12,11,60,131,73,28,103,91,15,35,50,34,144,120,49,140,93,81,41,0,95,125,147,51,121,136,78,94,25,138,130,129,57,38,83,6,106,37,135,47,115,36,116,92,62,118,39,142,54,1,114,127,109,80,55,56,100,65,8,148,123,128,133,63,61,82,75,102,45,90,84,10,86,14,85,16,76,5,88,24,30,48,46,107,26,134,19,97,74,112,146,27,113,53,17,18,3,122,70,132,13,52,29,58,143,77,124,7,69,22,68,23,40,111,117,44,149,71,66,108,9,145,119,105
28,139,70,90,119,126,14,21,138,20,49,15,42,128,33,142,72,132,4,146,22,67,133,8,95,29,79,26,60,131,137,105,103,6,96,35,108,34,144,51,116,37,93,13,41,19,104,125,98,113,121,99,82,122,61,32,54,129,134,43,38,39,65,11,135,148,115,130,136,92,62,118,56,117,55,44,149,83,109,80,1,57,100,141,71,16,106,81,50,0,86,84,75,68,64,94,3,10,36,46,85,53,76,110,88,73,102,47,91,74,114,107,58,97,78,112,145,27,17,120,140,18,77,5,48,24,147,23,143,63,30,101,87,7,69,66,124,127,40,111,12,9,52,2,31,59,25,123,89,45
28,111,10,128,119,126,64,72,8,20,75,33,42,92,84,60,88,134,4,95,56,37,48,105,144,112,142,129,125,131,137,53,103,6,96,118,9,117,114,1,90,62,93,41,65,19,140,26,15,89,121,143,83,122,99,98,54,104,13,81,45,79,108,136,149,14,115,27,124,145,35,68,67,69,59,43,16,148,49,74,21,57,51,141,71,25,77,87,50,80,86,132,139,52,11,94,17,55,36,102,85,133,100,70,113,73,91,76,3,127,116,130,107,97,78,12,110,44,109,120,39,146,24,5,101,29,147,23,34,63,30,123,38,7,58,66,46,22,40,0,61,106,82,2,138,135,18,47,32,31
3,111,91,128,119,13,22,72,8,66,116,25,63,33,65,120,105,127,0,95,15,37,48,139,58,44,1,5,125,30,137,140,14,99,35,19,10,71,60,107,96,49,31,112,40,70,114,77,47,89,53,143,126,16,74,57,54,124,21,81,98,42,41,36,27,28,115,88,135,134,97,83,67,69,6,104,94,148,146,23,136,45,80,141,113,122,121,84,108,43,86,9,90,50,109,118,17,103,132,102,85,76,2,32,62,73,79,142,11,87,64,130,55,78,138,12,110,52,18,61,39,131,24,149,101,68,147,129,34,20,29,123,38,7,59,93,46,75,133,92,144,106,82,145,117,51,100,4,26,56
39,149,86,128,118,132,93,92,8,65,50,25,79,6,143,120,97,130,0,95,37,134,104,26,58,137,1,5,36,139,16,44,144,59,2,19,100,12,31,11,96,7,80,140,83,70,57,77,47,41,91,20,126,60,53,121,125,45,133,81,98,42,110,72,17,46,115,142,84,109,123,48,112,69,28,89,94,148,99,23,136,62,68,49,113,38,30,146,82,21,13,4,117,88,122,85,129,103,138,102,43,76,101,32,108,90,124,111,40,87,9,29,55,78,3,135,116,52,147,61,33,131,24,105,119,71,22,63,107,27,74,56,67,10,18,141,54,75,73,51,114,15,64,145,14,127,106,66,35,34
70,141,89,29,69,17,42,13,133,8,119,3,79,36,18,35,97,50,20,114,96,124,104,51,81,15,1,93,109,139,71,128,144,86,2,118,53,12,115,68,134,22,105,44,83,116,23,91,47,41,84,136,126,60,5,121,125,45,98,38,140,88,143,72,14,11,137,117,61,111,49,57,99,113,28,67,82,16,4,75,40,62,58,77,112,100,9,146,107,122,34,132,148,26,110,24,129,120,138,102,43,66,101,78,108,90,65,52,123,87,6,145,55,7,142,103,46,25,147,131,33,74,0,56,31,80,48,63,149,27,130,94,32,10,19,76,30,21,73,92,95,85,64,54,39,127,106,59,37,135
2,145,94,25,69,17,42,79,9,20,7,66,13,67,40,35,119,50,37,11,117,124,28,141,30,14,93,58,115,139,57,143,144,18,56,118,128,8,88,10,134,47,105,24,97,51,52,91,84,68,120,136,126,53,87,0,81,45,98,38,95,1,147,4,64,29,137,142,61,111,112,31,26,113,129,116,106,16,34,19,114,3,96,103,55,100,125,71,135,104,83,54,148,92,110,138,86,22,73,102,43,48,101,63,108,90,65,132,49,107,6,122,82,89,33,27,85,74,78,131,36,127,12,99,130,72,44,140,70,146,75,149,32,15,80,76,5,21,23,109,121,60,62,133,39,46,123,59,77,41
132,42,127,80,33,112,50,98,90,20,91,66,48,105,40,35,68,73,62,11,147,116,135,121,34,14,93,58,118,29,57,128,43,79,120,117,37,8,88,106,122,47,25,70,97,76,129,141,84,67,110,92,94,32,41,136,75,10,64,87,95,44,59,123,149,7,137,119,61,39,4,31,26,113,30,140,72,125,134,27,114,139,144,103,6,111,130,1,2,142,28,65,16,24,138,143,86,12,51,102,109,89,101,53,15,38,81,0,49,18,115,145,82,52,13,45,133,74,78,131,36,126,124,104,19,63,56,55,148,146,99,85,54,108,3,69,5,21,23,107,71,60,22,17,100,46,96,83,77,9
58,90,104,39,99,106,71,93,50,135,65,88,76,137,5,18,68,25,62,61,119,17,42,51,34,87,149,97,48,23,96,128,60,139,116,75,124,80,37,112,122,47,24,2,105,7,27,85,110,67,143,92,94,22,41,32,140,127,64,134,95,44,40,123,28,118,13,79,31,146,4,1,26,113,30,56,72,125,9,115,145,33,144,49,6,130,111,70,66,147,43,91,16,83,54,138,84,38,59,102,52,114,101,53,103,8,81,0,132,142,3,129,82,86,12,45,133,117,14,131,36,126,11,63,77,136,148,55,20,78,69,19,121,57,89,73,109,21,74,29,108,35,107,141,100,46,98,15,120,10
131,135,124,39,110,41,100,73,42,3,65,74,45,38,5,16,17,25,101,61,68,82,126,51,34,52,10,97,47,99,96,128,60,149,116,139,14,67,37,112,21,4,24,2,40,134,27,55,48,11,1,58,71,22,62,137,132,127,95,12,108,98,15,123,142,81,26,79,87,64,91,117,125,109,50,32,72,13,9,114,145,53,147,105,148,115,46,70,66,78,43,57,93,63,54,138,83,85,69,102,88,111,141,90,103,23,104,0,29,75,49,129,7,86,77,76,130,122,133,136,56,28,94,113,89,36,107,146,20,144,31,19,30,8,118,33,80,59,143,18,6,35,106,121,44,92,119,84,120,140
121,149,36,48,110,100,73,147,77,55,113,131,109,96,54,139,17,38,35,61,148,82,24,106,141,75,99,115,37,94,31,30,76,10,112,62,3,11,5,71,21,144,124,78,13,46,27,128,52,53,70,98,8,117,97,137,102,143,41,12,108,4,15,123,23,81,16,79,32,64,50,39,125,146,51,83,72,1,135,140,145,9,56,105,33,22,40,86,118,25,43,57,93,45,136,138,103,26,69,63,89,111,74,134,34,95,68,14,29,60,49,129,7,42,119,104,130,122,133,58,116,28,6,88,2,20,107,126,66,120,127,90,101,65,142,0,132,59,47,18,114,67,87,80,44,92,91,84,19,85
67,115,130,123,110,97,131,84,118,86,79,108,73,96,22,139,100,85,35,61,148,101,24,21,141,69,149,14,75,90,31,91,117,16,77,43,102,10,5,82,87,144,98,78,13,129,8,128,52,53,70,37,38,41,133,58,23,71,89,120,127,6,47,46,11,40,95,54,32,99,2,9,49,107,51,55,121,1,147,126,116,80,113,105,60,39,63,119,15,25,145,64,7,45,76,109,92,72,65,125,29,111,74,134,34,33,68,137,62,135,83,146,56,42,66,104,136,57,59,3,112,28,27,88,19,36,30,17,81,26,124,20,122,4,142,0,132,94,143,18,114,93,48,103,44,12,138,140,50,106
117,88,130,4,102,136,62,39,118,142,114,108,73,11,22,149,100,26,35,119,148,25,24,21,123,93,115,122,77,66,40,16,29,53,135,99,68,10,5,82,131,67,98,127,96,112,18,9,52,58,144,37,1,124,83,31,23,71,128,8,54,129,120,46,143,147,48,90,32,125,2,111,49,45,133,84,80,51,81,43,92,87,141,121,60,134,116,78,15,126,0,19,7,65,107,34,64,113,44,94,109,91,74,41,86,57,76,137,75,97,63,146,56,42,85,14,145,61,59,3,79,140,55,69,110,36,138,17,105,104,101,20,6,70,27,132,28,139,89,72,30,33,50,103,13,12,47,95,38,106
46,88,55,147,102,136,30,39,58,142,114,108,14,104,34,3,19,66,35,7,128,74,134,4,5,49,115,129,77,70,24,16,140,117,8,11,68,26,116,63,27,61,98,127,72,141,18,9,52,130,144,119,65,86,53,59,23,96,60,148,54,107,45,138,143,99,48,12,43,67,2,85,17,6,83,20,94,51,106,22,113,111,103,121,47,1,89,78,40,80,118,15,135,79,120,123,64,126,44,50,109,122,146,0,149,76,81,137,57,97,37,73,10,82,132,21,145,112,100,139,41,125,131,124,91,36,69,105,25,87,101,75,29,84,110,56,28,71,90,62,133,33,93,92,13,38,31,95,32,42
46,92,55,9,90,112,69,88,59,26,50,108,14,104,36,57,61,141,132,7,128,18,138,145,65,33,115,121,77,79,73,70,142,131,23,106,28,3,74,51,27,98,122,148,58,5,118,35,52,78,49,119,24,86,130,113,30,43,68,93,54,147,45,15,144,99,48,56,116,67,107,85,83,17,84,126,94,75,13,8,127,140,60,22,47,41,39,31,136,11,103,117,135,95,133,123,64,129,44,111,19,0,146,82,139,53,81,63,25,66,71,96,10,76,16,21,89,40,100,2,20,125,34,143,91,72,42,105,109,87,97,102,4,12,110,114,137,120,80,62,37,1,6,101,149,38,124,134,32,29
89,92,55,24,109,0,46,88,133,16,50,62,112,139,36,14,10,48,145,100,128,18,4,85,26,44,96,80,113,49,122,19,68,131,67,116,107,98,121,51,135,9,81,148,22,124,57,12,141,76,58,119,134,34,28,90,30,143,126,47,54,84,45,15,144,104,69,56,65,73,106,74,83,17,82,59,94,32,87,33,132,140,43,41,75,70,39,31,137,11,136,118,115,95,117,123,64,86,3,130,147,53,146,108,78,5,125,63,42,27,71,142,138,60,101,52,13,25,7,21,61,2,40,66,91,72,99,105,29,77,97,102,93,127,103,114,111,8,20,110,38,1,6,37,120,149,129,79,23,35
98,92,46,24,91,104,118,131,119,110,50,58,80,139,129,84,10,48,123,47,111,76,4,85,26,44,127,2,78,142,20,60,74,38,1,116,29,133,121,122,82,31,100,42,16,86,9,12,141,62,17,30,43,137,0,90,15,93,36,59,75,107,45,97,143,57,109,56,95,120,106,41,22,115,94,144,77,32,87,33,81,140,68,148,89,72,13,135,49,134,136,37,102,7,6,73,25,69,3,130,147,53,146,108,11,114,35,125,65,51,71,5,138,54,101,52,83,79,63,117,14,28,66,113,21,19,99,105,112,124,145,18,23,132,103,128,34,8,70,88,55,126,64,67,39,149,27,96,61,40
98,92,46,24,91,75,118,18,131,81,50,45,110,144,20,88,136,126,132,94,1,104,23,56,41,80,112,2,58,22,128,72,51,143,61,138,64,133,65,122,62,12,36,42,35,86,87,117,7,147,137,66,43,14,95,111,78,123,27,59,99,107,113,30,10,57,109,21,119,71,106,4,101,33,44,145,3,121,52,16,83,140,149,135,38,60,13,142,54,134,9,37,32,90,6,73,25,48,84,130,68,82,146,108,11,114,31,125,129,40,63,26,5,103,102,116,47,70,39,79,29,139,141,89,120,19,53,105,17,124,77,0,100,74,85,115,34,93,28,127,55,15,76,67,148,69,8,96,49,97
13,145,100,30,131,75,26,18,27,86,56,21,110,17,20,88,43,7,132,54,64,9,107,44,41,80,112,2,39,92,37,83,62,71,61,130,134,81,144,122,70,87,36,42,22,104,136,97,142,103,120,105,67,141,95,111,147,25,19,53,99,60,135,12,10,137,51,109,119,73,38,35,50,33,4,149,117,121,63,16,23,114,91,65,108,6,90,52,5,143,15,84,72,59,138,101,57,126,102,125,98,85,146,48,11,66,31,118,129,123,113,49,1,32,128,116,47,82,46,79,133,127,58,89,3,77,24,139,34,124,96,0,29,148,74,115,94,68,28,14,55,140,76,40,78,69,8,45,93,106
40,145,41,80,146,9,119,18,97,13,44,87,115,49,62,16,0,125,23,106,104,20,8,66,1,139,102,21,39,38,15,83,45,35,61,52,4,81,88,11,7,31,86,42,22,36,149,94,117,103,120,69,10,141,71,138,147,107,122,89,56,14,135,12,58,137,51,109,37,111,17,70,50,64,148,92,78,121,77,29,129,114,91,93,73,55,90,136,130,143,65,84,72,53,68,116,30,126,6,113,98,28,26,123,59,76,99,118,144,33,57,74,105,32,82,54,47,131,46,79,133,19,24,110,3,128,5,134,34,124,96,101,2,112,108,27,67,43,48,60,127,140,142,63,75,100,85,95,132,25
40,71,85,22,26,27,70,149,53,62,44,121,10,49,16,141,0,39,23,31,95,73,88,66,124,21,54,148,106,142,79,83,1,35,82,52,14,81,63,61,7,99,24,127,104,42,33,94,77,103,5,89,125,102,140,18,114,91,20,90,56,138,135,123,58,132,51,109,19,111,17,13,117,120,75,41,78,25,133,29,139,122,64,47,145,55,45,137,130,101,86,68,72,80,87,116,100,119,6,113,98,108,92,69,59,60,84,96,97,57,112,3,38,32,30,131,4,37,50,65,147,115,46,110,128,105,12,134,34,76,126,74,2,28,9,93,67,43,48,129,118,8,144,107,15,143,36,136,11,146
74,13,93,129,6,27,70,53,96,126,44,39,26,49,67,141,72,8,52,35,22,71,88,32,46,21,54,132,79,145,62,119,111,1,43,24,5,29,63,105,7,76,103,127,78,42,95,87,23,85,73,64,125,108,3,18,107,0,139,81,30,138,101,58,143,148,137,106,19,66,51,48,117,120,149,37,56,25,133,61,97,34,104,16,60,55,121,124,130,83,89,68,75,109,40,116,50,122,144,113,102,94,92,69,28,12,14,47,100,82,112,135,98,86,80,131,4,45,123,38,147,15,136,110,128,31,84,10,142,114,20,2,77,99,9,59,90,91,134,57,118,65,17,140,33,41,36,115,11,146
109,13,53,129,140,52,120,97,6,126,50,39,104,137,67,143,12,132,115,35,85,147,88,66,3,2,77,23,139,57,62,42,111,122,43,87,5,20,119,78,7,83,103,124,32,73,95,72,130,75,114,100,106,24,40,64,107,110,86,81,30,138,10,58,149,148,27,82,141,125,51,127,74,44,96,145,56,89,133,26,25,98,22,71,93,55,45,131,46,33,70,146,136,79,63,116,68,128,144,54,102,14,105,36,17,61,60,49,113,108,1,135,142,41,80,48,4,38,18,34,123,15,28,37,76,94,84,112,21,47,9,117,8,59,92,16,90,91,134,121,118,65,31,69,19,0,101,99,11,29
149,79,121,139,140,52,37,114,58,142,50,39,104,137,125,78,24,122,115,129,85,147,88,92,41,57,86,23,87,94,62,91,111,53,11,138,75,20,119,27,59,105,109,21,99,61,128,101,72,67,95,100,118,42,40,64,107,127,31,4,6,5,132,90,84,148,32,82,12,2,51,123,74,15,93,45,56,10,133,117,25,77,55,71,108,98,3,76,146,96,70,33,26,145,36,116,22,103,0,54,102,144,17,63,97,7,60,83,113,43,131,124,65,126,28,35,110,143,141,34,29,47,14,106,16,13,49,112,44,120,130,48,1,18,89,46,68,66,134,135,136,30,8,69,19,73,80,9,81,38
88,79,28,139,87,108,67,133,39,146,78,105,94,145,2,121,124,12,47,42,53,55,59,5,123,37,149,147,58,36,142,15,11,93,134,130,75,20,32,16,97,111,4,140,84,30,128,49,72,122,38,61,100,118,19,98,107,127,31,68,6,116,132,90,143,148,126,82,41,35,51,114,74,138,14,86,56,10,76,52,109,63,7,77,27,136,144,96,40,81,70,33,26,119,21,141,129,103,54,125,110,45,3,1,117,24,22,83,25,43,131,65,91,104,115,17,0,57,99,34,29,50,64,106,71,13,23,112,44,120,137,48,60,18,85,9,66,95,46,135,89,92,62,69,102,73,80,101,8,113
39,79,28,139,87,125,18,100,35,29,78,129,4,119,63,77,57,12,67,54,102,62,107,64,123,26,53,52,114,21,68,90,88,15,98,130,31,136,32,65,42,146,2,69,84,30,128,120,72,131,43,71,59,122,147,110,118,127,99,96,149,116,56,13,134,85,58,82,14,133,51,143,121,138,115,140,126,10,5,16,55,141,7,17,109,137,104,95,20,81,92,33,0,91,94,6,38,8,48,106,74,97,3,1,117,24,22,70,103,132,11,75,45,124,148,49,9,37,47,34,41,50,108,19,93,86,23,112,60,83,142,145,36,40,61,25,66,27,46,135,89,105,80,144,76,73,111,101,44,113
18,61,133,94,53,21,62,91,143,29,52,111,114,63,55,77,2,12,95,58,74,1,46,9,47,41,23,70,69,11,68,90,117,49,98,125,31,136,44,3,33,142,113,42,84,30,128,87,72,35,100,71,76,5,79,32,88,127,7,14,89,116,126,13,102,85,73,139,135,147,57,24,121,15,45,140,66,10,122,115,130,118,132,36,109,17,104,37,20,103,56,83,0,137,145,6,38,26,48,54,59,97,119,134,146,131,22,81,107,106,110,39,149,148,138,27,141,64,96,50,43,75,108,19,93,65,120,112,60,8,123,40,4,105,34,25,67,82,86,124,129,78,80,144,16,92,99,101,28,51
54,51,82,112,53,68,62,60,17,128,52,122,114,89,64,61,56,12,101,55,140,95,105,143,141,8,23,70,99,11,50,98,74,49,133,125,31,107,93,24,90,116,77,45,84,3,22,6,66,147,100,130,76,142,34,25,106,127,10,148,48,92,5,13,32,96,73,59,135,113,58,4,121,144,103,134,109,63,43,115,71,88,146,36,131,118,104,29,86,85,72,83,0,20,117,14,35,26,137,15,126,97,119,40,145,139,21,81,120,30,110,39,149,80,44,57,2,9,1,69,46,75,102,94,87,67,27,47,132,91,123,111,33,19,108,18,38,138,41,124,129,78,37,7,16,136,42,65,28,79
21,110,82,5,53,109,90,60,80,149,62,95,144,64,19,61,115,12,40,118,140,106,105,148,119,8,81,70,142,38,50,96,125,67,133,91,135,107,15,24,51,17,55,54,84,58,7,28,45,147,100,52,141,89,34,25,42,146,4,9,126,92,0,13,32,116,127,73,97,10,77,3,59,103,136,134,121,63,124,57,71,138,29,36,43,98,112,16,18,33,72,83,49,86,56,145,132,26,39,78,128,22,14,6,88,44,117,131,120,85,104,48,101,123,74,66,2,129,137,69,31,75,143,94,87,20,30,47,37,41,139,111,27,35,11,68,108,93,113,99,114,46,102,76,130,122,23,65,1,79
114,89,7,124,147,36,63,23,80,25,118,140,45,41,19,9,84,86,40,48,144,106,87,62,34,79,38,70,142,30,50,148,4,58,125,91,135,107,31,24,51,16,67,54,65,105,0,27,56,29,12,78,119,13,44,3,42,146,95,10,20,21,88,8,98,145,32,73,97,137,103,77,59,115,92,18,100,101,81,61,71,138,102,6,11,99,76,53,143,116,126,83,49,133,43,96,90,5,39,28,128,131,64,1,123,75,110,37,141,85,104,60,136,35,134,66,2,74,14,69,22,47,72,94,57,82,55,26,15,129,139,111,17,109,120,68,108,93,113,46,127,112,117,121,130,122,33,132,149,52
108,138,58,120,5,49,83,94,126,13,118,99,7,41,19,143,84,50,40,116,144,27,43,62,28,131,38,35,47,68,132,16,119,12,52,86,133,79,31,24,134,90,67,146,129,91,0,122,56,123,137,64,142,48,44,3,73,124,45,114,20,60,88,63,54,145,103,26,112,105,22,37,59,42,85,135,100,21,57,61,71,136,23,6,140,70,76,53,110,87,18,125,101,30,15,9,111,128,39,4,147,14,75,1,2,17,65,10,141,51,113,107,36,11,102,66,33,74,80,69,148,77,127,29,89,82,81,115,96,92,139,104,72,109,8,149,55,97,78,46,93,25,117,121,130,34,95,32,106,98
84,138,116,120,59,49,83,94,135,50,141,99,68,41,79,25,97,9,40,81,43,27,122,19,60,28,32,62,47,35,24,30,5,58,52,101,148,71,31,72,119,90,67,146,114,17,137,33,38,20,112,64,91,3,123,127,73,108,1,74,87,34,88,107,86,149,98,133,12,22,78,69,147,13,37,143,100,139,57,61,92,136,14,102,111,7,76,53,2,118,18,125,80,128,134,106,56,0,145,93,104,126,131,132,23,142,65,10,121,51,48,39,36,110,85,129,113,77,124,115,103,130,45,4,89,82,75,29,96,16,26,63,54,109,8,140,55,66,44,46,11,6,42,21,144,70,95,15,105,117
68,58,19,83,45,49,126,102,71,135,141,29,100,41,79,74,97,9,7,105,43,65,149,86,60,147,109,32,47,35,25,57,0,30,52,38,22,122,46,75,104,21,59,82,95,101,137,33,129,117,67,1,10,64,87,63,111,106,119,144,12,98,88,18,81,128,44,133,110,17,78,69,34,139,121,37,94,36,148,4,138,136,14,142,13,93,76,108,2,118,24,54,80,85,146,99,73,143,145,127,66,134,131,132,27,114,15,89,62,91,48,61,107,120,103,53,113,77,90,115,124,130,31,84,56,123,16,39,96,42,26,92,28,11,8,140,55,23,116,112,72,6,3,50,125,70,20,40,51,5
7,69,19,31,56,22,76,137,120,135,141,116,100,118,43,117,97,9,30,70,91,21,149,113,92,147,49,112,52,12,25,86,6,102,108,128,105,26,27,122,106,131,46,84,32,104,74,77,129,0,110,42,67,64,143,63,75,34,119,144,40,71,94,18,114,59,109,2,140,17,125,33,111,139,121,73,35,36,148,80,133,65,14,98,13,93,11,123,10,62,24,5,28,53,146,138,81,15,101,127,16,134,87,37,88,130,68,89,142,99,48,61,51,85,82,126,60,38,79,115,124,57,132,41,103,29,66,39,96,45,50,1,58,136,95,90,55,145,8,4,72,23,3,47,78,107,20,83,44,54
22,80,15,147,14,65,60,137,31,86,53,139,72,5,43,104,97,105,95,70,91,107,126,130,145,146,106,112,47,99,138,62,69,102,120,34,7,118,27,18,128,131,46,113,50,76,48,39,129,0,81,23,11,64,143,123,75,3,110,135,40,142,127,92,94,59,140,63,136,61,41,68,111,19,6,73,35,148,44,79,116,117,12,98,100,32,85,96,78,4,24,33,28,84,49,13,103,57,101,20,16,134,87,56,122,124,71,89,52,149,58,114,121,133,9,67,77,38,36,115,74,2,132,125,8,29,66,83,119,45,37,1,51,141,30,90,55,17,109,10,26,25,108,42,93,21,144,88,82,54
8,110,15,51,75,65,60,132,31,85,53,93,144,42,84,123,97,130,77,70,3,66,125,30,145,126,49,95,47,113,105,138,107,108,134,37,59,146,72,18,40,124,111,57,71,43,25,39,129,17,81,137,136,52,16,64,26,100,23,4,102,73,9,92,94,115,0,63,11,128,104,68,80,55,6,58,2,148,44,79,22,91,62,98,24,32,86,96,87,38,76,101,28,35,20,13,34,78,141,122,12,133,127,56,69,131,139,67,74,149,27,114,14,112,118,19,135,89,36,142,103,143,50,121,7,140,116,90,119,45,33,1,46,61,29,41,147,83,109,10,5,117,48,21,106,99,120,88,82,54
111,136,74,75,132,146,7,38,49,65,44,93,144,42,85,47,95,36,77,130,55,2,125,29,109,126,114,63,133,98,122,61,84,108,134,62,6,104,96,16,40,72,53,57,73,43,25,78,129,1,32,89,69,60,121,64,103,34,23,9,5,22,51,148,26,115,0,3,11,18,59,68,80,27,112,31,82,90,119,113,39,71,4,87,24,107,21,20,142,124,76,52,28,35,106,15,70,33,100,135,12,110,127,81,88,141,139,145,37,105,137,94,120,138,97,19,149,58,131,48,8,143,50,123,101,56,66,17,116,45,128,14,46,13,91,41,147,83,67,10,79,117,86,140,54,99,30,102,118,92
