0,1,2,3,4,5,6,7,8,9,10,11,12,13,14,15,16,17,18,19,20,21,22,23,24,25,26,27,28,29,30,31,32,33,34,35,36,37,38,39,40,41,42,43,44,45,46,47,48,49,50,51,52,53,54,55,56,57,58,59,60,61,62,63,64,65,66,67,68,69,70,71,72,73,74,75,76,77,78,79,80,81,82,83,84,85,86,87,88,89,90,91,92,93,94,95,96,97,98,99,100,101,102,103,104,105,106,107,108,109,110,111,112,113,114,115,116,117,118,119,120,121,122,123,124,125,126,127,128,129,130,131,132,133,134,135,136,137,138,139,140,141,142,143,144,145,146,147,148,149
136,120,95,37,140,30,1,148,86,127,24,61,126,134,18,145,58,21,55,100,130,33,82,139,14,87,135,62,114,129,103,94,59,49,73,119,42,71,35,15,70,3,69,80,16,105,111,101,28,65,23,2,56,98,93,67,81,102,68,142,4,40,36,116,117,12,20,96,76,51,45,85,53,60,43,10,29,34,8,44,25,54,92,138,0,48,32,128,89,113,5,141,52,26,144,115,97,122,19,9,17,78,107,125,47,124,83,99,106,147,79,50,39,132,74,88,121,90,110,133,41,131,149,137,64,46,143,104,22,108,77,7,57,123,75,6,112,66,11,27,146,118,91,109,13,72,38,31,84,63
71,140,134,118,20,14,117,106,139,59,49,7,21,84,92,30,89,98,119,50,23,0,110,126,135,29,66,120,69,94,25,108,61,18,63,143,102,146,103,60,42,142,82,26,56,125,9,86,41,105,100,62,131,46,113,24,10,87,137,47,1,5,130,2,114,37,52,133,45,101,16,39,64,3,75,124,54,97,109,19,4,74,55,88,112,38,51,68,58,22,145,116,67,15,77,53,8,90,79,78,31,80,149,99,11,123,127,136,148,96,28,43,65,17,95,128,35,27,73,93,36,144,132,104,72,44,141,40,85,107,76,83,115,91,111,34,6,32,138,121,33,57,13,70,48,129,12,122,147,81
47,89,53,51,106,70,100,138,85,121,109,1,98,139,96,135,38,73,58,83,28,86,55,117,44,84,18,113,91,81,133,110,41,7,118,35,131,127,94,82,107,146,26,12,79,102,5,13,74,11,136,90,24,67,132,31,120,99,23,9,6,103,105,75,2,144,119,49,43,123,17,128,68,134,29,21,48,137,39,59,80,20,16,60,115,14,22,93,15,0,111,45,114,112,61,62,46,52,40,27,71,140,148,30,141,19,64,95,10,3,149,77,145,116,36,78,32,69,54,4,97,108,142,147,125,87,34,65,42,8,63,130,143,57,122,33,88,124,76,129,37,72,126,66,92,101,104,25,50,56
140,104,90,34,48,45,33,42,147,20,30,18,55,63,128,69,145,9,10,124,137,38,41,107,72,50,136,88,100,84,15,12,47,91,98,132,62,113,129,96,127,59,17,5,80,143,44,22,8,121,6,14,31,130,0,118,92,108,66,23,78,101,77,35,79,139,131,27,2,119,83,116,93,24,19,133,43,46,95,76,71,141,97,40,13,109,102,125,114,148,110,87,106,126,51,56,16,82,65,60,53,32,149,75,94,64,67,49,36,58,123,1,57,39,112,122,74,52,115,105,144,21,11,29,28,26,142,89,146,70,73,3,37,61,111,54,120,81,85,135,117,138,4,25,7,103,68,86,99,134
18,86,29,109,52,78,87,148,13,117,141,42,127,114,11,79,14,22,35,10,77,133,118,59,69,132,137,129,15,98,91,123,39,140,67,146,102,73,37,31,61,110,23,38,16,95,131,66,82,116,21,92,46,90,128,76,75,143,97,50,113,0,68,96,70,26,99,63,27,3,112,41,48,105,58,1,2,6,144,43,88,139,54,47,100,55,53,84,93,119,124,94,32,56,57,145,25,134,51,30,149,44,106,103,107,60,28,71,83,65,12,104,115,34,72,19,62,108,125,64,147,24,138,4,85,74,40,80,122,45,130,36,135,33,49,81,111,8,7,20,89,126,136,17,9,121,101,120,142,5
142,8,27,43,135,17,50,82,86,81,116,41,2,29,4,109,56,71,64,76,60,32,83,144,100,113,103,117,138,112,49,121,114,63,59,85,45,77,149,0,115,88,145,21,39,47,148,53,137,61,3,123,72,38,68,20,87,10,126,7,28,70,9,24,101,97,141,19,91,12,15,30,33,134,89,136,127,106,58,36,110,102,16,80,133,48,132,18,51,25,95,84,128,67,119,107,31,11,42,34,108,105,74,14,143,118,98,130,44,139,92,40,125,96,6,131,22,122,99,55,104,46,35,124,73,13,52,140,111,54,62,66,93,5,120,57,147,129,94,75,65,90,23,79,69,146,37,78,26,1
115,2,119,11,17,22,14,15,64,136,78,111,23,48,35,93,101,16,56,86,8,50,76,137,69,116,146,98,104,53,72,127,46,147,129,26,3,27,34,126,70,84,113,114,29,138,77,142,118,1,30,128,5,141,47,68,80,122,144,112,63,135,66,149,71,24,96,125,41,131,42,37,52,20,123,92,95,110,94,99,134,61,33,7,106,107,57,4,88,82,124,49,121,143,9,67,44,103,43,13,25,90,40,21,32,81,60,28,120,6,62,54,109,59,31,19,140,148,45,83,38,73,100,97,12,108,39,130,91,10,85,132,0,89,139,105,18,133,75,117,55,87,51,58,145,65,36,79,74,102
4,54,2,116,114,105,35,47,10,7,44,122,32,61,72,86,36,48,85,120,127,43,25,73,49,113,121,77,99,29,52,55,143,63,87,84,42,8,23,138,106,67,45,131,147,79,81,6,15,75,65,135,88,97,68,100,109,134,11,40,94,60,26,31,59,101,128,14,38,149,22,93,90,12,119,20,70,66,123,27,19,69,89,28,74,110,5,3,137,56,64,51,117,9,125,18,57,17,13,108,37,126,132,133,118,41,95,62,130,136,96,104,50,53,0,30,92,144,80,148,145,46,58,139,140,39,24,115,34,107,91,103,82,112,21,16,129,102,1,142,111,76,141,98,124,146,78,33,71,83
56,8,55,131,148,62,77,135,26,20,64,16,101,14,122,75,23,108,51,83,2,49,79,143,97,28,102,146,45,32,70,11,47,38,13,133,144,127,112,104,78,140,48,1,105,22,25,116,96,12,54,52,3,118,6,36,31,93,94,17,57,129,41,84,74,91,117,34,89,42,10,40,24,53,90,99,80,120,134,21,63,73,76,18,33,142,132,5,126,72,4,85,27,121,147,0,65,68,44,82,69,7,123,138,88,139,136,130,109,87,95,71,43,35,67,125,113,110,106,114,50,86,9,58,19,115,81,37,145,39,119,128,66,46,15,107,60,111,141,98,100,137,29,149,92,103,124,30,59,61
20,41,45,134,61,14,37,29,107,76,50,77,21,126,17,110,9,104,75,146,49,102,106,109,103,40,58,127,39,98,46,2,48,120,70,34,84,99,108,119,140,26,94,16,51,136,100,113,52,114,142,33,7,44,23,74,42,111,73,54,10,147,144,13,129,138,18,137,36,55,96,38,28,60,63,31,43,95,86,4,125,92,25,15,66,135,143,12,1,131,115,27,65,59,3,132,85,64,149,139,83,118,56,11,122,69,79,32,128,97,5,93,71,88,57,19,101,6,87,117,81,130,72,124,133,121,148,67,30,47,8,90,82,105,112,0,123,89,78,141,80,145,24,53,35,68,62,91,22,116
25,33,50,137,107,97,52,40,64,134,149,112,49,143,74,54,73,57,48,91,119,87,146,102,130,85,80,66,145,13,81,84,12,88,36,69,114,121,65,4,29,103,100,28,111,44,136,14,16,132,122,99,76,127,147,83,129,59,32,93,128,56,113,86,82,115,140,41,46,1,31,39,8,38,118,6,139,94,148,75,10,109,79,18,37,58,7,2,15,26,125,55,144,51,105,110,20,53,133,78,135,67,0,89,104,141,142,62,95,124,101,120,11,126,72,3,23,17,27,106,123,61,9,63,35,70,30,77,21,98,92,19,138,34,68,5,131,42,45,71,47,96,90,24,22,60,43,117,116,108
0,122,117,24,137,92,106,62,4,114,61,72,96,121,90,110,45,31,53,10,105,44,79,75,43,144,87,2,129,73,134,135,29,11,86,51,83,80,113,116,52,46,26,68,98,119,15,27,21,133,78,141,103,118,23,33,125,112,132,124,131,94,7,6,59,82,14,89,123,50,20,101,30,93,54,70,18,74,84,17,9,128,65,102,95,38,49,77,63,66,138,139,107,85,60,34,39,16,145,12,97,56,19,127,47,120,126,148,8,146,5,41,48,57,40,76,109,13,64,149,142,140,71,69,32,67,108,37,91,22,25,130,88,136,81,35,115,36,99,111,100,143,3,147,42,28,1,55,104,58
49,14,55,132,83,125,40,30,72,59,71,60,85,13,87,50,15,117,88,146,113,116,21,92,64,133,89,99,76,136,107,33,124,42,93,17,69,62,43,32,18,5,148,34,106,10,54,131,20,67,120,139,79,81,74,52,23,46,86,26,80,45,51,48,142,44,22,3,77,0,35,144,9,27,127,97,7,101,39,122,95,2,73,25,1,84,38,66,98,149,28,114,104,4,102,109,8,82,78,31,138,70,37,19,68,143,57,128,75,65,140,141,41,115,53,112,111,134,100,47,6,94,121,108,24,135,61,126,12,58,63,56,130,96,119,90,36,16,105,145,147,103,91,11,137,118,29,123,129,110
79,37,3,62,139,88,74,63,93,143,86,17,91,147,38,135,9,146,67,64,149,0,116,140,144,78,48,87,75,5,102,109,65,28,59,36,27,60,104,51,90,133,69,100,134,21,66,126,39,73,128,25,141,13,138,35,19,23,112,124,123,80,137,11,55,95,113,8,49,96,103,131,114,110,76,50,97,53,127,98,77,108,81,52,71,111,82,10,31,119,142,20,16,70,7,68,101,130,47,136,4,122,120,6,42,148,54,89,34,1,18,132,105,44,94,32,61,129,83,84,56,43,145,40,33,72,15,41,29,99,58,92,57,115,121,107,45,125,106,26,22,118,46,30,12,85,24,14,117,2
97,104,128,144,77,57,149,24,120,42,118,99,68,2,147,76,81,102,94,125,127,87,83,58,98,115,55,40,139,33,66,3,131,54,130,50,18,49,48,32,105,90,132,119,93,86,92,80,62,91,134,106,82,69,13,141,135,88,52,14,60,89,35,126,39,29,23,46,110,21,64,138,117,37,25,124,146,111,96,15,71,4,142,10,17,79,122,61,53,85,78,67,107,11,75,43,129,114,1,51,136,109,123,101,34,12,73,36,121,108,27,6,72,7,116,140,113,70,112,31,26,103,30,148,41,56,8,16,95,100,44,63,22,20,28,133,0,74,5,65,9,145,45,19,143,84,59,47,137,38
13,36,102,24,90,136,30,11,72,16,116,14,42,60,101,28,85,109,137,50,75,63,66,104,15,144,122,130,3,95,27,119,54,147,87,121,7,132,6,135,48,127,148,77,69,1,59,105,145,93,74,84,92,140,108,46,117,37,56,80,82,113,81,76,88,62,78,96,143,52,21,44,94,98,5,25,118,64,0,2,31,110,124,29,133,33,146,125,51,45,9,99,115,120,53,134,97,40,71,18,8,55,17,20,39,103,23,83,91,114,32,57,123,112,19,26,67,89,65,61,79,100,129,12,73,149,131,58,35,70,111,49,107,68,22,47,141,106,38,128,43,86,34,41,4,138,139,10,126,142
35,72,116,63,4,22,40,135,84,68,120,121,100,27,115,60,117,53,37,130,65,90,49,6,54,34,114,142,99,1,26,17,57,50,148,125,103,23,56,147,129,108,32,12,75,39,109,128,61,51,136,93,70,48,31,10,143,38,28,98,101,97,105,134,145,46,59,92,7,16,29,8,132,139,133,9,104,66,33,67,21,3,87,126,0,55,88,78,102,5,95,86,123,58,47,140,45,110,146,81,82,124,127,30,73,41,25,71,113,62,14,77,44,69,79,149,36,107,20,64,89,11,24,119,122,13,43,85,19,42,131,144,111,94,18,96,2,76,137,141,80,106,112,118,138,15,74,91,83,52
96,76,140,95,77,19,112,32,52,115,91,62,24,13,40,17,7,35,29,128,118,103,97,50,142,57,131,61,47,144,3,58,117,18,74,108,145,136,25,81,79,100,147,89,101,141,33,126,39,86,22,49,119,90,93,27,85,135,38,45,66,15,143,106,10,87,120,30,134,46,82,92,56,102,104,139,121,12,64,149,43,9,124,16,98,28,11,6,42,70,114,99,94,71,137,54,69,48,110,132,2,8,146,125,116,1,75,21,37,105,73,109,5,84,129,127,111,23,78,55,60,31,14,88,34,4,26,0,130,83,68,36,67,80,53,59,63,20,44,107,123,138,122,133,65,41,72,51,148,113
130,21,2,115,78,103,127,118,8,142,66,138,123,89,135,82,25,141,125,59,120,9,54,85,52,145,33,16,30,31,81,47,15,12,122,92,57,137,29,147,20,99,49,111,63,39,34,75,112,28,113,67,6,69,109,55,7,83,117,114,149,70,46,86,61,27,136,94,74,18,101,146,51,108,144,48,42,64,56,65,121,13,143,3,1,72,100,132,62,53,36,133,119,131,0,140,77,124,128,102,104,110,73,37,26,71,134,139,41,24,45,84,40,91,93,23,19,126,95,5,98,107,106,87,35,50,32,90,43,116,79,148,14,38,105,76,10,44,129,80,58,88,17,60,11,96,68,4,97,22
115,64,144,40,127,37,68,104,140,71,31,35,62,74,6,48,2,110,29,67,3,13,60,59,12,143,108,92,82,136,10,43,129,90,18,131,121,61,54,111,46,26,63,15,98,93,79,25,128,70,23,7,20,81,51,78,56,22,89,16,125,148,95,27,112,53,114,42,28,77,109,24,30,126,137,120,33,57,41,87,124,58,66,50,45,132,119,134,138,96,106,65,8,72,99,88,145,5,91,135,147,11,75,146,123,14,36,141,38,116,80,97,76,85,118,47,49,4,94,39,117,1,34,86,102,107,113,0,32,73,122,21,55,142,149,44,103,17,52,139,133,19,69,100,84,9,130,83,105,101
91,133,65,128,120,106,89,69,6,75,14,107,138,18,64,5,130,98,42,81,58,0,31,76,149,51,147,10,13,45,57,88,85,67,117,132,92,60,73,82,127,41,28,110,79,43,94,21,118,115,131,119,48,139,34,61,38,49,12,126,84,104,54,95,59,40,20,148,103,25,52,124,24,113,56,99,47,105,137,145,129,63,136,90,15,71,100,125,3,19,111,134,122,46,66,146,121,30,53,101,55,80,16,32,108,39,35,116,17,4,22,143,102,23,141,114,144,96,27,112,77,135,142,72,68,86,9,97,1,2,140,109,37,50,8,11,36,78,93,62,87,70,83,44,74,29,7,26,123,33
13,83,95,34,23,73,15,66,109,33,7,91,38,134,14,9,32,79,129,67,82,71,143,112,140,135,142,40,104,127,21,81,30,102,138,149,44,97,45,87,58,72,60,93,10,100,56,121,25,137,49,68,90,1,105,27,88,98,64,123,119,118,35,96,136,69,114,125,53,139,103,128,74,47,43,101,50,145,12,70,24,51,4,19,141,62,41,80,61,111,54,113,133,117,2,120,76,132,46,17,78,85,107,0,18,94,31,124,48,26,39,36,63,37,11,89,59,110,6,75,86,92,77,99,42,126,16,148,131,115,3,106,130,144,52,116,22,8,55,5,65,147,146,28,29,57,20,122,84,108
139,25,114,147,61,19,96,133,72,104,23,84,20,142,15,68,116,32,87,42,55,2,71,69,51,118,33,149,49,79,30,54,28,138,58,111,77,10,34,94,43,5,107,75,91,31,44,11,48,101,134,99,137,26,81,62,97,93,37,59,85,126,106,145,40,90,132,131,103,27,122,95,46,63,89,100,65,140,3,1,88,124,113,13,53,109,22,130,17,117,119,50,45,121,102,127,29,35,9,141,146,144,52,112,41,125,24,74,47,115,128,67,7,12,123,80,36,14,4,86,8,98,64,148,38,82,110,83,143,92,66,105,6,70,18,76,16,57,60,136,120,135,78,108,73,21,0,56,39,129
24,70,8,119,129,100,23,125,98,58,40,139,117,30,28,54,60,5,49,144,112,96,131,48,104,86,83,135,56,72,45,79,76,22,120,75,51,141,147,71,138,39,87,78,132,73,9,103,21,85,52,55,4,142,101,44,59,34,114,68,102,26,42,128,80,17,38,133,57,3,116,82,64,137,6,43,41,136,95,81,118,63,99,110,124,148,108,25,90,89,106,126,130,47,27,134,32,93,77,105,12,50,140,66,121,62,67,37,10,127,16,20,19,107,7,46,113,33,94,145,65,88,0,29,149,53,69,1,11,31,15,14,115,84,97,92,123,36,111,61,122,74,109,13,35,2,18,143,146,91
63,120,113,50,133,76,108,0,59,8,103,128,2,1,29,84,68,6,90,66,44,87,53,77,39,13,93,134,3,147,107,41,115,79,20,17,80,126,143,140,106,124,86,38,82,62,137,135,144,43,10,18,91,141,122,57,112,31,27,114,28,55,72,12,32,89,21,117,65,95,149,47,58,37,78,42,71,48,100,92,130,146,110,56,111,99,9,33,45,85,54,123,104,98,142,14,132,74,40,67,69,131,81,19,145,51,70,64,23,148,96,139,30,46,94,22,25,118,88,61,11,60,15,125,16,5,138,83,36,35,109,26,49,127,129,136,105,34,4,24,7,102,73,75,116,119,97,101,121,52
49,16,28,105,90,20,148,47,130,125,37,82,92,11,61,46,147,64,77,22,129,25,66,8,7,124,88,30,32,127,118,84,93,73,143,83,86,74,6,134,75,68,13,35,15,4,36,94,140,33,101,79,97,78,5,110,9,63,41,131,81,100,58,114,42,103,137,21,52,59,39,14,38,144,44,65,10,122,109,43,98,126,54,121,57,104,112,72,128,99,108,76,113,29,71,31,67,53,18,117,48,1,133,26,91,149,85,2,19,120,136,0,45,95,138,55,146,3,56,89,142,123,24,116,17,40,51,96,145,139,135,27,141,80,34,62,69,70,60,111,12,106,132,102,107,23,119,115,87,50
35,70,75,3,114,49,0,72,32,77,120,11,81,42,5,121,48,110,76,21,36,34,15,142,105,47,145,14,98,84,74,60,146,20,128,62,16,27,8,61,104,130,108,2,118,45,38,63,149,143,125,73,89,87,135,99,78,28,102,52,71,97,29,41,137,22,134,106,44,103,115,136,12,119,113,127,17,10,101,82,25,85,138,107,131,67,69,37,51,116,90,83,55,43,1,30,144,141,129,126,40,68,94,109,139,58,111,124,56,57,112,80,31,59,23,133,33,79,92,66,9,86,13,123,50,88,148,100,18,147,39,96,64,93,4,46,7,19,26,6,95,122,140,54,65,132,53,117,91,24
107,12,117,93,89,56,129,28,91,106,26,109,55,3,14,70,59,149,147,131,11,148,6,122,96,31,35,29,8,54,17,39,72,104,134,33,103,21,73,115,16,7,99,36,116,136,81,68,125,84,43,25,111,5,65,144,145,69,19,34,146,120,114,58,50,63,130,86,77,0,95,128,102,118,41,2,53,112,90,139,110,60,20,22,27,52,82,48,138,132,97,42,105,13,142,101,46,126,74,38,67,24,135,80,92,85,64,88,66,9,79,15,119,10,37,123,71,140,61,1,44,45,23,57,113,62,51,83,143,94,30,78,40,108,137,32,121,47,124,98,127,4,100,87,75,49,76,141,133,18
76,84,129,121,93,136,128,67,1,65,19,68,104,50,137,89,101,127,24,91,120,117,39,17,66,108,95,59,97,35,73,139,112,52,133,135,143,25,34,134,138,29,87,123,74,116,44,40,47,27,7,146,79,81,85,100,119,94,4,6,125,102,148,132,18,145,33,105,114,15,69,64,92,88,46,63,80,130,86,38,77,36,78,26,140,126,113,31,54,75,71,72,2,110,42,70,124,103,21,96,115,58,56,62,20,48,3,82,41,83,53,49,8,107,90,118,149,30,131,122,57,10,142,28,9,13,16,22,32,23,98,141,43,147,111,5,11,37,55,144,0,60,61,106,51,45,12,109,99,14
49,149,146,39,24,25,117,116,12,104,136,100,74,114,37,70,121,85,108,31,57,93,147,46,41,51,63,94,83,91,10,50,69,144,14,26,52,96,60,99,4,148,22,38,7,139,118,76,0,62,68,16,82,141,125,98,120,115,32,5,55,145,11,128,35,13,20,59,73,127,90,72,132,110,105,140,101,65,67,75,80,111,6,17,129,124,138,135,43,18,28,119,42,97,33,21,3,87,47,2,40,34,130,103,92,109,30,71,86,123,126,64,84,61,45,143,102,77,56,133,44,36,29,9,142,122,48,79,88,107,81,23,106,112,89,134,53,113,131,15,19,95,1,137,8,27,78,66,54,58
104,137,96,74,4,18,1,2,97,47,39,133,140,148,141,73,105,145,41,124,34,71,113,67,144,110,61,11,77,116,119,82,64,94,44,103,17,37,83,49,72,9,125,85,48,100,70,84,35,147,88,117,130,108,15,76,10,102,146,62,50,109,111,65,132,0,112,115,142,101,114,135,13,86,131,60,80,12,99,27,21,53,14,16,89,120,28,6,126,138,58,106,40,46,139,134,123,98,87,32,69,43,5,93,26,23,149,56,92,79,63,33,25,66,55,78,121,59,24,31,20,128,81,22,54,127,8,118,122,51,143,57,30,19,38,68,45,129,3,136,90,42,95,36,91,52,29,75,107,7
110,91,79,11,107,127,132,111,64,93,43,119,3,25,123,130,78,50,129,139,68,7,10,134,37,44,126,101,109,33,19,4,42,102,41,148,29,118,105,39,104,24,63,74,76,88,52,48,85,86,87,2,84,38,106,92,22,89,6,20,32,16,67,75,103,121,45,34,51,47,69,28,54,149,55,62,117,128,73,12,115,146,31,82,96,77,113,21,135,145,17,27,23,5,142,58,124,1,90,56,72,138,49,8,14,80,137,61,94,98,143,15,26,120,71,81,30,83,60,144,108,66,112,53,100,65,97,9,59,40,36,133,18,57,125,140,114,131,99,95,70,46,141,35,136,13,0,116,122,147
88,13,81,42,102,65,144,30,51,134,1,93,138,131,100,115,145,9,19,4,61,68,119,146,117,11,140,89,112,127,0,3,73,110,137,56,132,62,85,94,101,57,2,22,129,91,12,66,29,49,96,80,54,78,141,114,5,34,18,67,130,76,50,126,104,123,37,28,15,32,92,135,16,75,125,63,143,36,46,128,120,10,99,84,87,8,149,39,86,33,20,59,118,27,40,108,111,113,64,148,25,82,23,106,43,71,109,98,21,122,95,116,97,60,79,41,147,14,44,6,31,121,38,69,53,24,35,72,139,107,52,74,48,26,47,133,124,105,70,103,17,136,90,77,83,55,142,7,45,58
41,9,128,18,24,107,124,54,31,119,115,40,44,21,12,146,29,78,123,49,136,52,30,144,10,26,96,81,76,99,114,134,102,132,46,42,116,121,101,74,7,65,5,83,43,55,91,92,143,4,148,61,23,112,32,127,113,84,122,129,98,94,45,120,85,27,100,108,79,73,69,88,58,133,140,89,104,141,87,56,67,64,145,139,126,111,20,62,37,77,118,135,14,106,90,53,3,131,86,75,51,117,95,66,2,6,147,70,33,138,39,25,1,28,68,80,19,17,60,16,36,93,137,109,72,38,15,105,48,110,13,82,130,59,142,97,63,11,34,57,47,125,149,8,35,22,50,0,71,103
53,5,59,23,130,36,48,57,73,139,66,32,83,81,94,10,47,145,107,22,129,147,111,13,17,62,30,79,33,44,112,49,71,131,138,56,55,126,96,61,21,63,141,133,137,97,15,135,117,127,87,72,103,122,99,92,121,100,109,101,37,6,82,89,14,25,28,75,120,52,132,118,148,43,65,27,102,110,108,0,77,31,113,68,41,46,125,20,8,142,91,70,34,114,1,104,35,64,144,116,3,24,85,78,39,12,98,115,11,2,143,58,90,93,124,60,76,38,45,19,51,84,128,106,26,54,136,9,29,42,50,95,67,7,134,119,105,69,140,80,4,74,18,146,40,149,88,123,86,16
136,91,50,104,98,119,34,68,100,57,144,134,47,35,22,77,120,106,38,63,15,114,27,31,97,51,103,145,131,37,102,113,3,60,110,109,13,42,67,83,105,108,52,143,125,71,124,8,111,26,121,92,0,28,87,14,128,21,40,140,11,59,137,64,115,74,133,70,101,78,54,80,7,6,88,129,45,30,44,84,146,12,149,132,89,23,18,24,118,95,58,62,43,107,139,76,2,90,72,48,32,141,33,117,49,142,56,79,127,20,122,94,41,130,126,17,53,93,116,5,29,96,19,25,86,82,123,138,135,85,46,81,147,1,39,112,55,73,66,148,69,16,65,99,9,10,36,75,61,4
147,40,127,7,146,104,0,43,84,27,58,41,141,30,23,139,1,13,78,25,28,70,134,106,130,118,91,102,110,15,81,107,86,53,74,88,111,75,16,10,69,149,95,82,56,8,32,115,18,61,142,113,62,19,103,90,126,34,89,29,64,148,92,87,46,83,137,38,68,94,6,101,37,112,42,49,100,73,116,47,135,24,136,35,76,51,21,66,132,4,97,48,79,145,2,5,72,124,22,120,144,31,11,3,67,121,57,117,109,14,44,54,36,45,128,105,96,123,114,108,143,133,99,33,59,9,129,12,63,131,140,125,50,17,65,26,98,71,80,119,77,60,85,39,138,122,55,20,93,52
74,42,115,90,30,64,116,73,149,70,75,8,57,92,62,122,98,94,93,38,85,39,86,141,46,54,103,108,22,119,84,67,111,109,142,2,134,124,78,12,60,50,47,140,83,40,53,133,143,18,44,72,114,32,33,69,5,63,145,79,81,107,37,19,34,71,112,68,24,27,135,26,3,25,137,147,16,61,56,101,10,15,139,105,96,58,52,41,66,123,138,51,95,20,45,11,132,0,131,113,118,117,106,91,97,146,59,128,9,23,125,148,76,127,104,36,136,99,82,77,21,48,6,14,87,88,49,144,110,13,7,43,102,121,100,1,80,65,129,89,126,35,120,29,55,28,4,17,130,31
87,2,136,93,135,0,146,52,23,69,103,144,112,62,105,140,45,34,49,117,19,120,90,32,61,31,145,43,76,100,29,83,18,30,111,13,22,138,97,26,86,37,51,80,14,82,95,122,132,129,114,149,33,21,44,1,118,108,66,148,99,84,113,5,98,74,15,67,9,36,46,109,58,11,53,35,12,143,102,55,39,107,147,78,134,24,130,88,106,133,10,85,20,27,64,48,126,115,68,60,72,94,89,47,50,73,3,41,101,141,96,79,142,125,38,42,81,25,65,40,104,123,7,131,110,137,92,119,57,127,16,17,4,91,75,6,54,63,116,28,139,8,124,70,71,77,56,59,128,121
99,10,92,9,93,139,87,69,108,59,31,66,21,143,109,22,50,49,53,27,95,2,43,94,82,100,142,15,34,110,115,24,4,3,65,79,121,61,98,97,54,112,76,117,45,123,63,131,64,38,86,56,32,113,12,83,68,5,96,134,47,141,1,133,135,36,23,57,144,102,62,127,39,46,20,124,77,25,73,14,147,75,60,48,81,111,106,30,103,26,51,28,140,71,132,0,16,6,80,120,146,84,74,101,148,18,91,128,11,7,29,33,37,44,149,90,52,17,119,58,116,129,72,8,55,130,42,122,89,118,136,13,137,105,114,19,41,35,78,40,70,125,104,67,85,126,138,88,145,107
61,95,130,133,108,73,18,24,84,11,10,71,3,13,60,134,30,65,40,55,103,140,125,115,148,127,93,126,99,52,98,113,146,70,139,8,89,102,7,49,101,94,131,123,116,14,106,31,68,63,12,77,28,48,147,25,43,92,121,78,1,22,16,114,0,138,112,128,81,83,100,4,53,59,82,129,54,85,104,105,29,58,132,79,135,118,90,20,144,56,137,97,21,9,34,50,149,17,91,119,143,57,37,66,120,27,36,136,38,5,44,23,19,35,86,15,80,110,117,145,111,96,32,39,141,72,124,2,64,107,76,67,122,41,33,62,69,26,47,74,109,42,45,142,51,6,75,46,88,87
84,53,85,12,123,11,14,50,149,9,0,6,78,146,113,45,109,69,74,10,126,129,3,70,137,97,48,81,119,92,120,58,132,136,116,115,5,76,138,96,99,133,24,62,124,90,75,65,66,80,19,83,143,71,34,111,73,106,41,21,47,38,18,64,61,125,25,102,7,2,135,36,55,20,30,33,26,56,60,4,63,91,46,27,134,87,68,13,122,147,28,54,1,59,77,95,144,37,40,43,98,42,79,117,142,127,139,39,104,88,145,49,51,131,8,103,140,94,17,107,23,52,112,148,86,67,57,29,72,22,121,108,128,130,101,44,32,16,114,93,118,100,35,105,141,89,15,31,110,82
19,10,81,5,57,50,117,78,125,104,147,34,88,8,64,84,79,22,107,99,7,80,83,111,76,91,137,139,53,56,65,68,9,29,138,122,120,129,132,39,36,119,85,35,14,82,40,116,71,95,145,121,75,130,55,114,46,12,4,54,141,66,126,61,0,148,1,3,2,135,17,11,51,47,16,146,105,115,58,73,24,37,108,6,143,113,77,70,96,31,44,74,106,87,52,38,127,59,98,69,94,144,26,20,134,123,72,33,60,142,21,109,32,102,18,86,101,45,89,62,128,133,131,97,140,25,92,100,48,49,103,90,28,27,93,149,124,63,41,42,112,118,13,23,67,15,110,30,43,136
135,95,36,80,16,99,143,84,9,97,23,70,46,34,130,76,62,93,128,89,3,87,30,10,125,28,50,22,2,118,17,121,49,127,106,124,12,45,38,103,43,101,131,117,85,56,65,61,138,48,54,146,42,144,68,112,8,14,24,77,107,114,136,64,39,58,18,13,113,5,94,111,63,141,132,55,53,102,73,140,4,123,147,37,57,134,60,74,7,105,96,6,52,41,109,71,25,32,72,142,90,21,110,148,33,86,27,44,75,40,15,47,51,137,26,82,29,104,91,59,98,126,11,81,120,0,108,1,100,133,67,66,145,69,122,79,78,35,115,119,83,149,92,20,31,129,139,116,19,88
120,25,78,23,74,133,140,90,105,145,8,49,92,76,110,93,77,66,138,79,46,65,28,108,83,31,84,62,115,11,41,147,57,1,26,21,56,24,136,114,51,18,64,36,43,135,109,10,111,117,107,55,33,42,22,32,29,123,112,61,91,39,3,141,102,73,16,47,69,35,128,75,121,50,137,139,118,67,44,106,14,144,119,103,30,98,17,146,134,148,104,130,27,88,132,60,116,125,20,12,7,52,85,19,6,127,40,0,143,13,86,96,72,126,70,101,59,131,100,95,2,82,4,54,97,122,149,45,15,68,142,80,89,99,81,5,94,53,124,9,48,34,129,71,58,37,38,113,87,63
134,112,106,136,124,76,37,6,107,138,77,2,0,114,86,4,133,5,49,56,39,18,9,71,60,40,43,82,93,85,12,75,47,16,55,99,48,139,113,46,7,80,34,50,109,27,146,57,103,29,67,142,74,148,87,81,101,145,20,66,14,65,95,135,8,110,13,104,68,88,45,23,69,115,100,140,83,41,147,97,105,19,25,11,92,28,116,38,130,125,22,79,31,111,64,17,137,149,35,32,33,98,119,53,121,102,72,127,131,1,143,51,61,141,63,21,44,91,24,42,15,70,73,3,59,36,10,89,120,96,94,90,78,129,30,54,128,26,58,108,144,118,117,52,123,62,126,122,132,84
32,17,105,34,60,108,118,52,8,81,86,1,139,128,62,116,69,88,65,149,140,44,126,40,131,91,125,112,63,99,76,144,136,55,33,68,21,59,78,138,4,37,77,42,124,71,98,110,89,64,51,57,26,142,143,100,61,31,66,48,80,22,3,95,28,14,11,87,45,123,5,15,93,137,70,27,19,96,0,39,38,92,135,23,119,120,107,54,53,114,122,103,56,74,121,84,7,72,134,73,101,83,146,104,35,41,12,9,109,115,49,79,113,43,10,111,94,20,145,18,102,13,24,97,67,148,132,90,25,2,58,130,147,50,127,36,46,117,6,16,106,75,141,29,133,30,47,85,82,129
80,109,38,143,95,14,65,135,47,98,70,3,43,50,97,124,104,107,25,144,19,60,54,118,64,122,74,24,21,76,147,129,108,48,132,5,103,16,9,33,0,79,42,11,134,96,78,58,72,88,127,128,92,1,46,18,31,2,28,37,7,149,68,12,131,119,125,106,84,89,34,22,133,102,41,8,10,105,146,71,27,86,17,93,110,101,59,67,52,26,136,114,121,85,13,29,61,40,69,120,51,75,140,57,116,139,49,115,145,39,35,113,77,62,45,112,142,23,53,87,91,63,82,138,30,66,81,99,117,36,90,6,15,4,44,56,73,55,111,32,130,100,148,123,141,94,83,20,137,126
81,141,29,45,110,55,59,13,114,72,76,74,101,130,52,79,140,98,119,16,38,21,4,27,68,75,51,2,32,9,100,86,24,78,137,113,5,31,60,66,33,15,105,22,42,56,11,34,10,14,49,8,48,111,106,50,61,97,128,80,6,63,89,108,58,90,65,147,96,129,139,17,91,136,54,71,126,92,127,145,95,67,120,87,121,37,148,57,107,47,146,93,115,62,1,104,149,64,82,69,99,117,53,144,123,39,35,12,134,41,40,133,28,77,125,88,19,7,143,0,131,73,142,44,83,36,46,102,138,124,116,122,20,109,26,23,25,103,43,84,94,132,30,18,70,118,85,3,112,135
97,16,80,8,92,71,102,149,89,107,11,109,73,30,39,22,148,45,61,54,17,1,24,138,67,19,27,115,60,37,77,74,31,133,145,106,58,65,28,23,13,20,79,33,70,52,126,134,56,0,42,127,93,10,32,119,47,146,129,101,85,128,108,76,12,130,117,51,131,46,124,83,125,18,64,118,123,38,142,36,96,141,143,78,26,135,111,29,6,59,144,69,55,84,53,114,14,50,121,41,48,62,25,44,139,35,136,82,132,49,120,103,2,90,81,112,100,95,57,87,75,98,7,63,66,88,15,72,5,91,137,105,99,68,40,43,94,3,4,110,86,140,113,104,147,122,34,9,116,21
0,85,62,11,30,88,145,31,106,86,42,102,107,33,123,76,115,66,20,135,120,46,114,149,2,28,94,142,9,131,99,4,39,96,74,98,147,139,5,47,127,35,87,34,67,83,56,92,40,78,3,10,17,51,19,54,18,64,134,132,75,144,13,37,41,29,50,93,22,65,140,21,49,108,7,89,72,77,125,59,71,1,103,109,6,128,112,95,110,69,136,15,68,61,45,91,80,82,143,130,63,84,138,70,105,24,53,124,38,97,141,25,26,117,27,14,104,137,36,126,73,148,111,44,43,23,8,58,52,146,122,32,101,12,90,133,60,100,119,57,48,81,118,16,116,55,79,121,129,113
103,125,1,134,7,25,79,13,70,88,3,101,68,127,74,113,50,110,97,118,128,89,99,2,82,81,56,123,57,6,114,78,91,141,86,117,59,32,137,83,17,146,124,76,36,48,138,71,39,108,55,145,4,45,54,107,136,87,5,115,34,46,143,122,149,64,94,8,15,30,38,96,35,133,144,24,140,119,80,92,20,19,14,53,73,9,43,27,33,12,47,132,75,142,58,28,11,29,44,63,37,40,16,18,102,66,26,60,93,69,10,135,130,104,23,84,41,22,100,85,109,129,106,98,51,111,131,31,49,105,65,121,72,126,77,61,148,95,0,120,52,147,116,42,62,139,67,112,21,90
6,54,92,9,104,64,59,115,140,67,46,133,17,81,107,119,3,90,68,75,144,20,146,101,109,113,105,47,41,127,73,29,58,132,62,53,39,145,89,10,131,69,63,52,148,25,118,98,2,91,116,48,114,96,55,65,121,56,124,125,122,126,106,5,117,72,74,143,19,31,134,84,80,11,32,30,49,45,15,108,86,128,27,7,123,138,139,66,43,85,102,51,100,37,23,26,129,40,36,28,4,76,147,33,35,57,22,12,94,13,130,137,88,103,14,77,34,0,50,21,99,42,1,149,16,82,38,95,97,24,71,79,70,83,135,111,136,110,8,18,142,78,93,60,120,87,61,141,44,112
2,38,28,71,92,22,125,46,142,124,23,137,90,139,69,111,15,86,48,148,3,6,45,54,42,115,107,91,110,83,105,35,34,39,93,9,143,30,138,31,67,29,59,36,51,84,121,13,44,79,72,41,123,16,96,99,61,75,1,21,116,56,5,112,68,141,0,122,37,81,100,88,140,50,144,87,85,106,129,149,70,26,136,104,66,19,128,17,77,52,8,114,49,119,14,98,109,58,102,55,127,95,131,47,126,24,73,130,108,12,60,62,103,145,63,57,132,11,10,113,80,117,118,147,4,146,25,27,65,82,64,7,74,32,78,40,94,76,97,20,101,133,18,134,135,120,53,33,43,89
80,21,39,67,75,86,6,126,73,55,119,136,37,81,57,106,5,59,50,64,109,102,84,49,51,135,72,148,91,20,66,95,104,137,130,96,128,7,45,23,58,97,122,125,17,27,103,48,76,8,52,15,31,100,144,117,149,13,78,129,25,113,44,101,134,83,89,146,54,143,29,42,36,30,93,68,65,56,71,46,19,94,99,22,127,43,92,105,63,108,16,26,14,115,141,53,131,114,79,139,11,107,60,132,123,77,138,0,18,2,120,88,32,34,24,1,116,3,147,124,62,118,90,82,40,12,121,74,145,70,10,4,112,61,9,142,28,87,47,35,98,41,33,69,133,110,38,85,111,140
110,74,44,13,93,0,92,40,128,85,117,84,54,27,88,124,23,83,125,119,111,8,43,15,53,14,96,35,32,135,28,11,24,17,73,123,52,20,47,21,142,1,113,133,136,75,130,6,67,37,31,69,134,104,62,148,132,139,116,103,51,141,106,107,64,36,58,33,22,81,138,95,48,114,2,91,79,49,65,7,25,115,77,45,59,50,63,30,129,120,66,94,108,68,12,10,105,46,78,19,121,38,61,118,39,122,112,144,101,147,86,145,109,3,99,26,34,140,76,55,100,60,149,127,98,82,126,42,41,5,131,9,71,90,56,97,80,89,16,70,146,4,137,72,18,102,143,29,87,57
108,8,109,0,22,45,107,25,113,149,47,86,95,11,84,58,127,75,142,104,112,145,2,88,23,82,110,66,57,115,40,105,102,30,54,87,27,38,118,98,77,9,136,90,126,7,111,99,122,19,65,36,120,35,5,96,51,135,103,141,139,44,26,53,67,70,85,28,41,94,131,46,29,20,18,55,114,6,123,52,129,39,97,68,132,3,49,59,128,144,61,106,17,21,91,64,133,71,73,74,42,62,24,138,100,125,60,31,137,69,37,63,80,81,33,117,72,50,83,121,43,14,79,15,101,116,4,1,76,92,34,10,78,93,146,119,32,48,130,56,140,148,89,124,147,134,16,143,13,12
126,76,56,101,139,119,8,123,100,96,35,45,40,15,117,46,131,18,136,143,32,4,115,145,42,137,28,9,61,57,49,92,22,81,58,37,129,102,53,25,12,17,34,38,91,94,93,132,120,52,0,86,147,29,55,109,14,51,11,67,65,95,66,79,1,118,149,89,125,24,62,146,71,112,90,74,140,33,75,31,50,88,133,121,36,54,43,6,105,26,148,80,59,5,85,104,68,44,60,27,82,97,47,10,107,63,39,69,134,122,20,13,114,16,78,106,70,64,98,30,135,144,87,7,103,77,19,124,21,138,2,23,48,3,73,111,130,142,83,116,108,141,128,110,127,99,84,41,72,113
4,26,115,127,111,19,124,20,119,14,128,92,106,97,65,112,76,93,23,109,141,34,64,33,131,15,105,121,146,78,143,17,49,25,42,104,12,98,100,116,47,114,44,140,7,88,77,30,54,90,29,94,142,27,28,55,8,39,43,123,91,136,110,129,69,122,6,147,48,60,135,2,38,13,96,70,149,0,18,101,118,5,3,61,117,130,37,58,139,120,72,1,85,108,45,66,87,107,32,59,86,80,62,68,22,35,41,134,24,67,36,21,71,75,40,10,113,79,63,46,95,53,144,50,11,133,137,51,89,16,145,31,102,57,81,138,56,103,82,52,148,73,83,9,99,84,125,132,74,126
127,108,149,104,14,94,55,73,138,120,32,128,2,126,80,113,85,83,119,39,135,35,97,68,40,52,132,10,43,84,57,76,137,63,131,66,129,70,23,17,42,30,148,20,69,60,4,24,27,44,38,6,112,103,9,130,56,77,141,86,51,92,22,118,102,12,115,34,15,147,33,46,125,37,98,7,87,81,31,133,105,36,99,47,121,62,72,48,8,111,89,59,3,21,146,75,116,117,61,65,91,58,142,109,82,93,16,54,124,18,136,106,140,19,122,50,143,96,144,0,134,100,49,145,88,1,11,110,53,13,107,5,78,64,79,45,26,114,67,74,139,29,41,71,101,25,95,28,123,90
32,39,17,56,117,96,42,95,87,59,7,40,128,140,73,115,0,79,63,110,21,130,44,120,114,135,109,145,19,149,139,92,98,97,104,16,13,8,4,143,57,116,68,52,41,93,30,3,38,89,26,48,102,24,88,90,47,82,46,123,69,80,100,94,112,61,18,119,133,51,54,99,84,12,126,111,83,134,5,91,62,43,49,14,124,60,107,127,66,15,76,27,142,72,6,138,106,101,65,36,113,86,20,50,118,64,121,144,78,67,81,122,74,71,147,132,29,34,28,103,75,35,25,53,10,137,31,1,11,146,77,105,37,131,148,85,55,2,70,23,9,22,129,136,108,45,33,58,141,125
63,106,101,70,28,48,60,105,9,20,111,10,17,4,129,61,142,49,124,72,64,27,134,112,93,33,52,80,140,135,146,121,2,34,90,125,91,32,24,113,99,77,132,39,22,0,143,40,57,45,107,128,7,115,92,25,15,5,96,94,83,86,12,75,35,74,16,13,114,62,119,56,149,100,73,21,137,78,41,11,108,54,55,58,3,71,18,133,138,85,47,46,144,37,117,65,6,131,51,44,19,122,120,139,26,67,43,38,42,14,102,1,123,126,79,95,69,109,98,36,8,68,82,118,110,59,30,104,145,66,50,23,147,97,116,81,148,136,141,29,130,89,53,84,76,88,87,127,31,103
103,44,5,142,11,32,1,81,39,22,45,110,18,83,132,127,26,38,118,115,100,61,7,139,30,13,66,106,119,60,2,34,31,116,92,63,48,144,47,0,16,50,149,129,51,136,36,58,94,42,123,137,17,86,80,91,6,68,79,40,41,24,89,96,114,4,74,145,133,99,28,67,124,102,107,8,20,87,130,104,9,55,105,148,128,93,56,138,88,140,98,52,72,69,147,10,141,97,43,121,122,27,15,82,71,21,117,134,75,113,78,19,59,62,14,85,35,23,125,73,65,25,54,33,126,70,95,49,101,53,57,109,90,77,29,84,120,64,111,3,37,46,76,12,143,112,131,146,135,108
52,28,133,5,95,57,117,94,9,92,18,105,65,44,24,2,31,87,112,131,135,81,119,149,71,25,59,50,77,125,86,128,36,30,29,109,14,46,1,38,106,104,78,61,7,85,140,41,118,129,49,20,116,16,48,6,75,102,101,134,145,22,138,84,96,64,8,72,58,83,0,148,51,47,100,35,141,108,23,137,82,69,45,19,10,33,55,17,73,53,88,67,74,60,103,123,62,111,115,130,79,89,27,136,15,122,93,11,113,127,56,32,142,12,132,63,54,3,66,97,114,147,139,40,42,99,39,144,26,98,80,91,120,43,124,107,90,121,34,68,146,13,70,143,76,21,110,37,126,4
108,75,1,81,18,15,55,24,128,132,121,148,35,39,95,99,90,84,59,85,17,83,51,63,133,40,96,101,73,9,46,3,125,25,144,36,12,118,10,57,98,7,44,33,77,116,22,76,71,49,149,26,45,89,13,115,134,136,123,135,56,53,119,86,103,47,48,104,138,54,62,146,43,64,52,105,107,126,5,38,69,139,29,82,72,21,127,14,143,102,16,11,37,70,140,113,100,147,61,87,131,66,129,19,92,109,34,20,97,2,4,23,41,50,65,42,28,130,142,8,30,31,91,79,106,93,110,0,80,120,78,32,94,117,141,124,111,67,27,145,58,88,114,137,6,122,112,60,74,68
60,145,48,99,46,90,17,62,1,14,84,86,111,88,109,142,95,137,113,128,2,56,39,122,59,5,50,69,13,52,148,21,49,36,6,134,92,110,30,135,119,130,81,83,66,41,27,144,106,55,146,117,132,107,54,28,147,65,32,3,102,75,74,131,38,15,93,10,139,80,29,104,105,63,34,96,43,108,76,127,121,97,73,25,133,140,20,57,72,35,124,120,116,19,33,23,44,26,112,82,78,58,7,103,22,89,91,138,40,77,129,18,85,4,118,12,67,47,68,136,42,141,45,53,9,126,149,70,98,61,24,125,114,11,64,100,87,0,51,31,115,37,123,71,101,8,79,94,16,143
16,137,29,87,17,95,119,135,126,55,35,40,121,23,83,14,26,112,131,122,34,125,11,56,44,140,25,110,94,148,102,114,82,66,46,132,37,109,106,65,97,129,111,73,141,61,98,118,77,28,134,72,27,88,107,63,75,120,93,48,13,7,104,36,130,86,4,21,54,133,99,6,32,124,10,84,92,74,45,5,57,18,42,96,71,24,101,90,116,127,103,113,76,0,89,50,108,52,60,147,81,39,53,1,49,78,2,115,3,142,67,59,143,128,85,117,58,100,20,69,68,22,62,47,51,146,19,144,145,136,79,139,138,105,38,43,41,149,12,91,15,30,8,70,123,33,9,64,80,31
6,121,144,3,128,133,65,14,83,11,103,8,78,122,37,12,46,108,5,113,26,89,140,97,58,27,129,142,35,117,82,80,2,25,111,120,139,63,94,62,29,119,137,61,146,45,43,13,145,52,51,127,16,102,76,99,53,130,125,141,126,149,98,106,64,73,86,40,96,24,50,132,74,100,36,31,15,28,81,67,138,48,85,34,91,123,32,112,70,90,116,101,135,77,0,107,88,114,9,148,131,42,105,54,1,56,95,60,124,87,38,57,7,68,55,71,69,30,110,109,49,143,41,20,47,21,136,18,19,22,118,75,33,104,10,72,44,4,115,93,147,134,79,39,84,59,23,17,66,92
104,135,52,82,13,68,25,65,29,93,63,34,43,51,57,74,140,149,110,60,61,138,148,89,131,108,127,121,71,46,128,139,102,19,84,123,58,136,37,2,39,125,24,35,42,50,12,3,15,66,31,80,116,114,129,134,5,115,9,120,100,147,119,95,33,44,47,41,77,126,96,28,0,117,85,22,14,1,130,7,27,122,143,124,99,59,90,81,56,83,133,49,30,54,32,132,21,67,111,38,106,76,98,78,26,70,16,112,72,48,113,17,88,101,107,18,92,91,97,62,36,75,79,55,144,69,20,10,23,73,87,94,8,40,6,145,103,141,4,53,105,45,64,11,142,109,146,137,118,86
21,24,93,3,12,74,49,141,131,73,88,86,98,120,123,84,105,36,32,91,92,29,14,65,122,77,108,2,145,146,99,125,110,67,124,101,35,45,30,133,114,62,128,109,53,138,135,1,5,0,76,55,46,136,121,71,94,111,31,75,66,83,23,68,41,78,44,79,70,34,28,7,134,115,127,147,64,87,143,47,61,22,107,9,58,72,95,96,116,60,112,142,130,15,37,18,33,56,38,85,6,17,54,97,10,43,132,100,13,140,57,104,113,25,126,69,80,106,16,42,90,139,52,118,117,50,26,148,4,119,59,20,63,48,102,103,40,149,8,89,27,129,19,81,82,144,137,51,11,39
113,108,73,0,93,13,107,69,19,141,72,32,106,56,94,111,45,85,23,131,29,27,105,74,25,41,88,102,21,40,47,104,83,63,110,99,122,14,52,12,22,101,65,82,138,90,79,5,51,145,147,53,49,4,24,86,124,133,76,100,18,66,84,6,116,127,118,55,9,96,54,132,103,20,126,134,144,78,129,137,139,140,36,68,146,143,81,59,136,77,75,8,64,87,35,17,123,121,114,95,80,112,3,10,46,70,142,43,119,34,130,71,7,91,28,48,1,31,67,15,58,92,2,149,125,89,39,97,11,38,98,42,30,16,57,37,50,120,128,62,26,148,61,109,60,117,33,115,135,44
4,107,69,148,126,24,41,136,67,74,106,15,53,35,22,71,133,142,5,1,48,13,97,18,87,68,50,143,102,70,43,141,12,117,92,82,149,144,20,42,0,55,105,89,94,19,66,127,49,96,88,28,137,7,93,76,108,145,79,114,46,16,135,21,128,77,101,72,110,122,44,40,60,100,27,139,14,73,115,23,75,109,86,25,84,111,112,124,58,3,81,147,99,47,95,118,132,10,103,31,56,37,130,62,63,17,91,45,98,59,120,2,33,121,134,26,64,9,78,104,85,116,80,140,65,38,8,61,34,32,51,39,131,83,11,36,146,6,29,90,123,138,129,30,113,125,52,54,119,57
129,145,95,96,39,135,53,83,91,79,66,138,101,74,8,2,142,114,34,55,105,23,143,51,9,40,18,125,62,92,149,19,46,49,90,97,57,80,147,100,118,38,24,141,12,14,137,132,81,50,48,87,29,13,127,146,11,130,77,136,6,85,59,107,106,139,82,28,10,22,133,52,120,16,124,5,126,117,93,61,104,65,68,37,26,32,103,84,75,121,36,99,78,108,111,73,60,15,122,88,94,30,56,72,98,41,110,27,4,43,64,140,3,115,1,76,7,67,69,33,25,35,58,45,47,123,109,20,148,116,44,54,128,144,21,112,0,134,89,31,131,71,70,63,86,102,119,17,42,113
84,27,49,93,54,89,78,2,43,95,83,118,9,64,124,86,100,21,61,113,137,53,146,3,85,44,111,103,107,40,133,50,13,11,130,136,132,46,140,116,114,75,88,115,41,147,110,38,96,126,22,16,141,90,59,143,87,34,23,63,15,36,33,81,121,51,39,77,29,108,12,117,127,58,80,101,129,123,74,20,112,92,135,60,45,67,4,91,106,7,145,32,99,72,26,17,5,138,24,30,8,52,125,79,42,70,131,122,119,57,48,109,25,56,142,97,6,66,73,120,139,68,98,82,65,35,105,37,134,69,76,148,71,14,0,102,149,47,94,1,104,31,144,10,18,19,128,55,28,62
142,133,11,72,106,118,63,109,24,34,137,55,50,9,47,85,79,29,111,71,2,77,99,54,73,36,92,70,119,58,4,123,18,139,33,143,67,83,141,103,46,38,105,74,115,144,40,14,127,35,41,48,86,87,6,91,56,140,13,136,146,122,19,16,31,114,45,62,128,88,27,60,124,44,125,5,3,26,96,138,147,10,59,66,65,82,21,93,37,52,51,131,148,0,116,121,30,149,117,113,135,95,112,102,25,68,39,81,69,53,89,22,28,43,78,129,104,20,42,8,17,64,132,94,126,100,110,12,32,98,130,101,61,80,57,108,145,134,1,84,90,76,15,23,75,49,107,120,7,97
134,54,67,27,137,90,73,11,14,93,133,59,62,32,53,114,58,125,44,50,49,7,66,1,105,74,36,56,9,148,18,29,21,135,118,6,31,48,101,97,145,109,86,8,140,80,69,13,63,82,61,89,4,130,87,100,129,79,42,65,30,45,139,84,71,24,60,113,15,76,104,143,119,124,22,19,34,141,146,64,26,75,10,123,35,17,85,46,91,77,40,99,107,95,2,111,92,110,88,131,126,33,47,115,68,43,128,120,136,70,20,25,38,0,57,144,23,94,3,103,112,72,16,81,122,116,96,37,117,102,55,147,5,121,132,12,142,108,78,39,41,138,83,127,52,98,28,149,106,51
97,30,56,141,10,13,144,139,87,86,52,46,137,132,3,25,140,109,45,44,129,135,73,142,28,50,89,123,35,14,107,124,106,58,20,100,21,18,65,88,130,71,105,7,31,118,67,55,90,49,81,128,83,5,127,39,66,138,121,114,64,53,17,126,68,76,43,11,145,94,48,2,37,119,116,104,26,103,60,96,62,70,19,8,22,85,79,4,33,0,78,82,23,147,101,133,42,38,115,112,149,59,143,77,34,99,27,113,63,136,32,47,6,117,91,1,120,74,148,41,15,111,51,134,61,122,57,75,54,29,125,92,95,40,36,80,108,24,69,102,131,93,12,9,110,72,16,84,98,146
136,0,46,17,70,30,74,142,53,61,98,138,139,118,97,13,33,104,123,41,131,148,69,149,64,83,127,9,78,130,68,47,103,109,5,90,125,99,34,106,134,128,55,59,88,80,39,121,31,50,36,126,54,92,110,119,89,140,120,22,111,42,144,81,10,12,8,129,51,2,24,20,76,72,124,145,65,66,18,43,14,75,108,48,58,147,95,29,15,25,45,112,133,60,71,26,32,35,82,96,27,57,91,107,116,77,21,146,94,122,132,38,113,49,28,40,84,85,56,11,100,1,137,44,143,93,115,86,16,6,63,117,52,4,7,3,101,37,79,105,62,87,102,135,67,19,73,23,114,141
118,123,132,72,18,144,16,120,17,100,64,81,134,88,53,96,137,80,83,63,115,44,116,128,24,117,67,19,41,148,37,142,4,111,43,59,130,28,15,136,3,114,34,93,119,13,113,2,77,6,21,30,46,101,140,20,121,25,75,139,95,26,129,29,58,99,74,147,82,112,127,45,57,146,122,106,84,47,40,0,90,103,87,8,133,110,145,126,42,38,124,10,131,22,39,49,33,105,92,73,65,35,31,76,7,78,71,1,108,9,102,62,36,12,55,68,70,61,32,86,89,141,54,94,79,23,98,149,56,107,69,60,5,27,91,104,125,109,51,48,52,143,50,66,85,14,138,97,135,11
34,93,108,110,133,131,70,23,143,17,41,55,83,4,146,8,38,56,14,39,31,96,36,98,9,140,81,124,116,66,13,109,114,45,40,71,32,11,97,37,80,144,6,128,49,113,51,25,89,139,77,52,1,148,92,61,30,99,104,27,85,28,107,120,18,137,95,65,42,118,60,145,87,68,22,125,76,73,129,117,57,138,105,119,3,12,7,78,74,91,44,149,43,82,5,123,103,46,53,16,47,111,19,126,134,141,100,136,122,130,33,127,15,135,121,142,75,54,115,58,72,20,21,63,94,90,106,59,26,29,64,67,69,132,62,35,147,101,102,112,48,10,24,84,2,86,0,79,50,88
52,10,41,103,49,125,66,127,117,137,86,15,3,53,24,71,84,143,46,31,104,7,4,59,57,122,9,149,95,73,8,91,102,140,26,147,42,119,20,34,106,134,22,111,1,13,12,60,83,138,28,68,133,17,45,123,48,93,99,70,47,82,23,96,105,121,129,108,27,130,33,21,92,18,55,74,113,76,88,146,79,44,126,67,43,40,101,85,29,0,77,100,75,62,132,144,72,5,81,56,11,115,90,87,120,98,141,2,16,64,80,58,107,139,135,116,128,124,30,118,39,136,19,61,110,36,65,32,25,112,51,50,6,148,63,14,89,109,94,54,142,35,131,69,145,37,78,38,114,97
104,76,60,52,25,120,9,75,107,84,55,80,118,28,40,11,143,140,56,141,117,142,136,106,73,13,27,64,82,36,127,100,110,81,69,137,124,2,93,59,149,111,39,85,92,45,78,91,65,30,83,121,46,95,35,114,103,135,112,128,16,41,47,22,88,87,3,49,146,18,119,138,20,72,38,98,32,50,61,86,37,115,42,19,7,132,99,0,96,8,1,63,126,68,70,97,102,66,23,108,58,17,101,43,29,15,144,74,14,134,24,139,122,62,125,131,26,4,33,51,53,79,31,90,123,34,133,10,48,130,147,94,148,129,12,116,57,77,145,67,105,21,113,54,109,5,6,44,71,89
129,20,105,25,75,0,53,13,80,59,74,66,143,108,52,10,123,2,106,90,7,125,24,41,65,42,121,85,103,11,89,69,136,87,140,147,1,97,130,62,94,48,27,37,99,76,134,104,12,92,39,137,141,138,98,128,50,19,45,72,8,64,14,111,117,3,70,77,33,36,82,84,139,88,73,28,126,86,78,21,115,55,63,79,51,30,57,93,16,107,54,67,9,60,58,102,148,47,32,15,110,29,23,35,114,100,146,118,120,5,145,122,31,34,101,127,142,68,4,56,144,116,18,131,46,149,96,40,81,71,61,135,91,22,49,124,83,112,17,43,113,132,133,44,6,38,109,26,95,119
146,37,148,45,123,91,47,119,135,76,100,38,42,1,118,147,121,22,25,46,101,2,90,0,83,81,62,9,65,58,103,98,113,79,35,96,71,49,5,72,17,59,21,124,74,64,126,133,67,105,34,120,10,127,70,41,61,24,7,8,104,138,11,145,92,94,97,108,29,82,116,143,134,13,56,18,33,3,57,140,14,88,80,27,78,66,28,51,32,55,77,15,125,142,26,129,36,84,43,40,86,106,4,117,141,99,75,132,60,95,16,73,85,131,19,110,69,137,109,115,149,54,111,68,63,31,128,39,50,87,6,102,48,52,130,112,30,20,89,53,122,114,107,12,23,136,44,93,139,144
39,44,103,116,105,132,16,11,0,89,80,24,10,94,124,131,127,13,69,137,32,66,23,144,142,42,99,35,76,60,143,100,141,14,114,56,136,31,112,106,19,145,41,27,135,117,81,92,29,62,78,28,47,72,68,46,98,63,86,55,133,18,70,30,101,97,45,147,120,83,37,58,87,85,110,129,139,115,38,128,109,59,73,107,34,64,96,36,93,25,50,130,61,71,17,84,2,74,149,95,5,51,43,49,113,88,15,67,52,77,22,82,108,3,40,121,8,75,1,91,48,126,90,140,65,4,54,125,148,102,26,6,123,118,33,9,79,12,122,104,146,53,119,57,138,134,111,7,21,20
107,54,80,6,118,14,96,23,29,26,78,87,92,61,71,148,72,68,99,17,67,65,73,93,141,88,63,106,147,11,40,134,104,98,16,66,49,120,48,19,139,119,140,57,116,100,27,136,127,46,114,4,74,10,64,146,22,89,90,86,109,33,52,103,7,125,32,21,102,9,115,34,38,36,95,25,58,59,53,149,3,129,39,81,108,117,122,84,31,144,2,5,94,121,51,1,77,142,42,47,50,83,110,13,15,76,123,101,138,35,45,60,91,82,55,8,133,145,126,75,28,18,37,128,30,85,0,41,105,143,20,56,62,69,79,44,12,124,137,135,97,131,112,43,111,130,132,24,70,113
100,30,104,80,137,57,136,138,70,37,19,63,77,33,31,56,9,114,6,42,110,47,106,7,39,64,49,67,76,74,141,124,71,88,107,22,130,93,60,61,120,21,35,51,53,10,129,95,46,23,145,123,16,29,44,32,41,17,131,98,58,62,139,125,86,101,48,135,142,36,11,126,92,52,0,113,14,134,40,83,18,105,20,3,116,96,54,59,43,4,102,149,147,28,8,34,103,90,115,143,108,112,68,122,94,82,45,79,119,73,144,91,111,75,25,65,26,81,128,121,109,24,127,5,66,99,27,69,78,132,85,50,13,117,97,38,72,118,84,12,140,146,15,55,1,133,89,2,148,87
139,114,4,144,64,10,96,68,123,81,111,132,125,56,1,146,116,83,41,98,131,74,9,44,25,33,112,5,94,34,90,36,24,138,28,95,27,45,14,48,69,103,129,2,145,7,29,0,8,43,130,85,140,97,133,88,46,30,61,149,89,105,110,101,108,127,21,120,50,67,71,75,76,39,118,11,82,52,19,53,84,57,35,59,58,12,113,72,117,22,141,115,93,91,135,107,78,49,31,54,128,40,20,92,26,13,104,51,73,87,79,86,134,37,63,17,47,6,137,38,80,126,60,119,136,148,62,147,42,124,100,18,32,109,66,3,121,70,143,15,77,99,106,142,65,122,102,23,16,55
36,27,99,38,9,126,43,133,139,83,17,54,25,87,2,115,91,94,3,62,108,8,66,127,70,42,84,146,14,55,60,100,125,64,96,109,72,143,52,18,4,147,114,16,0,31,119,48,74,149,80,102,118,32,57,22,105,131,35,49,56,75,6,90,5,106,97,136,111,78,45,28,81,51,141,26,144,37,13,88,124,101,65,20,34,113,121,67,12,71,148,122,73,85,59,53,29,145,142,92,39,130,7,117,132,89,107,95,50,1,98,120,76,63,47,103,123,15,134,68,82,140,41,112,116,110,128,137,33,138,61,21,19,104,129,23,69,46,40,79,11,135,77,24,86,30,93,44,58,10
28,53,130,140,33,102,16,116,17,123,129,36,67,30,70,99,45,6,80,3,133,149,111,21,73,1,143,48,138,109,12,85,40,42,131,71,54,139,106,77,136,115,0,41,60,122,108,82,120,9,35,52,63,46,79,50,66,86,146,126,117,61,15,19,83,87,110,27,121,10,72,22,38,132,64,13,107,128,44,24,104,18,96,88,25,81,97,89,105,127,95,23,14,47,119,29,148,78,100,57,98,137,141,20,147,74,84,103,92,31,59,144,55,91,113,114,142,5,75,135,7,39,76,51,2,34,43,94,68,8,93,37,124,49,69,112,101,11,58,26,134,118,90,4,65,62,56,145,125,32
113,99,108,14,26,2,144,22,84,1,18,102,81,54,125,70,72,62,50,135,48,23,131,115,15,57,9,51,74,106,67,119,98,93,132,5,85,63,76,121,146,7,38,137,147,52,127,94,117,105,8,36,92,44,30,25,21,88,148,41,142,120,116,40,4,10,47,17,59,68,29,129,143,128,43,101,86,103,16,75,45,73,49,114,77,134,32,104,91,58,138,71,33,139,3,109,97,53,80,83,89,100,124,130,118,122,111,64,107,20,31,11,13,145,39,35,133,66,79,46,96,42,90,112,34,140,61,136,19,0,95,60,69,37,27,56,24,28,55,110,87,78,141,12,82,6,149,126,65,123
36,82,68,25,70,64,98,14,16,53,27,60,137,130,37,89,49,117,18,96,59,73,8,43,101,107,90,149,66,69,50,29,76,144,26,3,6,58,11,85,23,34,9,88,136,108,78,84,48,47,148,41,105,40,56,22,0,83,132,109,75,102,5,57,106,114,129,20,139,138,103,67,54,13,104,110,38,92,100,71,122,63,91,146,74,115,95,10,134,127,124,125,19,42,15,131,7,123,87,45,65,51,62,17,116,135,33,12,52,142,86,72,140,119,28,93,1,111,147,61,31,141,94,55,133,126,118,24,4,113,46,121,44,143,21,80,30,81,2,77,99,120,97,128,145,32,79,35,112,39
6,18,133,81,14,138,131,103,51,45,19,61,147,99,54,28,47,148,67,49,122,149,146,52,78,34,36,130,90,105,117,16,63,91,129,142,139,109,116,125,127,64,56,1,65,8,69,80,53,102,73,12,97,42,84,35,88,31,104,106,50,15,40,110,27,10,33,74,82,128,119,112,98,95,87,2,7,13,120,115,32,23,93,5,46,57,132,136,62,75,26,20,100,30,60,96,17,72,11,113,111,38,124,123,39,107,59,85,66,29,3,22,48,55,79,144,101,126,135,77,145,21,58,70,86,94,141,44,140,89,4,83,0,108,76,9,41,121,134,37,92,71,24,118,143,137,25,68,43,114
7,93,73,95,147,1,35,23,130,25,57,141,37,10,28,44,106,64,51,55,9,48,24,32,61,149,83,92,120,18,69,12,144,34,50,52,29,49,71,86,59,46,26,103,82,13,40,123,91,60,108,105,62,140,30,117,142,14,114,119,27,118,43,133,56,112,139,102,5,36,134,89,54,145,80,115,128,111,22,81,121,8,148,33,129,136,135,21,76,58,124,109,65,39,70,77,3,101,94,15,126,17,84,78,127,87,122,0,6,45,146,72,143,74,137,131,98,75,31,110,4,42,2,20,47,38,90,66,97,113,41,132,11,63,19,100,138,104,68,16,107,67,96,116,53,99,79,85,125,88
14,134,111,131,66,86,42,103,18,51,67,64,43,118,116,28,62,30,141,140,132,125,74,59,7,121,50,107,98,83,46,115,9,92,97,55,20,133,75,36,122,146,143,102,8,12,25,22,77,13,40,33,27,147,11,54,90,23,88,41,3,94,15,57,99,47,16,84,138,148,130,95,0,123,69,145,10,48,68,6,136,19,81,120,87,104,127,31,52,34,56,39,49,72,105,85,129,61,35,139,32,114,126,79,4,117,93,110,124,76,21,63,149,37,108,53,5,78,45,144,24,71,96,29,73,70,2,137,135,101,44,109,89,65,112,82,113,38,100,142,119,91,106,128,60,80,17,1,26,58
29,87,93,51,72,75,139,76,113,85,45,132,91,82,90,47,43,111,37,18,24,40,3,94,38,127,25,71,17,57,31,26,102,41,124,141,9,6,148,104,117,5,55,147,97,48,14,128,32,140,84,107,52,122,8,86,96,115,100,50,98,79,67,64,145,121,101,61,81,65,44,134,129,54,60,73,123,12,136,62,133,7,19,27,10,34,83,58,70,63,138,16,126,106,13,92,112,20,68,36,35,30,137,143,22,95,4,78,59,119,1,42,89,28,53,125,21,66,88,39,56,33,11,118,74,110,49,2,46,135,99,116,109,105,108,130,80,146,144,120,23,142,77,149,69,0,15,131,114,103
2,78,134,55,52,121,86,40,97,42,92,131,69,28,149,96,145,113,54,103,146,110,12,74,68,84,76,130,16,117,34,89,25,82,95,51,142,61,125,9,23,85,98,136,37,79,43,20,139,60,147,94,3,90,1,29,88,13,22,72,65,109,70,26,73,120,133,59,56,83,5,4,81,91,41,75,87,126,108,106,115,80,57,38,67,104,27,45,101,7,44,17,35,8,48,32,124,102,138,50,129,114,15,141,71,122,132,105,6,36,118,100,66,10,19,62,31,64,135,33,77,111,18,107,140,116,30,14,93,112,127,49,47,148,119,53,21,58,123,63,144,24,143,0,11,46,128,39,99,137
65,85,146,19,9,57,42,110,62,124,28,60,80,130,136,72,10,132,56,113,98,78,70,129,15,39,87,88,99,4,108,134,102,29,142,120,93,149,115,123,0,104,121,31,114,12,83,128,53,49,86,77,41,20,90,27,54,145,126,74,2,32,95,105,36,127,69,92,44,147,61,96,5,117,34,24,112,43,133,97,100,13,17,89,109,73,48,94,52,79,38,33,14,118,71,138,140,103,91,106,139,131,47,81,119,45,18,23,51,1,59,8,144,122,30,55,7,116,68,11,40,25,76,82,101,64,66,50,26,84,6,111,135,21,148,16,22,107,141,137,35,67,125,3,58,75,46,143,37,63
20,14,17,89,3,6,46,13,136,139,62,19,2,68,111,127,146,70,138,5,131,61,4,119,1,106,52,60,71,10,77,86,7,115,141,15,81,113,142,92,82,66,73,96,78,137,105,53,74,23,35,88,83,27,11,109,147,97,39,101,91,48,69,64,37,98,59,55,8,79,133,126,21,99,38,87,100,41,121,95,18,125,145,56,75,24,16,117,110,129,103,148,84,140,43,54,122,149,116,58,34,44,143,120,63,29,112,135,32,93,118,130,94,108,114,26,132,144,0,124,45,107,50,80,47,33,65,102,30,128,36,104,12,76,57,22,42,72,9,85,67,134,28,51,40,90,49,25,123,31
45,95,51,43,105,67,145,140,32,29,109,120,121,103,12,2,111,89,54,113,93,92,77,15,27,116,59,62,25,61,22,42,122,70,64,71,66,4,128,74,37,91,10,148,48,21,19,18,30,38,36,55,11,39,57,33,47,143,98,123,110,142,139,144,82,81,99,130,50,87,49,7,1,118,17,53,129,80,56,141,114,60,96,83,6,52,137,63,44,101,84,41,135,13,125,100,90,88,119,147,94,126,136,97,117,69,133,46,124,75,31,106,108,14,138,5,3,104,28,76,35,23,132,115,9,26,8,149,24,86,16,20,72,58,102,127,112,40,134,131,34,0,73,85,68,107,65,78,79,146
117,67,62,4,127,91,17,13,49,69,86,36,19,57,90,105,39,102,68,34,23,43,145,48,75,88,66,112,0,121,129,30,103,35,16,32,116,140,37,2,115,25,148,55,24,72,96,70,111,47,125,74,28,81,142,77,6,22,10,7,106,38,131,138,85,134,31,42,80,97,20,139,26,12,107,137,119,83,21,130,1,56,98,141,144,78,73,64,94,9,124,14,109,89,120,108,92,50,104,146,143,33,44,58,18,128,63,132,93,95,61,122,84,29,101,110,59,51,79,133,8,82,5,40,114,45,65,15,3,52,11,99,118,53,147,41,87,113,54,149,100,126,123,46,135,71,136,27,76,60
29,98,2,147,99,53,64,71,89,124,14,11,125,105,37,79,6,133,55,47,49,130,50,8,148,20,104,30,143,31,85,83,25,116,21,61,73,52,46,4,121,74,96,111,146,0,109,135,16,144,57,101,93,75,51,128,139,70,41,117,67,103,113,35,84,34,9,59,62,12,142,87,81,118,95,65,92,132,56,120,36,22,23,5,54,77,43,33,126,141,134,48,145,18,17,119,140,108,28,136,68,26,88,102,38,32,66,39,138,129,19,82,24,76,63,122,40,42,58,97,110,7,100,112,115,3,137,1,78,90,72,45,80,69,27,127,10,149,123,107,13,91,94,60,15,44,114,106,131,86
20,50,131,88,54,27,118,130,9,147,99,74,0,133,77,32,136,129,105,108,138,6,24,144,25,63,48,57,4,80,42,116,98,19,13,46,139,140,106,122,73,68,101,142,17,94,22,117,35,110,33,87,21,26,143,65,109,137,45,71,64,1,86,34,10,29,16,2,66,39,11,135,93,145,127,119,28,37,126,83,148,5,97,52,18,58,146,67,123,31,15,112,23,102,124,56,128,103,43,91,84,44,8,75,47,120,41,59,38,14,78,90,3,85,30,89,115,104,81,114,76,96,82,69,121,107,55,125,51,134,149,92,49,132,61,111,12,79,40,36,72,7,70,100,62,141,60,95,53,113
81,62,105,129,134,9,67,70,110,27,115,121,30,47,49,4,113,45,51,26,137,144,69,35,42,59,149,146,99,131,107,79,138,82,80,119,63,102,71,132,139,97,64,87,0,93,65,5,77,44,106,90,122,94,74,19,40,18,56,103,37,88,22,33,86,101,23,136,20,50,7,92,61,54,55,108,32,111,14,16,117,116,13,126,147,17,8,127,148,11,60,96,10,31,114,34,75,21,89,124,123,1,85,120,78,3,24,141,12,118,15,95,145,53,43,109,104,58,73,84,41,6,128,125,46,135,133,100,72,28,39,52,57,142,83,98,76,68,66,112,140,25,130,29,2,36,48,38,91,143
15,118,49,8,13,138,6,85,75,56,9,134,83,3,132,119,7,143,22,135,5,92,19,141,146,137,57,114,46,110,149,53,95,117,90,109,111,73,58,139,105,41,20,125,70,32,67,116,64,54,127,84,130,55,31,0,1,68,36,144,63,37,11,93,124,30,25,16,40,2,51,27,39,104,35,148,62,50,65,103,99,81,74,131,145,115,129,136,126,71,82,61,112,98,48,80,123,89,97,24,101,76,43,42,140,94,142,4,120,102,66,108,128,147,87,79,78,33,77,47,38,72,100,10,60,133,23,88,45,18,96,69,106,52,107,28,113,17,44,86,34,91,29,122,12,59,14,21,26,121
48,78,94,116,69,76,129,19,99,144,25,30,88,72,105,97,114,134,128,70,8,18,117,84,79,113,95,100,62,35,118,37,145,106,96,34,103,27,124,132,31,147,39,133,82,102,140,61,89,136,1,7,101,131,32,104,29,58,86,138,68,57,120,90,148,6,14,110,13,71,63,91,47,107,112,139,0,123,60,149,80,24,45,75,130,23,56,59,38,146,15,44,5,121,73,22,26,83,46,126,125,16,9,98,135,41,52,11,43,42,54,119,143,17,74,65,40,12,66,77,122,137,20,111,3,2,55,141,127,4,33,53,85,109,28,50,93,115,142,64,67,36,21,81,87,92,51,108,49,10
112,55,65,71,46,34,20,138,110,6,12,89,86,15,93,68,38,125,104,45,149,13,87,1,85,8,120,117,114,135,53,119,100,19,105,43,136,26,113,115,77,63,29,81,40,122,107,5,82,83,42,147,32,44,121,48,66,54,146,50,134,31,49,80,126,64,111,133,132,47,3,130,16,75,129,23,106,143,51,123,95,124,69,139,137,78,67,37,90,96,131,28,97,76,10,92,61,57,58,52,14,2,94,59,36,103,24,7,98,21,30,127,9,88,116,73,79,118,60,144,74,25,99,140,33,109,22,72,101,128,142,84,145,102,39,70,18,56,17,35,141,62,4,108,0,41,27,91,148,11
136,44,103,67,47,1,134,15,113,45,131,142,87,68,53,3,98,144,42,83,118,104,82,72,96,129,5,138,105,29,107,121,137,125,64,25,38,110,77,13,102,21,34,108,17,78,63,57,75,46,71,36,52,92,0,95,51,147,49,145,61,148,133,31,6,128,124,56,27,140,86,119,62,99,84,120,20,9,35,16,115,88,117,80,97,90,89,143,70,50,139,74,123,101,126,19,54,24,39,91,141,112,22,94,10,33,149,60,69,127,114,12,109,65,8,146,37,48,43,130,40,116,26,58,11,2,93,41,66,28,100,18,132,73,23,59,135,106,7,4,14,55,32,122,111,30,76,85,81,79
62,36,44,61,131,145,64,91,73,79,92,87,39,121,106,60,146,78,49,10,132,56,119,63,45,100,142,59,93,82,123,20,28,107,101,4,14,25,130,34,71,47,19,12,99,6,85,149,42,54,98,102,38,135,16,108,32,53,111,0,86,43,117,68,105,77,51,75,138,116,66,90,11,140,46,8,144,48,112,103,33,17,67,5,84,37,1,70,27,81,137,148,147,118,65,21,18,22,134,24,129,88,114,97,31,96,26,57,122,141,23,136,55,74,29,76,124,3,52,143,30,120,113,35,50,89,115,72,83,40,133,69,94,104,125,95,7,41,9,13,128,15,127,80,110,109,139,2,58,126
114,14,130,37,138,118,109,101,96,85,122,75,134,9,28,137,59,62,102,34,92,53,105,16,11,45,43,22,6,117,26,32,107,121,82,29,132,124,61,104,63,40,148,125,39,112,3,56,77,20,10,147,12,54,69,30,140,95,94,97,127,110,81,120,19,13,60,21,123,145,67,79,106,65,64,2,87,25,139,50,133,88,103,55,89,70,72,58,17,23,49,71,126,149,83,142,27,4,73,44,8,131,111,38,108,86,143,68,51,91,78,84,18,80,36,98,31,42,7,57,144,113,136,90,141,119,135,146,5,128,52,66,47,1,46,116,15,76,24,41,129,48,35,99,93,100,0,74,33,115
46,148,146,26,78,96,139,59,41,36,0,67,32,12,13,72,14,104,111,122,58,33,55,91,52,125,144,118,106,31,142,107,126,5,24,81,109,86,38,120,88,71,134,115,43,77,138,94,92,124,128,76,40,57,11,16,68,69,131,10,64,117,114,3,143,66,19,50,132,103,121,89,137,61,60,39,73,70,29,23,102,99,116,123,47,74,9,53,75,79,22,56,42,1,15,62,119,133,6,112,100,30,54,18,147,129,20,44,48,7,27,17,4,51,108,82,113,65,35,136,130,105,98,63,101,45,28,37,49,90,85,8,110,93,140,145,80,2,127,25,21,97,83,84,135,34,141,95,149,87
136,139,78,7,69,147,68,121,143,129,70,113,125,77,103,26,42,46,88,89,10,22,104,17,134,56,12,16,6,52,81,116,55,112,95,117,44,101,66,50,14,76,80,8,124,87,35,67,32,73,41,96,141,133,43,48,111,146,49,90,135,128,107,19,85,97,33,24,34,130,29,123,122,58,149,79,64,23,39,75,99,1,71,106,98,30,100,72,9,142,91,3,120,140,94,4,36,110,51,28,61,11,148,20,13,108,2,63,105,82,145,131,53,86,37,40,62,57,25,21,60,54,18,47,0,138,92,137,45,132,84,65,93,119,31,15,83,59,126,115,118,38,5,74,109,144,27,102,127,114
93,10,5,36,149,20,137,71,44,74,25,55,129,135,57,120,58,19,136,24,122,148,37,67,64,95,29,117,110,14,3,0,51,34,82,6,144,127,48,76,109,75,47,92,99,98,68,15,114,143,53,66,9,86,12,121,78,31,79,73,16,96,81,77,52,118,39,85,125,87,126,69,90,111,124,2,70,41,142,38,7,94,30,89,104,59,35,63,46,101,61,28,112,113,145,100,11,1,84,22,26,17,13,88,21,128,115,33,123,132,65,133,108,62,23,97,119,83,105,130,4,8,72,45,27,40,49,102,140,107,116,42,134,138,103,106,147,50,141,139,91,56,146,18,32,131,54,80,60,43
137,54,128,76,92,61,141,29,140,22,24,58,93,125,123,99,133,114,42,144,130,147,118,27,85,71,56,90,70,77,102,136,86,75,17,111,55,95,131,47,44,41,53,13,142,23,7,106,67,103,129,51,104,112,18,40,1,132,20,80,64,108,122,149,12,109,36,138,0,49,35,74,115,72,116,26,83,105,148,5,10,68,124,4,21,69,11,119,78,2,33,107,79,66,88,14,143,34,87,28,117,101,94,127,62,32,96,121,9,45,46,113,73,3,97,81,135,39,60,65,57,134,48,19,38,43,50,8,139,16,110,37,59,31,145,52,98,15,6,91,100,82,25,30,63,89,146,120,84,126
46,142,98,55,106,11,129,133,126,93,114,63,34,115,44,29,116,135,132,143,15,111,41,73,42,1,92,31,2,62,86,134,108,7,89,33,49,20,21,141,65,101,123,67,88,145,137,117,36,3,72,90,77,120,61,24,28,74,47,124,19,140,79,113,107,6,91,43,39,99,68,100,38,136,125,87,30,82,14,37,112,84,128,149,51,121,103,75,71,66,52,13,147,104,12,58,105,80,9,76,59,118,27,144,69,60,70,10,48,53,22,119,25,45,138,83,122,139,127,81,95,85,32,97,26,64,110,96,35,54,8,23,18,130,16,102,17,0,4,57,40,5,131,56,148,50,94,109,146,78
6,15,32,13,3,96,50,144,35,57,59,47,79,23,103,114,128,93,82,67,113,101,72,121,30,142,124,107,69,95,21,89,148,48,2,16,31,108,76,105,75,112,115,97,126,94,85,102,99,62,0,70,37,60,46,34,17,45,90,38,77,19,5,117,58,116,27,52,68,132,130,80,136,140,56,138,66,83,24,61,71,141,39,125,10,84,9,7,55,87,133,92,137,143,104,49,4,63,109,43,139,129,131,119,41,147,149,73,22,111,54,100,1,65,91,118,36,64,53,44,12,122,20,28,14,134,81,33,18,78,29,98,74,135,120,145,40,88,127,25,86,106,123,42,146,51,110,11,8,26
148,139,112,87,61,120,2,15,60,13,97,102,81,121,35,70,46,3,41,105,93,23,147,44,8,119,77,109,49,29,36,4,91,108,55,48,95,45,32,135,37,140,54,68,82,58,63,86,16,67,56,88,89,80,39,25,11,64,22,73,115,113,141,126,18,132,103,43,53,17,90,7,19,5,142,107,74,9,130,30,149,0,111,66,26,110,118,123,79,75,6,47,94,114,21,117,116,14,106,125,10,62,137,134,76,92,99,1,136,69,133,38,98,85,145,128,12,59,127,131,83,124,40,51,50,24,72,27,78,57,122,33,143,146,42,129,20,96,144,138,28,52,104,31,71,65,100,84,101,34
96,33,148,103,142,137,9,42,105,66,35,36,74,101,123,26,45,52,63,77,30,79,116,2,58,41,136,24,97,106,32,93,43,127,125,55,6,98,34,109,82,51,118,72,80,20,140,149,15,138,62,86,40,0,12,95,46,124,89,87,112,119,78,10,67,73,88,19,117,92,29,104,111,120,44,47,57,91,131,84,25,37,38,17,100,16,126,4,143,146,102,5,27,69,113,22,107,76,70,141,108,81,90,8,1,64,110,61,133,65,54,56,115,94,21,14,53,132,121,130,129,13,7,60,31,39,83,49,11,99,75,71,85,134,3,59,48,128,68,135,122,18,114,23,144,139,28,147,50,145
120,0,61,121,67,14,127,101,57,68,56,23,48,109,142,125,134,97,16,99,126,55,103,18,141,69,129,4,21,72,123,82,106,80,87,9,38,131,52,49,59,24,77,8,89,133,63,47,32,76,50,113,105,110,116,33,30,112,149,70,88,40,2,140,102,46,91,35,79,19,130,64,122,93,45,54,111,13,28,137,1,92,96,5,27,20,71,12,58,86,128,25,84,119,95,115,83,37,139,146,43,135,136,66,17,36,15,75,98,62,78,118,74,65,90,39,147,117,124,145,42,51,148,29,34,138,107,3,108,114,144,31,44,11,81,41,22,73,53,10,85,100,143,60,132,7,104,94,26,6
145,35,102,79,77,127,24,121,52,3,83,66,63,113,78,18,46,125,14,140,96,29,106,13,107,43,131,104,61,47,51,62,111,56,55,38,105,93,6,141,99,81,144,58,92,82,95,143,117,120,90,118,88,15,101,12,53,31,136,68,123,109,10,65,138,94,1,100,115,30,139,39,27,116,137,44,130,8,59,41,148,119,19,42,60,45,57,64,76,0,108,4,37,25,50,146,80,75,135,70,122,97,49,91,69,84,98,40,67,23,129,112,132,54,5,128,9,7,110,36,114,2,17,124,21,89,16,22,20,74,149,86,142,72,87,133,33,134,48,147,28,34,71,103,11,126,26,73,32,85
114,58,22,132,67,21,111,130,93,63,36,28,50,52,65,46,13,51,54,86,70,49,109,15,138,23,92,84,145,118,102,125,40,101,71,136,6,62,147,79,5,10,135,106,9,104,78,7,33,124,18,57,103,116,133,74,2,56,80,90,137,75,73,87,110,20,100,108,17,64,25,24,30,44,11,82,131,143,120,27,128,19,39,134,69,3,85,91,31,119,32,48,139,45,34,126,98,96,148,4,140,122,105,0,149,107,113,41,68,112,43,123,59,129,117,127,142,99,16,60,141,42,55,83,14,121,94,47,81,146,29,77,97,66,12,95,26,61,35,53,72,38,76,88,144,37,1,115,89,8
30,80,86,140,72,65,35,46,19,25,103,18,120,23,109,111,5,24,81,79,4,106,142,12,78,94,116,115,84,146,92,31,112,38,44,32,144,141,54,58,26,39,13,117,137,53,148,21,104,7,75,85,59,14,143,63,134,102,129,97,139,127,126,17,11,135,48,57,93,99,55,69,136,50,37,27,49,6,42,100,145,88,119,89,56,130,10,114,87,96,61,15,36,118,28,51,34,3,22,108,47,138,52,77,2,40,83,74,123,0,1,107,95,41,8,105,16,73,110,121,45,149,64,76,70,20,122,125,147,43,131,113,82,60,33,124,68,9,101,91,98,128,90,66,67,133,71,29,132,62
91,147,23,103,30,53,143,123,63,73,101,40,15,124,42,112,81,127,97,113,142,47,131,56,9,46,52,133,8,115,104,102,33,11,86,125,29,31,38,21,108,69,114,85,44,14,83,60,34,82,3,0,135,90,36,64,105,122,87,95,111,132,107,148,116,137,138,10,41,20,140,1,134,5,17,121,13,79,118,120,84,32,7,136,92,57,2,77,128,109,71,45,35,146,65,88,12,129,72,59,6,25,106,50,28,19,62,54,98,27,4,94,61,75,99,145,66,78,49,76,24,16,22,55,89,74,130,100,26,51,141,67,43,18,117,126,70,139,149,39,110,58,119,68,93,96,48,37,80,144
143,11,54,45,123,8,75,19,131,64,111,83,34,130,136,139,82,109,60,32,31,22,25,50,97,66,68,14,126,56,146,12,147,89,145,48,107,57,94,99,121,142,80,24,38,69,135,67,23,78,33,74,58,132,70,73,49,100,2,104,29,1,17,101,105,85,42,98,44,144,53,16,115,27,90,20,112,76,81,65,51,118,122,134,140,93,120,127,138,43,84,62,9,28,39,96,26,113,52,37,4,95,3,129,87,59,35,102,110,148,119,141,36,117,79,71,114,6,46,133,13,92,63,21,108,91,47,0,10,55,116,40,128,5,61,103,77,7,30,41,125,137,149,72,86,88,15,106,124,18
3,85,30,92,64,131,52,31,101,4,123,72,93,65,133,143,106,90,63,37,73,28,103,110,122,70,108,95,51,94,142,34,121,75,126,130,74,53,135,66,68,71,67,149,91,6,144,96,77,38,112,98,147,13,45,140,29,43,25,5,32,26,137,46,139,9,15,97,33,113,60,42,118,146,40,27,44,57,10,105,19,111,76,84,141,78,61,86,39,20,7,80,21,128,69,14,109,56,82,107,16,120,62,115,58,55,54,22,138,48,12,124,49,8,127,59,87,79,148,89,102,41,17,24,35,2,136,119,100,83,134,36,50,23,117,81,18,11,104,129,116,0,132,125,145,114,99,1,88,47
16,39,104,43,6,96,100,23,116,76,140,145,73,21,139,62,147,7,95,5,98,45,67,108,119,68,20,91,24,13,72,86,92,141,146,38,18,1,8,53,34,90,12,41,132,148,77,10,131,36,22,127,69,44,97,66,79,113,99,60,133,126,2,101,87,61,137,124,29,59,82,31,4,94,89,130,33,102,64,120,125,149,121,75,25,17,47,19,115,28,118,83,105,27,26,49,111,40,109,54,15,63,144,58,107,80,136,55,122,14,129,142,88,81,85,52,51,117,56,65,74,114,11,70,128,71,78,30,48,3,9,35,93,32,37,50,112,135,134,57,42,84,123,106,110,103,143,0,46,138
9,92,121,39,99,36,96,40,66,55,38,77,78,110,80,123,75,135,69,114,133,33,52,90,113,104,89,63,45,19,31,148,1,87,2,27,61,94,149,35,115,93,18,0,29,21,108,143,58,11,82,3,62,24,65,26,59,146,46,73,122,50,128,81,7,98,125,76,88,15,126,79,112,12,20,49,57,132,5,91,54,47,14,56,48,30,118,103,6,109,41,145,16,136,37,4,22,53,142,119,23,131,138,74,43,102,10,25,34,106,134,130,117,97,32,17,60,70,67,28,8,86,105,84,107,144,72,140,101,51,13,116,111,44,85,68,64,120,139,127,83,42,71,141,124,129,95,100,147,137
68,41,88,82,111,103,142,89,148,59,32,144,105,122,56,34,58,55,57,96,128,10,73,126,61,100,20,135,4,48,147,3,116,90,69,123,70,60,77,14,102,130,27,31,35,54,67,62,115,33,40,21,65,8,42,136,95,92,12,52,98,37,26,38,132,93,64,6,117,127,108,75,13,86,124,87,138,63,114,110,145,23,51,28,50,1,106,25,16,24,9,120,66,99,129,47,2,72,46,91,81,0,7,133,84,44,109,113,101,43,137,11,85,140,78,49,17,45,15,74,118,146,36,143,79,119,53,19,22,39,107,83,76,29,141,71,121,112,18,97,131,125,5,30,149,104,80,94,134,139
46,54,138,143,55,80,75,144,74,19,64,57,48,130,27,85,132,63,47,22,40,25,44,96,86,23,127,106,79,126,18,116,77,121,39,62,124,73,35,145,60,101,78,146,56,71,95,15,100,59,122,30,108,41,12,125,76,32,142,97,58,84,109,88,33,69,0,102,65,53,3,10,117,11,94,68,137,37,134,4,61,123,133,110,14,42,38,50,139,45,93,5,31,135,70,17,103,34,28,98,112,107,87,82,90,120,114,141,24,119,66,21,6,149,8,29,105,115,36,26,83,9,99,7,140,51,91,128,1,129,118,16,131,104,147,52,43,111,92,72,13,89,148,113,81,2,20,49,136,67
107,115,45,83,71,57,8,109,128,26,62,25,116,27,82,125,35,88,32,74,118,131,30,87,3,79,92,108,52,119,15,93,51,127,145,67,13,55,44,10,84,49,47,66,141,69,106,124,129,142,111,112,5,21,143,61,58,60,90,80,11,123,29,126,23,149,147,95,100,72,96,148,43,59,113,50,97,91,133,103,132,48,53,64,73,136,110,56,77,75,140,134,28,40,33,120,6,122,114,39,117,20,137,41,63,22,19,36,2,37,17,81,65,121,18,38,138,12,14,7,139,101,102,99,70,89,78,46,86,130,105,4,1,135,146,9,42,16,85,34,144,76,0,31,94,24,104,68,54,98
34,42,31,75,12,87,69,95,144,89,44,6,141,116,105,52,106,1,64,119,100,23,25,96,58,92,32,132,135,76,97,117,148,79,84,15,147,102,126,91,137,131,123,11,121,66,38,53,41,37,143,21,90,54,115,103,146,88,5,28,114,51,57,133,134,112,74,61,67,82,81,80,98,72,10,16,17,59,8,125,40,0,85,145,13,63,60,2,30,110,77,33,83,49,101,20,78,29,124,128,36,39,109,120,48,9,113,50,111,55,86,122,136,138,94,68,70,129,4,26,65,107,108,130,71,139,99,22,3,14,127,35,149,46,62,24,7,45,47,56,104,27,73,142,93,18,140,19,118,43
76,143,103,89,130,102,94,4,117,116,147,27,72,19,70,83,58,75,65,144,122,66,106,37,33,97,26,61,99,67,91,10,54,7,41,141,136,14,48,17,9,118,73,46,131,44,2,3,105,101,20,68,87,134,90,113,80,81,43,145,96,57,63,125,15,127,92,52,12,45,120,36,139,32,104,47,29,39,74,38,18,55,21,50,108,115,59,107,6,28,85,124,100,149,84,121,135,112,16,23,82,69,128,13,148,40,111,60,133,56,137,1,78,11,129,31,79,34,110,140,93,86,5,49,114,8,22,119,24,51,146,109,88,0,132,42,138,53,142,126,95,30,64,77,98,123,25,35,71,62
111,52,46,69,129,139,25,122,16,35,48,148,67,94,40,84,57,112,128,88,143,70,125,30,36,61,124,9,11,28,32,38,136,117,101,26,79,54,3,7,73,141,82,92,63,146,4,20,10,118,132,133,89,60,62,121,142,74,45,78,97,98,65,50,49,86,137,120,59,39,71,29,140,17,77,75,107,76,135,8,68,14,114,58,53,99,102,87,123,41,43,83,72,131,147,108,47,0,93,51,80,134,13,106,116,21,12,96,127,110,64,126,19,145,113,5,130,119,55,149,24,22,81,6,91,103,85,109,15,1,56,138,90,100,31,18,105,115,44,42,27,2,144,95,37,66,34,33,23,104
55,124,122,72,140,54,75,119,91,123,8,114,89,20,71,82,74,2,64,53,115,27,58,80,23,51,37,143,106,69,116,99,22,65,142,42,52,118,128,12,7,145,120,87,15,113,97,102,101,9,32,112,108,88,21,141,31,66,105,138,125,103,48,134,137,40,1,95,81,133,100,90,63,62,24,73,25,41,149,92,3,93,144,67,121,79,5,13,148,117,132,44,38,47,46,104,131,107,30,19,16,68,50,45,29,129,60,77,17,98,4,135,0,11,86,94,33,59,36,147,56,139,85,127,111,110,83,26,130,57,10,84,136,146,76,126,61,14,28,34,96,109,39,6,70,18,49,43,78,35
53,46,61,85,25,130,10,118,133,0,31,84,83,129,34,147,66,144,48,22,63,101,126,40,103,37,100,127,65,111,131,43,39,20,64,97,143,59,138,68,122,102,58,14,11,74,137,41,57,114,9,18,36,110,124,142,49,73,79,33,28,50,77,38,52,69,56,136,141,87,93,21,88,80,27,5,108,17,1,112,12,113,104,62,107,86,30,72,82,47,91,128,13,116,3,19,121,98,149,146,96,16,8,23,78,145,92,7,45,51,70,24,35,117,75,81,115,123,148,109,67,99,106,89,32,54,44,71,94,6,132,120,76,29,55,26,90,135,140,119,42,125,139,15,95,4,134,60,105,2
76,24,97,23,44,95,81,139,108,39,82,28,96,71,102,109,142,17,14,4,127,138,146,0,7,29,22,107,30,88,42,48,121,52,94,32,118,35,135,46,56,89,99,148,113,147,117,11,149,122,100,106,98,132,70,37,104,65,133,19,131,91,5,26,25,41,1,61,111,57,116,58,93,64,103,77,85,31,9,54,92,50,72,112,33,84,40,86,20,63,15,126,75,134,144,110,83,114,125,53,3,140,43,36,66,119,34,129,60,79,120,87,13,105,90,73,80,145,136,59,74,6,21,115,62,38,78,123,143,101,2,67,45,51,141,18,128,27,130,124,55,10,8,68,49,47,69,137,16,12
50,69,136,103,39,8,91,117,124,132,36,56,1,140,61,44,99,35,53,9,7,41,33,88,141,58,4,119,93,133,27,73,38,107,123,112,22,104,86,115,116,59,40,129,42,28,76,85,146,92,67,5,82,109,145,19,114,77,97,17,29,45,127,43,65,72,118,21,24,71,139,105,149,122,23,78,90,63,83,16,48,125,32,57,62,18,100,121,144,54,30,66,128,3,10,25,6,81,46,113,94,111,52,98,95,51,102,89,106,13,138,60,20,142,11,49,101,74,34,96,147,126,2,148,12,0,75,134,31,14,110,64,84,47,68,55,130,70,79,135,120,37,80,15,143,131,87,26,108,137
23,81,54,76,102,133,24,63,14,68,107,111,61,104,145,149,120,105,83,136,85,127,65,15,101,2,37,112,73,137,67,93,84,36,56,126,29,5,82,134,118,43,119,75,31,95,7,20,9,41,59,143,60,114,45,147,13,35,27,50,138,77,124,123,19,33,86,115,103,88,122,12,116,106,11,71,113,99,80,51,94,25,53,128,70,26,92,62,121,6,4,87,57,141,49,131,109,18,47,22,125,21,97,130,39,144,46,10,72,58,3,28,117,44,32,96,78,140,8,79,1,129,52,98,108,42,90,132,0,135,100,17,91,34,74,148,66,89,55,38,64,40,146,69,48,110,16,142,139,30
32,139,110,77,22,96,74,91,141,125,94,83,49,67,7,25,147,119,95,80,116,126,93,0,19,14,118,145,9,89,148,88,128,54,104,130,17,64,65,101,115,68,12,52,38,23,102,129,45,107,42,132,39,59,41,87,75,55,103,6,98,11,135,43,105,15,47,10,37,97,44,48,99,137,81,27,62,108,30,18,84,57,13,28,26,100,109,35,5,51,90,40,140,16,86,66,82,61,136,29,34,63,149,133,143,58,144,134,124,70,1,127,131,79,71,78,138,24,121,21,122,33,31,8,56,92,73,69,20,50,114,142,46,85,36,2,112,113,123,117,76,120,53,3,111,146,60,106,4,72
24,35,51,25,48,53,70,17,19,5,122,16,134,138,109,18,20,110,12,62,46,14,114,11,136,52,64,71,22,149,111,33,29,28,65,84,121,72,68,8,127,50,26,6,77,58,15,23,85,137,88,75,73,79,37,140,41,27,139,98,60,86,21,146,135,47,142,123,38,125,124,2,4,89,49,54,39,99,82,129,144,44,74,128,106,34,119,61,59,10,87,30,112,131,97,105,91,118,57,56,42,148,145,94,7,143,102,0,100,95,69,80,126,101,13,130,43,120,115,96,78,32,81,116,9,31,63,45,103,36,132,107,66,76,93,117,133,40,113,90,141,55,1,147,83,3,108,104,67,92
141,32,55,10,136,47,114,78,66,12,34,74,29,142,2,13,70,140,17,52,93,120,46,110,14,126,75,77,113,40,60,30,18,99,31,128,36,134,7,144,97,109,61,38,117,43,118,51,125,148,119,11,121,116,24,4,89,69,101,48,1,58,133,80,64,25,16,28,19,104,0,135,81,138,37,71,149,87,112,131,115,132,76,85,90,127,100,98,54,41,91,35,57,26,145,108,107,103,67,83,56,39,88,33,102,53,45,146,21,73,111,23,63,49,84,92,20,147,123,62,72,6,3,44,42,130,143,9,94,106,50,27,82,96,5,8,105,79,59,137,15,65,129,124,139,122,68,22,95,86
37,1,95,136,72,93,143,113,59,115,12,71,98,114,61,49,106,88,78,3,33,137,148,21,17,96,2,44,39,149,0,145,81,133,109,123,38,120,62,14,58,54,40,121,36,25,112,70,118,84,11,73,127,132,140,52,8,131,77,134,35,103,85,111,94,6,50,125,26,76,146,45,41,31,107,124,4,42,68,104,141,5,13,91,10,89,48,22,129,29,79,19,64,105,119,117,116,15,24,108,34,87,100,86,90,7,110,60,139,66,51,92,18,55,126,63,97,20,144,46,135,102,138,142,99,122,147,27,47,57,30,80,23,16,67,56,74,69,9,130,101,32,82,75,65,43,53,83,128,28
97,13,118,119,58,145,7,56,17,16,126,105,86,125,122,74,127,68,95,67,140,129,128,57,39,63,65,121,85,98,3,144,44,31,114,8,110,0,76,77,4,92,91,71,51,45,18,89,88,109,38,32,104,103,22,6,35,80,47,75,149,41,2,53,134,30,146,28,46,112,73,61,62,40,81,113,33,78,131,5,64,101,66,143,94,133,135,120,1,59,147,42,87,100,43,14,93,99,106,55,139,142,137,48,54,115,12,116,34,19,21,111,108,27,102,49,72,84,24,23,130,90,70,29,138,26,132,20,60,9,107,123,83,25,52,11,79,148,82,96,141,136,36,15,37,124,117,10,50,69
86,47,119,21,63,148,136,17,8,123,57,93,52,97,53,122,20,85,146,141,114,135,23,109,96,107,70,138,130,78,134,125,73,49,13,65,44,4,51,137,113,88,106,87,133,124,16,32,24,61,116,120,91,12,72,139,43,140,26,83,39,149,71,58,126,50,111,64,128,9,2,145,30,103,110,127,131,101,82,38,79,45,25,54,18,14,15,143,31,89,75,77,121,92,142,108,27,115,35,118,19,5,56,6,34,68,7,40,42,62,100,29,22,90,147,117,94,81,0,104,74,37,28,59,98,112,46,99,84,80,10,1,48,36,41,129,102,33,55,66,69,76,60,105,144,132,3,11,67,95
119,14,141,95,105,56,15,41,71,44,49,40,124,101,64,131,104,143,68,115,81,128,4,1,75,22,10,50,53,134,130,129,91,78,59,35,127,5,109,111,39,142,27,61,46,29,20,133,89,140,147,108,87,52,74,99,94,23,2,66,123,32,86,77,43,126,92,18,93,103,121,25,7,67,148,62,120,117,31,48,85,58,45,60,106,65,16,113,30,118,38,51,28,70,90,47,73,57,8,97,36,122,102,112,0,6,139,13,145,19,79,21,12,17,146,76,24,11,135,69,72,107,88,37,144,26,138,125,34,54,63,84,136,132,83,55,149,110,98,116,3,137,80,33,82,9,96,100,114,42
130,16,142,21,44,79,28,148,107,48,41,50,38,37,32,25,95,7,15,40,134,144,78,35,149,77,102,4,80,9,34,99,103,67,31,70,122,17,98,83,72,12,114,143,0,84,121,109,51,33,54,137,96,76,116,104,100,19,110,43,65,90,27,87,49,2,81,141,13,64,71,53,117,126,74,29,8,22,128,36,11,18,93,105,46,3,140,139,131,111,112,124,23,66,89,24,26,136,59,75,68,63,146,56,20,47,138,88,123,5,129,113,106,6,39,108,1,127,14,94,61,120,132,92,55,147,30,133,58,135,125,82,10,60,97,85,52,86,69,73,101,119,115,145,57,91,42,62,45,118
84,113,112,59,93,7,25,110,81,22,143,13,6,39,34,80,74,61,138,23,148,108,9,19,96,52,12,118,58,130,88,47,50,95,123,142,57,135,72,105,41,101,27,92,114,90,45,136,66,87,71,60,33,122,104,2,102,11,91,121,129,120,94,35,8,133,83,109,107,49,65,99,14,21,125,26,31,40,145,141,68,32,53,98,137,70,116,111,126,139,56,17,146,36,103,37,3,62,5,79,0,82,128,134,127,132,55,115,89,43,15,140,38,10,77,42,86,149,1,24,119,29,48,54,97,18,4,106,63,147,100,16,51,117,124,75,85,46,64,69,20,131,44,30,67,28,144,76,73,78
4,23,48,45,84,130,55,144,137,83,16,96,44,86,3,43,98,119,39,13,147,33,21,36,107,29,108,51,136,97,74,76,116,68,10,92,54,88,20,79,0,67,145,114,25,109,149,94,111,93,123,113,59,133,85,64,120,100,11,87,40,104,124,8,15,32,24,56,26,34,91,142,42,90,132,118,141,78,138,131,58,125,37,80,117,143,77,53,69,18,82,99,7,63,31,95,71,46,148,70,49,73,14,9,28,140,135,101,106,52,19,129,102,139,5,12,17,81,60,121,57,122,1,127,2,105,30,65,22,66,115,72,47,134,38,103,75,89,126,50,112,27,128,6,41,110,62,35,61,146
74,36,130,71,129,45,70,75,143,62,119,106,128,108,79,136,29,72,131,145,20,107,115,39,42,124,60,86,47,126,82,78,122,38,87,88,32,103,97,41,93,6,50,137,121,0,66,23,142,134,28,117,15,27,73,113,33,104,138,90,18,61,83,68,56,12,94,147,55,149,26,1,65,133,9,43,110,100,21,135,59,64,80,5,125,92,96,19,109,112,10,46,4,22,35,48,11,58,105,25,57,51,111,123,118,85,40,37,141,89,81,95,31,8,54,144,146,139,76,49,99,44,13,140,120,24,84,53,63,114,7,67,30,17,102,91,132,101,3,2,16,116,98,34,69,14,77,127,148,52
64,3,49,74,10,109,127,28,98,8,118,148,115,120,87,138,58,107,82,95,1,25,37,84,135,111,14,40,36,141,88,136,45,55,89,93,116,35,32,0,80,9,102,6,134,110,62,140,33,78,12,48,50,22,96,7,30,130,60,2,149,43,125,23,104,114,121,56,128,108,83,144,13,34,112,4,42,67,105,16,137,5,71,63,94,21,81,101,124,20,31,47,85,54,24,17,61,57,126,18,91,133,26,11,41,119,77,19,117,76,59,129,75,90,79,68,100,73,92,15,132,146,66,113,51,52,106,69,142,53,122,46,72,99,44,86,103,29,65,147,70,39,145,143,27,38,139,123,131,97
113,75,144,45,146,18,73,52,106,91,29,9,4,11,63,59,48,133,23,107,68,27,5,19,97,128,76,142,135,69,130,24,8,2,25,85,80,67,127,110,131,30,42,7,14,74,50,78,115,20,98,61,94,10,147,82,46,112,79,31,21,65,16,38,62,81,44,86,49,100,66,90,56,32,22,104,33,143,57,26,88,109,119,117,93,122,72,1,99,136,103,40,39,132,116,12,105,125,64,53,95,126,87,17,121,139,123,148,83,120,77,51,58,36,124,15,6,137,3,71,118,70,41,43,84,101,47,141,129,96,92,60,140,34,138,35,145,37,54,111,134,0,55,102,89,13,114,108,149,28
121,35,111,58,84,102,83,133,129,101,125,23,63,66,116,135,21,50,5,147,51,11,122,32,88,105,107,115,112,82,72,113,86,117,109,76,40,1,126,47,124,92,79,59,13,31,118,69,138,68,16,10,6,3,131,33,139,148,46,64,39,49,43,144,9,36,140,27,14,123,22,91,94,37,130,81,128,134,28,56,24,12,25,60,70,52,67,77,106,45,120,100,48,44,20,4,93,96,19,73,110,89,132,30,127,149,38,78,53,55,7,15,143,103,99,42,26,145,61,142,104,17,18,85,75,114,57,80,108,98,95,8,71,62,146,29,141,74,65,34,87,2,97,136,90,137,119,54,0,41
140,133,135,113,122,149,31,146,59,69,55,136,134,127,33,23,37,79,51,109,41,90,21,46,100,54,34,147,137,78,65,44,43,82,91,83,92,98,1,18,132,66,63,6,128,36,124,105,68,24,14,67,81,7,85,60,138,12,107,84,121,50,74,148,112,39,143,131,15,96,25,104,52,57,117,56,95,38,5,145,89,102,35,88,77,126,125,58,13,28,4,26,116,111,30,3,32,123,72,49,17,86,19,2,42,142,64,71,101,10,16,106,141,130,47,9,80,22,108,53,27,118,29,45,87,103,62,99,70,97,11,114,20,93,144,94,75,129,110,120,119,48,8,0,139,61,76,73,40,115
71,4,62,66,28,135,44,98,48,35,87,107,70,120,141,61,26,36,17,92,81,132,49,147,75,20,1,83,45,90,60,148,114,74,97,57,34,79,121,63,122,42,53,30,103,106,77,127,6,116,27,101,109,85,136,123,104,117,68,22,56,126,2,118,102,105,72,15,9,82,113,124,25,50,46,43,89,142,19,54,51,8,5,129,76,149,133,69,146,139,31,38,52,110,144,145,23,140,138,58,59,24,91,128,108,100,94,21,41,115,119,125,84,111,39,14,64,37,40,12,3,99,65,0,80,86,55,67,112,78,7,13,93,47,73,16,134,29,32,143,137,33,130,88,10,11,18,96,131,95
52,65,33,110,84,94,35,71,141,16,3,10,26,87,9,29,8,120,1,109,148,142,14,105,21,140,96,23,82,45,74,28,134,5,115,59,97,13,89,90,39,119,6,61,44,118,49,19,58,50,2,60,38,117,67,11,138,93,31,41,63,7,88,72,103,53,75,48,121,43,124,106,147,108,145,102,123,80,40,68,4,37,107,46,27,20,0,95,64,113,81,77,47,51,24,69,139,137,91,127,133,146,18,73,83,149,136,112,92,57,15,42,36,98,104,122,143,56,128,131,126,54,86,79,116,25,22,101,12,100,62,132,129,30,135,144,66,85,76,34,55,114,32,70,99,111,78,130,125,17
46,129,78,50,41,105,21,38,96,26,109,7,149,23,5,101,146,88,52,29,106,66,127,33,138,112,91,83,22,120,68,27,4,61,34,100,82,134,94,108,32,19,54,93,10,117,13,142,135,40,107,126,133,18,77,118,43,125,65,131,62,15,139,30,56,69,14,17,24,114,81,136,73,63,80,6,132,25,87,122,104,72,47,90,85,45,98,121,141,148,39,89,0,16,144,84,124,12,53,145,113,147,2,92,79,70,102,51,36,71,35,97,119,8,20,103,140,74,64,37,137,95,130,128,3,11,110,55,60,111,44,31,42,28,75,115,116,58,1,48,9,67,76,99,123,49,57,59,86,143
90,61,123,133,136,110,121,93,127,96,27,125,31,98,103,45,138,40,126,129,97,140,57,30,53,43,17,109,37,42,85,34,23,8,3,46,15,111,14,142,28,82,36,16,79,89,49,2,112,60,145,130,67,114,66,32,77,118,143,71,86,105,33,146,1,119,58,54,91,137,113,50,20,24,135,131,26,35,108,88,11,0,70,12,76,18,41,94,64,100,132,102,120,139,22,52,13,38,115,4,83,92,101,124,134,73,25,62,141,84,19,47,99,107,7,81,55,117,56,21,39,149,72,6,106,104,122,69,29,10,128,87,147,63,78,65,44,59,9,75,48,144,51,74,68,95,116,148,5,80
118,78,101,136,5,141,41,126,132,65,4,133,12,74,64,20,69,124,147,39,15,40,60,134,68,131,7,138,115,143,49,32,139,35,61,29,53,129,103,14,59,145,17,140,10,30,99,48,109,144,71,47,113,46,107,95,19,16,112,75,34,44,72,94,149,98,125,18,11,52,24,51,128,92,43,8,81,66,54,27,3,114,85,84,111,87,55,104,100,6,119,82,79,70,105,137,97,76,2,86,77,120,148,33,106,130,80,122,110,117,25,73,108,83,93,88,146,13,50,58,31,67,63,9,116,23,90,56,26,42,91,127,38,0,1,102,96,121,135,62,37,36,22,45,28,57,89,142,123,21
125,87,29,17,61,115,0,23,3,31,90,54,79,46,70,123,78,14,22,62,48,113,38,65,118,105,140,67,133,36,26,93,84,55,45,110,20,138,12,99,131,35,108,98,95,40,25,76,16,18,56,60,145,33,10,49,122,97,86,85,68,130,112,69,11,42,107,109,106,51,143,101,149,129,53,114,96,32,30,2,64,58,4,21,88,120,111,13,147,66,47,136,103,127,74,59,121,77,81,135,34,71,6,141,100,83,146,75,50,134,89,9,116,148,44,39,132,72,137,41,104,27,126,19,7,102,37,5,139,94,24,43,119,128,142,63,1,8,73,28,15,91,52,57,82,117,80,92,144,124
139,52,5,147,59,149,76,73,133,112,125,55,69,118,19,148,102,53,66,49,82,109,4,3,35,101,81,129,68,32,141,119,27,63,18,85,46,7,75,67,23,126,128,96,138,29,83,1,98,28,89,2,36,88,77,137,110,132,8,30,117,51,93,13,58,131,34,90,130,22,136,79,20,6,113,140,144,72,64,56,17,111,14,114,11,143,39,91,105,41,104,65,145,54,120,97,92,50,94,142,127,42,33,95,47,108,134,24,16,135,45,123,43,57,122,80,26,40,86,106,115,38,146,21,31,84,71,48,124,10,99,60,103,87,9,100,0,74,15,121,116,25,78,70,12,44,62,61,37,107
61,84,114,64,108,42,110,49,126,81,65,115,88,69,41,136,28,33,124,123,107,70,128,20,76,56,66,39,98,58,7,100,86,135,10,109,91,53,89,24,133,85,47,103,75,92,35,132,25,122,94,117,17,127,62,118,29,8,59,82,125,120,106,60,149,90,16,13,43,138,36,78,68,27,95,96,50,5,6,116,72,140,139,19,111,31,21,32,67,143,0,14,48,105,11,71,83,134,9,130,15,73,2,144,57,131,119,97,52,74,93,1,12,77,55,137,147,23,99,38,46,142,148,129,4,44,30,37,112,63,40,45,3,80,54,22,34,145,26,79,146,101,104,87,141,51,121,113,102,18
62,22,26,84,65,59,80,110,57,98,111,64,45,66,12,87,7,41,63,147,67,138,91,103,89,18,123,139,135,149,90,58,127,132,48,6,113,5,60,20,122,134,99,40,86,101,81,47,85,38,126,23,148,33,115,95,77,70,100,137,131,10,116,142,56,16,73,51,30,53,140,49,136,35,24,50,34,0,114,104,119,13,129,21,107,37,88,144,83,15,112,97,76,143,93,94,55,72,96,8,106,32,27,25,124,39,92,146,42,31,120,52,4,141,43,69,46,117,109,133,125,61,71,145,105,11,121,102,78,118,29,74,9,44,28,75,54,68,79,1,2,3,19,17,130,36,108,82,14,128
124,65,110,50,139,128,93,130,85,101,80,12,33,23,114,84,60,61,111,40,82,100,81,120,46,14,1,58,133,19,95,35,72,115,103,142,42,70,147,90,76,37,45,86,97,38,48,102,53,21,94,91,63,118,148,112,54,47,141,18,79,11,26,134,20,123,3,117,31,106,2,98,89,146,135,13,125,136,62,57,17,66,64,27,149,15,108,69,71,78,4,122,107,29,144,5,22,34,74,28,52,8,109,121,140,43,104,75,116,131,30,88,39,77,59,68,51,87,44,0,49,56,55,67,7,32,10,99,127,24,92,16,83,119,129,96,132,73,105,137,126,145,9,6,36,41,25,143,138,113
121,42,29,127,115,105,137,5,23,148,30,54,84,65,70,19,4,117,45,60,131,50,75,63,57,13,87,21,139,58,149,2,36,79,112,128,141,143,93,72,147,99,12,145,52,94,69,24,81,104,27,38,82,146,123,31,6,96,66,3,142,44,86,98,64,83,118,59,106,107,20,18,14,41,125,122,91,110,71,17,28,68,132,116,133,34,77,103,67,140,76,61,0,49,120,37,80,130,95,119,97,101,134,10,62,7,11,73,89,1,9,138,56,33,124,46,32,135,8,53,90,109,111,88,43,39,25,15,102,22,113,78,48,129,16,108,51,55,100,114,40,92,136,144,26,85,47,126,74,35
125,112,40,44,61,111,32,71,34,143,108,104,132,115,99,14,68,12,107,136,97,15,110,60,20,149,17,78,122,25,82,72,121,100,146,75,129,65,114,64,46,135,140,3,62,92,10,123,76,81,141,145,138,51,139,124,26,69,103,56,38,39,109,58,30,127,83,70,126,0,147,48,89,45,11,59,43,22,50,29,7,118,128,57,53,33,47,42,77,1,130,94,49,137,27,5,9,144,96,79,120,52,101,55,142,36,119,2,73,74,134,133,105,84,35,90,8,88,98,66,91,23,93,85,37,28,21,18,54,41,117,31,13,67,106,24,4,116,148,102,95,131,80,63,86,16,19,87,6,113
69,35,132,33,142,135,87,105,118,2,13,128,98,83,129,50,111,138,14,82,51,19,23,65,49,114,22,119,6,93,28,103,38,8,112,27,43,79,60,88,121,101,78,120,76,30,0,97,139,86,44,46,40,39,137,1,91,11,34,104,59,41,100,149,133,7,127,106,4,92,99,146,140,95,94,5,12,61,74,148,144,24,48,36,9,58,55,89,73,124,72,115,134,81,42,71,67,62,47,96,85,141,147,102,54,110,126,32,53,80,57,145,70,64,15,25,16,18,108,107,109,117,63,56,17,143,10,52,90,75,26,29,66,84,122,37,113,3,123,130,21,45,125,116,68,20,136,31,131,77
102,14,45,104,135,79,99,117,73,101,137,97,86,7,98,57,41,121,10,123,47,28,134,145,59,25,130,30,108,71,149,125,80,100,29,38,76,106,50,138,66,124,144,32,11,139,113,9,95,78,52,147,142,141,89,74,42,128,18,88,65,61,40,75,24,22,16,131,87,63,34,96,46,26,92,111,82,83,54,120,49,122,43,94,68,51,39,69,13,67,90,21,143,103,107,105,58,146,136,118,77,72,116,33,2,114,148,37,4,64,70,119,133,20,5,53,1,93,23,84,140,85,81,31,132,55,35,62,109,129,126,60,44,12,0,17,127,48,115,8,91,3,112,15,6,27,56,19,36,110
59,97,21,29,132,39,138,79,121,5,16,88,49,89,117,22,92,37,50,118,46,45,27,24,85,125,3,26,14,104,63,99,54,123,17,140,119,1,133,78,136,4,135,134,33,12,18,149,82,141,103,61,36,112,72,68,143,31,126,71,32,57,124,114,131,9,145,96,0,43,84,69,8,86,80,10,127,13,100,116,108,64,55,70,7,137,74,67,91,48,44,66,75,11,35,113,142,105,90,120,51,40,76,2,73,15,23,28,83,81,60,20,139,146,128,98,144,6,77,47,147,56,62,130,95,110,34,129,87,53,107,25,42,41,106,101,65,94,19,122,30,52,38,111,58,102,148,115,93,109
110,123,146,78,94,133,73,82,51,76,141,70,17,55,115,44,11,36,41,61,93,43,107,20,24,144,79,137,84,131,91,95,88,26,8,89,62,108,33,98,69,77,120,3,119,86,74,104,100,10,23,14,67,4,25,45,112,102,127,18,30,32,1,63,5,136,90,9,97,125,87,31,128,75,145,42,28,143,64,109,19,114,60,117,49,80,68,37,2,57,34,101,149,71,16,129,29,116,35,27,138,7,122,140,126,59,38,47,65,134,6,111,132,106,21,66,39,135,83,72,105,124,148,40,12,147,15,130,58,96,121,56,13,0,99,50,142,113,85,48,22,139,81,118,54,52,46,92,53,103
32,147,94,48,109,115,49,53,17,33,0,62,107,133,76,104,61,86,136,38,131,78,106,21,41,67,50,42,54,139,138,100,124,145,23,90,28,68,56,110,92,148,36,4,99,34,130,85,105,132,135,52,40,137,97,47,7,83,5,102,63,82,13,71,121,75,79,93,143,55,116,123,120,65,126,88,10,22,14,44,91,96,19,31,129,108,6,128,15,134,142,9,18,74,11,24,58,26,122,64,1,101,57,141,144,89,73,70,112,84,45,77,72,81,43,103,8,29,60,37,127,3,80,114,87,51,98,66,20,111,12,95,25,117,118,2,16,59,30,140,125,39,27,46,149,69,35,113,146,119
62,22,123,30,5,110,112,82,12,93,4,63,81,80,2,149,73,109,70,6,1,42,48,142,85,32,79,59,96,15,100,39,13,21,104,71,141,36,33,11,131,116,118,29,140,95,148,145,38,41,139,129,28,66,56,76,127,51,128,132,130,61,55,20,31,7,57,35,3,58,9,8,101,69,40,122,114,147,47,105,107,87,103,119,75,113,126,68,98,125,27,117,23,34,18,44,146,19,92,26,97,124,108,24,52,77,86,91,89,37,133,121,143,90,60,65,16,50,25,64,72,49,14,0,54,144,17,45,134,94,53,120,67,43,111,102,136,99,46,137,138,88,83,106,84,74,10,135,115,78
18,119,19,41,67,22,142,131,39,138,46,54,15,114,145,141,91,4,129,62,126,7,70,20,6,120,108,24,134,16,101,45,107,79,144,98,31,17,55,95,81,49,90,44,50,127,32,147,69,103,52,57,29,58,117,28,133,65,137,8,118,82,135,96,53,123,76,115,10,14,136,106,86,5,80,21,38,34,30,84,132,78,111,128,25,140,139,73,2,92,1,72,105,100,0,23,122,87,125,9,27,102,88,42,121,3,74,93,66,68,40,113,89,59,109,83,146,149,11,110,47,26,124,97,85,36,43,143,71,99,56,148,12,51,37,75,64,13,94,48,33,61,112,63,130,77,104,116,60,35
106,43,0,64,91,134,89,117,55,44,33,7,101,37,19,18,75,83,125,79,54,17,118,76,120,9,67,95,130,52,104,127,142,105,141,47,42,84,11,110,98,121,53,69,126,93,8,21,133,25,90,147,109,65,45,24,139,145,66,149,87,73,114,22,129,32,148,70,96,51,50,81,3,138,34,15,16,146,74,61,144,102,1,12,115,113,63,122,35,60,68,116,112,4,99,29,140,5,14,128,58,94,136,48,28,108,10,40,59,137,6,71,38,49,124,23,82,36,27,20,30,107,41,135,100,80,31,2,119,85,57,97,13,86,92,131,26,56,111,103,72,39,62,46,78,132,143,77,123,88
72,106,54,34,47,95,125,53,75,83,138,117,51,45,127,91,2,43,94,131,149,7,14,13,40,116,111,17,59,37,31,78,77,142,99,109,86,27,132,64,4,67,39,136,65,88,66,103,19,1,140,122,30,118,3,113,50,129,60,147,146,71,79,48,104,73,11,41,62,35,97,32,55,120,123,137,61,148,20,85,135,9,56,126,105,57,38,22,74,119,15,128,115,93,145,90,36,101,124,70,25,80,49,68,29,76,133,89,18,42,121,28,84,130,96,16,102,44,108,52,12,46,98,112,110,114,139,82,24,5,10,134,21,69,143,6,107,144,33,81,87,0,58,100,8,26,141,92,63,23
117,63,8,107,146,74,149,119,50,25,47,68,126,141,83,115,114,143,73,86,121,127,71,142,76,44,10,135,139,82,4,69,100,46,36,23,67,93,60,138,131,87,111,85,145,28,31,15,48,0,32,61,24,123,17,75,70,52,40,89,133,136,41,125,137,51,45,35,148,58,22,118,20,7,122,64,106,102,128,37,6,30,19,2,55,97,77,38,95,104,101,16,108,14,59,62,26,43,66,1,56,129,147,99,12,120,144,98,53,11,72,105,130,9,78,112,39,49,94,29,88,103,140,34,3,110,42,134,116,109,27,96,18,132,113,5,65,80,81,90,57,124,54,79,92,91,21,84,13,33
35,40,27,8,63,71,120,111,113,80,101,62,136,12,53,33,116,131,1,37,103,108,4,59,105,83,0,16,107,147,24,9,148,125,139,114,126,44,110,75,132,135,119,42,19,106,17,22,26,74,34,60,55,102,47,121,77,81,87,57,67,89,32,65,98,52,38,140,48,145,41,43,104,99,66,15,133,143,84,112,25,2,14,130,30,20,39,72,76,109,141,88,129,70,61,128,94,149,54,78,29,85,50,69,124,92,137,115,21,142,144,51,49,64,118,134,93,96,97,45,68,58,6,56,79,122,36,90,95,23,11,7,10,73,28,138,3,91,123,5,82,18,146,46,31,127,13,117,100,86
99,31,42,3,56,76,124,108,40,128,48,64,107,15,113,6,7,82,21,62,73,13,22,35,126,109,148,59,4,26,53,74,115,98,114,25,103,1,95,87,36,123,33,72,143,86,133,134,141,38,65,144,30,132,5,88,80,105,58,138,8,54,2,90,84,93,104,17,44,137,111,117,92,24,67,121,51,57,9,146,116,70,16,142,78,119,43,101,0,147,46,130,20,28,94,12,34,60,112,136,75,19,129,68,10,81,47,91,52,50,55,49,39,23,66,89,131,127,149,14,140,139,102,37,97,11,18,41,122,125,100,118,145,61,63,79,32,85,29,69,110,45,71,96,106,83,77,120,135,27
138,68,102,53,57,92,7,51,140,123,98,71,66,113,85,148,47,9,121,125,115,73,63,128,58,33,20,106,21,41,96,34,147,10,79,120,16,145,5,70,112,116,37,65,2,3,84,93,127,101,12,31,39,94,114,40,4,133,42,136,105,28,83,107,89,1,142,143,46,8,88,104,146,11,32,55,74,135,110,22,14,100,67,26,61,59,126,75,52,90,23,24,38,139,13,15,43,36,132,122,87,134,18,81,0,108,54,56,19,137,25,17,124,49,99,62,144,141,78,44,97,27,29,48,30,95,35,64,111,69,91,72,86,50,119,117,76,129,118,6,80,130,45,103,82,77,131,109,149,60
7,121,40,38,13,141,148,115,84,20,50,101,103,78,42,102,60,109,129,46,149,142,47,143,41,113,75,72,5,2,52,58,123,107,130,48,97,1,122,43,98,76,65,35,94,62,132,116,118,69,99,86,49,64,25,4,82,87,96,133,11,146,63,108,30,17,83,73,91,6,29,22,92,104,23,18,135,39,89,3,10,85,31,112,9,145,144,120,137,8,67,33,100,131,117,134,24,71,53,14,125,106,81,126,44,36,66,119,15,45,105,55,110,68,124,140,136,27,127,28,16,80,21,34,77,88,90,111,12,147,19,70,61,79,74,138,59,128,139,0,93,32,26,37,95,57,51,54,56,114
104,31,92,98,94,15,40,119,67,84,126,74,140,44,82,48,108,131,26,135,69,21,78,145,32,102,109,91,2,50,132,114,28,56,22,68,110,52,103,30,36,19,144,0,95,96,55,24,106,80,107,39,113,16,72,9,43,81,46,97,10,143,5,83,75,111,64,77,139,20,62,123,13,122,87,112,125,85,133,141,12,76,90,49,27,121,142,42,41,148,61,8,105,71,45,93,137,4,54,88,117,116,99,53,100,38,14,59,115,29,60,136,118,89,35,11,47,146,70,138,147,17,37,130,86,25,7,1,3,128,73,66,33,58,51,129,149,120,6,65,57,101,134,124,23,127,63,79,34,18
108,103,146,128,117,120,4,18,70,101,144,109,7,40,25,130,133,107,80,61,46,23,139,39,114,141,99,12,86,48,81,15,85,122,104,1,42,37,26,147,43,6,111,14,0,59,51,126,60,143,53,74,102,132,115,21,148,116,125,121,124,145,49,33,72,29,87,98,113,50,41,95,106,119,38,62,82,105,71,77,89,78,123,79,100,54,129,16,8,110,127,3,22,84,55,149,66,36,142,131,83,30,92,2,94,64,19,5,58,112,17,91,97,68,76,140,32,88,75,13,47,136,9,134,57,20,137,73,52,65,11,90,44,96,27,34,35,28,135,10,45,93,69,56,31,138,67,63,24,118
41,133,64,86,8,54,58,140,59,23,136,79,141,142,16,98,73,101,32,15,57,20,50,117,62,53,80,82,21,120,67,106,97,81,36,18,100,31,130,83,75,134,5,109,145,19,29,108,47,12,131,118,26,91,132,121,33,149,72,115,144,126,99,56,0,37,38,110,71,94,93,116,28,113,4,9,11,123,45,6,43,17,114,76,44,69,52,27,119,138,48,30,125,63,103,39,88,87,95,128,55,96,105,70,111,102,34,84,7,14,104,147,90,22,74,137,2,148,146,51,13,60,122,66,61,112,42,25,24,85,124,3,143,127,135,46,10,1,40,35,89,65,49,68,107,129,77,78,92,139
131,32,10,74,55,88,107,125,24,56,99,85,73,100,113,127,149,5,54,141,90,98,0,3,60,115,57,122,37,126,30,91,147,105,14,12,128,140,80,75,26,112,42,104,53,65,83,47,35,116,142,72,139,114,144,148,145,8,132,23,109,52,135,106,94,93,61,36,110,29,143,76,15,41,31,103,79,6,13,18,82,22,69,44,102,96,34,4,45,129,9,81,58,121,11,95,46,20,84,7,108,86,21,27,133,39,17,77,59,51,78,1,64,137,97,87,68,71,38,134,50,89,16,136,28,111,119,63,62,120,138,117,146,33,118,25,70,92,66,40,123,49,2,101,67,130,19,124,48,43
54,98,79,143,39,133,77,35,72,141,95,131,30,43,9,44,112,70,37,144,6,32,38,52,33,148,53,62,2,69,109,1,59,45,140,49,40,57,27,135,121,60,50,36,81,83,51,29,78,12,3,97,34,137,149,66,85,64,126,24,84,76,82,67,15,74,41,87,118,26,58,132,86,22,68,100,61,145,8,7,18,10,63,147,134,71,129,106,48,110,20,114,28,117,75,47,89,96,23,124,46,14,107,0,116,73,119,31,127,125,92,11,146,130,56,88,108,99,93,65,142,42,115,103,80,122,138,17,101,113,120,16,25,123,19,104,91,13,5,136,90,139,105,55,4,94,21,102,111,128
126,107,64,14,51,127,124,15,54,137,75,12,100,148,40,136,27,121,129,39,135,83,118,147,58,23,31,95,44,74,65,47,138,9,81,72,104,17,30,134,70,139,59,89,37,116,32,145,102,48,10,25,5,128,67,86,122,112,71,73,7,92,22,117,131,87,33,28,57,56,19,63,4,79,108,94,78,114,77,1,13,99,46,96,68,43,50,82,6,91,41,149,49,76,103,36,18,146,98,93,101,106,16,42,90,88,144,38,69,140,2,66,80,113,53,111,105,45,97,123,20,130,8,11,85,3,132,120,24,34,35,141,143,110,119,55,142,125,61,52,60,133,0,115,84,21,62,26,29,109
15,31,11,28,59,55,145,66,95,38,85,34,21,130,121,107,123,110,48,112,7,73,49,24,108,60,82,9,62,80,98,46,147,144,23,138,118,47,119,128,16,72,129,79,18,42,57,140,127,113,135,126,134,58,1,143,61,4,103,120,142,41,10,44,139,6,74,136,70,93,101,19,29,0,25,3,105,111,125,94,92,124,77,20,114,132,22,50,141,89,75,104,33,83,35,148,115,39,76,30,146,51,117,106,109,65,40,97,100,14,86,32,149,36,17,63,8,71,78,45,2,26,122,43,69,81,12,13,102,37,68,116,52,5,64,91,90,137,53,54,84,87,67,99,131,27,96,133,56,88
115,26,133,38,108,97,25,96,77,36,67,24,50,104,73,117,12,123,80,4,134,128,147,82,10,89,34,143,94,39,33,29,8,119,61,106,99,60,14,35,57,144,131,110,85,102,145,148,2,63,23,6,113,116,72,137,109,1,107,129,103,40,51,17,53,32,95,44,136,88,41,30,87,111,126,146,71,11,112,43,27,69,58,140,124,79,56,122,22,19,91,105,46,98,127,48,16,59,54,81,125,55,75,31,121,118,5,76,64,139,141,132,49,62,149,84,9,101,130,13,52,42,47,3,114,37,135,120,28,45,138,68,92,142,65,66,21,20,15,78,70,86,0,74,83,18,93,90,7,100
12,78,105,92,28,79,19,74,39,9,53,1,147,43,88,123,23,118,16,112,42,89,57,47,84,44,124,141,146,113,114,76,120,11,0,73,46,93,109,125,135,40,5,21,72,48,95,38,7,41,100,66,121,87,103,143,129,98,35,81,97,130,3,108,50,134,132,2,140,145,32,75,96,69,36,61,31,106,90,56,116,10,30,34,45,26,62,83,139,68,22,82,80,122,149,67,33,144,128,104,29,70,63,20,131,13,8,107,17,65,142,138,99,102,115,94,27,136,64,18,60,52,6,133,91,55,58,148,77,119,110,59,71,101,127,14,15,24,86,137,49,117,111,51,37,4,25,85,126,54
3,139,19,94,87,97,96,54,59,0,126,71,124,6,15,130,49,86,12,142,143,75,103,23,14,147,38,36,113,4,61,125,48,8,127,81,134,52,128,104,88,10,55,42,140,79,34,73,69,53,118,123,68,122,25,135,149,120,58,65,66,99,27,37,76,74,112,77,80,21,31,100,41,91,110,109,57,105,102,67,115,17,39,60,131,2,117,136,56,46,72,7,70,20,111,106,51,84,26,137,24,95,93,45,44,78,9,146,101,144,28,11,119,82,116,148,141,62,40,85,33,107,114,43,16,47,98,13,133,145,18,50,22,83,35,32,30,132,138,64,1,108,121,92,5,90,63,29,129,89
64,41,40,132,117,5,88,120,98,49,92,109,30,108,143,99,131,101,72,128,26,9,62,138,33,113,133,104,78,139,38,103,148,129,106,20,59,107,137,47,12,94,146,15,119,141,0,83,36,57,34,14,136,149,125,142,79,21,45,110,17,77,130,80,114,90,10,6,71,7,3,55,76,145,95,32,70,63,91,22,2,140,93,31,134,121,16,102,46,124,75,13,37,97,43,96,144,135,116,28,73,123,115,8,127,67,61,58,122,65,35,23,126,147,81,25,100,18,52,82,1,66,29,56,105,50,39,54,51,74,112,48,4,60,44,111,68,86,11,84,89,85,19,118,24,53,87,27,69,42
129,118,90,63,24,28,98,82,120,50,135,30,46,87,44,34,74,124,104,142,103,38,51,133,23,18,149,96,122,62,12,19,60,41,6,136,49,13,106,3,4,15,88,89,5,17,80,91,137,71,83,39,125,35,128,141,7,64,36,75,58,147,22,2,72,27,29,56,40,68,67,92,126,10,132,52,66,113,16,31,53,61,109,32,99,97,9,37,143,116,121,130,119,138,8,123,77,0,134,25,117,107,112,140,78,70,43,148,115,86,85,21,54,145,33,101,111,84,79,45,76,14,20,93,131,146,47,65,114,127,95,26,42,139,100,108,102,73,1,110,94,69,144,81,55,59,105,48,11,57
149,146,71,38,139,118,87,102,128,147,62,113,0,72,135,133,42,24,35,138,21,49,14,53,12,97,19,30,77,60,46,112,16,92,88,10,86,31,99,82,91,96,94,22,124,136,103,20,48,54,57,90,140,127,131,104,84,59,107,47,78,129,119,61,51,58,37,130,23,121,36,50,32,115,45,65,105,80,134,83,101,117,33,143,55,44,41,40,76,6,9,98,69,122,137,13,109,25,114,5,17,63,64,148,125,4,56,79,39,70,141,66,93,142,95,11,29,145,106,85,26,100,67,68,132,8,28,116,15,7,43,126,1,34,73,52,111,81,3,123,74,110,2,75,27,89,108,144,18,120
123,55,97,98,134,84,107,126,122,45,31,104,130,128,140,131,146,149,12,127,66,1,27,106,5,11,34,40,93,81,70,102,144,145,137,82,25,35,78,116,133,91,115,7,6,38,15,65,100,51,3,118,101,143,72,92,29,90,56,54,112,20,62,148,46,9,79,16,120,58,0,42,147,60,105,96,121,28,114,108,117,87,77,113,49,136,64,73,33,95,8,63,18,69,48,14,50,10,125,2,132,110,59,141,53,83,76,61,135,88,75,41,111,22,43,17,99,85,139,80,44,124,47,119,138,39,68,37,67,13,32,4,21,109,94,19,26,24,36,52,129,89,74,57,23,103,71,142,30,86
119,124,93,144,102,75,20,46,55,42,69,45,77,63,127,120,115,88,82,108,138,84,70,38,128,66,98,99,60,36,78,97,71,137,8,73,114,16,29,135,3,112,101,134,92,142,65,68,129,85,19,31,21,136,7,86,14,122,148,89,81,32,51,43,90,145,2,147,13,117,62,6,59,149,106,15,111,10,56,1,40,95,105,130,83,44,109,30,126,22,23,64,11,80,34,100,28,57,91,72,24,25,12,39,87,110,18,37,116,74,9,0,113,47,17,125,132,96,58,140,103,94,118,76,27,123,53,52,5,35,54,107,143,67,133,79,4,33,104,139,121,61,131,49,48,41,50,26,141,146
147,29,10,126,83,90,60,72,26,36,104,93,18,22,98,142,68,140,94,39,13,69,75,46,65,59,52,0,9,113,80,2,19,66,137,33,117,99,50,45,144,30,132,34,103,139,6,42,121,48,55,54,1,96,41,105,97,11,84,79,63,53,101,20,86,133,108,102,74,123,23,81,62,118,67,85,110,141,27,77,128,120,44,71,100,131,146,127,17,51,107,31,109,12,37,149,32,138,58,5,106,82,145,35,57,24,8,111,16,87,78,49,124,25,112,134,130,115,43,14,70,148,76,40,15,38,47,89,95,56,92,136,88,7,3,119,61,28,135,125,4,73,116,64,91,21,122,114,143,129
124,32,74,131,116,93,97,70,35,130,115,89,19,114,24,25,79,34,144,128,129,145,59,58,140,106,43,83,82,5,62,27,109,50,77,49,15,42,26,112,100,66,108,110,52,9,99,119,55,61,98,14,149,31,38,91,87,39,0,72,28,68,6,12,139,126,33,113,17,64,118,46,136,36,65,23,123,8,29,10,76,73,88,135,57,41,67,51,94,37,148,92,147,7,84,105,122,143,71,1,44,2,132,45,47,21,134,101,40,102,22,125,90,117,120,107,13,104,78,11,63,103,30,142,141,53,18,56,60,146,48,133,137,75,138,16,95,4,111,20,81,121,54,96,85,69,3,80,127,86
111,75,68,81,7,135,74,22,38,140,136,131,33,87,78,133,13,50,93,1,95,20,55,116,45,114,120,28,89,138,48,15,18,103,126,26,143,62,141,29,73,31,77,11,127,149,79,46,32,59,57,98,41,44,37,80,129,36,8,54,90,117,9,118,25,63,123,51,10,142,6,24,144,106,112,67,72,5,85,148,134,97,125,84,17,61,56,82,102,23,39,40,107,34,94,124,88,58,130,109,19,145,119,100,122,99,21,92,64,139,35,12,60,3,86,132,43,115,121,101,42,71,96,137,83,108,2,53,105,76,27,16,49,104,0,146,110,91,113,47,69,4,65,14,66,30,147,128,52,70
90,85,119,57,86,146,43,16,83,109,66,15,80,64,122,38,11,71,99,148,73,84,103,62,48,130,89,133,13,51,74,75,87,28,140,1,113,3,22,149,68,2,111,39,142,29,6,47,72,96,136,40,0,108,94,105,107,112,145,101,88,5,35,132,127,50,25,23,19,137,120,114,93,33,30,58,123,10,100,44,31,144,63,61,18,27,41,53,36,143,9,81,124,8,14,45,52,17,54,92,126,20,67,116,76,4,82,77,118,56,42,59,69,131,128,135,138,141,139,102,32,70,46,110,129,125,104,12,21,106,97,147,91,60,95,24,55,79,78,49,37,98,134,115,121,7,34,65,117,26
20,137,5,60,0,42,131,63,21,9,144,93,85,47,80,110,126,52,124,92,1,11,74,73,46,140,109,132,45,111,100,78,13,36,8,130,53,102,25,12,34,55,32,138,79,10,136,97,120,99,141,71,57,67,59,75,118,65,16,41,98,28,115,22,121,84,4,106,143,27,91,86,64,17,117,148,2,149,101,6,82,54,108,145,129,72,58,40,133,105,38,26,128,15,51,81,56,125,62,119,122,31,68,14,89,113,70,69,87,23,135,43,39,48,37,7,76,147,77,127,116,44,96,18,24,107,134,142,83,94,88,19,95,123,90,103,49,104,61,139,35,112,3,50,66,146,30,29,114,33
94,81,44,57,1,103,99,47,20,120,23,16,53,96,78,56,9,54,139,73,104,89,42,34,123,5,140,116,131,145,10,100,102,110,121,4,146,98,52,62,113,72,68,48,125,87,141,114,84,70,11,7,101,28,79,111,74,86,97,50,80,130,25,8,63,31,26,58,95,112,149,49,35,67,40,147,142,45,69,132,135,2,109,51,119,33,19,29,77,129,83,13,15,122,75,106,24,107,18,136,41,134,148,143,46,82,71,85,39,59,66,0,90,65,115,137,108,92,32,27,60,64,76,117,124,14,6,22,88,21,38,12,128,144,43,3,37,17,133,127,61,91,138,126,30,105,55,36,118,93
