0,1,2,3,4,5,6,7,8,9,10,11,12,13,14,15,16,17,18,19,20,21,22,23,24,25,26,27,28,29,30,31,32,33,34,35,36,37,38,39,40,41,42,43,44,45,46,47,48,49,50,51,52,53,54,55,56,57,58,59,60,61,62,63,64,65,66,67,68,69,70,71,72,73,74,75,76,77,78,79,80,81,82,83,84,85,86,87,88,89,90,91,92,93,94,95,96,97,98,99
0,1,76,3,64,5,6,7,8,9,23,10,12,13,14,15,16,17,2,19,20,21,22,70,24,25,26,27,28,29,30,31,32,33,34,35,36,37,38,39,40,41,42,43,44,45,46,47,48,49,50,51,52,53,54,55,56,57,58,59,60,61,62,63,11,65,66,67,68,69,18,71,72,73,74,75,87,77,78,79,80,81,82,83,84,85,86,4,88,89,90,91,92,93,94,95,96,97,98,99
0,1,76,3,64,5,6,7,8,9,23,10,12,13,14,15,16,17,2,19,20,21,22,70,24,25,26,27,28,29,30,31,32,33,34,35,11,42,38,39,40,41,78,43,44,45,52,47,48,49,50,51,87,54,46,55,56,57,58,59,60,61,62,63,36,65,66,67,68,69,18,71,72,73,74,75,37,77,53,79,80,81,82,83,84,85,86,4,88,89,90,91,92,93,94,95,96,97,98,99
0,1,76,3,64,60,6,7,8,9,23,10,12,13,14,15,16,17,2,19,20,21,22,70,24,25,26,27,28,29,30,31,57,33,34,35,11,42,38,39,40,41,78,43,44,45,52,47,32,49,50,51,87,54,46,55,56,80,58,59,81,61,62,63,36,65,66,48,68,69,18,71,72,73,74,75,37,77,53,79,5,67,82,83,85,84,86,4,88,89,90,91,92,93,94,95,96,97,98,99
0,1,76,3,64,60,6,7,8,9,23,10,12,13,43,15,16,17,2,19,20,21,22,70,24,25,26,27,36,29,30,62,57,33,34,35,11,42,38,39,40,41,78,28,44,45,52,47,32,49,14,51,87,54,46,55,56,80,58,18,81,61,89,63,50,65,66,48,68,69,31,71,72,73,74,75,37,77,53,79,5,67,82,83,85,84,86,4,88,59,90,91,92,93,94,95,96,97,98,99
0,94,76,3,64,60,6,7,8,9,23,10,12,56,90,15,16,13,2,19,20,21,22,70,24,65,26,27,36,29,30,62,57,33,34,35,11,42,38,39,40,41,78,28,44,45,52,47,32,49,14,51,87,54,46,55,17,80,58,18,81,61,89,63,50,1,66,48,68,69,31,71,72,73,74,75,37,77,53,79,5,67,82,25,85,84,86,4,88,59,83,91,92,93,43,95,96,97,98,99
0,94,76,3,64,60,6,7,93,9,23,10,12,56,18,15,16,8,2,13,20,21,22,70,90,65,26,27,36,29,30,62,57,33,34,35,19,42,38,39,40,41,78,28,44,45,52,47,32,49,14,51,87,54,46,55,17,80,58,88,81,61,89,63,50,11,66,48,68,69,31,71,72,73,74,75,37,77,53,79,5,67,82,25,85,84,86,4,24,59,83,91,92,1,43,95,96,97,98,99
0,94,76,3,64,60,6,7,93,9,23,10,12,56,18,15,16,8,2,13,20,21,22,70,90,65,26,77,36,29,27,62,52,33,34,35,19,96,38,39,40,41,78,30,44,45,28,47,32,49,14,43,87,54,46,55,17,80,58,88,81,61,89,63,50,11,66,48,68,69,31,71,72,73,74,75,37,51,53,79,5,67,82,25,85,84,86,4,24,59,83,91,92,1,42,95,57,97,98,99
0,94,78,23,64,60,6,7,93,9,76,10,27,56,18,15,16,8,2,13,20,11,22,70,90,65,26,77,36,29,73,62,52,33,34,35,19,96,38,39,40,41,14,30,44,45,28,47,32,49,12,43,87,54,46,55,17,80,58,88,81,61,89,63,50,21,66,48,68,69,31,71,72,3,74,75,37,51,53,79,5,67,82,25,85,84,86,4,24,59,83,91,92,1,42,95,57,97,98,99
0,94,78,23,64,60,49,7,93,9,76,10,8,56,81,15,16,75,2,13,20,11,22,70,90,65,26,77,36,69,73,62,52,33,34,35,19,96,38,39,40,41,14,30,44,45,28,47,32,6,12,43,87,54,46,55,17,80,58,88,27,61,89,63,50,21,66,48,68,29,31,71,72,3,74,25,37,51,53,79,5,67,82,18,85,84,86,4,24,59,83,91,92,1,42,95,57,97,98,99
0,94,78,23,64,60,49,7,93,9,76,10,8,56,81,28,16,75,2,13,20,11,17,70,83,65,26,77,36,69,73,62,52,33,90,35,19,96,38,39,40,41,14,30,44,45,95,47,32,6,12,43,87,54,46,55,27,80,58,88,86,61,89,63,50,21,66,48,68,29,31,71,72,3,74,25,37,51,53,79,5,67,82,18,85,84,15,4,24,59,34,91,92,1,42,22,57,97,98,99
0,94,78,23,64,15,49,7,11,9,76,10,8,56,81,28,16,75,2,13,20,29,17,70,83,65,26,77,36,69,73,62,52,33,90,35,19,96,12,39,40,41,93,30,44,45,95,47,32,6,1,43,87,54,46,55,27,80,58,88,86,61,89,63,50,21,66,48,68,71,31,38,72,3,74,25,37,51,53,79,5,67,82,18,85,84,60,4,24,59,34,91,92,14,42,22,57,97,98,99
0,94,78,60,64,15,49,7,11,9,76,10,8,56,81,28,16,75,2,13,20,23,17,30,97,65,21,77,36,69,73,62,52,33,90,35,29,96,12,39,40,41,93,26,44,45,95,47,32,6,1,43,87,54,46,55,27,80,58,88,86,61,89,63,50,19,66,48,68,71,31,38,72,3,74,25,37,51,53,79,5,67,82,18,85,84,83,4,24,59,34,91,92,14,42,22,57,70,98,99
0,94,78,60,64,15,55,7,49,9,76,36,8,56,81,28,16,75,2,13,20,23,17,30,97,65,21,77,11,69,73,62,52,33,90,35,29,96,12,39,40,41,93,26,44,45,83,10,32,6,1,43,87,54,46,95,27,80,58,88,86,61,89,63,50,19,66,48,68,71,31,38,72,3,74,25,37,51,53,79,5,67,82,57,85,84,18,4,24,59,34,91,92,14,42,22,47,70,98,99
0,14,78,60,64,94,55,7,49,9,76,36,8,57,81,10,16,75,2,13,20,23,17,30,97,56,21,77,11,69,73,62,52,33,90,35,29,96,12,39,40,41,93,26,44,89,83,65,32,6,1,43,87,54,46,95,27,80,58,88,86,61,28,63,50,19,66,48,68,71,31,38,72,3,74,25,37,51,53,79,5,67,82,45,85,84,18,4,24,59,34,91,92,15,42,22,47,70,98,99
0,14,78,60,64,94,84,7,49,9,76,36,90,57,81,23,16,75,2,13,20,26,17,21,97,56,8,77,11,69,73,62,52,33,55,35,29,96,12,39,40,41,93,37,44,89,83,65,32,6,1,43,87,54,46,95,27,80,58,88,86,61,28,63,50,19,66,48,68,71,31,38,72,3,74,25,30,51,53,79,5,67,82,45,85,10,18,4,24,59,34,91,92,15,42,22,47,70,98,99
0,14,78,60,64,94,84,7,49,9,76,36,90,71,81,53,16,75,2,13,77,26,17,21,97,56,8,23,11,69,73,62,52,33,55,35,29,40,12,39,20,41,93,37,44,89,83,57,32,6,1,96,87,54,46,95,27,80,58,88,86,61,28,63,50,19,66,48,68,65,31,38,72,3,74,25,30,51,43,79,5,67,82,45,85,10,18,4,24,59,34,91,92,15,42,22,47,70,98,99
0,14,8,60,64,94,84,7,49,9,76,36,90,71,81,53,16,75,2,13,77,26,17,21,3,56,86,23,11,69,73,62,52,33,55,35,29,40,12,39,20,41,97,24,44,89,83,57,32,6,1,96,87,54,46,95,27,80,93,88,92,61,28,63,50,19,66,48,68,65,31,38,72,78,74,25,30,51,43,79,5,67,82,45,85,10,18,4,58,59,34,91,37,15,42,22,47,70,98,99
0,14,8,60,64,94,84,7,49,9,76,36,90,71,81,53,16,75,2,13,77,26,17,21,3,85,46,23,99,69,73,12,52,33,55,35,29,40,56,39,20,41,97,24,44,11,83,57,86,6,1,96,87,54,89,95,27,80,93,88,92,61,28,63,50,19,66,48,68,65,31,38,72,78,74,25,30,51,43,79,5,67,82,45,32,10,18,4,58,59,34,91,37,15,42,22,47,70,98,62
0,14,8,60,88,94,84,7,49,9,76,36,90,71,81,53,16,75,2,13,45,26,17,64,3,85,46,23,99,69,73,12,52,33,55,19,29,40,56,39,20,41,97,24,44,11,83,57,86,6,1,96,87,54,89,95,27,80,93,68,92,61,28,35,50,63,66,48,21,65,31,38,72,78,74,25,30,51,43,79,5,67,82,70,32,10,18,4,58,59,34,91,37,15,42,22,47,77,98,62
0,14,15,60,99,11,84,7,49,9,76,36,90,71,81,53,16,75,2,13,45,26,17,64,3,85,46,23,4,69,73,12,52,33,55,19,29,40,56,39,20,41,97,24,44,32,8,57,86,6,1,96,87,54,89,95,27,80,88,68,92,61,28,35,50,63,66,48,21,65,31,38,72,78,74,25,30,51,43,79,5,67,82,70,83,10,18,94,58,59,34,91,37,93,42,22,47,77,98,62
0,14,15,60,99,11,84,7,54,9,76,36,90,71,81,53,16,75,2,13,45,23,17,56,3,85,46,64,4,69,73,12,52,33,55,19,29,40,59,39,27,41,97,24,44,32,8,57,86,6,1,96,87,28,89,95,20,80,88,68,92,61,49,35,50,63,66,48,21,65,31,38,72,78,74,25,30,51,43,79,5,67,82,70,83,10,18,94,58,26,34,91,37,93,42,22,47,77,98,62
0,14,15,60,99,11,84,7,54,9,76,36,90,46,81,53,16,75,2,13,45,23,17,56,3,85,52,37,4,69,73,12,19,33,55,59,29,40,74,39,27,41,97,24,44,32,8,57,86,6,1,96,87,28,89,95,20,80,88,68,92,61,49,35,50,63,66,48,21,34,31,38,72,78,64,25,30,51,43,79,5,67,82,70,83,10,18,94,58,26,71,91,65,93,42,22,47,77,98,62
0,67,15,60,99,11,93,7,54,9,76,36,90,46,81,53,16,75,2,13,45,89,17,56,3,85,52,37,4,28,73,12,19,33,55,59,29,40,74,39,97,41,69,24,44,32,8,57,86,6,1,96,87,14,27,95,20,80,88,68,92,61,49,35,50,63,66,48,21,34,31,38,72,78,64,25,30,51,43,79,5,84,82,70,83,10,18,94,58,26,71,91,65,23,42,22,47,77,98,62
0,67,15,60,99,11,93,7,54,9,76,36,90,46,81,53,16,75,2,13,45,89,17,56,3,85,52,37,4,28,78,12,19,33,55,18,29,40,21,39,97,59,69,24,44,32,73,57,86,74,1,96,6,14,27,95,20,80,88,68,92,61,49,35,50,63,66,48,41,34,31,38,72,87,64,25,30,51,43,79,5,84,82,70,83,10,8,94,58,26,71,91,65,23,42,22,47,77,98,62
0,67,63,60,99,11,93,7,54,9,76,36,95,46,81,53,16,75,2,13,45,89,17,56,3,85,52,37,4,28,78,12,19,33,55,18,29,40,21,39,97,59,69,24,44,32,42,57,86,41,1,96,6,14,27,43,20,80,88,68,92,61,49,35,50,73,66,48,74,34,31,38,72,87,64,25,30,51,5,79,90,84,82,70,83,10,8,94,58,26,71,91,65,23,15,22,47,77,98,62
0,67,63,60,99,71,93,7,54,9,76,36,95,46,81,53,33,75,2,13,45,89,17,56,3,85,52,37,4,68,78,12,19,41,55,18,29,40,21,39,97,59,16,24,44,32,42,57,86,61,1,96,6,14,27,43,20,80,88,28,92,69,49,35,50,73,66,48,74,34,31,38,72,87,64,25,30,11,5,79,90,84,82,70,83,10,8,94,58,26,51,91,65,23,15,22,47,77,98,62
0,67,63,60,99,71,93,7,54,9,76,36,95,46,81,53,33,75,2,13,45,89,17,56,3,85,52,37,4,68,78,12,19,41,34,18,29,40,21,39,97,59,16,24,44,32,42,57,86,61,1,96,6,14,27,43,62,50,88,28,92,69,80,35,20,73,66,48,74,49,31,38,72,87,55,25,30,11,5,79,90,84,23,70,83,10,8,94,58,26,51,91,65,82,15,22,47,77,98,64
0,21,63,60,99,71,93,7,54,9,76,36,95,46,81,53,33,75,2,13,45,89,17,56,3,85,52,37,4,68,78,12,19,41,34,18,29,40,86,39,97,80,16,24,44,32,42,57,27,61,1,96,6,14,28,43,62,50,88,67,92,69,59,35,20,65,66,48,74,49,31,38,73,87,55,25,30,11,5,79,90,84,23,70,83,10,8,94,58,26,51,91,72,82,15,22,47,77,98,64
0,21,74,60,99,71,93,7,54,9,76,36,95,46,81,53,33,75,2,13,45,89,17,56,87,85,52,37,4,68,78,12,19,55,34,18,29,40,86,39,97,80,16,24,44,32,42,57,27,61,43,96,6,14,28,3,62,50,88,67,92,69,59,35,20,65,66,48,63,49,31,38,41,10,1,25,30,11,5,79,90,84,23,70,83,73,8,94,58,26,51,91,72,82,15,22,47,77,98,64
0,21,74,60,99,71,93,7,49,9,76,36,82,46,81,53,33,75,2,13,45,89,17,18,87,85,52,37,4,68,78,12,19,55,34,54,29,40,86,39,97,80,72,24,44,32,42,57,95,61,43,96,6,14,28,3,62,50,88,67,92,69,59,35,20,65,66,48,63,27,31,38,41,10,1,25,30,11,5,79,90,84,23,70,83,73,8,16,58,26,51,91,56,94,15,22,47,77,98,64
0,21,74,60,99,71,39,7,49,9,76,36,82,41,81,53,33,61,2,13,45,89,17,18,87,85,52,37,4,68,78,12,19,55,34,54,29,40,86,75,97,80,72,24,44,32,42,57,95,90,43,96,6,14,28,3,62,79,88,67,92,69,59,35,20,65,66,48,63,27,31,38,46,10,1,25,30,11,5,73,50,84,23,70,83,93,8,16,58,26,51,91,56,94,15,22,47,77,98,64
0,21,74,60,99,71,39,7,49,9,76,36,82,41,81,53,33,61,2,13,45,89,17,18,87,57,52,37,4,68,78,12,19,55,34,54,29,90,86,75,67,40,72,24,44,32,42,85,95,48,43,96,6,14,28,3,62,79,88,80,92,69,59,35,20,65,66,91,63,27,31,38,46,10,1,25,97,11,5,73,50,84,23,70,83,93,8,16,58,26,51,30,56,94,15,22,47,77,98,64
0,21,74,60,99,71,39,7,49,9,76,65,82,41,81,53,33,1,2,13,45,89,17,18,87,28,52,37,4,68,78,12,19,55,34,54,29,90,86,75,67,40,72,24,44,32,42,85,95,48,43,96,91,14,57,3,62,79,88,80,6,69,59,35,20,23,66,92,63,27,31,38,46,10,36,25,97,11,5,73,50,84,61,70,83,93,8,16,58,26,51,30,56,94,15,22,47,77,98,64
0,14,99,60,40,71,39,7,49,9,76,65,82,41,81,53,33,1,2,13,45,89,91,18,87,28,52,37,4,68,78,12,19,55,34,54,29,90,86,75,67,10,72,24,44,32,42,85,95,48,43,96,21,74,57,3,62,79,88,80,6,69,59,17,20,23,66,35,63,27,31,38,46,92,36,25,97,11,5,73,50,84,61,70,83,93,8,16,58,26,51,30,56,94,15,22,47,77,98,64
0,14,99,60,40,71,39,30,49,9,76,65,82,41,81,53,33,1,2,13,45,7,91,18,87,28,52,37,4,68,78,12,19,55,34,54,29,90,86,75,67,10,72,24,44,32,42,85,84,48,43,96,21,74,70,3,62,79,88,89,6,69,59,17,20,23,66,80,63,27,31,38,46,92,36,95,97,11,5,73,50,25,61,35,83,93,8,16,58,26,51,57,56,94,15,22,47,77,98,64
0,70,99,60,40,71,39,30,49,9,76,65,82,41,81,33,14,1,2,13,45,7,91,18,87,28,52,37,4,68,78,89,19,55,34,54,29,90,35,75,67,10,72,24,44,32,42,85,84,48,43,96,21,74,27,3,62,79,88,53,6,69,59,17,20,23,66,80,63,86,31,38,46,92,36,95,97,11,5,73,50,25,61,26,83,93,8,16,58,12,51,57,56,94,15,22,47,77,98,64
0,70,99,60,40,71,39,30,49,9,76,65,82,41,81,33,14,1,2,13,45,7,91,18,87,28,52,37,5,68,78,89,19,55,34,54,50,90,35,29,20,10,72,24,44,32,42,85,84,48,43,96,21,74,27,3,62,79,4,53,6,69,59,17,92,23,66,80,63,86,31,38,46,67,36,95,88,11,75,73,97,25,61,26,83,93,8,16,58,12,51,57,56,94,15,22,47,77,98,64
0,70,99,60,40,71,58,30,15,9,76,65,82,41,81,33,14,1,2,13,45,7,91,18,87,28,52,37,5,68,78,89,19,64,34,49,50,90,35,29,20,10,72,24,44,32,42,85,84,48,54,96,21,74,27,3,62,79,4,53,55,69,59,17,92,23,66,80,63,86,31,38,46,67,36,95,88,11,75,73,97,25,61,26,83,93,8,16,77,12,51,57,56,94,6,22,47,39,98,43
0,70,99,60,40,71,58,30,15,9,76,65,82,41,81,33,14,1,2,13,45,7,91,18,87,28,52,37,5,68,78,89,19,64,34,49,50,90,35,29,20,10,72,36,44,32,24,62,84,48,54,96,21,74,27,3,8,79,4,53,55,69,59,85,92,83,66,80,63,86,31,38,17,67,42,95,88,11,75,73,97,25,61,26,46,93,23,16,77,12,51,57,56,94,6,22,47,39,98,43
0,70,99,60,40,71,58,30,15,9,63,65,82,41,81,33,14,1,2,13,45,7,91,22,87,28,52,37,5,4,78,89,19,64,34,49,50,51,35,29,20,10,72,36,44,32,24,62,84,48,54,96,21,74,27,3,8,79,68,53,55,69,59,85,92,83,66,80,90,86,31,38,17,67,42,95,88,6,75,73,97,25,61,26,46,93,23,16,77,12,11,57,56,94,18,76,47,39,98,43
0,70,99,27,40,71,58,30,2,9,63,65,82,77,81,33,14,1,24,13,45,7,91,22,87,28,52,37,5,4,78,89,19,64,34,49,50,51,35,29,20,10,72,97,44,32,48,62,84,36,54,96,21,74,15,3,8,79,68,53,55,69,59,85,92,83,66,80,90,86,31,38,17,67,42,95,88,6,75,73,41,25,61,26,46,93,23,16,60,12,11,57,56,94,18,76,47,39,98,43
0,70,99,27,40,71,58,30,2,9,63,38,82,77,81,33,14,1,24,13,45,7,93,22,87,28,52,37,5,4,78,89,19,64,34,49,50,51,35,29,20,10,72,97,44,32,48,62,84,36,54,96,21,74,15,90,8,79,68,3,55,69,59,85,92,83,66,80,61,86,31,65,17,67,42,95,88,6,75,73,41,47,25,26,46,53,23,16,60,12,11,57,56,94,18,76,91,39,98,43
0,70,99,27,40,71,58,30,2,9,63,38,82,77,75,33,14,54,24,13,45,7,93,22,87,28,52,37,5,4,44,89,19,64,34,49,50,51,35,29,20,10,72,97,78,32,48,62,84,36,21,96,81,74,15,90,8,79,68,3,55,69,59,42,92,83,66,80,61,86,31,65,17,67,85,95,88,6,12,73,41,47,25,26,46,53,23,16,60,1,11,57,56,94,18,76,91,39,98,43
0,70,99,27,40,13,25,30,2,9,63,38,37,77,75,33,14,54,24,71,45,7,93,22,87,58,52,23,5,4,44,89,19,64,34,49,50,51,35,29,20,10,72,97,78,32,48,62,84,36,21,96,81,74,15,90,8,79,68,3,82,69,59,42,92,83,66,80,61,86,31,65,17,67,28,95,88,6,12,73,41,47,55,26,46,53,85,16,60,1,11,57,56,94,18,76,91,39,98,43
0,70,99,27,40,13,25,30,2,9,63,38,37,60,75,33,14,54,24,71,28,7,93,22,87,58,52,23,5,4,44,89,19,96,34,49,50,51,88,29,20,10,72,97,78,32,48,62,84,36,21,77,81,74,15,90,8,79,64,3,82,69,59,42,92,83,66,80,61,86,31,65,17,67,98,95,45,6,12,73,41,47,55,26,46,53,85,16,35,1,11,57,56,94,18,76,91,39,68,43
0,70,99,27,40,13,25,30,2,9,63,38,37,60,75,33,18,54,24,71,28,66,93,68,12,58,52,23,5,4,44,89,19,96,34,49,50,51,88,22,20,10,72,97,78,32,48,62,84,36,21,77,81,74,15,90,8,79,64,3,82,69,59,42,92,83,29,80,61,86,31,65,17,67,98,95,45,6,1,73,41,47,55,26,46,53,85,16,35,14,11,57,56,94,7,76,91,39,87,43
0,24,99,27,40,13,25,30,2,9,63,84,37,60,75,33,83,54,78,71,28,66,93,68,12,38,52,23,5,4,44,89,19,96,34,49,50,51,88,22,20,10,72,97,18,32,48,62,58,36,21,77,81,74,15,90,8,79,64,3,82,69,59,42,92,95,29,80,61,86,31,65,17,67,98,46,45,6,1,73,41,47,55,26,70,53,85,16,35,14,11,57,56,94,7,76,91,39,87,43
0,24,99,27,40,13,25,30,2,9,63,84,19,60,75,33,83,54,78,71,28,66,93,68,12,38,52,23,5,4,48,89,1,96,34,49,50,51,88,22,20,10,72,97,18,32,37,62,58,36,21,77,81,74,15,90,8,79,64,3,82,69,59,73,92,95,29,80,61,86,31,41,17,67,98,46,45,6,39,42,44,47,55,26,70,53,85,16,35,14,11,57,56,94,7,76,91,65,87,43
0,24,99,27,40,13,25,30,2,9,63,84,19,60,75,33,83,54,78,71,18,66,93,68,92,38,52,23,5,4,48,89,1,96,34,49,50,51,88,22,20,10,72,97,55,32,37,62,58,36,21,77,81,74,15,90,8,79,82,3,86,69,59,73,7,95,29,80,61,64,31,41,12,67,98,46,45,6,39,42,44,47,28,26,70,53,85,16,35,14,11,57,56,94,17,76,91,65,87,43
0,24,99,27,40,13,25,30,2,78,63,84,19,59,75,33,83,54,53,71,18,66,93,68,60,38,52,23,79,4,48,89,1,96,34,49,50,51,88,22,20,10,72,97,55,32,37,62,58,36,21,77,81,74,15,90,8,76,82,3,86,69,9,73,7,95,29,80,61,64,31,41,12,67,98,46,45,6,39,42,44,47,28,26,5,70,85,16,35,14,11,57,56,94,17,92,91,65,87,43
0,24,99,33,40,13,25,30,2,78,63,84,19,59,75,20,83,54,53,71,18,66,93,68,49,38,52,23,79,4,48,89,1,96,34,37,50,51,88,22,82,10,72,97,55,32,27,62,58,36,21,77,65,74,15,90,8,76,60,81,86,69,9,73,7,95,29,80,61,64,31,41,12,67,98,46,45,6,39,42,44,47,28,26,5,70,85,16,35,14,11,57,56,94,17,92,91,3,87,43
86,24,99,33,40,13,25,30,2,78,63,84,19,59,75,20,83,54,53,71,18,66,93,68,49,38,52,23,79,4,48,89,1,96,34,37,50,43,88,22,64,10,72,97,55,32,27,62,58,36,21,77,65,74,15,90,8,51,60,81,76,69,9,73,7,95,29,80,61,0,31,41,12,67,45,46,98,82,39,42,44,47,28,26,5,70,85,16,35,14,11,57,56,94,17,92,91,3,87,6
81,24,99,33,40,13,25,30,2,78,61,84,86,59,75,20,83,54,71,19,18,66,93,68,49,38,52,23,79,4,48,89,1,96,34,37,50,53,88,22,64,10,72,97,55,32,27,62,58,36,21,77,65,74,15,90,8,51,60,91,76,69,9,73,7,95,29,80,43,0,31,41,12,67,45,46,98,82,39,42,44,47,28,26,5,70,85,16,63,14,11,57,56,94,17,92,35,3,87,6
81,24,99,33,40,13,25,80,2,78,61,84,86,59,75,20,83,54,71,19,18,66,93,68,49,38,52,23,79,4,48,89,1,96,34,37,50,53,88,22,64,58,72,91,55,32,27,62,92,36,21,77,65,41,15,90,8,51,60,97,76,69,9,73,7,74,29,95,43,0,31,10,12,67,45,46,98,82,39,42,44,47,28,26,5,70,85,16,63,14,11,57,56,94,17,30,35,3,87,6
81,24,99,33,40,13,25,80,2,78,61,44,86,59,75,20,83,54,71,19,18,66,93,68,49,38,84,82,17,4,48,89,1,96,34,37,50,53,88,22,64,58,72,91,55,32,27,62,92,36,21,77,65,41,15,90,8,51,60,97,76,69,9,73,7,35,29,95,52,0,31,10,12,67,45,46,98,79,39,42,23,47,28,26,5,70,85,16,63,14,11,57,56,94,74,30,43,3,87,6
81,24,84,33,40,12,25,80,2,78,61,44,86,59,13,20,83,54,71,19,18,66,93,68,45,38,29,82,17,4,48,89,1,96,34,37,50,53,88,22,64,58,72,91,55,32,27,62,92,36,21,49,65,41,15,90,8,51,60,97,76,69,9,73,7,35,99,95,52,0,31,10,77,67,47,46,98,79,39,42,23,75,28,26,5,70,85,16,63,14,11,57,56,94,74,30,43,3,87,6
81,24,84,33,40,12,25,80,2,78,74,44,86,59,13,20,83,77,71,19,18,66,93,96,45,38,29,82,17,4,48,89,1,91,34,37,50,53,88,22,64,58,72,68,55,32,27,62,61,36,16,49,65,41,15,90,8,51,60,97,76,69,9,73,7,35,99,95,52,0,31,10,92,67,47,46,98,79,39,42,23,75,28,26,5,70,85,54,63,14,11,57,56,94,21,30,43,3,87,6
81,24,89,33,40,12,25,80,2,78,74,44,86,59,13,20,83,77,71,19,18,66,93,96,45,6,29,82,17,4,48,92,1,91,34,37,50,53,88,57,64,58,72,68,55,32,8,62,61,36,16,49,65,41,15,90,84,51,60,97,22,69,9,73,7,35,99,95,52,0,31,10,27,67,47,46,98,79,39,42,23,75,28,26,5,70,85,54,63,14,11,38,56,94,21,30,43,3,87,76
81,24,89,33,40,12,93,80,2,78,74,44,86,59,13,25,83,77,71,19,18,66,85,96,45,6,29,82,17,4,48,92,1,91,34,37,50,53,88,57,64,58,72,68,55,32,8,62,61,36,16,52,65,41,15,90,84,51,60,97,22,69,9,49,7,35,99,95,73,0,31,10,27,38,47,46,98,79,39,42,23,75,28,26,5,70,20,67,63,14,11,54,56,94,21,30,43,3,87,76
81,24,89,33,82,12,93,80,2,78,74,44,86,59,13,25,83,77,71,19,18,66,85,96,45,6,29,40,17,4,48,76,1,91,34,37,50,53,88,57,64,58,72,7,55,32,8,62,61,36,16,52,65,41,15,90,84,51,60,97,22,69,9,49,92,35,99,54,68,0,73,10,27,38,47,46,98,79,39,42,23,75,28,26,5,70,20,67,63,14,11,95,56,94,21,30,43,3,87,31
81,24,89,33,82,12,93,80,2,78,74,44,86,59,13,25,83,77,71,88,18,66,85,96,45,6,29,40,17,4,48,76,1,91,34,37,50,53,79,57,64,58,72,7,49,32,8,62,61,54,16,52,65,41,15,90,84,51,60,55,22,69,9,3,92,35,99,36,68,0,73,10,27,38,47,46,98,94,39,42,23,75,28,26,5,70,20,67,63,14,11,95,56,97,21,30,43,19,87,31
81,24,89,33,82,12,93,80,2,78,74,44,86,59,13,25,83,77,71,88,18,66,85,96,45,6,29,40,17,4,53,76,1,91,34,37,50,35,79,57,11,58,72,7,48,32,64,62,61,73,16,52,65,41,15,90,84,51,60,55,22,69,9,3,92,54,99,36,68,0,8,10,27,38,47,46,98,94,39,42,23,75,28,26,5,70,20,67,63,14,19,95,56,97,21,30,43,49,87,31
81,24,71,74,82,12,93,80,2,73,5,44,86,59,13,25,83,77,79,88,18,66,85,96,45,6,89,40,17,4,53,76,1,91,34,37,50,35,29,57,11,58,72,7,48,32,64,62,61,39,16,52,65,41,15,90,84,51,60,55,22,69,9,3,92,54,99,36,68,0,8,10,27,38,47,46,98,94,33,42,23,75,28,26,78,70,20,67,63,14,19,95,56,97,21,30,43,49,87,31
81,24,71,74,82,12,93,58,2,73,5,44,86,59,13,25,83,77,79,88,18,66,85,96,45,6,89,40,17,4,53,76,1,91,34,37,32,35,29,57,11,39,72,7,48,50,64,62,61,68,54,52,65,41,46,90,84,51,60,55,22,69,9,3,92,80,99,36,16,0,8,10,27,38,47,15,98,94,33,42,23,75,28,26,78,70,20,67,63,14,19,95,56,97,21,30,43,49,87,31
81,24,71,74,82,12,93,58,2,73,5,44,86,59,13,25,83,77,79,88,18,66,85,96,45,6,89,40,17,4,53,76,1,91,34,23,32,35,29,57,11,39,72,7,48,50,64,62,61,68,60,52,65,41,46,90,84,51,54,55,22,69,9,3,92,80,38,56,16,0,8,10,27,30,47,15,98,99,33,42,94,75,28,26,78,70,20,67,63,14,19,95,36,97,21,37,43,49,87,31
52,81,24,74,82,12,93,58,37,73,5,44,86,59,13,25,83,77,79,88,18,66,85,96,45,2,89,40,17,4,53,76,1,91,34,23,32,35,29,57,11,39,71,7,48,50,64,62,61,68,60,41,65,6,46,90,84,51,54,55,22,69,9,3,92,80,38,56,16,0,8,10,27,30,47,15,98,99,33,42,94,75,28,26,78,70,20,67,63,14,19,72,36,97,21,95,43,49,87,31
52,81,24,74,82,12,76,58,37,73,5,44,86,59,13,25,83,77,23,8,18,66,85,96,45,2,89,88,17,4,53,19,1,91,34,6,32,35,29,57,11,39,71,7,48,50,64,62,61,68,60,41,65,69,46,90,84,51,54,55,22,40,9,3,92,80,38,56,16,0,79,10,27,30,47,15,98,99,33,42,94,75,28,26,78,70,20,67,63,14,93,72,36,97,21,95,43,49,87,31
52,81,24,74,82,12,76,58,37,73,5,89,86,59,13,25,83,77,23,8,18,66,85,96,45,2,78,88,17,4,53,19,1,91,34,29,32,35,64,57,11,39,71,7,48,50,79,62,61,68,15,41,65,69,46,90,60,51,54,55,22,40,9,3,92,80,38,56,16,0,84,10,27,30,47,6,98,99,33,42,94,75,28,26,44,70,20,67,63,14,93,72,36,97,21,95,43,49,87,31
48,81,95,74,82,12,76,58,37,73,5,89,86,59,13,25,83,77,23,8,18,66,85,96,45,2,78,88,17,4,53,19,1,91,34,52,32,35,64,57,11,39,71,7,94,50,79,62,61,68,30,41,65,69,46,90,60,51,54,55,29,40,9,3,92,80,38,56,16,0,84,10,27,15,47,6,98,99,33,42,22,75,28,26,44,70,20,67,63,14,93,72,24,97,21,36,43,49,87,31
48,81,95,74,0,12,76,58,37,73,5,89,86,59,13,25,88,77,23,8,18,66,85,96,45,2,78,41,17,83,53,19,1,91,34,52,32,35,64,57,11,39,71,7,94,50,79,62,61,68,30,49,65,69,46,90,60,51,54,55,29,40,9,3,33,80,38,56,16,92,84,10,27,15,47,6,98,99,97,42,22,75,28,26,44,70,20,67,63,14,93,72,24,82,21,36,43,4,87,31
48,81,95,74,0,12,76,58,37,73,5,89,86,77,13,25,88,20,23,8,18,66,85,96,45,2,78,41,17,83,53,35,1,91,34,52,32,19,64,57,56,11,71,7,94,59,79,62,61,68,30,49,65,69,46,90,60,51,54,55,29,40,9,3,33,80,38,50,16,92,84,10,27,15,47,6,98,99,97,42,22,75,28,26,44,70,21,67,63,14,93,72,24,82,39,36,43,4,87,31
48,84,95,74,0,12,76,58,37,73,5,89,38,77,13,25,88,20,23,8,18,66,85,90,45,2,78,41,17,83,53,43,1,91,34,52,32,35,64,57,56,81,71,7,94,59,79,62,61,68,30,49,65,69,46,96,60,51,54,55,29,40,9,3,33,80,86,50,16,92,11,10,27,15,47,6,98,99,97,42,22,75,28,26,44,70,21,67,63,14,93,72,24,82,39,36,19,4,87,31
5,84,95,74,0,12,76,58,67,73,2,89,38,77,13,25,88,20,23,8,18,66,85,90,45,78,48,41,17,83,53,43,1,91,34,52,32,35,64,57,56,81,71,7,94,59,79,62,61,68,30,49,65,69,46,96,60,51,54,55,29,40,9,3,33,80,86,50,16,92,11,10,27,15,47,6,98,99,97,42,22,37,28,26,44,70,21,87,63,14,93,72,24,82,75,36,19,4,31,39
5,43,95,74,0,12,76,58,67,73,2,89,38,77,13,25,88,20,23,8,18,37,85,90,45,78,48,41,17,83,53,31,1,91,44,52,84,35,64,57,56,81,71,7,94,59,79,62,61,68,30,49,65,69,46,96,60,51,54,32,29,40,9,3,33,80,86,50,16,92,11,10,27,15,47,6,98,99,97,42,22,14,28,26,34,70,21,87,63,66,93,72,24,82,75,36,19,4,55,39
5,43,95,74,0,12,76,58,67,73,2,89,38,77,13,25,88,20,23,8,18,37,85,83,45,78,48,41,17,29,53,31,1,91,44,52,84,90,64,3,56,81,71,7,61,59,79,62,35,68,30,49,65,69,46,96,60,51,54,32,21,40,9,55,33,80,86,50,16,92,11,10,27,15,47,6,98,99,97,42,22,14,28,26,34,70,94,87,63,66,93,72,24,82,75,36,19,4,57,39
5,43,95,74,0,90,76,58,67,73,2,89,38,77,13,25,88,20,23,8,18,37,85,83,45,78,48,41,39,29,53,31,1,91,44,52,84,4,64,3,56,81,71,7,61,59,79,62,35,68,30,17,65,69,46,96,60,51,54,32,21,40,9,55,33,80,86,72,16,92,36,10,27,15,47,6,98,99,97,42,22,14,28,26,34,70,94,87,63,66,93,11,24,82,75,49,19,12,57,50
5,43,95,74,0,90,25,58,47,73,2,89,38,77,13,16,88,20,23,8,18,37,85,83,45,78,48,41,19,29,53,31,1,91,44,52,84,4,64,3,56,81,71,7,61,59,79,62,35,68,63,17,65,69,46,96,60,51,54,32,21,40,9,55,33,80,86,72,67,92,36,10,27,15,30,6,98,99,97,42,22,14,28,26,34,70,76,87,39,66,93,11,24,82,75,49,94,12,57,50
5,43,95,74,0,90,25,58,47,81,2,89,38,77,73,16,66,20,88,8,18,37,85,83,45,78,48,41,19,23,53,31,1,91,44,21,84,4,64,3,56,52,71,7,61,59,79,62,35,68,63,17,65,69,46,96,60,51,54,32,29,40,9,55,33,80,86,72,67,92,36,10,27,15,30,6,98,99,97,42,22,14,28,26,34,70,76,87,13,39,93,11,24,82,75,49,94,12,57,50
5,43,95,74,0,90,25,58,47,81,2,89,38,77,73,16,66,20,88,8,18,64,85,83,45,78,48,53,19,23,37,31,1,91,44,21,84,40,30,3,56,52,71,7,61,59,79,62,35,68,63,67,65,69,46,96,60,51,54,32,29,15,9,55,33,80,86,72,41,92,36,10,27,17,4,6,98,99,97,42,22,14,28,26,34,70,76,87,13,39,93,11,24,82,75,49,94,12,57,50
5,33,95,74,0,90,25,42,47,81,2,89,38,77,72,16,66,20,88,8,18,64,85,83,73,78,48,53,45,23,37,31,43,91,44,21,84,40,30,3,56,52,71,7,61,59,79,62,35,58,63,67,65,69,46,96,60,51,54,32,29,15,9,55,19,80,86,68,41,92,36,10,27,17,4,6,98,99,97,1,22,14,28,26,34,70,76,87,13,39,93,11,24,82,75,49,94,12,57,50
5,33,42,74,0,90,25,30,47,81,2,89,38,77,72,16,66,20,88,53,18,64,85,83,73,95,48,35,45,23,37,31,43,91,44,21,84,40,8,3,56,52,71,7,61,59,79,62,78,58,63,67,65,69,46,39,60,51,54,32,29,15,9,55,19,80,86,68,41,92,36,10,27,17,4,6,98,99,97,1,22,14,28,26,96,70,76,87,13,34,93,11,24,82,75,49,94,12,57,50
5,33,42,74,0,90,25,30,47,81,89,14,38,77,72,16,66,20,88,53,18,64,85,83,73,95,48,35,45,23,37,31,43,91,44,21,84,40,8,3,56,52,71,7,61,59,79,62,78,58,63,67,65,69,46,39,60,51,54,92,29,15,9,32,19,80,86,68,41,97,36,10,27,17,4,6,98,99,1,2,22,96,28,26,50,70,76,87,13,34,93,11,24,82,75,49,94,12,57,55
5,33,42,74,0,90,25,30,47,81,89,14,38,77,72,16,66,20,88,53,18,19,85,21,73,95,48,54,45,23,37,31,43,91,44,22,84,40,8,3,56,83,71,7,61,59,79,62,78,58,63,51,65,69,46,39,60,64,35,92,29,15,9,32,52,80,86,68,41,97,36,10,27,17,4,6,98,99,1,2,67,96,28,26,50,70,76,87,13,34,93,11,24,82,75,49,94,12,57,55
5,33,42,74,0,90,25,30,47,81,89,14,38,77,72,16,66,20,88,53,18,19,94,21,73,95,48,54,45,23,37,31,43,91,44,50,84,40,8,3,56,83,71,39,55,59,79,62,78,58,63,51,65,69,46,7,85,64,35,92,29,15,9,32,52,80,86,68,41,97,36,10,27,17,4,6,98,99,1,2,67,96,28,26,22,70,76,87,13,34,93,11,60,82,75,49,61,12,57,24
5,33,42,74,0,80,25,30,47,81,89,14,38,77,72,16,66,20,88,90,18,19,94,21,73,95,48,54,45,23,37,31,43,91,44,50,36,40,8,3,56,67,71,39,55,59,79,62,78,58,63,93,65,69,46,7,85,64,35,92,29,15,9,32,52,51,86,68,41,97,60,10,27,17,4,6,98,99,1,2,83,96,28,26,22,70,76,87,13,34,53,11,84,82,75,49,61,12,57,24
5,33,42,74,97,80,25,30,47,81,89,14,38,77,72,16,66,20,88,93,18,19,94,21,73,95,48,54,45,23,37,31,43,91,44,50,36,40,8,3,56,67,71,39,55,59,51,62,78,58,63,79,65,69,99,7,85,64,35,92,29,15,9,32,52,90,86,68,41,46,0,60,27,17,4,6,98,10,1,2,83,96,28,26,22,70,76,87,13,34,53,11,84,82,75,49,61,12,57,24
5,33,42,74,97,80,25,30,47,72,89,14,81,77,20,16,66,36,88,93,18,19,94,21,73,95,48,54,45,23,37,61,43,91,85,50,6,40,8,3,56,67,71,39,55,59,51,62,78,58,63,79,65,69,99,7,31,64,35,92,29,15,9,32,52,90,86,68,41,46,0,60,27,17,4,44,98,10,1,2,83,96,28,26,22,70,76,87,13,34,53,11,84,82,75,49,38,12,57,24
5,33,42,74,53,88,25,30,47,72,89,14,81,77,20,16,82,36,85,93,18,19,94,21,73,95,48,54,45,23,37,61,43,91,97,50,6,40,80,3,56,67,71,39,55,59,51,62,78,58,63,79,65,69,99,7,31,64,35,92,29,15,28,32,52,90,86,68,41,46,0,60,27,17,4,44,98,10,1,2,83,96,66,26,22,70,76,87,13,34,8,11,84,9,75,49,38,12,57,24
5,33,42,74,53,88,25,30,70,72,89,14,81,10,20,16,82,36,85,93,18,19,94,24,73,95,48,54,45,23,37,61,43,91,97,50,6,40,47,3,56,67,77,39,55,59,51,62,78,71,58,79,65,69,99,7,31,64,35,92,29,15,28,32,52,90,86,68,41,46,0,60,27,17,4,44,98,63,1,2,83,96,66,26,22,21,76,87,13,34,8,11,84,9,75,49,38,12,57,80
5,33,42,74,53,88,25,30,70,72,89,14,27,87,20,16,82,36,85,93,18,19,94,24,73,95,48,54,45,10,37,61,43,91,97,50,6,40,47,3,56,67,77,81,55,59,51,22,78,71,58,79,65,69,99,7,31,64,35,92,29,15,28,32,52,90,86,68,41,46,0,60,84,17,4,44,98,63,23,2,83,96,66,26,1,21,76,62,13,34,8,11,39,9,75,49,38,12,57,80
5,33,42,74,53,88,25,30,70,72,89,24,27,87,0,16,82,36,85,93,18,19,94,20,73,95,48,54,45,10,37,61,43,91,97,50,6,40,76,3,56,67,77,81,55,59,51,22,78,71,58,79,65,69,99,7,47,64,35,92,29,15,28,32,52,90,86,68,41,46,14,26,84,17,4,44,98,63,23,2,83,96,66,31,1,21,11,62,13,34,8,60,39,9,75,49,38,12,57,80
5,33,42,74,53,88,25,30,70,72,89,24,27,87,0,16,82,36,85,93,18,19,94,20,73,95,48,54,45,10,37,61,43,91,52,50,6,40,76,3,56,67,77,81,55,59,51,97,78,71,13,79,65,69,99,7,47,64,35,92,29,15,28,68,96,90,86,12,41,46,14,26,84,17,4,44,98,32,23,2,83,58,66,31,1,21,11,62,63,34,8,60,39,9,75,49,38,22,57,80
5,33,42,74,53,88,25,30,70,72,89,24,51,87,0,16,82,36,85,27,93,19,94,20,73,95,48,54,45,10,37,61,43,91,52,15,6,40,76,3,56,67,18,81,55,59,34,50,78,71,13,79,65,69,99,7,47,64,35,92,29,77,28,68,96,90,86,12,41,46,14,26,84,17,4,44,98,32,23,2,97,58,66,31,1,21,11,62,63,83,8,60,39,9,75,49,38,22,57,80
5,46,42,74,84,88,25,30,70,72,89,24,51,87,0,16,82,36,85,27,93,19,94,20,73,95,48,54,45,10,37,59,43,91,52,15,33,40,76,3,56,67,18,81,55,49,34,50,78,71,13,79,65,69,99,7,47,64,35,92,29,77,28,6,96,90,86,12,41,68,14,26,66,17,4,44,98,32,23,2,97,58,61,31,1,21,11,62,63,83,8,60,39,9,75,53,38,22,57,80
5,46,42,74,84,83,25,36,70,72,89,24,51,87,0,16,82,33,85,27,93,19,94,20,73,95,48,30,45,10,37,59,43,91,52,15,22,40,76,3,56,67,18,81,55,49,34,50,78,71,13,79,65,69,99,7,47,64,35,92,29,77,28,6,96,90,86,12,41,68,14,26,66,17,4,44,98,32,23,2,97,58,61,31,1,21,8,62,63,80,11,60,39,9,75,53,38,54,57,88
5,74,42,71,84,83,37,36,70,72,89,24,51,87,0,16,82,33,85,27,93,19,94,20,73,95,48,30,45,10,1,59,43,91,52,15,22,40,76,3,56,67,44,81,55,49,34,50,78,46,13,79,65,69,99,7,47,64,35,92,29,77,28,6,96,90,86,12,18,68,14,26,66,17,4,25,98,32,23,2,97,58,61,41,31,21,8,62,63,80,11,60,39,9,75,53,38,54,57,88
5,74,42,71,84,83,37,36,70,72,89,11,51,87,0,16,82,33,25,27,93,19,94,20,73,95,48,30,45,10,85,59,43,91,52,64,22,40,76,3,56,67,44,81,55,49,34,50,78,46,13,79,65,69,99,7,47,1,35,92,29,77,28,6,96,90,86,12,18,68,14,75,66,17,4,2,98,32,23,24,97,58,61,41,31,21,8,62,63,80,15,60,39,9,26,53,38,54,57,88
5,64,84,71,42,83,37,36,70,72,89,11,51,87,32,16,0,33,25,27,93,19,94,20,73,95,48,30,45,10,85,59,43,91,52,82,22,40,76,3,56,67,44,81,55,49,34,50,78,46,13,79,65,69,99,7,47,1,35,61,29,77,28,6,96,90,86,12,18,68,14,75,66,17,4,2,98,92,23,24,97,58,38,41,31,21,8,62,63,80,15,60,39,9,26,53,74,54,57,88
5,64,84,71,42,83,37,36,70,72,78,11,51,87,32,16,0,33,12,27,34,19,94,20,73,95,48,30,45,10,85,59,93,91,52,82,22,43,76,3,56,67,44,81,55,49,40,50,39,46,13,79,65,69,99,7,47,1,35,61,29,77,28,6,96,90,86,18,89,68,14,75,66,17,4,2,98,92,23,24,97,58,38,41,31,21,8,62,63,80,15,60,25,9,26,53,74,54,57,88
38,66,84,71,42,83,37,36,70,72,78,11,51,87,32,16,0,33,12,27,34,19,94,20,63,95,48,73,45,10,85,59,5,91,52,82,22,43,76,3,56,67,44,81,55,49,40,50,39,46,13,79,65,69,99,7,47,1,35,6,29,77,28,93,96,90,86,18,89,68,14,75,61,17,4,2,98,92,23,24,97,58,64,41,31,21,8,62,30,80,15,60,25,9,26,53,74,54,57,88
38,66,84,71,82,83,37,36,70,72,78,11,51,53,32,16,0,33,12,27,34,19,94,20,63,95,48,73,45,10,85,59,5,91,52,22,39,43,76,3,56,67,44,81,55,49,40,50,29,46,13,79,28,69,99,7,47,1,35,6,87,77,65,93,96,90,86,18,89,68,14,75,61,17,4,42,98,92,23,24,97,58,64,41,31,21,8,62,30,80,15,60,25,9,26,2,74,54,57,88
38,66,57,71,79,76,37,36,70,72,78,11,51,53,32,16,0,33,12,27,34,19,94,20,63,95,48,73,82,45,85,59,5,91,52,22,39,43,83,3,56,67,44,81,55,49,40,50,29,24,13,84,28,69,99,7,47,1,35,6,87,77,65,93,96,90,86,18,89,68,14,75,61,17,4,42,98,92,23,10,97,58,64,41,31,21,8,62,30,80,15,60,25,9,26,2,74,54,46,88
38,66,57,75,60,76,37,36,70,72,78,11,51,53,32,16,0,33,12,27,34,58,94,20,63,95,48,73,82,71,40,59,5,91,52,22,39,43,83,3,56,67,44,81,55,49,19,50,29,24,13,84,28,69,99,7,47,1,35,6,87,77,65,93,96,90,86,18,89,68,14,8,61,17,4,42,98,92,23,10,97,85,64,41,31,21,79,62,30,80,15,45,25,9,26,2,74,54,46,88
38,66,90,75,60,76,84,36,78,72,57,11,51,53,32,16,0,33,12,27,34,58,94,20,97,95,48,73,82,71,40,59,5,91,52,22,39,43,83,3,56,67,44,81,55,49,19,50,29,24,13,61,28,69,99,7,47,1,35,6,87,77,37,93,96,70,86,18,89,68,14,8,63,17,4,42,98,92,23,10,65,85,64,41,31,21,79,62,30,80,15,45,25,9,26,2,74,54,46,88
38,66,90,75,60,17,84,36,78,72,8,11,51,53,32,16,0,33,12,27,34,58,94,20,97,95,48,73,82,71,40,59,5,91,57,22,39,43,83,3,56,67,44,89,55,49,19,50,29,24,13,61,28,69,99,7,47,1,35,6,87,77,37,93,96,70,86,18,76,9,14,68,63,81,4,42,98,92,23,10,65,85,64,41,31,21,79,62,30,80,15,52,25,45,26,2,74,54,46,88
38,66,90,75,60,17,84,36,40,72,8,11,51,53,32,16,0,33,12,27,34,58,15,20,97,63,48,73,82,71,9,59,5,91,77,22,39,43,83,3,56,67,44,89,55,49,19,50,29,24,13,61,28,69,99,7,47,1,35,6,87,78,37,93,96,70,86,18,76,81,14,68,95,57,4,42,98,92,23,10,65,85,64,41,31,21,79,62,30,80,94,52,25,45,26,2,74,54,46,88
38,66,90,75,60,17,84,36,40,72,68,11,26,53,32,16,0,33,21,27,34,58,15,20,97,63,48,73,82,12,51,59,5,91,37,22,39,43,83,3,56,67,44,89,55,49,19,50,29,24,13,61,28,69,99,7,47,1,35,6,87,78,77,93,96,70,86,18,76,81,14,71,95,57,4,42,98,92,23,10,65,85,64,41,31,8,79,62,30,80,94,52,25,45,9,2,74,54,46,88
38,66,88,83,60,17,84,15,40,72,68,11,65,53,32,16,0,33,21,27,34,58,75,20,97,63,48,73,82,12,51,59,5,91,37,22,39,43,85,3,56,67,44,89,55,49,19,50,29,24,13,61,28,69,99,7,47,1,35,6,87,78,77,93,96,70,86,18,76,81,14,26,95,57,4,42,98,92,23,10,90,36,64,41,31,8,79,62,30,80,94,52,25,45,9,2,74,54,46,71
2,66,88,70,60,21,84,15,40,72,68,11,65,53,32,16,0,33,9,27,34,58,75,20,97,63,48,73,82,12,51,59,5,91,37,22,39,43,85,3,56,67,44,13,55,49,19,83,29,24,17,61,28,69,99,7,47,1,35,6,87,78,77,93,96,89,86,18,76,81,14,26,95,57,4,42,98,92,23,10,90,36,64,41,31,8,79,62,30,80,94,52,25,45,38,50,74,54,46,71
2,66,88,70,60,21,84,15,40,72,68,11,97,53,32,16,0,33,9,27,34,58,75,20,92,63,48,73,82,12,51,59,5,7,89,22,39,43,85,3,56,67,44,37,98,49,19,83,29,24,17,61,28,69,99,91,47,1,35,6,87,78,77,93,96,55,86,18,76,81,14,26,95,57,4,42,65,13,23,10,90,36,64,41,31,8,79,62,30,80,94,52,25,45,38,50,74,54,46,71
2,66,88,70,60,21,84,15,40,72,68,11,97,53,32,16,0,33,9,27,34,58,69,20,92,63,48,73,82,25,51,59,5,7,89,22,39,43,85,54,79,67,44,37,98,49,19,83,29,24,17,61,28,1,99,91,47,3,35,6,87,78,77,93,96,55,86,18,76,81,14,26,95,57,4,42,65,13,23,10,90,36,64,41,31,8,75,62,56,80,94,52,30,45,38,50,74,12,46,71
84,66,88,70,60,21,5,15,40,72,68,11,97,53,32,16,0,33,9,27,34,58,69,20,92,63,48,73,82,25,51,77,86,7,36,22,39,43,85,54,79,67,44,37,98,49,19,83,29,24,17,61,28,1,99,91,47,3,35,6,87,78,57,93,96,55,2,18,76,81,14,26,95,12,4,42,65,13,23,10,90,59,64,41,31,8,75,62,56,80,94,52,30,45,38,50,74,89,46,71
10,66,88,70,1,21,5,15,40,72,68,11,97,53,32,16,0,33,9,27,92,36,69,20,89,63,48,73,82,25,51,77,86,7,60,22,39,43,85,54,79,67,44,37,98,49,19,83,29,24,17,61,28,58,99,91,47,3,84,6,87,78,57,93,96,55,2,18,76,81,14,26,95,12,4,42,65,13,23,34,90,59,64,41,31,8,75,62,56,80,94,52,30,45,38,50,74,35,46,71
69,66,88,70,1,21,5,15,40,72,68,11,97,53,32,16,22,33,9,27,92,36,45,20,89,63,48,73,82,25,51,77,86,7,60,0,39,43,85,54,79,67,44,37,98,49,19,83,29,24,17,61,28,58,99,91,10,3,84,6,87,78,57,93,96,55,2,18,76,81,14,26,95,47,4,42,65,13,23,34,90,59,64,50,31,8,75,62,56,80,94,52,30,41,38,71,74,35,46,12
69,66,88,70,1,21,5,15,40,48,68,11,97,96,32,16,50,33,9,27,92,36,45,20,89,63,58,73,82,25,51,77,86,7,60,0,39,43,67,54,79,83,44,37,98,49,19,72,29,24,17,61,28,53,99,91,10,3,84,6,87,78,57,93,85,55,2,18,76,81,14,26,95,47,4,42,65,13,23,34,90,59,64,22,31,8,75,62,56,80,94,52,30,41,38,71,74,35,46,12
69,66,88,7,1,21,5,15,40,48,68,11,97,96,32,16,50,46,9,27,92,36,45,20,89,63,58,73,82,33,51,77,86,61,60,0,39,43,67,54,79,83,87,37,98,49,19,72,29,24,17,44,28,53,99,91,10,3,84,6,70,78,57,93,85,4,2,18,76,81,14,26,95,47,55,42,65,13,23,34,90,59,64,22,31,8,75,62,56,80,94,52,30,41,38,71,74,35,25,12
69,66,88,7,1,21,45,15,40,48,95,11,70,96,32,16,50,46,9,27,92,59,97,20,89,63,58,73,82,33,51,77,68,61,60,0,39,43,67,54,79,83,87,37,98,49,19,72,29,24,17,44,28,53,99,91,10,3,84,6,36,78,57,93,85,4,2,18,76,81,14,26,5,47,55,42,65,13,23,34,90,41,64,22,31,8,75,62,56,80,94,52,30,86,38,71,74,35,25,12
69,66,88,7,1,21,45,15,40,48,95,11,70,96,32,16,50,46,9,27,92,59,97,20,89,63,58,22,73,33,51,77,68,56,13,0,39,43,67,54,79,83,87,37,98,49,19,72,29,24,17,44,28,53,99,91,10,3,84,6,36,78,57,93,85,4,2,18,76,81,14,26,5,47,55,42,38,61,23,34,90,41,64,82,31,8,65,62,60,80,94,52,30,86,75,71,74,35,25,12
69,66,88,7,1,39,45,15,10,48,95,11,37,96,32,16,50,46,9,27,92,31,97,20,89,63,58,22,73,33,51,77,68,56,13,8,0,43,67,54,79,83,87,40,98,49,19,72,29,24,17,44,28,53,99,91,59,3,84,6,36,78,57,93,85,4,2,18,76,81,14,26,5,47,55,42,38,61,23,34,90,41,64,82,21,70,65,62,60,80,94,52,30,86,75,71,74,35,25,12
69,66,88,7,1,39,45,5,10,48,95,11,78,96,32,16,50,46,9,27,92,31,97,20,89,63,58,22,73,33,51,77,68,56,13,8,0,43,67,54,79,83,87,40,98,49,19,72,29,24,17,44,15,53,99,91,37,3,84,6,36,28,57,93,85,55,2,18,76,81,4,26,14,47,23,42,38,61,59,34,90,41,64,82,21,70,65,62,60,80,94,52,30,86,75,71,74,35,25,12
69,66,88,7,1,39,22,5,10,48,53,65,78,17,32,16,50,46,9,27,92,31,96,20,89,63,58,11,73,33,51,77,68,56,13,8,0,43,67,54,79,83,87,40,98,49,19,72,29,24,14,44,15,97,99,91,37,3,84,6,36,28,57,93,85,55,2,18,76,81,4,26,95,47,23,42,38,61,59,34,90,41,64,82,21,70,45,62,60,80,94,52,30,86,75,71,74,35,25,12
69,66,10,7,1,39,22,5,8,48,53,65,78,17,32,16,50,46,9,27,92,31,96,20,89,63,58,11,73,33,55,77,68,56,13,51,62,43,67,54,79,83,87,40,98,49,19,72,29,24,14,44,15,97,99,91,37,3,84,6,36,28,57,93,85,59,2,18,76,81,4,26,0,47,23,42,38,61,88,34,90,41,64,82,21,95,45,70,60,80,94,52,30,86,75,71,74,35,25,12
69,66,10,7,1,39,22,5,8,48,53,65,78,79,32,16,50,63,9,51,43,31,96,20,89,84,58,11,73,46,55,77,68,56,13,17,62,92,67,54,27,83,87,40,98,49,19,72,29,24,14,44,15,97,99,91,37,3,33,6,36,28,57,93,85,59,2,18,76,81,4,26,0,47,23,42,38,61,88,34,90,41,64,82,21,95,45,70,60,80,94,52,30,86,75,71,74,35,25,12
69,66,10,7,1,39,22,5,8,48,53,65,78,79,32,16,50,82,9,17,43,95,96,20,89,84,58,11,73,46,55,77,68,56,13,27,62,92,67,54,21,83,87,40,98,49,19,72,29,24,14,44,15,97,99,91,37,3,33,6,36,28,57,93,85,59,2,18,76,81,4,26,0,47,23,42,38,61,88,34,90,41,64,45,25,51,31,70,60,80,94,52,30,86,75,71,74,35,63,12
69,66,10,7,1,39,22,5,8,48,53,65,78,79,32,16,50,82,9,17,43,23,96,20,89,6,58,11,73,46,55,77,68,56,13,27,62,92,67,54,21,95,87,40,98,49,19,72,29,24,71,44,94,97,99,91,37,3,33,83,36,28,57,93,85,59,2,18,76,81,4,26,0,47,15,42,38,61,88,34,84,41,64,45,25,51,31,70,60,80,90,52,30,86,75,14,74,35,63,12
69,66,10,7,1,39,22,5,8,35,75,81,78,79,32,16,50,82,9,17,43,23,96,36,89,6,58,11,73,46,55,77,68,56,13,27,62,92,67,54,21,95,87,40,98,49,19,72,29,64,71,44,94,97,99,91,37,3,33,83,65,28,57,93,85,59,2,18,76,48,4,26,0,47,15,42,38,61,88,34,84,41,24,45,25,51,31,70,60,80,90,52,30,86,53,14,74,20,63,12
69,66,10,7,1,39,89,5,8,35,75,81,78,79,32,16,50,82,9,17,77,23,96,36,43,6,58,22,73,46,55,49,68,56,13,27,62,92,67,54,21,95,87,40,98,11,19,72,29,64,71,44,94,97,99,91,42,3,33,83,65,28,57,93,85,59,2,18,76,48,4,26,0,47,15,80,38,61,88,34,84,41,24,45,25,51,31,70,60,30,90,52,37,86,53,14,74,20,63,12
69,66,10,7,1,39,89,5,8,35,61,67,60,79,32,16,50,82,9,17,77,23,96,36,43,6,58,22,73,46,55,49,78,56,13,27,81,92,75,54,21,95,68,40,98,11,19,72,29,64,71,44,94,97,99,91,42,3,33,83,65,28,57,93,85,59,2,18,76,48,4,26,0,47,15,80,62,38,88,34,84,41,24,45,25,51,31,70,87,30,90,52,37,86,53,14,74,20,63,12
69,66,10,7,1,39,89,5,8,24,61,67,60,79,32,16,50,82,9,17,77,23,96,36,43,6,58,22,73,46,87,49,78,56,13,27,81,92,75,54,21,95,0,40,98,11,19,84,55,64,71,44,94,97,99,91,42,3,33,83,65,28,57,93,85,59,2,18,76,48,4,26,72,47,15,80,62,38,88,34,29,41,31,45,25,51,68,70,35,30,90,52,37,86,53,14,74,20,63,12
69,66,10,7,1,23,39,5,8,24,61,67,60,79,32,16,50,82,9,17,22,81,96,36,43,6,58,27,73,46,87,49,78,56,13,14,77,92,75,54,21,95,0,40,98,11,19,84,55,64,71,44,94,97,99,91,42,3,33,83,65,28,57,93,85,59,2,68,76,48,4,26,72,47,15,80,62,38,88,34,29,41,31,45,25,51,18,70,35,30,90,52,37,86,53,89,74,20,63,12
69,66,75,7,1,23,39,5,8,24,61,67,60,79,32,16,50,82,9,17,22,81,96,10,43,6,58,92,73,46,87,49,78,56,13,14,77,36,64,54,21,95,0,40,98,11,19,4,55,27,71,44,94,97,99,91,42,3,33,83,65,28,57,48,85,59,2,68,76,84,93,26,72,47,15,80,62,38,88,34,29,41,31,45,25,51,18,70,35,30,90,52,37,86,53,89,74,20,63,12
69,66,75,78,1,23,39,5,8,24,61,67,60,79,32,16,2,82,9,17,22,81,96,10,43,6,58,92,73,46,87,49,20,56,13,14,77,36,64,54,21,95,0,40,98,11,19,4,55,27,71,44,94,97,99,91,42,3,50,83,65,28,41,48,85,59,57,68,76,84,93,26,72,47,15,80,62,38,88,34,7,29,31,45,25,33,18,70,35,30,90,52,37,86,53,89,74,51,63,12
69,66,75,78,1,23,39,16,8,24,61,67,60,79,32,87,2,82,9,62,22,76,96,10,43,6,58,92,73,46,5,49,20,56,13,14,77,81,64,54,21,95,0,40,98,11,19,4,55,27,71,44,94,97,99,91,42,3,50,83,65,28,41,48,85,59,57,68,52,84,93,26,72,47,15,80,17,38,88,34,7,29,31,45,25,33,18,70,35,30,36,90,37,86,53,89,74,51,63,12
69,66,75,78,1,23,39,16,8,24,61,67,60,79,32,87,2,82,9,15,22,76,96,10,55,6,58,92,73,46,5,48,20,56,13,14,77,81,64,54,43,95,0,40,98,11,19,4,49,27,71,44,94,97,99,91,42,3,50,83,65,28,41,34,85,59,57,68,52,84,93,26,72,47,21,80,17,38,88,62,7,29,31,45,25,33,18,70,35,30,36,90,37,53,86,89,74,51,63,12
69,66,75,78,1,23,39,16,8,51,61,24,60,79,32,87,10,82,9,15,22,76,96,67,55,6,58,92,73,46,5,2,20,56,13,14,77,81,64,35,43,95,0,40,98,11,19,4,49,27,71,44,94,48,99,91,42,3,50,83,65,28,41,34,85,59,57,68,52,84,93,26,72,47,21,80,17,38,88,62,7,29,31,45,97,33,18,70,25,30,36,90,37,53,86,89,74,54,63,12
69,66,75,78,11,23,39,16,8,51,61,24,60,64,32,87,10,82,9,15,22,76,93,1,55,6,58,92,73,79,5,2,20,56,13,14,77,81,0,35,43,95,67,40,98,74,19,4,49,27,71,44,94,48,99,91,42,3,50,83,65,28,41,34,85,59,57,68,52,84,46,26,72,47,21,80,17,38,88,62,7,29,31,45,97,33,18,70,25,30,36,90,37,53,86,89,96,54,63,12
78,66,75,92,11,23,39,16,8,51,61,24,60,64,32,87,10,41,9,15,22,76,93,1,55,6,58,73,86,79,5,2,20,56,13,14,69,81,0,35,43,95,67,40,98,74,19,4,49,27,71,44,94,48,99,91,42,3,50,83,65,28,82,34,85,59,57,68,52,84,46,26,72,47,21,80,63,38,88,62,7,29,31,45,97,33,18,70,25,30,36,90,37,53,77,89,96,54,17,12
78,66,75,92,11,23,39,16,8,51,61,24,60,64,32,87,10,41,9,15,22,59,93,1,55,45,58,73,86,79,5,2,20,56,13,14,69,81,0,35,43,95,67,40,17,74,19,4,36,27,71,44,49,48,99,91,42,3,50,83,65,28,82,34,76,85,57,68,52,84,46,26,72,47,21,80,63,38,88,62,7,29,31,98,97,33,18,70,25,30,6,90,37,53,77,89,96,54,94,12
78,66,75,92,11,23,39,16,8,51,80,24,60,64,32,87,10,41,65,15,22,59,93,1,55,45,58,73,86,79,5,2,20,12,13,14,69,56,0,35,43,95,88,40,17,74,19,4,36,27,71,44,49,48,99,91,42,3,50,83,81,28,82,34,76,85,57,68,52,84,46,26,72,47,21,9,63,38,67,62,7,29,31,98,97,33,18,70,25,61,6,90,37,53,77,89,96,54,94,30
78,66,75,92,11,23,67,16,62,51,80,24,60,64,32,87,10,41,65,14,22,59,93,72,55,45,58,73,86,79,5,2,20,12,13,1,69,56,0,35,43,95,88,40,17,74,19,4,36,27,71,44,49,48,99,91,42,3,50,83,81,28,82,34,76,85,57,68,52,84,46,26,39,47,21,9,63,38,25,15,7,29,31,98,8,33,18,70,97,61,6,90,37,53,77,89,96,54,94,30
78,66,75,92,11,23,67,16,62,51,80,24,60,64,32,87,10,27,65,14,22,59,93,72,55,45,58,73,86,71,5,2,20,12,41,1,69,84,0,79,43,95,88,40,17,74,19,4,36,35,39,44,49,48,99,91,42,3,50,83,81,28,82,34,76,85,57,68,52,56,46,26,8,47,21,9,63,38,25,15,7,29,31,98,13,33,18,70,97,61,6,90,37,53,77,89,96,54,94,30
78,66,75,92,11,23,67,16,62,51,80,24,60,64,32,87,10,27,65,14,22,59,93,72,55,45,58,81,9,71,5,2,20,12,15,1,69,84,0,79,43,95,88,40,17,74,86,4,36,35,39,44,49,48,73,91,42,3,41,83,19,28,82,34,76,85,57,99,52,56,46,26,8,47,21,50,63,38,25,68,7,29,31,98,13,33,18,70,97,61,6,90,37,53,77,89,96,54,94,30
78,66,75,92,11,23,67,50,62,51,42,24,60,57,32,87,10,27,65,14,22,59,93,64,55,45,58,81,9,71,5,2,20,12,15,1,69,84,0,79,43,95,88,40,17,74,86,4,36,35,39,44,49,48,73,91,83,3,41,16,19,28,82,34,72,85,8,99,52,56,46,26,80,47,21,76,63,38,25,68,7,29,31,98,13,33,18,70,97,61,6,90,37,53,77,89,96,54,94,30
78,66,75,92,11,23,67,50,62,51,42,24,91,57,97,87,10,65,1,14,22,59,93,64,55,45,58,81,9,71,5,2,20,12,15,32,69,84,0,79,43,95,88,40,17,74,86,4,36,35,39,44,49,48,73,60,83,3,41,16,19,28,82,54,72,85,8,99,52,56,46,26,27,47,21,76,63,38,25,68,7,29,31,98,13,33,18,70,80,61,6,90,37,53,77,89,96,34,94,30
78,66,75,92,11,23,8,50,62,51,42,24,94,57,97,87,10,65,1,14,22,59,93,64,55,45,58,81,9,71,12,2,20,91,15,32,69,84,0,79,43,70,88,40,17,74,86,4,36,35,39,44,49,48,73,60,83,3,41,16,19,28,82,54,72,85,90,99,52,56,5,26,27,47,21,76,63,38,25,68,7,29,31,98,13,33,18,67,80,61,6,95,37,53,77,89,96,34,46,30
78,66,75,92,11,23,8,50,62,93,42,91,94,57,97,87,10,65,1,14,22,59,24,64,55,45,58,47,9,71,12,2,20,88,15,32,69,84,0,79,43,70,40,49,17,74,86,4,36,35,39,44,51,48,73,60,83,3,41,16,19,28,82,54,72,85,90,99,52,56,5,26,27,89,21,76,63,38,25,68,7,29,31,98,13,33,18,67,80,61,6,95,37,53,77,81,96,34,46,30
78,66,75,92,11,23,8,50,62,93,42,91,94,57,97,87,10,65,1,14,22,59,24,64,55,45,58,47,9,71,12,2,20,88,15,32,69,84,0,79,43,70,40,49,17,74,83,4,36,35,39,44,86,48,73,60,28,3,41,16,19,31,82,6,72,85,90,95,52,56,5,26,27,89,21,76,63,38,25,68,7,29,61,98,13,33,18,67,80,51,54,99,37,53,77,81,96,34,46,30
78,66,75,92,11,23,8,50,62,93,42,91,94,57,97,24,10,65,1,14,22,59,40,64,55,45,58,7,9,71,12,2,20,88,15,32,69,84,0,79,43,70,13,49,17,74,83,4,36,35,39,44,86,48,73,3,28,47,41,16,19,31,82,6,72,85,90,95,52,56,5,26,27,60,21,76,63,38,25,68,87,29,61,89,98,33,18,67,80,51,54,99,37,53,77,81,96,34,46,30
78,66,75,92,11,23,8,50,62,93,42,91,94,57,97,24,10,65,1,14,22,59,40,64,3,45,58,7,9,71,46,2,20,88,15,55,69,84,0,79,43,70,13,49,17,98,83,4,36,35,39,44,86,48,73,74,28,47,41,16,19,31,38,6,72,85,90,95,52,56,5,26,27,60,21,76,63,82,25,68,87,29,61,89,12,33,18,67,80,51,54,99,37,53,77,81,96,34,30,32
78,66,75,92,11,23,8,50,62,93,42,91,94,57,97,24,10,65,28,14,22,59,40,64,3,1,58,7,9,71,46,2,20,88,15,55,69,84,0,79,43,70,13,49,17,74,83,4,36,35,39,44,86,48,73,82,53,47,41,16,19,45,38,6,72,85,98,95,52,56,5,26,27,60,21,76,63,25,31,68,87,29,61,89,12,33,18,67,80,51,54,99,37,90,77,81,96,34,30,32
78,66,5,92,11,23,8,3,62,93,42,91,94,57,97,24,10,65,28,14,22,59,40,64,32,1,58,7,9,71,46,2,20,88,15,55,69,84,0,79,43,70,17,49,13,74,83,4,36,35,39,44,86,48,73,82,53,47,41,16,19,45,38,6,72,85,29,95,52,56,98,26,27,60,21,76,63,25,31,68,87,37,61,89,12,33,18,67,80,51,54,99,50,90,77,81,96,34,30,75
78,66,5,92,11,23,8,3,62,93,55,91,94,57,97,24,10,65,28,14,22,59,40,64,32,1,58,7,9,71,46,74,20,88,15,6,69,84,0,79,43,70,17,83,13,53,42,4,36,35,39,44,86,75,73,82,2,47,41,16,19,45,38,49,72,85,29,95,52,56,98,26,27,60,21,76,63,25,31,68,87,37,61,89,12,33,18,67,80,51,54,99,50,90,77,81,96,34,30,48
78,66,5,92,11,23,8,3,62,93,55,91,51,57,97,94,10,65,28,14,22,59,40,64,32,1,58,7,9,71,46,74,24,88,15,67,69,84,0,79,43,76,17,83,13,53,42,4,36,35,39,44,49,75,73,82,2,47,41,16,19,45,38,20,72,85,29,95,52,56,98,26,27,60,21,70,63,25,31,68,87,37,61,89,12,33,18,86,80,6,54,99,50,90,77,81,96,34,30,48
78,66,5,92,11,23,8,3,62,93,55,91,51,57,97,94,43,0,28,14,22,59,40,64,32,1,58,7,9,71,46,74,24,88,15,67,69,84,27,65,10,76,17,83,13,53,42,4,36,20,39,44,79,75,73,82,2,47,41,16,19,45,38,30,72,85,29,95,52,56,98,26,35,60,21,70,63,25,31,68,87,37,61,89,12,33,18,86,80,6,54,99,50,90,77,81,96,34,49,48
78,66,59,38,11,23,8,3,62,93,55,91,51,57,97,94,43,0,28,14,22,84,40,64,32,1,58,79,9,71,46,74,24,92,15,67,69,83,27,65,10,76,17,5,13,53,42,4,36,20,39,44,88,75,73,82,2,47,41,16,19,45,37,30,72,85,29,95,52,56,98,26,35,60,21,70,63,25,31,68,87,7,61,89,12,33,18,86,80,6,54,99,50,90,77,81,96,34,49,48
78,66,24,38,11,23,8,3,62,93,55,91,51,57,97,44,43,0,28,14,36,84,59,64,32,1,58,79,9,71,46,74,40,92,15,67,69,83,27,65,10,76,17,5,13,53,42,4,81,20,39,94,88,75,73,82,2,47,41,16,19,45,37,30,72,85,29,95,52,56,98,26,35,87,21,70,63,25,31,68,60,7,61,89,12,33,18,86,80,6,54,99,50,90,77,22,96,34,49,48
78,66,24,5,11,23,8,3,62,93,7,91,51,57,97,44,43,0,28,14,36,84,59,88,32,1,58,79,9,71,46,74,40,75,15,67,69,83,27,65,10,76,17,38,13,53,42,4,81,92,39,94,55,90,73,82,2,47,41,16,19,45,37,30,72,85,29,95,52,56,98,26,35,87,21,70,63,25,31,68,60,64,61,89,12,33,18,86,80,6,54,99,50,20,77,22,96,34,49,48
78,66,24,5,11,23,46,61,62,93,7,91,51,57,97,44,43,0,28,14,36,84,59,88,32,1,58,79,9,8,22,74,40,75,15,67,69,83,27,65,10,76,17,38,13,48,42,4,81,92,39,94,55,90,73,82,2,47,41,16,19,45,37,87,72,85,29,95,52,56,98,26,35,3,21,70,63,25,31,68,60,64,53,89,12,33,18,86,80,6,54,99,50,20,77,30,96,34,49,71
78,66,24,5,11,23,46,61,62,93,16,91,51,57,97,44,43,0,99,14,36,53,59,88,32,1,58,79,9,8,22,74,40,75,15,67,69,83,27,65,10,76,17,84,13,48,42,4,81,92,39,94,55,90,73,82,2,47,41,63,19,45,37,87,72,85,29,95,52,56,98,26,35,3,21,70,28,25,31,68,60,64,96,89,12,33,18,86,80,6,54,7,50,20,77,30,71,34,49,38
78,66,24,7,11,23,46,5,62,93,16,91,51,57,97,44,43,0,99,14,36,53,59,41,32,1,58,79,9,8,22,74,40,75,15,67,69,83,27,65,10,76,17,84,13,48,42,4,81,92,39,94,55,90,73,82,2,47,70,63,19,45,37,31,72,85,29,95,52,56,98,26,35,3,21,61,80,25,87,68,60,64,96,89,12,33,18,86,88,6,54,28,50,20,77,30,71,34,49,38
78,66,24,7,11,23,46,5,62,93,16,91,51,57,97,44,43,0,99,14,36,53,59,41,35,1,58,79,9,8,22,74,40,75,15,67,69,83,27,65,10,76,17,84,85,48,42,4,81,55,39,25,47,90,73,82,2,37,70,63,19,45,94,31,72,92,29,95,52,56,98,26,32,3,21,61,80,13,87,68,60,64,96,89,12,33,18,86,88,6,54,28,50,20,77,30,71,34,49,38
78,66,24,7,11,23,46,5,62,93,16,91,51,57,97,44,17,0,99,14,36,53,59,41,69,1,58,85,9,8,22,74,40,75,15,67,70,83,27,65,10,76,43,84,39,48,42,4,81,55,35,25,47,90,73,82,2,37,18,63,19,45,94,31,72,92,29,79,52,56,98,26,32,3,21,61,80,13,87,68,60,64,96,89,12,33,95,86,88,6,54,28,50,20,77,30,71,34,49,38
78,66,24,7,11,23,46,5,62,93,16,91,51,57,97,44,17,0,99,14,36,20,59,41,69,52,58,85,9,84,22,74,40,75,15,67,70,83,27,65,10,76,43,53,8,48,42,4,81,55,35,25,47,90,6,82,2,37,18,63,19,45,94,31,72,92,29,79,39,56,98,26,32,3,21,61,80,13,87,68,60,64,96,89,12,33,95,86,88,73,54,28,50,34,77,30,71,1,49,38
78,66,24,7,11,23,46,5,62,93,16,91,51,57,97,22,17,0,99,14,36,20,59,41,69,52,58,85,9,84,32,74,40,43,15,67,70,83,27,65,10,39,48,53,8,81,42,4,6,55,35,25,47,90,44,82,2,37,18,63,19,45,94,31,72,92,29,79,75,56,98,26,76,3,21,61,80,13,87,68,60,64,96,89,12,33,95,86,88,73,54,28,50,34,77,30,71,1,49,38
78,66,24,68,11,23,95,5,62,7,16,91,51,57,97,22,17,0,99,14,36,20,59,41,69,52,58,85,9,84,32,74,40,43,15,67,70,61,27,65,10,39,48,53,8,81,42,4,6,55,79,25,47,90,44,82,2,37,18,63,19,45,94,31,72,92,29,93,75,56,98,26,76,3,21,83,80,13,35,46,60,64,96,89,12,33,87,86,88,73,54,28,50,34,77,30,71,1,49,38
78,66,24,68,11,60,95,5,62,91,16,83,51,57,97,22,17,0,99,14,36,20,59,41,69,52,58,85,9,84,32,74,40,43,15,23,70,61,27,65,10,39,48,53,8,81,42,4,6,55,79,25,47,13,44,82,2,37,18,63,19,45,94,31,72,92,29,93,75,56,98,26,76,3,21,33,80,90,67,46,35,64,96,89,12,7,87,86,88,73,54,28,50,34,77,30,71,1,49,38
78,66,24,68,11,60,95,5,62,91,16,83,14,57,97,22,17,0,99,32,36,20,59,41,69,52,58,85,9,84,45,74,40,43,15,23,70,61,27,65,10,39,48,26,8,81,42,4,6,55,79,25,13,49,44,82,2,37,18,63,19,71,94,31,72,92,29,93,75,56,98,53,76,3,21,33,80,90,67,46,35,64,96,89,12,7,87,86,88,73,54,28,50,34,77,30,51,1,47,38
78,66,24,68,11,10,95,5,51,91,16,83,14,57,97,22,17,8,99,32,36,20,59,41,69,52,58,85,9,84,45,74,0,43,15,23,49,61,27,65,60,39,48,26,62,81,42,4,6,55,79,25,13,40,44,82,70,37,18,63,19,71,94,31,72,92,29,93,75,56,98,53,76,3,21,33,80,90,67,46,35,64,96,89,12,7,87,86,88,73,54,28,50,34,77,30,2,1,47,38
78,66,24,68,29,10,95,5,51,91,16,83,14,57,97,22,17,8,99,32,28,20,59,41,69,52,58,85,9,93,45,74,0,43,15,23,49,61,27,65,60,39,48,26,62,81,42,72,6,55,79,25,13,40,44,82,70,37,18,63,19,71,94,31,36,92,11,4,75,56,98,53,76,3,21,33,80,90,67,46,35,1,96,89,12,7,87,86,88,73,54,64,50,34,77,30,2,84,47,38
78,66,24,68,29,10,95,5,51,91,16,83,14,57,7,22,17,8,40,32,28,20,59,41,69,52,58,85,9,93,45,74,0,43,15,23,49,39,27,65,82,99,48,26,62,81,42,72,6,55,79,25,13,60,44,21,70,37,18,63,19,71,94,31,36,92,11,4,75,56,98,53,76,3,61,33,97,90,67,46,35,1,96,89,12,80,87,86,88,73,54,64,50,34,77,30,2,84,47,38
28,66,24,68,29,10,95,5,51,91,16,83,14,57,7,22,17,12,40,32,80,20,59,41,69,52,58,85,9,93,45,74,0,43,15,23,49,39,27,65,82,99,48,26,62,81,42,72,6,55,79,96,13,60,56,21,70,37,18,63,19,71,94,31,36,92,11,4,75,25,98,53,76,3,61,33,8,90,67,46,35,1,78,89,97,44,87,86,88,73,54,64,50,34,77,30,2,84,47,38
28,66,24,68,29,10,57,5,51,91,16,83,14,40,7,22,17,12,55,32,80,20,59,41,69,52,58,85,9,93,45,74,0,43,15,23,49,39,27,65,82,99,48,26,62,81,42,64,6,94,79,96,13,60,56,21,70,37,18,63,19,71,90,31,36,92,11,4,75,25,98,53,76,3,61,33,8,95,67,46,35,1,78,89,97,44,87,72,88,73,54,77,50,34,86,30,2,84,47,38
28,66,24,68,29,10,57,5,51,91,16,83,14,69,7,22,17,12,55,54,80,20,59,3,64,52,58,85,9,93,45,74,0,43,15,23,49,39,41,65,82,99,48,26,62,81,42,40,6,94,79,96,13,60,56,21,70,37,18,63,19,71,90,31,36,92,11,4,75,25,98,53,76,32,61,33,8,95,67,46,35,1,78,89,97,44,87,77,88,73,27,72,50,34,86,30,2,84,47,38
28,66,24,68,29,10,57,5,51,91,16,83,14,69,7,22,17,1,55,54,80,20,59,3,64,52,0,85,9,93,45,74,12,43,15,23,49,39,41,21,82,25,48,26,62,81,42,40,58,94,79,96,13,60,56,73,70,37,18,63,19,71,90,31,36,92,11,4,75,99,98,53,76,32,61,33,8,95,67,46,35,65,78,89,97,44,87,77,88,6,27,72,50,34,86,30,2,84,47,38
28,66,24,68,29,1,57,5,51,13,77,83,14,69,7,22,17,27,55,54,80,20,59,3,64,52,0,85,9,93,45,74,12,43,15,23,49,39,41,21,82,25,48,26,62,81,16,40,58,94,79,96,42,60,56,73,70,37,18,63,19,71,90,31,91,92,11,4,75,99,98,53,76,36,61,33,8,95,67,46,35,65,78,89,97,44,87,32,88,6,10,72,50,34,86,30,2,84,47,38
28,66,24,68,29,1,57,5,51,13,77,83,93,69,7,22,17,27,55,54,80,20,59,3,64,52,0,85,37,78,45,74,12,43,15,23,49,39,41,21,82,25,48,26,62,81,16,40,58,94,79,96,42,38,56,73,70,60,18,63,19,71,90,31,91,92,11,4,75,99,98,53,76,36,61,33,8,95,67,46,35,65,86,89,97,10,87,32,88,6,14,72,50,34,44,30,2,84,47,9
28,66,24,68,29,1,57,5,51,13,77,83,93,69,54,22,17,27,55,75,80,20,59,3,64,52,0,85,37,78,45,74,12,43,15,23,49,95,41,21,82,25,48,44,62,81,16,40,58,94,79,96,42,38,56,73,70,60,18,63,19,71,90,31,91,92,11,4,26,99,98,53,76,36,61,33,8,10,67,46,35,39,86,89,97,7,87,65,88,6,14,72,50,34,32,30,2,84,47,9
28,66,24,68,29,1,57,5,51,13,77,83,93,69,54,22,17,27,55,75,80,20,59,3,64,53,0,85,37,61,45,74,12,43,52,23,49,95,41,21,82,35,15,44,62,81,16,40,58,94,79,96,42,38,56,73,70,60,18,63,19,71,90,31,91,92,11,4,78,99,98,26,25,36,48,33,8,10,67,46,76,39,86,89,97,7,87,65,88,6,14,72,50,34,32,30,2,84,47,9
28,66,57,68,29,1,63,5,24,13,77,83,93,69,54,22,17,27,55,75,80,20,59,3,64,53,0,85,37,65,45,74,12,43,52,86,49,95,41,21,82,35,15,44,62,81,16,40,58,94,79,96,42,38,56,73,70,60,18,51,23,71,90,31,91,92,11,4,78,99,98,26,25,36,48,33,8,10,67,61,76,39,46,89,97,7,87,19,88,6,14,72,50,34,32,30,2,84,47,9
28,66,57,15,75,1,63,5,24,13,77,83,56,69,54,22,17,27,55,61,80,20,59,3,64,53,0,85,37,65,45,74,12,68,52,86,49,95,41,21,82,43,73,44,62,81,16,40,58,94,79,96,42,38,93,35,70,60,18,51,23,71,90,31,91,92,11,4,78,99,98,26,25,36,48,33,8,10,67,29,76,39,46,89,97,7,87,19,88,6,14,72,50,34,32,30,2,84,47,9
28,66,57,15,75,1,63,5,24,13,77,83,56,69,54,38,39,27,55,61,80,20,59,96,64,53,0,85,37,65,45,74,12,68,52,86,49,95,41,21,82,43,73,44,62,81,16,40,58,94,79,9,42,3,93,35,70,60,18,51,23,71,90,31,91,92,22,4,78,99,98,26,25,7,48,33,8,10,67,29,76,11,46,89,97,36,87,19,88,6,14,72,50,34,32,30,2,84,47,17
28,66,57,15,75,1,63,5,38,67,77,83,56,45,54,69,96,27,55,61,80,20,59,23,64,53,0,85,37,65,24,74,12,68,52,86,49,95,41,21,82,43,73,44,62,81,16,40,58,94,79,9,42,3,93,35,70,39,18,51,13,71,90,31,91,92,22,4,78,99,98,26,25,7,48,33,8,10,60,29,76,11,46,89,97,36,87,19,88,6,14,72,50,34,32,30,2,84,47,17
28,66,57,15,18,1,80,5,38,67,77,83,56,45,97,69,96,27,55,61,24,20,59,23,64,53,0,85,37,65,54,74,12,68,52,49,48,95,41,21,82,43,73,44,62,81,16,40,58,94,79,9,42,3,93,35,70,39,63,51,13,71,90,31,91,92,22,4,78,99,98,26,25,7,75,33,8,10,60,29,76,11,46,89,86,36,87,19,88,6,14,72,50,34,32,30,2,84,47,17
28,22,57,15,18,1,80,5,38,67,77,83,56,45,97,69,91,27,55,61,24,20,59,23,64,53,0,85,37,65,54,74,12,68,52,49,48,95,41,21,82,43,73,44,96,81,16,40,58,94,79,9,66,3,93,35,70,39,63,51,13,71,30,42,50,92,31,4,78,99,98,26,25,7,75,33,8,10,60,29,76,11,46,89,86,36,87,19,88,6,14,72,90,34,32,62,2,84,47,17
6,22,57,15,18,1,80,5,38,66,77,83,56,45,97,69,91,27,55,61,24,20,59,23,64,53,0,85,37,65,54,74,12,68,11,49,48,95,41,21,82,43,67,44,96,81,16,40,58,94,79,9,42,3,93,35,70,39,63,51,13,73,30,28,50,92,31,4,78,99,98,26,25,7,75,33,8,10,60,29,76,72,46,89,86,36,87,19,88,52,14,71,90,34,32,62,2,84,47,17
6,22,57,15,18,1,80,44,38,66,77,83,56,45,97,69,91,27,55,61,24,20,50,23,64,53,0,41,37,65,54,74,12,68,42,5,48,95,85,21,82,49,67,11,96,81,16,40,58,94,79,9,43,3,93,35,70,39,63,51,13,73,30,28,59,92,31,4,78,99,98,26,25,7,75,33,8,10,60,29,76,72,46,89,86,36,87,19,88,52,14,71,90,34,32,62,2,84,47,17
22,89,57,15,18,1,25,44,38,66,77,83,56,45,2,99,91,27,55,61,24,20,50,23,64,53,0,41,37,65,54,74,12,68,42,5,48,95,85,21,82,49,67,11,96,81,16,40,58,94,79,9,43,3,93,35,70,39,63,51,13,73,30,28,59,92,31,4,78,6,98,26,47,7,75,33,8,10,60,29,76,72,46,97,86,36,87,19,88,52,14,71,90,34,32,62,80,84,69,17
22,89,57,15,82,1,23,41,38,66,77,83,56,45,2,99,91,27,55,61,24,20,50,25,64,53,0,44,37,65,54,74,12,68,42,5,48,95,85,18,21,49,67,11,96,81,16,40,58,94,79,9,33,3,93,35,70,39,43,51,13,73,30,28,59,92,31,4,78,6,98,26,47,7,75,63,8,10,60,29,76,72,46,97,86,36,87,19,88,52,14,71,90,34,32,62,80,84,69,17
22,89,57,15,82,1,23,94,38,66,77,83,56,45,2,99,91,27,55,61,24,31,50,25,64,53,0,44,37,65,54,74,12,41,42,5,48,67,85,18,87,49,21,11,96,81,16,40,95,68,79,9,33,3,93,35,70,39,43,51,13,73,30,28,59,92,20,4,78,6,98,26,47,7,75,63,8,10,60,29,76,72,46,97,86,36,58,19,88,52,14,71,90,34,32,62,80,84,69,17
22,89,57,15,82,9,23,94,38,66,79,83,56,45,2,99,91,30,55,61,24,31,50,25,64,53,0,44,37,65,54,74,12,41,42,5,48,67,85,18,87,49,21,11,96,81,16,40,95,68,75,73,33,3,93,35,70,39,43,51,13,1,77,28,59,92,20,4,78,6,17,26,47,7,27,63,8,10,60,29,76,72,46,97,86,36,58,19,88,52,14,71,90,34,32,62,80,84,69,98
74,89,86,15,82,9,23,94,38,66,79,83,56,45,2,99,91,30,55,61,24,31,50,25,64,53,0,44,37,65,54,32,12,41,42,5,35,67,85,18,87,49,21,57,96,81,16,40,95,68,75,73,33,3,93,26,70,39,43,51,13,1,77,28,59,92,20,4,78,6,17,48,47,7,27,63,8,10,60,29,76,72,46,97,11,36,58,19,88,52,14,71,90,34,98,62,80,84,69,22
74,89,86,15,82,9,95,94,38,66,79,83,56,45,2,99,91,30,55,61,24,31,50,25,96,53,76,44,37,65,54,32,33,41,42,5,35,67,85,18,87,49,21,57,14,81,16,40,0,68,75,73,12,3,93,26,70,39,43,51,64,1,77,28,59,92,20,4,78,6,17,48,47,7,27,63,8,10,60,29,13,72,46,97,11,36,58,19,88,52,23,71,90,34,98,62,80,84,69,22
69,12,86,15,82,9,95,94,38,66,79,83,56,45,65,99,91,30,55,61,87,31,50,25,96,53,76,44,37,74,54,32,33,41,42,77,35,67,85,18,2,49,21,57,14,81,16,40,0,68,75,73,89,3,93,26,70,39,43,51,64,1,5,28,59,92,20,4,78,6,17,48,47,7,27,63,8,10,60,29,13,72,46,97,11,36,58,19,88,52,23,71,90,34,98,62,80,84,24,22
69,12,86,15,34,9,95,94,38,96,79,83,56,45,87,99,91,30,55,61,2,31,50,25,6,53,76,44,37,74,54,32,33,41,42,77,35,67,85,18,28,49,21,57,14,81,16,40,0,68,75,73,89,3,93,26,70,39,43,51,64,1,5,82,59,92,20,4,78,72,17,48,47,7,27,63,8,10,60,29,13,65,46,97,11,36,58,19,88,52,23,71,90,66,98,62,80,84,24,22
29,12,86,15,34,9,95,94,97,96,79,83,56,45,87,99,91,30,55,61,2,31,50,25,6,53,76,44,37,74,54,52,33,40,42,77,35,67,38,18,28,49,21,57,14,81,16,72,0,68,75,73,89,3,93,26,70,39,43,51,64,1,5,82,59,92,20,4,78,69,17,48,47,7,27,63,8,10,60,32,13,65,46,41,11,36,58,19,88,85,23,71,90,66,98,62,80,84,24,22
29,12,86,15,34,9,72,94,97,96,79,83,56,45,93,99,91,30,55,61,2,31,50,25,6,16,76,44,37,74,54,52,33,40,42,77,35,67,38,18,28,49,21,57,14,81,78,60,0,68,75,73,48,3,95,26,70,39,43,51,64,1,5,82,59,92,20,4,53,69,17,89,47,7,27,63,8,10,87,32,13,65,46,41,11,36,58,19,88,85,23,71,90,66,98,62,80,84,24,22
29,12,86,6,34,9,72,94,97,96,79,83,56,45,93,53,91,30,55,61,2,31,50,25,99,16,76,44,37,74,54,52,33,40,42,77,35,67,38,84,28,49,21,57,14,81,78,15,0,68,75,73,48,3,95,26,70,39,43,51,60,1,5,98,59,92,20,4,82,69,17,89,47,7,27,63,8,10,87,32,13,65,46,41,11,36,58,19,88,85,23,71,90,66,64,62,80,18,24,22
29,12,86,6,34,9,72,94,97,96,79,83,56,45,93,53,91,30,55,61,2,31,50,25,64,16,76,44,37,74,54,52,33,40,59,77,15,67,38,99,28,49,21,57,14,81,78,10,0,68,75,73,48,3,95,26,70,39,43,51,60,1,5,98,84,92,20,4,82,69,17,89,47,7,27,63,8,71,35,32,13,65,46,41,11,36,58,19,88,85,23,87,90,66,42,62,80,18,24,22
29,12,86,6,34,9,72,94,97,96,79,83,56,45,74,53,91,30,55,61,2,31,50,25,64,16,76,44,37,80,54,52,33,40,59,77,15,67,38,99,28,49,21,57,14,81,78,10,0,68,75,73,48,3,95,32,70,39,26,98,60,1,5,51,84,92,20,69,82,4,17,89,47,7,27,63,8,71,35,43,13,65,46,41,11,36,58,19,88,85,23,87,90,66,42,62,93,18,24,22
29,12,67,6,34,9,72,94,97,74,79,83,56,45,41,53,91,30,55,61,2,31,50,25,64,16,76,44,37,80,54,52,33,40,59,77,15,78,38,99,28,49,21,57,14,81,62,10,18,68,75,73,48,3,95,32,70,39,26,98,60,1,5,51,84,92,20,69,82,4,17,89,47,7,27,63,8,71,35,43,13,65,46,0,11,36,58,19,88,85,96,87,90,66,42,23,93,86,24,22
