0,1,2,3,4,5,6,7,8,9,10,11,12,13,14,15,16,17,18,19,20,21,22,23,24,25,26,27,28,29,30,31,32,33,34,35,36,37,38,39,40,41,42,43,44,45,46,47,48,49,50,51,52,53,54,55,56,57,58,59,60,61,62,63,64,65,66,67,68,69,70,71,72,73,74,75,76,77,78,79,80,81,82,83,84,85,86,87,88,89,90,91,92,93,94,95,96,97,98,99
82,23,2,3,73,5,6,7,8,9,4,11,81,57,87,37,16,17,18,93,20,21,22,34,24,10,26,27,84,29,30,14,80,33,40,90,36,61,38,39,92,41,42,43,64,99,65,47,15,49,50,0,75,53,54,55,56,25,58,32,60,78,62,63,86,69,66,28,68,72,51,71,70,85,59,19,76,77,12,79,1,31,44,35,13,74,46,52,88,48,89,91,45,67,94,95,96,97,98,83
77,23,2,3,73,5,50,7,8,86,4,63,81,57,87,58,16,17,18,38,32,21,20,15,74,37,10,27,84,29,31,14,28,75,40,90,22,60,55,39,92,41,42,33,93,99,65,36,30,51,11,0,79,53,54,43,9,94,24,67,71,46,62,78,82,64,56,66,68,72,19,25,70,85,59,88,76,6,12,47,34,61,44,35,13,80,97,52,49,48,89,91,45,26,1,95,96,69,98,83
34,46,59,3,73,23,50,56,5,86,4,25,24,57,97,11,16,17,18,38,75,21,20,15,74,37,10,53,84,62,27,32,45,43,40,90,87,60,55,39,92,41,42,33,95,47,65,14,93,19,83,82,79,31,71,99,9,94,6,67,12,13,81,78,68,64,28,2,36,72,80,22,70,66,77,88,76,85,63,54,8,61,44,35,0,7,58,52,49,48,89,91,30,26,1,29,96,69,98,51
17,46,59,87,73,18,50,56,5,86,85,7,4,57,55,11,47,93,28,78,75,41,20,15,74,19,97,54,84,60,92,32,8,76,40,90,24,27,16,39,79,94,72,33,1,96,65,14,35,34,83,82,10,23,38,64,9,21,6,67,12,13,81,43,68,45,89,2,36,22,80,25,70,66,77,88,62,48,63,42,51,61,44,71,0,99,58,52,49,31,3,91,30,26,37,29,53,69,98,95
17,49,59,27,14,72,50,56,5,86,85,7,4,57,55,11,47,34,28,78,41,16,75,32,74,63,97,54,84,61,35,9,45,76,40,90,24,44,92,39,79,94,62,33,1,48,65,37,96,18,83,82,88,66,0,60,98,21,6,73,12,36,81,8,46,13,30,2,68,22,80,23,70,93,67,42,95,20,19,15,51,77,25,71,89,99,58,52,87,31,3,91,43,64,10,29,53,69,26,38
17,49,59,61,52,37,50,56,81,96,85,32,4,9,55,35,41,72,5,80,27,16,75,77,74,63,97,54,84,82,48,11,73,29,45,60,24,44,92,39,79,23,62,33,93,87,6,70,65,15,83,64,89,66,0,1,98,21,31,57,12,47,22,8,46,13,30,2,68,94,40,76,91,67,36,42,95,20,19,78,51,28,25,71,34,99,58,86,18,88,3,90,43,14,10,7,53,69,26,38
83,49,59,12,65,37,40,44,51,96,53,32,4,9,55,35,41,72,95,6,34,16,75,77,74,63,29,54,46,82,48,11,97,88,78,45,24,19,92,36,79,23,62,81,56,87,67,85,17,15,52,28,91,20,66,1,98,27,31,57,3,47,22,8,61,13,84,2,68,94,76,70,64,0,89,42,93,73,39,5,50,33,25,71,30,21,99,86,18,58,90,60,43,14,10,7,80,69,26,38
83,41,59,51,65,37,19,92,28,31,53,32,4,81,55,57,3,91,95,6,12,71,23,77,74,63,29,34,24,82,86,43,97,78,39,45,50,76,88,36,79,49,84,94,56,87,67,11,44,15,48,69,10,20,66,1,98,27,14,46,13,47,22,8,61,0,17,2,9,54,26,16,64,62,89,42,93,73,75,5,35,33,25,52,30,21,99,68,18,58,90,60,38,70,96,7,80,85,40,72
83,41,45,64,40,37,99,92,7,31,47,73,66,30,55,57,3,8,69,6,4,51,78,77,60,63,29,34,79,59,86,43,97,87,39,68,5,76,90,36,91,49,53,94,56,81,67,11,44,82,48,19,84,20,27,1,98,95,74,46,13,23,22,12,0,75,28,2,9,54,26,16,24,62,89,42,93,25,65,96,35,33,88,52,10,21,18,50,71,58,38,15,17,70,32,61,80,85,14,72
83,41,45,77,87,37,67,93,61,31,47,73,66,30,82,60,4,8,69,6,85,20,7,33,27,14,29,3,79,44,86,43,97,42,39,68,0,76,90,36,91,49,53,94,92,99,9,11,19,55,48,81,84,51,52,1,98,32,2,46,74,16,22,12,23,75,28,62,10,54,17,24,63,25,89,78,64,71,65,96,35,34,88,40,26,21,18,50,56,58,95,15,5,70,59,57,80,38,13,72
83,41,36,20,87,64,67,93,44,31,47,73,45,39,37,60,4,97,69,77,22,91,13,88,84,54,29,3,79,5,78,81,19,95,82,16,0,14,90,51,48,68,53,94,92,62,9,11,8,55,74,6,7,30,66,1,98,52,2,46,27,18,32,12,23,75,28,99,10,56,17,24,63,25,61,86,65,43,49,96,35,34,76,40,26,21,33,50,71,58,42,15,89,70,59,57,80,38,85,72
42,41,36,20,87,55,19,93,52,91,47,73,35,39,32,60,56,97,69,77,45,74,7,88,22,54,29,18,8,5,78,81,13,95,10,16,38,68,90,51,48,99,53,94,92,62,79,11,83,0,9,84,31,27,66,1,3,25,37,4,70,72,64,67,23,6,28,2,57,33,17,24,63,82,61,86,12,43,89,96,98,34,76,75,26,21,49,50,71,58,40,15,44,65,59,46,80,14,85,30
54,50,36,35,87,6,19,93,52,91,47,73,3,82,32,9,56,97,74,77,45,8,7,40,10,95,29,18,48,5,78,26,13,88,72,16,80,68,83,76,90,1,96,94,92,62,53,20,2,0,41,84,31,27,66,30,98,60,37,43,70,51,42,79,23,24,28,64,57,33,17,38,63,81,61,86,22,99,89,25,12,34,67,75,55,65,49,39,71,58,21,15,44,59,11,46,4,14,85,69
7,50,36,9,98,6,19,93,52,91,47,73,3,82,32,39,78,97,44,33,89,8,86,40,23,80,29,18,48,5,16,26,13,53,72,77,71,68,83,35,90,87,37,94,67,56,30,20,28,88,41,84,31,27,2,49,45,60,92,43,54,0,42,79,55,24,1,25,51,10,17,38,63,4,61,81,22,34,65,95,12,15,70,75,74,64,99,46,96,58,21,62,57,59,11,66,76,14,85,69
45,44,70,9,98,6,19,93,90,91,56,75,32,28,11,39,78,36,8,33,84,27,86,40,73,80,29,18,7,50,16,26,13,53,72,95,48,10,64,1,0,87,37,94,67,89,62,20,81,88,41,63,77,99,2,49,35,5,92,3,54,52,42,46,55,38,71,25,51,31,17,74,85,4,61,83,22,34,30,47,12,15,79,24,65,43,23,68,96,58,21,60,57,59,97,66,76,14,82,69
95,10,55,9,98,6,37,19,90,91,45,75,68,28,77,93,78,36,8,33,73,27,86,40,32,46,52,18,7,50,16,72,13,53,35,64,48,15,11,1,0,87,88,94,67,89,62,97,81,54,41,65,80,99,2,49,84,66,26,3,44,61,42,43,79,38,34,25,51,60,29,74,85,76,23,63,22,24,30,47,58,12,20,92,56,71,39,4,96,83,21,31,57,59,17,70,5,14,82,69
5,10,74,43,98,81,37,19,90,76,45,75,68,28,36,57,86,32,65,33,44,27,18,40,29,8,72,21,7,4,16,92,13,53,50,15,48,64,11,77,0,87,88,67,46,73,34,35,78,54,41,94,55,99,89,49,58,66,26,3,38,61,42,97,79,2,9,62,51,60,52,1,93,84,23,6,22,24,30,47,91,12,20,70,25,71,39,56,96,83,85,31,80,59,17,95,63,14,82,69
77,83,74,43,98,81,37,19,90,49,45,26,85,62,50,28,86,63,65,68,44,21,18,52,29,54,72,70,75,5,16,92,13,78,53,15,48,1,10,7,0,66,88,67,25,73,34,35,95,27,41,94,55,99,33,46,58,64,51,3,38,61,42,40,79,84,9,59,89,60,69,36,8,39,23,6,4,22,30,47,91,12,20,24,11,71,57,56,96,93,32,76,80,87,17,2,97,14,31,82
93,74,72,30,68,44,82,19,0,49,45,26,85,50,4,24,86,63,65,36,83,21,18,52,29,53,77,70,48,51,80,90,13,61,91,15,40,1,10,7,16,66,99,67,25,73,5,12,95,92,41,81,55,17,33,14,54,9,27,3,38,46,42,62,79,84,58,98,75,60,69,28,8,39,23,6,35,22,64,47,59,78,20,71,11,88,57,56,96,94,32,76,43,87,34,2,97,89,31,37
93,33,79,47,68,44,82,35,0,49,45,63,67,15,4,24,72,81,80,36,83,86,66,64,29,53,17,21,19,51,75,90,13,30,52,95,22,1,10,76,61,40,99,74,25,73,5,42,43,92,41,98,55,39,14,77,54,56,27,3,38,46,32,62,9,84,58,48,89,60,69,59,8,91,23,6,50,12,18,16,28,78,20,71,11,70,57,26,96,94,85,87,88,7,34,2,97,65,31,37
65,5,79,47,68,44,59,35,0,49,45,63,67,91,50,72,11,81,82,36,83,86,24,98,39,53,48,33,32,51,75,90,13,30,34,46,22,78,10,76,20,40,7,74,26,73,12,42,43,92,87,96,55,37,14,77,60,56,95,93,64,3,61,62,9,94,58,27,4,19,69,66,8,84,23,6,1,99,18,16,28,25,89,71,29,70,57,41,2,80,85,38,88,54,17,15,97,52,31,21
65,5,73,47,54,17,95,35,0,49,45,8,57,27,50,72,11,81,74,36,83,86,6,59,39,99,48,33,32,91,40,90,69,98,34,46,22,78,10,14,9,26,7,52,60,13,97,42,43,28,87,55,67,37,82,96,15,56,76,77,64,3,61,62,20,94,75,63,4,19,66,12,58,84,23,68,1,79,18,16,92,80,53,71,29,89,44,41,2,70,85,38,93,88,30,51,24,25,31,21
97,7,82,47,59,17,95,5,44,49,45,54,79,27,50,98,11,28,74,36,83,86,6,3,39,99,64,33,32,91,29,68,48,65,24,93,22,9,10,90,96,26,25,52,43,13,76,42,67,69,87,55,84,37,60,72,15,56,57,66,35,78,61,62,20,94,75,63,4,19,8,16,58,12,18,40,1,34,73,0,77,80,53,71,81,14,89,41,2,70,85,31,38,88,30,51,23,92,46,21
97,84,82,36,59,68,17,51,44,11,45,54,79,27,88,98,35,28,74,8,83,86,6,3,39,15,12,33,32,93,29,90,57,65,14,78,22,9,10,50,96,26,25,64,30,13,76,80,95,42,2,66,63,37,60,41,47,56,92,1,75,46,61,62,20,94,43,99,4,23,7,16,58,5,18,40,69,34,52,0,77,55,48,71,81,87,89,21,49,70,85,31,38,72,67,19,91,73,24,53
97,61,82,64,12,15,5,52,84,11,18,54,79,27,88,98,35,28,38,81,8,86,6,3,39,36,24,33,32,93,94,95,57,22,69,78,14,9,10,96,45,17,25,62,30,42,76,80,48,74,29,66,59,70,90,41,60,56,92,1,75,46,49,51,20,23,43,68,4,99,7,16,58,34,47,50,37,77,40,0,65,55,83,71,63,67,89,21,26,2,85,31,13,72,44,19,91,73,87,53
97,6,82,64,44,15,5,39,13,52,18,54,16,67,62,98,35,93,38,21,4,86,89,3,61,36,76,73,32,27,94,95,88,22,28,17,69,9,63,96,45,12,25,11,30,42,40,80,48,34,51,66,59,70,90,41,24,56,19,23,46,57,49,92,20,75,43,68,10,33,7,8,84,60,78,50,37,77,79,0,81,55,83,71,29,99,74,1,47,2,85,31,65,72,58,14,91,26,87,53
11,6,82,64,44,32,7,39,13,52,18,53,86,67,38,93,92,75,0,81,4,10,58,14,41,36,51,73,79,27,94,95,88,68,50,17,69,9,63,98,45,12,24,29,30,42,40,80,16,34,28,66,59,70,35,62,96,56,19,23,46,43,49,54,20,85,76,15,77,33,91,8,84,60,78,61,37,72,57,89,99,55,90,71,22,48,5,1,47,2,74,31,65,97,26,21,3,25,87,83
55,50,82,64,44,15,81,39,13,52,46,27,86,58,38,93,92,40,7,67,4,66,28,14,43,36,51,5,79,41,63,95,88,68,32,17,69,49,91,62,45,12,24,29,18,83,0,80,16,34,77,94,59,70,54,37,96,56,9,23,33,35,31,71,20,25,76,8,22,89,57,19,84,60,78,61,53,72,6,42,99,98,90,1,26,48,75,73,47,2,74,10,65,97,11,21,3,30,87,85
11,50,82,98,86,87,13,99,12,4,52,27,61,58,38,93,10,40,7,67,36,66,43,14,29,85,51,5,79,3,33,6,88,68,32,17,60,49,91,62,45,81,24,28,0,59,92,80,83,63,77,69,44,70,54,37,96,56,57,23,74,94,31,71,20,25,76,8,22,89,15,95,30,9,78,84,53,34,72,42,39,19,90,1,26,48,16,73,47,2,35,18,64,97,55,41,21,65,75,46
11,50,66,73,86,74,13,99,45,26,52,27,48,84,32,93,10,79,20,67,36,60,43,14,29,85,51,5,4,49,33,98,88,8,58,17,41,12,71,62,68,81,18,28,0,23,63,16,83,1,82,92,44,70,54,37,75,56,57,42,69,94,21,87,96,61,76,3,22,89,15,95,80,9,78,6,53,34,38,77,39,19,90,30,31,65,91,24,47,2,35,72,64,59,55,40,7,25,97,46
11,50,77,66,80,75,13,99,40,82,30,27,48,84,32,87,74,86,20,22,36,60,43,14,49,28,51,39,57,94,33,1,69,8,58,5,85,12,47,62,52,81,67,63,0,98,92,83,4,31,91,53,44,70,54,37,18,56,79,42,41,23,21,68,96,61,76,3,88,89,15,95,10,9,78,25,73,34,38,45,64,19,90,16,71,65,6,24,17,2,35,72,29,59,55,26,7,46,97,93
72,7,77,11,80,45,54,99,40,82,6,27,48,84,32,49,74,86,78,66,36,60,57,65,41,96,51,39,61,94,33,1,69,8,20,5,56,19,47,9,58,81,67,31,13,97,92,83,4,75,91,53,44,17,22,98,18,88,52,42,85,23,21,68,30,2,76,3,0,89,15,95,29,87,50,25,73,43,38,46,64,37,12,16,90,55,14,24,34,63,35,28,71,59,10,26,70,79,62,93
61,7,77,55,80,88,54,99,59,30,45,27,79,84,47,12,53,48,78,66,37,60,57,65,95,96,8,39,24,90,33,74,26,36,51,49,56,62,69,9,58,81,17,31,13,97,46,67,4,75,72,35,44,19,22,98,18,83,52,42,85,23,82,68,25,2,76,3,0,89,15,6,29,20,50,41,73,43,38,1,94,64,34,16,86,92,14,21,28,63,5,32,91,40,10,71,70,11,87,93
61,7,77,54,80,88,93,2,97,30,45,27,20,84,47,12,9,48,78,76,37,19,18,22,95,41,8,59,24,64,98,74,38,39,51,49,56,62,69,5,66,60,17,31,13,50,73,67,4,75,72,35,87,46,1,32,21,83,52,42,63,23,82,68,25,79,11,3,0,89,15,57,6,10,29,86,28,43,53,36,94,34,96,16,26,92,14,55,58,33,85,99,91,40,71,81,70,65,90,44
25,8,78,54,77,88,51,94,36,30,45,27,64,48,47,12,9,20,57,38,5,19,14,80,95,18,86,59,24,53,83,74,31,39,21,49,91,62,69,96,82,60,17,2,4,50,73,23,76,75,72,35,87,46,1,32,61,66,41,42,63,22,92,68,56,79,11,3,81,89,15,0,6,10,29,67,28,7,52,13,26,37,93,16,44,97,71,55,58,33,85,99,98,40,43,84,70,65,90,34
25,97,42,54,9,88,51,94,15,30,45,37,64,48,47,12,91,13,57,1,5,19,21,96,72,18,2,59,60,20,83,74,31,39,43,49,95,62,69,71,82,67,86,3,4,50,73,16,76,75,41,78,87,46,7,32,61,66,24,33,63,22,92,68,56,79,85,34,26,89,77,0,23,80,29,84,28,10,52,6,98,58,53,35,44,36,70,11,14,81,17,99,55,40,27,8,93,65,90,38
41,97,42,75,9,25,53,94,15,30,45,37,64,48,46,39,91,13,65,1,74,19,21,51,72,18,35,59,12,57,83,11,31,87,23,78,2,62,69,71,82,67,86,3,47,50,80,16,76,52,6,79,34,99,7,32,20,73,22,33,63,55,61,68,4,17,85,0,26,5,77,56,54,95,29,84,40,60,49,96,98,58,88,24,44,28,70,43,92,81,66,36,10,89,27,8,93,14,90,38
41,99,42,61,3,25,0,29,15,30,78,37,86,48,46,39,27,36,71,1,75,19,21,7,24,72,76,59,9,97,83,18,31,90,65,81,2,70,69,94,91,67,23,55,26,50,80,16,45,52,6,79,34,84,87,57,20,73,22,33,63,35,44,68,4,17,85,82,38,5,77,12,54,95,32,74,14,60,49,96,98,58,88,93,62,28,11,43,92,51,40,47,10,89,53,8,64,56,13,66
41,99,58,22,3,25,0,29,61,96,78,37,71,48,9,39,27,36,24,79,91,19,46,7,95,72,76,59,1,97,83,18,31,52,75,81,47,70,67,94,20,93,12,55,4,84,80,16,45,54,65,69,90,15,87,64,43,6,34,33,23,35,44,68,98,17,57,89,38,5,77,73,42,32,82,21,14,60,49,85,63,40,88,2,30,50,11,28,92,51,74,26,10,62,53,8,86,56,13,66
37,63,80,22,78,83,0,29,61,96,60,94,75,48,9,39,27,36,24,40,69,5,81,44,19,72,76,59,1,65,98,18,31,52,15,7,47,70,84,88,20,93,34,12,67,33,55,16,57,54,87,46,90,95,25,64,43,6,91,4,23,53,71,35,42,3,41,89,38,99,77,73,10,32,82,14,21,79,49,85,45,30,68,2,56,50,11,28,92,51,74,26,17,62,97,8,86,58,13,66
16,83,80,22,26,57,0,24,31,39,60,78,99,48,15,58,27,25,36,40,69,5,81,45,42,61,76,59,1,65,98,79,53,96,90,19,47,68,84,18,20,93,34,12,67,33,55,71,10,32,44,46,89,95,54,14,43,6,74,4,23,37,94,35,91,3,41,87,38,70,77,73,21,29,82,64,63,7,49,85,75,30,51,2,56,50,28,72,11,88,9,52,17,62,97,8,86,92,13,66
16,83,97,35,26,57,0,24,50,80,14,79,53,21,15,58,27,25,36,40,69,51,81,45,84,55,39,78,71,65,98,42,29,48,90,87,47,92,61,18,20,93,56,12,67,31,89,19,10,32,44,46,5,95,85,2,82,72,74,4,33,37,94,38,54,3,41,60,76,96,77,73,66,64,88,34,63,7,49,91,75,30,6,1,13,70,28,23,11,99,9,52,17,62,59,8,86,43,68,22
85,83,97,26,37,57,4,24,50,10,66,79,25,43,15,58,40,1,36,23,69,51,81,45,84,21,17,78,30,65,98,42,46,48,82,87,47,92,27,7,0,93,56,12,67,31,89,19,63,32,44,70,5,90,55,2,39,49,74,9,35,18,94,75,54,3,53,64,76,96,77,73,20,38,33,34,16,72,14,60,28,80,6,88,13,22,95,99,11,41,59,52,61,62,71,8,86,91,68,29
12,83,97,0,37,57,63,24,36,10,28,79,48,43,26,34,40,3,60,23,69,35,27,45,30,21,89,67,80,65,78,42,2,19,82,87,8,92,84,7,46,4,56,71,98,31,11,38,64,32,1,70,5,90,55,22,39,49,74,9,88,18,51,75,54,44,53,59,76,96,77,52,20,86,33,58,16,72,14,25,13,85,6,66,15,50,95,99,17,41,47,73,94,62,93,81,61,91,68,29
51,83,97,94,37,57,63,78,36,50,28,71,48,34,26,62,40,3,84,23,69,35,27,14,90,21,89,44,80,65,87,25,2,19,17,12,8,92,39,13,46,4,30,9,98,31,72,38,82,96,1,70,5,11,18,20,60,49,59,77,7,66,91,75,54,79,32,56,76,42,0,52,67,86,33,58,16,53,55,99,88,85,6,73,15,45,95,24,10,41,47,61,43,64,93,81,22,74,68,29
30,29,97,63,37,57,62,78,36,59,75,71,26,15,83,94,34,3,44,92,69,35,48,14,22,21,89,40,67,98,27,25,2,19,17,12,41,61,39,13,60,4,46,9,38,90,72,56,64,96,28,70,5,11,33,20,53,84,50,77,7,66,91,51,54,79,32,18,76,55,0,52,23,6,1,58,16,82,65,99,88,80,85,73,86,45,95,24,10,74,47,31,49,43,93,81,8,87,68,42
30,42,80,16,37,82,62,75,36,55,70,71,26,88,83,94,92,3,44,97,23,35,59,14,11,21,4,40,7,98,27,90,43,19,89,12,5,61,28,13,69,76,46,9,38,96,91,56,64,81,47,24,25,41,33,20,57,84,50,67,54,66,34,51,78,79,32,18,49,60,0,52,29,6,1,58,72,48,17,99,15,31,85,73,86,45,95,63,10,74,65,77,22,53,93,2,8,87,39,68
30,42,80,91,37,82,7,4,36,63,70,41,26,44,83,77,51,3,72,97,71,35,59,2,40,52,18,34,89,98,27,61,92,19,23,12,90,49,28,38,69,76,46,14,13,96,22,56,64,81,47,24,25,8,33,20,57,84,67,88,87,21,16,55,78,66,32,11,54,60,0,75,29,6,1,58,93,48,17,5,15,31,53,94,86,62,95,9,73,74,65,79,43,99,10,45,85,50,39,68
55,42,18,14,74,71,7,4,59,23,70,5,86,44,21,39,51,3,72,97,6,37,85,2,40,48,26,91,73,98,89,61,38,69,54,82,90,49,28,31,0,76,46,94,13,96,22,56,64,81,47,24,50,8,33,20,57,84,67,88,87,30,41,83,9,78,32,11,80,60,27,75,19,63,34,92,93,25,17,12,15,16,53,29,95,62,35,58,36,77,65,79,43,99,10,45,66,1,52,68
27,56,18,14,74,87,7,88,59,90,70,97,66,44,50,51,69,3,72,53,6,37,85,89,40,48,26,91,79,33,75,61,38,21,43,73,32,93,28,31,0,76,92,94,4,96,1,78,64,81,20,24,71,8,98,39,57,84,67,47,35,45,41,15,9,30,13,11,80,2,22,42,19,63,34,23,86,25,17,12,83,16,60,29,95,62,55,58,36,77,99,5,52,65,10,54,49,46,82,68
27,56,11,14,74,97,22,88,59,71,70,73,66,83,50,51,53,3,72,87,2,93,85,89,40,98,65,91,79,33,0,61,38,30,90,57,69,7,43,31,8,76,92,26,4,44,17,78,64,81,20,67,45,21,94,39,28,32,35,47,84,96,37,15,9,18,75,49,80,42,54,29,19,63,34,23,86,62,41,12,6,16,60,24,95,1,48,77,36,58,99,5,52,13,10,55,25,46,82,68
27,56,11,14,12,97,22,88,17,71,90,73,62,83,50,51,16,32,8,95,2,6,85,89,4,31,65,91,1,60,0,80,42,30,70,93,69,7,41,53,68,76,35,26,75,15,78,59,74,10,48,67,45,21,94,39,28,40,43,47,84,96,57,44,9,79,64,49,20,72,54,29,19,63,81,23,86,61,98,55,33,36,92,24,34,38,18,77,37,58,99,5,52,13,87,66,25,46,82,3
27,56,96,14,50,97,95,46,17,71,70,28,62,83,59,51,16,81,10,13,26,6,85,18,4,86,65,75,1,60,35,80,42,30,19,93,22,11,41,53,31,76,40,15,91,69,78,90,66,99,8,67,43,77,94,39,73,21,9,47,84,32,57,44,68,79,64,12,2,72,54,29,45,63,89,23,3,61,98,20,33,36,92,24,49,38,7,0,88,58,34,74,52,55,87,5,25,48,82,37
27,10,96,51,75,97,95,46,34,71,56,38,13,83,94,68,26,81,14,24,62,84,48,18,99,86,65,47,6,17,55,80,42,64,19,93,69,11,77,53,31,76,45,15,91,20,41,16,66,70,35,67,43,29,59,39,73,78,9,63,8,32,57,44,50,85,22,12,2,72,54,21,1,60,89,23,3,61,98,33,74,4,90,92,49,40,7,0,88,58,30,79,52,36,87,5,25,28,82,37
27,10,93,51,88,97,95,46,34,14,32,86,13,83,94,48,26,12,15,44,62,84,24,18,99,76,65,55,6,17,82,91,42,78,67,73,79,11,77,53,47,43,80,58,2,20,41,16,45,70,0,19,87,29,59,63,96,33,9,60,8,85,57,38,50,81,22,71,56,72,54,21,1,68,89,23,3,66,31,98,74,4,90,92,49,75,69,61,52,7,30,35,64,36,40,39,25,28,5,37
93,50,95,51,24,97,26,46,34,14,88,86,13,41,94,48,68,79,22,8,62,63,9,72,99,76,65,47,6,17,82,18,42,91,67,73,57,11,77,53,37,12,80,29,83,20,55,16,45,21,0,19,87,15,59,40,74,33,90,60,92,85,78,5,52,25,2,43,56,81,54,89,1,44,84,23,3,66,31,98,58,96,32,70,49,75,69,61,27,7,30,35,28,36,38,39,4,71,64,10
93,50,9,18,24,14,26,46,34,19,88,86,13,97,21,7,43,8,52,20,0,63,76,72,99,47,65,74,6,17,82,61,35,91,3,92,57,11,77,53,60,12,80,29,83,32,55,16,45,73,68,56,87,42,67,40,41,33,37,90,96,59,78,25,62,54,48,85,31,81,15,89,1,44,84,94,75,66,79,95,58,4,70,2,49,23,69,98,27,22,30,5,28,36,38,39,51,71,64,10
93,50,9,18,24,44,26,20,34,19,88,75,63,38,21,7,43,37,6,4,0,69,35,72,99,92,97,74,73,17,80,61,16,91,82,30,57,11,77,25,60,66,8,29,83,32,79,86,67,12,65,56,23,42,68,70,55,49,59,81,96,33,78,22,90,54,48,85,31,13,15,89,1,41,84,94,76,47,62,45,58,87,95,2,39,40,14,98,27,52,53,5,28,36,3,46,51,71,64,10
37,50,76,18,82,44,57,20,21,19,88,34,81,38,11,7,48,24,8,40,0,31,26,67,99,92,97,74,73,17,39,70,16,13,10,30,55,52,77,25,80,66,60,29,83,32,79,86,93,12,15,58,43,42,68,72,22,23,59,14,96,1,78,6,90,54,4,85,9,2,41,89,56,98,84,94,63,47,62,45,35,87,95,75,49,91,33,27,3,65,53,5,28,36,69,46,51,71,64,61
37,50,38,96,89,44,57,20,80,19,88,79,26,45,1,22,48,24,15,40,0,31,72,67,4,92,97,74,73,17,39,70,42,13,10,75,47,52,77,25,60,66,41,29,53,32,85,61,14,12,63,58,43,91,68,18,7,81,30,6,93,82,78,21,71,54,83,94,9,2,90,64,56,76,84,59,3,16,62,99,35,87,95,34,49,23,33,27,98,65,55,5,28,36,69,11,8,86,51,46
26,71,25,96,89,66,37,92,80,8,88,79,97,36,1,22,56,24,15,40,0,42,72,67,4,47,35,11,74,13,38,84,44,19,10,75,61,52,77,2,59,60,18,87,53,32,85,64,94,12,39,58,43,91,68,17,7,81,30,6,63,82,78,21,29,98,31,93,48,73,90,5,41,45,57,14,3,16,62,99,83,76,95,34,9,23,33,27,50,65,55,20,28,54,69,70,49,86,51,46
26,45,25,75,89,66,3,92,80,8,88,79,27,95,1,36,35,24,64,40,55,42,38,87,4,47,68,11,74,13,84,54,44,19,10,62,61,71,98,81,59,60,18,14,31,23,85,17,94,12,39,69,43,91,9,28,97,50,30,6,63,82,2,21,67,5,37,93,48,73,52,46,56,96,57,53,15,16,49,99,83,76,77,34,41,33,22,0,72,65,90,20,58,32,29,70,78,86,51,7
83,45,25,61,89,66,35,92,80,8,4,79,27,49,1,75,65,62,64,22,55,97,56,87,26,47,68,11,74,13,84,54,23,40,19,18,51,71,91,85,59,60,12,95,31,82,3,17,94,52,39,10,43,69,9,28,15,5,30,6,63,24,2,57,67,38,37,46,48,98,73,72,81,96,21,53,20,16,88,99,78,76,77,44,50,33,41,0,36,14,34,93,58,32,90,70,42,86,29,7
69,45,25,74,89,49,84,92,80,8,30,37,27,78,1,67,65,62,11,87,86,33,56,97,81,47,68,60,12,29,55,66,23,93,19,18,51,71,91,26,59,10,46,95,64,44,3,17,40,52,39,38,43,4,85,53,9,41,82,22,63,24,2,57,48,94,31,15,6,98,73,75,35,96,21,61,20,16,88,99,72,76,77,13,50,54,83,0,36,5,34,79,58,32,90,70,42,28,14,7
7,45,25,52,14,31,84,2,80,8,30,37,27,35,38,67,89,85,11,59,86,33,18,97,92,47,68,60,12,48,55,53,23,93,99,81,69,58,61,26,34,10,46,95,64,44,3,49,40,72,32,43,82,1,78,62,9,41,87,22,63,24,70,57,29,88,4,15,51,98,73,77,91,71,21,75,20,17,65,5,39,76,6,13,50,54,83,0,36,19,74,79,16,56,90,96,42,28,66,94
7,45,9,52,98,31,74,89,80,82,14,37,27,35,21,55,34,85,11,59,8,20,18,97,16,2,68,86,96,38,92,53,61,3,99,70,69,67,25,26,12,10,46,95,64,44,13,79,40,48,32,43,17,1,78,62,4,41,87,54,63,24,91,93,81,88,30,15,51,60,23,77,65,71,73,84,22,66,49,5,39,76,72,33,50,75,83,0,36,19,42,47,6,56,90,29,58,28,57,94
68,85,23,52,98,31,94,75,37,82,43,9,27,54,76,55,34,92,64,59,11,20,18,73,45,2,35,86,28,65,63,53,61,3,84,70,69,67,14,26,1,80,38,95,24,44,13,74,79,48,32,12,17,58,78,89,4,41,87,15,10,49,96,93,81,88,30,83,97,60,91,40,46,71,6,39,22,66,8,5,99,77,72,33,50,51,7,0,36,19,42,47,21,56,90,29,16,25,57,62
25,59,23,52,98,39,94,75,37,82,43,9,85,51,97,55,34,92,57,69,81,71,89,73,45,11,35,72,49,63,44,53,61,3,66,70,22,67,64,58,93,68,7,95,24,38,13,74,79,48,32,12,17,78,54,31,4,28,87,15,10,80,96,26,19,88,14,90,6,60,91,16,46,41,30,27,18,83,8,5,99,77,76,33,50,84,40,0,36,42,2,47,1,56,65,29,86,21,20,62
25,59,34,68,57,81,94,75,37,23,43,79,80,51,97,0,46,66,87,69,84,71,89,73,45,11,35,30,52,29,65,10,64,3,4,49,22,82,48,58,14,67,7,95,24,38,93,74,55,53,9,12,17,40,54,31,85,28,19,15,13,92,96,26,39,88,72,90,70,60,91,16,99,41,61,27,18,5,8,78,98,6,76,33,50,77,36,44,83,42,2,47,32,63,56,1,86,21,20,62
25,59,40,68,57,81,94,75,37,23,43,0,80,51,56,64,60,11,87,19,84,71,89,88,66,34,69,30,52,29,12,17,99,3,4,95,91,82,48,58,14,67,7,10,24,38,31,45,55,5,46,15,36,77,54,79,85,22,73,86,63,92,28,65,39,9,97,50,13,74,93,16,70,41,26,83,96,42,8,78,98,6,76,33,49,72,35,44,61,90,2,47,32,18,53,1,27,21,20,62
16,85,40,68,57,81,25,75,37,23,43,0,56,66,15,59,60,19,87,80,84,71,89,20,14,34,65,30,99,4,12,83,11,3,48,95,91,26,17,41,31,67,7,22,21,52,61,45,55,47,88,27,36,77,82,46,51,42,73,86,63,92,58,97,39,1,94,50,13,74,93,24,70,9,69,64,96,29,54,38,98,6,76,33,10,72,35,44,28,90,2,8,32,18,53,79,5,78,49,62
16,72,53,68,57,81,25,46,37,23,43,0,56,66,15,50,60,19,26,80,61,82,89,40,54,17,78,28,99,4,38,41,3,69,48,95,91,59,22,92,31,14,7,84,67,39,73,45,44,47,88,63,36,77,1,87,51,42,33,75,11,71,58,97,55,70,94,85,13,64,93,24,74,9,98,30,96,29,12,35,83,6,27,52,10,86,20,76,21,90,2,8,32,18,65,79,5,34,49,62
50,87,53,68,90,26,94,83,37,23,43,0,74,33,15,19,7,56,84,80,61,82,9,41,54,34,96,28,99,47,38,89,3,69,48,63,91,59,22,31,57,5,4,81,67,14,16,45,44,30,66,88,46,77,1,25,51,40,6,75,11,71,58,97,42,70,93,60,13,64,86,24,55,52,98,36,62,29,12,35,95,78,27,85,10,92,20,73,21,76,2,8,32,18,65,79,17,72,49,39
50,68,39,49,90,98,20,83,37,23,43,72,82,33,92,87,7,24,84,80,61,70,9,85,58,34,41,28,56,47,21,51,78,54,48,93,91,59,77,89,57,5,4,81,67,14,16,45,44,30,22,2,46,3,1,25,66,63,6,75,11,71,99,97,26,38,13,60,88,64,86,12,55,52,53,69,62,65,29,35,95,18,42,27,10,15,40,73,74,76,8,19,32,0,94,79,17,31,96,36
19,24,39,49,90,79,0,83,37,23,61,72,82,33,92,88,7,31,65,80,58,70,25,64,3,94,66,28,85,47,21,48,57,54,20,78,75,59,77,89,26,5,84,14,96,44,16,45,51,30,22,93,46,27,55,50,68,63,6,56,11,71,99,97,87,38,95,60,67,9,86,12,41,34,91,69,62,10,29,35,1,4,42,52,81,15,40,73,74,76,8,98,32,2,53,18,17,43,13,36
19,24,79,22,33,3,0,83,37,23,61,54,82,1,92,88,75,91,65,80,58,70,25,64,11,76,96,28,85,47,21,48,59,18,20,78,86,49,77,89,26,13,99,14,51,42,16,45,66,72,84,93,46,27,55,50,68,63,32,56,97,95,4,17,90,38,69,41,67,9,94,12,31,8,35,34,62,7,29,10,87,30,5,53,60,15,40,73,74,44,52,98,6,81,71,57,39,43,2,36
39,24,65,34,33,5,0,69,79,23,61,27,82,83,92,88,75,13,54,80,58,86,11,64,66,76,48,22,43,47,21,70,59,18,1,78,95,30,77,32,26,89,85,14,51,42,16,45,3,28,84,93,46,53,55,50,40,63,49,56,97,9,4,15,90,52,20,41,17,91,94,12,31,96,35,25,62,7,29,10,37,8,99,6,60,57,71,73,74,72,81,98,44,87,38,67,19,68,2,36
39,24,56,7,33,5,25,69,79,96,0,27,82,83,68,88,75,50,51,93,34,86,81,3,43,35,48,65,18,70,32,55,59,76,30,78,58,44,77,11,26,89,21,14,36,42,9,45,84,28,85,61,1,53,91,17,41,63,49,92,97,12,4,15,90,31,20,40,64,46,94,95,80,22,16,54,62,66,29,10,37,8,99,6,60,57,71,73,74,72,52,98,47,87,38,67,19,23,2,13
39,24,68,7,57,5,25,33,79,96,0,27,74,40,19,8,49,45,69,93,34,86,56,75,43,35,48,65,63,55,15,18,59,76,9,70,58,90,30,11,1,89,21,14,36,42,2,29,38,28,85,61,99,53,91,17,41,81,50,92,97,23,83,6,82,31,13,98,64,46,94,12,80,22,16,54,62,66,71,3,37,77,95,10,84,88,78,4,60,72,52,32,47,87,73,67,51,20,44,26
39,59,68,7,57,93,25,33,72,96,0,75,74,40,79,13,21,45,51,69,34,86,41,27,43,35,18,48,63,55,15,5,49,76,9,70,28,90,23,11,3,89,98,14,36,61,58,29,42,1,8,24,99,10,65,17,38,56,50,92,81,26,83,6,82,31,22,32,64,54,62,95,30,94,16,37,97,66,71,80,20,77,91,87,84,88,78,4,60,2,52,12,47,85,73,67,46,53,44,19
46,68,64,59,57,52,25,33,72,96,4,98,74,40,79,97,30,86,51,69,49,29,41,27,43,3,13,73,63,55,15,5,90,34,91,70,28,18,23,11,0,89,93,14,7,47,58,85,42,1,8,35,99,10,81,39,38,65,54,75,56,26,83,6,82,31,45,32,67,71,62,36,77,2,16,37,92,66,9,80,20,48,94,87,84,88,78,53,60,95,17,12,61,76,21,24,50,22,44,19
46,29,64,59,83,52,92,33,72,96,4,61,40,57,63,97,30,86,51,69,34,49,41,16,80,65,98,73,17,3,31,26,37,95,75,55,25,18,23,11,0,89,93,24,68,7,58,85,42,1,8,35,99,10,81,39,38,76,28,9,56,88,77,6,36,60,45,32,67,71,70,53,84,2,43,47,62,66,54,90,20,48,94,87,91,79,78,15,82,13,44,12,14,74,21,5,50,22,27,19
46,78,39,59,83,52,92,37,72,8,4,61,40,57,63,97,30,66,34,69,25,49,41,38,42,45,88,26,75,94,31,95,64,13,89,85,73,18,23,96,0,55,93,24,68,7,51,90,11,1,58,35,99,48,81,84,62,76,33,9,56,67,50,6,36,60,14,32,77,71,70,98,80,2,19,43,29,3,54,10,20,16,65,87,91,79,28,22,82,17,44,12,47,74,21,5,53,86,27,15
77,78,27,59,83,20,29,52,72,8,4,38,80,57,63,1,99,66,19,69,25,91,41,9,42,65,88,26,75,94,45,95,64,46,89,14,73,32,23,96,85,55,62,24,92,7,51,90,11,76,58,12,86,48,53,84,39,31,33,82,56,67,43,6,36,79,68,81,17,71,70,98,37,2,50,97,13,3,40,10,5,34,61,87,54,28,49,22,30,16,44,18,47,74,21,35,60,93,0,15
42,9,27,90,83,20,29,52,38,99,74,73,80,63,23,1,4,66,19,61,49,17,41,10,8,88,39,25,75,94,45,95,64,46,48,14,54,12,18,93,26,55,62,24,92,7,79,58,6,76,0,91,86,56,53,84,51,31,33,82,32,67,43,11,87,96,68,81,34,71,70,98,37,2,50,97,13,3,40,65,5,16,78,36,69,28,47,22,72,77,44,57,35,30,21,89,60,59,85,15
42,9,78,90,83,74,29,97,27,19,43,99,80,84,89,1,4,56,13,33,16,17,41,10,98,88,25,91,75,95,7,66,54,46,48,82,14,12,11,93,26,55,62,22,6,52,61,58,63,76,0,49,86,23,53,21,51,31,94,81,60,67,64,92,87,96,68,24,18,71,73,30,37,2,50,34,70,3,40,65,5,32,38,36,69,28,47,39,72,77,44,45,35,57,20,79,8,59,85,15
82,9,26,45,83,74,19,4,29,68,43,99,80,84,89,1,65,16,13,57,76,22,41,10,98,6,25,91,33,39,58,0,54,46,48,90,14,15,11,93,97,55,62,86,24,56,61,42,73,27,2,49,21,23,53,52,66,51,94,81,60,67,64,92,44,96,95,87,40,71,38,30,37,75,50,18,70,3,31,85,5,32,7,88,69,28,47,17,72,77,20,12,34,78,63,79,8,59,36,35
82,20,26,45,83,53,19,4,29,68,43,99,18,84,66,1,65,16,71,37,39,22,98,24,11,6,52,91,33,69,58,13,54,46,74,90,56,15,78,94,70,93,72,86,10,76,61,25,73,3,0,48,21,23,27,62,50,51,8,80,60,67,14,92,44,57,55,87,40,97,38,30,7,75,49,2,64,95,31,85,5,96,36,88,34,28,47,17,42,77,9,12,41,89,32,79,63,59,81,35
82,20,6,54,28,53,33,32,29,68,4,34,18,47,65,83,11,0,19,37,56,1,98,24,71,8,23,91,43,73,58,84,64,46,74,90,94,15,78,50,70,93,72,86,10,9,61,25,80,97,30,13,21,5,27,62,45,51,12,26,60,3,14,92,44,57,55,67,40,2,31,35,7,75,49,52,38,95,76,85,99,96,36,88,39,77,16,17,42,66,87,48,41,89,22,79,63,59,81,69
87,73,65,89,82,83,33,32,29,68,4,34,18,47,11,13,60,0,49,37,66,57,84,24,71,8,23,91,6,98,58,90,64,53,72,5,94,81,62,50,86,93,42,79,10,9,61,78,12,22,30,56,21,17,40,70,45,51,55,80,27,96,14,92,44,20,31,67,19,2,46,35,7,75,1,52,38,95,76,85,99,39,36,88,26,77,16,74,54,97,43,48,41,15,28,25,63,59,3,69
93,11,6,89,45,83,16,32,29,75,55,4,18,47,27,13,60,73,49,50,12,23,84,24,71,8,37,17,51,38,58,90,87,53,72,5,94,68,30,22,86,67,42,79,10,9,61,78,36,40,62,56,69,64,57,70,3,46,21,66,0,96,14,82,44,20,31,65,19,2,92,35,59,26,80,52,85,95,76,33,99,1,7,88,97,77,34,39,54,81,43,48,41,15,28,25,63,74,91,98
93,19,53,89,52,83,11,32,29,23,45,4,72,7,33,13,58,73,49,50,78,42,16,24,71,8,30,17,51,2,55,86,87,31,91,5,94,68,77,22,64,67,28,79,10,6,61,12,0,25,62,56,40,18,57,95,99,46,21,66,69,96,14,82,44,20,63,65,9,97,92,35,59,26,80,81,60,84,76,41,36,1,85,88,47,48,34,39,54,90,38,75,3,15,43,37,27,74,70,98
81,80,53,89,52,68,11,22,29,40,45,4,72,41,12,13,58,8,49,50,24,25,51,61,71,62,30,17,10,35,55,14,87,31,33,39,94,76,77,92,64,67,28,79,63,6,59,78,16,43,7,73,32,20,57,95,99,46,27,66,69,96,56,82,42,5,54,65,9,97,48,0,21,26,2,93,60,84,34,19,44,1,36,88,47,86,83,18,38,90,85,75,3,15,91,37,23,74,70,98
47,80,54,89,2,68,10,94,44,40,45,3,93,41,12,13,4,6,49,90,24,25,51,61,71,62,22,17,8,35,55,83,87,31,81,39,48,86,77,92,64,0,28,29,52,19,23,78,16,21,7,73,26,20,57,95,99,46,27,66,69,63,56,18,1,53,33,65,98,97,82,85,9,11,67,32,60,84,43,50,30,74,36,88,76,79,14,34,38,5,58,75,42,15,91,37,96,59,70,72
72,80,54,89,76,68,10,94,81,95,45,7,93,35,1,13,4,6,90,12,24,73,40,61,88,62,22,17,60,44,48,32,87,55,57,39,34,82,77,92,25,0,91,29,52,19,23,64,16,21,47,99,8,53,51,50,78,46,27,66,20,31,56,18,28,15,33,65,98,97,86,85,9,11,49,41,69,84,43,59,30,74,96,36,3,79,14,2,38,5,67,75,42,37,63,83,58,26,70,71
50,80,54,89,57,68,10,94,81,34,45,7,36,35,44,42,60,77,90,72,88,73,22,13,58,21,24,17,6,82,98,32,87,78,48,39,1,95,14,92,25,63,91,29,62,19,23,64,4,16,47,99,33,40,51,0,28,61,27,66,20,31,56,74,55,15,53,65,70,97,18,84,9,11,49,41,69,86,43,59,52,2,96,93,3,79,85,75,38,5,67,8,71,37,12,83,76,26,30,46
50,80,67,87,57,29,10,94,81,36,45,7,6,64,8,42,60,16,90,55,88,66,22,13,58,12,68,35,86,25,98,32,78,74,48,39,1,51,14,92,53,24,91,21,62,19,76,95,4,89,47,63,33,40,46,0,28,41,27,85,17,31,54,93,30,15,72,65,61,97,18,84,44,11,70,73,69,49,43,23,59,2,96,34,3,79,82,75,38,5,99,52,71,37,26,77,83,56,9,20
50,80,35,41,57,48,10,62,19,36,98,7,6,64,32,87,60,16,90,92,53,88,63,33,58,12,68,29,86,59,67,76,65,74,55,39,34,51,24,30,99,45,8,21,66,25,42,71,4,89,78,94,20,49,46,0,28,81,54,85,17,56,27,93,1,14,72,44,61,97,18,84,13,11,70,73,69,40,43,23,91,2,96,47,3,79,82,31,38,15,22,52,75,37,26,77,83,5,9,95
50,82,35,8,57,40,10,94,26,36,61,79,6,7,32,87,60,91,90,49,98,88,76,33,58,67,68,83,96,59,99,12,65,74,55,39,29,51,25,86,1,45,21,14,66,37,41,71,47,89,92,64,20,48,46,0,16,81,56,85,17,4,27,93,38,54,72,44,13,97,18,84,3,11,70,73,69,28,23,19,80,2,77,30,42,43,53,31,34,15,22,52,75,62,78,63,24,5,9,95
50,82,14,9,57,86,10,26,25,76,61,42,6,7,28,87,64,68,75,49,85,32,90,98,58,67,4,83,96,59,99,12,65,81,55,39,20,51,22,29,1,60,21,94,47,37,41,71,8,89,92,77,91,0,46,43,16,44,79,2,17,74,27,93,38,3,72,23,13,88,18,84,48,11,70,73,69,34,36,19,80,40,62,30,54,95,53,31,45,15,78,52,33,35,97,56,24,5,63,66
50,47,96,9,58,86,10,26,81,17,61,42,25,7,82,87,66,4,80,6,85,32,90,98,43,31,45,83,55,59,14,12,65,75,5,39,20,1,22,29,99,3,21,94,18,37,67,0,8,89,92,40,41,15,46,2,16,76,79,56,30,74,27,93,38,91,72,23,13,64,95,84,48,60,70,73,19,34,36,78,53,51,28,71,54,62,44,57,88,11,69,52,33,35,97,68,24,77,63,49
28,47,96,9,6,86,10,65,78,17,59,99,25,7,82,87,66,46,42,15,85,32,90,54,43,5,45,83,35,36,58,12,31,21,14,39,20,1,97,79,71,72,57,61,18,37,89,0,92,80,94,33,41,40,84,2,16,52,29,56,30,74,27,93,38,91,19,23,13,64,95,22,48,98,70,73,24,34,26,81,53,51,76,49,50,62,44,55,3,11,4,8,60,67,69,68,88,77,63,75
28,15,96,64,99,86,10,80,65,17,59,45,25,8,82,87,66,26,37,4,62,32,21,50,43,5,67,29,35,85,19,12,31,9,14,39,20,2,97,79,71,72,56,36,27,18,83,47,92,44,94,33,41,40,84,58,89,52,16,3,30,74,55,42,98,91,46,90,0,93,95,22,48,63,70,73,24,34,54,81,53,51,76,57,49,1,78,7,38,11,13,6,61,60,69,68,88,77,23,75
28,15,1,17,99,19,51,80,0,35,59,45,25,11,82,46,14,77,94,4,22,10,21,97,43,5,96,58,60,12,23,79,31,9,86,85,66,67,50,37,54,32,84,36,27,18,83,47,92,3,39,33,41,40,88,44,8,52,16,56,30,74,55,42,98,91,65,90,73,93,95,64,48,63,89,20,24,34,53,81,49,29,76,57,71,26,78,7,38,72,13,6,61,70,69,68,87,62,2,75
80,50,74,17,27,76,87,2,0,35,59,45,78,15,12,54,83,77,94,4,22,10,21,97,43,95,96,3,99,47,28,79,92,9,86,7,58,67,11,37,19,32,84,36,34,18,64,90,5,29,39,33,41,40,88,82,8,52,16,56,71,72,55,42,25,91,23,66,73,93,85,70,14,24,89,20,44,46,53,63,48,30,98,57,49,26,31,1,38,81,13,6,61,51,69,68,65,62,60,75
80,50,42,17,27,76,77,88,78,52,32,45,54,15,12,9,74,33,94,30,22,38,21,97,40,14,1,8,26,47,28,66,92,4,86,35,58,67,11,37,25,0,24,36,34,18,64,90,5,29,39,7,41,57,84,82,59,95,16,99,43,72,10,2,91,81,69,48,73,56,85,70,83,23,89,55,19,46,53,63,3,93,98,87,49,65,31,79,71,20,13,6,61,51,44,68,96,62,60,75
80,50,42,58,27,76,47,9,29,52,32,75,77,15,12,51,28,82,3,30,98,33,21,91,40,66,1,8,26,36,57,97,18,4,86,78,20,67,88,22,83,0,24,92,34,6,64,90,5,54,37,93,7,35,84,43,45,95,16,87,99,72,73,2,38,81,69,48,14,56,85,70,41,23,89,59,19,46,53,25,11,63,74,10,49,65,31,79,71,44,13,61,94,55,39,68,96,62,60,17
9,3,42,21,27,61,11,84,29,58,32,49,76,15,12,51,65,28,82,30,34,33,98,91,40,66,45,8,77,73,55,97,37,18,70,78,20,52,88,22,41,0,80,92,50,6,64,48,19,54,85,93,36,35,24,43,75,90,16,87,99,7,47,2,38,81,69,46,14,56,10,57,59,23,89,67,17,26,53,25,86,63,74,5,4,79,31,1,72,44,13,95,94,71,39,68,96,62,60,83
1,84,43,25,88,61,10,0,29,99,32,49,64,15,81,51,21,28,82,30,34,59,98,91,40,90,45,75,77,73,55,97,37,14,70,78,20,74,92,19,41,80,93,69,89,6,11,48,12,54,85,13,52,35,8,27,16,96,18,56,65,36,47,2,38,50,7,46,4,87,63,57,42,23,31,67,17,26,53,66,86,24,76,5,33,79,22,72,58,44,3,95,94,71,39,68,9,62,60,83
77,84,43,25,93,89,53,0,29,99,32,49,61,74,26,86,21,71,75,68,45,51,98,42,40,76,63,95,28,73,55,97,37,14,82,78,20,15,22,19,41,80,1,69,59,64,31,48,12,33,60,13,52,35,8,27,16,96,18,56,65,36,47,91,38,70,81,34,57,87,50,67,24,23,10,2,17,3,88,66,46,5,90,11,7,79,54,72,58,44,30,92,94,4,39,6,9,62,85,83
77,84,43,25,97,24,55,0,22,99,14,54,61,5,26,66,21,62,53,89,45,51,98,42,40,20,63,48,28,19,67,87,37,16,57,93,81,15,95,64,41,74,11,69,59,73,31,68,12,33,1,13,52,35,8,27,32,96,18,56,65,82,80,91,47,70,86,71,85,17,50,88,38,23,44,2,94,3,76,36,29,75,90,60,7,79,49,72,58,46,10,92,78,4,39,6,9,30,34,83
77,1,75,25,20,24,39,9,22,44,40,13,61,74,89,82,36,62,95,53,45,51,65,42,87,98,64,48,28,19,70,76,29,84,57,93,81,15,52,26,5,56,11,69,59,23,16,43,67,33,0,41,50,35,99,27,32,96,18,55,21,37,80,91,47,66,86,71,85,54,63,88,38,78,94,2,14,3,73,12,31,97,90,60,7,79,49,72,58,46,10,92,8,4,68,6,17,30,34,83
77,1,75,20,32,7,45,9,22,44,56,13,8,61,84,82,36,62,37,4,39,51,65,47,25,98,64,48,50,42,70,91,89,40,57,0,24,27,94,26,5,76,11,69,85,23,14,67,59,33,43,41,93,35,99,52,63,96,18,88,21,19,80,55,49,66,86,71,46,54,95,87,10,78,29,2,16,3,73,12,15,97,90,60,31,79,53,72,58,92,74,6,38,81,68,28,17,30,34,83
54,96,75,59,0,73,45,9,83,44,56,13,8,61,84,82,70,52,37,4,81,51,80,21,90,98,64,48,77,42,76,20,89,47,57,16,68,63,23,91,5,22,11,69,85,10,14,67,26,28,94,41,93,40,32,25,53,97,18,88,35,19,92,50,49,66,86,71,99,65,95,87,3,78,27,2,7,29,46,12,1,39,55,60,31,79,24,72,58,15,74,6,38,33,43,36,17,30,34,62
54,96,75,50,0,73,45,9,77,44,56,1,80,83,59,6,70,52,90,76,81,48,22,53,34,98,94,3,11,42,93,20,61,47,57,16,13,63,26,91,7,71,30,46,85,49,14,84,74,28,95,41,51,40,32,25,86,58,18,97,35,19,24,8,4,66,37,21,99,65,82,87,88,78,92,2,62,29,64,12,69,39,55,60,31,79,27,72,67,15,5,89,38,33,43,36,17,23,68,10
54,50,26,39,43,73,6,35,18,38,45,72,80,7,13,89,70,97,90,76,81,48,22,53,34,98,49,1,11,42,93,74,61,47,96,16,44,20,75,25,59,71,0,46,9,57,14,84,67,58,95,41,51,40,32,65,86,56,63,92,91,19,24,88,4,10,94,17,99,55,82,87,8,78,85,2,62,29,64,12,69,21,66,60,31,79,27,52,37,28,5,83,15,33,3,36,30,23,68,77
96,50,77,39,65,56,6,35,18,38,45,76,80,24,13,89,70,97,90,74,81,48,41,58,72,98,3,60,11,42,93,22,7,47,71,16,44,20,59,62,2,85,14,46,9,57,94,29,67,15,95,40,51,23,32,12,86,54,75,34,73,19,17,88,4,10,64,1,99,55,68,87,8,78,83,91,0,53,92,82,69,21,66,30,31,79,27,52,37,28,84,61,26,33,36,5,49,43,63,25
7,66,97,39,65,56,78,73,18,60,21,86,80,24,13,89,70,68,42,74,33,48,41,58,0,98,3,22,11,20,76,50,99,47,71,16,44,85,57,9,17,59,14,62,90,8,94,29,46,10,69,31,51,23,32,12,77,54,96,34,45,19,91,88,4,75,64,1,36,55,40,52,72,27,83,95,37,53,92,82,15,2,93,30,67,79,81,6,35,28,84,61,26,38,87,5,49,43,63,25
16,66,65,39,46,56,83,68,18,60,1,86,80,19,13,24,70,74,42,63,44,48,41,58,53,98,3,73,11,20,76,50,94,38,37,88,64,85,33,9,17,59,89,62,90,8,6,29,79,99,69,57,71,23,22,12,77,54,96,34,21,7,91,51,4,45,2,95,25,55,40,52,72,27,75,36,32,82,31,93,15,97,28,14,67,10,81,47,78,35,84,61,26,0,30,5,49,43,87,92
51,92,66,39,35,56,83,20,18,21,74,86,69,19,80,24,1,28,95,63,44,42,41,58,17,98,3,32,11,78,48,50,94,38,37,31,10,85,33,9,46,89,88,65,26,76,6,62,0,99,52,57,71,68,22,12,14,54,96,34,15,7,91,82,4,45,2,73,59,55,40,60,79,27,75,36,23,53,13,93,70,97,49,25,67,64,81,47,30,29,84,61,90,72,77,5,16,43,87,8
30,92,76,39,85,32,83,2,18,21,74,51,20,33,15,7,41,28,35,77,69,56,50,58,53,98,3,66,11,78,48,43,94,72,37,31,27,1,80,9,38,14,88,86,26,46,6,62,70,44,52,57,89,68,22,12,0,54,96,34,65,64,91,82,4,45,84,63,59,25,17,99,79,60,75,36,23,16,13,93,40,19,49,73,67,95,81,47,71,29,24,61,90,10,97,5,55,42,87,8
87,4,66,24,19,81,40,17,18,55,74,21,20,39,15,7,96,28,65,77,67,56,50,58,47,98,64,34,32,78,59,43,85,83,9,79,27,1,11,76,38,14,88,86,26,46,6,62,2,44,52,31,89,68,69,12,0,54,94,70,51,90,13,82,22,45,53,63,35,25,75,99,48,60,84,3,23,16,80,93,30,36,49,73,33,95,37,92,71,29,57,61,41,10,97,5,91,42,72,8
61,4,66,92,19,81,12,87,40,55,74,21,20,39,53,84,96,28,34,14,67,56,50,58,31,47,17,29,32,85,51,43,15,83,7,79,59,64,75,76,11,24,88,86,26,46,6,62,2,44,37,35,89,68,48,69,0,73,9,52,90,30,13,82,94,45,22,63,1,54,65,99,3,78,98,60,23,16,80,93,91,36,49,27,33,8,18,10,71,70,57,25,41,38,97,5,77,42,72,95
61,93,66,67,19,81,12,71,40,86,74,87,20,39,18,76,78,89,34,14,72,52,63,13,51,47,58,1,32,85,98,21,15,83,7,37,59,64,75,80,11,24,31,2,26,46,6,62,60,44,22,92,97,68,79,10,0,73,9,77,43,30,53,82,94,45,29,5,56,54,65,99,50,69,3,35,48,16,96,90,91,36,49,27,33,8,55,23,4,70,38,25,41,84,88,17,57,42,28,95
61,93,66,67,19,32,12,71,69,86,74,87,20,39,78,76,43,62,34,5,72,52,63,13,51,97,54,45,4,85,59,21,2,55,31,37,42,89,33,80,26,1,98,14,22,46,6,75,81,48,47,92,91,18,11,57,0,73,9,44,79,15,53,82,94,3,29,35,56,40,65,99,24,68,30,16,88,10,96,90,50,36,49,27,77,8,38,23,83,70,7,25,41,84,58,17,60,64,28,95
22,54,51,67,19,32,90,82,16,86,74,87,20,89,47,75,52,53,34,66,78,76,63,13,58,6,39,45,65,85,4,21,2,55,94,37,42,88,33,80,79,1,12,14,24,46,61,49,81,31,98,92,10,18,43,57,64,73,56,44,91,15,28,93,23,3,29,35,48,5,72,99,9,68,30,59,69,26,96,40,50,71,11,27,77,8,38,62,83,70,7,25,41,84,0,17,60,36,97,95
22,14,51,67,50,56,90,82,16,86,74,24,41,18,77,75,88,3,34,66,78,76,43,92,58,71,35,45,65,60,48,25,2,55,94,20,64,32,33,63,79,52,12,21,23,68,61,81,31,27,98,42,10,37,4,57,1,73,46,44,6,89,17,93,91,15,29,28,40,5,72,99,9,85,30,59,69,26,96,70,80,19,11,13,87,8,38,62,83,39,7,47,49,84,0,53,54,36,97,95
28,7,51,78,50,56,88,82,16,62,74,26,41,90,98,75,22,99,34,66,87,65,2,92,58,69,6,45,18,54,23,80,71,55,94,20,64,27,35,61,60,52,76,21,59,77,32,81,31,43,24,42,10,37,4,89,33,73,3,44,1,63,17,93,12,15,29,48,40,5,72,46,11,85,30,25,36,86,96,70,67,19,79,57,9,8,38,68,83,39,14,47,49,84,0,53,91,13,97,95
73,86,67,91,50,56,88,82,16,5,74,26,41,90,44,1,30,99,2,66,55,65,98,52,58,22,6,45,7,54,23,78,72,34,94,28,57,27,35,61,60,92,9,95,59,12,70,81,69,31,77,42,10,68,4,89,33,0,79,32,80,51,17,93,3,20,29,48,40,43,63,46,11,85,87,25,36,37,75,21,18,19,24,96,71,8,38,64,62,39,14,47,49,84,15,53,76,13,97,83
73,36,61,11,4,31,88,82,16,13,74,26,22,47,60,1,83,99,2,41,55,18,39,52,69,40,6,45,7,50,25,78,30,43,72,28,57,27,89,53,34,54,9,95,59,12,70,81,63,90,24,94,15,68,87,10,67,0,65,32,80,51,17,93,3,20,29,44,42,33,86,46,35,85,98,23,77,37,75,5,58,19,56,96,71,8,38,64,62,91,14,21,49,84,66,92,76,79,97,48
42,36,61,11,89,81,63,58,8,13,74,28,22,47,60,1,83,99,2,5,55,18,39,52,78,40,6,45,7,69,82,21,76,37,72,4,57,27,77,41,64,54,49,95,59,9,70,16,90,68,31,94,53,30,87,10,43,0,65,32,79,51,24,93,3,20,29,44,17,33,86,66,35,85,98,19,46,12,75,56,25,34,91,96,67,92,38,48,62,88,14,26,97,84,71,23,15,73,80,50
42,40,61,20,99,81,78,58,68,13,74,28,84,4,60,1,83,18,90,5,14,24,94,73,38,22,6,45,7,8,82,21,92,37,72,89,19,27,95,77,64,63,49,98,59,9,70,25,44,16,31,47,53,30,23,10,76,0,2,32,79,51,33,93,3,65,29,55,17,52,86,66,91,85,34,50,87,12,96,56,75,41,35,39,67,11,43,48,62,88,57,26,97,54,71,36,15,46,80,69
42,40,57,6,99,81,78,44,68,13,74,28,84,4,66,10,98,71,90,19,38,41,20,73,24,5,83,92,82,8,52,23,58,65,96,85,60,27,95,77,93,63,49,56,59,9,70,25,18,46,31,47,53,30,80,22,76,0,2,32,79,51,61,7,3,14,29,89,17,64,86,16,91,43,33,50,35,12,26,34,75,21,37,39,45,11,94,48,62,88,55,97,72,54,1,36,15,67,87,69
42,91,57,77,99,81,78,40,23,13,48,30,84,4,52,9,98,71,73,6,54,41,20,76,39,46,83,67,82,92,35,74,58,65,96,68,60,27,66,43,19,63,49,22,59,89,70,25,18,16,31,47,24,2,80,44,56,0,53,32,79,51,3,7,75,14,29,61,17,64,86,97,38,55,93,10,34,12,90,26,8,21,37,28,45,11,94,33,88,5,62,85,72,50,1,36,15,95,87,69
56,74,57,19,2,73,79,40,23,13,29,16,86,14,52,39,98,24,3,6,54,97,20,76,25,46,83,67,8,71,35,84,58,27,10,68,60,92,66,43,62,42,49,90,59,89,30,22,18,99,31,82,63,88,48,78,9,0,53,32,69,51,4,7,75,81,55,61,17,64,45,91,38,96,93,77,34,12,80,26,47,21,36,28,70,11,94,33,41,5,65,85,72,50,1,37,44,95,87,15
21,74,92,40,2,73,23,28,18,29,12,16,86,14,0,39,98,90,3,37,95,53,44,51,25,15,83,67,8,19,35,84,58,27,78,68,60,57,79,26,5,6,49,72,59,89,30,22,99,81,31,11,42,43,48,82,9,46,13,32,69,71,4,50,20,63,55,52,17,64,45,91,38,96,93,77,75,62,80,54,47,61,36,10,70,24,94,33,41,34,65,85,7,56,1,76,66,97,87,88
21,7,92,40,39,73,1,16,18,93,12,45,86,32,0,52,6,90,4,37,95,14,44,35,94,15,83,67,68,19,26,36,8,74,78,98,81,57,79,28,50,99,49,80,2,96,30,11,22,5,31,60,23,43,48,82,85,46,13,27,69,71,54,42,20,63,25,72,17,29,87,91,38,58,84,77,75,62,41,59,47,61,89,10,70,24,55,33,9,34,65,64,3,56,53,76,66,97,51,88
21,19,89,40,39,60,53,71,18,93,4,25,57,17,1,62,6,90,32,58,65,14,44,35,94,15,83,67,68,24,99,36,8,50,70,26,46,37,79,28,72,31,49,59,2,96,30,11,22,54,0,74,85,43,48,76,5,98,13,27,69,51,80,42,20,63,95,9,92,29,87,91,38,82,84,77,16,7,73,45,47,61,81,10,12,41,55,75,23,34,78,64,3,56,33,86,66,97,52,88
21,17,32,40,39,12,4,45,87,84,69,25,98,3,23,62,6,90,56,44,65,20,88,35,82,15,80,67,68,10,5,36,8,50,70,26,46,37,79,42,60,31,57,59,66,96,30,55,22,54,0,74,85,27,48,76,94,14,13,53,93,51,49,83,71,63,95,9,92,99,91,19,38,64,1,77,16,7,73,86,47,61,81,28,41,43,58,24,18,34,78,75,89,72,33,29,11,97,52,2
95,21,49,16,82,12,18,45,46,71,38,25,39,3,23,62,6,90,56,7,9,0,88,35,41,72,32,67,68,10,91,36,8,44,70,84,78,37,5,42,97,31,57,48,66,27,30,83,22,54,20,74,85,60,11,76,94,14,13,53,93,51,87,64,61,63,96,55,4,99,26,19,80,15,1,77,79,29,73,86,69,17,81,28,59,43,40,24,58,47,34,75,89,98,33,50,65,92,52,2
11,21,49,19,82,23,30,45,55,40,70,25,39,4,15,62,6,0,42,48,9,47,43,35,41,72,12,67,94,10,95,36,8,75,7,2,78,37,97,71,5,31,88,26,59,27,3,83,22,54,29,74,85,60,57,76,84,14,13,53,93,51,87,32,61,38,96,34,46,99,68,16,66,20,1,77,79,91,73,86,44,17,81,52,69,63,98,24,58,64,80,90,89,18,33,50,65,92,56,28
11,23,72,19,82,37,36,45,55,40,21,25,13,91,15,35,95,0,42,48,9,64,24,26,22,54,90,67,94,10,39,17,8,75,7,2,78,76,97,71,98,41,88,5,59,53,3,73,38,32,20,80,85,60,57,68,84,52,62,86,93,14,87,70,61,12,96,34,46,49,31,16,66,51,1,77,79,6,99,83,44,43,74,69,18,63,47,27,58,4,81,30,89,29,33,50,65,92,56,28
21,29,72,19,27,37,36,45,92,40,76,23,13,41,15,52,16,34,42,48,56,64,24,6,22,54,90,67,94,10,39,17,44,75,7,55,78,59,68,71,86,58,46,5,53,12,3,73,38,32,20,80,85,60,57,95,84,43,62,14,93,61,11,97,8,25,96,70,1,26,31,69,87,51,66,77,79,50,99,83,9,35,33,74,82,63,49,47,2,4,81,30,89,0,65,18,88,98,91,28
21,29,48,1,38,18,36,45,31,40,76,23,7,41,37,56,14,34,42,12,84,64,58,6,22,88,54,98,94,10,75,17,44,39,15,55,78,59,68,71,86,91,13,5,53,0,25,73,19,32,8,80,85,60,79,16,27,81,43,24,46,61,11,97,87,90,57,70,93,26,72,69,62,67,66,77,4,50,99,83,9,35,74,52,92,63,49,47,2,82,96,30,89,95,65,3,28,33,20,51
17,33,32,67,80,56,22,45,31,82,75,97,7,38,1,20,14,34,87,12,6,64,85,41,96,88,54,98,90,10,93,46,69,39,15,55,78,59,68,26,43,91,13,5,53,0,50,73,19,21,8,37,86,60,81,76,27,16,23,24,18,61,65,48,40,2,57,70,44,36,72,71,62,25,66,77,4,84,99,83,9,51,74,52,92,63,49,47,29,94,79,30,89,95,58,3,28,42,11,35
0,17,32,72,59,56,4,45,41,82,75,81,92,38,1,31,14,27,87,12,6,64,85,39,58,88,54,98,90,10,21,43,71,34,67,55,62,8,68,20,16,33,13,99,53,36,79,73,19,69,7,80,76,37,57,96,97,22,23,24,78,61,65,48,40,60,5,70,44,50,2,15,91,25,66,77,86,84,9,46,30,51,74,52,93,63,49,47,29,94,11,26,89,95,18,3,28,42,83,35
0,17,32,77,59,76,6,69,52,41,75,74,92,38,67,31,14,27,85,72,37,12,7,48,58,65,54,71,90,30,10,39,55,34,82,9,62,8,68,20,16,33,56,11,87,36,79,99,19,63,4,73,25,21,22,96,97,26,23,24,78,61,88,13,40,60,5,18,44,50,2,15,29,93,66,43,86,70,81,46,64,51,53,57,1,98,49,47,80,94,91,84,89,95,45,3,28,42,83,35
18,85,23,77,38,76,6,69,16,68,75,33,92,10,48,25,52,27,83,56,37,12,1,31,98,65,54,71,90,30,32,39,88,40,74,4,87,8,91,20,14,42,0,63,82,29,79,99,19,67,72,73,58,21,7,96,97,26,57,24,78,61,41,13,22,60,34,59,44,50,2,15,47,11,66,43,81,70,55,46,64,51,53,17,86,62,49,36,9,94,93,84,89,95,45,3,28,5,80,35
7,68,82,90,38,16,23,69,81,8,75,83,92,10,48,25,52,54,35,56,17,99,1,14,72,60,36,71,28,30,12,39,88,40,74,4,19,79,91,20,61,42,46,63,31,6,58,27,47,32,85,49,65,21,33,96,97,26,57,24,78,77,41,13,22,89,34,59,44,50,2,15,76,11,66,67,9,70,0,5,64,51,53,98,29,62,87,73,86,94,55,84,43,95,45,3,37,18,80,93
7,68,43,90,84,16,18,67,81,8,75,64,92,42,55,25,52,54,61,56,17,99,48,14,5,60,36,71,28,30,62,39,88,41,74,47,35,79,31,20,51,95,46,69,12,66,58,27,4,32,72,49,65,73,70,80,83,89,57,24,78,96,0,13,19,40,34,59,38,50,2,15,76,11,91,1,9,22,33,37,77,85,53,98,29,97,87,26,86,63,23,6,93,94,45,3,21,44,10,82
94,68,43,90,34,72,18,44,81,8,92,7,6,42,55,25,52,54,61,56,39,99,86,47,84,60,36,71,3,77,59,5,17,14,20,37,35,79,31,13,51,95,53,58,12,30,66,27,88,28,19,75,65,73,26,80,83,89,11,24,78,96,74,64,62,40,32,82,97,50,2,15,76,41,91,48,9,22,33,69,70,85,49,98,29,46,87,16,67,63,1,0,93,57,45,38,21,23,10,4
49,68,43,90,34,99,45,44,91,8,92,11,77,64,55,25,75,17,54,56,39,51,86,47,84,12,4,71,67,42,59,5,94,36,52,76,1,79,33,13,38,95,53,58,63,30,66,27,72,28,19,88,65,73,26,80,31,89,96,24,78,83,10,3,40,20,32,82,97,50,2,15,14,41,93,35,9,85,81,69,61,6,0,98,22,46,87,16,48,62,37,70,60,57,74,29,21,23,7,18
14,97,43,19,86,30,45,44,91,8,92,11,81,94,55,25,75,17,28,56,26,51,57,47,69,16,23,31,67,42,39,85,90,36,82,76,4,79,29,33,38,77,13,58,63,0,66,22,72,64,95,88,12,73,15,80,27,89,96,6,78,83,10,65,40,24,70,5,99,50,2,34,53,41,93,35,9,20,59,49,84,61,3,98,68,46,87,32,48,62,37,71,60,54,74,1,21,52,7,18
14,97,43,19,8,83,45,27,91,95,18,11,81,70,99,75,24,17,20,56,48,80,4,47,69,16,23,64,31,42,39,0,90,36,82,86,25,55,26,33,57,54,28,74,63,12,66,13,72,44,30,77,98,73,96,1,92,89,94,6,78,38,51,65,40,79,67,5,21,50,2,34,53,41,93,10,9,62,59,49,84,61,3,22,68,46,87,32,29,58,37,71,60,35,76,15,85,88,7,52
77,85,87,19,8,83,36,82,35,95,10,74,81,70,99,72,24,17,3,56,48,55,4,97,69,16,23,50,31,42,39,21,76,67,68,53,25,43,11,75,45,54,33,47,94,12,34,13,91,14,30,51,62,73,96,1,26,89,20,6,78,38,57,65,40,79,0,98,46,66,2,18,44,5,93,90,9,92,59,49,84,61,41,22,80,27,64,32,29,58,37,71,60,63,7,15,86,88,28,52
3,85,87,59,8,54,51,9,32,25,12,7,34,63,99,72,24,17,19,36,52,55,4,94,69,16,23,50,31,42,35,44,30,10,27,53,65,93,11,75,89,21,33,38,0,90,62,76,13,14,82,68,92,73,96,48,26,45,20,6,78,83,57,77,40,79,81,98,46,66,2,91,18,5,47,43,97,67,70,49,84,61,41,22,80,95,64,74,29,58,37,71,60,56,1,15,86,88,28,39
80,98,87,59,73,54,58,9,32,25,48,7,34,76,5,20,24,17,19,36,52,46,4,96,83,16,23,50,15,42,35,45,30,10,27,77,65,74,22,63,89,21,33,38,0,90,62,2,71,70,82,68,92,3,6,55,93,85,11,86,78,99,57,94,41,79,81,8,12,66,31,91,13,39,47,43,69,64,67,49,51,61,97,26,40,95,75,72,29,53,37,44,60,56,84,18,14,88,28,1
57,78,56,72,73,71,55,79,32,25,48,64,34,76,5,20,24,3,59,36,61,46,4,68,83,16,23,22,15,33,35,45,77,43,44,81,65,74,53,63,89,21,42,66,0,90,62,2,7,98,82,1,92,58,6,95,93,85,96,86,10,67,8,99,41,17,87,54,12,27,31,91,13,28,30,84,69,38,19,49,51,39,94,26,40,47,75,9,29,52,37,97,60,11,50,18,14,88,70,80
32,67,58,72,9,71,55,79,56,21,48,64,27,76,5,20,24,81,59,74,61,46,4,68,83,89,23,6,84,33,35,3,77,43,45,80,65,96,53,50,13,85,42,66,0,36,2,54,7,62,70,52,92,93,44,95,11,16,28,86,10,34,8,38,87,17,98,82,63,22,31,91,12,41,30,88,69,97,19,49,51,39,94,26,40,47,75,90,29,78,37,99,60,18,25,57,14,1,15,73
11,67,58,72,91,12,55,59,56,51,71,64,19,6,5,20,7,22,26,90,61,46,4,17,83,50,31,29,84,33,35,87,77,43,45,80,65,54,53,8,13,69,42,48,0,76,2,96,92,62,36,52,66,93,44,95,16,34,28,86,27,85,21,38,73,68,98,79,63,23,24,3,74,41,30,88,10,97,9,32,37,39,94,75,40,47,78,81,49,82,89,99,60,18,25,57,14,70,15,1
16,67,17,72,24,12,55,59,56,39,71,75,19,6,5,58,7,91,26,93,48,98,4,9,11,50,31,29,95,33,35,87,57,1,45,80,65,30,46,8,78,54,42,20,0,76,2,96,38,83,43,97,66,74,44,84,68,36,63,86,27,34,21,82,73,89,85,52,90,23,62,3,51,41,49,88,10,92,28,32,37,53,94,69,40,47,79,81,77,14,13,99,60,18,61,22,25,70,15,64
34,72,13,66,24,12,55,16,56,93,45,75,7,47,5,58,59,91,29,4,53,76,61,86,11,73,31,95,62,33,35,87,57,97,17,71,65,30,46,8,78,54,42,67,0,84,2,3,38,96,48,9,28,74,19,6,68,36,63,20,27,50,21,82,60,89,39,52,90,23,25,85,51,41,49,88,10,92,26,32,80,22,77,69,40,98,43,83,94,14,79,99,81,18,1,44,37,70,15,64
67,30,95,13,24,12,42,66,56,93,16,75,44,97,1,58,59,3,26,45,53,73,61,86,43,23,31,17,8,18,35,87,57,33,37,34,72,71,46,80,54,74,47,5,0,84,65,48,38,89,19,9,28,7,78,81,4,36,63,20,27,50,21,82,60,2,39,52,90,25,55,85,51,6,49,88,10,92,41,32,70,22,77,69,40,98,29,83,94,14,79,99,68,62,76,11,96,91,15,64
67,78,95,16,24,10,15,42,56,93,79,68,44,43,75,81,59,31,99,45,21,73,33,36,89,23,55,17,62,18,35,87,65,30,1,34,66,71,46,61,14,74,47,5,90,84,98,2,38,0,19,9,28,7,22,58,4,94,63,20,27,50,80,82,60,13,39,52,77,25,53,85,51,6,54,88,37,92,41,48,70,3,26,69,40,11,29,12,97,83,72,8,86,32,76,49,96,91,57,64
7,78,42,83,34,10,15,79,56,17,8,68,96,43,75,39,59,25,99,45,21,73,33,36,89,52,55,44,93,18,35,87,32,30,46,76,92,71,26,95,14,61,47,74,90,84,98,2,31,0,19,9,28,24,22,81,4,94,70,40,27,50,72,82,60,38,16,41,63,66,53,20,51,6,54,23,37,58,5,48,91,97,62,69,88,11,85,12,13,77,3,65,86,1,67,49,80,57,29,64
18,63,8,99,78,81,29,79,85,17,96,68,13,46,23,33,59,25,73,45,69,49,15,36,24,52,55,44,93,56,35,80,39,30,54,89,92,14,26,95,97,61,47,19,90,84,98,74,31,0,11,9,16,32,34,76,4,94,70,40,27,50,72,2,60,38,20,41,21,66,28,88,43,6,82,53,37,58,5,48,91,7,62,10,22,75,83,12,51,77,3,65,86,1,67,64,42,57,71,87
94,11,8,59,6,79,63,46,20,17,96,68,13,53,23,81,37,25,73,45,69,49,80,36,24,38,0,76,88,93,35,75,78,30,54,32,39,14,26,95,89,61,47,19,90,86,22,74,31,77,40,92,4,98,16,83,99,15,70,52,27,50,41,2,29,72,33,56,21,66,28,85,43,67,82,97,34,58,5,48,91,7,62,10,84,55,9,12,51,71,3,65,44,1,60,64,42,57,18,87
94,11,8,49,6,79,63,29,20,17,96,68,13,53,82,48,37,95,73,45,69,0,80,44,51,38,59,76,88,93,28,99,78,97,54,75,39,14,26,36,89,61,47,19,23,31,22,74,5,24,15,21,4,98,16,83,18,65,70,52,27,72,41,2,85,60,33,46,90,66,62,50,32,56,43,58,77,35,40,34,92,86,67,42,84,91,9,12,81,71,3,1,55,25,10,7,30,57,64,87
94,2,76,26,6,79,85,54,20,65,96,68,13,59,5,48,37,95,73,90,8,0,80,44,10,38,52,33,46,91,28,99,78,97,23,86,39,14,64,36,89,70,47,19,88,31,84,74,1,45,15,82,21,98,16,34,18,75,4,29,61,24,57,41,35,60,12,69,53,66,62,50,32,56,51,58,77,81,40,43,92,93,67,42,49,63,9,11,72,71,3,83,55,25,22,7,30,17,87,27
94,81,84,26,88,79,85,54,20,65,5,23,33,92,31,4,37,72,73,27,76,0,80,99,10,38,59,2,46,91,28,89,78,19,64,86,39,61,95,66,13,48,47,82,93,68,63,74,1,45,15,90,21,44,18,34,70,75,36,29,25,52,16,17,35,60,43,69,53,24,62,50,32,14,56,58,77,57,40,96,12,6,67,42,49,51,8,11,41,71,3,83,55,97,22,7,30,9,87,98
94,81,84,26,88,57,85,10,91,51,5,98,33,92,66,99,70,72,39,27,76,0,19,47,40,38,64,2,9,71,87,89,78,95,52,73,54,61,68,29,13,80,32,82,93,24,63,74,86,45,15,4,21,44,20,34,65,17,36,31,25,16,48,12,35,60,43,69,59,49,62,50,79,14,58,18,77,28,1,96,53,75,67,42,46,90,8,11,41,23,3,83,37,97,22,7,30,56,6,55
94,82,84,26,41,38,85,0,91,70,5,96,47,29,66,79,11,72,39,27,76,14,19,32,40,92,64,98,37,15,68,89,17,55,21,73,54,61,53,71,25,80,33,78,93,24,63,74,86,45,7,4,88,44,10,34,65,58,36,2,49,52,48,12,35,60,43,69,30,20,62,50,99,95,59,18,77,56,1,87,16,75,67,42,46,8,28,3,57,23,31,83,13,97,22,9,81,51,6,90
94,63,21,82,15,89,85,12,91,43,84,2,48,29,66,79,11,65,39,27,76,14,0,67,40,16,64,41,37,98,44,28,62,35,74,73,54,61,53,71,31,80,33,4,93,78,55,59,26,45,7,99,88,49,10,23,38,58,36,19,70,52,5,25,97,60,47,69,30,20,86,50,18,95,32,24,77,3,1,87,72,75,96,42,46,68,34,17,57,8,92,83,13,56,22,9,81,51,6,90
94,6,0,58,15,44,85,69,91,18,17,2,48,3,21,79,28,65,29,26,76,14,84,67,39,25,64,40,37,98,27,63,62,35,74,57,54,61,53,42,66,43,33,4,93,78,55,59,31,1,7,99,88,49,10,23,36,38,32,16,90,52,5,80,73,60,47,12,30,20,86,24,97,46,41,68,82,95,11,87,72,71,96,70,45,19,34,50,22,8,92,83,75,56,77,9,81,51,13,89
94,6,0,58,15,50,85,14,91,18,78,2,48,3,59,79,77,65,71,26,76,38,46,95,39,22,64,49,36,21,27,11,62,84,74,17,54,28,32,42,66,43,33,51,93,16,55,86,70,1,7,99,88,61,75,23,4,10,45,40,90,63,5,8,98,25,47,12,30,20,67,41,97,31,37,24,53,68,29,87,72,73,96,89,82,19,34,60,69,35,92,83,80,56,57,9,81,52,13,44
3,69,0,58,15,50,85,14,60,80,78,44,48,6,31,79,57,65,77,26,10,90,32,95,39,86,64,33,36,91,27,59,46,84,74,17,54,28,5,42,66,43,8,51,81,16,21,96,62,1,7,18,88,38,83,23,49,11,45,40,22,73,47,76,94,25,71,12,34,61,67,41,97,37,63,24,53,68,29,99,72,93,30,89,82,19,70,9,55,35,92,87,2,56,4,20,75,52,13,98
42,69,0,58,94,22,49,14,15,79,78,44,70,6,31,51,57,43,77,92,10,90,32,95,67,9,48,33,59,26,27,29,64,84,74,3,36,5,61,97,66,40,8,38,81,39,60,96,47,1,7,18,88,46,85,23,50,16,62,87,21,73,28,17,41,80,71,12,91,34,65,11,13,37,63,24,53,68,55,99,72,93,30,89,82,19,86,25,76,35,83,54,2,56,4,20,75,52,45,98
58,69,78,18,24,22,12,14,15,0,68,44,70,73,53,3,57,34,91,71,30,90,32,95,67,9,48,33,59,26,27,54,64,84,74,5,35,76,46,16,99,40,8,38,81,39,60,96,47,1,7,89,6,83,85,23,50,43,62,52,42,41,28,17,87,80,29,31,20,92,65,11,13,45,63,97,77,66,49,79,72,93,21,61,82,19,86,55,51,75,25,10,2,56,4,94,37,36,88,98
33,58,72,49,24,22,19,11,82,78,68,0,70,38,14,3,57,34,91,71,30,90,32,21,67,9,48,61,59,31,27,54,64,86,74,25,35,76,46,45,17,36,95,73,50,26,60,47,81,1,7,89,6,79,85,23,80,43,62,52,42,66,28,53,8,88,29,87,20,92,65,4,13,77,41,97,96,40,15,63,69,93,12,5,84,39,16,55,51,18,83,10,2,56,75,94,37,99,44,98
33,58,72,49,92,22,19,23,82,78,38,37,27,61,14,3,34,44,91,65,76,90,32,21,67,99,56,10,59,31,64,87,24,86,74,45,35,6,9,46,11,71,47,43,50,68,60,36,81,1,7,89,29,79,75,48,80,52,62,84,26,66,28,5,53,88,73,95,20,18,0,4,85,77,41,70,96,40,15,63,69,8,12,42,17,39,16,55,51,54,83,30,2,57,13,94,93,97,25,98
33,58,72,49,15,69,19,5,82,76,55,37,50,61,94,96,34,73,26,80,98,84,23,21,67,65,92,41,59,3,64,87,24,86,74,45,53,52,14,46,88,71,47,31,22,68,60,36,40,1,7,89,27,79,95,48,11,35,62,91,28,66,43,56,38,44,75,99,20,18,0,4,85,77,9,70,6,17,10,63,93,8,32,13,12,39,16,42,51,54,83,30,2,57,78,90,81,97,25,29
33,58,14,49,34,71,30,19,15,76,55,57,50,62,94,44,82,73,26,80,23,0,42,21,67,89,35,41,59,3,64,87,53,92,74,45,2,52,1,46,36,9,47,31,22,69,60,32,40,95,7,83,27,37,65,48,11,97,28,17,68,66,43,56,38,96,75,77,20,18,24,4,85,84,54,70,78,61,10,63,93,8,29,6,12,39,88,13,51,79,98,86,99,72,91,90,81,16,25,5
53,12,14,54,67,34,71,19,15,76,41,20,50,62,94,44,92,69,26,80,23,47,97,4,49,89,35,33,85,0,64,87,56,13,74,45,70,52,78,46,36,40,55,38,22,28,60,3,68,2,31,83,27,37,95,48,61,51,59,17,32,66,43,18,39,96,75,77,1,57,24,58,73,84,11,42,82,7,10,63,93,8,9,6,5,21,88,65,29,79,98,86,99,72,91,90,81,16,25,30
13,12,29,50,67,14,77,19,15,63,41,37,80,62,47,44,11,69,26,35,84,4,97,81,49,89,30,33,85,0,64,87,56,46,74,45,94,72,78,24,88,40,91,38,23,28,9,3,68,2,31,83,27,65,66,48,61,51,59,17,32,5,43,18,98,92,55,71,25,60,76,58,73,75,36,42,20,7,52,95,93,8,79,6,70,21,34,53,10,57,22,86,99,96,39,90,82,16,54,1
13,75,29,95,18,94,74,34,15,63,41,37,80,56,47,44,88,90,43,35,84,4,7,81,49,91,71,33,85,40,97,26,62,46,11,45,21,72,78,83,17,79,14,38,77,28,52,3,67,2,99,96,27,65,66,48,61,51,59,68,32,5,30,24,42,92,55,0,25,57,64,58,73,89,36,50,23,60,98,20,93,8,31,12,70,19,69,76,10,9,22,86,53,6,39,87,82,16,54,1
62,33,30,78,18,94,74,34,4,63,87,52,84,13,38,81,88,90,43,7,10,41,17,66,49,20,71,47,85,40,97,26,73,46,56,0,21,72,1,83,65,79,5,69,77,35,61,3,67,2,99,92,45,37,22,48,75,51,59,68,15,27,86,24,42,80,55,32,44,57,64,58,95,54,36,50,23,60,98,53,14,8,31,12,70,19,93,76,11,9,28,89,91,6,39,25,82,16,96,29
62,46,30,34,18,94,74,73,28,37,81,52,84,54,2,26,88,4,69,7,32,41,17,66,49,20,71,93,85,39,97,59,27,95,10,21,98,72,31,3,65,79,5,78,77,87,23,35,67,61,99,33,45,47,38,90,75,51,0,19,50,43,86,24,42,80,92,40,44,57,64,58,83,22,36,1,55,48,13,53,60,56,63,12,70,15,68,76,11,9,8,89,91,6,14,25,82,16,96,29
62,2,30,23,61,94,54,82,28,37,81,52,99,10,34,26,6,4,69,7,32,0,17,66,49,20,74,88,85,72,97,59,64,95,87,90,98,89,31,18,65,79,5,8,12,93,71,35,67,38,39,29,51,47,41,58,75,42,77,1,50,33,86,24,11,46,92,40,44,57,60,45,83,43,36,48,55,91,13,53,84,56,63,25,70,15,80,76,19,9,21,68,27,22,14,3,73,16,96,78
62,1,47,67,61,74,28,82,37,40,81,15,7,52,34,55,6,4,23,46,91,0,17,66,49,89,51,88,69,72,22,12,64,95,87,77,5,54,31,18,65,96,59,32,10,97,57,35,2,38,39,29,26,68,93,58,75,42,25,8,50,20,86,30,11,36,41,90,44,33,60,45,83,43,24,48,13,92,79,53,84,56,63,99,70,9,80,76,19,98,21,85,27,94,14,3,73,16,71,78
44,95,47,72,52,18,59,82,37,91,81,15,39,40,34,80,6,65,23,46,94,0,24,66,83,89,51,84,69,19,22,12,64,96,27,77,4,54,31,76,79,99,88,32,10,97,7,35,42,38,61,29,26,68,93,57,20,2,25,8,50,5,87,74,11,36,41,86,28,58,60,45,56,43,30,1,13,67,14,53,92,33,63,75,70,9,55,62,21,98,17,85,90,49,48,3,73,16,71,78
33,11,47,72,52,18,93,3,15,91,81,37,39,40,32,80,98,65,23,46,29,0,24,66,83,89,74,45,30,19,22,12,2,94,27,77,4,54,31,26,79,5,88,42,10,99,48,35,14,38,61,84,59,75,82,57,20,9,25,8,85,97,87,34,76,36,53,86,28,64,60,44,56,43,69,1,70,55,95,41,13,51,58,6,50,63,92,71,21,7,17,62,90,49,68,96,73,16,67,78
50,11,47,41,53,97,22,3,15,91,79,83,27,40,6,46,98,65,43,30,26,0,24,33,71,89,31,20,52,19,70,66,2,94,32,77,4,54,93,86,74,5,88,92,10,78,23,35,14,75,61,85,59,48,82,57,7,9,25,55,72,8,87,39,76,36,81,42,29,64,60,44,56,37,69,1,12,28,95,45,13,51,58,63,49,34,18,99,21,84,17,62,90,38,68,96,73,16,67,80
82,11,75,41,37,97,44,3,4,91,43,12,87,40,6,20,61,65,33,30,98,79,24,64,46,76,31,49,52,19,25,66,72,81,32,77,2,54,53,86,74,5,88,70,39,78,23,35,60,0,22,85,59,94,89,57,7,9,48,1,63,8,93,71,14,36,51,42,29,26,92,83,56,17,18,27,55,28,95,69,13,45,58,96,47,34,15,99,21,84,10,62,90,38,68,50,73,16,67,80
82,11,75,67,18,83,74,33,4,43,69,24,51,31,6,92,66,65,29,7,59,91,87,64,46,71,30,49,52,19,25,95,72,62,32,38,2,54,20,86,45,5,88,70,39,77,98,35,60,97,22,85,79,94,89,57,42,76,44,1,63,8,93,96,14,36,80,41,81,26,48,78,56,17,53,27,55,28,61,37,13,9,58,90,47,34,15,99,21,12,10,16,0,23,68,50,84,73,3,40
82,46,52,61,18,55,31,32,4,27,99,5,51,67,29,92,68,65,74,95,33,91,87,64,43,42,39,49,7,19,25,98,72,62,90,35,56,54,20,69,45,58,88,2,11,77,86,81,60,97,22,85,79,94,89,57,8,76,44,1,38,40,93,96,14,36,80,41,50,26,78,24,71,59,53,66,48,28,63,23,13,9,0,84,47,34,15,37,21,12,10,16,6,17,83,70,30,73,3,75
35,46,52,64,98,3,25,32,96,4,99,5,83,67,27,75,68,63,74,95,33,26,28,21,43,55,45,22,7,19,30,24,29,62,90,56,65,39,61,69,53,58,88,59,11,77,86,81,60,97,47,85,82,94,89,57,8,76,44,54,38,40,93,0,34,36,50,87,72,80,31,78,71,79,91,66,48,17,41,23,13,9,14,84,1,2,15,37,49,12,10,16,6,42,92,70,20,73,51,18
7,13,96,16,98,93,35,32,75,4,99,5,83,97,27,25,62,63,74,95,33,26,28,67,38,29,80,92,46,19,54,24,88,22,79,37,45,39,52,69,53,58,55,65,11,77,86,81,60,90,47,85,82,12,94,91,8,76,44,61,89,40,56,0,34,36,57,87,72,50,31,78,49,15,14,84,48,17,41,23,59,9,68,64,1,2,71,18,73,3,10,66,21,42,30,70,20,6,51,43
7,73,91,16,44,10,35,2,53,4,99,5,70,97,27,25,30,52,45,8,33,43,26,77,38,63,80,92,58,61,13,24,88,22,75,37,96,39,67,69,29,11,9,17,49,95,86,81,60,90,47,85,56,12,94,19,21,76,74,20,79,46,54,0,34,36,57,87,72,50,31,78,93,15,14,84,48,83,41,23,82,51,68,64,1,62,71,98,32,40,59,66,65,42,55,18,3,6,28,89
7,73,99,16,44,10,13,2,98,14,49,58,70,97,46,39,1,87,45,8,91,43,26,77,38,63,76,92,27,42,12,24,88,11,50,80,37,31,67,69,29,52,62,17,75,95,53,81,3,28,0,35,56,85,36,19,21,61,74,20,66,30,54,94,86,60,57,22,72,34,9,78,93,15,79,84,33,83,41,23,82,51,68,47,90,59,71,48,32,40,25,64,65,5,55,18,96,6,4,89
7,73,75,35,44,22,13,50,98,96,79,58,76,97,46,51,0,87,2,8,91,86,94,4,83,63,45,92,78,72,12,33,49,11,24,54,37,31,67,69,29,52,62,17,84,95,53,81,3,28,6,18,56,85,36,10,21,61,74,27,66,26,60,90,16,32,57,88,14,34,9,39,93,15,77,99,19,48,41,23,55,71,68,47,80,59,30,20,1,40,25,64,82,5,43,38,65,42,70,89
