0,1,2,3,4,5,6,7,8,9,10,11,12,13,14,15,16,17,18,19,20,21,22,23,24,25,26,27,28,29,30,31,32,33,34,35,36,37,38,39,40,41,42,43,44,45,46,47,48,49,50,51,52,53,54,55,56,57,58,59,60,61,62,63,64,65,66,67,68,69,70,71,72,73,74,75,76,77,78,79,80,81,82,83,84,85,86,87,88,89,90,91,92,93,94,95,96,97,98,99,100,101,102,103,104,105,106,107,108,109,110,111,112,113,114,115,116,117,118,119,120,121,122,123,124,125,126,127,128,129,130,131,132,133,134,135,136,137,138,139,140,141,142,143,144,145,146,147,148,149
135,129,4,3,31,110,20,108,60,55,10,11,12,8,40,142,101,130,18,94,146,14,22,136,15,143,119,42,89,65,63,26,9,27,34,35,95,116,13,114,61,137,148,6,48,45,46,47,83,49,100,73,111,57,54,106,56,77,58,43,7,140,121,17,64,24,39,80,87,69,70,33,72,102,115,75,76,38,78,50,68,123,82,44,32,36,86,98,88,97,90,105,41,29,19,62,59,66,93,145,0,84,107,53,16,85,133,125,1,109,81,5,67,113,21,2,127,117,118,37,120,103,91,139,124,104,126,92,128,96,52,131,132,30,25,112,147,74,138,23,122,149,99,141,144,51,71,79,28,134
79,126,4,31,130,106,20,108,93,25,64,104,83,24,72,61,77,114,18,94,95,14,5,10,66,117,119,136,19,65,81,26,9,53,32,80,37,116,13,127,86,137,76,6,96,15,90,128,145,88,143,75,73,54,113,123,56,142,55,43,7,140,27,42,98,28,8,129,35,99,121,33,69,22,115,70,39,92,74,50,38,100,82,44,68,139,149,135,59,52,49,107,48,47,148,62,63,40,58,144,0,97,109,57,34,84,133,120,1,110,3,41,67,78,21,102,29,12,87,16,36,103,91,122,124,60,11,45,132,71,17,131,23,89,125,112,147,111,138,141,118,146,105,85,101,51,46,2,30,134
79,117,148,31,105,106,20,44,146,130,64,21,42,86,37,60,77,49,76,10,58,14,103,102,22,91,119,110,124,84,97,149,9,68,134,80,90,116,54,120,52,137,53,2,18,6,27,40,145,88,129,75,73,32,24,123,114,93,85,59,98,16,99,72,30,28,50,138,29,101,69,7,33,36,115,12,39,5,74,66,141,100,8,113,128,107,140,135,26,139,63,87,61,65,142,112,127,1,143,144,0,48,111,57,109,94,133,45,126,82,3,41,25,78,51,62,34,81,38,92,95,56,71,4,35,136,11,104,132,89,17,131,23,67,125,15,147,47,96,108,118,13,19,122,46,121,55,70,83,43
37,117,15,123,79,106,26,44,14,33,8,107,113,132,84,60,125,30,76,6,13,136,62,65,47,91,101,110,111,92,100,134,9,68,97,69,36,116,10,120,55,86,53,2,138,146,42,129,145,140,25,75,1,32,54,18,114,94,23,59,98,16,99,29,24,83,135,39,95,81,103,27,3,148,49,12,96,5,74,66,31,11,127,71,143,112,131,104,133,139,63,87,28,102,118,22,130,142,85,67,0,48,119,73,109,105,115,45,121,108,17,34,56,43,51,72,46,90,38,64,88,21,137,4,35,149,52,124,93,89,19,50,20,82,7,128,122,141,57,80,58,61,147,40,144,77,78,70,126,41
141,104,15,137,82,85,26,44,14,119,8,135,107,51,61,89,125,102,76,6,50,37,127,108,0,91,33,110,34,32,100,134,124,1,97,18,144,68,139,132,138,116,53,148,129,126,42,74,145,71,67,75,81,38,63,88,80,43,45,106,120,112,96,16,28,83,109,114,95,79,36,27,3,2,49,24,98,5,131,62,31,4,101,59,147,136,52,87,123,117,48,133,30,122,19,113,10,99,84,9,105,58,70,11,66,118,60,121,94,78,17,39,56,143,54,72,25,12,111,64,90,21,140,115,35,149,146,46,93,142,29,55,20,22,7,128,13,73,103,65,69,23,47,40,57,77,86,130,92,41
141,46,43,25,91,149,127,44,85,52,8,21,107,16,24,89,125,54,76,110,36,63,40,134,130,45,29,10,34,77,144,118,124,1,145,33,137,68,18,139,138,104,53,133,129,117,94,140,5,71,55,75,2,38,102,72,58,80,59,119,120,64,105,4,122,100,109,11,92,79,101,30,97,84,49,82,50,27,57,73,31,126,32,0,14,136,13,96,48,106,103,23,123,135,98,131,88,99,41,9,147,7,70,42,66,17,60,121,15,78,12,3,93,143,90,56,132,148,87,19,112,35,67,115,6,22,62,83,81,142,146,111,20,28,37,39,61,114,113,65,69,128,47,51,116,95,86,74,26,108
141,129,91,139,67,93,87,13,143,44,15,32,76,16,24,18,125,97,23,110,10,145,102,113,130,48,27,43,77,92,144,100,124,30,115,45,1,131,118,108,47,104,0,107,42,117,119,75,5,41,55,86,114,51,53,99,58,80,83,34,120,64,105,90,122,121,142,11,17,106,3,109,61,84,49,136,50,33,60,8,31,95,63,111,21,2,128,69,127,73,112,89,123,135,98,88,66,19,52,101,134,96,70,40,146,137,38,35,39,79,12,54,46,57,85,7,132,148,56,81,147,71,116,72,6,149,62,78,140,29,36,68,20,28,37,138,82,22,126,65,94,4,133,9,14,25,103,74,26,59
20,129,146,141,67,13,149,98,36,44,135,132,95,32,130,75,81,106,111,56,16,68,134,4,77,48,63,43,11,28,144,9,124,89,110,45,1,131,103,109,47,34,115,52,53,117,71,104,5,41,30,38,114,39,26,99,17,80,23,51,148,58,40,90,6,121,76,83,18,107,78,24,97,0,125,136,50,33,60,116,62,119,88,94,21,2,128,69,127,102,112,91,74,82,42,8,25,147,113,61,64,96,70,108,55,87,123,93,10,79,14,46,101,57,85,7,100,133,143,19,139,27,84,15,22,105,142,120,140,138,73,145,31,35,118,37,126,66,92,65,72,29,49,12,54,86,122,3,137,59
20,129,40,122,2,13,149,16,36,146,75,69,23,143,130,27,80,106,71,113,8,68,140,34,32,50,72,43,117,28,144,79,124,64,7,101,15,94,89,109,51,77,87,63,53,11,24,132,5,45,30,112,88,84,17,99,123,118,55,0,133,4,82,96,6,46,85,83,18,33,12,9,131,114,125,90,61,136,107,44,62,60,59,127,102,70,142,105,116,42,74,91,21,66,78,135,25,141,110,35,104,128,54,147,76,81,56,47,10,22,134,139,103,57,111,65,100,67,95,19,145,1,58,121,98,39,93,120,26,138,119,14,31,48,73,37,126,41,97,108,92,29,49,148,52,86,115,3,137,38
144,148,40,116,83,102,74,127,5,41,75,55,23,53,105,27,80,106,38,130,8,131,101,128,32,142,126,35,45,28,11,33,124,12,10,51,24,62,97,16,138,22,87,123,109,1,31,26,63,58,143,112,25,48,79,99,68,9,122,104,146,4,88,96,6,134,85,120,107,149,108,30,118,125,90,71,61,136,113,2,117,69,93,52,65,70,89,20,103,42,77,91,36,64,39,94,139,129,66,86,15,59,54,137,76,44,56,47,78,147,50,82,43,57,111,98,100,67,95,7,145,140,34,84,81,72,141,133,0,73,114,110,121,18,17,37,60,119,19,46,92,29,49,132,21,14,115,3,135,13
144,148,40,4,83,23,3,92,5,122,12,55,117,69,105,77,24,106,64,100,133,131,101,128,28,34,112,35,17,125,18,97,124,145,140,51,11,44,102,56,48,31,32,58,134,78,71,26,65,20,143,132,129,15,79,99,38,60,136,104,45,149,62,27,123,118,119,130,49,98,108,30,13,75,90,19,61,146,42,81,41,120,93,52,76,70,36,43,2,107,88,67,16,7,74,116,25,110,66,96,126,95,54,137,84,6,142,47,21,33,10,82,89,1,111,72,53,138,46,94,109,113,86,22,9,147,141,73,68,8,114,63,121,80,103,37,57,59,0,50,39,29,91,127,85,139,14,87,135,115
101,50,40,4,22,110,13,92,107,122,132,84,117,69,35,128,24,106,26,144,14,131,127,118,98,34,147,52,78,2,94,39,49,145,48,125,11,44,102,56,83,31,149,16,100,62,71,115,65,45,120,64,129,17,10,113,72,60,136,138,123,79,97,29,93,19,141,87,135,41,99,119,47,75,143,91,133,146,42,81,90,137,142,114,76,95,36,28,68,18,126,38,8,7,148,20,108,59,66,96,51,105,63,46,9,6,82,3,61,33,74,55,30,140,86,23,53,70,21,54,80,89,103,57,104,134,124,67,32,25,1,112,121,73,109,37,15,27,0,77,88,43,116,130,85,139,12,111,5,58
67,50,17,4,145,110,39,93,112,122,59,128,101,40,89,66,24,68,26,144,53,65,13,142,98,44,147,125,54,48,107,55,16,47,103,73,115,109,124,92,148,134,149,6,139,78,35,104,76,58,95,106,25,70,22,113,72,60,75,138,96,62,85,100,86,111,88,87,45,41,27,119,51,34,143,94,133,43,42,135,80,19,64,114,3,77,5,97,81,121,131,38,11,7,46,20,108,31,136,52,29,105,63,117,9,82,84,12,61,33,56,14,30,140,126,129,90,1,71,132,83,18,146,57,137,91,74,99,32,69,141,49,127,2,10,37,15,118,0,123,8,102,116,23,120,130,36,21,28,79
92,137,33,8,145,110,119,2,112,122,40,118,81,115,89,134,70,68,79,88,37,148,53,66,98,44,117,35,54,48,123,4,114,27,21,73,23,131,124,106,142,24,121,144,7,107,30,97,133,58,82,56,45,125,67,113,72,60,22,80,96,49,25,50,26,111,0,76,138,91,105,43,93,143,99,94,13,77,6,135,128,19,139,147,3,42,74,84,95,100,16,38,11,69,47,20,108,31,71,52,29,136,59,12,149,51,39,34,109,14,75,36,126,140,15,141,90,1,101,87,83,85,146,57,41,130,9,127,32,55,104,86,18,132,10,64,28,120,17,63,129,46,116,102,5,62,61,103,78,65
97,100,149,47,145,25,110,31,112,113,71,80,81,115,148,118,142,117,51,137,74,11,53,66,17,28,141,7,54,8,93,116,105,147,21,127,23,131,124,114,144,75,27,128,3,83,30,90,33,96,82,73,45,64,34,58,108,134,22,60,10,49,126,99,94,32,62,106,138,91,87,79,132,143,88,43,35,77,6,135,130,48,119,122,24,29,139,84,95,44,13,67,121,85,52,40,120,68,20,63,15,19,59,76,125,14,39,50,109,42,72,36,89,140,69,107,111,1,56,12,4,38,146,57,136,2,9,92,123,103,104,78,133,18,61,16,0,70,86,37,129,46,101,98,5,55,26,102,41,65
82,22,149,47,104,124,48,12,96,113,146,74,143,138,86,110,115,117,51,137,147,145,118,43,98,100,38,54,75,35,64,72,62,78,66,63,23,3,99,20,53,141,87,103,105,42,24,109,33,45,84,73,57,60,34,58,107,134,122,36,10,39,106,85,94,32,7,102,69,91,8,79,132,131,27,121,88,93,6,135,56,15,119,130,133,29,30,71,108,44,13,0,97,142,67,40,89,68,1,31,148,19,59,101,125,14,111,25,61,80,17,18,95,114,127,77,116,139,26,112,140,5,21,50,81,49,128,92,123,52,144,37,2,4,11,16,9,136,83,28,129,46,90,70,76,55,126,120,41,65
138,13,48,139,129,124,72,12,96,100,146,64,143,20,99,110,115,86,76,22,104,43,53,51,105,8,31,54,134,109,82,30,65,78,144,74,67,108,56,40,98,106,50,17,103,127,24,57,28,27,113,87,26,34,61,58,69,66,122,36,10,15,75,85,126,73,117,79,33,130,32,60,132,149,102,135,71,140,6,81,38,89,1,39,45,88,97,121,42,107,91,29,84,142,25,23,118,125,101,111,148,63,59,77,133,14,7,35,62,80,52,55,95,114,131,68,9,94,19,112,4,141,21,116,18,49,128,92,123,5,44,37,2,16,11,147,3,136,41,119,47,46,90,70,0,93,145,120,83,137
95,29,51,8,33,22,58,124,23,106,146,64,43,30,13,25,130,97,76,107,141,46,53,26,132,120,31,54,134,109,82,60,133,77,14,74,19,6,86,67,98,45,104,56,1,83,89,57,28,92,113,49,37,3,12,125,99,66,81,36,10,119,75,85,103,91,115,35,90,118,84,65,94,101,102,135,71,140,80,40,38,9,34,11,105,73,137,121,100,96,148,87,138,142,59,20,127,117,145,39,149,63,61,116,122,78,111,47,62,129,123,55,93,7,110,68,2,18,69,112,4,70,21,143,131,88,128,52,126,5,27,48,50,16,42,147,79,136,0,24,15,41,139,44,144,72,114,108,17,32
110,14,141,61,33,22,39,124,48,120,146,135,81,130,54,121,138,103,18,107,24,63,119,26,129,148,105,44,134,1,30,127,137,128,91,74,62,6,40,96,98,76,7,64,46,83,35,109,27,2,92,112,77,82,12,125,99,31,28,36,10,16,43,104,37,20,115,140,90,0,84,60,94,87,25,88,71,51,80,73,67,111,45,11,106,131,23,38,100,85,69,86,132,142,59,78,53,117,13,108,149,97,49,68,34,75,89,9,32,122,123,55,72,102,4,95,29,66,136,118,52,70,47,143,93,116,5,58,126,19,144,145,50,133,42,147,79,113,57,101,8,21,139,65,3,17,56,114,41,15
31,146,85,14,33,79,39,117,119,13,120,40,81,148,54,141,127,103,83,73,66,56,3,26,97,71,105,69,134,62,70,18,112,111,91,128,17,51,96,118,98,126,7,64,74,46,19,137,27,78,24,121,75,147,12,2,99,142,44,36,86,37,43,107,6,20,138,49,38,80,84,60,41,45,110,88,22,129,114,72,1,10,34,11,92,131,23,9,123,76,47,48,132,77,30,25,29,21,67,94,149,135,82,87,130,136,101,106,109,122,125,35,58,102,4,95,100,32,15,115,68,5,61,16,93,116,140,0,144,59,124,89,50,104,42,145,90,113,143,53,8,28,139,65,63,57,52,133,55,108
70,43,85,14,15,79,49,38,125,104,135,40,128,136,83,41,29,3,24,110,5,56,140,26,146,71,111,37,134,62,17,57,109,4,137,80,81,122,11,118,74,2,7,64,42,95,129,127,55,141,94,78,107,50,0,53,99,142,54,36,86,97,16,144,76,91,31,101,46,30,75,149,120,45,115,124,25,98,8,72,1,119,143,117,92,131,9,106,123,113,51,48,130,77,34,148,23,21,67,147,121,114,82,87,44,10,145,89,28,20,19,35,103,102,59,90,100,32,6,12,68,66,33,60,93,116,13,22,84,69,138,52,39,65,112,126,105,61,18,58,27,88,139,96,63,108,73,133,47,132
106,18,115,63,15,98,19,142,88,59,64,84,128,136,137,41,29,3,141,147,5,56,125,26,146,71,50,7,134,31,99,140,44,4,70,143,40,122,121,118,21,2,90,112,36,86,139,127,123,35,94,81,107,49,60,53,96,43,72,12,17,97,130,11,80,110,57,39,46,33,76,79,111,74,61,91,25,100,8,24,1,119,52,104,92,105,22,113,51,149,77,85,129,101,58,68,23,65,67,37,54,117,42,87,126,16,145,83,28,48,131,114,144,0,73,116,27,32,124,103,13,138,82,9,93,133,45,148,75,69,109,62,6,66,135,10,20,120,30,14,95,89,38,102,78,108,55,34,47,132
95,27,81,23,15,76,46,122,67,59,49,84,89,0,137,29,132,136,141,147,97,120,58,109,108,71,34,124,4,21,64,140,115,79,121,99,40,112,41,83,32,113,90,82,33,45,104,62,55,35,149,94,17,68,8,53,66,101,72,143,100,11,134,114,98,119,127,130,25,105,123,128,106,74,61,38,78,50,43,24,85,18,52,69,92,88,22,146,51,5,3,57,129,20,19,36,111,65,142,37,42,117,70,39,126,16,7,60,28,48,131,102,91,63,73,12,26,107,13,103,86,138,30,9,93,75,96,145,31,110,148,77,6,47,135,10,54,2,144,14,56,80,133,125,118,139,116,44,1,87
6,116,81,112,17,76,32,88,124,75,49,131,104,0,36,73,67,148,50,120,47,85,147,25,108,122,34,23,84,5,99,140,136,79,96,19,66,142,28,72,48,27,90,20,33,100,125,74,55,35,149,127,31,68,8,53,64,41,121,106,57,130,134,93,101,119,29,37,102,113,30,21,78,24,45,38,118,138,43,58,123,141,52,69,61,137,143,54,51,80,82,111,129,26,128,89,62,65,15,97,145,117,22,39,126,109,7,60,92,46,16,95,77,115,132,9,146,42,11,103,135,107,12,105,13,3,59,18,94,110,86,139,98,4,91,10,144,63,2,14,56,83,133,70,114,71,44,40,1,87
0,88,81,110,132,76,53,26,33,19,32,61,51,45,128,135,105,9,75,149,139,85,147,113,43,109,41,23,1,5,117,140,28,62,6,112,40,142,123,36,48,27,90,136,118,104,125,74,55,35,49,130,15,21,8,111,108,121,3,91,65,96,20,63,101,93,17,134,102,22,106,24,120,18,52,38,47,34,80,64,14,148,78,146,42,92,143,54,2,99,82,10,129,67,66,89,7,131,124,97,145,30,69,39,126,37,107,72,60,46,16,31,77,115,4,141,29,127,114,103,56,95,44,57,86,50,59,133,94,137,116,25,100,84,12,138,73,119,11,68,71,83,58,70,13,144,98,79,122,87
14,100,81,67,57,124,53,28,132,144,56,61,54,71,2,135,37,9,75,6,139,116,19,113,70,64,41,101,79,111,137,140,92,88,36,112,59,142,15,62,149,0,48,125,120,104,127,43,55,72,60,45,18,21,83,94,108,121,3,77,65,86,85,12,102,90,17,84,1,22,106,91,87,110,52,134,109,27,82,148,24,5,73,26,42,68,146,117,29,78,34,10,129,138,103,89,7,131,23,4,145,136,44,49,99,38,51,143,40,46,115,31,30,35,16,141,123,80,114,96,32,95,97,13,119,50,69,147,76,20,33,25,105,8,98,58,133,39,126,128,66,118,93,107,130,47,74,11,122,63
97,100,146,67,55,137,105,144,80,64,28,61,113,73,2,123,74,82,13,37,139,66,126,17,71,88,147,101,79,41,145,76,92,102,36,14,98,141,15,89,90,0,96,128,120,99,127,95,149,50,60,119,42,91,130,45,57,111,3,106,65,86,29,12,129,133,22,84,1,121,138,104,87,110,118,19,112,27,46,49,43,68,26,11,7,78,75,117,47,143,32,10,9,6,103,52,81,53,63,44,124,136,122,59,69,58,51,23,40,116,39,31,30,35,115,5,21,24,94,62,70,54,108,83,131,134,48,4,132,20,33,25,140,8,56,85,135,114,34,125,16,18,93,107,77,38,109,148,72,142
145,54,116,3,81,36,8,144,21,32,128,79,135,89,71,123,106,139,13,92,31,102,80,17,105,88,118,101,39,76,41,74,85,7,29,14,119,141,148,67,90,51,96,110,10,99,127,117,149,50,60,0,34,25,100,103,42,137,5,136,12,86,98,94,24,133,19,84,1,111,112,52,87,35,138,130,70,45,37,132,43,48,75,11,147,59,77,68,47,95,30,109,82,6,91,143,129,53,46,78,124,142,122,57,69,44,26,28,120,9,15,107,55,73,23,125,97,65,66,62,126,104,108,49,131,22,61,4,18,2,33,83,140,72,56,40,27,20,146,115,16,63,93,64,134,38,58,121,113,114
145,54,116,3,37,36,21,32,117,119,112,76,130,111,20,127,106,70,104,102,91,18,80,17,11,88,118,101,14,133,41,63,144,7,146,58,71,141,148,34,90,51,96,103,67,84,85,132,10,48,60,55,135,44,100,110,8,31,5,136,42,50,9,138,24,29,15,65,105,140,77,52,86,35,45,83,74,94,57,30,93,142,99,46,147,49,43,81,47,25,72,109,121,137,89,143,39,53,82,128,79,68,122,149,120,62,108,114,92,1,64,107,16,73,125,75,26,131,66,78,126,97,124,19,87,22,28,56,129,98,33,59,23,4,13,139,6,27,115,12,0,40,69,113,95,38,61,134,2,123
133,124,147,99,37,22,21,30,117,78,112,103,119,111,20,95,143,70,51,31,14,58,77,81,122,52,118,101,92,74,141,32,91,59,146,49,17,105,148,142,90,149,1,134,67,82,85,132,33,93,83,55,71,44,120,54,121,9,28,136,42,35,41,50,25,2,115,114,88,47,110,53,86,36,45,3,130,94,57,131,72,87,12,34,106,11,68,89,63,46,65,127,43,137,24,66,39,79,102,7,128,96,75,84,18,4,27,135,48,104,64,107,138,16,125,13,26,108,129,80,126,97,144,5,10,109,113,56,73,98,15,140,116,0,76,139,6,8,61,29,123,40,69,145,60,38,23,100,19,62
89,88,97,136,38,131,21,141,60,73,16,91,37,111,64,70,83,0,30,31,67,15,2,133,144,99,29,51,68,8,108,32,115,123,80,49,17,109,27,142,77,149,1,134,48,14,59,143,33,10,84,55,71,58,103,23,121,57,28,95,85,35,41,78,117,75,74,114,106,56,116,53,140,94,47,3,124,101,34,132,72,87,12,50,22,43,69,18,63,139,112,127,105,118,24,66,39,130,86,119,128,96,7,129,113,145,122,79,11,104,135,107,125,52,42,44,62,138,20,54,81,126,13,5,90,82,147,93,25,98,110,26,92,120,76,9,4,102,61,137,36,40,6,45,19,148,65,100,146,46
89,115,97,136,144,131,147,141,23,73,44,69,30,9,64,105,21,133,107,72,94,122,41,83,26,148,40,51,29,84,50,7,15,146,80,74,85,109,19,111,77,35,62,134,119,14,0,71,31,126,128,59,10,58,8,149,24,70,28,57,38,103,54,118,135,16,120,100,106,96,116,1,87,43,129,3,124,5,34,132,48,22,95,2,68,65,101,6,67,139,112,127,102,25,86,125,39,121,75,88,99,33,47,61,123,145,49,60,143,104,91,76,4,52,42,11,138,140,79,36,12,66,108,27,90,82,117,93,113,98,110,56,92,18,130,20,53,17,55,137,142,81,63,45,114,78,13,37,32,46
149,108,54,2,85,49,30,146,43,6,68,58,62,65,70,107,21,48,127,72,148,122,41,66,80,133,40,60,126,29,50,7,15,106,139,88,53,22,19,82,136,35,73,134,90,14,138,74,33,89,118,59,10,61,125,83,124,97,99,57,123,103,11,102,129,63,26,128,120,117,16,1,96,79,101,3,110,5,12,71,69,144,18,52,24,86,0,23,67,34,112,147,98,25,142,9,13,121,75,51,4,95,47,46,105,37,39,27,141,104,91,76,145,77,38,140,64,115,132,36,135,93,111,28,20,42,8,92,113,143,109,87,100,55,130,44,131,17,116,137,94,81,31,45,114,78,119,56,32,84
126,97,138,81,49,123,30,146,43,77,94,132,106,65,70,8,6,50,11,4,121,139,41,52,0,133,80,83,63,51,32,74,22,67,113,88,140,14,19,27,148,118,119,109,23,103,142,72,40,89,78,143,87,61,59,75,124,110,99,57,125,104,134,102,73,120,26,60,71,117,79,1,18,54,105,3,136,5,48,90,12,144,85,29,24,42,55,101,69,62,112,147,129,127,95,7,66,100,135,116,10,13,46,92,149,128,39,34,141,20,21,96,145,36,68,47,64,115,76,2,25,93,111,45,53,28,35,38,15,33,91,122,58,31,130,44,131,16,17,137,37,98,86,82,114,9,107,56,108,84
75,67,80,91,92,22,88,128,72,77,7,13,41,43,55,8,137,31,111,112,133,85,68,48,0,93,123,136,71,139,27,74,69,127,113,107,140,10,19,106,23,118,145,49,9,61,142,79,144,105,78,86,132,6,21,83,82,146,103,57,125,104,100,102,130,120,73,60,138,117,131,1,18,65,37,3,108,5,35,90,45,94,17,38,24,29,50,101,59,63,81,36,129,147,95,126,66,119,135,99,149,47,46,12,40,62,42,124,143,89,4,96,2,32,121,28,64,115,76,11,52,70,25,20,26,53,109,30,15,33,84,122,114,87,98,44,58,110,16,54,116,97,14,141,134,148,39,56,34,51
75,67,80,91,139,29,60,128,39,109,78,117,111,103,55,120,83,31,71,146,107,98,68,121,88,93,86,52,47,54,27,104,126,127,106,1,140,137,19,64,101,12,23,49,6,123,70,35,2,92,26,40,132,61,76,85,141,134,118,57,125,41,37,112,130,74,136,4,138,44,131,145,22,65,48,3,113,25,7,99,15,94,63,124,21,9,72,96,59,24,81,51,18,147,116,149,66,114,135,38,82,144,46,53,32,62,110,42,5,89,10,77,73,108,69,28,11,45,43,143,13,90,17,20,34,36,58,105,102,33,16,122,119,87,129,95,115,8,148,50,142,97,14,30,0,79,100,84,133,56
19,67,94,149,125,29,60,69,32,73,52,17,110,131,33,31,63,39,116,80,96,88,6,121,57,9,21,71,2,102,18,38,142,15,98,1,105,145,14,64,40,120,83,51,123,12,70,55,20,92,26,75,90,101,76,111,141,134,74,58,16,41,37,138,130,133,122,4,0,132,78,61,84,10,48,115,113,86,81,49,109,136,85,91,117,35,72,54,119,127,104,59,27,147,112,93,66,114,62,118,25,144,46,68,137,22,106,103,53,89,146,77,129,108,135,28,47,97,5,143,7,42,44,13,34,36,45,24,3,23,140,11,65,87,148,95,126,8,139,50,43,128,99,30,107,79,100,124,56,82
19,67,129,149,94,29,45,73,98,120,52,17,128,30,33,25,5,58,0,80,38,132,6,75,121,54,81,136,21,102,14,133,142,134,109,63,140,145,86,69,55,119,43,61,8,12,42,2,20,90,77,147,56,101,137,111,3,31,92,135,18,93,85,138,144,22,37,4,41,125,28,62,146,103,107,71,88,84,51,122,115,59,10,68,117,35,72,9,116,76,83,66,27,127,112,104,87,114,100,23,48,57,46,26,113,118,106,39,53,89,131,40,47,108,70,105,82,139,36,143,130,1,44,15,34,141,97,24,60,49,74,91,32,16,65,95,126,7,96,50,11,64,99,110,148,79,78,123,13,124
19,113,129,56,20,121,45,111,98,120,107,67,115,85,134,69,106,100,11,65,119,132,61,131,97,3,80,6,112,147,14,44,13,127,89,63,23,12,86,138,55,116,43,53,123,126,82,66,88,38,77,40,59,118,81,2,125,142,135,17,18,49,74,124,144,62,37,96,41,140,28,42,29,149,143,71,72,68,57,122,26,0,108,33,31,133,103,9,141,76,87,109,27,58,54,104,25,114,70,52,46,21,64,117,5,73,84,39,1,136,93,137,130,51,75,105,35,139,94,36,10,92,146,4,34,128,102,24,60,101,78,91,48,16,8,95,32,7,47,50,90,110,99,145,148,79,15,83,22,30
136,79,94,56,131,121,45,111,58,92,69,29,32,14,82,110,11,70,148,22,119,42,5,77,97,18,12,44,112,15,62,25,57,135,89,63,128,81,86,93,55,53,43,73,123,60,39,149,71,38,107,91,75,54,8,2,125,6,118,17,4,0,105,88,40,28,23,106,41,64,132,3,138,33,24,100,72,68,146,80,133,115,67,85,87,141,103,19,117,34,147,113,26,124,10,37,109,114,104,134,13,31,120,129,126,116,84,98,1,130,145,137,59,51,21,27,35,139,9,61,65,52,108,102,142,76,140,20,46,101,78,66,48,16,144,95,127,7,47,50,49,99,96,36,122,90,74,83,143,30
58,79,22,148,131,121,69,105,118,92,94,29,138,11,82,104,108,110,112,46,27,42,125,77,74,95,50,101,33,40,62,9,45,88,26,63,128,130,57,53,144,111,25,73,123,60,39,107,99,38,35,91,75,54,8,34,44,15,141,100,52,83,51,129,23,28,89,135,96,18,106,24,97,17,14,147,72,68,136,127,56,30,67,85,87,132,103,19,117,124,90,113,126,86,10,37,16,20,114,4,5,81,1,2,21,116,49,98,146,115,0,143,13,142,32,66,139,43,65,61,41,149,7,102,133,47,140,71,6,137,12,48,31,119,3,78,93,109,134,55,145,76,80,59,122,64,70,120,36,84
118,79,39,29,1,21,136,60,99,121,93,71,138,129,115,4,125,110,22,107,148,32,147,44,74,57,50,101,97,141,86,42,126,17,26,45,128,131,55,53,144,111,25,75,103,92,63,80,132,67,5,43,114,54,9,94,88,95,106,100,59,83,10,40,15,28,73,58,96,18,70,24,142,14,102,51,69,117,8,127,56,0,68,2,30,116,135,19,27,62,90,113,34,16,82,134,108,84,122,124,7,81,123,140,137,46,85,98,76,48,77,143,91,49,20,66,35,78,6,61,37,149,120,65,133,47,146,139,52,104,33,23,31,119,3,41,72,109,87,38,130,11,12,145,89,64,13,112,36,105
2,0,42,50,38,76,99,72,97,44,103,71,147,115,6,119,83,139,122,4,65,32,80,36,24,57,127,21,54,134,145,43,126,17,86,140,128,131,143,88,22,52,87,47,25,92,68,46,132,58,149,110,114,33,53,20,27,95,106,100,59,10,61,40,89,3,73,82,96,75,15,144,142,37,102,51,18,94,123,125,23,13,12,108,30,116,111,19,34,62,104,113,124,101,5,148,74,84,141,135,136,130,55,29,137,81,7,133,9,48,77,1,91,49,66,60,35,78,112,39,138,117,98,26,28,69,146,129,90,118,63,79,8,109,67,41,16,85,56,14,93,11,45,70,121,64,31,120,107,105
85,133,50,12,38,55,93,90,76,78,24,60,35,115,6,119,23,139,122,127,65,20,64,69,113,15,128,21,67,52,149,43,146,86,140,95,19,74,143,79,22,13,116,124,82,111,62,136,132,125,68,110,137,57,53,107,104,51,106,100,59,129,61,17,73,41,2,131,96,75,56,144,142,37,141,134,98,58,1,45,11,49,3,109,92,30,33,10,97,77,99,32,18,47,5,26,7,148,29,135,83,130,44,34,102,81,88,36,9,48,63,145,105,147,66,126,14,123,42,39,138,117,84,87,4,112,46,101,91,118,0,72,8,27,103,71,16,28,40,89,31,121,108,70,80,54,114,120,94,25
85,133,128,93,38,29,95,62,92,67,66,2,35,63,6,136,23,43,110,27,134,20,141,99,113,15,127,21,55,129,16,102,22,49,76,138,19,74,28,79,48,64,34,90,58,53,117,116,120,50,68,107,42,108,101,18,104,51,37,100,57,24,61,9,52,47,1,124,96,144,56,126,137,111,109,17,148,70,75,41,82,14,112,25,31,130,33,81,97,77,69,119,143,98,72,145,139,123,65,135,83,105,44,32,26,147,88,36,0,125,59,78,122,30,132,146,89,142,106,60,7,11,40,87,39,3,5,86,91,118,4,140,8,13,103,71,94,149,45,115,84,121,10,12,80,54,114,46,131,73
85,62,120,140,12,51,73,95,92,67,0,39,125,55,8,36,108,38,110,27,134,139,64,111,48,54,98,143,141,93,16,102,106,66,83,28,19,146,15,97,69,47,76,79,43,130,88,116,89,14,68,34,42,117,101,18,104,25,129,63,99,91,24,9,100,131,1,74,78,144,147,126,35,118,40,133,65,70,107,58,37,56,29,124,31,96,33,20,23,61,26,119,57,137,121,136,94,128,32,135,21,113,53,82,6,50,81,30,112,52,59,84,2,72,41,109,122,22,127,60,7,11,123,87,145,105,132,148,13,49,4,142,90,77,103,71,44,149,75,115,45,17,10,86,80,3,114,46,138,5
121,62,8,14,126,41,54,129,76,142,7,108,125,135,117,99,105,138,110,44,102,139,64,56,24,9,98,34,20,124,109,60,89,57,116,28,19,85,40,6,84,10,48,67,43,130,88,12,146,104,68,122,61,49,101,127,123,132,106,149,26,17,143,25,5,59,1,36,112,113,147,95,35,94,51,69,91,55,107,128,15,93,29,21,53,96,33,45,133,131,141,47,27,137,73,118,63,100,32,31,38,80,134,42,97,50,81,0,58,52,82,77,2,72,66,4,16,39,78,111,74,103,22,87,145,83,70,148,13,23,79,114,90,11,30,71,120,92,75,115,136,144,37,86,18,3,119,46,65,140
121,64,104,66,76,43,86,83,144,49,42,138,125,135,117,36,46,97,38,62,123,120,81,110,28,106,98,34,20,109,0,60,90,57,116,142,19,118,24,6,84,95,48,37,5,107,88,75,69,137,68,136,146,71,45,31,105,130,10,101,26,128,131,21,93,141,1,143,70,113,94,91,53,87,8,79,54,7,23,127,14,115,47,114,67,96,33,149,133,58,85,132,27,40,134,140,145,122,32,78,89,80,119,92,102,50,25,147,139,52,82,63,2,72,9,4,16,39,15,111,30,41,22,29,112,35,74,148,44,73,17,103,77,56,126,55,61,99,11,13,124,59,12,108,18,100,3,129,65,51
121,64,62,49,57,89,25,83,86,41,42,78,8,129,34,137,36,93,19,39,115,120,81,110,140,136,149,74,20,95,11,17,90,59,6,142,61,22,63,3,84,43,60,77,5,65,85,67,98,118,119,37,123,38,45,127,105,88,134,101,4,141,131,21,144,117,1,133,70,113,9,91,14,143,69,79,99,7,23,2,18,0,47,76,97,50,71,28,146,102,109,139,27,40,94,106,75,122,24,55,68,53,52,104,31,29,145,73,126,147,82,138,80,72,33,16,10,58,15,132,30,130,108,112,116,35,128,13,87,46,26,103,32,56,54,92,114,111,12,66,124,44,125,48,135,100,148,107,96,51
139,1,62,49,83,124,25,34,86,41,32,78,54,65,22,58,103,26,115,66,130,63,81,84,147,134,92,89,144,91,11,17,127,121,145,135,61,4,96,3,8,13,60,5,70,75,98,67,57,48,95,72,71,74,33,136,105,88,102,59,104,141,133,52,46,38,21,128,117,43,9,6,20,143,113,30,36,14,37,2,19,76,45,50,101,18,12,28,132,112,119,79,27,77,94,7,90,122,123,55,126,53,107,114,31,149,125,73,129,97,82,109,80,93,64,110,131,29,15,99,40,42,108,138,116,47,120,85,87,39,16,140,0,56,106,35,111,24,146,68,137,44,23,118,10,100,148,142,69,51
92,148,128,98,68,124,111,31,129,41,18,32,54,65,22,58,17,141,14,63,130,72,27,64,100,133,108,52,105,91,78,120,127,131,62,135,117,3,2,95,8,13,60,36,142,75,145,1,113,48,23,11,103,74,107,55,61,88,102,139,15,35,25,97,119,69,21,38,140,49,83,82,20,34,134,30,116,47,37,85,19,87,118,5,81,106,33,28,132,112,96,29,122,7,94,42,71,84,86,90,9,53,136,89,0,149,125,4,109,50,70,26,57,93,126,123,45,143,147,99,51,6,115,138,144,56,104,59,79,39,114,16,110,67,40,80,12,24,146,121,137,66,43,73,10,77,101,44,76,46
92,53,67,98,68,69,111,49,31,36,18,32,97,94,52,136,22,141,81,134,130,5,13,12,17,132,142,2,105,37,123,129,35,58,144,107,47,3,66,95,8,104,74,127,45,110,145,60,25,96,20,93,122,14,137,78,61,6,28,109,76,87,34,39,90,42,24,19,124,26,146,82,55,79,21,88,116,133,64,85,148,23,38,41,27,106,121,100,103,112,91,71,140,7,138,83,48,84,86,30,9,125,149,89,0,72,126,4,33,131,117,102,99,10,120,139,128,143,147,65,51,135,115,54,101,56,63,113,11,119,114,108,29,50,40,80,15,57,118,77,59,75,43,73,16,62,1,44,70,46
92,141,67,98,90,69,89,112,47,3,20,121,142,94,68,0,32,11,81,134,5,118,13,33,17,132,106,146,60,129,123,54,139,148,80,105,135,144,136,103,8,56,4,127,66,115,73,102,70,25,50,15,18,107,86,78,147,6,28,109,10,87,34,23,125,119,122,58,137,26,113,143,110,51,21,145,116,133,55,85,120,39,37,130,93,41,111,100,53,29,7,71,140,124,138,35,31,128,91,84,64,72,149,43,57,104,30,95,117,61,99,88,79,131,45,44,24,97,42,65,114,63,36,12,101,74,27,126,2,96,83,108,19,49,40,82,48,22,52,77,59,75,76,46,16,9,1,62,38,14
120,4,35,98,39,137,77,105,80,3,20,121,142,22,41,0,64,149,45,27,5,118,57,32,83,132,127,110,89,31,50,15,46,148,76,125,146,103,136,141,25,14,99,37,66,145,73,135,30,86,111,36,122,107,90,16,147,68,28,49,119,69,75,133,123,71,106,58,13,40,113,143,6,72,84,24,116,8,55,128,82,62,12,130,93,129,97,81,51,33,7,26,29,124,100,47,139,131,91,67,112,1,79,43,102,104,144,56,117,59,87,88,23,92,96,60,61,19,18,44,114,63,95,17,53,9,78,126,2,115,138,108,34,134,54,140,48,70,52,74,21,42,94,10,65,101,85,109,38,11
109,120,35,73,15,108,77,47,31,2,137,119,142,114,82,0,29,25,45,112,5,118,60,32,11,132,86,13,93,143,85,28,133,148,50,110,146,103,18,138,36,14,101,37,66,41,16,63,30,135,46,55,149,64,90,139,4,79,24,49,70,111,80,100,44,27,34,128,134,98,121,48,6,68,56,8,130,69,113,122,92,62,12,83,74,136,7,129,115,141,124,22,71,3,58,102,39,131,91,67,75,106,99,43,84,51,144,65,117,59,57,20,23,33,96,116,127,88,97,147,26,61,95,17,53,72,78,10,40,94,145,125,9,107,54,140,81,89,52,126,21,38,42,104,1,19,123,105,76,87
125,120,35,104,98,108,77,47,78,117,25,63,123,50,82,92,31,68,105,43,130,76,127,32,11,109,74,89,23,3,59,30,139,144,137,24,113,103,96,148,39,33,73,9,51,140,143,57,60,2,5,55,112,95,90,99,58,79,121,22,70,111,80,97,44,27,34,72,134,88,0,45,149,66,14,42,132,86,101,37,15,38,67,83,8,136,7,53,49,141,124,133,119,46,41,100,21,131,91,13,93,106,118,64,84,129,29,81,16,71,94,20,69,87,102,115,6,28,122,147,142,61,48,110,1,146,4,75,40,18,145,85,62,107,54,56,36,128,52,126,17,10,12,135,116,19,138,114,65,26
26,120,19,121,98,85,33,110,54,117,25,99,67,138,82,105,16,131,74,141,130,22,127,70,51,76,18,144,40,3,27,44,139,133,35,84,113,94,86,15,46,38,90,9,43,91,92,57,125,2,5,96,39,95,78,56,58,32,60,97,61,28,80,62,109,88,34,23,134,8,0,45,36,123,59,42,132,55,89,37,31,128,146,81,30,126,93,106,29,20,124,143,119,83,103,100,68,7,145,13,21,136,24,122,79,129,53,140,50,11,135,102,69,101,73,115,149,6,77,41,142,147,48,65,63,75,4,71,72,148,87,137,14,107,112,12,1,64,104,66,17,47,118,49,116,108,10,114,111,52
9,63,96,127,98,85,33,84,18,117,77,67,145,126,139,88,140,148,115,141,72,22,51,90,24,76,131,1,2,40,102,52,14,133,35,0,58,101,86,15,54,13,121,111,43,134,49,57,125,80,64,8,32,95,132,56,105,31,60,116,16,119,26,83,6,4,17,23,11,113,48,45,36,128,59,87,78,55,39,37,97,123,146,81,30,38,130,106,108,47,120,143,62,46,19,44,103,7,124,129,21,118,10,144,29,99,53,69,112,42,135,110,147,138,73,34,149,12,92,75,142,27,3,65,61,89,41,74,71,79,25,137,5,107,28,68,70,122,109,136,20,114,91,93,104,66,82,100,94,50
105,76,96,128,35,3,131,91,80,90,37,119,64,108,43,88,89,92,114,141,62,12,99,30,24,6,117,109,25,34,70,115,102,133,17,139,26,1,86,15,54,127,121,47,98,126,59,57,33,27,52,8,32,95,132,100,4,145,137,84,16,18,38,94,22,14,44,23,66,113,48,45,53,73,72,112,78,97,39,36,138,0,40,81,58,93,82,120,148,21,77,67,29,51,7,135,103,5,124,129,65,13,61,144,85,55,19,2,123,140,130,110,147,146,79,104,149,60,63,75,69,9,106,87,42,111,41,74,71,134,118,143,116,107,28,83,49,122,11,136,20,46,10,101,142,125,50,68,56,31
53,116,118,50,106,3,131,15,83,9,107,119,64,11,78,88,22,92,87,99,137,70,81,30,24,42,7,109,16,51,63,12,102,58,65,124,62,1,86,123,75,108,20,47,101,126,59,73,35,5,79,132,105,46,104,100,4,32,23,13,90,57,38,94,66,14,44,39,125,19,91,80,6,27,29,18,135,96,146,71,138,0,72,139,89,76,82,120,148,21,112,140,69,34,54,36,113,25,26,10,145,40,61,31,85,55,49,141,74,17,130,110,84,68,133,33,149,67,97,121,127,117,134,143,45,111,129,43,41,114,93,128,77,8,28,52,48,115,98,136,103,95,122,144,142,2,147,37,56,60
53,62,45,77,145,3,129,67,83,27,74,84,25,76,144,128,121,138,9,29,137,70,147,99,24,42,7,132,16,51,63,113,52,110,40,86,48,1,96,123,75,105,0,101,73,117,90,103,69,60,37,78,93,46,14,100,19,32,65,13,38,54,108,94,66,59,44,87,125,10,91,107,6,118,85,41,17,98,55,39,122,141,43,139,4,8,119,120,148,81,112,140,106,34,72,36,102,115,5,26,12,133,143,31,22,28,130,89,92,149,61,80,126,68,134,33,116,11,47,146,35,20,95,114,124,111,18,56,49,71,88,109,58,23,57,135,104,64,50,136,82,131,15,97,142,2,30,79,21,127
117,45,27,77,145,121,129,59,80,60,74,57,123,28,104,71,56,10,16,29,137,88,140,109,22,0,124,107,31,62,63,141,43,2,146,52,48,125,17,148,134,105,89,132,92,101,90,85,69,26,99,78,54,70,14,126,40,32,67,13,128,37,108,98,66,9,93,87,97,5,75,116,120,118,119,55,35,149,3,46,122,96,33,130,4,111,1,49,15,79,19,110,34,47,72,36,102,84,50,20,100,133,143,95,91,113,42,18,44,24,139,94,103,68,41,39,12,11,53,73,82,7,65,114,106,83,25,76,6,112,61,131,58,23,38,135,138,64,147,136,115,86,51,144,142,81,30,8,21,127
94,45,27,77,119,93,129,74,104,60,137,54,21,28,35,66,56,10,112,136,139,88,117,122,32,7,145,107,23,15,63,141,102,110,146,91,51,133,115,13,84,105,89,138,92,1,53,85,114,26,99,78,125,31,2,20,36,50,98,0,128,76,108,142,106,103,68,17,97,5,75,46,143,118,148,131,49,57,147,67,38,90,33,130,8,82,116,69,65,109,19,121,96,6,144,25,80,64,9,43,34,83,48,59,62,18,42,87,44,24,70,41,127,14,3,39,126,11,111,52,29,40,37,95,72,113,4,124,123,79,61,149,58,132,134,135,47,16,101,12,73,86,71,140,120,30,81,22,55,100
60,45,122,78,119,93,100,74,104,27,94,138,21,147,127,87,34,10,8,70,118,125,132,22,82,7,145,137,136,106,63,76,102,110,128,91,146,133,141,13,84,18,40,51,9,43,53,105,123,26,44,35,65,31,98,135,117,32,139,96,28,36,79,140,6,120,1,88,37,66,75,59,143,64,56,20,69,33,46,57,92,90,144,130,67,85,17,97,114,109,148,16,54,112,142,29,80,19,23,149,49,83,0,101,62,12,108,116,103,11,47,50,2,89,3,39,126,24,38,86,121,111,48,95,72,99,4,124,15,55,61,58,25,129,134,68,41,52,77,131,115,42,71,14,5,30,113,107,81,73
60,45,134,103,48,136,21,135,104,51,106,138,75,144,127,6,62,17,112,70,96,16,44,132,82,7,26,137,8,85,79,86,118,53,36,91,146,61,39,47,64,97,40,120,102,77,90,105,5,128,18,83,131,31,99,113,133,32,92,74,28,101,63,117,56,98,1,94,100,66,124,119,143,38,12,33,73,125,123,57,145,41,148,37,71,129,34,13,2,109,88,84,115,78,20,69,80,19,139,67,27,130,9,10,87,14,108,59,52,11,49,149,116,89,3,110,141,24,43,122,121,54,65,95,22,46,4,0,15,55,114,29,25,81,140,68,72,23,50,35,58,42,126,76,93,30,147,107,142,111
54,32,103,31,83,63,17,135,102,115,68,108,146,45,106,75,55,149,112,87,96,121,9,129,1,6,26,85,8,128,147,86,118,16,124,122,79,60,141,99,110,91,132,11,78,100,90,88,19,66,18,143,93,27,89,123,133,48,28,58,0,126,23,117,62,84,144,12,56,142,13,119,47,109,7,64,73,25,53,51,145,131,148,37,120,77,34,76,2,94,36,41,39,38,20,69,80,137,139,67,50,130,40,10,116,5,21,52,61,104,49,59,97,127,3,44,33,24,134,138,82,98,65,95,22,46,4,74,105,101,125,113,70,29,140,71,72,14,30,35,15,42,81,107,92,43,57,114,136,111
54,19,124,31,103,110,123,23,102,2,66,106,94,135,20,85,55,30,112,96,146,45,39,117,77,63,87,44,118,14,52,86,59,16,137,149,15,126,138,116,122,91,132,11,115,50,97,92,12,82,100,136,93,83,141,68,6,129,28,125,3,47,35,60,62,84,144,27,142,13,143,119,4,95,7,64,73,25,145,108,26,34,1,48,99,131,24,70,105,40,36,101,78,74,42,69,18,148,139,22,121,89,38,0,104,5,128,53,61,81,49,147,133,58,37,107,33,90,134,51,67,9,65,88,130,46,21,79,120,32,8,113,41,29,140,17,72,127,80,10,56,75,71,76,98,43,57,114,109,111
141,19,119,25,42,118,1,31,102,2,85,106,7,54,20,52,55,93,12,65,8,18,39,96,27,63,48,44,112,99,40,53,56,28,100,149,138,142,123,116,122,110,146,11,37,127,111,14,67,132,46,108,69,83,0,51,125,35,109,82,3,47,88,60,62,29,101,128,115,13,64,137,4,95,120,57,73,103,147,21,6,92,5,143,22,131,17,41,126,94,36,50,91,74,16,75,130,145,70,139,121,68,38,26,104,107,86,81,61,133,49,80,58,78,45,89,33,90,134,87,77,9,15,148,129,140,34,79,97,23,59,136,71,84,113,144,124,98,135,32,30,117,24,76,105,43,72,114,66,10
135,38,140,30,42,134,1,25,13,36,85,106,101,5,20,129,14,72,100,75,8,6,118,22,139,27,48,44,91,99,78,53,34,59,90,149,138,41,62,21,122,46,0,11,50,127,39,71,67,19,120,81,125,83,148,98,121,80,109,69,3,47,128,65,103,86,126,9,115,93,112,37,4,130,60,74,73,23,147,18,45,68,64,76,142,110,17,57,119,94,28,54,96,145,16,132,89,136,70,105,144,82,107,26,104,95,2,123,61,133,55,15,131,124,66,35,33,88,52,141,77,32,40,12,102,31,51,108,58,92,7,87,113,84,146,56,143,79,10,63,49,117,24,97,116,43,114,137,111,29
143,38,97,121,42,76,65,130,66,63,86,77,101,136,12,53,14,68,100,146,8,47,23,22,108,27,40,44,128,35,123,39,141,59,6,49,70,41,94,21,122,62,1,11,25,99,147,83,67,48,13,81,125,118,134,82,56,75,96,103,3,138,93,0,119,95,18,4,36,132,24,37,64,34,17,74,20,137,102,120,78,60,139,114,148,7,71,57,5,46,28,145,126,133,149,98,106,113,52,105,144,79,107,26,104,135,2,110,90,140,127,15,131,72,89,91,33,16,142,115,109,32,9,117,88,31,84,112,58,73,54,87,51,111,50,10,19,55,80,85,69,61,45,92,116,43,129,124,30,29
89,61,99,94,101,76,119,118,95,139,83,77,113,143,85,12,14,68,75,123,71,126,23,7,108,140,66,63,96,35,81,142,50,136,72,37,131,27,86,21,39,13,1,11,130,146,30,55,10,70,78,53,59,147,0,82,29,67,2,117,24,45,93,100,22,149,18,128,141,132,41,88,25,38,144,120,65,137,73,121,87,60,51,138,148,43,28,57,52,46,3,5,103,133,127,19,106,91,58,105,124,79,56,69,104,135,80,110,90,42,145,15,31,125,40,17,33,116,8,122,109,32,9,16,47,62,84,112,49,6,54,107,20,111,102,48,44,98,114,115,134,36,74,92,26,64,129,97,4,34
135,42,99,68,26,122,66,89,95,97,46,77,3,118,12,82,14,101,81,34,30,2,70,119,108,27,65,142,79,115,146,145,16,43,6,29,72,22,86,93,39,105,124,31,8,100,96,1,35,138,78,116,143,10,0,62,50,67,18,85,24,45,11,148,40,149,57,28,60,132,55,104,25,44,140,141,20,137,73,83,87,52,51,128,131,71,59,107,61,53,84,130,123,106,127,75,76,129,58,23,94,21,56,69,37,102,80,110,90,38,32,15,133,147,74,41,113,17,121,125,126,47,9,88,136,120,144,112,49,109,54,7,139,111,103,13,5,98,114,91,33,36,19,92,48,64,63,117,4,134
135,61,87,139,12,101,132,9,2,97,46,92,3,103,105,131,31,89,88,34,30,133,25,66,108,27,94,142,79,71,74,106,5,11,96,29,147,22,55,36,50,57,0,67,7,100,121,73,13,95,21,42,143,10,47,65,90,63,39,85,14,45,60,16,40,149,113,28,41,122,146,118,83,44,140,24,20,144,54,58,120,52,51,116,75,8,107,109,35,53,84,130,56,99,1,77,141,117,37,23,104,127,48,111,62,102,123,69,68,38,32,15,134,82,136,114,98,17,138,76,128,125,148,72,6,137,70,112,124,33,110,80,26,93,145,119,78,49,18,43,91,115,19,81,129,64,126,86,4,59
55,107,10,139,132,56,19,92,72,93,46,146,134,103,148,131,3,120,113,34,30,141,108,111,0,27,94,91,133,48,43,67,128,130,6,29,17,81,63,36,20,57,96,32,7,83,121,69,62,95,21,42,54,71,90,65,126,136,39,85,45,73,127,50,135,149,4,28,100,109,89,117,79,40,2,15,144,23,118,145,82,66,5,116,75,44,115,13,35,37,26,38,88,99,1,119,47,58,24,102,104,122,137,147,11,86,123,9,84,64,14,74,97,52,110,114,98,143,138,76,77,140,33,22,142,101,70,112,124,49,68,53,31,61,106,41,78,80,18,129,12,16,60,51,25,125,105,8,87,59
119,107,92,139,34,56,37,67,72,113,84,126,134,108,103,149,96,120,81,110,135,102,104,111,93,38,112,53,114,141,94,133,129,97,131,76,82,85,15,17,18,57,33,27,55,36,70,42,40,95,21,4,28,1,90,124,43,48,39,144,99,64,140,50,19,80,130,138,100,109,89,117,116,136,146,125,118,23,16,145,14,122,5,127,75,44,73,101,35,52,26,13,68,10,71,32,62,29,77,2,66,91,137,147,51,0,123,9,59,86,30,74,61,79,63,45,6,143,83,7,132,98,54,22,11,69,142,24,121,49,128,47,31,106,87,41,78,12,88,46,65,3,20,148,25,60,105,8,58,115
13,69,110,141,34,143,37,67,72,127,84,87,86,40,128,107,33,120,140,38,45,89,50,139,39,28,91,145,57,76,36,41,68,97,131,117,111,85,70,27,42,16,62,135,55,6,147,49,136,63,21,148,31,133,90,1,18,126,43,96,99,64,124,54,142,14,17,35,51,11,112,48,77,7,82,103,109,58,56,92,137,122,75,15,102,44,73,101,4,66,108,125,5,53,71,81,23,29,26,2,95,59,32,119,129,0,123,20,113,80,60,74,61,79,93,106,115,134,94,52,114,98,10,22,104,146,144,24,121,100,118,30,9,149,3,47,78,12,88,46,65,138,83,116,25,130,105,8,19,132
70,69,74,141,47,64,100,132,93,5,129,94,30,106,128,34,33,20,123,101,67,102,97,139,39,28,71,59,57,25,36,58,68,145,142,117,79,0,135,27,38,16,107,85,62,137,104,72,136,63,125,110,14,75,115,147,140,9,43,138,131,50,21,134,111,35,52,66,133,18,96,48,77,7,4,103,40,46,82,92,120,81,49,22,2,13,54,41,42,146,44,143,83,53,15,8,23,90,26,51,95,1,89,31,109,17,118,12,113,126,60,124,61,56,86,87,130,122,84,112,114,98,91,127,73,119,144,24,121,37,148,76,11,6,3,88,29,78,10,108,65,45,55,116,32,99,105,80,19,149
13,22,26,29,47,17,149,132,114,131,129,123,68,127,83,126,53,20,0,136,73,34,97,139,39,1,45,59,117,25,76,107,105,145,120,124,100,95,108,6,3,138,36,85,21,137,55,63,128,19,16,110,58,119,115,49,140,93,146,99,148,50,38,134,111,11,52,66,133,77,96,109,112,7,142,103,84,60,82,81,92,10,30,28,2,135,101,48,42,46,44,64,104,14,24,8,57,27,75,51,37,33,23,94,56,74,31,12,72,70,9,41,54,43,67,86,130,121,143,141,18,98,91,35,90,4,144,71,80,118,87,15,106,147,113,88,89,78,65,5,61,125,32,116,69,40,62,122,79,102
143,33,93,29,47,103,149,26,101,108,114,21,68,53,44,126,30,20,55,31,116,34,125,142,120,16,128,63,147,13,91,41,87,40,144,124,95,137,45,6,81,48,37,85,134,2,84,73,138,19,71,109,72,119,131,49,140,60,76,62,5,52,38,107,69,35,32,66,67,77,96,132,83,56,42,23,129,145,82,133,92,88,0,28,25,106,79,54,146,46,18,90,104,4,61,8,57,27,94,51,136,43,99,113,64,74,3,12,112,130,9,7,58,148,139,14,121,115,22,141,135,98,17,11,36,105,100,117,80,118,59,15,123,86,65,97,89,78,127,122,10,50,110,70,111,39,24,1,75,102
33,110,141,99,41,0,14,140,101,31,133,50,77,34,44,23,30,45,112,12,54,72,25,142,59,42,102,137,64,47,1,98,136,32,107,125,40,28,76,6,60,105,62,85,134,2,84,22,148,19,71,109,149,119,96,129,70,26,121,108,118,49,24,27,63,35,123,91,20,131,122,79,138,135,13,144,53,106,58,113,92,88,68,83,93,145,81,87,146,95,18,90,114,4,8,143,57,104,94,65,132,43,103,147,48,74,61,51,52,130,3,117,124,73,139,128,16,115,37,11,36,69,17,56,66,120,100,21,80,82,10,15,78,86,116,97,89,38,127,29,67,7,9,46,111,39,5,126,75,55
33,104,141,96,112,44,14,133,101,51,137,95,77,11,63,23,93,97,75,3,48,72,25,138,30,7,118,121,64,4,1,38,108,53,144,79,40,28,59,6,113,85,62,60,17,16,84,22,103,19,46,0,36,73,55,35,90,116,56,50,148,76,146,27,100,123,117,139,20,115,142,140,57,135,13,47,32,34,58,74,126,80,68,107,41,49,119,71,61,88,110,81,89,12,134,131,45,8,94,127,132,92,29,136,91,70,86,147,52,39,42,105,69,43,87,128,78,129,37,99,149,98,26,54,66,120,109,21,130,82,10,15,106,83,65,145,24,102,122,124,67,2,9,114,111,125,5,18,31,143
50,74,44,46,112,145,51,110,5,94,58,37,48,23,136,17,93,52,72,115,33,29,123,138,39,7,31,121,76,4,118,38,108,3,42,10,105,28,142,59,113,119,62,139,117,6,64,22,16,19,68,0,11,73,132,35,83,97,47,100,14,90,131,137,57,55,116,92,20,43,77,104,88,135,13,49,32,34,125,99,126,54,26,107,8,148,60,65,61,70,98,143,89,12,134,144,30,41,15,124,79,53,75,71,91,101,86,25,114,80,66,36,120,109,147,127,78,129,128,146,149,122,87,141,106,67,24,21,130,103,95,27,82,81,85,96,45,102,69,40,84,63,9,2,111,1,133,18,140,56
30,110,35,95,6,55,58,122,5,94,82,27,60,23,136,26,93,52,101,115,18,12,69,16,113,102,31,121,74,29,64,72,4,108,42,20,61,28,142,59,87,22,62,85,8,14,48,99,32,13,68,0,91,1,145,138,119,97,47,15,53,90,131,78,137,3,44,148,140,73,10,104,88,92,51,141,105,76,125,120,126,66,77,75,118,43,57,65,123,70,79,56,89,143,83,144,103,41,100,130,34,36,106,49,111,40,86,25,96,45,146,17,71,132,147,139,38,19,114,98,149,112,46,33,116,67,7,21,39,11,84,50,81,129,127,124,80,117,24,37,128,63,9,107,109,54,133,135,2,134
94,110,17,104,38,62,138,122,61,36,49,52,60,33,80,54,47,117,96,99,124,12,69,101,113,89,141,121,4,148,111,72,30,11,85,142,42,98,147,133,87,103,29,83,56,46,16,74,28,6,68,19,91,1,145,95,119,13,130,15,88,7,136,22,137,3,105,40,140,73,134,18,108,55,127,86,65,76,125,53,126,75,70,57,118,48,135,14,123,43,63,64,59,143,26,144,116,8,82,25,34,45,106,112,66,27,146,120,131,77,67,51,71,32,109,139,10,23,5,90,149,0,100,115,31,81,114,93,44,21,84,50,35,129,79,78,102,58,24,128,92,97,9,107,132,39,41,37,2,20
138,98,60,44,30,76,137,36,79,71,125,52,8,62,80,65,47,117,75,99,124,6,69,101,29,143,18,113,7,33,35,72,120,11,85,12,73,149,1,133,130,131,10,132,2,103,74,14,96,106,68,118,93,5,145,31,119,13,90,15,88,122,40,22,0,3,105,32,141,17,25,45,108,114,41,57,54,142,21,77,42,19,39,97,16,48,135,70,46,43,24,82,59,50,26,144,20,92,94,148,34,89,53,112,66,27,146,38,134,129,136,64,86,4,56,121,23,100,9,126,81,147,140,37,109,95,111,87,91,67,84,63,55,49,83,78,102,58,110,116,139,115,51,107,123,28,104,128,61,127
101,133,56,44,107,14,96,36,112,40,92,52,2,86,80,114,140,117,129,99,124,68,69,25,103,78,108,42,7,131,35,147,120,11,10,38,73,83,79,95,48,45,136,88,55,27,8,50,13,47,62,23,93,143,145,26,119,135,90,142,6,109,126,118,130,139,75,105,9,146,33,113,30,72,41,18,1,46,67,77,84,104,39,97,16,111,37,70,54,43,24,82,138,58,12,144,20,134,137,32,34,89,3,59,61,65,53,116,28,66,0,31,19,74,60,121,87,94,57,149,81,21,29,76,49,17,141,51,91,125,4,63,85,15,5,22,102,132,64,100,110,115,106,122,123,148,128,71,98,127
91,133,56,44,107,118,88,36,112,103,115,52,148,86,80,77,79,73,129,147,49,68,15,25,58,108,138,81,32,131,57,104,130,3,26,38,92,90,84,95,48,136,111,123,53,7,47,99,29,87,62,114,93,33,145,13,54,135,83,11,140,137,23,20,40,70,149,71,9,146,22,132,119,34,42,121,120,124,82,2,66,65,39,98,16,46,76,35,19,43,24,72,125,126,12,102,5,134,85,51,50,10,101,59,37,89,143,0,67,64,61,31,45,74,6,127,21,94,116,14,110,69,55,113,8,17,128,144,18,75,4,63,60,28,141,96,142,78,117,100,109,105,106,122,1,97,139,30,41,27
97,73,10,44,87,12,84,36,112,103,115,52,19,14,80,77,133,117,95,114,108,68,15,53,125,137,138,107,32,64,26,67,130,13,127,39,70,74,61,110,48,96,111,23,54,7,47,118,11,17,89,142,22,59,145,1,106,86,99,124,140,109,69,20,49,113,57,85,9,46,136,41,50,81,42,56,5,141,126,2,66,62,16,134,105,3,94,35,93,43,82,72,149,102,4,121,135,88,29,79,33,101,92,55,37,120,143,24,63,51,30,31,45,98,6,91,139,147,116,104,0,83,18,100,8,129,132,21,38,25,148,119,60,65,123,34,76,78,71,28,40,75,146,122,90,58,144,128,131,27
97,73,10,98,87,38,85,55,8,20,88,134,117,14,113,77,71,15,95,4,109,25,142,146,125,70,138,64,32,7,79,67,130,66,102,49,126,39,61,139,48,119,112,36,74,128,59,0,31,17,127,114,140,30,92,1,120,86,96,124,22,106,13,84,137,143,57,69,9,46,3,80,26,81,21,56,103,60,11,2,101,133,41,147,116,105,52,35,76,43,82,62,91,51,131,68,129,123,29,93,89,122,72,136,23,27,144,24,149,50,108,53,44,104,6,16,18,47,121,118,94,83,111,100,5,65,33,58,45,115,148,132,141,19,42,34,37,78,90,28,40,75,145,63,135,107,110,12,54,99
52,73,50,98,132,19,85,55,1,20,133,59,2,94,113,77,42,141,24,142,109,37,0,147,143,10,138,12,31,7,112,67,47,66,102,16,100,39,61,139,35,108,87,38,75,129,4,21,5,32,63,144,74,56,128,40,44,146,130,131,49,125,9,84,79,107,115,69,140,46,71,80,26,117,65,119,97,70,11,86,136,58,41,76,25,105,54,43,13,110,121,103,135,51,111,68,149,95,29,30,89,122,72,116,23,6,137,127,83,17,118,101,22,104,92,134,145,96,126,53,57,114,36,82,3,120,33,34,45,106,148,60,48,18,81,27,124,78,90,64,62,91,93,14,123,88,28,8,15,99
99,46,44,98,129,124,78,108,45,86,32,115,2,19,70,77,62,141,93,136,109,56,0,4,143,116,94,73,48,133,112,80,47,67,106,68,100,7,61,12,49,121,138,52,75,118,3,8,5,33,63,144,55,125,60,149,87,146,51,30,13,9,16,11,26,107,69,126,6,89,119,66,102,117,34,111,97,101,147,40,18,58,92,35,25,28,54,43,59,15,132,103,82,113,10,145,37,95,29,20,105,1,74,91,23,135,84,127,110,17,131,104,22,41,114,88,39,72,79,53,76,134,36,140,65,120,57,50,85,90,148,142,71,38,81,31,139,21,122,64,96,24,128,14,123,27,130,137,42,83
60,140,122,116,7,86,32,78,45,136,29,115,35,92,123,107,62,137,93,146,109,102,79,4,119,74,94,73,19,66,112,131,147,67,106,37,27,139,25,87,108,121,39,52,75,129,141,77,5,33,134,124,148,22,90,1,65,44,23,30,58,36,16,11,110,42,48,126,127,89,98,56,8,100,14,15,95,97,84,43,18,64,125,26,130,28,46,133,59,80,12,71,82,49,10,99,117,21,76,20,0,83,132,34,120,135,138,145,54,17,51,85,6,41,114,63,118,72,103,53,143,144,40,70,47,61,57,50,2,3,142,104,88,38,9,68,13,55,149,81,31,24,128,91,105,111,96,113,101,69
60,140,118,116,79,94,123,72,33,136,55,81,43,49,106,26,62,20,64,39,10,114,149,4,121,74,63,21,87,8,112,148,80,111,52,29,104,139,25,68,108,45,142,22,75,138,141,51,137,109,128,124,93,36,90,1,86,44,2,119,32,7,16,66,132,42,92,97,99,46,95,41,19,67,11,15,23,37,84,126,100,147,125,61,130,47,31,133,69,73,12,115,82,40,91,56,98,27,102,18,0,38,50,101,54,135,122,145,107,17,83,117,6,48,71,77,30,58,85,53,70,146,113,14,5,134,57,143,28,3,9,127,88,144,78,65,13,34,76,89,131,24,110,35,105,103,59,129,120,96
135,0,118,116,79,24,18,16,110,136,55,147,15,127,126,7,139,131,64,17,10,28,34,4,36,109,63,5,95,43,53,38,80,52,102,29,104,33,25,65,83,45,67,22,75,114,141,51,46,12,108,124,93,120,74,143,86,13,2,138,146,69,20,140,132,42,92,100,60,11,84,122,40,21,142,125,70,31,111,41,96,66,101,82,87,113,145,37,98,73,112,115,128,89,77,56,88,27,85,39,47,144,50,14,137,90,121,129,26,130,81,99,23,94,71,68,30,61,48,105,148,149,57,49,91,54,134,32,106,3,9,58,19,1,78,62,8,97,123,76,44,119,72,35,6,103,59,133,107,117
25,137,91,74,65,85,82,2,110,100,8,40,15,127,41,10,33,99,69,66,54,28,111,4,36,115,71,126,95,148,46,38,80,84,102,117,104,103,61,34,83,3,67,78,75,114,101,51,35,5,147,133,43,120,16,132,141,22,49,125,146,134,96,135,112,42,92,14,30,138,0,60,93,21,142,26,70,72,73,139,39,63,31,64,1,113,12,89,129,123,53,122,128,27,131,17,88,108,140,47,19,144,50,52,24,90,121,77,107,145,81,29,68,7,79,124,58,106,18,94,86,9,57,23,11,56,87,45,118,6,109,20,37,116,48,62,105,97,55,76,44,119,13,149,143,32,59,136,98,130
25,7,61,24,50,90,77,65,110,91,8,3,22,104,41,102,36,99,144,31,54,93,44,59,125,82,71,126,95,117,88,38,137,84,49,131,136,74,140,113,83,70,20,100,0,60,58,2,40,5,43,105,122,16,107,68,139,135,121,120,146,134,141,143,67,108,92,35,30,66,119,51,57,132,11,26,127,78,101,13,97,53,15,111,1,106,80,114,129,63,142,138,147,27,28,17,10,47,19,6,103,148,14,21,123,9,96,34,89,145,81,29,55,33,79,124,149,46,18,94,128,115,39,23,62,56,87,45,118,98,109,133,85,116,48,69,52,75,112,86,73,76,12,4,72,32,42,64,130,37
38,40,61,49,75,62,68,65,72,91,59,17,2,48,41,11,36,125,6,112,54,93,47,142,114,122,45,147,100,99,10,129,56,82,58,131,136,74,140,37,111,70,108,121,0,90,144,139,117,5,43,113,4,16,21,57,50,12,104,120,130,25,141,132,44,7,92,78,30,66,28,51,146,15,79,96,98,102,20,126,127,33,83,24,1,106,80,128,148,63,55,31,119,107,88,143,86,27,19,8,124,145,34,67,87,9,60,109,81,97,95,105,85,53,13,103,149,46,134,39,18,71,137,23,110,94,101,84,118,133,14,138,35,116,89,69,29,3,26,135,52,76,22,115,73,32,42,64,77,123
67,57,61,38,75,34,15,146,72,96,7,76,144,68,1,114,29,69,65,35,54,93,47,142,129,91,45,78,100,99,10,92,70,40,117,131,135,52,140,115,111,64,2,36,6,90,123,18,105,128,43,55,4,23,125,51,37,12,136,120,130,25,141,79,44,147,106,84,112,49,122,139,107,82,109,101,98,102,3,149,30,33,83,24,87,134,59,48,124,63,103,31,119,143,121,22,86,50,28,20,145,8,113,58,21,13,60,126,62,9,81,118,85,97,133,88,148,11,138,26,127,104,95,14,108,94,5,89,80,41,116,56,0,17,74,137,19,71,66,46,77,39,53,27,73,32,42,110,132,16
44,141,43,58,75,83,15,89,88,96,115,146,9,119,26,114,29,69,65,35,148,85,50,142,132,90,45,63,123,99,108,20,113,31,103,131,66,52,121,54,73,79,76,144,6,134,30,92,105,86,55,36,78,23,106,51,37,12,136,19,32,27,5,102,40,117,147,4,1,49,21,24,38,10,109,14,107,2,122,116,138,81,126,68,87,25,94,33,124,72,125,112,100,143,149,118,57,130,28,70,145,8,95,80,59,13,139,41,18,97,101,82,98,34,0,128,135,11,62,84,140,111,60,22,91,56,64,71,7,127,129,48,74,17,67,104,3,47,133,46,77,39,53,137,93,120,42,110,61,16
114,80,43,29,110,88,120,117,132,96,148,14,9,78,137,102,130,58,7,35,55,5,50,119,26,90,45,107,129,99,15,67,20,108,103,131,54,33,44,106,92,79,28,144,53,71,30,49,83,89,64,136,36,46,69,51,81,113,27,19,32,16,112,73,124,128,147,4,1,3,21,109,23,10,85,34,105,142,122,116,63,127,70,47,87,125,38,101,149,72,97,100,2,133,61,39,68,25,146,56,138,94,95,40,48,13,115,41,18,65,66,143,6,145,0,11,135,31,62,84,140,111,60,98,91,24,59,134,76,126,104,121,74,123,17,12,141,37,93,52,139,118,82,57,77,86,8,22,42,75
105,100,145,148,110,18,103,117,61,146,43,16,9,78,125,97,59,126,7,84,65,128,149,119,142,3,93,95,88,99,15,37,30,108,123,66,94,77,44,106,33,136,28,144,57,104,80,49,83,48,64,8,86,85,69,31,81,74,27,19,51,21,70,73,124,38,54,4,17,101,137,132,115,10,71,34,67,47,130,116,58,127,87,55,72,14,139,129,50,112,122,102,53,133,6,63,39,24,11,92,113,26,82,5,141,13,131,109,114,45,121,1,41,56,0,68,135,2,62,52,140,111,23,29,91,25,90,134,120,147,46,40,75,60,20,12,32,42,76,138,35,118,143,98,22,36,96,89,79,107
50,91,100,148,90,18,73,133,3,62,58,12,9,124,125,118,59,44,136,8,29,30,149,119,75,93,22,95,43,99,13,78,27,74,51,26,6,77,45,106,130,35,142,49,105,23,28,81,143,48,64,66,117,85,129,60,88,101,122,65,70,21,83,10,41,38,54,4,17,113,137,132,139,138,1,34,86,104,57,31,115,127,87,68,72,14,116,144,33,63,128,19,52,2,15,121,145,61,80,89,146,36,82,46,5,109,131,97,96,111,7,103,135,56,0,110,16,67,134,102,140,11,55,24,39,25,112,114,92,147,123,40,47,53,20,71,94,69,76,120,126,42,37,98,108,107,84,141,79,32
50,126,100,28,76,3,73,107,143,130,58,54,9,79,88,132,38,24,136,8,86,60,149,119,25,140,102,95,43,110,124,7,21,74,34,87,42,77,104,111,127,78,44,93,48,144,46,27,91,120,13,121,81,85,75,131,112,101,18,65,70,148,137,40,41,145,116,117,16,92,89,23,139,138,1,66,57,12,115,63,84,26,45,68,94,113,17,142,82,108,128,61,52,118,35,62,56,83,6,22,146,4,105,135,64,109,69,97,96,30,51,99,129,39,122,53,19,67,134,14,31,10,55,49,29,33,36,114,15,147,125,80,47,123,20,71,90,0,103,11,72,59,5,133,106,98,37,141,2,32
13,126,100,57,76,22,81,107,115,8,54,24,19,52,133,132,78,9,124,71,144,60,123,12,109,32,102,95,29,15,16,105,51,74,31,87,142,73,149,145,127,129,44,25,140,114,65,2,91,120,28,121,56,37,64,131,130,104,18,59,62,117,86,47,41,139,72,46,111,49,89,23,42,138,36,5,48,97,82,88,84,119,99,96,94,113,116,93,77,108,137,61,3,135,125,147,110,69,39,148,43,4,67,112,92,1,79,38,27,75,146,34,70,90,122,53,45,21,134,118,7,10,55,35,40,33,26,83,0,101,58,80,141,50,20,66,14,136,103,17,128,143,68,30,106,98,6,11,63,85
106,6,59,54,38,128,76,20,52,2,146,24,1,96,72,46,78,3,136,147,144,60,74,12,95,32,102,135,40,15,105,92,51,56,7,87,142,99,112,145,67,110,116,17,80,114,139,39,91,61,28,36,16,37,117,84,140,104,82,66,8,41,69,47,132,115,89,126,103,44,4,130,42,30,35,29,48,97,121,71,86,148,62,79,125,123,113,22,53,108,94,63,18,138,21,129,141,5,11,27,31,23,57,19,65,131,149,43,137,75,88,34,70,68,25,45,127,93,134,49,133,10,55,77,119,33,26,83,0,101,58,107,122,50,73,111,14,109,13,124,90,143,120,9,64,98,118,100,85,81
97,96,21,110,38,135,17,23,52,147,146,131,125,118,136,46,128,22,141,0,144,114,74,103,108,6,102,127,40,16,91,92,51,76,48,113,138,59,29,130,24,26,8,12,68,28,107,39,72,57,149,45,87,142,70,84,112,75,82,104,148,32,69,47,132,50,89,93,105,33,95,117,20,30,35,1,79,4,73,15,44,77,36,67,66,78,145,31,106,55,94,63,18,99,54,129,43,5,62,27,11,126,109,98,65,139,25,42,9,86,88,7,115,120,80,34,101,56,134,53,13,10,60,116,119,71,49,83,3,37,58,19,2,133,140,111,121,41,123,81,90,143,14,61,64,137,124,100,85,122
30,96,21,59,121,17,129,22,93,91,77,131,125,118,8,55,60,149,141,0,90,43,82,103,71,115,126,104,50,78,14,92,72,76,109,10,138,123,29,12,127,26,16,7,33,108,39,120,48,57,36,40,87,24,47,32,66,75,5,112,62,28,139,140,132,25,147,148,35,142,85,117,119,144,110,67,4,11,133,15,114,70,45,18,134,65,145,44,106,113,94,69,68,52,20,58,23,130,38,27,74,135,137,98,53,107,56,42,146,86,88,37,89,13,84,34,101,102,73,1,9,46,83,116,99,61,49,105,136,63,95,3,2,143,79,111,41,19,128,81,80,54,97,51,64,6,124,100,31,122
30,21,23,58,17,95,31,22,77,117,0,26,125,101,132,62,60,149,43,147,104,35,82,114,143,47,99,121,141,78,105,92,72,13,112,142,122,123,50,12,103,90,3,29,33,64,39,120,61,91,80,63,109,2,74,68,66,75,5,45,131,89,76,115,20,86,145,71,40,93,139,96,140,144,44,24,4,11,8,118,146,119,6,18,48,135,126,70,133,113,79,69,28,67,138,57,1,130,32,27,7,136,137,19,81,100,56,42,65,16,55,148,134,10,84,124,34,102,87,97,9,46,38,116,94,106,49,83,37,15,59,98,73,85,88,127,41,14,128,108,36,54,107,51,111,52,25,110,129,53
57,129,6,51,131,43,7,18,77,82,133,50,106,4,132,136,101,149,44,147,16,15,65,3,37,2,122,40,63,78,86,67,108,13,137,17,39,103,70,12,117,110,52,29,142,64,80,120,95,91,75,42,109,130,72,68,123,22,5,45,32,89,76,115,96,105,145,71,118,93,21,46,140,20,9,99,26,139,8,73,31,119,81,53,19,34,47,30,90,0,88,69,125,60,92,74,1,84,14,27,144,10,66,121,126,79,56,41,11,61,55,148,134,98,38,124,143,113,87,97,141,102,85,112,111,33,23,83,135,35,59,116,146,49,62,128,58,100,36,48,104,127,107,24,94,28,25,138,114,54
119,28,54,139,95,89,7,18,77,140,57,50,106,17,130,52,143,32,44,147,11,15,125,30,31,115,122,37,63,29,86,67,38,6,137,146,69,104,70,129,25,114,41,14,121,64,68,131,39,91,75,85,109,19,42,34,123,124,101,43,21,2,133,13,47,138,145,71,118,93,46,84,61,149,53,83,26,105,8,112,103,116,81,1,134,5,102,82,148,60,88,55,12,22,98,76,113,10,80,27,100,40,0,23,126,108,56,45,73,65,78,20,135,35,92,72,48,99,33,16,51,111,144,142,110,49,74,9,79,136,59,132,66,3,62,128,87,90,36,97,120,127,107,24,94,117,96,4,141,58
119,28,70,86,95,89,138,18,142,114,32,104,106,17,85,16,143,14,146,147,11,35,125,73,99,75,127,93,63,51,97,67,64,6,47,45,118,30,76,19,10,90,23,88,121,122,117,131,52,80,78,68,46,37,26,137,22,79,103,43,9,2,133,61,60,20,123,91,98,42,69,84,120,149,53,129,38,140,7,112,77,116,144,124,82,48,102,57,13,55,34,8,25,1,141,56,105,115,134,36,87,40,128,83,110,108,65,0,15,130,107,54,5,74,113,81,100,92,33,27,41,111,39,4,31,49,101,50,12,136,145,132,148,3,62,139,29,21,135,44,126,72,109,24,94,66,96,59,71,58
4,28,57,86,95,126,43,18,109,144,128,68,30,10,104,16,11,129,136,108,63,35,130,47,99,17,127,82,142,33,72,89,121,46,39,2,20,94,60,19,101,44,29,52,8,122,24,88,58,80,78,145,70,141,26,56,48,79,103,118,5,137,133,59,90,25,123,42,98,97,69,134,120,32,138,61,38,140,7,106,77,22,21,93,27,81,102,51,9,119,1,65,85,67,148,76,100,115,3,36,143,40,73,83,110,37,112,0,84,91,107,139,96,74,113,62,23,14,45,147,87,55,105,12,31,49,34,50,6,64,149,41,116,71,92,75,13,132,53,111,15,114,146,131,54,66,135,117,124,125
51,60,142,131,95,126,145,22,50,129,1,68,148,71,39,16,0,144,136,87,17,128,8,47,134,75,127,55,58,57,147,18,67,46,29,2,107,149,122,112,101,43,34,120,103,88,9,12,121,80,63,86,56,141,102,77,32,79,99,118,5,53,133,82,81,143,26,70,130,21,69,111,90,10,138,61,38,140,11,106,92,76,74,65,27,36,104,64,24,119,42,123,85,20,117,33,100,115,3,72,59,40,109,137,110,37,89,7,132,91,146,113,96,94,93,62,19,35,45,15,73,83,48,6,139,28,44,52,41,25,49,105,4,84,116,108,13,97,30,31,23,135,14,98,66,78,54,114,124,125
16,135,2,81,25,146,118,28,75,129,85,86,148,143,39,126,40,66,68,87,124,128,95,27,142,77,120,55,58,78,62,29,46,30,90,82,96,149,122,131,101,43,34,57,103,0,23,36,79,80,63,42,56,26,107,121,32,114,64,71,5,106,84,105,1,147,100,31,24,21,127,125,110,10,37,93,38,119,136,74,17,76,44,65,18,113,104,54,111,3,20,4,123,11,35,9,94,115,49,61,112,102,138,137,109,108,89,7,6,91,92,50,69,22,98,51,19,132,45,117,73,83,48,15,88,12,59,8,41,140,133,145,60,72,47,53,13,97,134,144,116,130,14,52,70,67,33,99,139,141
20,133,143,81,116,114,54,132,118,98,79,65,92,33,40,126,106,66,25,41,100,2,88,94,28,30,120,136,58,123,62,102,46,128,27,91,44,15,74,75,68,109,148,57,103,0,23,139,8,122,84,42,56,26,99,121,80,73,138,63,9,124,86,105,1,147,7,31,6,145,64,125,110,18,37,93,38,119,113,16,48,135,29,43,142,17,21,39,111,19,24,3,108,104,35,22,107,115,49,146,112,77,83,55,67,101,89,127,95,129,10,117,61,76,87,140,13,97,45,134,69,85,82,59,14,12,149,71,52,141,34,53,60,72,50,131,96,78,4,144,47,130,5,51,70,11,32,90,36,137
128,146,29,62,68,125,65,88,118,98,82,20,92,95,144,45,106,66,105,130,41,107,61,59,149,30,49,22,34,78,116,53,80,91,27,90,58,117,74,115,67,103,148,135,0,46,23,139,51,101,143,42,131,57,47,76,145,110,138,96,141,70,86,5,1,147,7,31,6,12,9,97,121,18,37,93,81,13,133,124,48,126,64,11,99,17,21,39,28,142,119,3,10,104,35,26,77,71,108,113,8,140,83,84,38,100,134,127,102,16,25,44,137,120,63,136,19,79,112,73,69,89,15,132,14,75,2,85,52,129,56,4,60,72,50,111,122,43,94,33,24,109,36,114,40,55,32,87,54,123
80,15,29,14,35,135,81,88,118,17,82,23,2,90,144,117,74,21,33,130,53,107,125,66,149,18,49,46,61,139,116,48,16,105,127,43,58,104,62,115,39,20,86,47,94,69,52,28,51,77,27,8,142,110,44,141,5,4,41,96,68,70,138,13,1,106,75,98,6,12,9,64,121,71,37,101,146,67,11,63,31,140,72,131,99,78,134,103,22,126,59,3,133,119,148,92,19,56,108,113,128,89,83,97,76,109,0,114,102,143,93,137,25,129,42,136,38,79,30,120,7,123,147,132,34,91,40,85,65,124,112,54,145,73,26,111,122,10,50,100,24,57,36,95,84,55,32,87,45,60
110,69,31,11,99,130,81,88,118,17,82,48,2,90,46,112,83,109,33,45,98,107,26,66,149,18,47,19,67,20,58,21,16,108,64,22,80,97,10,101,52,114,86,42,145,74,54,28,25,77,139,143,142,137,79,126,89,70,30,96,23,49,1,13,128,37,141,32,8,12,73,44,124,71,127,121,146,51,3,65,29,136,72,75,9,78,105,103,94,14,61,117,133,63,5,92,24,148,119,131,34,125,36,129,38,27,115,41,102,134,93,122,113,116,106,6,68,35,39,120,7,140,59,132,62,91,144,147,138,53,57,76,0,15,84,111,123,55,50,40,104,100,56,95,135,43,85,87,4,60
97,15,2,75,72,13,80,69,118,145,84,138,22,90,0,112,83,109,125,52,18,107,132,105,70,88,20,12,62,7,102,126,43,108,64,42,35,94,10,85,65,81,86,24,136,68,16,28,51,46,48,143,115,47,87,23,147,96,142,98,37,19,1,74,128,91,141,26,8,57,73,117,124,131,61,121,67,9,4,119,58,79,6,134,148,78,71,33,30,17,93,114,133,99,89,113,11,103,77,120,34,27,36,129,38,146,106,41,137,5,76,122,139,116,101,127,49,14,39,63,53,140,59,60,29,31,144,54,149,45,44,3,82,110,55,111,123,92,50,104,32,100,56,25,135,66,21,130,40,95
49,15,76,115,86,33,80,143,29,145,22,17,101,2,20,112,83,23,125,58,138,35,88,105,74,69,78,68,73,7,128,139,96,9,64,42,12,47,10,43,79,131,118,89,136,13,18,28,0,46,81,100,14,103,55,144,147,51,142,104,37,41,132,91,66,63,135,19,8,57,85,130,82,26,61,121,119,84,25,31,123,52,62,134,97,111,67,108,44,24,87,140,133,75,127,6,93,77,30,120,34,27,70,129,113,146,106,92,141,114,71,122,110,4,109,90,117,60,36,124,53,65,59,116,11,16,5,54,1,45,98,3,137,107,56,40,126,50,148,149,32,102,94,48,39,38,21,72,99,95
141,116,46,65,112,29,80,90,111,145,88,11,27,2,20,83,91,5,49,58,129,47,132,18,107,69,148,109,66,74,128,17,61,3,100,43,110,92,64,106,79,120,118,103,136,13,115,54,71,53,81,41,14,137,97,144,23,84,142,101,37,21,12,15,133,9,104,38,8,67,60,130,82,26,122,121,59,126,86,31,57,119,62,36,68,125,123,34,135,39,87,140,32,19,127,40,7,0,30,63,28,72,35,42,113,149,44,48,25,6,139,138,52,4,24,55,117,33,134,124,51,102,93,108,78,16,75,85,1,76,98,96,45,89,56,131,95,50,22,10,77,147,94,105,146,70,73,114,99,143
80,126,40,115,45,11,19,20,49,77,51,61,107,118,97,90,101,120,128,131,7,23,146,83,130,69,112,105,3,74,41,17,44,37,0,1,67,39,124,25,99,142,50,102,136,13,98,125,71,53,81,104,42,137,93,91,54,121,4,134,79,21,12,15,106,85,117,18,29,63,34,88,82,26,122,27,10,119,86,31,57,36,59,135,140,64,123,103,100,116,8,48,38,55,127,148,5,92,30,52,129,72,46,65,113,133,56,73,22,6,139,138,110,109,24,95,66,33,58,94,68,141,144,108,78,16,75,35,14,2,28,96,62,89,84,87,111,132,145,76,9,147,43,60,32,70,47,114,149,143
113,46,120,63,34,144,82,42,137,77,149,9,129,118,97,89,100,90,45,131,121,132,117,60,87,69,148,146,5,18,41,17,57,37,0,147,67,134,47,25,115,51,13,99,81,44,70,91,94,53,43,104,65,128,93,109,80,72,79,26,71,92,12,86,106,125,145,10,112,20,85,88,101,102,122,7,2,119,141,73,124,110,59,135,130,64,123,103,29,1,74,11,38,55,127,61,50,19,30,52,111,14,39,16,116,133,142,22,143,136,139,4,62,32,140,56,66,107,83,98,105,6,49,76,27,21,75,35,48,138,28,96,31,33,84,108,15,3,126,40,68,54,78,8,23,24,36,114,95,58
40,29,52,104,34,144,42,20,82,77,98,51,129,27,97,54,131,90,45,7,119,13,74,60,87,17,96,128,5,149,86,132,57,15,0,55,67,134,120,25,115,33,18,48,81,101,147,16,109,39,62,93,94,47,50,9,23,69,19,26,61,92,138,117,139,84,28,10,46,125,65,145,111,63,137,142,100,31,118,73,79,56,59,135,130,64,110,3,105,41,78,103,38,53,148,35,4,121,146,85,123,14,12,24,70,133,99,89,107,136,22,76,108,32,140,1,43,44,83,113,127,143,49,2,30,21,102,72,112,122,126,37,6,71,66,124,68,75,11,91,88,141,106,116,8,80,36,114,95,58
102,49,142,103,34,59,118,24,68,80,44,54,134,140,37,67,113,66,45,85,119,13,77,125,84,131,75,122,112,149,86,132,51,48,0,55,126,73,7,62,31,82,129,91,6,130,147,16,19,1,98,15,111,47,50,11,58,69,46,57,61,92,32,144,137,114,28,10,36,106,97,145,5,63,4,74,22,90,33,116,79,56,29,96,9,64,135,26,105,72,117,115,38,53,148,143,94,60,39,23,123,14,146,25,70,20,99,121,110,71,93,3,108,12,27,40,43,101,83,35,133,78,65,2,30,21,109,87,76,128,141,136,42,100,138,104,89,95,8,18,88,139,81,17,124,41,120,127,52,107
52,44,61,106,103,19,66,129,68,102,34,26,51,140,37,77,39,21,135,148,119,85,28,125,82,139,72,122,22,143,101,50,141,48,57,75,126,73,7,124,31,33,145,35,62,130,147,16,86,1,12,15,111,123,29,45,54,9,65,88,59,92,38,60,149,81,64,27,142,67,90,32,136,63,4,74,104,100,20,116,120,24,5,84,80,98,69,97,43,25,78,115,47,53,3,23,46,10,13,137,79,132,40,87,56,144,112,11,83,71,93,133,108,110,91,146,0,42,134,118,105,131,41,2,30,96,99,36,121,128,49,58,114,55,138,14,89,95,8,18,76,109,94,17,70,117,6,127,113,107
144,140,85,64,35,115,102,82,117,30,72,149,52,142,106,77,83,21,45,130,138,113,28,101,40,118,26,122,65,134,105,50,141,48,71,75,41,43,32,100,0,37,74,38,88,107,147,16,18,121,108,143,111,123,39,137,54,51,44,97,47,92,93,98,126,66,87,9,124,46,139,12,76,63,73,125,62,22,145,116,103,24,5,95,80,68,69,1,13,128,112,90,81,53,34,136,127,10,33,60,79,132,27,114,135,148,61,11,57,2,55,133,58,110,91,146,84,29,96,56,119,131,129,78,8,17,4,36,104,67,49,23,99,86,7,14,89,19,3,59,20,109,94,15,70,42,6,25,31,120
148,140,47,14,48,119,107,82,101,27,72,104,3,110,7,76,121,33,39,115,138,113,28,38,40,71,26,90,105,134,136,125,50,67,19,75,147,81,54,100,0,120,9,74,122,143,42,43,32,17,108,146,79,123,80,137,52,53,131,78,57,55,99,98,144,66,87,61,133,56,139,124,41,96,77,65,34,12,21,35,103,24,5,141,142,60,69,37,13,36,112,109,93,1,89,22,97,10,45,23,29,132,127,114,135,73,118,11,62,145,126,2,58,130,91,68,46,30,15,149,8,88,44,102,116,129,4,49,106,63,64,16,117,95,111,128,92,25,70,59,20,85,94,51,86,84,6,18,31,83
111,140,47,72,48,119,107,126,145,104,128,142,3,110,7,105,1,136,21,125,32,38,86,50,40,135,26,90,17,133,114,66,132,67,19,116,147,62,18,95,0,113,84,91,96,5,42,43,65,9,108,146,120,39,80,64,52,16,94,25,55,13,99,75,22,33,63,77,41,44,68,121,11,74,35,20,139,12,143,4,10,24,129,122,57,8,28,100,78,36,53,109,60,130,89,115,118,93,54,23,81,45,127,103,101,34,85,51,69,14,49,2,124,29,59,141,31,30,15,27,73,88,137,131,112,58,87,144,106,46,97,82,117,92,71,98,148,123,70,56,79,149,102,134,37,138,6,76,61,83
82,96,128,72,84,38,142,74,141,42,85,9,114,110,7,60,119,136,120,14,71,112,23,107,45,132,67,41,19,54,73,130,81,46,47,116,147,62,18,78,5,113,143,91,26,88,121,43,129,86,108,25,69,70,17,65,63,16,89,126,95,77,57,75,111,33,29,49,10,144,68,31,134,99,20,37,15,12,35,4,80,24,0,34,117,40,28,100,48,32,135,94,53,83,61,115,6,101,76,90,44,139,127,145,133,125,21,2,3,52,39,55,124,93,59,138,8,122,11,27,103,1,137,131,146,58,87,22,106,30,97,123,51,92,66,50,148,105,104,56,79,149,102,118,64,13,140,98,36,109
28,124,48,68,144,143,39,115,141,29,108,128,146,142,85,138,41,136,63,7,71,22,14,33,69,32,65,37,135,54,15,2,139,107,47,131,27,62,53,57,5,56,30,91,46,88,98,43,8,86,93,125,81,70,75,45,31,16,109,126,95,77,132,50,111,84,3,49,38,73,67,106,120,11,20,26,103,12,35,119,127,24,148,25,134,99,137,100,149,61,80,23,113,9,147,101,44,76,72,83,123,130,96,145,19,58,21,117,78,102,6,55,110,121,59,94,34,133,114,60,52,1,112,4,64,42,87,129,10,40,97,89,51,92,66,122,18,105,116,104,79,17,82,0,118,13,140,74,36,90
2,79,129,101,132,143,42,115,68,3,136,128,124,142,90,25,41,86,23,74,71,38,14,99,49,32,65,37,84,106,102,82,61,107,50,9,27,8,53,76,80,77,30,91,29,88,98,78,148,31,40,108,81,70,85,146,144,75,103,21,13,105,15,17,34,45,43,121,94,73,39,104,10,11,100,26,54,6,35,122,113,24,119,89,134,145,60,48,22,58,62,140,5,57,63,87,44,111,4,126,123,139,96,137,19,131,109,117,147,7,0,93,110,133,59,56,55,72,114,33,47,1,51,149,52,130,83,69,127,46,12,135,28,92,138,95,16,112,116,64,120,141,97,67,118,18,20,66,36,125
40,60,140,41,127,77,38,134,82,3,136,141,124,17,21,130,42,8,99,74,100,6,62,139,33,61,65,37,84,111,146,48,79,118,113,125,27,112,53,76,28,51,30,32,29,143,9,72,148,14,54,108,107,86,57,117,75,25,103,142,13,81,15,92,116,85,44,59,94,73,97,104,0,11,2,26,24,128,88,43,101,46,22,23,31,147,144,49,71,16,1,34,55,89,109,122,80,45,121,126,50,149,96,137,115,19,98,47,132,7,10,93,110,135,35,90,129,12,106,114,4,120,131,95,52,133,83,69,58,87,91,63,102,5,138,68,123,145,39,64,119,105,70,67,78,18,20,66,36,56
72,22,143,124,127,78,43,8,117,30,59,29,89,55,67,130,15,134,107,71,81,6,116,139,33,31,65,73,84,102,146,64,79,149,42,82,27,74,70,76,28,123,56,32,61,35,5,39,148,14,54,60,38,113,86,4,133,120,101,7,145,57,137,24,19,85,13,23,111,144,62,104,125,11,135,95,97,26,105,47,99,128,114,80,36,48,94,49,44,100,53,34,17,90,109,122,136,45,1,126,142,50,21,92,115,93,41,75,132,140,10,96,110,129,3,51,147,12,106,112,20,83,131,68,52,0,77,69,118,87,91,63,98,46,121,18,88,119,108,9,40,16,138,2,103,141,58,66,25,37
72,22,143,65,127,78,43,8,135,2,118,29,14,149,73,92,121,112,104,53,68,59,116,139,33,3,51,125,74,102,107,46,48,75,42,61,76,82,132,85,54,108,55,126,70,35,140,124,138,41,67,31,38,89,86,60,62,56,115,100,145,57,40,114,137,66,91,80,130,77,69,52,79,11,97,84,110,142,120,1,99,128,90,16,5,88,134,34,44,129,106,146,17,26,109,83,136,24,119,105,111,50,21,71,98,93,122,36,49,7,0,96,117,37,39,28,147,12,10,4,20,27,131,64,148,144,94,47,101,30,95,63,13,23,45,18,87,6,32,9,19,133,15,103,113,81,58,141,25,123
98,108,74,30,121,78,86,83,145,22,100,66,25,8,73,129,106,63,128,143,71,14,53,139,0,115,51,125,46,33,69,29,56,26,133,61,135,82,84,85,112,144,75,126,5,101,124,24,57,41,109,92,68,89,65,11,132,118,91,27,104,6,140,137,96,3,120,58,67,93,34,72,79,102,138,32,110,142,15,136,99,64,90,81,70,117,134,127,44,77,52,146,50,21,40,28,130,20,119,105,111,107,54,1,35,47,122,36,49,7,76,31,2,37,39,10,141,48,18,4,43,42,12,149,148,131,94,87,116,114,95,103,13,23,45,147,97,38,55,59,19,80,16,9,113,88,62,17,60,123
24,104,60,30,94,66,138,113,145,22,98,73,139,43,16,128,129,100,42,143,12,111,31,114,0,82,51,109,57,19,108,29,85,126,133,1,142,88,11,119,112,144,75,18,93,124,90,83,106,53,46,92,67,89,84,122,25,3,148,27,72,6,140,35,132,110,120,58,97,48,23,9,79,62,49,32,26,78,91,10,101,37,50,81,70,117,134,127,33,77,52,146,71,118,40,45,76,7,56,105,28,61,13,107,34,2,64,137,69,44,21,131,96,47,39,149,141,125,121,87,5,36,135,102,68,86,130,123,116,99,95,103,54,15,63,147,65,38,41,59,80,8,4,55,17,20,14,136,115,74
24,104,88,33,131,7,28,62,3,22,98,141,139,17,14,93,129,124,42,143,12,111,52,51,102,79,137,109,57,112,2,130,6,99,50,60,34,63,101,39,140,144,25,30,85,142,90,84,68,13,75,8,95,48,15,59,37,65,148,9,116,26,11,72,136,110,120,58,128,49,67,0,92,5,16,122,35,145,91,134,138,113,133,81,41,83,105,127,106,77,36,146,114,118,74,1,76,4,73,23,46,119,71,107,61,108,64,31,69,40,38,117,96,47,97,149,94,78,27,87,121,70,55,29,126,86,103,56,32,53,135,43,54,66,19,147,89,44,21,82,80,100,123,18,132,20,10,125,115,45
24,104,146,58,46,75,28,62,93,27,141,51,42,86,144,125,95,29,0,48,129,111,52,108,102,94,134,67,79,112,137,116,26,54,23,60,122,123,148,140,4,8,25,30,88,142,99,55,68,107,115,103,105,84,6,53,37,131,73,9,128,114,80,85,92,110,120,20,35,3,11,1,117,5,78,65,18,145,43,136,101,39,133,81,74,83,47,119,127,77,36,70,100,118,57,143,14,13,69,113,33,41,82,98,61,15,64,31,130,40,63,91,96,124,21,149,2,10,106,87,109,72,22,45,50,16,139,56,17,126,97,38,132,66,19,147,89,44,49,135,59,90,34,32,71,121,7,76,12,138
24,111,26,92,46,79,28,48,7,56,115,71,42,57,11,125,146,29,0,86,139,141,52,105,128,21,54,67,14,112,80,124,25,104,127,60,122,123,148,74,64,5,9,140,96,118,134,10,131,107,55,47,49,129,144,149,132,68,53,58,93,39,2,65,33,76,43,77,66,22,37,1,117,136,78,130,34,145,30,13,101,98,15,99,32,35,61,50,120,103,36,70,6,4,27,143,81,116,38,113,31,41,17,87,8,73,23,12,72,40,63,91,62,18,109,110,69,106,59,82,95,119,133,45,100,16,20,94,137,126,97,3,84,102,19,147,89,44,51,108,88,90,114,121,142,83,135,85,75,138
82,111,26,48,46,138,131,109,7,2,141,96,60,88,77,70,9,51,0,86,139,115,4,105,45,31,112,67,14,57,117,93,134,104,127,125,29,36,10,74,40,37,79,21,20,65,56,5,132,110,108,47,122,85,53,149,55,27,12,58,94,113,92,41,11,76,43,83,106,22,146,1,38,136,78,17,19,145,30,13,99,98,52,120,129,25,3,50,39,142,75,35,123,15,69,103,135,124,126,140,87,62,84,97,8,6,23,116,72,144,137,91,121,118,42,49,107,81,59,128,95,130,133,16,68,71,66,24,143,90,61,18,147,102,119,64,89,44,28,148,80,32,114,100,33,34,73,101,63,54
82,24,40,48,148,138,87,71,7,62,141,98,32,0,77,107,42,125,88,144,79,115,74,11,59,116,89,17,13,124,100,93,55,51,50,22,29,85,10,45,35,28,37,21,109,65,91,102,132,120,122,121,113,46,53,140,70,130,108,60,94,47,92,41,75,20,139,83,90,134,146,30,38,43,147,103,19,145,143,133,9,61,52,54,5,25,111,27,78,105,31,112,3,15,69,80,129,23,126,39,106,34,84,97,57,76,117,49,72,96,123,127,18,118,6,4,16,36,104,99,95,56,26,66,68,136,110,1,14,81,2,8,128,149,58,64,86,142,137,135,44,12,131,119,33,114,73,101,63,67
26,24,149,22,139,138,54,5,57,62,15,18,60,124,71,144,108,125,37,13,82,38,27,14,59,21,89,17,32,53,100,87,55,43,50,73,137,140,68,35,45,112,7,56,101,65,34,102,42,120,46,130,126,48,121,91,109,93,95,78,94,0,92,44,122,20,83,133,118,134,146,30,33,8,119,90,123,116,114,64,41,61,52,145,79,25,142,148,128,105,132,28,3,2,69,47,129,36,104,117,96,11,84,97,39,23,141,49,72,86,113,16,103,135,136,4,106,111,147,99,85,127,40,76,10,80,6,1,107,81,143,66,29,74,58,51,12,110,70,88,31,19,131,77,98,115,9,75,63,67
16,24,97,22,46,102,54,34,106,62,127,41,60,124,71,83,30,96,37,13,51,35,88,14,61,47,91,58,31,134,100,87,78,147,50,73,109,57,68,108,130,132,144,99,140,146,86,75,107,93,1,19,126,32,121,117,23,112,138,65,94,0,28,44,122,7,48,113,59,52,136,17,33,8,66,45,123,76,84,56,120,55,4,40,79,25,142,148,128,137,89,101,145,110,69,67,90,36,92,131,3,82,43,26,39,116,141,111,72,18,5,98,11,20,38,135,119,53,104,9,64,15,81,143,95,21,70,29,80,149,49,118,10,74,129,114,12,2,105,6,77,27,103,42,125,115,139,133,63,85
25,60,97,141,46,135,143,145,106,65,140,113,115,27,74,92,16,130,129,123,137,120,88,17,127,47,104,58,51,134,100,87,39,147,139,10,1,24,142,108,121,132,19,117,15,28,71,96,20,93,111,23,109,62,136,86,42,69,128,8,107,0,13,44,50,7,48,98,84,110,67,54,33,68,75,45,138,99,133,56,3,22,4,124,38,94,53,66,103,49,79,101,57,41,5,122,90,36,52,131,70,78,43,21,144,34,59,29,72,146,37,125,76,31,11,91,119,61,102,9,12,148,81,82,95,83,30,114,80,149,64,118,40,2,14,77,32,112,105,6,116,126,35,18,89,73,26,55,63,85
28,118,0,141,85,54,9,111,50,5,140,51,115,43,35,39,116,99,129,90,110,120,113,17,137,37,32,45,71,58,100,87,125,66,117,107,143,136,57,108,121,106,135,146,119,20,102,60,1,93,75,16,109,134,128,86,131,82,53,64,126,88,127,44,59,7,49,81,84,139,97,96,26,46,23,67,114,38,133,56,3,78,4,124,34,92,138,147,10,63,101,73,69,144,19,123,27,36,52,95,104,132,145,21,122,13,6,68,72,31,15,25,47,105,130,142,91,61,65,103,12,41,33,29,14,83,30,79,80,149,70,74,40,2,48,77,42,112,22,62,8,94,76,18,89,11,148,55,24,98
28,118,0,83,46,38,137,145,143,111,140,29,115,50,30,93,116,97,55,132,20,141,73,80,146,42,32,76,98,51,100,78,23,90,101,64,35,136,57,69,74,106,34,7,119,94,33,27,1,18,75,129,24,138,89,86,79,82,53,36,126,131,121,21,59,66,49,81,84,85,5,110,105,139,109,134,114,47,144,56,67,61,4,124,117,92,107,31,11,63,87,19,127,96,149,37,9,26,52,128,22,102,48,54,130,65,45,77,72,122,15,99,60,88,41,147,91,104,17,103,68,10,39,13,14,125,70,113,25,3,142,12,135,2,95,108,8,112,6,62,16,40,120,133,44,123,148,71,58,43
101,74,129,83,78,116,66,9,143,11,122,5,35,106,104,108,72,42,55,112,93,141,73,6,29,102,96,16,98,30,100,24,23,131,19,64,27,46,117,69,120,68,34,145,119,110,33,2,1,144,75,21,103,138,31,148,67,82,128,36,15,25,48,92,59,32,49,10,84,85,91,53,111,113,12,58,28,90,51,134,115,60,18,81,126,45,8,99,7,52,87,3,89,61,149,47,56,26,0,140,97,146,37,124,130,20,86,114,80,109,57,136,118,88,41,137,127,94,17,142,63,62,39,13,95,125,70,38,50,76,77,121,135,147,105,14,65,132,22,54,40,43,79,133,44,123,139,71,107,4
88,20,37,67,60,115,93,61,52,11,69,5,21,145,104,124,135,42,79,112,30,76,48,97,6,23,83,94,98,2,100,102,24,131,95,64,41,46,129,91,120,68,34,101,119,45,33,143,109,0,14,78,96,138,110,9,99,36,47,114,137,25,57,122,13,32,59,10,19,16,54,40,55,87,12,84,127,53,51,90,117,15,123,29,74,65,8,58,7,85,28,3,89,18,125,148,134,26,86,140,108,139,103,107,132,149,82,1,141,44,128,147,136,27,126,81,130,111,17,142,63,73,39,56,49,116,70,38,50,62,144,113,118,133,105,72,35,4,22,106,146,43,121,77,92,75,66,71,31,80
101,10,1,83,60,112,93,61,27,115,57,67,64,15,141,113,100,118,79,43,54,17,48,85,80,12,135,94,99,2,87,36,5,142,20,30,50,9,53,91,127,72,3,46,68,45,33,58,108,0,147,31,22,59,110,21,137,76,96,123,121,25,149,4,143,56,13,95,19,37,86,62,73,104,16,84,74,32,51,90,88,63,114,38,29,65,97,120,7,138,28,42,89,148,41,145,134,124,136,133,119,105,103,107,132,131,125,78,146,82,128,47,139,109,126,81,130,111,116,49,8,26,39,98,18,24,70,144,102,117,40,122,129,11,23,34,35,55,14,106,52,6,71,77,92,75,66,140,69,44
42,10,79,83,90,112,35,52,117,89,140,41,64,15,56,76,130,118,20,13,53,71,48,85,58,145,135,129,34,2,87,100,5,66,44,57,99,9,31,1,30,70,28,133,60,63,33,62,12,108,147,36,55,59,81,50,110,8,122,123,139,25,82,132,23,126,69,105,18,37,146,38,19,104,113,84,74,141,96,11,101,22,114,138,137,43,97,92,32,109,47,39,111,77,120,127,134,124,67,7,93,27,103,61,148,131,125,78,72,91,45,121,115,29,75,136,86,26,116,142,17,144,73,98,119,24,51,4,102,143,40,88,54,16,80,107,49,128,14,106,0,6,46,65,68,149,94,21,95,3
11,10,79,37,90,113,34,52,51,60,105,77,64,55,6,16,130,72,20,23,45,71,125,50,116,145,115,129,24,2,149,69,5,141,44,57,100,82,148,85,94,31,133,147,41,53,33,62,111,108,109,35,8,68,81,15,93,120,39,61,28,91,65,46,22,123,88,48,18,40,30,98,78,67,143,47,74,12,96,144,13,139,59,138,127,43,49,92,42,135,124,0,146,110,83,142,134,4,118,9,112,36,103,87,99,114,97,7,63,19,102,121,38,29,75,136,86,107,117,131,126,137,73,84,119,70,80,58,17,21,26,25,54,132,27,104,76,128,14,101,66,89,140,56,1,122,106,32,95,3
10,148,92,108,38,113,114,48,65,83,137,59,64,55,96,16,47,69,75,23,25,82,76,102,46,50,90,129,24,131,44,66,5,141,4,40,35,87,81,88,94,31,67,147,41,22,33,135,80,62,132,133,53,68,13,74,56,15,105,61,39,37,8,116,34,58,12,28,18,140,27,130,123,91,143,109,0,20,29,115,7,139,3,138,45,146,52,95,42,17,103,51,149,110,57,142,54,136,93,126,112,36,6,100,99,122,97,49,11,19,32,121,117,128,21,125,118,72,85,1,60,134,73,84,119,70,79,127,107,63,111,9,78,124,2,104,26,98,14,101,77,89,30,144,43,86,106,145,71,120
75,63,92,88,115,107,133,48,65,9,137,54,64,21,44,16,78,76,2,4,25,0,106,8,112,95,90,37,119,131,47,144,60,77,42,97,122,87,12,26,94,69,56,23,45,22,11,3,98,72,132,74,53,82,40,36,51,59,50,127,33,114,31,116,129,58,71,55,18,147,27,57,68,7,89,123,5,81,99,13,49,139,103,138,102,105,35,32,148,80,104,38,118,39,143,142,15,136,145,126,62,61,6,83,29,28,34,24,46,17,124,121,96,128,149,125,140,41,85,1,10,134,73,67,30,70,79,19,109,141,111,20,86,66,108,100,113,93,14,101,91,110,130,135,43,117,52,84,146,120
68,85,72,100,115,23,6,39,65,143,140,133,64,21,104,28,63,78,17,10,145,58,137,127,135,95,18,37,131,90,124,144,109,77,112,97,30,87,38,86,26,69,0,141,44,79,108,107,91,147,132,119,53,134,40,93,51,89,50,16,46,114,128,76,5,33,11,73,75,22,106,98,3,92,24,123,82,27,54,13,94,139,7,45,102,66,116,19,88,80,29,105,118,49,60,142,15,35,55,126,62,32,149,59,12,99,34,48,96,8,117,121,136,42,25,125,31,41,36,1,2,81,120,67,70,113,47,61,74,148,138,4,129,83,14,103,71,56,57,43,101,110,130,111,9,20,52,84,146,122
144,45,75,88,80,78,46,101,132,81,140,133,17,96,114,105,39,84,48,14,134,68,137,127,135,118,18,54,131,90,124,129,109,16,142,112,65,64,37,29,22,128,41,53,44,8,24,79,82,57,32,7,146,103,40,77,104,10,89,6,91,12,87,107,5,33,119,66,0,97,106,19,3,2,95,123,98,149,67,13,94,120,27,63,35,56,116,139,141,100,121,69,145,49,60,21,15,102,86,50,71,148,28,59,126,4,72,93,51,113,117,26,136,42,25,108,11,58,36,55,99,74,34,61,70,92,147,47,1,62,138,23,111,76,125,30,31,143,38,43,73,110,130,115,9,20,52,83,85,122
59,76,58,128,80,117,146,101,73,124,140,79,17,96,114,71,115,98,74,51,134,68,89,77,129,70,145,15,5,90,53,105,116,16,2,130,63,64,136,126,22,54,41,44,107,144,24,125,65,46,32,7,108,143,84,78,14,88,25,6,35,21,87,92,149,113,147,66,36,91,106,30,3,133,95,57,82,148,118,33,94,97,27,52,104,26,42,1,141,8,121,69,4,20,112,93,103,102,86,139,18,123,28,109,135,110,72,31,127,40,0,111,29,45,55,37,11,131,137,132,99,12,34,119,48,13,49,85,100,75,122,23,19,61,142,138,47,120,38,10,50,39,60,56,9,62,43,83,67,81
77,126,45,128,80,117,63,30,107,78,124,100,69,104,114,71,115,98,4,27,134,95,89,22,113,74,97,15,119,8,121,85,54,12,2,58,56,64,39,29,50,52,41,127,3,144,47,143,65,135,146,75,140,125,84,19,103,48,51,55,35,44,16,68,91,136,147,53,25,62,106,102,81,133,116,70,82,108,88,33,145,118,24,138,36,26,130,61,32,132,149,90,38,83,112,93,20,79,86,139,0,42,28,148,14,110,87,57,122,7,13,111,131,49,96,37,11,141,137,99,31,94,34,109,72,67,6,129,123,59,92,101,17,105,46,21,76,120,18,10,73,142,1,23,9,5,43,66,60,40
77,8,45,86,143,101,84,109,6,93,124,72,69,67,114,90,142,133,35,21,134,27,47,22,113,116,31,79,76,38,144,106,54,104,58,126,56,128,39,29,44,28,24,127,89,57,40,102,125,99,64,75,20,149,63,37,103,48,145,36,5,12,82,68,91,85,107,53,81,135,83,122,25,14,87,62,10,65,16,33,11,98,147,138,119,41,130,7,15,112,18,55,19,32,51,70,80,140,136,139,0,129,111,132,74,26,71,50,78,115,13,30,131,49,73,52,61,141,137,43,110,94,95,9,60,2,34,146,123,59,92,100,42,105,46,97,148,120,108,17,66,4,1,23,117,118,3,121,88,96
17,8,63,1,35,78,129,71,6,93,141,43,15,67,138,114,62,133,98,39,18,16,10,145,113,116,143,48,76,21,135,106,117,104,58,126,89,54,12,11,44,7,88,40,0,57,68,102,9,99,136,47,92,149,22,37,103,123,65,23,125,107,100,85,75,91,77,81,24,134,94,87,119,115,51,61,82,144,111,33,137,27,59,45,118,64,132,32,130,112,34,127,19,90,140,4,72,122,41,139,120,84,124,46,74,55,110,50,36,20,97,56,131,49,73,52,26,142,38,128,146,53,95,28,60,2,14,86,121,30,101,29,42,105,31,79,148,5,108,70,66,3,147,83,25,69,109,80,13,96
47,130,63,1,49,103,65,66,28,93,62,10,15,119,14,8,46,143,98,60,6,19,92,145,80,116,61,148,76,144,121,41,149,104,125,135,89,54,11,102,44,38,71,113,0,7,68,95,9,99,136,106,96,26,58,37,39,48,16,90,141,100,17,94,118,67,132,81,108,134,122,30,126,117,138,124,79,12,120,129,21,115,107,45,128,137,56,36,51,112,22,85,43,72,140,4,133,87,34,139,27,84,86,77,55,32,75,74,3,20,97,2,31,18,73,52,114,142,50,110,91,53,57,146,24,64,33,69,123,82,101,29,111,105,42,70,131,5,59,23,13,25,40,83,147,35,109,78,127,88
133,65,115,104,49,103,30,17,28,64,122,136,72,119,66,6,101,125,138,2,71,19,92,146,80,21,69,81,54,33,3,67,76,99,82,135,68,83,29,42,44,25,123,113,98,7,141,130,110,73,74,38,96,11,70,37,86,48,46,118,97,132,47,88,144,9,15,53,108,1,51,27,121,126,139,111,43,12,120,57,36,14,107,45,114,0,55,58,90,112,147,85,34,31,140,4,79,39,148,129,62,60,22,77,52,89,75,128,137,143,124,41,63,18,95,93,134,142,50,149,91,26,56,117,24,100,145,87,40,61,94,106,32,105,20,116,8,5,102,23,13,59,16,10,84,35,109,78,127,131
30,4,115,104,64,94,39,125,148,33,126,122,121,119,66,6,135,140,138,77,101,89,124,146,80,21,69,81,54,53,93,99,142,79,90,32,68,71,106,42,87,97,111,113,98,84,133,85,110,57,141,103,3,11,70,37,88,40,36,118,114,120,52,58,8,10,82,17,72,1,29,14,73,56,55,134,22,86,76,28,62,50,96,45,147,0,63,75,24,41,67,15,108,31,83,107,127,102,38,65,9,60,48,47,34,49,129,128,137,143,7,26,144,61,59,51,132,27,12,19,18,92,136,74,46,149,145,20,123,44,95,91,43,105,5,116,117,2,112,130,13,23,16,139,25,35,109,78,100,131
30,46,66,104,120,64,127,76,6,3,114,90,12,26,145,9,45,134,48,77,31,138,106,113,62,95,142,144,2,75,91,36,57,146,105,24,93,71,67,131,87,137,61,124,52,56,17,85,79,11,15,103,111,14,32,37,129,40,89,149,94,54,78,65,8,101,81,125,72,1,29,19,13,108,55,44,22,115,148,28,69,50,141,82,147,10,96,70,122,121,34,68,4,63,83,86,25,102,38,53,42,118,80,47,99,140,60,128,116,112,7,84,58,49,59,51,98,27,33,18,0,92,97,74,88,5,126,20,123,110,130,16,43,133,39,107,117,73,132,119,136,23,143,139,135,35,109,41,100,21
119,46,1,104,120,94,15,85,66,75,114,20,12,128,99,56,45,134,9,115,48,138,118,37,110,111,137,149,2,124,136,116,26,62,125,146,6,71,67,131,21,144,24,49,25,61,80,52,31,103,44,77,78,43,98,79,5,40,28,16,11,54,14,47,100,19,81,35,72,68,29,95,93,96,55,58,0,76,123,65,69,50,141,87,17,130,13,147,122,73,34,86,135,8,83,42,102,133,22,53,18,145,32,70,39,90,129,3,143,112,7,84,64,121,82,51,23,27,33,126,60,92,106,74,88,140,89,59,108,4,91,38,36,105,97,107,142,30,132,113,127,63,101,139,109,117,148,41,10,57
119,125,16,130,120,94,62,33,66,75,45,35,12,132,99,97,104,134,20,7,86,138,117,37,36,49,50,17,18,27,44,116,109,133,100,146,71,93,137,102,21,144,90,149,98,60,30,111,41,34,143,77,32,95,131,121,5,145,28,63,11,15,64,61,25,124,78,13,3,68,29,74,43,96,91,58,142,103,107,65,69,10,39,87,82,76,92,83,122,73,80,24,135,67,136,6,0,81,22,112,123,19,57,9,114,31,70,108,26,85,148,84,48,106,1,51,105,128,46,126,141,79,147,14,42,140,2,110,129,4,47,38,115,139,55,52,54,88,23,113,127,72,101,118,53,8,56,59,89,40
119,1,98,114,89,113,63,33,41,67,45,35,54,115,44,97,6,118,28,7,86,15,117,87,39,48,116,25,37,27,73,140,18,77,80,72,71,141,8,13,102,65,132,107,103,5,136,29,17,94,148,38,32,143,131,121,120,145,30,22,125,112,64,11,93,124,43,4,57,68,104,122,137,23,96,75,142,126,52,134,9,10,83,111,82,101,92,90,12,47,146,24,135,100,34,66,109,81,74,0,123,19,50,95,78,31,58,108,138,85,110,99,139,49,16,51,62,40,133,144,105,79,147,59,42,91,2,84,129,76,70,14,149,61,55,88,20,128,127,46,21,106,69,36,53,130,56,60,26,3
143,1,98,135,140,53,38,33,89,69,149,126,4,115,45,13,83,109,55,7,123,15,142,104,106,42,47,51,64,71,18,41,96,25,80,122,138,141,8,85,102,105,132,43,84,61,81,30,147,14,111,72,32,67,94,121,120,145,59,0,77,124,34,48,76,29,58,86,57,36,28,40,137,108,129,5,73,44,52,130,23,10,63,107,17,110,24,90,12,92,146,75,88,100,93,87,117,118,74,97,114,19,112,95,78,31,21,116,3,103,9,46,139,49,148,62,133,6,125,144,131,65,119,39,50,91,79,27,20,22,70,37,54,66,82,11,99,128,127,68,113,16,101,136,35,2,56,60,26,134
143,93,61,142,101,53,38,11,89,69,105,132,70,96,137,13,83,109,55,37,36,15,16,147,106,78,47,79,141,71,59,126,14,104,98,122,9,84,91,64,82,77,149,103,50,25,97,133,6,0,19,88,32,110,90,136,48,145,116,7,56,52,67,111,76,148,125,92,140,45,2,40,135,33,41,5,73,1,138,57,80,87,63,107,74,62,130,66,12,85,146,75,129,100,127,86,117,24,60,51,128,42,112,95,21,30,120,114,28,144,113,102,139,49,23,46,134,29,118,115,131,58,65,39,8,17,94,27,20,22,3,34,123,4,121,81,72,44,108,54,119,10,99,18,35,124,43,31,26,68
37,93,61,98,89,53,136,96,26,48,97,139,86,138,121,131,118,109,55,149,36,143,50,20,140,134,101,79,125,94,106,126,23,54,123,122,9,59,29,147,39,88,52,103,76,25,64,133,105,56,70,19,114,27,90,119,12,107,42,7,16,116,67,77,6,148,128,92,108,45,62,13,135,117,137,142,73,3,32,87,74,99,63,127,58,112,130,141,10,85,132,31,68,100,35,80,5,24,60,51,66,43,129,95,21,30,120,57,28,2,83,69,124,91,104,46,1,0,18,115,34,72,65,17,11,145,113,82,49,22,146,8,40,14,81,144,38,44,110,71,78,33,15,75,84,4,47,111,102,41
37,16,139,113,24,31,61,0,39,115,133,80,14,149,7,126,118,109,107,74,21,49,50,136,53,93,1,140,125,138,34,84,23,68,123,12,9,89,100,94,41,88,142,103,76,26,59,110,105,72,70,66,137,96,120,108,8,147,27,83,131,69,141,99,6,148,128,10,44,45,67,64,135,117,82,47,73,3,32,134,52,13,28,127,121,145,130,92,18,143,106,22,102,122,29,25,56,2,60,51,54,19,129,95,97,30,48,57,20,40,132,5,124,91,104,33,111,101,11,146,46,79,65,86,119,35,62,114,77,85,36,75,17,112,81,144,63,55,78,90,43,38,15,42,71,4,58,87,98,116
37,16,149,113,123,80,61,0,25,122,76,133,57,10,55,126,39,84,7,138,91,112,93,92,47,74,1,11,85,19,130,70,23,36,40,87,136,89,107,117,41,98,115,56,14,26,94,43,6,72,15,95,137,63,22,108,12,147,105,32,48,125,67,99,18,66,90,20,141,13,140,44,135,68,109,27,73,114,5,120,31,59,148,49,102,145,69,75,45,143,106,83,78,131,29,54,9,2,60,24,81,71,129,134,51,30,146,119,65,86,132,139,82,104,17,33,111,101,34,97,46,100,110,103,50,35,64,118,77,53,96,124,8,121,62,144,88,58,128,21,28,38,52,42,3,4,142,79,127,116
74,27,118,112,123,80,61,0,114,22,86,52,143,10,146,126,17,134,7,138,91,51,147,129,47,55,71,105,85,67,49,70,23,72,40,32,136,144,6,117,77,63,68,145,34,26,59,44,28,98,66,14,90,37,140,131,12,11,53,102,48,125,19,25,18,76,141,20,104,13,46,96,120,9,109,3,54,56,95,84,100,41,148,87,124,16,69,75,45,94,106,119,4,81,29,39,107,65,137,89,5,30,24,101,139,116,97,92,42,133,135,15,82,132,21,31,111,121,50,8,43,128,113,103,57,83,93,2,99,115,130,79,110,78,62,38,88,58,64,35,108,33,122,149,1,73,142,36,127,60
74,103,118,137,136,82,7,128,114,52,90,142,43,139,132,126,134,83,29,138,96,86,147,75,115,55,71,98,54,87,51,26,60,123,40,32,46,89,16,107,77,9,127,116,34,102,129,44,95,72,58,117,92,101,140,131,39,14,57,47,119,122,19,49,120,63,141,124,104,2,88,56,62,50,109,3,145,11,85,84,100,53,61,23,48,22,69,21,93,143,106,125,4,149,79,41,38,17,76,59,12,8,65,67,144,105,97,45,81,18,135,15,64,27,1,31,66,121,24,20,5,146,113,13,28,80,25,42,99,112,10,133,111,78,6,148,110,0,37,35,108,33,91,30,130,73,68,36,94,70
73,103,124,7,41,82,51,139,114,52,48,2,54,40,132,128,79,129,90,145,134,144,83,110,115,71,72,1,102,14,118,106,84,18,39,112,46,89,53,25,64,97,126,116,120,55,61,44,56,29,43,49,15,101,121,123,11,0,94,149,108,138,104,69,86,111,141,12,107,70,88,66,113,50,109,38,26,60,85,16,33,32,87,63,142,22,147,21,93,143,23,125,75,96,9,78,6,80,47,59,30,8,133,148,100,105,27,45,98,13,135,36,62,34,92,122,31,65,24,20,5,146,19,57,28,74,76,42,99,58,10,131,117,67,137,136,140,17,37,35,127,81,91,130,77,119,68,3,95,4
117,147,124,7,41,92,53,76,114,96,115,2,54,59,64,49,42,104,19,28,73,144,134,130,81,58,0,48,50,143,142,106,85,18,78,135,1,89,129,25,45,139,126,69,120,116,61,40,56,137,43,4,148,113,37,16,27,14,94,149,83,31,12,46,110,10,80,79,60,70,88,66,98,111,107,38,26,141,44,82,122,32,86,93,103,71,99,21,72,145,23,22,20,108,9,15,6,136,68,102,55,8,133,128,127,74,123,91,62,13,35,36,11,125,75,63,101,65,24,95,5,146,138,90,112,47,109,33,100,87,52,105,77,67,118,132,30,39,17,29,57,121,34,131,140,84,97,3,51,119
52,41,107,54,89,92,138,21,114,65,25,32,47,59,105,49,26,12,101,28,110,116,78,3,81,62,0,90,29,113,133,106,122,18,20,71,40,38,95,36,45,136,5,75,131,85,23,69,108,80,76,4,102,70,37,93,130,120,63,149,83,141,87,123,132,68,60,19,10,30,88,66,139,111,42,13,2,134,14,9,22,144,86,117,115,56,99,98,72,6,16,55,27,77,15,96,58,142,8,82,44,94,103,128,127,74,79,100,57,124,35,91,64,125,1,84,7,112,24,104,43,146,126,145,31,143,109,137,135,148,50,46,48,67,118,129,53,39,17,33,11,121,34,61,140,147,97,73,51,119
104,42,44,54,89,92,25,20,137,65,41,48,75,59,146,126,131,12,107,129,7,35,111,64,19,47,143,69,84,115,127,135,119,18,53,130,68,38,142,45,87,34,5,95,52,85,113,122,108,0,51,43,33,70,147,93,71,120,63,78,83,141,50,123,28,21,27,106,10,110,102,40,139,144,128,13,88,134,3,125,46,26,22,86,66,56,98,124,72,96,14,55,24,4,37,16,58,82,8,140,99,94,74,2,15,132,61,81,57,23,80,91,67,133,1,148,103,112,101,49,6,29,62,149,76,31,109,90,117,116,17,32,138,100,79,30,9,39,60,114,11,121,36,136,145,105,97,73,118,77
40,68,7,132,133,54,25,58,95,121,44,48,70,59,18,82,63,41,52,118,80,114,111,20,136,31,34,117,84,27,110,11,92,49,53,62,5,38,142,126,9,146,6,42,77,10,100,35,0,39,93,43,33,69,147,127,45,29,19,12,148,97,50,123,21,108,120,106,87,135,107,104,122,51,61,13,88,2,3,125,46,26,141,86,102,56,112,89,72,129,14,149,103,4,37,101,130,71,78,140,109,94,32,28,23,131,139,75,16,57,55,91,67,144,99,113,83,134,137,15,47,22,115,64,76,143,96,90,138,116,65,1,74,60,79,30,24,8,81,98,66,17,36,128,145,124,105,73,85,119
40,147,7,51,58,146,118,54,15,133,10,77,35,1,18,86,117,81,106,76,80,114,98,26,83,31,59,143,84,64,62,142,140,49,37,52,96,17,63,141,68,105,73,101,33,82,100,112,128,27,138,38,127,78,39,92,45,149,69,12,148,22,8,91,21,108,46,11,88,4,119,104,97,71,61,50,129,99,72,125,56,113,70,44,102,42,75,89,29,34,65,9,103,87,121,3,145,23,13,110,109,5,32,28,93,25,139,130,122,57,47,136,67,144,55,53,135,79,137,95,48,19,115,2,60,111,6,90,20,116,126,94,74,43,132,30,24,0,14,131,66,120,36,41,16,124,134,107,85,123
48,133,14,81,58,143,95,16,37,24,23,121,66,1,123,71,49,102,117,76,80,12,98,26,83,31,141,126,73,134,62,100,140,127,20,115,22,142,63,10,96,105,8,97,144,94,35,59,28,108,101,38,116,78,84,92,138,128,50,87,148,56,82,91,21,124,46,88,67,45,119,104,39,2,113,131,136,132,72,15,147,32,51,44,129,93,75,34,29,69,109,65,3,145,19,33,61,90,13,64,77,7,86,130,120,25,55,4,122,57,18,36,135,52,112,40,89,5,137,99,110,103,42,6,60,111,17,68,70,53,54,118,74,43,11,30,125,0,149,114,85,139,9,41,106,27,79,107,146,47
48,9,14,52,134,77,128,16,37,119,140,67,122,1,113,71,46,61,63,100,80,12,98,78,105,117,56,108,73,6,131,79,70,33,95,115,96,142,11,10,109,4,8,74,49,94,35,72,126,60,101,64,116,86,84,41,68,144,53,75,59,5,82,85,44,124,132,147,36,130,23,129,28,104,69,38,136,20,123,15,88,148,51,76,90,93,107,18,83,81,89,54,42,92,125,87,22,58,13,34,31,40,25,62,120,27,149,19,66,57,118,137,135,133,112,127,145,30,97,99,110,103,45,139,55,111,65,39,26,91,7,3,21,43,121,32,102,0,146,114,24,50,106,141,138,17,143,2,29,47
135,22,104,137,29,77,78,16,3,119,140,131,25,112,34,71,48,19,63,148,85,133,98,15,143,117,56,108,1,21,62,32,114,33,95,115,134,20,11,40,126,105,84,110,136,94,6,45,7,60,101,102,123,51,17,12,73,4,53,46,90,72,82,145,44,31,69,147,132,2,64,141,67,113,36,38,76,93,24,8,86,139,13,109,146,124,107,118,111,81,89,54,129,97,125,87,18,58,66,47,70,52,30,100,120,27,149,43,122,23,35,75,61,116,79,127,130,10,80,57,42,96,99,39,88,144,65,50,26,37,74,5,9,68,121,106,28,0,59,41,103,142,14,91,138,128,55,83,49,92
87,116,106,118,148,77,101,33,3,119,62,131,86,29,34,71,61,39,63,138,89,27,22,54,121,91,56,109,17,144,70,21,114,93,95,115,103,20,134,100,41,135,68,132,74,94,1,111,84,60,137,102,13,96,146,12,125,128,59,76,90,142,122,32,44,24,80,15,47,35,64,113,141,50,110,38,45,36,98,130,78,139,16,120,124,7,4,10,6,81,52,105,129,97,9,69,73,42,66,108,18,11,85,88,99,104,149,43,147,23,48,67,5,136,79,127,53,25,57,55,2,145,75,58,82,30,65,51,26,37,46,143,8,140,107,112,28,0,133,19,123,31,14,117,49,72,40,83,126,92
54,139,147,71,92,47,6,132,3,143,41,21,0,60,34,18,107,39,36,118,89,145,122,46,121,81,68,109,146,125,134,62,114,102,95,91,148,27,73,133,16,61,53,37,74,87,138,111,84,103,137,120,24,96,93,12,82,128,119,29,90,108,117,32,59,5,83,127,26,38,123,113,141,72,110,106,45,64,22,130,78,97,10,56,2,7,4,55,131,31,65,77,40,67,9,88,76,116,14,149,17,11,115,20,99,104,66,101,98,25,100,33,129,43,85,23,80,94,57,15,105,44,75,58,135,30,48,51,140,86,13,19,8,144,1,70,28,42,63,52,50,124,35,142,49,69,112,79,126,136
88,139,96,64,17,98,12,124,136,92,41,21,131,71,34,82,42,39,36,118,6,76,105,106,121,81,11,3,19,51,144,126,9,108,149,91,111,69,73,110,132,61,114,31,115,7,70,47,32,13,72,54,30,55,29,125,130,67,119,1,90,87,77,37,59,5,117,127,26,133,68,75,65,16,148,146,134,0,57,143,78,107,122,56,2,112,4,83,135,62,35,113,49,128,43,129,123,141,14,86,116,60,84,20,99,120,147,142,74,25,100,89,52,50,27,23,80,94,101,15,109,44,18,58,48,93,10,40,140,46,97,66,8,85,53,45,28,38,63,95,137,138,102,24,104,103,22,79,33,145
72,98,112,64,17,41,39,140,31,92,80,122,131,65,127,107,7,34,36,40,110,86,126,134,104,109,11,147,143,51,2,32,9,81,0,91,115,67,102,14,146,94,16,70,88,49,96,77,129,79,106,144,55,62,29,69,130,124,93,23,53,132,103,37,120,108,6,118,63,35,68,3,119,111,148,141,74,125,57,133,78,26,76,135,105,136,4,83,85,123,139,15,59,128,43,24,75,114,56,117,45,60,71,90,121,145,73,142,19,25,97,54,84,50,27,101,12,99,42,61,5,44,18,21,48,30,10,82,58,46,116,66,8,138,89,149,28,38,100,95,137,47,20,87,13,1,22,52,33,113
69,113,8,135,110,145,39,146,31,92,33,122,48,1,116,64,78,18,51,88,109,50,32,134,46,55,42,147,143,104,2,127,22,30,70,91,115,98,0,14,142,94,16,47,126,49,23,139,35,36,24,41,21,27,38,131,80,86,5,11,87,111,133,63,100,141,6,118,79,107,29,73,119,66,17,96,74,10,120,140,68,93,76,3,130,9,58,83,85,106,53,15,65,128,123,125,75,114,56,117,54,89,34,90,57,124,26,95,19,25,97,71,84,72,45,101,61,99,121,67,108,77,81,129,103,4,43,82,132,138,112,13,7,105,137,149,37,60,59,148,40,44,20,144,12,62,136,52,102,28
0,128,145,135,113,132,70,89,31,92,125,140,48,87,116,19,139,2,74,134,82,133,65,110,94,66,17,69,143,24,46,136,20,30,127,91,56,47,15,64,57,99,16,60,34,131,23,7,73,36,88,35,6,21,38,123,80,39,5,11,85,111,33,90,100,141,109,54,79,107,96,22,119,37,137,71,108,10,120,51,68,93,76,3,146,86,118,83,149,81,101,95,62,27,77,67,8,114,4,117,147,25,18,13,122,124,59,49,104,106,40,50,14,72,41,9,61,84,148,121,45,53,78,130,32,126,142,26,12,138,112,29,115,105,44,58,42,63,98,102,43,52,75,144,103,97,129,1,55,28
42,116,145,6,47,0,79,89,13,135,82,37,15,87,143,19,139,80,8,134,112,133,102,36,76,54,17,96,98,24,53,30,92,63,137,68,56,38,29,66,2,99,16,125,46,109,23,117,73,104,106,97,45,25,27,119,74,101,60,126,48,111,110,140,55,141,85,7,50,107,128,86,28,94,114,71,108,10,144,146,91,44,5,77,149,129,118,83,14,59,65,3,69,75,123,67,51,120,22,20,147,127,40,124,122,81,57,49,11,62,35,33,64,72,41,9,61,84,148,100,4,78,121,95,70,115,142,88,12,138,105,39,93,32,31,21,113,90,130,52,43,58,132,18,103,136,131,1,26,34
130,53,145,99,47,105,84,140,71,104,106,32,15,95,19,74,98,147,54,134,40,143,22,36,81,56,17,79,127,24,8,103,92,18,73,68,93,78,29,66,7,115,44,111,5,109,123,117,33,102,42,46,45,144,27,21,9,101,28,11,129,2,110,97,83,113,6,149,89,76,131,60,133,37,114,122,108,10,69,120,64,139,23,77,35,107,118,119,86,59,116,3,141,75,39,67,58,82,88,20,4,138,49,38,52,14,57,135,137,80,96,128,48,72,63,124,51,16,148,100,112,146,26,62,70,87,142,126,12,34,50,94,65,0,31,132,121,41,30,85,43,13,91,90,61,136,55,1,25,125
46,34,145,99,47,105,5,140,64,41,106,44,109,49,19,29,27,38,54,2,116,63,100,108,11,146,122,113,75,137,130,71,86,51,134,1,93,78,101,66,7,115,69,87,35,73,21,4,58,102,82,8,135,9,16,3,120,128,28,53,129,117,147,90,83,56,6,39,67,76,118,24,85,98,133,60,142,148,36,22,97,14,139,77,127,149,103,119,110,59,20,68,55,79,30,50,18,48,88,143,65,138,10,17,52,89,61,92,96,57,131,74,43,72,141,124,81,15,45,33,112,144,42,62,70,0,123,126,12,32,111,94,104,40,31,84,121,37,136,125,95,13,91,132,23,80,107,26,25,114
35,91,100,77,144,105,3,140,48,14,92,44,109,133,129,27,93,40,106,63,145,39,84,57,94,113,55,24,104,99,130,71,86,60,134,132,97,78,101,5,51,59,69,87,96,108,137,4,116,118,139,126,0,30,7,83,120,111,67,53,123,117,34,90,54,147,12,80,127,37,102,25,47,98,122,26,62,148,36,58,135,56,31,6,146,149,49,119,110,28,20,121,143,18,45,19,66,79,88,82,65,138,43,73,52,89,68,21,85,22,115,74,16,114,142,124,131,29,95,33,10,9,42,81,70,41,128,50,1,32,141,38,2,15,17,64,112,75,136,13,125,11,61,72,23,46,107,8,103,76
3,91,19,77,144,26,43,65,82,124,103,38,147,133,15,98,142,21,9,99,12,17,60,40,146,113,55,44,7,93,120,42,135,78,61,50,97,73,118,67,87,143,25,86,96,83,137,131,57,122,100,127,0,30,6,56,35,51,59,63,106,117,101,90,54,145,28,68,129,69,102,148,47,119,140,24,112,104,36,58,138,5,52,109,62,53,49,130,95,105,46,115,34,33,45,75,66,79,88,23,125,132,76,110,4,27,14,31,85,108,126,74,16,134,39,128,22,29,18,94,10,81,114,20,70,41,116,149,37,32,1,121,2,89,111,64,48,71,136,13,84,123,92,72,11,80,107,8,139,141
3,91,19,85,36,66,84,30,82,124,39,38,53,133,139,130,45,21,9,101,97,112,79,51,137,115,55,23,72,81,67,15,118,89,61,135,4,73,46,48,87,143,25,49,41,40,8,29,57,47,11,127,0,44,96,148,35,147,146,63,60,42,93,32,17,37,64,117,14,69,50,122,98,121,2,107,83,113,120,10,138,92,116,24,145,119,114,58,43,105,59,144,128,33,103,123,104,111,95,28,125,132,86,110,75,102,78,31,134,108,126,74,16,94,140,100,22,7,18,76,129,20,71,34,106,90,77,149,56,88,1,54,13,12,62,99,131,109,136,141,26,142,70,27,68,80,65,5,52,6
32,91,132,24,66,6,59,30,82,83,39,103,67,133,56,55,45,122,5,101,125,112,79,98,128,3,68,23,7,81,19,15,118,27,115,12,22,136,72,63,8,143,25,49,93,142,21,35,57,120,124,50,0,44,110,114,106,147,146,130,104,28,149,121,17,9,58,77,41,137,4,107,96,108,84,85,2,78,87,34,139,105,65,70,1,119,60,51,71,76,10,144,86,52,116,123,33,99,16,43,145,88,95,29,64,69,148,92,134,73,126,74,75,89,47,40,117,46,18,111,129,20,53,102,36,90,100,14,48,135,38,97,13,11,62,54,131,42,109,141,26,31,37,138,94,80,113,140,61,127
141,14,132,24,134,123,100,121,30,83,15,103,7,87,113,43,51,137,36,57,125,112,77,105,27,75,68,60,109,126,127,17,118,80,115,12,89,5,72,85,44,2,25,149,93,142,47,8,71,120,22,84,28,122,110,50,3,82,136,67,62,102,97,23,66,129,81,148,41,133,146,40,96,106,79,99,42,78,21,131,139,69,65,52,1,95,13,124,0,76,10,54,138,130,116,144,70,59,56,20,145,98,90,29,6,147,73,128,35,119,63,18,49,58,107,4,135,46,117,111,143,104,53,74,114,45,16,9,48,140,38,19,92,11,39,34,32,91,64,101,26,31,37,55,94,33,86,88,61,108
101,14,4,24,102,144,100,121,135,3,9,137,7,126,112,58,92,110,0,57,71,95,77,56,113,75,25,27,136,39,32,17,143,15,115,12,122,149,46,85,18,117,68,72,104,65,47,36,83,120,8,11,28,81,51,129,145,5,90,67,62,45,53,23,40,30,89,148,142,70,26,141,96,106,48,118,22,78,108,80,109,133,130,52,123,134,88,139,49,59,44,54,131,1,19,114,147,34,103,20,138,98,33,146,6,60,73,128,35,2,132,127,61,124,107,86,82,63,66,79,29,93,125,74,116,87,16,97,91,140,38,43,119,111,84,99,10,105,64,69,94,31,76,55,42,37,41,50,13,21
144,40,76,24,25,44,8,108,85,93,0,59,7,126,78,18,92,70,141,52,71,86,26,30,107,122,121,118,136,72,95,89,143,110,115,6,13,149,114,21,127,117,68,16,91,113,47,75,111,120,20,74,15,14,51,39,145,4,64,28,29,79,53,123,138,55,100,129,42,43,142,45,23,11,62,67,22,56,17,80,54,96,130,57,3,134,88,135,147,9,32,49,60,139,99,10,104,34,103,101,105,140,133,146,109,46,73,128,77,2,132,12,50,124,83,27,33,38,5,106,61,66,65,82,116,87,137,97,48,1,125,35,119,63,36,84,102,112,148,69,94,31,19,81,90,37,41,131,98,58
144,71,91,143,25,44,97,133,124,34,129,54,7,134,78,86,92,17,41,52,29,62,5,100,28,104,22,141,125,24,101,3,81,110,115,9,13,82,60,21,56,130,146,16,68,50,40,75,114,94,20,74,15,14,51,39,127,4,12,27,149,108,107,76,87,58,96,11,45,6,142,42,35,55,132,106,102,43,111,80,46,117,53,57,59,49,120,126,83,90,135,137,2,139,99,10,88,65,103,121,105,118,89,8,109,95,73,48,138,32,85,98,64,93,148,47,128,38,113,23,61,147,70,72,63,36,79,136,33,1,26,116,119,84,67,37,18,112,77,140,122,31,19,30,66,123,69,131,145,0
