0,1,2,3,4,5,6,7,8,9,10,11,12,13,14,15,16,17,18,19,20,21,22,23,24,25,26,27,28,29,30,31,32,33,34,35,36,37,38,39,40,41,42,43,44,45,46,47,48,49,50,51,52,53,54,55,56,57,58,59,60,61,62,63,64,65,66,67,68,69,70,71,72,73,74,75,76,77,78,79,80,81,82,83,84,85,86,87,88,89,90,91,92,93,94,95,96,97,98,99,100,101,102,103,104,105,106,107,108,109,110,111,112,113,114,115,116,117,118,119,120,121,122,123,124,125,126,127,128,129,130,131,132,133,134,135,136,137,138,139,140,141,142,143,144,145,146,147,148,149
96,101,2,3,4,1,6,7,8,9,10,11,12,13,142,15,88,17,18,19,20,21,22,68,24,25,26,27,28,29,39,31,32,33,34,91,36,37,38,14,109,41,42,43,44,45,46,74,48,49,50,51,52,53,54,70,56,139,0,59,60,61,62,63,64,65,66,67,55,69,5,71,72,73,102,130,113,77,78,79,80,81,82,83,84,57,86,87,58,89,40,129,92,93,94,95,75,97,98,99,100,131,23,103,104,105,106,107,30,35,110,111,112,108,114,115,116,117,118,119,120,121,122,123,124,76,47,127,128,90,85,141,132,133,134,135,136,137,138,16,140,125,146,143,144,145,126,147,148,149
96,101,2,3,42,1,6,98,8,37,9,49,12,77,142,15,88,17,14,19,20,21,22,68,122,25,99,27,28,29,39,31,32,33,34,91,36,117,38,13,109,11,72,43,44,18,46,4,48,10,50,51,52,53,54,70,56,139,0,59,60,61,62,63,64,65,66,67,55,69,5,71,81,73,102,130,116,87,79,26,80,24,82,83,84,57,113,128,58,89,40,129,92,93,94,95,7,149,134,41,100,131,23,103,104,105,106,107,138,35,110,111,112,86,114,115,74,119,118,108,120,121,30,123,124,76,47,127,75,90,85,141,132,133,78,135,136,137,45,16,140,125,146,143,144,145,126,147,148,97
96,101,2,3,42,1,6,98,8,37,9,49,12,77,142,20,88,136,14,19,125,45,122,68,139,25,99,27,28,29,39,130,32,33,15,48,36,117,66,13,44,11,72,43,73,18,46,4,144,10,50,51,35,53,54,34,56,21,0,59,60,22,62,97,64,63,38,67,55,24,5,70,81,57,102,52,116,112,79,26,80,71,82,83,84,118,113,128,58,89,40,129,92,93,94,95,7,149,134,41,100,131,23,103,104,74,106,107,138,121,110,111,87,86,114,115,61,119,105,108,120,91,30,123,124,76,47,127,75,90,85,141,132,133,78,135,69,137,31,16,140,65,146,143,109,145,126,147,148,17
96,145,2,3,42,1,6,98,8,124,9,49,12,77,117,25,88,136,14,19,149,45,122,68,139,40,99,27,143,29,39,130,32,16,15,48,36,86,66,13,44,11,72,43,73,18,46,65,144,10,121,51,35,53,54,34,56,21,0,59,60,125,62,97,64,31,38,91,7,84,5,70,81,26,102,52,116,112,79,140,80,23,82,83,33,118,113,67,58,89,24,129,92,4,94,95,71,128,134,41,100,131,28,103,104,74,106,107,138,37,110,111,87,141,114,115,61,55,105,108,120,119,30,123,63,76,47,127,75,90,85,101,132,133,78,135,69,137,50,20,57,22,146,93,109,142,126,147,148,17
96,66,2,3,42,1,6,98,8,124,9,49,12,77,25,132,88,130,14,19,144,45,122,68,139,40,146,16,143,29,39,149,32,13,15,26,36,101,111,86,44,11,72,142,145,18,46,65,23,10,43,54,35,53,90,51,56,94,0,34,60,125,62,97,64,31,38,91,7,84,5,70,81,83,102,52,116,112,79,140,80,27,82,21,33,118,113,67,58,89,24,129,92,117,78,95,71,121,134,41,100,131,28,103,104,74,106,107,138,37,99,69,87,141,114,115,61,55,105,108,120,128,30,123,63,76,47,127,75,136,85,48,4,133,110,135,119,137,50,20,57,22,59,93,109,73,126,147,148,17
96,66,2,3,42,1,6,65,8,81,122,49,12,77,25,132,88,130,70,19,144,45,43,68,98,40,146,16,143,29,57,149,32,58,15,73,36,101,111,86,44,11,72,142,145,46,85,56,23,10,119,54,35,53,90,51,26,9,0,121,60,125,62,97,113,139,38,91,7,4,5,14,94,83,102,52,116,112,79,140,80,27,82,21,33,118,138,67,133,89,24,129,92,117,78,95,71,84,134,41,100,131,28,103,104,74,106,47,30,37,99,69,87,141,114,115,61,55,105,108,120,128,18,123,63,107,39,127,75,136,48,64,50,109,110,135,76,137,31,20,13,22,59,93,34,124,126,147,148,17
96,66,112,3,42,9,124,65,8,81,122,49,12,35,25,132,88,130,70,19,97,45,43,140,13,40,146,16,143,29,57,149,32,74,15,22,36,101,111,86,44,11,72,144,145,46,85,56,82,10,119,54,104,142,90,51,26,139,0,121,1,50,62,137,113,77,38,91,7,4,5,14,94,83,102,52,116,117,79,123,80,27,98,125,33,118,138,67,133,89,24,129,92,17,78,95,71,84,134,41,100,131,28,103,48,60,106,47,30,37,99,2,58,141,114,115,61,73,105,108,120,87,18,23,63,107,39,127,75,136,34,64,128,109,110,135,76,6,31,20,55,68,59,93,21,69,126,147,148,53
96,66,137,3,42,9,59,65,8,81,122,49,109,35,25,132,48,36,70,19,97,45,43,140,13,40,146,16,143,29,57,123,32,74,15,22,12,101,111,139,44,11,72,144,33,69,85,56,82,10,119,54,104,34,90,51,26,124,60,121,1,50,62,141,113,80,38,91,125,4,5,55,94,83,102,52,116,117,79,129,86,27,98,112,20,118,103,67,133,89,24,77,92,17,78,95,138,84,30,41,100,131,28,14,148,145,106,47,73,37,99,2,58,7,114,115,61,149,105,108,120,87,18,23,63,107,39,127,75,136,46,64,128,134,110,135,76,6,31,142,88,68,71,93,21,0,126,147,130,53
132,66,137,3,42,9,30,59,15,81,122,49,109,95,25,102,48,36,70,19,50,45,43,140,13,40,146,16,85,29,57,123,32,74,97,22,12,101,143,139,8,11,72,98,33,69,125,56,112,10,119,54,104,55,90,51,26,124,60,121,1,65,131,141,113,80,38,91,63,96,5,144,94,83,67,52,116,117,79,129,86,27,84,75,20,118,34,76,133,89,24,77,92,17,78,82,138,127,62,103,100,39,28,35,148,145,106,47,73,37,99,2,58,7,114,71,61,149,105,108,120,87,18,23,115,107,41,111,4,136,46,64,128,134,110,135,44,6,31,142,88,68,14,93,21,0,126,147,130,53
135,66,137,94,88,9,146,59,15,39,122,49,109,42,138,102,48,36,70,19,50,11,43,140,13,40,65,16,85,105,57,25,32,74,131,29,12,101,143,139,8,17,72,98,33,69,125,56,112,10,119,54,104,55,90,51,26,124,60,121,1,31,45,141,81,80,38,115,63,96,5,144,58,83,91,18,116,117,79,129,86,47,84,132,20,118,34,76,133,89,24,77,92,87,78,82,3,127,113,103,100,22,28,35,148,145,106,130,73,37,99,2,123,30,114,71,61,149,62,108,120,97,7,23,95,107,41,111,4,136,46,64,128,134,110,67,44,6,52,142,27,68,14,93,21,0,126,147,75,53
135,66,137,47,87,9,146,59,15,39,124,49,109,42,138,102,48,36,136,19,70,11,43,140,13,40,65,16,116,105,134,62,145,74,131,29,12,101,143,139,8,17,72,95,93,69,125,56,112,10,88,54,104,55,90,51,26,20,21,121,1,31,45,141,81,119,38,115,67,96,5,144,58,4,91,18,80,117,52,129,86,33,84,132,32,63,34,76,133,89,149,77,92,57,78,82,3,127,113,103,100,22,28,35,148,98,106,130,73,37,99,110,123,85,114,71,61,60,25,108,120,97,7,23,83,107,41,111,79,50,46,64,128,122,2,24,44,6,118,142,27,68,14,94,30,0,126,147,75,53
135,124,137,47,87,9,146,59,72,39,89,51,109,129,138,116,36,42,48,19,18,11,8,70,13,40,65,90,7,148,134,115,145,74,131,29,12,101,143,139,125,17,66,95,93,69,10,56,112,85,88,62,104,55,49,142,26,20,21,121,5,31,45,141,81,119,38,106,67,96,140,144,58,4,91,16,37,117,52,54,86,15,84,132,32,63,34,76,133,43,149,77,92,57,78,82,3,127,113,103,100,22,28,35,46,98,80,130,73,105,99,110,123,136,114,71,61,60,25,108,120,97,1,23,83,107,41,111,79,50,102,64,128,122,2,24,44,6,118,33,27,68,14,94,30,0,126,147,75,53
135,124,137,47,87,54,134,59,72,13,89,51,109,129,138,116,36,42,48,19,18,112,8,70,11,40,65,90,7,142,55,115,145,74,100,29,12,101,143,139,131,17,66,95,93,69,10,56,53,85,88,62,104,110,46,9,26,20,21,121,30,31,45,141,92,119,38,106,67,96,125,144,58,4,91,16,37,117,52,146,130,15,5,132,80,83,34,32,133,60,149,77,50,57,78,82,3,127,113,103,102,22,28,35,86,98,49,43,81,105,99,84,123,136,114,71,61,148,25,108,120,97,1,23,2,107,41,111,79,39,73,64,128,122,63,24,44,6,118,33,27,76,14,94,140,0,126,147,75,68
135,124,4,47,74,54,134,59,72,13,89,51,109,12,26,116,36,131,48,19,18,112,8,70,110,40,94,90,7,142,55,115,88,2,100,29,113,145,143,139,65,17,66,95,93,69,10,56,126,85,24,62,104,76,46,9,52,20,21,92,30,31,45,141,61,119,38,106,67,96,86,144,58,71,73,79,37,117,125,146,130,42,15,132,80,83,34,32,133,60,149,77,50,57,78,82,138,127,101,103,102,22,28,35,5,98,49,43,81,105,99,84,123,136,114,129,16,148,25,108,53,97,1,23,91,107,41,111,121,39,11,64,128,122,63,3,44,6,118,33,27,120,14,87,140,0,137,147,75,68
135,124,4,47,74,54,134,59,72,13,43,51,109,12,118,116,36,131,48,19,88,112,8,70,110,40,94,90,7,107,55,115,33,1,100,89,22,145,143,139,65,113,66,95,93,69,10,56,15,85,24,62,122,76,46,9,129,20,21,92,30,31,45,141,142,119,38,80,67,96,86,144,58,71,73,79,60,117,125,146,130,42,127,132,5,23,34,32,133,104,149,77,50,57,78,82,138,52,61,103,102,2,28,37,147,26,49,18,81,105,99,84,35,136,114,91,68,148,25,108,53,97,126,123,17,98,41,111,121,39,11,64,128,101,63,3,44,6,83,106,27,120,14,87,140,0,137,16,75,29
80,124,4,71,74,54,134,59,72,49,43,51,109,42,118,146,36,131,48,19,39,112,8,70,110,40,94,57,7,107,55,115,33,1,100,89,83,145,143,139,65,17,66,95,93,97,10,56,15,47,24,92,122,14,46,9,129,20,21,22,76,31,45,141,142,119,38,30,67,96,86,144,58,23,73,79,60,117,125,85,130,41,127,132,5,75,34,32,133,104,149,77,50,135,78,82,138,52,61,103,102,2,28,64,147,113,88,18,63,105,12,84,35,136,53,91,68,148,25,108,99,81,126,123,13,98,69,111,121,90,11,37,128,101,62,3,44,6,116,106,27,120,26,87,140,0,137,114,16,29
80,124,13,39,74,54,134,93,72,49,43,51,109,42,118,146,36,131,48,19,65,28,8,70,110,92,94,57,7,78,55,9,59,1,100,89,25,145,143,139,97,17,66,95,40,58,10,56,15,47,24,11,122,14,46,62,129,98,21,22,76,31,45,18,142,119,38,30,67,96,86,144,4,23,73,79,114,117,125,53,130,41,127,60,5,75,34,32,133,104,149,77,71,135,20,82,138,52,61,103,102,2,83,140,147,113,88,132,63,105,12,84,35,136,121,91,115,148,68,108,99,81,50,123,64,33,69,111,85,90,107,37,128,101,16,3,44,6,116,106,27,120,26,87,126,0,137,112,141,29
17,124,131,75,74,54,134,93,72,49,132,51,109,42,118,146,36,38,13,19,65,22,8,70,110,92,94,129,7,78,99,9,59,1,100,28,25,145,143,37,97,107,66,95,103,58,10,56,15,48,24,11,122,14,80,62,57,98,137,91,76,31,45,33,142,119,89,138,67,46,86,144,30,23,39,79,114,117,125,53,130,41,127,60,5,35,34,32,133,104,149,77,71,135,20,82,73,52,61,43,102,2,83,140,147,113,88,105,63,27,12,84,96,136,121,18,115,148,68,108,47,81,50,123,40,139,69,111,85,90,64,21,128,101,16,3,44,6,116,106,55,120,26,87,126,0,4,112,141,29
17,124,134,75,74,33,54,93,72,49,132,51,88,141,118,146,36,38,13,19,65,83,8,70,110,131,94,129,55,30,99,9,82,1,136,28,25,145,143,37,97,107,66,95,103,58,10,56,15,48,24,6,122,14,80,62,57,96,137,91,76,92,45,63,59,119,89,138,67,46,11,144,130,23,39,79,114,117,125,53,90,78,127,60,5,69,34,32,133,104,149,77,71,135,20,22,50,52,61,43,102,2,105,140,147,113,101,115,35,27,12,84,42,98,121,18,7,148,68,142,47,81,73,123,40,139,109,111,85,108,64,21,128,31,16,3,44,41,116,106,100,120,26,87,126,0,4,112,86,29
17,124,134,75,74,43,78,93,73,49,132,51,88,141,107,146,10,38,13,19,65,83,8,70,110,99,94,136,55,30,40,33,82,1,11,28,25,84,80,37,97,131,66,95,103,58,48,56,143,12,24,6,122,145,72,62,57,96,137,91,76,3,45,63,59,119,89,138,67,46,44,31,130,23,39,79,114,117,125,53,90,14,54,60,127,69,34,32,133,104,129,77,148,135,20,22,50,52,61,71,102,2,105,140,147,113,101,115,35,27,36,68,42,98,121,18,7,15,144,142,47,81,64,123,9,139,109,111,85,108,149,21,128,120,16,92,5,41,116,106,100,118,26,87,126,0,4,112,86,29
0,124,138,75,13,43,78,93,73,49,107,51,74,141,145,146,10,38,136,19,65,83,8,70,110,117,94,45,55,52,40,85,82,1,134,28,25,84,80,37,97,131,66,95,88,58,48,56,143,12,24,98,122,119,72,62,57,96,137,91,76,103,3,63,59,11,89,4,132,46,44,31,130,23,39,79,114,113,99,53,90,14,54,60,127,69,36,32,133,17,35,77,148,135,20,67,50,22,129,71,102,2,105,140,147,104,101,115,34,27,92,33,42,61,121,18,7,15,144,142,47,81,64,123,9,139,109,111,108,6,149,21,128,120,16,30,5,41,116,106,100,118,26,87,126,68,125,112,86,29
15,42,138,75,13,43,96,69,73,49,107,51,74,141,145,146,93,53,136,19,65,83,8,147,110,117,94,45,34,52,55,85,82,1,134,28,25,84,80,78,97,131,66,95,88,132,48,56,59,12,24,98,122,119,72,124,57,37,137,91,76,103,3,63,143,11,38,4,40,46,44,31,130,23,39,68,70,129,99,30,90,14,54,60,127,113,36,32,133,17,35,77,148,135,104,67,50,22,102,0,18,2,105,140,149,5,101,115,114,27,92,33,87,61,121,62,7,20,144,142,47,81,64,123,9,139,109,111,108,6,79,21,128,120,71,58,10,41,116,106,100,118,26,16,126,89,125,112,86,29
15,42,138,75,13,43,65,69,73,49,107,51,74,141,145,146,93,144,136,19,40,83,8,147,110,117,94,18,34,149,55,85,82,1,134,28,106,84,80,78,97,131,66,115,88,132,48,56,59,12,96,98,122,119,72,124,57,37,137,91,53,103,3,25,143,11,27,4,52,135,44,31,130,61,9,68,70,46,54,24,90,109,47,60,127,113,36,32,133,17,63,77,14,10,104,67,50,22,102,45,76,2,105,95,23,5,101,140,114,129,92,33,87,35,121,39,7,20,38,142,0,81,64,123,99,139,125,111,108,6,79,21,128,120,71,58,62,41,116,30,100,118,26,16,126,89,148,112,86,29
15,42,138,147,13,43,65,69,73,49,114,51,74,141,12,146,93,122,136,64,40,83,8,63,110,117,94,18,17,101,55,81,82,1,134,28,106,84,137,78,97,131,66,115,88,132,144,56,128,125,96,87,145,119,72,124,57,37,107,91,53,103,3,25,143,11,27,59,52,135,44,31,130,61,79,68,70,46,54,24,90,109,47,48,4,113,36,32,133,98,142,19,14,10,104,67,50,22,102,45,76,2,105,95,23,5,127,140,71,129,92,33,149,35,121,39,7,20,75,34,0,62,118,123,99,139,29,111,108,6,116,21,80,120,60,58,85,41,77,30,100,38,26,16,126,89,148,112,86,9
15,42,138,34,13,61,65,69,23,22,114,51,74,4,12,146,93,122,136,64,40,73,83,63,110,117,94,18,17,48,55,81,82,1,134,60,106,84,137,128,97,131,66,121,88,132,144,56,79,125,96,87,145,119,72,124,133,37,107,91,25,103,3,141,143,70,27,59,52,135,44,118,130,104,127,68,123,46,8,24,90,109,47,115,32,113,36,54,58,98,142,19,14,10,57,67,50,11,102,45,49,2,105,95,53,5,147,140,71,129,92,33,149,35,31,39,7,20,75,28,0,62,43,76,99,139,29,111,108,6,116,21,80,120,78,16,85,41,77,30,100,38,26,126,101,89,148,112,86,9
15,42,73,34,29,61,65,69,23,27,114,51,74,4,12,146,67,131,136,44,40,60,83,63,110,117,94,55,17,48,11,81,64,1,134,18,106,84,137,128,97,113,66,121,88,132,144,56,79,5,96,87,145,119,139,101,133,37,107,91,52,103,85,141,143,70,45,59,77,135,36,118,130,104,120,68,123,46,8,24,90,109,47,115,32,138,22,54,58,98,142,19,14,10,57,25,3,93,122,13,49,2,105,95,53,127,147,140,71,129,92,33,149,35,31,39,7,20,75,28,0,62,43,50,99,76,124,89,108,6,116,21,80,111,78,16,72,41,102,30,100,38,26,126,82,125,148,112,86,9
15,42,73,34,29,61,65,69,23,27,114,60,74,4,12,146,67,131,5,44,40,108,83,63,110,117,94,55,17,48,11,81,64,1,122,18,106,10,137,128,134,113,66,121,88,132,144,96,14,129,102,13,85,119,139,101,133,37,107,91,52,103,35,68,143,70,45,59,127,39,36,95,130,104,120,28,123,46,8,24,90,109,47,115,32,138,22,54,58,98,7,21,19,56,57,25,3,93,97,142,49,2,105,145,51,141,147,140,71,53,87,33,149,79,31,6,136,20,75,92,0,62,43,50,99,76,124,89,135,126,116,84,80,111,78,16,72,41,118,30,100,38,26,77,82,125,148,112,86,9
15,42,104,34,29,61,65,69,23,27,114,60,74,4,25,146,67,131,5,44,3,108,83,33,110,117,94,55,17,48,11,81,64,1,63,18,106,12,10,128,134,113,66,121,88,16,144,47,14,129,112,13,85,119,139,101,9,37,107,91,52,103,46,68,143,102,45,59,137,127,43,95,130,71,120,28,123,35,8,24,90,133,36,115,32,138,22,54,58,98,7,21,72,56,76,51,116,93,97,142,39,2,105,145,122,141,70,140,19,53,87,75,149,79,31,6,136,20,132,92,0,62,57,50,99,96,124,89,135,126,147,84,80,111,78,73,109,41,118,30,100,38,26,77,82,49,148,125,86,40
10,42,104,34,29,62,65,69,23,28,114,60,74,4,25,146,67,131,5,44,1,108,83,33,110,55,94,124,17,48,11,81,64,59,63,18,106,12,102,128,134,66,27,117,88,140,144,47,14,129,112,72,90,119,139,101,9,37,107,91,52,103,141,68,143,87,148,147,137,127,43,95,130,71,121,16,123,35,8,24,46,133,36,115,32,138,22,54,58,98,7,21,45,56,76,51,57,20,97,142,39,2,105,145,122,13,70,3,19,53,50,75,149,85,31,6,136,15,132,92,0,79,99,78,113,96,61,89,135,93,116,84,80,111,126,73,109,41,118,30,100,38,26,77,82,49,120,125,86,40
10,42,104,34,29,62,65,69,23,28,73,60,94,91,58,105,67,131,5,44,1,108,119,33,110,55,99,126,17,83,11,81,64,59,63,18,30,12,102,128,134,37,27,117,88,140,144,146,14,107,112,72,90,45,139,101,9,46,26,120,52,106,141,68,143,87,148,147,137,32,43,16,130,71,121,15,123,35,8,24,78,31,36,115,135,138,22,54,6,98,7,21,95,56,76,51,57,20,97,142,39,2,74,145,122,13,70,3,19,53,50,75,149,85,103,4,136,114,132,92,0,79,124,47,113,96,61,89,48,93,116,84,80,111,127,25,109,41,118,129,100,38,133,77,82,49,66,125,86,40
10,42,104,34,29,62,65,23,72,28,73,60,94,2,144,105,82,131,5,44,1,108,119,33,110,55,99,141,17,83,11,70,64,68,63,18,30,12,102,128,134,37,27,117,88,140,49,146,14,107,47,124,90,45,139,101,9,46,26,120,127,106,132,126,149,87,148,147,81,103,43,113,130,71,109,15,92,35,8,24,78,31,36,115,135,138,22,54,6,98,7,67,95,122,76,51,57,20,97,142,39,32,74,145,123,13,91,3,19,53,50,75,21,85,58,4,136,121,52,56,0,79,143,112,69,96,61,89,48,93,116,84,80,111,59,25,114,16,118,129,100,38,133,77,137,41,66,125,86,40
10,34,138,80,29,31,65,23,72,28,40,60,127,2,144,105,82,131,5,44,1,108,119,33,110,55,32,141,17,83,11,70,64,68,63,18,30,16,102,128,96,37,27,50,88,71,49,146,134,107,52,124,90,45,139,15,9,46,26,120,62,42,132,126,149,94,148,147,81,39,43,113,130,140,109,87,92,35,8,24,78,73,89,47,135,54,22,36,6,98,7,67,95,122,76,51,57,20,97,142,61,103,74,145,123,13,91,3,19,53,38,75,21,85,58,12,136,4,99,56,0,79,143,112,69,101,121,115,48,93,116,84,104,111,59,25,114,106,118,129,100,117,133,77,137,41,66,125,86,14
10,34,138,80,29,31,65,23,72,142,40,60,127,2,144,105,99,131,5,44,1,108,119,33,110,55,28,141,123,21,74,70,64,68,63,92,52,16,15,128,96,37,27,50,88,71,49,146,134,107,30,124,90,45,139,62,9,46,38,120,83,42,140,126,149,94,148,147,81,111,43,113,130,73,109,87,0,35,8,24,78,102,89,121,135,54,22,36,6,98,7,116,47,122,18,51,57,20,97,39,61,103,95,145,76,13,112,3,19,53,82,75,14,85,58,12,136,32,17,56,26,79,143,25,69,101,67,115,48,93,132,84,104,125,59,11,114,106,118,129,100,117,133,77,137,41,66,91,86,4
8,34,138,80,29,100,65,23,86,142,40,60,127,2,144,105,99,131,77,82,1,108,18,33,110,55,28,141,123,21,74,70,13,68,63,133,52,16,15,31,96,37,139,50,88,71,73,146,134,107,10,124,54,45,112,62,137,46,38,147,83,42,140,126,149,94,84,49,81,128,43,120,130,4,109,87,0,35,5,24,78,102,89,121,9,72,22,36,6,98,7,116,47,122,39,51,57,20,97,30,61,103,95,145,76,92,90,3,19,53,111,75,14,85,58,12,136,32,17,56,26,79,143,25,69,101,67,115,48,93,119,91,104,125,59,11,114,106,118,129,64,117,113,135,132,41,66,148,27,44
8,115,138,80,29,100,65,23,101,142,72,60,127,2,144,105,99,131,77,98,1,82,18,33,110,55,28,34,148,21,74,70,13,68,63,133,52,16,15,31,96,37,137,50,106,42,73,146,134,107,10,124,54,45,112,62,123,140,38,147,83,25,59,126,149,94,84,49,81,128,43,120,130,4,32,87,0,78,5,11,24,102,116,121,9,141,22,36,6,71,7,46,47,88,39,51,57,20,97,139,61,103,95,145,109,92,90,3,122,86,111,53,14,85,58,12,136,91,17,56,26,79,143,35,69,40,67,76,48,93,119,108,104,125,19,75,89,30,118,129,64,117,113,135,132,41,66,114,27,44
8,115,134,80,130,100,33,23,37,142,72,60,44,2,144,105,99,65,119,98,1,82,18,138,110,55,28,34,148,53,74,70,62,68,52,133,9,16,15,31,47,13,137,50,87,42,73,146,89,107,127,124,54,45,112,96,131,140,38,147,83,25,59,86,149,94,84,49,81,128,43,30,51,4,32,120,0,78,5,11,24,102,116,121,109,141,22,36,7,71,93,46,126,88,39,56,57,20,97,139,61,103,95,145,63,92,90,3,122,76,111,29,14,85,58,12,136,91,17,21,26,79,143,35,69,40,67,77,48,123,10,108,104,125,19,75,101,6,118,129,64,117,113,135,132,41,66,114,27,106
8,46,134,80,115,100,33,23,37,85,21,60,44,2,144,25,99,65,110,98,1,82,18,138,58,47,28,34,148,53,74,70,62,68,52,133,108,16,15,31,14,13,137,71,87,42,73,146,50,107,127,124,54,45,72,96,131,140,38,111,83,120,59,86,149,94,84,49,81,128,43,30,51,4,32,26,0,78,119,11,39,102,116,121,109,141,22,36,7,105,93,77,126,88,142,56,89,20,5,139,61,103,95,145,63,92,90,3,122,76,24,91,112,9,55,12,136,29,17,66,147,79,143,57,69,40,130,35,48,114,10,123,104,125,19,75,101,6,118,129,64,117,113,135,132,41,67,97,27,106
8,61,134,123,115,100,33,80,37,18,21,60,44,2,144,70,99,97,110,98,1,82,113,138,65,47,28,12,148,53,74,58,62,68,52,133,108,16,15,31,14,13,137,71,87,89,73,146,50,107,22,34,54,45,72,96,131,17,38,4,83,120,59,86,149,46,84,49,121,128,43,30,51,75,32,26,0,78,119,11,124,102,116,94,109,141,23,36,7,105,93,77,76,88,142,56,81,20,5,25,48,103,95,67,63,92,90,3,122,39,24,91,112,9,55,145,136,42,127,66,147,79,143,57,69,40,130,35,29,114,10,140,104,118,19,85,101,6,139,129,64,117,126,135,132,41,125,111,27,106
8,16,134,123,115,100,104,80,37,18,21,60,44,2,144,70,99,97,110,98,1,82,113,138,65,47,28,12,148,53,74,61,62,68,95,67,108,143,15,31,14,13,105,71,93,89,73,146,33,56,22,34,25,45,72,96,131,17,38,4,83,120,59,86,149,137,41,49,121,54,43,30,51,75,32,26,39,78,119,11,124,102,50,145,109,141,23,36,129,107,90,77,76,88,142,58,81,20,5,133,48,103,79,24,63,92,87,3,0,46,10,91,112,9,55,127,136,42,122,66,147,52,94,57,69,40,130,35,29,116,128,140,114,118,19,85,101,6,139,7,64,117,126,135,132,111,125,84,27,106
8,101,134,11,115,100,104,149,37,18,21,60,44,16,42,70,99,97,110,98,1,82,2,138,65,116,28,12,148,124,74,61,66,68,95,67,108,143,15,31,77,13,105,71,93,48,73,146,33,56,22,34,25,45,107,80,131,17,38,4,83,120,59,86,49,137,14,96,121,54,43,30,89,75,32,26,51,78,119,118,94,103,50,145,109,141,23,36,20,57,90,72,76,88,142,58,81,5,47,133,39,62,79,24,63,92,87,3,0,46,10,91,112,9,144,127,136,55,129,113,53,52,41,102,69,40,130,35,29,123,128,140,114,122,19,85,147,6,139,7,64,117,126,135,132,111,125,84,27,106
8,101,134,11,115,100,104,149,37,18,21,60,44,136,42,70,99,97,110,98,127,82,2,138,65,116,28,12,148,124,145,61,66,68,47,67,108,143,16,31,77,93,105,71,126,48,73,146,39,56,22,125,129,29,36,80,131,17,38,4,83,120,59,86,49,58,14,62,121,54,43,30,32,75,137,26,51,78,119,118,94,103,50,15,109,81,23,45,20,25,90,72,111,88,142,13,57,5,1,133,76,40,79,24,63,74,87,107,0,46,10,91,112,9,144,33,89,55,113,34,53,52,41,102,69,135,130,35,3,123,128,140,114,122,19,85,147,6,139,7,64,117,95,92,132,141,96,84,27,106
8,101,38,89,115,100,134,149,62,18,21,60,44,136,42,70,99,97,96,98,127,82,2,138,111,116,28,126,148,124,145,61,66,68,47,67,108,141,104,31,77,37,105,71,30,48,73,79,39,109,22,125,129,143,118,80,131,17,64,4,83,24,59,86,49,58,14,110,29,54,43,12,32,75,137,5,51,78,130,25,94,103,50,112,114,81,23,45,20,0,90,72,15,88,142,13,57,16,1,133,76,40,11,119,63,74,87,107,93,46,10,91,65,9,144,33,146,55,113,34,53,52,41,102,69,135,121,35,3,123,128,140,120,122,19,85,147,6,139,7,36,117,95,92,132,26,56,84,27,106
8,101,38,89,115,61,134,149,118,30,141,42,44,136,60,70,99,97,96,98,82,5,2,135,111,116,28,126,100,124,145,83,138,68,47,67,108,29,104,31,77,37,105,71,84,48,73,35,39,59,22,125,129,143,132,80,131,17,1,4,119,24,109,86,49,58,14,110,56,54,43,12,32,75,137,91,51,78,130,25,94,103,50,112,40,81,23,45,20,0,90,128,15,88,142,13,21,16,33,133,76,127,57,114,63,79,87,107,93,46,10,11,65,9,144,62,146,55,113,34,53,52,41,102,69,66,121,148,3,123,64,140,120,122,19,85,147,6,139,7,36,117,95,92,72,26,18,74,27,106
8,139,38,51,115,61,134,149,118,30,141,42,44,136,60,124,99,97,96,98,82,109,2,135,53,116,28,126,89,110,145,83,138,68,47,67,108,29,104,31,77,37,36,71,84,140,73,35,56,59,22,125,129,143,132,80,131,121,1,4,119,24,46,86,148,58,14,103,55,54,43,25,32,75,74,91,11,78,130,100,94,17,39,112,40,81,23,45,20,0,12,128,15,88,142,13,21,16,33,133,76,127,57,114,63,48,90,107,93,5,10,87,65,9,144,49,146,101,113,34,137,52,105,102,147,66,50,41,3,123,64,70,120,122,19,85,79,6,62,7,69,117,95,92,72,26,18,111,27,106
8,139,100,84,115,61,134,149,118,30,141,42,44,26,60,124,99,97,96,98,82,109,2,135,53,116,28,126,74,110,145,71,138,51,140,67,108,29,41,31,77,14,36,9,21,148,38,35,56,59,22,111,129,143,132,80,131,69,1,45,47,24,46,86,119,4,136,103,55,58,43,25,32,75,83,91,11,78,130,89,94,17,39,112,40,81,23,18,20,0,12,128,125,88,142,13,73,16,33,133,76,127,57,114,63,48,104,107,93,5,10,87,65,120,144,49,146,101,113,34,90,52,105,102,147,54,50,66,85,123,64,70,15,122,19,3,79,6,62,7,68,117,95,92,72,121,137,37,27,106
8,7,100,84,115,61,96,149,118,30,141,5,44,26,60,124,99,97,38,132,82,109,2,135,53,116,28,126,23,110,145,71,92,51,140,31,138,29,68,20,77,14,36,9,21,148,59,35,56,16,22,111,129,143,85,80,131,69,1,45,47,24,144,86,119,4,42,134,55,88,43,25,46,75,83,91,11,78,130,89,94,103,27,112,40,81,73,18,104,0,12,128,125,41,142,13,98,32,106,133,76,127,57,114,63,48,67,107,93,74,10,87,65,120,108,49,146,101,113,34,90,52,105,102,147,54,50,66,33,123,64,70,15,122,19,3,79,6,62,117,58,136,17,95,72,121,137,37,39,139
8,7,100,84,49,61,96,38,83,30,141,5,4,26,60,124,99,97,44,132,82,113,2,135,68,116,28,126,23,110,145,71,35,51,140,31,138,29,1,20,52,14,36,9,21,148,59,115,149,106,144,111,129,143,85,80,131,69,147,45,47,24,92,73,119,108,42,134,55,88,43,25,46,75,37,91,11,78,130,89,94,103,27,112,81,40,77,22,104,0,12,128,125,18,142,13,98,32,41,133,76,127,16,114,63,48,67,107,93,74,10,87,50,120,121,53,146,101,65,34,90,57,105,102,86,54,58,56,33,123,64,70,15,122,19,3,79,6,62,117,66,136,17,95,72,109,137,39,118,139
8,7,100,73,49,61,96,38,83,103,141,5,57,109,60,124,99,97,44,132,98,113,27,135,68,116,28,126,23,110,145,71,35,51,140,82,41,29,1,20,52,4,36,9,21,148,59,115,72,106,144,54,129,143,85,80,131,69,31,147,47,24,42,149,119,108,101,134,55,88,43,25,46,75,37,91,11,78,130,48,89,19,56,112,81,40,77,22,104,0,12,128,125,18,142,13,92,32,62,133,76,127,16,114,63,95,67,107,93,74,10,87,50,120,14,53,146,45,65,34,90,26,105,102,86,111,58,121,33,123,64,70,79,122,138,3,30,6,39,117,66,136,15,2,84,139,137,94,118,17
23,7,100,73,26,61,96,83,47,103,141,5,57,109,60,124,99,97,44,132,98,18,27,113,68,116,28,126,120,110,145,111,35,142,65,107,41,29,1,66,52,4,36,71,21,148,59,115,72,106,144,54,129,143,85,8,131,69,31,147,53,24,42,149,37,108,101,134,55,88,43,25,46,75,133,91,80,49,135,48,89,19,56,112,81,40,77,22,104,0,12,128,125,39,119,13,122,32,62,92,9,127,16,114,63,38,67,146,93,130,10,87,50,78,14,74,51,45,82,34,90,76,105,102,86,140,58,121,33,123,64,70,79,11,138,3,30,6,20,117,136,95,15,2,84,139,137,94,118,17
23,7,100,73,26,61,96,83,47,60,141,5,57,109,55,124,99,59,44,104,98,18,41,64,68,116,28,90,120,110,145,111,35,132,79,107,114,29,1,66,52,4,36,71,70,148,122,115,72,93,144,54,129,143,3,8,131,69,27,147,53,24,42,149,37,65,49,103,46,88,48,25,30,75,133,91,80,113,135,108,134,19,56,112,81,40,77,97,43,0,12,128,125,39,119,13,22,32,62,92,9,127,16,82,63,38,67,146,21,130,10,87,50,78,14,74,51,45,34,126,85,76,105,102,86,140,58,121,33,123,20,31,106,11,138,89,101,6,142,117,136,95,15,2,84,139,137,94,118,17
23,7,82,73,26,61,96,32,47,60,13,5,57,109,103,124,99,100,44,104,98,18,70,74,66,116,28,90,120,110,145,140,10,132,79,107,114,29,1,20,52,4,36,71,41,148,122,115,72,93,144,54,129,143,3,8,131,12,27,147,69,49,42,149,111,65,112,35,46,88,48,25,127,75,133,91,80,113,55,108,134,19,56,141,81,40,77,97,43,0,106,53,125,39,119,37,22,83,62,92,9,128,16,64,63,38,67,146,102,130,21,87,50,78,14,105,51,45,34,126,85,76,86,24,135,30,58,68,33,123,94,31,121,11,138,89,101,6,142,117,136,95,15,2,84,139,137,59,118,17
23,17,118,73,26,32,96,60,126,102,13,5,57,69,103,124,99,100,7,104,98,18,70,56,82,116,28,90,120,110,145,140,93,109,79,107,114,29,1,20,52,97,108,71,41,148,44,74,72,39,144,54,129,143,3,8,131,12,27,147,66,49,42,149,87,65,112,35,46,88,48,15,127,75,133,36,80,10,55,132,134,19,50,141,81,40,77,30,43,21,106,53,125,4,119,37,22,83,62,92,9,128,16,64,63,38,67,146,47,130,136,25,91,78,14,105,51,45,34,33,85,76,86,24,135,0,58,68,122,123,94,31,121,11,138,89,101,6,142,117,61,95,111,2,84,139,137,59,115,113
23,17,10,73,65,32,96,60,126,102,12,5,42,69,103,124,99,100,7,104,98,18,70,56,82,34,28,90,120,110,145,140,93,109,79,107,114,59,1,89,52,97,108,71,41,35,44,88,72,39,0,54,129,143,3,8,134,29,27,147,66,49,84,149,87,50,112,74,46,55,48,15,127,75,133,36,80,122,38,132,62,19,13,141,91,40,131,30,43,21,106,53,81,26,119,118,22,57,4,92,9,128,16,64,63,101,67,146,47,130,136,25,116,78,14,105,51,45,113,33,85,76,86,24,135,11,58,68,148,123,94,31,121,77,138,144,37,6,142,117,61,95,111,2,125,139,137,20,115,83
23,17,10,36,65,32,96,120,126,102,12,77,55,69,137,124,99,100,7,104,98,18,70,56,82,34,60,90,27,110,145,140,93,109,79,107,114,59,1,89,52,44,103,71,41,118,129,88,72,39,0,54,50,143,3,8,134,29,97,40,80,49,73,149,87,92,112,74,108,139,48,15,127,75,133,37,13,122,38,132,62,42,20,46,91,28,131,30,66,21,106,53,81,26,119,43,22,57,4,95,138,128,16,64,63,101,67,146,47,130,136,25,116,78,14,105,51,45,113,33,85,76,86,24,135,11,58,125,148,123,94,31,121,5,35,144,9,6,142,117,61,19,111,2,147,84,68,141,115,83
23,17,10,36,65,32,96,120,28,102,12,77,55,69,137,124,99,100,7,6,98,18,121,56,80,34,82,90,27,70,84,72,93,109,79,16,133,108,41,89,52,44,103,71,145,118,129,88,110,39,0,54,50,143,3,8,67,29,46,40,59,86,73,149,49,92,112,74,87,60,48,15,127,75,19,37,13,122,38,132,62,42,20,139,91,26,131,30,66,140,106,53,81,104,119,21,22,57,4,95,138,128,1,64,63,134,126,146,47,130,136,25,116,78,14,105,51,97,113,33,85,76,68,24,135,11,58,125,148,123,94,31,114,5,35,144,9,43,45,117,61,107,111,2,147,142,101,141,115,83
23,97,10,36,65,32,96,120,28,70,82,77,88,69,137,20,99,100,16,6,98,18,121,56,80,34,110,90,138,112,54,72,93,109,79,7,133,108,41,94,52,102,103,71,145,118,129,146,27,39,0,40,50,143,3,8,67,13,46,84,55,86,73,149,49,92,116,74,87,60,48,15,127,75,19,37,57,59,12,132,62,42,5,139,91,26,131,30,66,140,106,53,81,104,119,124,64,33,4,95,61,44,1,21,63,134,126,29,47,130,136,25,101,78,14,105,51,17,113,38,85,76,68,24,135,11,58,125,148,123,122,31,114,128,35,144,9,43,45,117,22,107,111,2,147,142,89,141,115,83
23,20,10,53,65,63,96,124,50,70,82,77,88,35,137,125,99,100,16,6,98,18,121,114,80,116,110,34,46,112,54,72,93,109,79,22,133,108,41,94,52,90,103,71,145,118,129,146,27,39,0,13,59,143,3,8,67,131,138,84,55,86,73,149,49,92,117,74,87,60,48,15,127,19,1,37,57,97,12,132,62,42,28,139,32,26,40,30,66,140,106,101,81,104,119,120,64,33,4,95,61,44,56,21,7,134,5,29,47,130,75,25,36,78,14,105,51,17,113,38,85,76,68,24,135,11,58,102,69,123,136,31,126,128,148,144,9,43,45,122,91,107,111,2,147,142,89,141,115,83
23,20,86,53,65,63,14,124,50,70,82,77,88,35,27,98,99,100,16,131,133,2,121,12,10,116,40,34,96,112,54,72,93,109,79,22,80,108,61,94,52,90,103,71,145,74,129,146,18,39,0,13,59,143,137,8,67,136,138,3,55,84,73,149,49,92,118,43,87,60,48,15,127,19,1,37,57,97,110,132,62,42,28,139,32,26,89,30,66,140,106,91,81,104,119,120,29,33,4,41,45,44,56,21,7,134,5,38,47,130,75,25,36,78,46,105,51,17,113,11,85,76,68,24,135,114,58,102,69,123,95,31,64,128,148,144,9,125,101,122,6,107,111,126,147,142,117,141,115,83
23,20,86,53,65,63,14,124,50,16,82,77,88,35,27,98,99,100,134,131,133,147,106,51,3,116,105,34,96,112,54,72,93,109,79,22,19,108,61,94,52,102,103,21,121,74,129,146,18,71,0,13,12,143,137,8,67,136,138,66,80,144,73,149,49,92,118,43,87,70,48,15,127,115,1,37,26,97,110,132,58,42,28,139,32,31,89,30,107,140,40,91,81,60,119,120,29,33,4,41,45,44,56,17,7,59,5,57,47,130,75,25,36,78,46,90,84,145,113,11,85,76,68,104,135,114,2,10,69,123,95,55,64,128,148,62,9,125,101,122,6,39,111,126,24,142,117,141,38,83
23,136,63,137,65,105,14,124,50,16,82,77,88,35,27,15,99,100,134,142,56,147,133,51,26,116,131,34,96,112,54,72,93,109,79,67,19,97,61,94,52,102,103,21,121,74,129,146,18,71,0,114,12,143,55,8,70,53,138,66,80,144,73,149,49,92,118,43,119,24,2,87,78,20,1,37,13,115,110,132,25,42,28,139,32,31,89,30,107,140,40,91,81,60,10,120,29,33,4,41,86,44,22,17,7,59,5,57,47,130,98,108,36,127,46,90,84,145,113,11,85,76,68,104,135,3,106,75,69,123,95,64,45,128,148,62,9,125,101,122,6,39,111,126,58,48,117,141,38,83
23,136,63,137,65,105,14,27,116,16,82,77,30,35,90,85,102,100,134,142,56,147,94,51,26,52,131,34,133,112,54,72,93,109,79,67,19,97,61,17,80,101,103,21,121,74,120,146,18,89,0,86,12,143,55,8,70,53,138,66,50,144,73,149,49,78,118,43,119,99,2,87,81,20,124,37,13,115,110,132,25,42,28,139,32,31,96,57,3,140,40,91,148,60,10,114,29,33,4,41,59,44,22,92,7,106,1,76,47,130,98,108,36,127,46,24,84,145,113,11,69,129,68,104,135,88,107,75,71,123,95,64,45,128,15,62,9,125,5,122,6,39,111,126,58,48,117,141,38,83
67,43,63,137,65,105,14,46,116,16,82,77,30,35,57,71,102,100,134,142,56,147,94,51,26,52,131,136,133,112,54,72,25,109,79,27,19,97,61,145,80,101,7,21,103,74,120,146,18,89,85,86,12,50,55,5,70,53,66,90,138,144,73,149,49,78,118,81,119,99,2,87,0,20,124,125,13,115,110,132,1,42,22,139,32,31,96,111,3,140,40,91,148,60,10,114,29,33,4,41,76,44,141,92,143,106,121,17,47,130,98,108,36,127,104,24,84,34,113,11,69,129,68,59,135,88,107,75,15,123,95,64,45,128,23,62,9,6,8,122,93,39,28,126,58,48,117,37,38,83
120,43,63,137,65,105,66,46,116,16,82,77,30,42,57,33,102,100,134,142,56,147,94,51,129,52,131,136,133,101,54,72,25,109,79,27,143,97,67,145,80,141,7,21,70,86,36,146,18,89,85,90,12,50,55,74,112,61,121,14,11,144,73,149,49,78,118,81,119,99,2,87,0,20,115,125,13,88,114,132,1,26,22,19,32,31,96,111,3,140,40,91,148,71,10,35,29,24,4,41,76,44,53,92,130,106,103,17,47,124,98,108,139,127,60,138,84,34,113,6,69,5,68,59,135,110,107,75,15,123,95,64,45,128,23,62,9,104,8,122,93,39,28,126,58,48,117,37,38,83
120,43,101,137,65,35,66,46,116,16,82,32,30,106,57,33,102,100,134,93,56,40,94,51,129,52,131,90,133,128,130,72,25,109,79,27,143,97,6,145,80,141,7,21,70,86,36,104,18,89,146,67,12,54,55,74,112,61,121,14,11,144,73,149,49,78,118,81,119,99,2,87,0,20,115,38,13,88,42,132,63,26,22,85,84,31,96,111,3,140,142,91,148,71,10,50,29,24,4,41,76,44,5,136,77,92,103,17,47,124,98,108,139,127,60,53,138,34,113,69,107,114,68,59,135,110,48,125,15,123,1,64,45,19,23,62,9,105,8,122,147,39,28,126,58,75,117,37,95,83
120,43,101,137,65,35,66,46,116,0,82,32,30,106,57,33,102,125,144,93,56,107,94,51,129,52,20,85,133,128,111,72,25,109,24,27,143,97,6,145,80,141,7,68,70,86,36,104,18,17,146,67,12,54,90,74,55,61,19,14,11,149,127,92,49,77,118,81,119,148,2,87,78,79,115,38,13,88,42,132,16,26,22,63,84,31,96,134,100,140,142,91,112,71,10,50,29,130,89,41,76,44,73,136,21,3,103,5,47,124,98,108,139,4,60,53,138,34,113,69,40,114,99,121,135,110,48,131,15,123,1,64,45,39,23,62,9,105,8,122,147,59,28,126,58,75,117,37,95,83
120,43,117,137,65,138,9,46,35,0,82,32,30,106,57,41,125,7,144,93,56,107,145,51,129,52,4,85,133,20,111,72,25,109,24,27,143,97,6,147,80,141,139,68,70,86,36,104,18,17,146,53,12,54,90,74,55,61,19,14,11,124,149,92,49,77,118,81,119,148,42,87,78,79,115,38,108,88,48,132,16,26,22,63,123,31,96,134,100,140,142,91,112,71,10,50,29,130,89,59,76,44,73,136,21,3,103,5,47,101,13,34,102,127,60,33,98,67,113,116,40,114,99,121,135,110,95,131,15,8,1,64,45,39,23,62,66,94,84,122,128,2,28,126,58,75,69,37,105,83
120,43,117,137,65,118,9,46,35,0,82,32,30,116,84,34,125,7,144,93,56,107,147,51,129,52,4,85,74,20,143,72,25,109,24,27,26,97,6,49,133,141,139,68,70,86,55,104,18,17,146,53,21,54,90,31,41,61,12,14,11,124,149,92,100,77,148,81,45,122,42,87,78,79,115,136,108,88,48,134,16,36,22,63,123,145,96,132,80,140,142,38,112,71,19,50,29,130,10,59,76,138,73,111,126,3,103,57,47,101,13,91,102,127,60,33,98,67,113,89,40,114,99,121,135,110,95,131,15,8,1,64,5,39,23,62,66,94,119,44,128,2,28,106,58,75,69,37,105,83
140,43,132,143,65,118,45,46,141,0,67,32,30,116,84,34,125,7,137,93,56,107,147,68,129,52,4,85,74,63,111,72,25,109,24,27,114,97,6,49,133,117,139,79,144,86,55,104,106,17,146,53,21,54,64,31,41,61,12,14,145,124,149,92,100,77,148,81,82,122,42,87,78,18,115,136,108,26,48,134,113,36,22,88,123,120,96,51,80,128,142,38,112,71,19,50,29,130,10,59,76,138,73,16,35,3,103,57,47,101,13,91,102,127,60,33,89,98,110,90,40,126,99,121,135,70,95,131,9,8,1,15,5,39,23,62,66,94,11,44,119,2,28,20,58,75,69,37,105,83
140,149,132,143,65,32,45,46,141,0,92,6,30,116,84,129,36,7,27,93,56,110,147,68,75,52,4,85,134,53,111,72,31,108,24,42,114,97,11,49,133,117,139,34,144,86,55,104,106,17,146,29,21,54,64,142,41,61,12,14,145,124,3,73,100,77,148,81,82,122,25,87,78,18,74,136,23,26,48,125,113,115,127,88,123,120,96,51,80,128,105,38,112,71,19,50,39,130,10,59,76,138,79,16,35,67,103,57,47,137,13,91,102,22,60,33,89,98,109,90,40,126,99,121,135,70,95,131,9,8,1,15,5,101,63,62,66,94,107,44,119,2,28,20,58,118,69,37,43,83
140,46,77,143,104,32,45,132,20,30,92,73,120,127,84,76,36,7,27,93,56,25,147,68,75,52,4,85,134,53,111,72,31,61,24,42,114,97,11,49,133,59,139,34,144,86,55,6,106,17,146,29,21,54,64,142,41,137,12,14,145,124,0,74,100,129,87,81,82,118,138,122,78,18,108,136,23,26,48,125,113,115,9,88,123,116,96,110,80,117,105,38,112,3,19,50,39,130,10,141,148,51,79,16,149,67,103,57,47,128,13,91,102,22,60,33,89,98,109,90,40,126,99,121,135,70,71,131,5,8,1,15,35,101,63,62,66,94,107,44,119,2,28,65,58,95,69,37,43,83
75,46,77,143,104,32,74,132,20,30,92,73,11,127,84,76,64,7,70,93,56,25,147,21,0,52,4,85,134,53,111,72,31,61,24,42,114,97,17,49,67,59,80,34,144,14,55,6,106,81,146,29,45,118,145,142,41,91,113,140,120,124,33,62,100,129,87,37,82,27,138,122,78,18,108,136,23,26,48,125,107,89,9,88,123,116,96,110,133,117,105,38,112,3,19,50,39,130,10,141,148,51,79,16,149,139,103,57,47,128,13,69,102,22,60,15,137,98,109,8,40,126,99,121,135,86,71,131,5,12,1,36,35,101,63,68,66,94,90,44,119,2,28,65,58,95,115,54,43,83
75,46,77,143,104,67,100,132,20,33,92,73,11,127,84,76,64,7,70,93,56,25,147,81,0,52,4,85,135,21,111,72,31,61,24,42,114,97,65,49,124,59,80,34,144,14,55,6,106,53,146,29,45,118,51,142,41,91,145,140,120,82,113,62,74,129,87,37,131,27,95,122,78,18,108,136,23,26,28,125,126,89,9,88,123,107,96,43,133,110,105,38,112,3,134,50,39,130,10,141,148,66,79,16,149,139,101,32,47,128,30,138,102,22,60,15,137,98,109,8,40,13,99,121,17,86,71,48,5,12,1,36,35,19,116,68,63,94,90,44,119,2,69,117,58,54,115,57,103,83
75,46,0,143,104,67,100,132,20,33,92,73,11,127,82,40,64,7,28,70,56,25,147,81,24,52,4,99,135,21,42,72,31,61,108,66,114,97,65,49,124,59,106,34,84,14,55,137,77,53,146,93,38,118,51,142,94,144,145,140,29,91,113,62,74,129,87,37,2,27,30,122,78,18,63,136,23,26,85,125,41,89,9,88,123,107,96,43,133,110,105,111,112,3,134,50,39,130,10,141,148,1,79,16,149,139,69,32,47,128,6,138,126,22,60,15,102,98,109,8,76,13,101,121,17,86,71,48,5,12,80,36,35,19,116,68,131,120,90,44,119,45,95,117,58,54,115,57,103,83
75,46,0,143,104,67,100,132,20,95,92,73,11,127,124,40,64,7,28,70,56,25,147,81,44,45,4,99,135,76,38,72,31,61,108,66,114,97,51,49,54,59,106,34,83,14,55,131,77,53,146,93,71,118,1,142,94,144,145,140,113,91,35,62,74,129,87,37,2,27,82,122,78,18,63,136,23,26,85,65,41,89,148,128,123,107,96,15,133,110,105,111,112,3,134,50,39,130,10,141,33,103,79,52,149,139,69,32,47,29,6,138,126,22,60,42,102,68,109,8,16,13,101,121,17,86,30,48,137,12,84,36,125,19,116,5,21,120,90,43,119,9,98,117,58,24,115,57,80,88
119,46,0,143,104,67,100,132,20,95,92,55,60,127,124,57,64,7,28,70,56,25,147,81,44,45,4,99,135,76,38,72,31,77,108,66,114,5,51,49,54,11,71,34,83,39,8,131,98,53,146,93,40,134,1,142,94,144,145,139,35,91,110,62,14,27,87,88,2,140,82,21,78,18,63,136,23,26,85,65,41,89,148,128,106,107,96,15,133,59,105,111,112,3,123,50,117,130,10,141,33,103,79,52,149,113,69,32,47,29,6,138,126,22,17,42,102,68,109,61,16,13,101,121,80,86,30,48,137,12,84,36,125,19,116,73,24,120,90,43,75,9,97,118,58,129,115,122,37,74
119,46,0,143,104,67,55,68,20,94,92,2,102,127,124,57,64,7,28,70,56,25,147,81,44,45,76,99,135,118,38,72,31,77,9,66,114,5,51,132,54,85,71,34,107,39,8,131,97,53,146,93,40,134,100,142,49,144,145,128,4,91,110,62,14,83,87,88,22,140,108,21,78,18,63,136,23,26,29,65,41,89,148,82,106,35,73,15,133,59,105,96,112,1,123,50,117,130,10,141,33,103,79,52,149,113,69,32,47,60,6,138,126,95,17,11,98,24,109,61,16,13,101,121,80,86,30,48,75,12,84,42,125,19,116,36,111,120,90,43,137,139,27,3,58,129,115,122,37,74
26,46,0,143,104,71,75,68,20,94,92,2,102,127,54,57,129,7,28,70,56,4,118,81,44,45,141,99,55,148,38,72,31,77,9,66,114,5,51,132,124,85,36,34,107,39,8,131,97,53,76,93,40,134,147,91,49,144,139,64,110,145,142,62,14,83,87,88,22,47,108,21,78,18,63,136,23,121,29,65,41,89,3,82,106,146,73,15,133,59,128,96,67,1,123,50,117,130,10,101,33,74,79,52,149,113,69,32,61,60,6,138,126,95,17,11,98,24,109,25,16,13,103,112,80,86,30,48,119,12,84,42,125,19,116,35,111,120,90,43,137,140,27,135,58,105,115,122,37,100
26,46,0,9,104,71,75,68,20,94,92,149,102,127,54,97,129,7,19,70,56,133,118,81,44,45,136,99,55,148,38,72,31,77,91,66,114,5,120,132,124,85,36,34,107,39,8,12,28,53,76,93,40,134,4,141,10,143,139,64,131,145,142,144,14,83,87,88,22,47,1,21,78,18,63,23,74,121,29,65,41,89,3,82,49,146,106,15,33,59,128,96,67,112,123,50,117,130,61,101,57,43,79,52,110,113,109,32,2,69,6,138,126,95,17,11,98,24,147,25,16,13,103,80,111,86,30,48,119,62,84,42,125,60,116,35,73,51,90,108,137,140,27,135,58,105,115,122,37,100
61,46,0,9,104,71,75,68,20,37,92,149,102,127,54,97,129,7,19,70,56,133,118,81,44,45,136,64,55,148,38,137,31,77,91,66,67,5,120,132,124,85,36,34,107,39,8,12,28,72,76,21,40,134,4,141,10,89,139,47,131,145,142,144,143,83,53,88,22,96,114,26,78,87,119,23,73,121,29,65,41,130,3,82,51,146,106,15,33,59,128,49,18,112,123,50,117,103,93,110,57,43,79,140,6,113,105,32,2,69,109,138,126,95,135,11,98,24,147,25,16,13,101,80,111,86,30,48,17,62,84,42,125,60,116,35,99,14,90,108,63,94,27,52,58,1,115,122,74,100
61,149,0,6,104,71,75,68,20,37,59,131,102,127,54,97,129,7,134,70,56,133,57,81,74,45,136,64,55,148,38,137,31,120,40,66,67,5,88,69,124,85,36,34,107,39,132,12,28,72,105,21,94,46,4,141,10,89,139,47,19,145,116,144,143,83,53,2,41,96,114,26,78,87,119,44,73,121,29,65,92,130,3,82,51,146,106,15,76,101,128,49,18,112,123,50,117,103,93,110,8,43,84,140,118,95,142,32,22,1,109,138,126,77,135,11,98,24,147,25,16,13,9,80,111,86,30,48,17,62,79,42,125,60,23,35,33,14,90,108,63,113,27,52,58,91,115,122,99,100
61,149,0,6,104,71,75,31,50,37,59,131,20,127,54,97,129,7,134,70,56,42,57,81,85,45,136,64,55,148,23,137,99,120,40,66,67,5,88,38,124,51,36,34,107,39,132,12,28,72,105,26,94,46,114,141,69,89,139,47,19,145,15,144,143,83,53,92,68,96,30,79,78,87,119,44,73,121,29,91,4,130,3,82,21,146,102,2,76,101,128,13,49,112,123,74,41,103,93,110,8,43,10,95,118,140,142,32,22,1,109,138,126,77,135,11,98,84,147,25,16,106,9,80,111,86,24,48,17,62,65,116,125,60,33,35,133,14,90,108,63,113,27,52,58,117,115,122,18,100
128,149,69,6,104,47,13,125,130,0,31,131,20,75,54,97,87,7,134,70,56,42,57,81,85,45,136,64,55,148,23,137,99,120,36,16,67,5,88,38,124,51,27,34,107,39,132,12,28,72,105,102,145,46,114,8,41,89,139,74,19,129,15,144,143,83,53,92,68,96,30,79,78,61,119,90,73,121,29,91,4,66,3,82,21,146,11,2,76,101,94,93,49,112,123,43,40,103,44,14,110,50,10,95,118,140,142,32,22,1,109,138,126,77,135,141,98,84,147,25,71,106,9,80,111,86,24,48,17,62,65,59,127,60,33,35,133,116,26,108,63,113,37,52,58,117,115,122,18,100
19,112,44,6,104,47,13,125,130,0,31,131,20,75,37,97,111,5,134,70,56,42,57,81,77,45,136,64,137,148,54,120,99,35,36,103,67,26,88,38,124,51,27,34,107,39,7,12,28,72,105,102,145,46,114,8,41,89,139,74,128,129,15,144,143,83,53,92,138,96,30,79,16,61,119,90,73,121,29,91,4,87,3,82,149,146,11,9,76,101,94,93,49,48,123,43,40,108,78,14,110,66,10,95,132,140,85,32,22,1,109,126,68,118,135,141,98,84,147,25,142,106,58,80,71,86,24,50,17,62,65,59,127,60,33,23,133,116,69,21,63,113,2,52,55,117,115,122,18,100
0,55,44,131,104,47,13,125,130,91,143,117,20,58,37,97,111,107,134,70,135,5,49,81,77,45,136,64,137,85,54,120,99,35,36,22,67,26,88,75,124,51,76,34,148,92,7,12,28,31,105,102,145,46,114,8,41,38,139,74,128,129,9,144,19,83,53,112,138,96,30,79,16,61,119,90,73,121,29,15,4,87,3,82,149,146,11,66,57,101,94,93,147,48,123,43,40,108,78,14,110,72,10,71,132,109,27,32,140,1,56,126,68,118,42,141,98,84,6,25,142,106,89,80,103,86,24,50,17,62,65,59,127,60,33,23,133,116,69,21,63,113,2,52,39,95,115,122,18,100
0,55,44,131,135,26,13,125,130,91,143,90,20,58,37,97,111,52,134,70,47,5,35,39,77,45,136,64,137,85,3,120,99,117,36,22,67,108,88,75,124,51,76,41,148,71,27,92,28,31,34,102,145,46,114,61,115,38,139,107,128,101,4,144,19,83,53,112,138,96,30,79,16,12,49,104,73,121,29,15,89,87,7,82,149,132,11,66,57,109,94,93,147,48,123,43,40,105,78,14,110,72,10,9,68,129,54,32,140,1,56,126,81,118,42,141,98,84,6,25,142,106,8,80,103,86,74,50,17,62,65,59,127,60,33,23,133,116,69,21,63,113,2,119,24,95,146,122,18,100
0,1,44,131,135,26,13,125,130,145,143,108,91,58,37,97,112,52,134,70,47,75,35,39,22,45,136,64,100,85,3,120,99,117,36,60,67,76,88,18,124,51,2,41,116,71,27,92,28,31,34,102,77,46,114,61,115,38,5,107,11,101,4,144,19,83,53,87,138,96,9,7,16,12,84,104,73,55,29,15,89,111,65,82,20,132,49,66,57,109,94,93,147,48,123,43,40,105,78,14,110,149,10,137,68,129,54,32,140,90,72,126,81,118,42,141,98,95,6,25,142,106,8,80,103,86,74,50,30,62,139,59,127,79,33,23,133,128,69,21,63,113,148,119,24,56,146,122,17,121
0,47,44,131,116,26,82,125,130,145,143,108,91,58,37,97,136,52,134,107,68,75,35,93,22,45,42,64,100,85,2,120,99,117,36,60,67,76,88,18,17,51,6,41,124,71,27,92,96,31,34,135,77,46,114,61,115,38,5,83,11,20,4,70,19,49,53,87,138,33,16,7,30,78,84,104,73,55,29,15,89,111,65,110,101,132,102,66,57,1,94,12,147,48,13,43,40,105,39,14,9,149,10,137,109,28,54,32,140,90,72,126,81,118,112,141,98,95,129,25,142,106,8,80,103,86,74,50,144,62,139,59,127,79,3,23,133,128,69,21,63,113,148,123,24,56,146,122,119,121
0,47,44,131,118,26,69,125,130,145,143,108,91,58,13,97,136,52,3,107,148,75,20,59,122,45,42,64,100,85,2,120,99,117,61,60,67,76,43,87,17,51,6,41,124,71,27,92,96,149,34,82,77,46,114,109,115,38,5,83,11,102,4,70,19,49,135,116,138,33,16,7,133,78,84,104,73,129,29,15,89,111,65,110,101,132,30,36,57,1,94,12,147,48,53,37,62,105,39,14,9,66,10,137,93,28,54,32,140,90,72,126,81,18,112,141,98,95,119,25,142,106,8,80,40,86,74,50,144,88,139,103,127,79,55,23,31,128,22,21,63,68,113,123,24,56,146,134,35,121
0,47,62,131,148,26,69,125,130,79,143,108,91,58,13,104,136,52,97,107,126,106,80,59,118,45,42,64,100,85,73,120,99,117,61,60,67,76,43,129,17,44,63,41,124,71,87,92,145,149,34,82,77,20,114,109,115,137,5,121,11,102,4,70,19,49,33,116,138,135,16,7,133,78,84,46,123,38,29,15,83,111,65,110,101,132,24,36,57,1,94,30,75,48,53,37,51,105,39,14,9,66,10,6,12,28,54,32,140,90,72,3,81,18,112,141,98,95,119,25,142,147,8,122,40,86,74,50,144,88,139,103,127,89,55,23,31,128,22,21,93,68,113,2,27,56,146,134,35,96
0,47,62,131,89,26,69,111,130,79,70,108,91,58,71,104,136,138,97,107,126,106,80,59,118,45,42,64,100,85,112,120,99,117,61,60,75,76,43,129,17,44,63,13,124,30,87,92,145,41,34,82,77,20,114,109,143,18,5,121,11,102,4,14,19,49,33,116,68,135,16,7,133,78,84,46,123,38,29,15,83,9,65,110,101,132,24,36,57,1,94,22,67,54,53,37,51,73,39,137,32,66,10,6,12,28,35,105,140,52,72,3,81,48,23,141,98,95,119,25,142,147,148,122,103,86,149,50,144,88,139,27,127,90,55,115,31,128,146,21,93,125,113,2,40,56,8,134,96,74
0,142,62,131,11,26,69,111,130,79,70,28,91,58,71,101,136,138,25,107,126,106,78,59,82,45,37,64,104,85,112,120,99,117,61,60,75,76,43,129,135,44,63,13,124,30,87,74,145,80,34,68,77,20,114,109,143,42,5,121,93,102,4,14,19,18,33,116,49,89,16,7,133,9,84,55,123,38,29,15,83,113,65,110,36,132,24,46,57,1,94,22,67,54,53,97,51,73,39,137,32,146,108,6,12,17,35,66,140,52,72,100,81,48,23,141,98,95,119,31,92,147,148,122,103,86,149,50,144,88,139,27,127,90,10,115,105,128,21,118,3,125,47,2,40,56,8,134,96,41
0,142,62,120,11,26,33,111,130,79,70,113,91,58,71,102,12,3,25,67,126,106,27,59,82,45,37,64,78,85,104,69,99,117,61,60,75,51,43,129,138,44,63,13,124,30,87,74,145,80,34,68,77,20,114,109,143,52,5,121,93,19,24,14,86,18,57,116,83,89,16,32,133,9,84,55,123,38,29,15,101,131,65,110,36,132,4,46,96,1,94,22,118,54,53,97,112,73,39,137,147,146,108,6,135,17,35,107,140,136,72,100,81,48,23,141,98,95,119,31,92,76,148,122,28,2,149,50,144,88,139,66,127,90,10,115,105,128,21,103,49,125,47,7,40,56,8,134,42,41
0,4,62,120,106,81,33,111,130,79,54,113,91,11,71,87,12,3,84,67,126,131,27,59,82,45,37,14,78,85,104,142,99,117,61,60,90,51,43,129,65,44,63,13,124,41,75,74,145,80,34,68,77,20,114,109,143,52,5,121,93,70,24,97,86,48,57,116,83,89,128,32,133,9,69,55,18,38,21,15,101,64,29,110,36,132,25,46,96,1,94,22,118,144,53,102,112,73,39,137,147,146,108,6,135,17,35,30,140,136,72,100,107,123,23,141,98,95,19,31,92,76,148,122,28,2,149,50,40,88,139,66,127,58,10,115,138,119,16,103,49,125,47,26,105,56,8,134,42,7
0,4,62,120,106,81,33,107,130,79,54,113,91,70,29,71,12,95,84,67,126,131,27,59,141,11,3,14,78,45,37,142,99,117,61,60,90,51,43,129,65,108,44,66,124,41,75,74,145,80,104,68,77,20,116,109,21,52,5,121,147,82,24,97,86,48,10,38,83,89,128,32,133,9,69,55,18,111,139,15,101,64,85,110,36,132,25,46,96,1,94,144,118,87,53,102,22,73,39,137,93,146,143,6,135,103,35,30,140,138,72,100,34,123,23,136,98,112,19,31,92,76,148,122,28,2,149,50,40,88,57,63,127,58,13,115,114,119,16,17,49,125,47,26,105,56,8,134,42,7
0,4,62,139,106,81,27,107,130,79,54,57,91,41,113,64,12,95,84,67,29,131,66,59,141,40,3,14,33,45,110,142,99,117,56,60,90,11,43,138,65,108,61,111,124,89,75,74,145,78,104,126,77,20,116,109,21,52,5,121,147,82,80,97,86,48,10,114,83,115,128,32,133,9,69,55,18,122,129,15,101,76,85,70,36,132,25,24,96,1,94,144,118,87,53,102,22,73,39,137,93,146,38,6,135,37,35,30,140,143,72,100,34,123,23,136,98,112,19,31,92,120,148,46,28,2,149,50,103,88,44,63,127,51,13,68,71,119,16,17,49,125,47,26,105,58,8,134,42,7
0,4,62,139,71,29,27,107,130,15,54,119,34,41,113,64,12,78,45,67,32,131,66,59,84,40,3,95,33,77,14,142,99,117,56,57,90,11,43,138,65,108,61,111,124,80,75,74,89,31,104,126,110,20,116,109,21,52,19,121,147,82,38,97,86,48,141,79,83,115,133,93,145,9,69,55,18,122,129,98,101,76,85,70,36,132,25,114,96,1,94,144,118,87,53,102,22,73,39,137,24,146,106,5,135,37,35,30,140,143,72,100,6,123,23,136,134,112,7,81,92,120,148,46,28,2,149,50,103,88,44,63,127,51,13,68,26,10,16,17,49,125,47,91,105,58,8,60,42,128
0,4,43,139,71,21,27,107,130,83,54,19,106,50,113,64,12,78,133,67,32,41,66,59,84,40,3,95,131,77,14,142,99,76,33,57,90,17,96,138,1,121,61,111,124,80,75,74,89,31,104,126,110,20,116,109,148,52,42,65,147,45,134,97,86,48,141,79,108,115,34,93,145,38,69,55,18,122,129,98,101,82,85,70,119,132,25,114,9,11,94,144,118,87,53,62,117,73,39,137,24,146,23,5,135,37,35,30,140,143,72,100,6,123,29,136,10,112,7,81,92,120,15,46,28,2,149,102,103,88,44,36,127,51,13,68,26,22,16,56,49,125,47,91,105,58,8,60,63,128
0,107,43,139,71,21,27,37,130,83,54,19,134,50,113,4,120,78,133,67,26,41,66,59,110,101,3,95,147,77,103,142,36,76,33,20,49,106,64,138,1,121,149,12,124,80,75,96,89,31,32,126,148,61,116,109,114,52,144,65,99,45,74,97,86,48,141,79,108,115,34,93,145,38,69,55,18,122,104,98,131,82,85,70,119,132,25,129,9,11,94,84,17,87,53,62,117,73,39,137,24,146,23,5,135,111,35,30,140,143,72,100,6,123,29,136,10,112,7,81,92,42,15,46,28,2,14,102,40,88,44,127,118,51,13,68,57,22,16,56,90,125,47,91,105,58,8,60,63,128
0,107,43,139,71,21,27,37,130,12,44,19,134,144,113,4,120,78,133,67,26,83,28,59,82,62,3,41,147,50,103,142,99,76,33,20,87,106,64,138,45,121,149,66,124,80,75,96,89,31,32,126,148,14,116,109,114,77,127,65,115,85,74,110,86,48,141,97,108,1,34,93,145,92,69,55,18,122,38,98,131,8,79,70,119,132,25,129,9,11,117,84,17,52,53,36,61,73,39,137,24,146,23,5,135,111,35,30,140,143,46,100,6,123,29,136,10,112,7,81,49,42,15,104,125,2,95,102,40,88,54,101,118,51,13,68,57,22,16,56,90,72,47,91,105,58,94,60,63,128
7,107,43,139,34,21,27,37,130,12,20,19,40,144,113,4,81,78,125,67,124,83,28,59,49,62,3,41,147,50,103,142,99,76,33,87,69,106,64,138,114,121,149,66,30,80,75,26,89,31,32,126,148,74,116,109,55,77,127,65,115,85,96,110,15,48,82,97,108,1,0,93,22,92,17,45,18,122,38,98,105,8,79,70,119,132,25,129,9,131,117,84,86,52,53,36,61,73,39,137,24,146,23,5,135,111,35,71,140,143,46,100,6,123,141,134,10,112,145,14,29,42,133,104,11,2,95,102,57,88,54,101,118,51,13,68,44,47,16,56,90,72,136,91,120,58,94,60,63,128
7,107,43,85,145,21,27,37,130,12,20,19,40,144,113,4,81,78,125,67,124,83,28,32,49,138,3,41,147,50,103,132,99,131,33,87,23,106,64,34,114,121,149,108,30,35,75,91,89,31,61,142,148,74,116,109,93,77,139,65,115,66,140,110,80,48,82,97,59,1,63,68,22,92,17,45,53,122,38,98,105,8,79,70,119,96,25,129,9,26,117,84,86,52,69,36,62,73,39,137,24,146,126,5,135,15,127,71,0,143,46,100,6,123,141,101,10,112,60,14,29,42,133,104,11,2,95,102,57,88,54,134,118,51,13,18,44,47,111,56,90,72,136,55,120,58,94,76,16,128
95,107,43,85,145,21,147,37,130,105,20,19,40,144,113,54,81,78,125,67,124,83,28,32,49,138,64,59,99,7,103,82,17,131,70,87,8,106,33,34,38,121,149,108,30,58,3,91,89,31,61,51,148,74,116,109,93,77,139,65,115,66,140,126,80,48,72,97,142,1,63,68,22,92,98,45,53,122,114,41,0,35,79,27,119,96,25,129,4,26,117,84,86,52,69,132,62,73,39,137,24,146,120,5,135,15,127,71,75,143,46,36,6,123,141,101,10,112,60,14,29,42,133,104,11,2,23,102,57,88,56,134,118,100,13,18,44,47,111,12,90,110,136,55,9,50,94,76,16,128
95,107,43,85,145,148,84,147,130,105,20,19,31,144,113,54,53,72,125,67,124,83,40,32,49,138,64,59,99,7,103,82,17,131,21,87,8,80,141,34,38,121,149,104,30,58,3,91,89,46,25,51,143,74,116,109,93,77,139,65,115,66,140,132,120,48,117,108,142,1,63,68,22,92,98,45,44,122,114,41,0,35,79,27,119,96,97,129,23,26,24,123,4,52,69,6,88,73,39,137,61,146,28,5,135,86,127,71,75,70,106,36,78,81,37,101,10,112,60,14,29,42,133,126,11,2,15,102,57,33,56,134,118,100,13,18,62,47,111,12,90,110,136,55,9,50,94,76,16,128
95,107,43,85,145,148,84,57,37,19,20,142,31,144,113,54,53,72,121,67,124,83,40,32,49,138,64,59,99,7,103,82,17,34,21,87,8,80,141,30,38,108,149,104,128,58,3,91,89,46,25,51,143,74,116,109,93,77,129,117,115,66,140,132,73,48,131,44,133,1,63,68,22,92,98,45,135,139,114,16,0,35,79,27,119,96,97,41,23,26,24,123,4,52,69,6,88,36,147,105,61,146,28,5,110,86,127,71,75,94,29,9,78,81,18,101,10,112,60,14,106,42,130,126,11,2,15,102,120,33,137,134,118,100,13,39,62,47,111,70,90,12,136,55,122,50,56,76,125,65
115,107,43,85,145,148,84,57,37,19,20,124,31,144,17,54,53,70,71,67,39,83,40,32,49,138,64,59,99,7,103,119,133,34,26,87,8,80,141,96,38,108,149,92,128,58,3,95,89,46,129,51,60,74,116,82,93,50,25,130,18,66,140,132,73,48,131,44,121,1,63,68,22,117,98,45,135,139,114,16,0,35,79,27,77,109,97,41,23,72,24,123,4,52,120,6,88,36,55,105,61,146,28,5,110,69,127,21,75,94,29,9,78,81,118,101,10,112,104,14,106,42,147,126,11,142,15,102,91,33,137,134,143,100,13,2,62,47,111,113,90,12,136,30,122,86,56,76,125,65
115,107,127,85,145,148,38,57,37,19,70,124,31,55,22,54,53,126,71,67,39,83,40,80,49,138,64,59,99,7,77,119,133,34,76,87,136,86,141,6,91,108,149,92,128,58,41,95,89,46,129,51,96,74,116,82,93,14,25,12,18,66,50,132,73,84,131,44,130,1,63,17,26,117,98,45,135,139,114,16,103,35,79,27,101,32,97,48,23,140,24,123,4,52,120,0,88,36,60,105,61,146,28,5,110,69,20,21,75,94,29,9,78,81,118,68,10,112,104,72,106,42,147,8,11,142,15,102,109,33,137,134,143,100,13,2,62,47,111,113,90,144,43,30,122,3,56,121,125,65
115,107,127,85,145,148,38,57,37,19,70,124,31,141,22,54,53,136,71,51,39,43,40,17,49,138,126,59,99,63,83,119,133,34,76,87,103,86,23,6,91,108,149,92,128,58,41,67,122,35,45,134,96,74,116,82,93,14,25,110,33,13,50,80,12,84,131,44,130,1,73,64,26,117,98,90,135,55,114,28,129,75,79,27,101,32,97,48,109,140,24,123,4,52,120,0,88,36,60,105,61,146,7,5,66,69,20,21,18,94,29,9,78,81,118,68,10,112,104,72,106,42,147,8,11,142,15,102,16,77,137,132,143,100,89,2,62,47,111,113,139,144,95,30,46,3,56,121,125,65
115,107,127,85,90,148,65,18,133,19,70,124,31,141,22,60,53,136,71,51,39,37,40,17,49,138,126,59,99,116,83,119,54,34,76,87,103,86,23,6,91,108,149,92,82,58,7,67,122,35,45,134,96,74,109,137,66,75,25,93,33,14,80,41,12,84,131,44,130,1,73,81,26,79,98,145,135,94,114,28,43,55,13,27,101,32,97,48,63,140,24,123,4,52,120,129,88,36,50,105,61,57,128,5,20,69,0,21,38,46,29,9,78,146,118,68,10,112,104,72,106,42,147,8,11,142,15,102,16,77,64,132,143,100,89,2,62,47,111,113,139,144,95,30,110,3,56,121,125,117
115,107,127,61,90,148,135,18,133,17,70,124,31,141,22,60,53,136,13,51,39,37,40,58,49,138,126,59,99,116,83,119,54,34,128,43,103,86,76,88,30,108,149,92,82,123,7,67,122,35,45,134,96,74,109,137,78,75,25,93,33,85,80,41,12,84,68,44,52,1,73,81,26,79,98,145,65,94,71,28,6,121,55,27,19,32,97,48,63,140,24,129,113,23,120,91,131,36,50,105,4,57,11,5,20,69,0,21,38,46,14,9,118,146,87,142,10,112,104,72,106,42,147,8,66,62,15,102,16,77,64,132,143,100,89,2,114,47,111,101,139,144,95,29,110,3,56,130,125,117
115,107,127,61,90,148,135,37,133,85,70,124,31,141,22,96,53,136,18,6,39,77,40,58,49,138,126,59,99,60,26,110,54,34,128,43,103,86,76,88,30,108,149,92,13,123,119,67,122,35,45,134,11,74,109,137,78,75,25,142,33,16,146,56,12,84,68,44,52,1,73,81,87,79,98,145,65,111,71,7,82,121,83,27,19,32,17,48,63,140,24,129,113,23,120,91,131,102,50,105,4,57,41,5,66,69,0,21,38,46,14,9,118,36,28,94,10,112,104,116,106,42,147,8,125,20,15,97,55,93,64,132,143,100,89,2,114,47,62,101,139,144,95,29,72,3,51,130,80,117
134,118,127,61,90,148,135,37,133,85,19,124,23,55,22,96,53,136,18,6,2,10,40,58,88,138,143,107,99,60,26,110,54,34,128,43,103,113,76,94,30,108,149,92,13,123,119,67,122,35,45,8,11,74,109,137,78,75,25,62,33,16,146,66,12,84,68,44,52,1,73,81,89,79,98,115,65,111,15,7,141,121,83,27,77,32,17,31,63,140,24,129,70,142,120,91,131,102,50,105,4,57,41,5,93,69,0,21,38,46,14,9,86,36,28,87,112,100,104,116,106,42,147,126,125,20,82,97,59,48,64,132,3,71,56,49,114,47,39,101,139,144,95,29,72,145,51,130,80,117
134,118,127,61,3,148,135,139,119,85,19,124,23,55,22,77,53,136,82,6,66,10,40,58,88,2,143,107,99,60,26,106,54,13,34,43,103,113,76,94,30,132,149,92,36,123,87,67,122,35,45,8,11,74,109,137,78,75,25,62,33,16,146,126,12,84,68,44,52,1,73,81,89,79,98,115,65,97,51,93,141,121,83,27,100,96,17,31,63,15,24,129,70,142,120,7,131,102,50,105,4,57,41,5,91,69,0,21,38,46,14,9,133,18,28,71,112,32,104,116,110,42,147,37,125,145,56,111,59,48,64,90,128,20,108,49,114,47,39,101,138,144,95,29,72,140,86,130,80,117
134,49,127,61,3,148,135,139,119,85,19,124,23,55,22,77,53,99,82,12,66,10,40,58,88,2,143,5,59,60,26,106,21,13,34,43,103,113,118,94,80,132,149,8,36,123,110,67,122,35,45,93,11,87,109,137,78,75,25,62,33,16,146,126,52,84,68,44,95,1,73,81,89,29,98,115,111,97,51,145,141,121,83,27,100,96,17,31,63,15,24,129,18,142,120,50,131,74,65,105,4,57,41,30,91,69,0,6,38,46,14,9,133,79,28,147,112,32,104,116,70,42,76,92,125,128,56,102,108,48,64,7,107,20,71,136,114,47,39,101,138,144,54,90,72,140,86,130,37,117
134,27,127,61,3,148,135,139,119,85,19,124,23,114,57,147,53,99,82,12,66,50,40,58,88,36,77,5,59,37,26,106,78,13,34,43,143,113,118,94,80,132,149,8,60,123,110,67,122,105,145,93,11,87,98,137,2,75,33,62,109,16,146,126,52,129,68,44,95,1,73,46,89,29,32,115,111,97,51,35,141,121,83,103,100,96,17,31,63,84,24,140,86,142,120,70,131,74,65,18,4,81,41,30,91,25,0,22,38,10,14,9,133,79,28,55,112,21,104,116,15,42,76,92,125,128,56,102,108,48,64,7,107,20,71,136,49,47,39,101,138,144,54,90,72,6,45,130,69,117
134,27,127,61,3,148,135,139,119,85,19,124,23,114,57,147,53,96,82,12,66,50,40,58,39,36,77,5,59,81,26,106,78,13,101,34,143,17,118,91,80,132,149,8,42,123,16,67,122,105,145,93,54,87,98,137,2,75,33,110,109,103,146,126,52,11,68,60,95,1,73,46,89,29,32,94,111,97,51,35,56,121,83,142,100,31,129,65,63,84,24,140,99,38,120,70,131,74,10,144,4,130,15,30,18,25,0,22,41,86,14,9,133,113,28,55,112,21,104,116,79,62,76,92,125,128,43,102,108,48,64,7,107,20,71,136,49,47,88,115,138,37,141,90,72,6,45,44,69,117
134,27,144,61,91,123,135,139,119,85,19,15,23,114,57,147,53,96,113,12,66,50,36,58,39,104,77,5,59,81,83,106,78,13,101,34,143,17,118,128,115,132,149,8,84,68,16,40,122,105,145,93,54,87,99,137,2,75,33,110,109,103,146,126,52,11,26,60,95,1,73,46,89,29,32,94,111,37,51,35,56,67,82,142,10,74,129,65,63,42,24,140,133,38,120,70,131,138,47,31,4,130,30,124,18,25,0,22,41,86,14,9,121,100,28,55,148,21,80,116,79,62,76,92,127,97,43,102,108,48,64,7,107,20,71,136,49,125,3,112,98,88,141,90,72,6,45,44,69,117
38,52,17,61,91,123,135,7,119,85,19,15,143,114,57,147,124,96,89,12,23,50,36,20,39,104,77,5,27,81,47,106,78,13,26,34,83,58,118,48,115,132,149,8,84,139,16,66,122,105,145,93,54,87,1,137,2,146,33,110,133,103,134,126,109,11,75,60,95,79,73,46,88,29,32,94,111,37,44,35,56,67,82,142,10,74,129,65,63,42,24,140,128,144,120,70,131,138,59,31,4,130,30,68,18,25,0,22,41,86,14,9,121,100,28,101,148,113,80,116,51,62,76,92,127,97,43,102,108,21,64,55,107,53,71,136,49,125,3,112,98,40,141,90,72,6,45,99,69,117
38,88,17,61,91,123,135,7,133,85,19,4,143,149,57,147,52,146,89,12,23,50,36,20,39,28,77,5,27,81,47,106,78,13,35,140,83,58,118,48,115,132,104,8,84,139,16,66,122,105,145,112,15,70,1,137,2,96,33,110,95,103,134,126,29,11,75,60,40,79,109,46,55,68,32,94,111,37,44,34,56,67,82,116,10,74,129,65,63,42,24,93,128,144,120,142,87,138,59,31,73,130,30,124,18,25,0,22,41,86,9,141,121,100,99,101,148,113,80,114,51,62,76,92,127,97,43,102,108,21,64,14,107,53,71,136,49,125,3,98,69,131,54,90,72,6,45,26,119,117
24,88,55,61,91,123,135,7,133,25,19,85,143,51,17,147,4,146,89,12,23,76,36,20,60,28,77,5,27,81,47,106,78,13,35,140,83,58,118,41,138,132,104,8,84,139,16,66,122,105,50,112,15,70,1,137,2,96,33,110,95,75,134,126,74,14,90,48,40,79,11,46,149,68,32,94,107,37,53,38,56,67,82,116,10,52,129,65,63,42,34,93,111,144,120,142,87,44,59,31,73,102,30,124,18,128,57,22,39,86,9,141,121,100,99,101,148,113,80,114,145,62,29,92,127,97,43,72,108,21,64,103,130,109,71,136,49,125,3,98,69,131,54,0,115,6,45,26,119,117
24,88,55,61,91,69,40,7,133,25,19,85,143,51,17,10,140,146,89,12,23,76,71,109,60,28,77,5,27,81,56,125,78,13,35,142,83,58,21,31,138,132,104,0,84,139,16,66,122,105,50,112,15,70,1,106,2,96,33,110,95,75,93,126,74,14,90,48,134,79,11,46,149,68,9,94,107,37,53,38,18,102,82,116,100,52,129,65,63,42,34,111,4,144,120,32,87,44,59,20,73,136,30,124,118,128,57,22,39,114,67,141,121,47,99,101,148,119,80,8,145,62,29,92,127,97,43,72,108,147,64,103,130,113,41,86,49,137,3,98,36,131,54,135,115,6,45,26,123,117
24,88,55,111,91,69,71,7,144,139,19,85,143,51,17,10,140,146,89,12,31,76,23,109,60,28,131,5,27,97,56,125,78,13,35,142,83,58,21,96,107,132,104,108,84,40,16,66,122,105,50,112,15,70,1,75,2,127,33,110,95,0,92,93,74,14,90,38,134,79,135,46,149,68,9,94,25,106,136,53,18,102,82,116,100,52,129,65,63,42,34,30,4,133,120,138,87,44,59,20,48,126,81,124,118,128,57,37,39,114,67,141,121,47,99,101,148,119,80,8,145,62,29,22,45,73,43,72,77,147,64,61,130,113,41,86,49,137,3,98,36,103,54,32,115,6,11,26,123,117
24,21,55,111,91,69,71,33,1,139,98,85,143,51,129,10,140,146,34,88,31,76,23,109,60,28,131,5,27,97,56,125,78,13,35,142,83,58,41,96,107,132,104,108,84,40,16,66,122,105,50,112,15,70,147,17,130,127,73,110,95,0,92,93,52,89,90,38,134,79,135,82,149,68,9,94,25,106,136,53,18,102,8,116,100,46,113,65,63,145,43,30,4,133,120,138,87,36,32,19,48,126,81,124,118,128,57,2,39,114,67,141,121,47,14,101,148,119,80,44,37,62,29,22,45,59,74,72,77,12,64,42,144,20,99,7,49,137,3,75,86,103,54,61,115,6,11,26,123,117
24,21,128,111,91,69,71,33,1,139,98,85,143,51,129,10,140,64,34,88,31,76,12,142,90,28,74,5,27,97,56,137,19,13,0,78,83,58,41,96,107,132,104,108,42,40,16,66,122,105,50,112,55,70,147,17,130,127,73,110,77,54,92,93,52,89,95,131,134,79,135,82,149,68,9,14,25,144,136,53,18,15,8,116,100,46,38,65,63,145,94,30,4,133,2,138,103,36,32,109,48,126,81,124,118,102,57,115,39,114,67,141,121,47,43,101,148,119,80,44,37,62,29,22,23,59,60,72,125,120,35,84,113,20,99,7,49,45,3,75,86,146,87,61,106,6,11,26,123,117
24,21,128,111,91,69,71,70,1,139,98,85,143,51,129,90,140,64,92,88,61,146,12,73,94,28,74,149,27,93,56,137,19,13,135,78,83,58,41,96,33,127,104,108,42,40,16,66,122,105,5,112,55,29,147,17,130,23,10,110,77,54,76,50,52,89,95,115,134,131,2,43,68,57,9,107,25,144,136,53,18,15,82,116,100,46,38,65,63,145,142,30,4,133,126,138,103,36,32,109,48,31,81,124,118,102,125,44,39,114,67,141,121,47,0,101,148,119,80,14,37,62,79,22,8,59,60,72,97,120,35,84,113,20,99,7,49,45,3,75,86,34,87,132,106,6,11,26,123,117
24,21,128,111,91,69,71,70,1,139,144,85,143,46,129,90,140,112,92,88,61,146,12,73,94,28,74,149,27,93,56,137,19,13,135,31,83,107,41,96,33,34,104,108,95,48,131,66,122,105,5,98,55,29,147,17,130,23,10,110,100,54,64,50,52,89,84,115,81,134,2,43,68,58,9,40,25,67,26,145,18,15,82,116,57,136,16,65,63,51,142,30,4,133,126,138,106,36,32,109,53,38,125,124,118,102,77,44,39,42,127,141,121,47,0,101,78,119,80,14,37,62,79,22,8,59,60,72,97,120,35,76,113,20,99,7,114,45,3,75,86,103,49,132,148,6,11,87,123,117
24,21,128,111,39,69,25,70,8,139,144,85,143,46,129,90,140,112,92,88,61,81,12,73,42,28,131,149,146,91,56,137,19,13,74,31,83,89,41,96,33,34,104,108,95,48,148,66,122,105,40,130,55,29,147,17,23,7,10,110,100,54,64,50,52,62,4,115,38,134,2,43,98,58,9,68,71,93,26,145,18,15,36,116,57,136,16,65,63,51,142,30,82,133,126,138,106,67,32,80,53,135,125,124,118,102,77,44,107,20,127,84,121,47,0,101,78,119,5,14,132,37,79,22,109,59,60,72,97,120,35,76,113,94,99,1,114,45,3,75,86,103,49,27,141,6,11,87,123,117
24,21,128,36,80,69,25,70,8,139,144,85,34,46,129,28,42,112,108,88,61,134,64,68,45,118,131,149,77,91,56,137,111,12,74,31,83,89,37,96,33,92,104,97,47,48,73,66,122,105,40,130,55,140,147,17,23,7,10,110,100,54,27,50,52,62,4,81,38,11,2,43,98,58,9,41,71,93,26,145,18,15,19,116,57,136,16,13,63,51,142,30,90,133,126,138,106,67,32,143,53,135,125,29,5,102,124,44,107,20,127,84,121,115,0,101,78,119,65,14,132,95,79,22,109,59,60,72,148,120,35,76,113,94,99,1,114,39,3,75,86,103,49,146,141,6,82,87,123,117
24,21,27,36,80,69,25,70,8,139,144,85,1,46,116,28,135,112,108,88,121,134,64,68,45,118,131,149,77,143,56,137,111,12,74,31,71,89,33,96,72,92,104,97,47,115,73,66,122,105,40,130,82,9,147,17,23,7,138,110,100,54,34,50,52,62,4,91,38,51,2,43,98,58,76,41,42,93,26,95,18,15,19,119,57,136,16,13,63,10,142,30,90,133,145,48,106,67,32,126,53,86,140,29,5,102,124,44,128,20,127,84,49,107,0,101,78,35,65,14,132,37,79,22,109,59,60,83,148,120,125,129,113,94,99,61,114,39,3,75,11,103,81,146,141,6,55,87,123,117
24,21,27,36,80,130,25,72,8,139,144,15,1,46,116,28,135,103,108,88,94,134,64,68,45,118,131,124,77,143,14,38,111,12,74,31,71,140,33,96,142,92,104,97,47,30,73,66,122,105,40,141,82,9,147,17,23,7,138,110,100,54,34,50,52,62,4,109,114,137,51,43,98,58,76,41,91,115,26,95,18,3,19,119,93,136,16,13,63,10,112,60,90,133,145,48,106,67,32,126,53,86,37,29,5,102,69,85,128,20,127,84,49,107,0,101,81,35,65,11,132,125,79,22,56,59,57,83,148,120,42,129,113,2,99,61,89,39,44,75,121,70,78,146,149,6,55,87,123,117
24,107,27,36,80,45,25,72,8,1,144,15,134,77,116,39,135,103,108,88,94,101,64,68,62,118,131,124,6,143,14,38,111,12,74,42,71,140,33,96,142,92,104,97,47,30,73,66,122,105,40,141,106,145,147,17,23,7,46,110,19,54,34,50,52,125,61,109,114,130,51,43,53,58,76,41,55,115,26,95,18,3,83,119,93,136,16,13,63,98,112,60,90,91,100,48,137,67,32,126,4,86,37,29,5,139,69,85,128,9,127,84,49,31,0,102,81,35,65,21,132,28,79,22,56,59,138,11,148,120,82,129,113,2,99,133,89,20,44,75,121,70,78,146,149,57,10,87,123,117
51,107,20,36,80,45,25,72,10,1,144,15,49,77,116,58,135,44,108,88,94,101,64,68,62,118,131,124,6,143,103,38,16,12,74,78,134,140,33,8,142,92,104,97,47,30,73,66,122,105,9,27,106,79,147,7,23,117,46,110,19,54,34,50,52,125,61,109,114,130,55,43,14,24,76,41,39,115,26,145,18,3,83,119,93,136,111,13,63,40,112,60,90,91,100,48,137,95,32,126,4,86,37,29,5,96,69,85,128,141,127,121,17,31,0,71,81,35,65,21,132,98,53,22,56,59,138,11,148,120,82,129,113,2,99,133,89,67,42,75,28,70,123,146,149,57,84,87,102,139
51,107,20,36,80,45,25,72,10,23,144,15,49,77,116,57,135,44,108,19,94,101,64,81,148,4,53,124,6,60,24,38,16,69,74,78,134,140,33,8,142,92,104,97,129,30,32,66,122,105,9,27,106,79,147,7,119,117,46,110,62,54,34,50,52,126,61,109,114,130,55,125,14,103,76,41,39,115,26,102,18,3,83,48,93,136,111,13,63,40,112,31,90,91,100,1,43,95,73,137,118,86,37,29,5,96,146,85,128,141,127,121,17,12,0,71,123,35,65,21,47,89,143,22,56,59,138,11,132,120,82,98,113,2,99,133,145,67,42,75,28,70,88,131,149,58,84,87,68,139
51,107,20,16,108,45,84,72,10,23,115,71,70,77,116,57,135,44,27,19,94,101,64,81,148,4,53,124,6,41,24,38,59,69,74,78,134,140,52,129,142,92,104,5,58,30,32,66,122,119,9,47,106,79,147,137,21,117,67,110,8,54,34,50,131,126,61,109,114,130,55,125,14,103,76,25,39,7,26,102,18,3,83,48,93,136,111,13,63,40,112,31,90,91,100,1,43,95,73,98,118,86,37,29,149,96,146,85,128,141,46,121,17,12,0,80,123,35,65,36,62,89,143,33,56,60,138,11,132,120,82,22,113,2,99,133,105,15,42,75,28,144,88,49,145,127,97,87,68,139
94,51,20,16,108,45,84,101,56,23,87,71,70,34,116,44,135,0,27,19,33,130,64,81,139,4,53,124,6,41,24,38,59,69,74,78,134,140,52,129,143,92,104,5,58,30,32,66,122,119,9,47,106,79,147,137,21,117,67,110,8,54,138,50,131,126,61,109,114,132,55,96,14,120,76,25,39,7,26,102,18,3,83,48,90,136,111,13,63,40,112,31,148,91,100,1,103,95,144,98,118,86,37,77,149,73,146,29,128,141,46,121,93,12,15,80,123,35,65,36,62,89,105,43,85,60,42,11,88,107,82,22,113,2,99,133,115,142,57,75,28,125,17,49,145,127,97,10,68,72
137,51,141,132,94,45,84,101,108,23,87,71,70,34,116,44,135,0,27,19,33,130,64,81,139,4,53,124,6,41,24,110,133,69,74,56,134,140,52,129,143,92,109,5,58,30,32,59,122,119,9,47,106,79,147,66,21,117,67,104,61,54,138,50,131,126,38,136,114,125,55,96,22,120,76,25,39,7,26,102,18,98,83,16,90,43,62,13,63,40,20,31,148,91,100,1,103,95,144,37,118,86,46,85,149,73,146,29,128,78,12,121,93,112,15,80,123,35,65,36,14,89,111,57,11,60,42,77,88,107,8,82,113,2,99,3,115,142,105,75,28,48,17,49,145,127,97,10,68,72
137,51,141,132,94,45,84,135,108,23,87,37,57,116,71,44,39,0,27,19,33,130,64,81,139,4,53,31,16,34,24,110,133,69,74,56,134,140,52,129,143,92,6,5,138,65,32,59,122,119,9,47,106,73,147,66,21,72,58,104,128,54,144,50,103,126,38,136,114,125,55,96,22,120,76,25,109,7,26,102,18,98,83,48,67,43,62,13,63,40,20,118,148,91,100,1,113,95,10,131,30,86,46,85,149,12,146,29,90,78,101,121,93,112,15,117,123,35,61,82,14,89,111,79,11,60,42,77,88,107,8,41,80,2,99,3,115,142,105,75,28,36,17,49,145,127,97,124,68,70
137,51,58,132,94,45,84,140,108,63,87,12,57,105,71,44,39,0,95,19,33,130,102,81,139,4,53,141,16,34,24,110,133,90,74,56,134,109,135,61,143,92,6,5,138,65,32,59,122,104,9,47,106,73,147,52,21,72,36,120,64,75,144,50,103,126,38,136,27,125,55,93,22,40,76,25,68,7,26,99,18,98,83,48,67,43,62,13,86,116,20,31,148,91,100,1,37,54,10,131,30,119,46,85,149,96,146,29,128,78,101,121,113,112,15,117,123,35,114,82,14,89,111,79,11,60,42,77,88,107,8,41,80,2,66,3,115,142,23,118,28,69,17,49,145,127,97,124,129,70
14,51,58,132,94,45,84,68,4,64,87,12,57,105,9,44,39,0,95,19,77,130,102,91,139,33,53,141,16,120,24,113,133,90,74,56,134,147,36,61,143,92,6,5,138,65,32,59,122,34,80,47,106,73,110,52,21,46,60,118,72,75,144,50,103,126,38,136,27,48,55,93,22,40,76,25,42,7,26,99,18,98,135,37,67,43,62,13,86,116,20,108,148,31,100,1,83,54,10,131,30,119,117,85,149,96,146,29,128,78,101,121,125,112,15,115,123,35,114,82,140,89,111,79,11,137,104,81,88,107,8,41,66,2,63,3,71,142,23,124,28,69,17,49,145,127,97,109,129,70
52,51,58,132,113,10,84,68,4,64,55,136,57,105,139,44,39,0,95,19,77,130,102,91,135,33,53,141,27,120,24,45,87,90,74,56,49,34,36,61,26,133,6,5,138,65,32,59,122,143,35,47,14,73,110,94,21,46,60,140,72,75,144,7,134,126,38,50,80,48,25,93,22,40,76,101,42,118,12,99,18,98,92,147,67,43,62,13,86,116,9,108,148,31,100,1,83,54,103,131,30,119,117,85,149,114,146,29,128,78,41,121,125,112,15,115,123,37,16,82,96,89,111,79,11,137,104,81,88,107,8,106,66,2,63,3,71,142,23,124,28,69,17,20,145,127,97,109,129,70
148,101,104,48,113,10,58,68,72,64,55,136,57,105,139,44,39,0,95,110,77,130,102,91,135,121,53,141,27,145,24,45,87,90,74,26,49,34,36,61,132,133,6,5,138,65,32,59,122,33,35,47,51,73,78,94,21,46,60,140,118,75,144,126,134,109,43,50,80,2,25,93,22,85,76,52,42,100,12,99,17,98,92,147,67,37,62,13,86,116,9,108,38,31,84,1,83,54,103,131,30,119,117,89,143,114,146,29,128,4,41,19,149,112,15,115,123,40,16,82,96,120,111,79,11,137,56,81,88,107,8,106,66,18,63,3,71,142,23,124,28,69,7,20,125,127,97,14,129,70
148,101,104,48,113,10,95,68,37,64,55,136,122,105,139,44,39,36,78,110,77,72,102,91,135,121,53,141,80,99,24,45,87,90,130,26,0,34,124,61,132,133,6,5,138,65,32,59,28,33,35,47,51,73,52,94,21,46,60,7,118,75,144,126,134,109,43,50,74,2,25,93,116,85,76,12,42,100,145,66,17,98,92,147,67,69,62,13,86,111,9,108,38,31,16,1,83,54,103,57,142,119,117,82,143,114,146,29,128,4,41,19,149,112,15,115,123,40,63,30,96,120,129,79,11,137,56,81,27,107,84,106,22,18,49,3,71,88,23,8,131,140,89,20,125,127,97,14,58,70
1,101,104,48,113,10,95,68,37,64,55,136,4,105,143,44,39,47,78,110,77,72,148,91,119,121,53,83,80,99,102,24,87,90,130,26,0,34,124,61,132,133,6,5,138,65,32,140,112,100,35,92,51,73,52,94,59,45,60,16,118,75,144,126,134,109,43,50,135,2,25,93,116,85,76,12,125,122,145,66,17,98,67,147,115,69,123,13,86,111,42,108,38,31,21,33,141,54,103,57,142,28,117,82,7,114,146,29,128,62,41,19,149,129,15,88,89,40,63,30,96,120,46,79,11,137,56,9,27,107,84,106,22,18,49,3,71,81,23,8,131,36,74,20,139,127,97,14,58,70
1,101,104,48,4,68,95,32,37,79,55,136,127,105,143,115,39,27,78,3,77,72,148,91,119,121,103,82,80,99,102,24,87,90,130,26,0,34,124,61,132,133,142,5,138,65,128,140,112,100,35,92,51,73,45,94,59,53,60,16,38,75,67,126,134,113,33,50,135,2,44,93,64,85,76,12,125,122,52,66,17,98,81,147,47,69,123,13,86,111,42,108,110,31,21,116,141,54,83,20,144,28,117,145,7,114,43,29,57,62,41,19,149,129,15,88,89,40,63,30,96,120,46,10,11,137,56,9,25,107,84,118,22,18,49,106,71,146,23,8,131,36,74,109,139,6,97,14,58,70
1,101,104,48,94,68,95,35,37,90,55,136,102,105,143,82,93,27,78,4,77,41,148,91,119,121,103,32,80,18,76,24,87,131,130,26,0,2,124,61,132,133,142,5,138,65,128,140,112,100,114,92,51,73,45,25,59,53,60,16,38,144,67,126,134,113,33,50,75,56,44,109,64,85,98,12,125,79,99,66,17,89,81,147,47,115,123,13,86,111,42,122,110,31,21,116,141,54,83,20,63,28,135,145,7,69,43,29,57,62,52,19,149,129,15,3,71,40,127,30,96,120,46,10,11,137,72,9,88,107,84,118,22,108,49,106,117,146,23,8,34,36,74,39,139,6,97,14,58,70
1,101,104,48,94,68,14,46,26,90,55,136,102,105,143,82,93,27,78,4,77,21,127,91,119,145,103,32,139,44,76,24,87,131,130,35,0,2,124,61,20,133,142,5,138,65,128,140,112,100,114,92,51,73,45,19,59,37,60,16,69,144,67,126,80,113,33,50,75,56,146,109,64,85,98,12,66,79,99,70,17,25,81,147,47,115,123,42,86,111,63,122,110,31,121,116,141,54,83,149,148,53,135,89,7,28,134,29,57,62,38,74,120,129,15,3,71,40,18,30,96,95,43,10,11,137,72,9,88,107,84,118,22,108,49,106,117,13,23,8,34,36,41,39,132,6,97,125,58,52
1,130,104,121,94,68,14,46,26,90,108,141,102,105,78,82,93,72,3,4,77,21,71,41,119,106,67,32,139,44,76,97,87,131,117,35,0,27,124,61,20,133,8,5,138,65,128,140,112,100,114,92,103,73,45,19,59,37,60,16,69,144,2,126,80,113,33,50,75,56,146,109,64,85,55,12,66,79,99,70,34,25,81,147,23,115,123,42,86,111,63,122,110,31,13,116,91,54,83,149,148,53,135,89,7,127,134,29,57,62,38,74,17,129,15,28,136,40,18,30,96,95,43,10,11,137,101,9,88,107,84,48,22,143,49,142,51,24,118,47,132,36,98,39,145,6,120,125,58,52
1,15,32,121,94,68,14,72,10,90,19,141,102,105,78,82,93,66,3,4,0,21,71,41,119,106,67,132,26,44,76,97,87,131,117,35,99,27,89,61,20,133,8,5,138,65,128,140,112,100,11,92,103,73,45,88,59,37,60,16,69,86,2,126,80,113,144,57,75,56,146,109,64,85,55,12,114,79,108,33,34,25,81,139,23,115,123,42,130,54,63,122,110,70,13,116,136,49,83,149,148,46,135,129,7,127,134,29,91,62,38,74,17,31,77,28,9,40,50,30,96,95,43,104,147,137,101,124,18,107,84,48,22,143,111,142,51,24,118,47,53,36,98,39,145,6,120,125,58,52
1,15,32,121,85,109,4,72,10,90,19,141,102,105,50,82,47,66,49,122,0,21,71,41,119,106,67,25,26,44,76,143,97,131,117,35,99,27,87,61,20,133,8,5,138,65,128,140,112,100,11,92,103,73,45,88,59,37,60,111,69,86,2,126,80,113,144,136,75,56,146,93,64,89,55,12,114,79,108,33,34,31,81,139,23,115,123,42,94,54,63,52,68,70,13,116,16,132,83,149,57,46,135,3,7,127,130,29,91,62,129,74,38,104,77,28,9,40,53,30,96,95,43,137,147,78,101,124,18,107,84,134,22,48,110,142,51,24,14,148,17,36,98,39,145,118,120,125,58,6
1,15,32,121,0,105,4,72,10,90,19,141,100,29,50,75,47,120,49,122,66,27,85,41,119,106,101,25,147,92,76,143,97,131,117,109,99,112,87,61,20,133,44,82,138,65,128,140,28,26,8,73,103,21,45,88,59,37,60,111,63,86,2,126,80,113,35,136,67,56,146,93,64,89,55,12,114,79,108,33,34,31,81,14,23,115,123,69,94,54,139,52,5,70,13,116,16,132,83,149,57,46,135,3,7,127,130,71,91,62,129,11,38,104,77,144,9,40,68,30,96,95,43,137,74,78,124,102,18,107,84,134,22,48,110,142,51,24,58,148,17,36,98,39,145,118,42,125,53,6
1,15,32,121,0,105,4,72,10,90,19,141,100,29,50,75,47,120,49,123,66,27,85,41,67,106,101,25,147,92,76,148,97,131,117,109,102,65,87,61,20,2,22,82,138,53,128,114,28,26,119,73,103,21,45,88,59,37,60,111,140,86,135,126,80,113,35,136,38,56,146,93,64,89,143,116,44,8,69,33,34,31,81,14,23,115,77,79,94,54,139,112,5,70,13,52,16,132,83,149,129,46,96,3,7,125,130,71,51,62,57,11,55,104,63,144,9,40,99,30,133,95,43,137,74,78,124,108,18,107,84,134,91,48,12,142,127,24,58,68,17,36,98,39,145,118,42,110,122,6
1,54,32,121,6,105,4,72,10,90,19,141,100,58,9,69,47,120,111,67,50,27,85,92,15,106,101,70,147,118,40,148,97,131,117,109,102,65,87,61,43,2,22,82,138,53,128,114,25,26,119,73,103,21,45,88,59,37,60,42,140,86,135,14,80,113,35,76,38,56,28,41,64,89,143,116,29,112,126,33,34,31,81,115,23,136,77,79,94,123,139,146,5,144,13,52,16,132,0,149,129,46,96,3,7,125,130,71,51,62,57,11,55,104,63,49,93,75,99,30,133,95,83,137,74,78,124,108,18,107,84,134,91,48,12,142,127,24,68,20,17,36,98,39,145,44,66,110,122,8
1,54,32,121,140,105,4,72,10,90,19,141,100,58,34,132,47,120,6,9,50,27,85,92,15,106,59,70,147,118,40,53,97,131,117,109,102,21,87,61,67,2,22,82,8,13,66,114,25,26,119,73,148,86,45,88,128,37,60,42,115,43,135,14,80,113,35,76,38,56,28,11,64,127,143,116,29,112,126,33,103,31,110,46,23,136,77,79,94,91,139,146,5,144,93,52,16,138,0,149,129,41,96,3,7,125,130,71,51,62,57,74,55,104,63,49,145,75,99,81,133,95,83,137,111,69,123,108,18,107,84,134,65,48,12,142,30,24,68,20,17,36,98,39,78,44,101,124,122,89
34,54,32,121,53,105,4,72,10,90,106,132,100,58,113,141,47,115,6,9,50,5,85,92,15,125,59,70,19,118,131,67,42,79,117,109,120,21,87,61,63,2,22,27,8,97,66,114,25,26,119,102,148,86,45,88,128,37,60,142,111,43,135,14,80,11,35,76,38,56,28,40,64,127,143,116,29,112,126,147,103,31,110,46,23,136,77,139,94,91,33,146,55,144,93,140,16,138,0,73,129,41,96,1,7,75,130,71,51,62,57,74,82,104,3,49,145,52,99,81,133,95,83,137,13,149,123,108,18,107,69,134,65,48,12,84,30,24,68,20,17,36,98,39,78,44,101,124,122,89
0,54,32,121,53,105,4,72,10,41,106,132,100,58,113,141,59,115,6,9,50,137,88,92,15,125,60,23,19,118,131,67,42,79,117,109,120,21,87,61,63,2,22,27,8,25,66,114,5,11,119,102,148,55,135,143,85,37,46,142,111,43,29,14,80,73,35,76,38,70,28,31,64,127,97,116,18,112,126,147,103,47,110,128,99,136,77,139,94,91,33,146,45,144,93,34,16,138,65,75,129,26,96,1,7,40,130,71,51,62,56,74,82,104,3,49,140,52,90,81,86,95,83,145,13,149,123,108,78,107,69,134,133,48,12,84,30,24,68,20,17,36,98,39,57,44,101,124,122,89
0,54,32,121,53,105,4,72,10,41,82,101,100,58,113,120,26,104,6,9,50,137,88,92,15,125,60,23,19,148,131,67,42,79,117,109,17,21,87,61,63,2,22,27,8,25,66,114,5,11,119,40,77,55,135,118,85,98,46,44,20,43,29,14,80,73,35,76,38,70,28,31,64,127,97,116,18,142,126,147,103,47,110,93,99,91,112,139,94,102,33,75,45,144,136,51,16,138,65,1,129,69,96,36,146,141,130,71,111,62,56,74,34,106,3,49,140,52,90,81,86,7,83,145,13,149,123,108,78,107,84,134,133,48,12,143,30,24,68,95,128,37,132,39,57,115,59,124,122,89
133,54,127,121,53,88,4,72,99,141,0,101,100,58,113,120,26,11,6,9,50,137,65,92,15,125,60,23,19,148,109,67,112,79,117,43,17,21,34,61,63,66,55,27,8,25,87,114,84,82,119,40,77,3,135,118,85,98,144,44,20,105,29,14,80,73,35,76,38,10,28,31,64,16,70,116,18,142,126,147,103,47,110,32,78,91,2,139,94,102,33,75,45,57,136,51,5,138,104,1,129,69,96,36,146,37,130,71,111,62,56,74,108,106,131,49,140,52,90,81,86,7,83,145,13,149,123,46,42,107,41,134,22,48,12,143,30,24,68,95,128,97,132,39,93,115,59,124,122,89
6,54,127,121,53,88,122,72,99,141,0,101,133,58,113,120,26,11,106,9,50,39,137,92,15,125,60,23,19,148,109,91,112,78,130,43,17,21,47,61,63,66,79,27,8,25,87,114,84,82,22,40,77,97,135,118,85,98,144,41,20,105,29,117,80,73,35,76,38,10,28,31,64,16,44,116,68,142,126,147,103,70,110,32,18,30,2,139,94,65,33,75,45,57,136,51,5,138,104,1,129,69,96,36,95,37,90,71,111,102,89,74,108,123,131,49,140,52,55,81,86,7,83,145,146,149,4,46,42,107,62,134,100,48,12,143,56,24,14,13,128,34,132,3,93,115,59,124,67,119
16,54,29,121,53,88,122,72,99,141,0,101,133,58,113,120,26,11,130,49,50,36,137,92,15,125,60,23,19,148,109,91,21,78,84,43,17,112,47,61,63,66,79,39,8,25,128,114,73,22,106,52,77,97,107,118,85,98,144,41,20,105,135,117,119,34,35,76,38,10,28,87,14,6,44,3,68,142,126,147,103,70,110,32,18,30,69,139,94,65,33,75,45,57,136,51,5,138,146,1,129,123,96,9,95,37,90,71,111,102,89,104,108,31,131,116,140,80,55,81,86,7,83,145,127,149,4,2,42,40,62,134,100,48,12,143,56,24,46,13,27,82,132,74,93,115,59,124,67,64
16,138,29,121,53,45,122,72,99,141,0,106,133,58,113,120,26,11,55,49,129,36,137,92,15,50,60,23,88,148,96,91,21,78,84,28,144,112,109,61,130,66,19,39,8,25,128,114,136,22,41,52,54,43,107,118,142,98,18,81,20,105,135,117,119,34,35,76,38,10,63,87,14,6,44,3,68,77,126,147,103,70,110,32,97,30,69,139,94,65,33,95,134,57,47,51,5,40,146,1,104,123,145,9,17,37,90,71,111,102,89,79,108,46,131,116,140,80,73,125,86,7,83,101,127,149,4,2,42,31,62,75,100,48,12,143,56,24,85,13,27,82,132,74,93,115,59,124,67,64
105,138,29,121,87,45,122,72,99,125,0,106,133,58,43,120,59,11,55,54,129,36,137,118,15,50,60,23,88,113,96,89,21,9,84,28,26,112,109,61,130,66,85,39,8,94,111,114,136,22,41,52,32,49,64,78,142,98,18,81,20,91,135,117,119,34,35,92,38,10,63,1,24,6,44,3,68,77,126,147,103,70,110,76,25,30,69,139,65,80,33,95,134,57,47,51,5,40,146,144,104,123,145,148,17,37,90,71,128,107,141,79,108,46,131,116,140,19,73,102,86,7,83,101,127,149,4,2,42,31,62,75,16,48,12,143,56,100,53,13,27,82,132,74,93,115,97,124,67,14
44,138,29,121,87,45,42,72,99,125,0,106,133,58,17,66,59,11,25,54,105,36,137,118,144,50,56,122,88,113,52,130,60,9,84,28,26,112,109,61,15,21,85,39,8,94,111,114,136,22,41,81,32,129,64,78,142,98,18,47,20,91,135,117,119,34,68,92,38,10,63,120,24,53,76,3,55,77,126,147,103,70,110,19,35,30,69,139,65,6,33,95,134,57,1,51,5,40,146,37,104,123,145,148,2,89,90,71,128,107,141,79,108,140,131,116,16,49,73,102,86,7,83,101,127,149,4,96,12,31,62,75,43,48,80,143,23,100,46,13,27,82,132,74,93,115,97,124,67,14
44,134,68,121,87,45,18,63,99,13,0,93,133,58,17,66,59,11,92,138,105,36,137,78,144,50,56,122,88,113,52,130,60,9,84,1,26,128,109,146,15,21,85,106,8,94,111,114,136,22,62,81,24,129,64,79,142,98,103,47,20,91,135,42,119,32,34,69,38,10,39,120,54,53,76,77,55,101,126,147,125,70,110,19,35,30,72,139,65,6,33,95,118,57,28,51,5,40,41,37,104,123,25,148,2,89,90,71,145,107,141,112,108,140,131,116,16,49,73,102,86,7,83,100,127,149,4,96,12,31,117,75,43,48,80,143,23,61,46,29,27,82,132,74,3,115,97,124,67,14
44,119,68,121,87,144,18,63,85,27,0,93,140,49,17,66,96,11,92,138,105,61,137,78,36,50,56,122,88,113,58,130,60,143,84,1,26,128,71,64,15,21,134,46,8,94,111,114,136,22,62,81,24,129,123,6,142,98,103,47,20,91,135,42,99,32,34,69,38,10,39,120,54,53,76,77,55,101,126,147,125,35,110,19,59,30,72,14,65,109,33,95,118,57,28,13,5,45,41,37,104,131,25,148,2,89,90,141,145,107,51,112,108,79,70,116,16,40,73,102,3,7,83,100,127,149,4,86,12,31,117,75,43,48,80,146,23,9,52,29,139,82,132,74,133,115,97,124,67,106
18,68,78,45,27,144,107,63,85,1,0,119,140,49,17,66,96,11,92,138,117,61,137,113,36,50,56,122,93,88,58,130,60,143,115,24,26,128,71,64,104,21,134,46,8,94,111,114,136,22,62,84,87,105,123,6,142,98,103,47,20,91,135,42,99,2,34,109,38,10,39,120,54,53,76,77,23,101,90,147,125,35,110,19,59,30,72,14,65,15,33,95,81,57,28,13,44,32,41,37,129,131,25,148,86,89,69,141,145,126,51,112,108,79,70,5,16,118,73,102,3,7,83,100,127,149,4,132,121,31,40,75,43,48,80,146,55,9,52,29,139,82,116,74,133,12,97,124,67,106
18,87,78,45,27,144,107,63,85,1,0,119,140,9,17,67,96,11,92,138,117,61,137,113,36,50,56,122,93,88,58,130,60,143,115,24,26,128,71,21,104,73,134,2,8,94,111,114,149,22,62,37,53,105,123,6,72,98,103,47,20,91,135,42,99,38,34,48,29,10,39,120,54,32,131,77,23,101,30,147,125,35,110,46,59,25,90,14,65,15,33,95,81,148,28,13,44,106,41,76,129,12,19,142,86,89,69,141,109,57,51,112,108,79,70,5,16,118,66,102,3,7,83,100,64,84,4,132,121,31,40,75,43,97,80,146,55,68,52,126,139,136,116,74,133,49,82,124,145,127
10,18,53,8,27,144,107,63,56,1,0,119,140,9,17,67,96,11,64,138,117,61,137,113,36,26,54,122,93,88,101,131,60,143,109,24,28,44,71,130,104,73,134,2,149,94,111,114,78,62,86,37,21,105,123,6,50,98,103,47,20,91,135,42,99,38,34,48,29,58,39,120,92,32,45,77,23,22,30,147,125,35,49,46,59,25,90,14,65,15,33,95,81,128,72,13,16,106,41,76,82,12,19,142,115,89,69,141,148,57,51,112,108,79,70,5,43,118,66,102,3,7,83,100,145,84,4,87,121,31,40,75,129,97,80,146,55,68,52,126,139,136,116,74,133,85,132,124,110,127
10,18,53,8,27,144,145,63,56,109,0,119,140,116,17,67,96,11,26,138,117,61,137,55,36,37,54,122,93,88,101,131,60,143,24,139,28,44,71,130,9,73,135,2,149,94,111,114,78,62,86,19,21,29,123,6,113,98,103,47,42,69,7,104,99,38,34,43,57,25,39,120,1,32,45,77,23,22,30,147,125,35,49,46,59,20,90,14,65,15,58,95,81,128,50,13,16,106,41,76,82,83,87,142,115,89,105,141,148,72,51,112,108,79,70,5,48,118,66,102,3,91,31,100,134,84,4,12,121,107,40,75,129,97,80,146,33,68,52,126,64,136,124,74,133,85,132,92,110,127
10,18,53,8,27,144,145,30,56,109,63,119,140,89,17,0,121,11,26,115,117,61,67,37,137,139,54,122,96,88,101,131,60,143,24,71,32,44,93,130,9,73,20,2,149,94,95,28,78,62,86,19,21,29,123,141,113,98,15,47,42,3,7,104,99,38,34,43,57,25,39,120,1,5,148,77,23,22,129,147,111,35,49,46,59,138,90,14,65,55,58,127,81,128,50,13,16,106,41,76,82,83,87,142,69,74,105,135,125,72,51,112,108,79,70,114,48,118,66,102,116,91,31,100,134,84,4,12,6,107,40,75,133,97,80,146,33,68,52,126,64,136,124,36,45,85,132,92,110,103
10,18,53,8,27,52,145,116,118,109,63,119,140,89,17,0,133,11,25,115,117,5,121,37,137,139,54,122,46,88,101,131,60,58,24,97,32,44,33,130,9,73,20,87,149,110,95,28,78,62,86,19,21,29,123,141,113,98,15,47,42,3,7,68,99,38,34,43,57,56,39,120,1,143,148,77,26,22,30,147,96,35,2,93,59,138,90,14,65,55,67,127,81,128,50,13,16,106,41,76,82,83,144,142,69,74,105,135,61,100,51,72,108,79,70,114,48,125,112,102,71,91,31,66,134,84,4,12,6,107,40,75,126,104,80,146,23,85,129,49,64,136,124,36,45,111,132,92,94,103
10,53,64,8,27,52,145,116,134,109,58,119,140,89,17,147,133,11,25,115,117,71,15,121,137,139,105,122,46,88,101,131,70,5,24,97,32,19,33,130,9,73,20,87,149,110,118,28,78,62,44,95,21,29,123,141,113,98,67,107,42,3,7,68,99,38,34,43,57,56,39,120,18,143,148,77,26,22,84,45,96,35,2,93,59,138,90,14,51,55,86,30,81,128,50,13,16,106,41,76,82,83,144,142,69,74,48,135,61,100,1,72,108,79,129,114,127,125,112,102,12,91,31,66,37,54,4,49,6,80,40,75,126,104,65,146,23,85,103,60,63,136,124,36,47,111,132,92,94,0
10,51,83,8,27,52,145,116,134,109,58,119,73,26,122,41,141,133,25,115,64,71,15,121,137,139,105,56,46,88,101,131,70,5,57,97,32,19,33,130,9,63,20,87,149,110,118,28,78,147,44,17,21,29,123,40,113,98,67,107,42,3,7,68,99,38,34,126,127,95,140,120,18,143,148,77,117,22,84,45,96,24,2,144,59,138,90,14,93,55,86,89,81,128,50,43,16,106,74,76,82,30,129,142,69,35,48,75,61,100,1,72,108,79,53,114,66,125,112,102,12,91,31,62,37,54,4,49,6,80,39,146,11,104,65,135,23,85,103,60,13,136,124,36,47,111,132,92,94,0
95,51,84,8,27,42,145,116,134,109,25,119,73,58,122,41,141,139,23,115,64,71,26,121,137,11,105,56,46,88,65,131,52,5,57,97,32,19,148,130,9,63,20,87,149,45,118,28,78,90,44,17,21,29,123,40,113,15,67,107,147,83,7,68,99,10,34,92,127,133,140,120,18,143,98,77,117,22,59,100,96,24,2,144,14,138,110,89,93,55,86,104,81,128,50,43,16,106,74,76,82,30,129,53,69,35,48,75,61,33,1,72,108,79,3,114,66,125,112,102,12,91,126,62,37,54,4,38,6,80,39,146,132,142,49,135,101,85,103,60,13,136,124,36,47,111,31,70,94,0
22,51,84,8,27,42,30,146,134,109,25,96,141,58,111,41,91,139,23,131,64,97,26,121,137,11,105,56,116,88,65,33,52,5,119,57,32,19,148,101,9,95,40,87,149,45,118,28,78,90,44,17,104,29,123,63,113,15,67,107,147,83,7,68,99,10,34,92,127,133,140,36,18,143,98,60,117,100,59,20,103,77,2,144,14,138,110,89,93,55,86,54,81,128,43,115,16,106,74,76,82,122,129,53,69,35,48,75,61,130,1,72,108,79,3,114,66,125,112,102,12,73,126,62,37,145,4,38,6,80,39,24,132,142,49,21,71,85,46,120,13,136,124,50,47,135,31,70,94,0
22,42,84,8,27,36,30,146,1,109,25,96,141,58,106,41,91,139,23,131,64,104,85,121,137,11,105,56,116,88,65,33,52,5,119,57,32,19,148,101,9,115,40,87,149,45,118,28,2,90,44,15,39,29,113,63,114,125,67,107,147,83,7,97,99,10,34,92,127,133,140,68,18,143,82,60,117,100,59,95,111,77,98,144,14,138,110,89,93,55,86,54,81,128,43,145,24,4,74,123,76,122,51,53,69,35,48,75,61,130,17,120,108,79,3,103,66,26,112,20,12,73,126,62,37,49,134,38,6,80,31,129,132,142,72,21,71,78,46,102,13,136,124,50,47,135,16,70,94,0
22,42,84,47,27,36,30,102,1,109,25,96,141,58,106,146,91,33,23,131,8,104,85,121,61,11,105,72,116,88,65,41,52,3,119,57,32,64,148,101,9,115,40,98,149,5,118,28,2,90,7,15,39,29,113,63,114,125,67,87,147,83,81,97,137,99,34,48,127,133,86,68,18,143,139,60,44,100,59,95,111,77,142,144,14,138,110,89,93,55,53,38,10,128,43,145,24,4,54,123,74,122,51,76,69,35,92,75,71,130,17,120,108,79,107,103,66,26,112,20,12,73,126,62,37,49,134,117,6,80,31,129,132,56,82,21,140,78,46,45,13,19,124,50,136,135,16,70,94,0
142,42,84,47,27,36,30,115,1,11,25,96,109,34,58,146,91,33,23,114,126,22,85,121,61,13,32,72,116,88,65,41,52,3,119,57,62,64,148,2,9,77,40,89,149,8,118,28,103,90,66,15,107,29,113,63,141,125,67,101,147,83,81,97,137,99,20,48,127,133,86,68,18,143,139,60,44,100,5,95,111,80,16,144,14,138,110,59,93,55,53,38,10,128,43,145,24,4,54,123,74,135,51,76,69,35,92,75,71,130,17,120,108,79,122,106,87,26,112,131,12,73,98,39,37,49,134,117,6,104,31,129,132,56,82,21,140,78,46,45,19,102,124,50,136,7,105,70,94,0
142,42,84,47,27,95,30,11,1,100,25,96,43,34,58,88,7,33,23,114,126,22,85,83,61,13,32,72,116,102,140,41,52,3,119,57,62,64,148,109,9,77,40,121,149,8,17,28,103,90,66,15,107,29,113,63,141,125,67,101,147,31,111,97,137,99,20,48,127,133,86,68,18,143,56,89,44,50,5,10,91,80,16,144,14,138,110,82,93,55,53,38,94,128,118,145,24,4,54,123,2,135,51,76,69,35,92,139,71,115,6,120,108,79,122,106,87,26,112,131,12,73,98,39,37,49,134,117,70,104,65,129,75,74,21,132,59,78,46,45,19,81,124,130,136,36,105,146,60,0
142,77,134,42,27,95,85,11,29,100,25,96,43,34,58,88,7,124,23,114,126,10,133,137,61,40,32,72,116,102,140,41,52,3,119,57,47,64,148,109,9,78,81,121,149,8,87,28,103,90,66,141,30,13,113,63,84,125,22,101,147,31,111,97,17,99,20,76,131,33,86,68,18,105,56,89,44,50,5,67,118,80,91,144,14,138,110,82,93,55,53,38,94,128,143,145,24,4,54,123,36,135,51,127,69,35,92,139,71,115,6,120,108,79,122,106,2,26,112,83,12,73,98,39,37,49,15,117,70,104,65,129,75,74,21,132,59,107,46,45,19,16,1,130,136,48,62,146,60,0
62,70,134,42,27,135,24,138,29,100,25,96,43,34,58,88,7,124,23,114,44,10,6,137,61,40,32,72,18,102,140,93,33,3,119,57,90,64,148,109,9,78,81,121,149,53,87,28,103,132,56,141,30,13,113,63,84,125,22,101,147,31,111,97,17,99,20,76,67,66,86,68,85,105,118,89,41,50,112,127,143,80,91,144,14,8,110,82,95,55,77,38,94,128,79,145,126,4,54,123,36,47,51,133,69,35,92,139,71,115,136,120,52,11,122,106,2,26,131,83,12,73,98,39,37,49,15,117,5,104,65,129,75,74,21,0,59,107,46,45,19,16,1,130,142,48,116,146,60,108
62,70,134,42,27,135,24,138,29,100,105,96,43,34,58,88,83,124,23,99,44,10,73,137,61,25,32,72,18,86,140,93,9,3,119,57,90,64,6,109,52,78,102,121,149,53,87,114,103,132,56,141,67,13,113,148,84,125,8,101,147,31,111,97,40,20,77,76,17,66,22,68,85,133,118,89,41,35,112,7,143,80,91,144,14,117,110,82,95,55,33,38,94,128,79,145,126,4,54,123,36,47,51,92,12,63,1,139,16,115,136,120,28,11,122,106,2,26,131,50,104,127,98,39,37,49,15,71,81,5,65,129,75,74,21,0,59,107,46,45,19,30,69,130,142,48,116,146,60,108
138,70,29,42,27,135,24,87,25,100,105,71,43,34,58,88,85,91,23,99,44,10,73,137,61,145,32,72,18,86,140,54,9,3,119,57,90,104,6,109,52,78,102,121,149,53,134,114,103,132,5,141,46,13,113,148,84,64,8,101,76,31,124,97,40,20,125,81,17,66,22,68,30,133,118,89,41,35,112,7,143,80,83,144,14,117,67,82,95,55,47,38,94,0,79,110,126,4,128,123,36,19,51,92,12,63,1,139,16,115,136,2,28,11,122,106,33,26,120,50,147,127,98,39,37,49,131,93,56,96,65,129,75,74,21,111,59,107,15,45,77,62,69,130,142,48,116,146,60,108
138,70,29,133,27,86,24,87,25,88,105,71,43,91,58,99,67,120,23,10,44,115,73,137,61,145,32,72,18,34,140,54,9,19,119,57,90,60,4,109,52,82,102,121,149,134,53,114,85,132,5,135,46,13,113,148,2,64,8,101,76,31,124,97,40,20,125,81,17,66,22,68,30,110,118,89,41,35,50,7,100,80,83,144,14,117,130,122,95,55,47,38,104,0,112,103,126,94,128,123,36,141,51,92,12,63,1,139,16,111,136,42,28,11,79,106,33,26,78,131,147,127,98,39,37,49,3,93,56,96,65,129,75,74,21,143,59,107,15,45,77,62,69,84,142,48,116,146,6,108
138,70,29,133,27,86,24,87,25,88,105,71,43,91,94,99,67,144,59,10,1,115,73,137,61,145,120,72,18,34,140,54,9,23,119,14,90,60,4,36,52,82,102,135,149,134,53,114,85,132,146,57,46,21,113,148,2,42,8,101,76,31,124,121,40,20,125,81,17,96,22,68,30,110,118,89,123,35,50,7,100,80,83,131,103,117,130,19,95,55,47,38,104,0,112,58,126,5,143,122,45,141,51,92,12,63,127,44,16,111,136,32,28,11,128,106,33,26,78,97,109,74,98,39,37,49,3,93,56,79,65,129,75,64,139,41,13,107,15,147,77,62,69,84,142,48,116,66,6,108
138,70,29,133,54,143,24,87,25,88,105,71,147,30,94,99,67,144,59,10,1,63,73,137,61,145,91,72,18,34,140,20,9,16,119,14,90,60,4,120,52,118,102,135,149,134,53,114,85,132,27,57,46,129,113,148,2,42,8,101,76,21,124,121,40,43,125,81,17,31,106,68,66,110,115,89,33,96,35,7,100,80,83,131,38,117,130,116,95,55,47,65,104,0,112,58,126,5,19,122,45,141,51,92,12,127,103,44,74,111,136,32,28,11,128,75,86,26,78,97,109,22,98,39,37,49,3,93,56,79,50,82,23,64,139,41,36,107,15,123,77,62,69,84,142,48,13,146,6,108
138,70,19,133,54,143,24,87,1,88,65,71,147,30,53,99,67,144,59,10,112,115,73,137,61,145,91,131,96,104,35,20,140,16,149,14,43,60,4,34,32,118,102,135,78,134,94,114,85,132,27,57,46,129,113,148,2,42,8,101,76,21,124,121,40,23,125,81,17,31,79,68,66,26,105,89,33,18,106,7,100,48,83,52,38,117,130,9,95,55,47,80,84,0,90,58,126,5,120,122,45,141,51,92,12,127,103,44,74,29,136,119,28,11,128,75,86,63,110,97,109,22,98,39,37,49,3,93,56,111,50,82,25,64,139,41,36,107,15,123,77,62,69,72,142,116,13,146,6,108
138,70,19,29,54,143,3,103,125,88,65,71,147,30,1,99,67,144,59,10,112,115,73,137,61,145,91,24,119,104,35,20,140,116,149,14,43,60,4,34,32,118,102,135,78,134,90,122,85,132,27,57,46,129,113,148,68,13,8,101,76,21,124,121,40,23,120,81,17,31,79,89,66,26,105,16,42,18,106,87,100,48,83,52,38,117,130,9,94,55,84,80,12,0,131,58,126,5,6,95,45,141,51,33,7,127,92,44,74,108,136,114,28,11,128,75,86,63,110,97,146,22,98,39,133,49,53,93,56,111,50,82,25,64,139,41,36,107,15,142,77,62,69,72,2,123,37,109,96,47
138,59,19,29,38,143,3,103,125,88,65,71,147,30,2,99,67,63,142,10,130,115,73,137,61,145,41,24,119,104,35,20,140,116,15,14,43,60,4,16,32,135,102,118,124,134,90,128,85,132,27,57,46,129,39,148,68,146,8,101,76,21,81,121,40,23,120,91,17,31,11,107,66,26,105,112,42,18,106,87,100,48,83,52,114,117,13,9,94,55,84,80,12,5,131,58,126,34,6,95,45,141,51,33,7,127,54,44,74,108,136,36,28,78,144,75,86,1,110,97,69,22,98,70,133,49,53,93,56,111,50,82,25,64,139,149,122,79,92,113,77,62,89,72,0,123,37,109,96,47
138,59,19,29,38,143,3,103,125,20,65,71,147,30,91,99,108,63,62,10,130,115,73,137,61,145,41,24,119,46,35,114,55,116,15,14,43,60,28,85,32,135,77,118,124,134,90,128,122,132,45,57,33,129,39,148,68,146,8,101,76,21,81,121,131,23,120,27,17,31,11,107,102,26,105,112,42,18,106,87,100,48,83,52,44,117,58,9,2,88,84,80,12,5,66,1,126,67,6,95,127,141,142,144,7,16,54,110,74,64,136,36,34,78,4,75,86,13,51,97,69,22,98,70,133,49,104,93,56,111,50,82,25,53,139,149,140,79,92,113,94,40,89,72,0,123,37,109,96,47
138,59,54,29,38,44,3,103,148,20,65,101,147,30,91,99,108,63,62,10,19,129,73,57,56,45,41,24,119,46,96,114,55,116,137,14,43,60,28,90,32,135,77,118,124,134,100,128,122,132,2,49,33,78,39,141,68,146,8,6,76,21,81,121,131,23,84,27,17,31,11,107,102,26,105,112,42,18,106,79,149,48,83,52,71,85,58,9,130,88,125,80,12,5,66,1,126,67,35,95,127,87,142,144,7,16,93,110,120,64,136,36,34,145,4,75,86,13,115,97,69,61,98,70,133,117,104,74,22,111,50,82,25,53,139,51,140,15,92,113,94,40,89,72,0,123,37,109,143,47
138,59,54,10,38,44,3,33,148,20,65,101,24,30,91,62,108,63,147,4,19,129,73,57,56,45,41,122,103,46,105,114,55,116,137,14,43,15,28,90,32,135,77,118,124,134,100,128,96,93,2,133,107,78,39,141,18,146,8,6,76,21,13,121,131,23,84,27,17,31,11,144,102,61,0,112,42,132,106,79,60,48,83,52,71,81,58,9,130,68,125,80,12,5,66,1,126,67,35,95,85,87,142,26,7,16,88,127,120,64,136,36,69,145,111,149,86,34,119,97,115,75,98,70,29,117,104,74,22,49,50,82,25,53,139,51,140,110,92,113,94,40,89,72,99,123,37,109,143,47
138,59,16,10,38,19,116,33,148,20,132,104,9,68,91,62,108,63,147,70,3,129,73,57,56,45,41,122,103,46,42,114,4,1,113,14,43,15,28,90,32,30,77,118,124,134,141,128,96,93,2,133,107,78,39,44,18,146,8,6,54,21,123,121,131,100,76,27,17,23,11,137,102,61,7,112,24,72,106,79,60,48,83,52,0,81,58,101,31,145,125,80,12,5,66,130,126,67,35,95,85,87,142,26,55,13,88,127,120,64,136,36,69,105,111,149,86,34,119,97,115,75,98,135,29,117,71,74,22,49,50,82,25,53,139,51,140,110,92,65,94,40,89,84,99,144,37,109,143,47
138,59,16,109,38,19,116,33,148,61,90,104,9,68,91,121,108,63,147,70,3,129,73,57,72,45,41,122,103,46,10,114,4,1,113,14,43,15,28,141,32,30,133,118,124,62,132,134,96,93,2,77,26,78,39,44,92,146,8,6,54,120,123,142,131,100,76,27,17,23,11,137,128,127,7,112,24,144,106,79,60,48,83,34,0,81,58,101,18,145,125,80,12,5,88,130,126,67,35,95,66,42,21,56,55,13,20,85,52,64,136,36,69,105,111,149,87,74,119,97,115,75,98,135,29,117,71,102,22,86,50,82,25,53,139,143,140,110,107,65,94,40,89,84,99,49,37,51,31,47
52,82,76,109,147,19,116,33,148,61,90,104,9,50,91,121,108,63,103,70,3,38,96,57,105,45,21,122,60,46,111,114,4,1,113,89,43,15,28,141,59,30,133,118,124,62,132,134,20,93,138,77,26,117,39,44,92,146,8,6,54,120,123,142,131,100,10,27,17,23,11,137,128,127,7,112,81,78,106,79,73,48,83,34,0,145,58,101,18,72,125,80,12,5,88,130,126,67,35,95,66,42,2,56,102,144,74,85,129,64,136,36,69,139,32,149,87,55,119,97,115,75,98,135,29,24,71,13,22,86,14,16,25,53,41,143,140,110,107,65,94,68,40,84,99,49,37,51,31,47
52,90,76,12,147,19,116,33,148,61,99,104,9,50,95,121,108,63,103,70,3,38,96,57,105,88,21,122,60,118,111,114,4,1,113,89,43,15,28,141,53,30,133,32,124,62,132,134,20,93,138,77,26,117,39,44,92,40,8,6,54,120,123,69,139,100,10,17,59,23,11,137,128,127,82,112,81,78,106,79,73,66,83,34,0,145,58,98,18,72,125,84,48,5,13,130,126,67,35,14,80,42,2,56,102,85,74,41,129,64,136,36,149,109,94,7,87,55,119,97,115,75,143,135,29,24,71,91,22,86,146,46,25,27,16,142,140,110,107,65,45,68,131,101,144,49,37,51,31,47
52,90,76,12,114,19,116,63,148,61,99,69,9,50,95,121,26,125,103,70,3,38,96,57,78,88,21,122,60,118,111,128,134,33,113,89,43,74,28,20,53,30,133,32,124,55,132,7,16,93,138,77,15,117,39,44,92,40,4,6,34,120,123,10,139,100,87,17,59,23,66,142,45,127,82,112,81,86,106,79,73,62,83,54,0,145,58,98,18,72,141,84,48,5,13,64,1,67,35,14,80,42,2,56,102,85,137,41,129,8,136,36,149,109,94,49,11,126,119,97,115,75,143,135,29,24,71,91,22,130,146,46,25,27,147,105,140,110,107,65,108,68,131,101,144,104,37,51,31,47
63,140,76,71,113,19,116,110,148,61,99,69,50,29,95,121,26,125,103,27,18,38,96,57,78,88,21,122,60,118,111,128,134,33,75,89,43,74,28,114,53,30,145,32,124,55,132,7,16,93,138,77,15,35,39,44,92,40,22,6,34,120,123,10,139,100,87,17,59,23,66,142,45,127,82,112,4,20,106,79,73,62,83,54,0,24,49,81,133,51,141,84,48,5,13,64,1,67,9,14,80,36,2,147,102,85,137,41,129,8,136,135,149,109,90,98,11,126,119,97,115,94,143,42,52,12,70,91,58,130,146,46,25,72,3,105,56,86,107,65,108,68,131,101,144,104,37,117,31,47
63,51,76,71,113,19,116,110,148,61,99,69,50,29,109,121,26,125,103,70,18,38,96,57,78,88,31,120,60,118,132,128,134,33,75,89,43,74,28,114,34,100,145,32,124,55,144,7,16,39,21,77,15,35,67,44,92,40,22,37,48,149,123,10,139,1,87,17,59,23,81,142,130,9,82,112,4,20,106,79,73,45,83,54,0,24,49,122,133,6,131,84,126,5,13,64,137,62,93,14,80,36,2,147,102,85,95,41,129,8,136,135,141,140,90,98,11,104,119,97,115,94,143,42,52,12,27,91,58,66,146,46,25,72,3,105,56,86,107,65,108,68,53,101,111,127,30,117,138,47
63,91,76,1,113,19,116,110,148,61,78,69,26,29,80,121,0,140,103,70,18,38,142,20,94,88,31,120,60,118,132,128,125,33,75,56,43,74,28,146,34,100,145,32,124,55,144,7,30,39,47,77,15,21,67,44,92,40,22,37,48,149,123,134,139,99,87,114,59,23,81,109,130,9,82,112,4,89,106,79,73,45,83,54,51,24,49,122,133,6,131,84,126,5,17,64,137,62,93,14,57,36,2,147,102,71,95,41,16,8,136,135,141,129,85,98,11,104,119,97,115,117,96,42,52,58,27,13,90,66,143,46,25,72,3,105,50,86,107,65,108,68,53,101,111,127,10,35,138,12
63,91,76,1,48,19,116,24,148,61,67,69,35,29,80,46,0,36,103,70,130,38,142,20,118,88,31,89,60,23,132,128,125,33,75,56,43,6,28,146,34,100,145,32,124,55,144,7,94,39,106,77,83,21,121,111,92,40,22,37,138,149,123,78,139,99,87,134,59,18,81,109,15,9,82,114,110,140,44,79,73,45,74,54,51,47,49,122,133,2,131,84,126,5,17,64,137,62,93,14,57,68,112,147,102,71,95,41,16,8,120,135,141,129,85,98,11,104,119,97,115,117,96,42,52,58,27,13,90,66,143,108,25,72,3,105,50,86,107,65,30,113,4,101,136,127,10,53,26,12
63,91,37,1,38,19,116,24,148,61,10,67,35,29,80,46,0,36,103,70,130,68,142,20,118,88,76,59,60,23,132,128,125,33,75,56,12,6,28,146,149,100,145,71,124,55,144,7,94,39,106,77,83,21,121,126,92,40,32,111,138,97,123,34,139,99,53,134,87,57,81,109,15,9,82,114,110,140,44,79,73,78,74,54,51,47,49,122,133,2,85,84,69,41,17,64,137,62,93,14,45,98,112,147,102,58,95,18,16,8,131,135,141,129,120,5,11,104,119,30,115,117,96,42,52,48,27,13,90,66,143,108,25,31,3,105,43,86,107,65,72,89,4,101,136,127,22,50,26,113
