0,1,2,3,4,5,6,7,8,9,10,11,12,13,14,15,16,17,18,19,20,21,22,23,24,25,26,27,28,29,30,31,32,33,34,35,36,37,38,39,40,41,42,43,44,45,46,47,48,49,50,51,52,53,54,55,56,57,58,59,60,61,62,63,64,65,66,67,68,69,70,71,72,73,74,75,76,77,78,79,80,81,82,83,84,85,86,87,88,89,90,91,92,93,94,95,96,97,98,99
0,1,2,52,4,5,6,7,8,74,27,11,12,97,14,15,62,17,18,19,20,61,66,23,24,25,26,37,28,46,90,31,32,33,34,35,13,71,38,39,40,41,42,43,44,45,89,47,48,49,50,51,29,53,54,55,56,57,58,9,60,21,67,63,64,65,22,3,68,69,70,10,72,73,30,75,76,77,78,79,80,81,82,83,84,85,86,36,88,59,87,91,92,93,94,95,96,16,98,99
0,1,2,52,36,5,6,4,8,74,27,28,12,97,14,54,45,17,18,19,20,61,66,23,24,25,26,83,7,46,90,31,32,33,15,35,11,73,38,39,40,34,57,13,44,37,89,47,70,49,50,51,29,53,43,55,42,48,58,62,60,21,67,63,64,65,22,3,68,69,56,10,72,9,30,75,76,77,78,79,80,81,93,41,84,85,86,71,88,59,87,91,92,82,94,95,96,16,98,99
97,1,2,85,36,5,90,4,31,74,27,92,12,52,14,54,45,17,18,19,33,61,66,23,13,72,26,83,7,46,8,20,32,6,15,35,11,69,40,39,98,34,57,67,44,37,89,47,70,49,28,51,29,53,43,55,42,48,58,62,60,21,38,63,64,65,22,3,68,25,56,10,24,9,30,75,0,77,76,79,80,81,93,41,84,78,86,71,88,59,87,91,50,82,94,95,96,16,73,99
97,1,2,32,36,5,90,3,31,74,27,92,12,63,14,54,4,17,18,19,33,61,66,23,13,87,26,83,22,46,57,20,38,6,15,35,82,69,40,39,98,34,21,67,72,37,89,47,70,49,28,51,29,53,43,55,45,48,60,62,85,8,11,84,64,65,58,44,52,25,56,10,24,9,30,75,0,77,94,79,80,81,93,41,76,78,86,71,88,59,7,91,50,42,68,95,96,16,73,99
77,1,2,32,85,5,59,3,21,74,27,44,12,63,14,54,4,76,18,19,33,61,92,23,13,87,49,83,22,97,57,20,38,90,15,35,48,69,40,45,98,34,81,67,72,37,89,47,70,46,28,51,29,53,43,55,36,39,60,62,86,8,11,31,64,65,58,66,52,25,56,10,24,9,30,75,0,73,94,79,80,17,93,41,82,78,6,71,88,84,7,91,50,42,68,95,96,16,26,99
77,1,2,32,97,95,59,15,21,74,53,44,12,63,14,54,4,85,18,19,33,61,92,23,13,87,49,83,22,50,56,66,38,90,29,35,48,69,40,3,98,34,45,67,72,37,89,47,70,46,28,51,80,57,43,55,36,39,60,62,86,8,76,31,64,65,0,5,52,25,7,10,24,9,30,75,81,73,11,79,78,17,93,41,58,27,6,71,88,84,82,91,94,42,68,20,96,16,26,99
57,1,2,32,97,95,59,15,21,74,3,44,12,63,19,54,4,85,18,41,43,61,92,69,13,77,87,83,22,50,14,66,38,90,49,42,48,81,40,37,98,34,45,67,72,33,10,56,70,46,35,51,80,29,88,55,36,39,60,62,86,8,76,31,64,65,0,5,52,25,7,68,24,9,30,75,28,73,11,79,78,17,93,47,58,27,6,71,89,84,82,91,94,53,23,20,96,16,26,99
57,1,2,32,97,95,24,15,21,61,65,44,12,63,19,59,4,85,54,41,43,23,94,69,13,77,87,83,22,50,14,79,28,90,49,42,48,81,40,3,98,34,45,67,72,33,10,56,92,76,37,51,80,29,88,55,36,39,60,62,86,8,17,31,64,0,70,5,52,25,7,68,9,46,30,75,35,73,11,74,78,38,93,53,58,27,6,71,89,84,82,91,66,47,18,20,96,16,26,99
57,1,2,32,97,95,24,15,21,45,65,44,12,63,19,82,4,85,54,61,43,23,94,98,13,77,87,83,22,50,14,79,37,90,49,51,48,81,40,3,92,34,64,67,89,33,10,56,74,76,52,69,80,29,88,16,72,39,60,62,86,8,17,31,28,0,70,5,59,25,20,7,9,46,30,75,35,73,11,68,78,38,93,53,58,27,6,42,47,84,41,91,66,71,18,36,96,55,26,99
57,1,2,32,71,95,24,15,38,45,65,44,12,55,19,82,4,85,28,29,43,23,94,98,16,77,87,7,22,50,14,79,37,90,49,51,48,81,40,54,92,34,64,67,3,21,10,56,63,76,52,69,80,72,88,61,58,39,66,62,86,8,17,31,97,0,70,5,59,83,60,74,9,46,30,75,35,73,11,68,78,13,93,53,20,27,6,42,47,84,41,91,89,18,25,36,96,33,26,99
57,68,2,32,71,95,24,15,7,45,65,90,12,55,19,82,22,56,28,29,43,60,94,98,16,77,87,33,20,50,14,79,4,39,49,23,48,81,40,54,44,51,64,67,1,21,10,99,63,76,52,69,80,72,88,61,85,36,66,62,86,8,17,31,97,0,70,5,59,3,58,74,9,92,30,75,35,73,11,34,78,13,93,53,83,27,6,42,47,84,41,91,89,18,25,38,96,37,26,46
57,68,2,32,71,95,34,15,3,83,65,7,12,41,19,66,22,56,28,29,43,60,94,98,16,77,84,17,20,87,50,79,4,39,49,23,48,81,40,54,44,51,64,67,1,21,10,6,63,76,52,69,80,72,88,61,14,30,91,62,86,8,90,31,97,0,70,5,59,36,58,74,9,92,55,75,35,73,11,45,78,13,93,53,24,27,96,42,47,38,85,33,89,18,25,82,99,37,26,46
57,68,2,53,71,95,41,15,79,83,65,7,12,34,54,66,22,56,28,73,43,32,94,98,16,77,69,17,20,87,50,61,4,39,90,23,48,81,40,84,44,51,31,67,1,21,10,6,63,76,52,70,80,35,88,19,14,30,91,62,86,8,60,64,97,0,29,5,59,36,58,74,9,92,55,75,25,72,11,45,78,47,93,13,24,27,96,42,49,3,85,33,89,18,38,82,99,37,26,46
59,42,2,31,71,95,66,15,79,83,65,56,12,37,54,48,22,76,28,73,74,32,94,98,16,77,69,17,20,87,50,61,41,39,90,23,72,81,40,84,44,51,89,67,1,21,10,6,63,11,52,70,80,35,88,19,14,30,43,91,86,8,60,64,97,0,29,5,58,36,4,53,9,92,55,75,25,7,27,45,78,47,93,13,24,57,96,62,49,3,85,33,34,18,38,82,68,99,26,46
59,42,2,31,71,95,58,91,79,83,65,32,12,37,54,48,15,76,28,1,74,63,94,84,16,77,68,17,66,87,50,61,41,39,90,23,72,81,40,98,44,51,89,93,22,21,10,6,73,11,52,70,80,35,88,36,78,30,43,85,86,8,60,64,97,0,29,5,69,13,4,53,9,92,55,75,25,7,27,45,14,47,46,67,24,57,96,62,49,3,19,33,34,18,38,20,82,99,26,56
94,61,83,31,71,95,92,91,79,1,65,32,12,37,47,15,84,76,28,19,74,23,42,2,16,25,68,17,66,87,50,46,41,39,90,59,72,81,40,98,44,51,89,77,22,21,10,6,73,11,52,70,80,35,88,36,78,30,48,85,27,8,60,64,97,0,29,5,69,13,4,53,9,93,55,75,86,7,58,45,14,63,54,67,43,57,96,62,49,3,24,33,34,18,38,20,82,99,26,56
42,61,83,31,71,95,92,91,43,1,23,32,12,37,47,15,45,76,28,19,74,46,84,2,93,87,68,53,66,36,50,98,41,39,90,24,72,81,40,59,44,51,89,77,22,21,10,8,29,11,25,70,80,35,88,16,78,30,48,85,27,17,60,64,97,0,73,5,79,13,4,65,9,94,55,75,86,7,58,52,14,63,54,67,69,57,96,62,49,3,6,33,34,18,38,20,82,99,26,56
42,61,83,31,71,86,92,91,43,1,23,32,12,37,47,15,69,95,28,34,74,46,84,2,93,39,19,33,66,36,49,98,41,67,90,24,72,76,40,59,97,51,89,77,22,94,10,8,29,11,25,70,80,35,88,16,78,30,48,85,27,17,60,64,50,0,73,5,68,99,4,65,9,81,55,75,6,7,44,52,14,63,54,79,58,57,96,62,21,3,13,87,45,18,38,20,82,53,26,56
42,61,0,31,71,86,92,95,43,1,23,91,12,37,75,45,69,57,28,34,74,46,84,85,93,39,19,33,53,36,49,98,41,67,66,24,72,76,32,59,97,51,89,77,2,94,10,8,29,3,25,78,80,35,88,16,90,30,48,83,70,17,15,64,50,47,73,5,11,99,4,65,9,81,55,22,6,7,68,52,14,63,54,79,58,60,96,62,21,27,13,87,44,18,38,20,82,40,26,56
47,61,0,31,93,86,92,95,43,1,23,26,12,80,75,45,56,57,28,34,74,46,84,85,22,39,19,53,20,36,49,91,71,67,41,24,72,76,32,35,97,51,89,77,60,94,10,8,29,3,25,2,42,62,88,16,90,30,48,83,70,17,15,64,50,66,73,5,11,99,4,65,9,81,55,7,6,69,68,52,14,63,54,79,58,96,59,33,21,27,13,87,44,18,38,98,82,40,37,78
47,61,0,31,38,86,92,95,43,1,23,73,12,80,75,45,56,57,52,29,21,46,84,85,83,39,28,53,20,36,49,91,19,67,41,3,72,76,32,35,55,4,89,77,44,94,10,8,34,15,25,2,42,62,88,16,90,30,48,26,70,17,51,64,50,66,27,5,11,99,22,65,9,81,74,7,6,69,68,93,14,63,54,79,58,96,59,33,97,24,13,87,60,71,18,98,82,40,37,78
47,61,71,31,38,86,92,95,43,1,23,64,9,80,75,45,56,57,52,29,87,46,84,85,83,39,28,53,6,36,98,91,19,67,20,3,30,62,32,35,55,4,89,77,44,94,10,8,34,15,25,2,42,5,88,72,90,76,68,26,70,17,51,48,50,66,49,54,11,99,22,65,27,81,74,7,18,69,73,93,14,63,79,41,58,96,59,33,97,24,13,0,60,12,21,16,82,40,37,78
8,61,71,31,38,86,92,95,43,51,23,33,9,47,97,45,56,57,52,29,87,46,84,85,83,39,28,53,6,70,77,81,19,67,93,3,30,62,32,91,55,75,89,99,44,64,4,35,34,15,25,2,42,5,82,72,90,76,68,26,20,17,10,48,50,66,49,54,11,98,22,65,27,94,74,7,18,69,80,88,14,63,79,41,58,96,59,73,1,24,13,0,60,12,21,16,36,40,37,78
8,61,71,93,38,62,16,95,43,94,23,33,9,47,97,45,31,36,52,29,87,46,84,92,83,39,28,53,6,70,32,81,19,85,13,3,30,57,56,91,55,75,89,99,44,64,72,67,21,15,25,2,42,5,82,60,90,76,68,26,20,17,10,48,50,66,49,54,11,98,22,65,27,80,74,7,18,69,4,51,14,63,79,35,58,96,59,73,1,24,77,0,86,12,88,41,34,40,37,78
8,61,71,93,9,62,16,10,43,94,23,32,69,47,97,45,31,36,52,29,87,46,84,92,83,5,28,15,6,70,95,81,19,85,13,3,30,57,56,68,49,75,89,99,44,64,39,11,21,14,25,2,42,67,82,12,90,76,55,26,20,17,40,48,50,66,60,54,74,98,22,65,27,80,53,7,18,33,4,51,73,63,79,35,58,96,59,1,72,24,77,0,86,91,88,41,34,38,37,78
28,61,71,93,9,54,16,10,43,8,23,32,69,47,97,45,31,36,52,29,87,46,84,92,79,60,95,15,6,70,90,81,19,85,86,3,30,57,56,68,49,75,89,99,14,64,39,11,73,13,25,2,42,67,82,12,21,76,98,26,20,17,40,48,50,94,33,41,91,74,22,65,27,80,53,7,18,66,4,51,5,44,63,35,58,96,59,1,72,24,77,0,62,83,88,55,34,38,37,78
28,61,71,93,14,63,16,10,43,8,23,32,36,47,97,45,31,86,52,29,70,46,39,92,79,60,95,15,6,84,91,81,19,2,69,3,30,57,56,68,49,75,89,99,54,64,40,11,38,13,25,1,42,67,82,12,21,76,98,26,9,17,87,48,50,59,33,41,73,90,22,65,27,80,85,7,18,66,4,53,5,44,94,35,58,96,51,20,72,24,77,0,62,83,88,55,34,74,37,78
34,18,71,93,14,60,50,10,43,8,23,52,36,28,32,45,31,86,47,97,70,46,24,92,79,58,95,15,6,84,91,81,19,2,69,3,30,57,56,62,49,75,89,99,54,64,40,11,48,13,25,1,42,67,82,12,21,76,98,26,9,17,87,38,16,59,33,41,73,90,22,65,27,29,85,63,39,66,80,53,5,44,94,35,4,96,61,20,72,51,77,0,7,83,88,55,74,68,37,78
34,18,76,93,14,60,10,94,43,8,23,52,37,28,32,45,31,86,47,97,70,46,24,92,79,71,95,69,6,27,87,84,19,2,68,3,30,57,56,62,49,75,89,59,54,64,40,11,48,91,25,1,42,61,82,12,21,36,98,26,9,17,67,99,16,58,33,41,73,90,22,65,38,29,85,63,39,66,50,53,5,44,13,51,4,96,81,20,72,80,77,0,7,83,88,55,74,15,35,78
34,18,76,29,69,60,82,94,43,8,23,52,37,28,32,45,9,86,49,97,70,99,24,92,79,71,95,13,22,27,87,84,19,2,68,3,30,57,56,62,93,75,89,46,54,64,40,11,91,44,25,1,42,61,6,12,21,36,98,26,31,4,67,78,59,58,33,41,73,90,65,47,38,96,85,63,39,66,50,53,5,16,17,51,48,10,81,20,72,80,77,0,7,83,88,55,74,15,35,14
34,33,45,29,69,60,82,89,43,8,14,30,37,28,32,84,9,50,49,97,70,99,24,92,79,23,95,13,22,27,87,52,19,2,68,3,48,57,56,62,93,75,51,46,54,64,71,11,91,44,25,7,42,61,6,12,21,36,98,26,31,4,67,78,59,94,76,41,73,90,65,58,38,96,85,63,39,66,88,1,40,16,17,86,53,18,81,20,72,80,77,0,47,83,10,55,74,15,35,5
34,76,45,15,69,60,82,89,43,8,13,30,28,78,74,84,70,50,49,97,83,99,24,92,79,23,95,14,22,27,9,40,54,2,68,3,48,57,87,62,32,75,51,46,29,64,71,11,91,44,25,7,4,33,6,12,21,36,98,26,31,42,67,56,59,94,93,41,73,90,65,58,38,37,85,63,39,66,88,1,19,16,17,86,53,18,81,20,72,80,77,0,47,61,10,55,96,52,35,5
34,76,45,15,69,60,82,89,43,8,13,30,28,38,74,44,86,50,49,97,68,99,24,92,79,72,95,14,22,27,64,40,54,2,83,3,84,57,87,62,32,75,51,46,29,17,71,11,91,70,25,7,4,1,48,12,96,36,98,26,31,42,67,56,59,94,93,41,85,90,65,58,9,37,33,52,6,66,88,63,39,16,23,21,53,18,81,20,73,80,77,0,47,61,10,55,78,19,35,5
34,76,10,15,61,48,82,68,19,8,13,30,67,38,74,91,7,50,49,97,86,99,60,92,79,72,24,14,22,27,64,40,45,2,83,3,84,57,87,62,32,75,51,46,29,17,71,11,69,54,25,95,4,26,33,12,96,36,98,63,31,42,44,56,59,94,93,41,85,90,65,58,9,37,1,52,6,66,88,70,39,16,23,21,53,18,81,20,73,43,77,0,47,28,89,55,78,80,35,5
34,76,10,45,73,48,60,15,19,8,13,30,61,54,74,36,7,21,49,97,86,99,29,92,79,72,24,14,22,53,64,40,38,52,83,3,84,57,87,62,32,75,51,1,27,17,71,11,69,2,25,95,4,26,33,12,96,59,98,63,31,42,44,91,68,94,93,41,85,90,56,58,9,37,82,46,6,66,67,70,39,16,23,65,50,18,81,20,88,43,77,0,47,28,89,55,78,80,35,5
34,76,10,5,73,70,60,87,19,58,13,30,77,54,69,36,7,21,49,97,74,99,29,92,79,72,24,14,22,53,64,0,38,52,83,3,9,57,98,62,32,75,16,1,27,17,71,11,86,2,25,95,4,26,33,12,96,41,48,63,31,42,44,91,68,94,51,84,85,45,8,15,59,37,82,46,6,66,67,90,39,56,23,65,50,18,81,20,88,43,40,93,47,28,89,55,78,80,35,61
34,76,10,5,73,20,60,87,19,17,13,30,77,11,69,35,7,21,58,97,74,99,49,6,79,72,24,14,22,53,64,54,38,52,83,3,9,57,98,62,32,75,16,1,27,29,71,4,48,2,25,95,0,26,86,12,96,92,47,63,31,42,44,91,68,94,51,84,85,45,70,15,59,37,82,46,65,33,67,90,39,56,23,36,50,18,81,89,66,43,40,41,88,28,93,55,78,80,8,61
41,76,10,5,73,20,72,37,24,17,13,30,77,50,69,35,7,21,58,97,11,99,49,6,79,60,46,14,95,53,32,54,38,52,12,3,9,57,98,62,40,75,33,1,27,29,71,4,48,2,25,64,0,26,86,16,96,92,47,63,31,42,44,91,68,94,51,84,85,45,15,22,59,70,82,87,65,19,83,90,39,56,23,36,89,18,81,34,66,43,74,67,88,28,93,55,78,80,8,61
4,79,10,5,73,20,40,48,24,17,13,30,84,50,69,35,7,21,58,97,11,99,49,43,76,60,46,14,95,53,77,32,42,68,12,3,9,57,36,62,6,75,33,72,27,1,71,38,29,2,25,64,0,26,86,16,96,92,47,63,31,52,44,91,41,94,51,98,85,45,15,22,59,70,82,87,65,19,83,90,39,56,23,37,54,28,81,34,66,18,74,67,88,89,93,55,78,80,8,61
4,79,10,5,73,20,40,48,24,87,13,30,51,50,69,35,7,21,14,97,11,99,28,43,76,60,46,72,95,53,77,32,42,68,12,63,84,3,36,62,6,75,33,57,27,1,25,38,29,2,90,64,0,26,86,9,96,47,67,71,31,52,44,91,41,94,58,98,85,45,15,22,8,70,82,49,65,19,83,16,55,56,23,37,54,39,59,34,66,18,74,81,88,89,93,92,78,80,17,61
4,8,10,5,73,29,40,34,24,59,13,30,51,50,72,35,7,21,14,97,11,99,28,43,76,60,46,65,69,63,64,32,42,68,12,25,84,77,36,62,6,75,33,57,27,1,48,38,47,53,90,87,0,26,86,9,96,20,67,71,31,95,44,91,41,94,58,79,85,45,15,2,83,70,82,49,98,19,66,16,55,56,23,37,54,39,52,3,22,18,74,81,88,89,93,92,78,80,17,61
4,8,10,5,2,29,40,34,24,55,75,30,51,50,33,69,7,21,14,93,11,99,28,43,63,74,42,65,97,67,64,32,73,68,12,25,84,77,13,62,6,59,36,57,27,1,72,38,47,53,90,87,23,26,86,9,96,20,0,71,31,95,44,91,41,94,58,79,85,45,15,46,83,70,82,49,98,19,66,16,48,56,76,37,54,39,52,3,22,35,18,81,88,89,78,92,60,80,17,61
4,8,10,5,73,29,40,34,24,55,75,30,77,0,14,69,37,21,9,94,11,99,28,43,63,74,46,65,26,67,64,32,19,68,91,25,84,23,13,62,93,59,36,57,27,1,72,38,47,53,90,87,22,12,86,7,96,20,54,71,31,95,44,33,41,83,58,79,85,45,15,6,50,70,82,49,98,51,66,16,48,56,76,2,42,39,52,3,97,35,18,81,88,89,78,92,60,80,17,61
9,8,64,5,4,29,40,53,24,88,75,47,77,0,14,69,37,21,73,94,11,91,18,43,63,74,46,65,26,67,35,32,99,68,54,25,84,70,13,62,93,27,36,57,39,30,72,38,34,28,90,87,22,12,86,7,96,20,23,71,31,95,59,33,41,83,58,79,85,45,15,6,50,1,82,49,98,51,66,16,48,56,76,2,42,19,52,3,97,44,55,81,10,89,78,92,60,80,17,61
9,8,64,19,4,29,40,74,24,88,75,47,77,0,38,69,37,21,73,94,11,91,18,43,63,70,46,65,26,67,79,32,99,68,54,25,84,55,13,16,51,27,36,57,14,30,72,28,34,39,90,87,22,12,86,7,97,20,17,96,61,95,59,33,41,83,58,93,85,45,62,6,53,1,82,49,98,35,66,23,48,56,76,2,42,15,52,3,71,44,31,81,10,89,78,92,60,80,5,50
87,8,64,19,4,51,40,74,24,88,75,47,23,0,5,69,37,21,73,12,11,91,29,43,95,70,46,65,26,67,79,32,99,68,54,7,84,50,13,16,25,27,18,57,14,38,94,28,34,39,90,36,63,9,86,30,97,20,17,96,61,59,33,81,41,83,58,93,85,45,62,6,53,1,82,49,98,35,66,55,48,56,76,2,42,72,52,3,71,44,31,15,10,89,78,92,60,80,77,22
54,8,64,19,4,51,40,74,24,89,75,47,23,0,5,49,50,21,73,12,11,91,29,43,20,70,46,57,95,67,79,32,99,68,84,7,41,69,88,27,25,37,18,87,14,38,53,62,34,39,90,36,63,9,86,30,97,10,94,96,61,59,33,81,28,83,58,93,85,45,92,6,13,1,82,26,98,35,66,55,48,56,76,2,42,72,52,3,71,44,31,15,17,65,78,16,60,80,77,22
54,8,64,62,4,51,40,53,24,89,75,47,23,0,60,49,50,21,73,12,11,91,93,43,20,70,46,57,95,44,79,32,99,29,84,98,41,69,88,31,77,37,5,18,14,38,19,25,34,39,90,36,63,27,86,7,97,10,94,96,61,59,33,81,28,30,58,68,9,13,92,6,87,1,82,26,67,35,66,55,48,56,76,2,42,72,52,3,71,85,45,15,17,65,78,16,83,80,74,22
54,8,15,89,95,71,40,52,24,53,75,47,23,0,51,49,50,64,73,12,11,99,93,43,20,70,46,57,88,44,79,32,4,29,84,98,41,63,62,31,77,37,5,18,14,26,19,25,34,39,90,36,56,27,86,7,97,10,94,96,61,28,33,81,69,30,58,68,9,91,92,6,87,1,82,60,67,35,66,55,48,38,76,2,42,72,21,59,85,3,45,13,17,65,78,16,83,80,74,22
54,8,15,14,76,71,35,52,24,53,75,47,23,0,51,49,65,64,73,12,11,99,29,43,20,36,70,21,88,44,79,32,4,69,84,98,41,90,62,31,40,37,93,18,39,26,19,25,34,81,5,89,56,55,86,7,97,10,94,96,61,28,33,48,27,30,58,68,9,91,92,6,87,1,82,60,67,63,66,50,77,38,46,2,42,72,57,59,85,3,45,13,17,95,78,16,83,80,74,22
54,8,15,14,76,71,35,52,24,40,75,70,62,0,51,88,65,17,73,12,11,23,29,43,66,36,56,21,25,44,79,32,4,69,84,9,41,90,5,31,87,37,93,18,39,49,19,82,34,53,81,89,47,55,86,7,97,99,94,96,61,28,33,48,27,30,58,68,20,91,92,6,10,1,50,60,67,64,98,26,77,38,46,2,42,72,57,59,85,3,45,13,63,95,78,16,83,80,74,22
42,8,15,14,76,71,35,52,91,40,75,70,32,0,51,88,65,17,73,12,11,23,29,43,66,36,56,21,25,44,79,49,4,90,84,9,31,62,95,5,13,37,93,18,39,97,19,24,34,53,81,89,47,69,86,7,55,99,94,87,61,28,82,48,78,30,58,68,20,60,92,6,10,1,50,45,67,64,98,26,77,38,46,2,96,72,57,59,85,3,54,41,63,33,22,16,83,80,74,27
42,68,96,14,76,71,35,52,91,40,75,15,13,0,51,88,65,17,27,12,29,23,92,43,66,36,56,21,25,44,79,93,4,90,84,9,31,62,95,5,37,78,20,18,39,97,19,24,72,53,81,89,47,69,86,7,55,99,94,87,61,28,73,1,48,30,58,67,34,60,82,6,10,32,50,45,8,64,98,26,77,38,46,2,83,11,57,59,70,3,54,41,63,33,22,16,85,80,74,49
42,80,96,99,76,71,35,52,91,40,75,15,13,45,94,88,65,17,33,12,29,23,92,43,21,74,81,36,25,44,79,93,4,90,84,9,62,72,95,5,37,78,20,18,26,97,19,24,27,53,68,89,47,69,86,7,55,39,16,87,66,28,73,31,48,30,58,67,34,60,82,6,10,32,50,63,8,64,98,56,77,38,46,2,83,11,57,59,70,3,54,41,1,61,22,14,85,51,0,49
42,22,96,99,76,18,35,52,41,40,75,15,13,45,94,88,80,72,33,97,29,23,92,43,21,74,81,36,25,44,66,93,4,89,84,9,62,17,95,5,37,78,64,49,26,10,19,24,27,53,68,85,79,50,86,7,55,39,69,87,90,28,73,31,48,30,58,67,34,60,82,6,47,32,16,63,8,12,98,56,91,38,46,2,83,11,57,59,70,3,54,71,1,61,65,14,77,51,0,20
27,22,40,99,64,97,35,52,41,74,75,15,96,45,94,88,80,72,33,86,13,23,92,84,21,63,81,42,25,44,66,93,4,89,76,9,62,17,95,83,37,78,56,49,26,10,19,24,73,53,68,85,79,50,43,7,55,39,69,87,91,28,54,31,90,30,58,67,34,60,82,6,47,32,5,29,8,12,98,16,48,38,46,2,18,11,57,59,70,3,36,71,1,61,65,14,77,51,0,20
24,15,40,99,64,97,35,52,41,29,75,49,96,45,94,88,80,72,33,86,46,82,98,39,69,63,81,42,23,44,66,93,4,89,76,9,62,17,95,83,37,78,56,74,26,10,84,0,73,16,68,85,79,92,43,13,55,3,21,87,91,28,54,31,90,30,58,67,34,60,22,6,47,32,5,27,8,12,7,53,48,38,19,2,18,11,57,59,70,25,36,71,1,61,65,14,77,51,50,20
24,92,40,99,17,97,35,52,41,29,75,49,96,45,61,88,80,72,33,3,46,82,98,51,48,64,81,42,23,44,66,93,4,22,76,9,62,94,95,83,37,78,56,74,26,10,25,0,73,16,68,85,79,84,43,13,55,53,21,87,91,28,54,20,90,30,58,67,34,60,18,6,47,32,11,27,8,12,7,31,5,38,19,2,39,89,63,59,70,15,36,71,1,86,65,14,77,50,69,57
24,92,40,99,87,97,35,52,41,29,63,49,96,95,61,17,54,50,33,3,46,45,75,51,48,26,81,42,23,44,66,93,4,22,76,9,62,58,80,83,37,78,56,68,8,10,25,0,31,16,73,85,79,84,43,13,55,53,21,74,91,28,88,20,90,30,94,67,34,60,18,6,47,32,11,27,72,12,7,5,71,38,19,2,39,89,64,59,70,15,36,1,98,86,65,14,77,82,69,57
24,92,95,50,38,97,35,52,41,30,10,49,96,79,61,17,54,86,33,3,99,45,75,51,12,26,81,42,23,44,94,64,40,22,76,9,62,58,80,83,37,78,56,68,8,21,25,0,31,16,73,85,39,84,43,13,69,53,93,74,87,28,88,20,90,55,46,67,34,60,18,6,47,32,11,27,72,66,7,5,71,29,19,2,63,89,48,59,70,15,36,1,98,4,65,14,77,82,91,57
24,92,57,50,38,15,81,80,41,30,10,49,35,79,61,17,54,86,33,3,99,37,75,51,2,93,20,42,23,52,94,64,40,22,76,9,62,58,46,83,12,78,56,68,8,87,25,0,31,16,73,85,39,84,43,13,69,53,18,74,21,28,88,36,90,55,26,59,34,60,95,96,47,32,11,27,72,66,7,5,71,29,19,45,63,89,48,6,70,67,44,1,98,4,65,14,77,82,91,97
6,65,57,50,10,15,81,24,41,30,54,45,35,79,61,17,60,86,33,3,55,37,80,51,2,93,59,42,23,52,94,64,40,9,76,36,99,58,46,83,12,78,56,68,8,87,25,26,31,16,73,85,49,39,43,13,69,53,18,74,21,28,88,62,90,84,77,0,34,92,95,96,47,32,11,27,72,66,7,5,71,29,19,20,63,89,48,22,70,67,44,1,98,4,75,14,38,82,91,97
6,65,57,20,49,15,81,24,41,9,19,45,40,79,61,17,60,86,33,94,55,37,80,51,2,93,59,42,23,52,92,64,50,10,76,36,30,58,46,83,12,54,56,70,8,87,16,35,31,26,73,85,98,39,43,13,69,53,18,74,21,28,88,62,90,84,77,0,34,32,95,96,47,89,11,27,38,66,7,5,71,29,99,25,63,68,48,22,3,67,44,1,78,4,75,14,72,82,91,97
86,51,57,20,49,15,35,65,41,9,19,45,40,79,61,17,60,43,33,94,55,37,67,3,2,93,50,42,23,52,92,64,58,10,76,36,30,47,46,83,12,54,89,70,8,87,16,97,31,26,73,6,98,39,32,13,69,53,18,74,21,28,88,62,90,84,56,0,34,24,95,25,77,96,11,27,80,66,7,5,71,29,85,38,63,68,48,22,59,99,44,1,78,4,75,14,72,82,91,81
87,51,76,53,49,15,35,65,41,23,19,45,40,79,61,17,6,43,33,94,55,37,67,3,2,93,50,38,18,13,92,64,58,98,88,36,34,47,46,83,12,54,60,70,8,69,16,97,31,26,73,20,89,39,32,10,42,77,9,74,21,28,99,62,90,84,56,0,57,24,95,25,52,96,11,27,86,66,7,5,71,29,85,30,63,68,48,22,59,80,44,1,78,4,75,14,72,82,91,81
87,51,76,53,49,15,18,65,41,55,19,45,40,43,61,17,32,38,33,29,5,68,67,1,2,93,50,34,28,13,92,79,58,3,88,36,6,47,46,83,30,54,23,70,8,69,16,97,31,26,73,20,89,39,0,10,42,77,9,74,21,25,99,62,90,84,56,35,57,24,95,12,52,96,11,27,86,66,7,37,71,60,85,64,63,94,48,22,59,80,44,98,78,4,75,14,72,82,91,81
68,51,76,53,64,16,18,65,49,55,95,45,40,43,61,17,32,38,33,29,59,19,39,1,2,93,50,34,28,13,92,79,58,3,88,36,6,47,46,83,67,84,23,70,8,69,89,97,31,26,73,20,54,85,0,10,42,77,9,74,21,25,99,62,90,15,56,35,98,24,87,12,52,96,81,27,86,66,7,57,71,60,63,30,37,94,48,22,41,80,44,75,78,4,11,14,72,82,91,5
68,85,76,53,64,16,18,65,49,55,95,45,40,43,61,20,32,38,33,29,17,19,39,1,2,67,50,34,28,77,60,79,58,3,88,36,6,47,46,83,26,84,23,70,8,69,89,97,31,4,73,24,54,92,0,10,42,59,9,74,78,25,90,62,30,15,56,35,98,7,87,12,52,96,81,27,86,66,51,57,71,82,13,63,37,94,48,22,41,80,44,93,75,91,11,14,99,21,72,5
68,18,76,53,64,16,46,65,49,55,59,45,11,43,61,20,32,23,33,29,40,86,39,1,2,67,50,34,28,77,60,79,17,3,51,36,6,47,96,83,26,84,89,70,8,69,62,97,31,4,73,58,19,92,0,10,42,54,9,74,81,25,5,24,30,15,56,35,98,7,87,12,52,95,38,27,88,66,78,57,71,82,13,63,37,94,48,22,41,80,85,93,75,91,90,14,99,21,72,44
99,18,76,53,64,16,46,65,49,55,1,45,11,43,42,20,32,51,33,60,40,86,39,94,2,0,50,34,28,29,96,79,17,3,77,36,24,47,4,83,26,84,58,70,61,69,62,97,31,6,73,89,19,92,59,10,8,54,9,74,81,78,5,63,30,15,56,35,98,7,87,12,52,95,38,27,88,66,68,57,71,82,13,25,37,23,48,22,41,80,85,93,75,91,90,14,21,67,72,44
99,18,76,53,64,97,46,65,49,86,33,45,11,43,42,20,32,98,82,60,40,77,39,94,2,0,29,81,28,88,27,79,17,44,34,36,24,47,4,83,26,84,58,70,61,69,62,51,31,6,73,89,19,92,59,10,8,54,9,74,66,78,5,63,30,15,56,35,22,50,87,12,52,55,38,16,72,96,68,57,71,80,13,25,37,23,48,95,41,7,85,93,75,91,90,14,21,67,1,3
52,18,76,53,67,97,46,63,49,86,33,91,31,43,42,20,32,98,82,60,40,77,39,28,2,0,29,81,3,88,27,79,17,44,34,62,56,47,4,83,26,38,58,70,61,69,16,51,78,6,94,89,19,92,59,12,8,54,9,74,66,11,5,64,30,15,73,35,22,50,87,65,90,55,10,84,72,96,68,57,71,80,13,25,37,23,48,95,41,7,85,93,75,36,45,14,21,24,1,99
74,18,91,53,66,48,46,63,49,86,33,82,31,43,42,20,32,84,69,60,40,77,39,28,26,0,29,81,3,51,27,79,17,44,34,62,56,47,4,83,98,6,58,70,61,22,16,76,78,38,94,89,19,67,59,12,8,54,9,93,2,11,5,64,30,15,73,35,97,50,87,65,90,55,23,1,72,96,68,57,71,80,13,25,37,92,10,95,41,7,85,75,52,36,45,14,21,24,88,99
74,18,91,53,83,48,46,63,49,86,33,82,31,43,42,20,78,30,69,99,40,77,39,28,26,0,29,81,3,54,27,79,17,44,34,80,56,38,4,37,98,6,58,70,61,22,51,76,24,23,67,89,19,50,59,12,8,66,9,93,2,11,5,64,32,15,73,35,97,16,62,65,90,55,13,1,72,96,60,57,71,94,84,25,68,92,10,95,41,7,47,75,52,36,45,14,21,85,88,87
74,18,91,53,83,48,46,63,49,86,33,82,31,43,41,30,78,20,59,99,40,21,87,28,77,0,37,5,3,54,27,52,17,44,34,80,56,38,4,79,98,6,58,70,61,22,51,76,24,23,75,89,39,50,32,12,8,66,9,93,2,11,19,64,67,29,73,35,97,16,15,71,90,55,13,1,72,96,60,57,81,94,84,25,68,92,10,95,42,7,47,62,26,36,45,14,65,85,88,69
98,18,91,53,83,48,46,14,49,86,35,82,31,43,47,30,78,20,59,16,40,21,87,74,77,0,37,5,72,54,27,13,17,44,3,80,56,38,4,79,67,6,58,70,61,22,26,63,24,23,75,89,34,50,32,12,8,66,9,93,2,11,19,39,33,51,73,28,97,52,15,71,90,55,99,1,29,96,60,57,81,94,84,25,68,92,10,95,42,41,7,62,76,36,45,85,65,64,88,69
98,18,79,53,83,48,46,14,49,13,2,82,31,43,47,30,78,42,59,61,40,21,87,56,77,0,54,5,72,33,27,37,32,44,3,80,86,38,4,69,67,6,58,70,15,22,17,63,26,91,75,89,35,50,24,12,8,66,9,93,76,11,19,39,20,51,73,28,97,52,23,71,34,55,99,1,29,96,60,57,81,94,84,25,68,92,10,95,90,41,7,62,74,36,45,85,65,64,88,16
98,18,17,53,83,48,77,14,49,31,2,82,35,43,58,30,39,42,59,61,40,21,87,56,63,0,54,5,72,33,27,64,32,44,3,80,86,38,4,69,37,6,85,70,15,22,76,78,26,91,75,89,79,50,94,12,8,66,9,93,20,11,19,67,99,51,73,25,97,52,23,71,13,55,47,1,29,96,60,57,28,46,84,24,68,92,10,95,90,41,7,62,74,36,45,81,65,34,88,16
98,18,99,53,83,48,77,14,49,31,2,34,35,43,82,30,39,42,59,61,40,76,87,56,63,0,54,5,72,33,27,95,32,44,3,41,86,38,4,69,96,6,80,70,15,22,85,78,26,91,75,89,79,50,28,12,8,66,9,93,20,11,21,67,84,17,73,25,97,52,23,71,13,51,47,1,29,37,60,57,55,58,64,24,68,92,10,16,90,7,94,62,46,36,45,19,65,74,88,81
98,18,99,53,83,48,77,14,49,31,2,34,12,43,82,30,39,42,55,61,15,76,33,67,40,0,54,5,72,3,27,52,32,44,65,41,86,38,4,69,96,6,80,70,87,75,85,78,26,91,29,89,79,50,28,51,8,66,9,56,20,11,21,59,84,17,94,25,97,19,23,71,13,73,47,22,35,37,60,57,1,58,64,24,68,92,10,16,90,7,95,62,46,36,45,63,81,74,88,93
98,18,99,53,83,96,77,69,49,17,2,34,12,48,82,58,39,42,55,61,15,76,33,67,40,0,54,41,72,46,79,52,32,44,65,78,86,38,4,37,43,6,80,13,87,75,3,85,26,70,29,89,24,50,62,51,8,66,9,56,20,11,21,59,84,27,94,25,97,19,23,71,28,73,47,22,35,14,31,57,1,91,64,5,68,92,10,16,90,7,95,30,60,36,45,63,81,74,88,93
98,95,99,53,83,96,91,69,49,17,2,34,12,71,82,58,48,42,55,61,15,76,33,67,40,0,54,41,72,20,79,52,32,39,65,78,24,38,4,37,43,6,70,44,87,75,3,85,26,89,45,18,46,50,62,51,8,56,9,7,94,11,21,59,84,27,29,25,97,19,23,77,28,73,47,22,35,14,31,57,1,90,64,5,68,92,10,66,13,16,63,30,60,36,80,86,81,74,88,93
98,95,99,53,83,96,91,69,49,17,2,34,12,71,82,58,48,42,55,61,15,76,73,67,52,0,54,41,97,20,79,18,6,39,56,78,24,38,33,37,43,77,70,44,50,75,9,85,8,23,45,36,46,19,62,51,72,10,32,7,94,11,21,59,84,27,29,25,26,35,3,87,28,40,47,22,89,14,31,57,1,90,64,5,68,92,65,66,13,16,63,30,60,4,80,86,81,74,88,93
98,95,99,53,83,96,91,69,49,17,2,34,12,7,33,58,48,42,64,37,55,76,73,67,52,0,54,45,5,20,74,18,6,39,56,78,24,38,43,90,46,77,70,44,50,75,9,85,8,23,71,97,80,19,62,51,72,10,32,41,94,11,21,59,84,27,29,81,61,35,3,87,28,40,47,22,89,14,30,57,1,36,26,82,68,92,65,66,13,16,63,79,60,4,31,86,25,15,88,93
98,95,99,77,83,78,91,69,49,17,2,53,12,7,23,58,48,42,64,37,55,62,73,67,52,0,47,34,5,20,74,72,27,39,56,33,24,38,43,90,46,96,70,44,50,75,9,6,8,15,18,97,80,19,31,51,14,10,71,41,94,11,21,59,84,54,29,81,61,35,3,87,45,28,40,22,89,32,30,57,1,36,26,82,68,92,65,66,13,16,63,79,60,4,76,86,85,25,88,93
98,95,99,77,83,78,4,16,49,17,2,53,12,7,23,58,48,42,71,37,30,22,73,67,52,0,47,34,5,20,93,72,62,39,56,33,24,38,43,90,46,96,70,44,50,75,69,6,8,15,18,97,80,27,31,51,64,88,94,41,1,11,21,86,14,54,29,81,55,35,3,87,45,28,40,74,89,32,91,57,76,36,26,82,68,92,65,66,13,84,63,79,60,19,61,9,85,25,59,10
98,70,86,77,83,5,4,16,49,17,2,53,87,7,23,58,72,81,41,37,30,22,73,67,52,0,47,34,40,20,93,6,42,39,95,33,24,38,43,90,99,96,46,44,50,75,69,56,8,15,18,97,29,27,31,71,64,88,94,65,1,51,21,80,14,54,11,78,55,35,3,74,45,28,12,62,89,32,91,57,76,36,26,82,68,92,48,66,13,84,63,79,60,19,61,9,85,25,59,10
98,70,86,77,83,5,4,16,73,17,30,53,88,7,23,58,72,81,12,37,60,22,55,67,52,0,47,34,19,20,93,6,42,43,2,33,87,38,48,90,99,96,46,44,50,75,69,56,8,15,18,97,61,27,31,71,64,35,41,65,1,51,49,80,92,54,11,78,24,21,3,74,45,29,39,62,89,32,91,57,76,36,26,82,68,40,95,66,13,84,63,79,94,28,14,9,85,25,59,10
98,70,86,77,83,5,4,16,78,80,30,53,88,76,23,58,72,81,12,52,60,85,7,67,89,0,26,34,37,8,93,6,42,43,2,33,19,38,91,90,99,96,46,44,50,75,69,56,47,15,18,97,61,27,31,71,64,35,41,65,1,51,49,32,92,54,11,10,24,21,3,74,45,20,39,17,55,22,13,57,29,36,73,82,68,40,95,66,62,84,63,79,94,28,14,9,87,25,59,48
98,70,86,88,42,5,4,16,25,80,30,53,0,43,23,77,72,81,12,15,60,85,7,67,89,54,26,34,37,8,93,6,83,14,58,33,19,38,90,46,99,96,31,44,50,75,69,56,47,52,18,97,61,76,41,71,64,35,22,65,1,51,49,32,92,2,11,10,24,21,3,74,45,20,39,94,55,78,13,57,29,36,73,82,68,40,95,66,62,27,63,79,84,28,17,9,87,91,59,48
98,70,86,42,75,24,4,16,25,59,30,53,0,43,80,36,62,91,12,15,60,85,76,67,89,54,26,34,79,8,93,6,83,97,58,33,19,38,90,14,81,96,31,44,50,71,69,56,47,52,18,88,61,5,41,77,64,35,22,65,1,51,49,7,92,2,11,10,23,21,3,74,45,20,39,94,55,78,13,57,37,99,73,82,68,40,95,66,29,27,63,32,84,28,17,9,87,72,46,48
98,70,86,42,75,92,4,16,25,59,30,29,48,43,80,36,62,91,12,15,60,85,76,67,89,54,32,34,61,8,93,6,83,97,58,33,19,84,90,14,24,38,31,44,50,71,69,56,3,52,18,88,21,5,41,77,64,35,22,51,1,27,49,7,66,2,9,10,23,96,11,74,45,20,39,94,55,78,13,57,37,99,73,82,68,40,95,26,79,81,63,65,47,0,17,46,87,72,53,28
70,67,86,42,59,92,4,16,88,63,30,75,53,43,5,36,62,91,12,15,60,85,77,89,87,54,32,34,61,98,17,6,83,97,58,33,19,84,2,14,24,38,31,44,50,71,69,56,3,52,18,25,21,68,41,73,64,35,22,51,1,27,49,7,66,80,9,10,23,96,11,76,45,20,39,94,55,78,13,57,37,99,48,82,93,40,95,26,79,81,29,65,47,0,74,46,8,72,90,28
70,67,86,42,59,92,4,16,88,25,30,99,53,43,5,36,62,91,94,15,60,85,77,89,87,54,20,34,61,98,32,26,83,97,58,33,18,84,2,63,24,38,0,75,50,35,69,56,6,52,14,12,21,39,41,68,64,95,22,51,1,27,49,7,66,80,9,10,23,96,11,76,45,71,73,31,55,78,13,57,37,79,48,82,93,40,19,44,17,81,29,65,47,3,74,46,8,72,90,28
70,63,86,42,59,92,4,16,88,25,30,99,53,43,5,36,62,9,94,15,60,75,77,89,87,55,20,34,61,98,32,26,83,54,58,33,18,84,2,14,24,38,67,3,35,45,69,85,6,52,39,0,21,78,41,68,64,95,22,51,1,97,49,7,66,17,56,10,23,96,11,80,76,71,91,31,27,12,13,57,37,79,48,82,93,40,50,44,19,81,29,65,47,73,74,46,8,72,90,28
70,63,86,42,59,92,4,87,82,25,30,99,53,43,5,36,62,9,94,15,60,75,77,89,46,55,20,38,61,98,32,76,83,54,58,33,6,84,2,14,24,27,67,3,35,45,69,85,34,52,39,0,74,78,88,68,64,91,22,51,1,97,49,7,66,17,56,10,23,28,11,80,16,93,21,31,41,95,13,57,37,79,18,48,71,40,50,44,19,81,12,29,47,73,96,26,8,72,90,65
70,63,86,42,9,33,4,87,82,25,30,99,91,43,5,36,62,64,94,15,60,75,77,89,46,55,20,38,61,98,32,76,83,44,92,16,6,84,2,14,24,27,67,3,11,23,69,39,85,52,37,0,74,78,88,68,13,59,22,51,1,97,49,7,66,17,56,10,54,28,45,57,47,53,21,31,41,95,34,96,58,79,18,48,71,40,50,93,19,81,12,29,80,73,35,26,8,72,90,65
70,63,86,54,9,33,4,45,82,25,12,99,91,90,5,36,62,64,94,15,60,78,88,89,46,55,30,38,61,98,32,76,83,44,92,16,6,80,2,14,24,20,67,37,11,23,69,42,85,52,3,95,74,49,27,68,13,59,22,51,1,97,50,7,66,17,56,10,0,28,53,57,47,79,21,31,41,39,34,96,58,77,18,48,71,40,84,93,19,81,87,29,75,73,35,26,8,72,43,65
87,63,86,54,69,33,77,81,82,25,12,99,91,90,5,36,62,64,94,15,60,78,88,89,46,55,4,9,61,20,32,76,83,16,92,52,6,80,2,14,8,18,67,70,11,23,38,42,85,21,3,95,74,49,24,68,13,45,22,51,66,97,50,7,59,17,56,10,0,28,53,57,47,79,30,31,41,39,34,96,58,26,98,48,71,40,84,93,19,44,37,29,75,73,35,27,1,72,43,65
87,63,86,54,69,33,77,81,82,25,20,62,99,90,5,10,68,64,94,15,83,78,88,89,46,55,4,9,61,97,32,76,36,16,92,52,6,23,2,14,8,18,67,45,11,84,38,42,85,21,3,95,80,44,24,30,13,70,22,51,66,59,50,7,0,17,56,98,39,28,53,57,47,79,60,31,41,74,49,96,58,26,12,48,71,40,91,93,19,34,37,29,75,73,35,27,1,72,43,65
77,63,62,54,69,33,81,4,82,25,11,20,99,90,92,10,68,64,94,1,83,78,88,89,46,55,50,59,61,97,32,35,36,16,17,52,6,23,2,14,8,18,67,45,5,84,38,42,85,29,3,95,80,44,24,30,87,70,22,51,66,74,9,7,0,13,56,98,15,28,53,57,47,79,60,76,41,73,49,96,58,26,12,48,71,40,91,93,19,34,37,86,75,39,31,27,21,72,43,65
77,32,62,54,80,33,81,66,82,79,11,20,99,90,60,63,71,64,94,1,98,50,88,89,46,55,84,59,61,97,43,35,36,16,2,52,6,23,15,14,8,17,67,45,5,4,38,42,85,29,3,95,76,44,24,30,87,70,22,51,57,74,9,7,0,13,56,10,83,28,53,69,47,25,92,68,41,73,49,96,58,26,12,48,78,40,91,93,19,34,37,86,75,39,31,27,21,72,18,65
77,32,51,54,80,33,81,66,82,79,42,20,99,90,13,63,71,64,26,1,98,50,88,89,27,55,84,3,61,97,43,35,36,16,2,52,6,23,39,14,8,48,67,45,5,11,17,46,85,29,60,62,76,44,24,30,87,70,22,4,15,74,9,7,0,49,40,10,83,28,53,38,47,95,92,68,41,73,56,96,58,25,12,69,78,57,91,93,19,34,37,86,75,94,31,59,21,72,18,65
77,32,51,54,80,69,81,66,82,79,42,37,99,90,13,63,71,17,26,1,52,50,88,89,87,55,84,3,61,97,43,35,36,64,2,6,21,23,39,16,8,48,67,45,19,11,95,46,85,29,60,27,76,62,24,74,30,70,22,4,15,41,14,7,0,49,40,10,83,28,53,5,20,98,92,68,44,73,56,96,58,25,12,38,78,57,91,93,47,34,9,86,75,94,31,59,33,72,18,65
77,11,51,54,80,69,81,66,82,79,42,37,99,61,62,63,71,17,26,1,52,50,88,89,87,34,93,3,91,97,43,13,36,64,2,6,21,23,19,16,8,48,67,55,0,44,95,46,85,75,60,49,76,56,24,74,30,70,22,4,15,41,14,7,35,92,40,10,83,28,53,5,20,98,32,68,90,73,27,96,58,25,12,38,78,57,29,84,47,86,9,45,18,94,31,59,33,72,39,65
77,8,13,54,80,69,81,73,82,79,42,97,9,61,86,30,25,17,26,1,52,50,88,89,87,34,93,3,91,21,43,59,36,64,2,6,60,23,11,16,51,48,67,55,0,44,71,46,85,75,62,49,19,56,24,74,99,70,22,4,15,41,14,7,35,84,40,10,83,28,53,5,20,98,32,68,92,37,27,96,58,66,12,38,78,57,29,95,47,76,90,45,18,94,31,63,33,72,39,65
77,86,13,54,8,46,72,73,14,79,42,97,9,61,35,30,25,17,26,1,52,90,88,99,87,34,31,3,91,21,43,69,36,64,2,39,60,23,11,16,51,48,67,55,0,44,89,66,85,75,62,49,19,56,24,74,41,70,22,80,15,81,93,7,71,84,40,10,83,28,53,5,20,50,32,68,92,37,27,96,58,65,12,38,78,57,29,95,47,76,98,45,18,94,4,63,33,59,6,82
21,86,13,54,8,31,72,9,41,89,25,97,42,61,35,30,77,17,26,1,52,63,88,99,90,34,55,53,91,14,43,69,36,64,2,39,60,23,11,16,51,48,67,44,0,66,71,73,85,75,62,49,19,56,24,74,59,70,22,80,15,81,93,7,79,84,40,10,83,28,87,5,20,50,32,68,92,37,27,96,58,65,12,38,78,57,29,6,47,76,98,45,46,94,4,18,33,3,95,82
21,73,13,54,8,31,72,9,41,89,25,97,42,61,94,30,77,17,26,1,52,95,88,99,90,34,55,53,66,14,63,69,36,64,2,39,60,23,96,16,82,48,67,80,0,35,71,51,85,75,62,49,19,56,91,74,58,70,22,84,44,15,93,7,79,81,40,10,83,28,87,5,20,50,32,86,11,37,27,57,3,65,12,38,78,24,29,6,47,76,98,45,46,43,4,18,33,59,68,92
21,73,9,54,8,31,72,17,43,13,25,97,42,83,94,49,77,89,26,1,52,90,88,99,74,34,40,53,66,14,63,39,36,20,2,93,60,23,96,16,82,48,67,80,0,35,71,51,85,75,62,95,19,56,91,11,58,70,22,84,69,15,61,7,79,81,45,44,55,28,87,5,68,50,32,86,64,37,27,57,3,65,12,38,78,24,29,6,47,76,98,30,46,10,4,18,33,59,41,92
21,73,9,54,8,31,72,39,43,13,25,97,42,83,94,99,77,89,41,1,52,90,80,49,74,62,66,53,40,14,81,2,36,20,34,93,60,23,96,16,82,48,67,63,0,35,71,51,85,75,61,95,19,56,91,11,58,64,22,84,69,15,87,7,79,28,45,44,55,4,65,5,68,50,88,86,46,37,27,57,3,17,12,38,78,24,29,6,26,76,98,30,70,10,32,18,33,59,47,92
21,73,89,54,8,52,72,39,43,13,56,97,44,90,94,99,77,5,41,1,96,83,80,49,74,62,66,91,42,14,70,88,53,81,9,93,60,23,31,16,82,48,67,63,0,35,71,51,85,75,61,95,34,36,20,11,58,64,22,84,69,15,87,7,79,28,45,37,55,4,65,40,68,50,25,86,46,19,27,57,3,17,12,38,78,24,29,6,26,76,98,2,30,10,32,18,33,59,47,92
21,73,50,54,8,86,72,39,43,13,56,97,44,90,58,99,77,5,41,3,96,83,47,74,91,62,66,23,42,14,80,88,53,81,9,93,60,57,31,16,82,48,98,6,0,7,71,51,85,67,61,95,34,36,20,11,52,64,49,84,69,15,87,70,79,28,45,37,55,4,65,89,68,40,25,22,46,19,27,1,35,17,12,38,78,24,29,63,26,76,75,2,30,10,32,18,33,59,94,92
21,73,50,54,8,86,72,39,43,42,38,97,28,90,58,99,77,5,41,3,57,83,0,88,91,62,66,23,48,14,56,65,53,81,9,4,60,71,31,16,82,30,98,6,18,44,80,51,85,67,61,95,34,36,20,11,52,64,49,84,69,15,87,70,79,13,45,37,47,93,55,89,68,12,25,22,46,19,7,1,35,17,74,96,78,24,29,63,26,76,75,2,27,10,32,40,33,59,94,92
88,73,50,54,8,31,72,39,43,42,38,97,75,92,95,99,77,5,41,3,57,83,0,37,1,62,66,69,48,14,56,65,53,81,9,4,60,71,59,16,82,30,98,6,18,86,80,51,85,67,61,90,34,36,20,11,52,64,49,84,70,15,87,55,79,13,19,21,47,93,45,89,68,28,25,22,46,12,27,24,35,17,74,96,78,91,29,63,26,76,7,2,44,10,32,40,33,58,94,23
88,15,14,54,8,31,72,86,78,42,87,97,75,92,95,99,77,5,41,3,57,83,0,37,1,62,66,69,48,68,56,65,53,81,9,4,60,71,59,16,82,30,38,6,46,44,80,51,33,67,18,90,32,36,20,11,52,64,49,84,73,29,12,55,79,13,19,21,47,93,45,70,61,28,25,22,91,43,27,24,35,17,74,96,85,89,50,63,26,76,7,2,39,10,34,40,98,58,94,23
88,15,14,54,26,31,72,20,17,42,87,4,8,92,95,45,77,5,41,18,86,83,0,37,1,62,89,69,48,97,56,65,57,81,9,13,60,71,99,16,82,30,38,6,46,44,80,51,33,67,23,90,32,36,11,78,52,64,49,84,73,29,12,55,79,3,19,21,47,93,94,70,61,28,25,22,91,43,27,24,35,40,74,96,85,98,50,63,75,76,7,2,39,10,34,59,68,58,53,66
88,15,14,54,26,31,72,92,17,42,87,93,23,79,95,45,77,57,51,18,86,83,0,37,1,62,89,69,48,97,56,46,91,73,9,61,60,71,99,16,41,30,38,6,19,44,80,33,65,67,74,90,32,36,11,78,52,64,49,84,55,29,12,5,4,3,96,21,47,81,94,70,13,28,82,22,20,43,27,24,35,40,8,25,85,98,50,63,75,76,7,2,39,10,34,59,68,58,53,66
31,15,14,54,26,5,72,92,17,6,87,93,23,82,95,52,77,57,51,18,86,83,0,37,43,62,89,69,48,97,56,46,30,45,9,61,60,71,99,16,41,47,38,65,19,44,80,33,39,81,74,90,32,36,11,78,73,64,49,84,55,29,12,42,4,3,96,21,70,28,94,1,13,91,67,22,20,98,27,24,35,40,8,25,85,66,50,63,75,59,7,2,88,10,34,79,68,58,53,76
31,15,14,54,26,2,72,92,17,6,87,93,23,82,30,52,77,28,51,79,86,83,0,37,43,62,89,69,48,97,56,46,64,45,91,61,60,9,99,78,71,47,38,65,19,44,49,33,39,81,74,90,32,36,55,57,73,66,18,84,35,29,12,42,4,3,96,21,70,63,94,1,13,95,67,22,20,98,27,24,5,40,8,16,85,11,80,50,75,59,7,25,88,10,34,58,68,41,53,76
31,50,14,54,26,2,72,92,17,6,87,93,23,82,30,52,77,28,66,79,86,83,97,37,43,53,89,69,48,94,56,46,64,45,91,13,60,9,99,78,39,47,38,84,19,44,49,33,58,81,24,90,32,36,55,57,73,71,18,80,35,29,12,62,61,3,20,21,70,0,4,1,63,95,67,22,15,98,27,51,5,40,8,16,85,11,74,42,75,59,7,25,88,10,34,68,96,41,65,76
40,50,14,54,26,2,72,92,97,6,87,93,23,82,30,52,65,28,66,60,86,81,91,37,1,53,89,69,48,94,16,46,64,45,31,13,83,9,99,78,39,47,38,84,77,79,49,33,58,43,24,90,32,36,55,57,73,71,35,80,0,29,12,62,61,3,20,21,70,44,4,17,63,95,67,22,15,98,27,51,85,5,8,76,25,11,74,42,75,59,7,19,88,10,56,68,96,41,18,34
61,50,14,54,26,2,72,92,35,6,87,25,97,82,30,52,85,28,66,60,86,81,91,37,1,74,83,69,48,94,16,46,40,45,31,13,59,9,96,78,39,47,38,84,77,79,23,33,58,43,65,90,32,36,55,57,73,98,49,80,53,93,71,62,12,3,20,21,70,44,4,17,63,95,67,22,29,24,27,51,15,5,8,76,0,11,64,42,75,99,7,19,88,10,56,68,89,41,18,34
61,64,14,54,26,65,72,2,35,6,87,69,97,82,30,52,85,28,29,23,86,81,15,37,1,74,83,60,48,31,66,46,40,45,62,13,59,9,0,78,39,63,38,47,77,79,71,33,58,43,96,90,32,36,55,57,73,98,49,80,53,93,84,16,8,3,20,21,70,44,4,17,25,95,67,22,94,24,27,51,50,5,91,76,12,11,92,42,75,99,7,19,88,10,56,68,89,41,18,34
61,64,93,75,26,65,72,2,35,6,87,69,97,91,30,52,48,85,29,23,86,81,15,51,1,19,83,60,82,31,66,46,42,45,62,13,59,9,0,78,39,63,38,47,77,79,4,50,58,57,96,90,32,36,55,20,73,98,74,80,53,40,84,16,8,14,54,21,70,44,49,17,25,95,67,22,94,24,27,28,3,5,33,76,12,11,92,56,71,99,7,37,88,10,43,68,89,41,18,34
61,64,93,75,26,17,72,2,35,45,50,69,97,91,30,52,48,85,10,23,86,81,15,51,1,19,83,60,82,31,87,46,65,53,62,13,42,9,0,78,39,63,29,47,41,79,4,77,94,57,96,90,38,36,55,20,89,98,74,80,18,40,84,16,59,14,54,21,70,44,49,33,25,95,67,22,58,24,27,28,3,5,8,76,12,11,66,56,71,99,7,37,73,88,43,68,92,6,32,34
61,64,93,75,26,17,80,2,59,45,50,69,97,91,30,52,34,85,10,83,86,81,15,51,72,19,12,60,82,23,37,46,65,53,63,13,31,9,0,48,39,62,78,47,29,79,4,77,94,57,96,90,38,36,1,20,89,98,74,92,18,40,84,16,35,14,54,55,70,27,49,33,25,95,67,22,58,24,68,28,3,5,8,76,44,11,66,56,71,99,7,21,73,88,43,87,42,6,32,41
61,64,93,75,26,17,0,68,59,83,50,69,97,91,30,52,42,85,10,80,34,81,15,14,72,19,41,60,82,6,37,46,65,2,63,13,31,9,86,48,39,62,78,47,29,79,4,77,94,57,96,23,38,36,1,20,66,98,74,92,18,40,89,16,35,24,54,55,70,27,49,33,90,51,67,22,58,84,45,28,3,5,99,76,44,11,25,56,71,95,7,21,73,88,43,87,53,8,32,12
61,27,93,75,26,17,57,68,59,83,50,69,97,91,30,52,42,85,10,80,34,82,15,0,64,19,41,60,98,6,58,46,65,88,49,16,31,9,86,48,39,62,78,47,29,79,4,77,94,2,96,23,38,36,40,14,66,5,74,92,18,63,89,43,35,24,81,55,70,37,76,33,90,1,67,22,51,84,45,28,3,72,99,54,44,11,25,56,71,95,7,21,73,13,20,87,53,8,32,12
61,27,93,75,26,81,96,39,59,83,50,69,97,91,30,52,42,4,10,7,34,82,15,0,64,19,41,60,49,6,58,46,65,88,80,16,31,9,86,48,55,62,78,47,29,56,13,77,94,2,17,23,38,36,40,14,66,32,74,92,28,63,89,43,25,24,76,57,98,37,5,18,90,1,67,22,51,84,45,70,3,72,99,54,44,11,33,79,71,95,68,21,73,85,20,87,53,8,35,12
61,26,15,75,17,92,96,39,59,83,50,69,97,91,30,52,42,13,10,84,34,82,73,19,64,67,41,60,49,6,58,93,65,88,80,16,31,9,86,48,51,62,78,47,29,56,79,77,94,2,1,23,38,36,25,14,32,27,74,0,28,63,89,43,81,24,76,57,98,37,5,18,90,55,99,22,66,7,45,70,3,72,40,54,44,11,33,46,71,95,68,21,4,85,20,87,53,8,35,12
6,26,15,75,28,92,96,39,59,43,50,2,97,3,30,52,42,13,10,84,34,82,73,19,64,67,41,60,91,49,58,62,65,88,80,16,31,9,86,48,51,12,78,47,29,56,79,77,94,95,1,23,38,36,18,14,32,27,74,0,68,69,89,8,81,22,76,57,98,37,54,61,90,55,99,17,66,7,45,70,63,72,40,5,44,11,33,83,71,25,93,21,4,85,20,87,53,24,35,46
6,63,15,85,28,92,96,39,59,43,50,77,97,3,34,26,75,13,10,84,18,82,73,19,64,67,41,60,91,49,42,62,65,88,80,16,31,9,20,48,51,12,78,58,29,56,79,14,94,95,1,81,38,36,53,23,68,27,74,0,17,69,89,8,86,52,76,57,98,37,54,61,90,55,99,83,66,7,45,70,22,72,40,5,44,11,33,30,2,25,93,21,4,32,47,87,71,24,35,46
6,72,15,85,28,92,96,39,75,43,50,77,97,3,34,26,98,13,10,84,36,86,73,17,64,67,41,60,91,49,42,20,25,88,65,61,62,9,16,31,51,12,78,58,29,56,79,14,94,95,1,81,38,48,53,23,68,80,74,0,44,63,89,8,76,52,82,57,59,37,54,18,90,55,99,83,66,7,45,70,22,27,40,5,69,11,33,30,2,87,93,21,4,32,47,19,71,24,35,46
48,72,15,85,28,92,96,39,75,43,50,77,86,3,26,51,98,13,10,84,36,52,21,17,64,67,41,60,97,40,42,20,25,88,18,61,62,9,16,31,6,12,99,58,29,56,79,14,54,95,1,81,38,59,53,23,68,80,74,0,44,63,89,8,76,90,82,57,73,37,34,19,70,55,94,83,66,7,45,35,22,27,65,5,91,11,33,30,2,87,93,78,4,32,47,49,71,24,69,46
48,72,15,36,28,92,96,39,0,43,55,77,31,63,26,51,13,69,10,84,11,52,21,47,64,67,41,23,97,60,42,20,25,88,17,81,62,9,16,3,6,75,99,58,29,56,79,61,54,95,1,12,38,59,53,98,14,80,74,86,44,85,89,8,76,90,82,57,73,37,34,19,70,40,94,83,66,7,45,35,22,27,65,5,91,50,33,30,2,87,93,78,4,32,18,49,71,24,68,46
48,70,46,61,28,92,96,39,0,43,55,77,31,63,26,51,13,69,10,84,11,72,71,47,54,67,21,23,97,60,42,20,30,88,17,81,62,9,14,75,6,41,1,99,29,56,79,25,8,95,16,64,38,59,53,98,36,80,74,86,44,85,89,37,76,90,82,57,73,3,34,19,12,40,94,83,66,7,45,35,22,27,65,5,91,50,33,15,2,87,93,78,4,32,18,52,58,24,68,49
48,70,46,61,28,92,96,39,57,47,55,32,31,63,26,51,13,69,10,84,9,23,71,82,11,67,21,54,97,60,42,20,72,88,17,81,62,0,14,73,6,41,1,99,29,80,85,25,8,95,16,64,38,59,56,98,36,53,74,86,43,83,89,37,76,77,52,30,24,3,34,19,12,40,94,44,66,7,45,35,22,27,65,5,91,50,33,15,2,87,93,78,4,79,18,75,58,90,68,49
63,70,46,61,28,92,96,39,57,54,55,32,31,74,48,51,13,69,41,84,9,23,71,82,11,67,21,26,75,60,42,20,7,88,17,81,62,80,14,73,6,33,1,72,29,0,85,25,8,95,16,37,38,59,35,98,36,53,94,86,43,83,89,56,47,77,52,30,24,3,34,19,10,40,87,44,66,76,45,5,22,27,65,99,91,50,64,15,2,12,93,78,4,79,18,97,58,90,68,49
70,76,46,74,28,92,87,39,57,69,55,32,31,96,48,51,13,40,41,84,9,23,3,7,43,67,21,26,75,60,42,20,71,88,17,81,62,80,14,73,8,33,1,59,29,0,85,25,95,63,16,37,38,4,35,98,82,53,94,86,6,83,89,56,47,77,52,30,24,11,34,19,10,66,45,44,72,36,61,5,22,27,65,99,91,50,64,15,2,12,93,78,54,79,18,97,58,90,68,49
70,76,46,74,28,92,41,88,39,69,55,61,31,96,14,51,13,40,60,45,9,23,3,7,43,67,21,26,75,44,42,20,71,17,57,81,62,80,37,73,8,33,15,59,29,0,85,25,95,49,16,47,38,4,48,98,82,94,86,84,6,83,89,56,1,77,52,30,24,11,34,19,10,66,53,32,72,36,63,5,22,27,65,99,91,50,64,87,2,12,93,78,54,79,18,97,58,90,35,68
70,76,46,74,40,92,41,49,39,69,55,61,79,96,14,51,13,10,60,45,9,23,3,7,43,67,21,26,75,38,42,31,71,17,33,81,62,80,37,68,8,97,15,59,29,0,85,25,95,54,16,47,28,4,48,98,82,6,86,84,52,83,89,56,1,77,73,93,24,11,34,19,12,66,53,32,99,36,63,5,22,27,65,30,91,50,64,87,2,58,88,78,44,57,18,72,94,90,35,20
70,76,46,74,40,53,41,49,39,69,55,61,79,54,14,51,13,95,60,45,9,23,3,7,43,67,36,26,75,24,19,31,82,17,33,81,62,80,37,68,97,92,96,59,29,0,85,71,21,99,16,47,28,4,48,15,42,6,78,84,52,83,89,56,1,77,73,93,22,57,34,38,12,66,86,32,11,8,63,5,10,27,65,30,91,50,64,87,2,58,88,98,44,25,18,72,94,90,35,20
70,76,99,74,53,48,41,49,82,69,21,61,79,54,14,40,13,95,60,45,9,23,19,7,43,63,36,26,84,24,73,31,77,17,33,81,62,80,37,68,97,92,96,59,29,0,85,71,51,78,16,46,28,4,89,15,42,6,39,18,52,83,72,56,1,55,47,93,22,57,34,38,12,66,86,32,11,8,91,5,10,27,75,30,67,50,64,87,2,58,88,98,44,25,3,65,94,90,35,20
70,76,99,74,53,48,71,49,13,69,98,61,21,54,14,40,42,95,90,82,9,23,19,7,43,63,36,89,84,24,73,31,58,17,33,77,62,80,37,68,97,92,96,41,29,83,85,10,51,78,16,46,45,4,0,15,22,6,39,35,52,60,72,56,1,55,47,93,79,57,34,38,12,66,86,32,11,8,91,5,59,27,75,28,67,50,64,87,2,26,88,18,44,25,3,65,94,81,30,20
70,76,99,74,53,48,71,49,26,69,98,61,21,97,14,9,42,95,90,82,52,86,19,7,43,58,36,89,72,24,73,31,45,17,33,77,62,37,85,68,88,80,96,41,23,83,29,10,51,78,16,46,84,4,0,27,22,6,39,35,13,60,63,54,1,55,47,93,79,57,34,38,12,66,92,32,11,8,91,5,59,56,75,28,40,50,64,87,2,67,81,18,44,25,3,65,94,15,30,20
4,76,99,74,53,87,71,49,26,69,98,61,48,97,14,92,42,95,90,46,52,32,19,7,43,58,36,89,72,24,73,33,45,9,93,77,62,37,31,68,88,80,96,41,23,83,29,10,51,78,16,82,84,25,0,27,22,6,39,85,13,60,17,63,1,55,86,20,79,57,34,38,12,66,35,8,11,54,91,5,59,56,75,28,40,50,64,70,21,67,2,18,44,81,3,65,94,15,30,47
4,76,99,73,96,87,59,0,26,69,31,61,41,48,49,92,77,95,10,46,52,32,19,7,14,58,36,89,72,24,66,33,45,90,93,86,62,37,43,68,88,80,71,53,17,83,29,28,51,78,16,82,84,25,97,27,22,6,39,85,13,60,23,63,1,55,42,20,79,57,34,38,12,9,35,8,11,54,91,5,74,56,75,98,40,50,64,70,21,67,2,18,44,81,3,65,94,15,30,47
4,76,38,73,96,87,25,0,26,50,31,61,41,74,49,92,77,95,10,39,52,32,19,7,14,58,36,89,72,24,66,69,45,90,93,86,62,37,43,68,48,44,71,53,17,83,29,28,51,88,16,82,84,80,97,27,56,6,34,85,13,60,23,63,1,55,42,46,79,57,65,2,12,9,35,8,11,54,78,5,21,20,75,98,91,40,64,70,3,67,33,18,22,81,59,99,94,15,30,47
4,76,38,73,96,87,20,0,26,50,31,47,41,74,25,92,77,95,10,39,52,32,14,7,40,58,49,71,72,24,66,69,35,90,93,86,91,37,43,68,48,61,17,67,19,83,29,28,51,88,98,82,84,80,97,27,62,6,34,85,15,60,23,63,1,55,42,46,79,57,65,2,12,9,56,8,11,54,78,5,21,45,75,16,53,13,64,70,3,59,33,18,22,81,89,99,94,44,30,36
4,76,84,73,96,87,25,0,26,50,31,47,41,74,92,91,49,95,10,39,52,32,99,7,97,58,55,71,72,24,66,69,45,90,35,86,21,37,43,68,48,61,17,67,19,38,29,28,51,88,83,82,20,80,85,5,77,6,14,40,15,60,23,63,1,62,42,46,79,57,65,2,12,9,56,8,11,54,78,27,34,53,75,16,93,13,64,70,3,59,33,18,22,81,89,98,94,44,30,36
4,76,84,73,96,87,25,23,26,56,31,59,34,74,11,91,49,95,10,39,52,32,99,7,17,58,55,71,72,24,66,83,45,16,35,50,21,37,43,40,48,61,41,67,19,38,29,28,51,88,69,82,20,13,85,5,77,80,14,68,53,60,47,63,1,62,42,46,79,57,65,2,12,90,92,8,0,54,78,27,9,86,75,15,93,97,64,70,3,6,33,18,22,81,89,98,94,44,30,36
4,82,46,73,96,43,45,23,26,56,31,59,34,22,11,91,49,95,10,39,52,32,44,7,17,58,55,28,72,51,66,83,15,16,35,50,21,37,87,40,48,61,41,67,19,38,29,74,76,99,69,27,20,13,85,5,77,80,14,68,53,60,47,63,84,62,42,25,79,57,65,2,12,90,8,92,0,88,78,93,9,86,75,18,1,97,64,70,3,6,33,71,24,81,89,98,94,54,30,36
4,82,46,73,96,43,45,23,26,56,31,59,48,22,11,25,49,95,10,91,52,32,44,7,24,58,55,28,72,51,15,83,37,16,35,6,21,27,87,40,3,61,41,67,19,38,50,74,54,99,69,63,20,13,85,5,77,80,14,68,53,60,47,29,84,62,42,70,64,57,65,2,12,90,8,92,0,88,17,93,9,86,75,18,76,97,39,1,78,71,33,66,34,81,89,98,94,36,30,79
4,82,46,73,96,1,45,23,26,56,31,59,60,22,89,25,49,95,10,91,13,52,44,7,24,19,55,28,72,51,15,11,37,16,35,6,21,27,87,40,3,47,41,61,83,38,74,32,54,99,69,63,20,75,85,5,77,80,50,68,53,43,78,29,48,62,84,70,64,57,65,2,12,90,8,92,0,88,17,93,67,86,79,18,76,97,39,9,42,71,33,66,58,81,34,98,94,36,30,14
4,27,46,73,96,1,45,23,26,56,12,59,29,8,89,25,49,95,10,91,13,52,38,7,24,19,55,28,82,51,15,11,37,16,2,22,21,64,87,40,3,67,41,61,83,71,47,32,54,53,69,63,20,75,85,5,77,80,50,68,60,43,78,18,48,62,84,70,99,72,65,44,93,90,35,92,0,88,17,31,39,86,79,57,76,97,6,9,42,74,33,66,58,81,34,98,94,36,30,14
4,27,46,73,96,1,45,23,26,56,12,59,85,8,89,25,49,95,0,91,13,52,38,7,84,19,55,28,82,51,15,11,37,10,2,22,21,64,16,40,24,67,41,61,83,71,47,53,54,3,69,63,20,33,36,5,77,80,50,58,60,75,70,98,48,35,72,78,99,29,18,44,93,90,65,92,32,88,17,31,39,86,79,57,76,97,6,9,42,74,43,66,62,81,34,87,94,68,30,14
4,27,46,68,96,1,45,23,26,56,50,59,85,17,89,25,49,95,0,91,13,52,38,66,84,19,28,7,42,51,15,11,37,10,99,22,21,64,16,40,2,6,41,61,83,71,12,53,54,3,69,63,20,70,36,5,77,80,55,58,60,75,73,44,48,35,72,78,18,29,90,24,93,33,65,92,32,88,47,8,39,86,79,57,76,97,82,9,98,74,43,67,62,81,34,87,94,31,30,14
4,45,28,17,96,1,27,43,68,14,50,59,85,52,89,25,16,95,0,91,54,32,38,18,84,19,26,7,42,51,15,11,37,10,99,22,21,64,23,76,2,6,41,61,83,71,12,53,56,46,69,63,20,70,36,5,77,80,55,58,60,75,73,44,48,35,72,78,49,29,90,24,93,33,65,92,3,88,47,8,39,86,79,13,9,97,82,40,98,74,81,67,62,57,34,87,94,31,30,66
4,45,28,17,14,48,27,43,68,64,50,59,85,52,89,13,16,95,0,91,54,69,38,18,84,1,26,7,42,51,15,32,37,10,29,25,21,94,23,76,2,6,41,61,83,19,12,53,56,80,11,63,20,70,77,5,96,31,55,58,60,75,73,44,36,35,72,78,49,39,90,24,93,33,65,92,3,88,47,8,22,86,71,81,9,97,82,40,98,74,99,67,46,57,34,87,62,79,30,66
25,45,28,17,14,48,35,43,97,64,50,88,85,52,89,13,44,95,0,91,54,69,38,18,84,1,26,7,42,51,68,32,59,10,29,98,21,94,53,76,15,6,41,61,37,19,12,2,56,80,27,63,20,70,77,5,96,31,55,58,60,75,73,23,36,57,72,78,49,39,90,34,93,33,65,92,71,24,47,8,22,86,3,81,83,30,82,40,9,74,99,67,46,4,11,87,62,79,16,66
25,18,30,17,39,48,35,43,97,64,50,88,85,52,89,13,44,95,0,80,67,69,38,6,84,1,26,7,42,51,68,32,59,10,29,81,21,91,53,76,15,46,41,61,62,19,12,2,56,14,83,63,20,70,54,5,96,31,55,58,60,75,73,45,36,57,71,78,49,99,90,34,93,33,65,92,98,24,47,8,22,86,3,37,94,27,82,28,9,74,77,40,72,4,11,87,23,79,16,66
39,18,46,17,81,48,35,43,97,64,21,88,85,52,89,13,83,95,0,80,67,69,38,50,55,1,26,7,42,51,68,32,78,10,29,25,59,91,53,76,84,74,41,61,62,19,12,2,56,14,9,63,8,70,54,5,96,31,71,58,60,75,77,45,20,57,15,36,49,99,90,34,44,33,6,92,98,24,47,30,22,86,3,37,94,27,82,28,65,73,93,40,72,4,11,87,23,79,16,66
39,18,46,17,81,48,35,92,97,64,21,88,85,52,89,1,83,8,0,4,67,69,38,50,55,86,26,7,42,51,68,32,78,65,73,25,59,91,53,76,84,74,41,61,62,19,12,2,16,87,9,63,44,70,54,5,96,31,71,80,60,75,77,29,20,57,15,36,49,99,90,28,45,33,6,95,98,24,47,30,10,43,3,37,94,27,82,34,14,40,93,13,72,56,22,58,23,79,11,66
39,22,46,17,81,48,35,92,97,64,21,88,85,52,89,1,83,8,29,4,67,69,38,50,55,86,26,7,42,51,68,32,78,65,93,25,15,98,53,76,84,33,41,61,62,19,12,2,16,18,9,63,44,70,56,5,96,11,71,74,60,75,77,87,20,57,80,36,49,3,99,28,45,66,6,95,79,24,47,30,10,43,0,13,94,27,82,34,14,40,31,90,72,59,37,58,23,73,54,91
39,22,46,15,81,5,35,92,61,64,21,88,85,52,86,1,83,8,29,4,67,69,38,50,55,37,26,7,42,51,68,30,78,13,93,25,31,98,53,76,84,33,41,89,62,19,12,2,6,18,9,63,44,70,11,34,96,17,71,56,60,75,77,87,20,57,10,36,49,3,99,28,45,66,97,95,48,24,47,14,74,43,0,16,94,27,82,40,79,32,65,90,72,59,80,58,23,73,54,91
98,22,46,15,81,51,35,92,61,10,21,20,63,52,76,1,83,8,29,4,67,69,38,50,55,37,26,7,0,39,68,30,78,88,93,25,31,13,53,57,84,44,41,89,62,19,12,2,6,18,9,32,49,70,11,34,96,17,71,86,60,79,77,87,99,56,75,36,42,3,64,28,45,66,97,95,48,24,85,14,74,43,5,16,94,27,82,40,47,33,65,90,72,59,80,58,23,73,54,91
98,22,42,15,81,51,35,92,61,10,21,20,63,83,76,1,82,8,29,0,67,69,38,50,55,37,26,7,19,39,52,30,89,88,93,25,31,13,53,57,84,44,41,47,62,18,12,2,65,60,9,32,49,70,11,34,96,17,71,86,74,3,77,48,87,56,75,36,4,46,64,28,45,66,97,33,6,24,85,14,68,43,5,16,94,27,95,40,79,99,72,90,78,59,80,58,23,73,54,91
98,22,42,15,81,51,35,92,61,10,21,20,63,83,76,14,82,78,50,2,67,69,38,44,79,45,26,7,19,8,97,30,89,88,93,25,31,13,29,57,84,74,41,39,62,18,12,16,65,60,9,36,37,70,11,34,96,17,71,86,55,3,77,53,87,56,75,52,4,46,64,28,32,66,48,33,1,24,85,47,68,43,5,6,94,27,95,40,0,99,72,90,49,59,80,58,23,73,54,91
75,13,42,15,81,51,35,92,61,10,21,79,63,20,76,97,82,78,12,67,2,69,38,44,47,45,22,7,19,8,98,30,49,88,93,25,31,89,29,57,84,74,80,39,62,18,71,16,65,60,9,36,37,1,11,34,96,17,66,86,70,3,77,53,87,56,55,83,4,46,64,28,32,41,48,33,50,24,85,26,68,43,5,6,94,27,95,40,0,99,72,90,14,59,52,58,23,73,54,91
75,13,42,15,81,51,35,92,61,10,21,32,18,82,23,97,3,20,12,67,2,83,38,44,47,45,22,7,19,8,98,30,49,88,93,25,31,89,29,57,36,74,80,39,62,37,79,16,65,60,9,71,76,1,11,95,96,17,66,86,70,5,77,53,0,56,55,26,4,46,64,48,63,41,34,33,50,24,85,84,68,43,91,6,94,27,69,40,78,99,72,90,14,59,52,58,28,73,54,87
75,13,42,15,81,51,35,92,61,10,67,44,18,20,76,97,28,23,31,72,2,99,38,3,47,4,33,7,19,8,98,30,49,88,93,41,26,89,29,57,36,74,80,39,62,37,82,16,65,60,9,71,83,1,11,95,96,17,66,86,70,5,77,53,0,56,55,32,79,46,64,48,63,22,34,12,50,24,45,84,68,43,91,6,94,27,69,40,78,14,85,90,21,59,52,58,25,73,54,87
92,13,42,15,81,51,35,85,61,5,10,94,62,20,76,96,28,97,31,72,2,99,38,3,47,4,33,7,19,8,98,30,49,88,52,41,26,89,75,57,36,74,80,39,27,24,82,54,65,60,9,71,83,1,11,44,68,17,66,37,70,95,77,53,0,56,55,32,79,46,64,48,63,22,34,12,50,67,45,84,16,43,91,6,29,69,23,40,78,14,93,90,21,59,86,58,25,73,18,87
92,9,42,15,81,51,35,85,61,5,10,94,55,20,76,96,28,97,31,72,2,99,38,3,47,4,1,7,19,8,41,30,49,88,52,66,26,89,75,57,36,74,62,39,27,24,68,13,65,60,12,71,98,82,11,44,59,33,45,37,70,63,77,53,0,16,83,32,79,46,64,48,34,95,56,54,50,67,80,84,22,43,91,6,29,69,23,40,78,14,17,90,21,93,86,58,25,73,18,87
92,9,42,15,81,51,35,78,61,5,80,94,55,44,85,96,28,97,64,72,2,99,38,3,47,4,1,7,93,8,41,19,49,12,52,66,26,89,10,57,36,74,62,39,27,24,68,13,65,20,31,71,98,53,11,18,59,33,45,37,70,63,77,88,0,16,83,76,79,60,95,48,34,30,56,54,50,67,87,84,22,43,91,6,29,32,75,40,23,14,17,90,21,69,86,58,25,73,46,82
92,9,42,15,66,51,35,78,61,5,80,94,53,44,85,96,28,97,64,72,2,31,38,7,77,4,1,59,93,8,41,19,49,12,52,98,26,63,3,57,36,74,62,69,27,89,68,13,65,20,10,71,99,30,11,39,34,33,45,37,70,47,81,88,0,16,83,76,79,60,95,48,50,18,56,54,75,67,87,84,22,43,91,6,29,46,55,40,23,14,17,90,21,32,86,58,25,73,24,82
92,9,60,15,73,51,59,78,61,57,80,94,53,44,85,96,43,97,64,72,2,31,38,24,77,4,1,75,93,8,41,19,49,12,52,28,26,63,3,48,36,74,62,69,27,89,68,13,65,40,10,71,99,30,11,39,34,33,45,0,42,47,81,88,37,16,83,76,79,58,95,35,50,18,56,54,70,67,87,7,46,22,91,6,29,5,55,84,23,14,17,90,21,32,86,82,25,66,98,20
92,9,60,15,73,51,78,37,61,57,80,94,53,44,85,84,43,97,17,72,29,31,59,24,77,4,1,75,93,8,41,19,49,12,52,28,38,63,3,48,36,64,46,69,27,89,68,13,65,88,10,71,99,83,70,39,34,33,45,0,96,47,81,40,62,16,58,76,79,98,95,35,50,18,56,54,26,67,87,7,74,22,91,6,11,5,55,30,23,14,20,90,2,32,86,82,25,66,42,21
92,9,56,15,73,51,78,37,42,57,80,94,53,70,85,84,39,97,17,72,29,31,59,69,77,4,60,45,93,8,41,1,49,12,52,28,38,63,3,48,36,64,46,44,27,89,47,13,65,88,10,71,96,83,74,43,34,33,19,0,99,6,81,40,75,16,58,76,79,98,95,35,50,18,62,54,26,24,87,7,25,22,91,61,11,5,55,30,23,82,20,90,2,32,86,14,67,66,68,21
92,9,56,22,73,51,78,37,42,57,80,94,53,70,85,84,33,97,17,72,29,31,64,8,77,4,15,45,96,3,41,1,49,12,27,28,38,63,62,48,36,75,46,44,93,89,47,13,69,88,10,54,34,83,74,43,7,71,58,0,99,6,81,40,59,16,24,76,79,98,95,35,50,18,60,52,26,91,87,19,25,39,65,61,11,5,55,30,23,82,20,90,2,32,86,14,67,66,68,21
92,9,56,22,73,36,67,37,66,57,80,94,53,70,85,25,33,97,17,72,29,44,64,8,77,32,15,88,96,79,41,1,49,12,27,28,31,63,50,48,51,62,46,0,93,89,47,13,69,78,10,54,34,83,74,43,7,71,58,4,3,6,81,40,59,16,24,76,84,91,95,35,99,18,60,52,26,38,87,19,98,39,65,61,11,5,55,30,23,82,20,90,2,75,86,14,42,21,68,45
92,9,56,22,54,0,67,37,66,57,80,94,53,70,85,25,73,97,17,72,6,44,64,8,77,32,15,88,96,79,41,20,49,12,27,28,43,38,50,48,51,62,11,60,93,89,47,1,69,78,10,13,34,83,74,14,31,71,58,4,3,75,81,40,68,16,24,76,59,63,95,35,99,18,46,52,26,91,33,19,98,39,65,61,36,5,55,30,23,82,7,90,2,84,86,87,42,21,29,45
92,96,56,54,61,0,67,37,66,19,80,94,11,70,85,24,73,97,17,72,6,44,64,8,53,32,15,88,13,79,9,20,49,30,27,28,43,38,50,40,51,62,18,60,93,89,47,1,69,78,10,81,34,83,12,14,4,71,58,41,3,75,74,31,7,16,48,76,59,63,95,35,99,68,46,52,26,91,33,77,98,39,65,25,36,5,55,57,23,82,22,90,2,84,86,87,42,21,29,45
3,96,56,54,61,0,67,72,66,7,80,94,11,70,85,24,73,97,17,53,74,44,64,46,23,78,15,88,13,79,9,20,49,30,27,28,43,38,50,40,51,62,18,60,93,89,47,1,92,12,10,81,34,83,75,69,4,37,58,41,19,8,16,31,52,77,21,76,59,63,95,35,99,68,48,6,26,91,33,45,98,39,65,25,36,5,55,57,14,82,22,90,2,84,86,87,42,32,29,71
3,96,63,54,65,23,67,72,66,7,80,94,11,56,70,24,73,64,17,53,74,59,92,46,5,85,44,88,13,79,9,20,15,30,27,28,43,38,50,71,51,62,18,60,93,89,47,1,45,12,97,81,34,83,95,69,4,37,58,41,19,8,16,31,52,77,40,76,78,35,75,0,99,68,48,6,26,91,33,49,98,39,61,25,36,21,55,57,14,82,22,90,2,84,86,87,42,32,29,10
3,96,63,54,65,23,67,56,66,7,80,94,11,47,18,24,73,64,17,53,74,59,92,46,72,8,44,88,13,79,9,20,15,84,27,28,30,38,50,71,58,62,31,60,93,89,35,1,6,81,97,61,34,45,43,69,4,37,55,41,19,12,16,83,52,77,40,76,78,85,75,0,99,68,48,22,26,91,33,49,98,39,5,25,36,21,95,57,14,82,10,90,2,51,86,87,42,32,29,70
3,83,63,43,65,57,67,56,66,7,80,94,11,47,18,33,23,64,17,53,62,59,92,46,72,73,44,88,13,79,9,86,15,84,27,28,30,38,50,71,58,93,31,97,95,89,37,1,6,81,91,61,34,45,74,69,4,98,55,41,19,12,16,60,52,77,54,76,78,85,75,0,99,68,48,22,26,87,40,49,96,39,24,25,36,21,35,5,14,82,10,90,2,51,8,20,42,32,29,70
75,83,63,43,65,57,67,56,66,7,80,94,11,47,4,33,23,64,17,53,62,59,82,46,72,73,54,88,13,79,9,3,27,60,24,28,55,38,50,71,58,93,31,97,70,18,37,1,6,81,91,61,34,45,15,69,10,98,86,41,19,30,16,89,52,77,92,76,78,85,87,0,84,68,48,22,26,74,40,49,96,39,44,25,36,21,35,5,14,99,12,90,2,51,95,20,42,32,29,8
75,83,63,43,4,76,72,56,10,7,80,94,11,47,12,33,23,64,17,53,62,59,82,46,66,57,54,88,27,79,9,95,25,60,24,70,55,38,50,71,28,93,31,97,14,58,67,1,6,81,91,61,34,45,15,69,36,98,86,37,19,30,16,89,52,18,92,13,78,85,87,0,84,68,48,22,26,74,40,49,96,39,44,3,65,21,35,41,77,99,5,90,2,51,73,20,42,32,29,8
75,11,63,43,66,76,8,56,10,62,80,94,51,47,12,33,65,64,17,53,67,59,82,46,84,57,54,88,27,79,9,95,25,60,21,19,55,38,50,7,28,93,31,97,14,58,83,1,6,4,91,61,34,45,15,69,36,98,86,37,32,30,16,81,24,18,92,13,78,85,87,0,72,68,48,96,26,74,40,49,52,23,44,3,22,71,35,41,77,99,5,90,2,89,73,20,42,70,29,39
75,11,0,43,66,22,31,56,8,62,80,94,51,28,12,33,65,64,83,53,67,98,82,70,84,57,54,88,95,79,9,3,25,60,21,19,55,38,50,7,17,93,46,97,14,58,44,1,6,4,91,76,34,45,15,69,36,77,86,37,32,30,92,81,24,18,5,13,78,85,87,40,72,68,48,96,26,74,10,49,52,23,16,27,59,71,35,41,47,99,61,90,2,89,73,20,42,63,29,39
78,64,19,43,66,22,75,56,8,62,80,94,51,28,12,33,65,0,83,53,67,98,82,70,84,57,92,88,2,76,9,3,25,60,21,6,50,38,11,7,17,93,26,97,48,58,95,1,54,4,91,55,34,45,15,20,36,77,86,37,32,30,69,81,24,18,5,13,31,85,87,40,72,68,49,96,59,74,10,44,52,23,16,27,46,71,35,41,47,99,61,90,79,89,73,14,42,63,29,39
78,64,81,43,66,22,75,11,8,15,80,94,19,28,76,33,65,0,83,53,67,98,82,70,56,57,92,88,2,37,9,3,25,51,21,12,58,38,59,7,17,73,26,97,48,10,95,1,35,4,91,55,34,45,18,20,36,77,86,46,32,30,69,93,24,50,5,13,31,85,87,40,72,68,49,96,62,84,63,44,52,23,16,27,54,71,74,41,47,99,61,90,79,89,6,14,42,60,29,39
66,64,81,43,20,42,1,11,8,15,80,94,19,28,76,33,65,24,83,53,47,98,82,99,56,57,92,39,2,37,9,67,25,51,21,12,58,38,59,7,17,86,26,22,48,70,95,77,97,4,91,55,34,45,18,72,36,75,61,46,32,30,69,93,0,50,5,13,31,85,87,40,78,68,49,96,62,84,63,44,52,23,16,27,54,71,74,41,89,73,88,90,79,3,6,14,35,60,29,10
66,64,81,43,20,42,1,11,18,15,80,94,95,28,8,76,65,24,56,91,47,3,82,53,23,57,92,39,2,37,9,67,21,51,22,12,58,16,59,98,17,86,26,83,48,70,60,77,97,4,93,55,34,45,7,72,36,75,61,46,32,30,69,62,0,50,5,13,31,85,87,40,78,68,49,96,25,84,63,44,99,52,71,27,54,38,74,41,89,73,88,90,79,19,6,14,35,33,29,10
35,64,81,43,20,42,48,55,18,15,56,94,1,28,8,76,69,24,73,91,47,3,54,53,23,57,92,39,50,37,9,45,66,51,22,12,58,16,59,98,17,2,26,83,77,65,60,62,97,4,93,96,34,21,7,72,36,75,61,46,86,30,32,82,0,80,5,13,31,85,87,40,78,68,49,11,25,84,63,44,99,52,71,27,67,38,74,41,89,70,88,90,79,19,6,14,95,33,29,10
35,64,97,43,20,42,48,55,80,15,18,94,53,81,8,76,90,24,73,91,47,3,54,85,23,57,92,17,50,45,9,39,7,51,22,12,96,16,59,98,1,2,26,83,77,65,60,62,86,4,93,58,34,21,61,72,36,75,56,46,28,30,32,82,99,78,5,13,31,66,87,40,69,37,49,11,25,84,63,44,68,52,71,27,67,38,74,41,89,70,88,0,79,19,6,14,95,33,29,10
35,64,97,43,20,42,48,55,80,15,18,94,53,81,8,76,90,24,17,91,31,3,50,85,11,57,92,21,62,45,9,39,7,41,22,12,96,16,59,98,1,2,26,83,77,30,47,65,86,4,51,67,34,73,61,72,36,75,56,46,28,82,32,29,99,78,5,14,13,66,87,40,69,37,88,23,25,84,63,44,68,52,71,27,60,38,74,10,89,70,49,0,79,19,6,54,95,33,58,93
34,64,97,43,20,90,48,55,80,15,18,94,53,81,8,76,30,24,83,91,31,3,50,85,42,57,92,21,70,45,9,39,7,41,22,12,96,16,59,98,1,72,26,5,77,99,47,2,86,4,51,52,66,73,61,33,36,75,56,46,28,82,32,29,62,78,17,14,13,11,87,40,69,37,65,23,25,84,35,44,68,93,71,27,6,38,74,10,89,60,49,0,79,19,54,88,95,67,58,63
56,64,97,43,20,90,48,70,80,15,30,94,53,92,8,76,21,24,83,88,31,3,50,85,46,57,81,91,77,45,9,39,72,41,22,12,96,16,59,98,1,10,79,5,66,99,47,2,86,4,34,52,78,73,61,33,36,75,42,51,28,82,32,29,62,18,17,14,13,6,87,40,69,37,65,23,25,84,35,44,68,93,71,27,0,38,74,7,89,60,49,55,26,19,54,11,95,67,58,63
