0,1,2,3,4,5,6,7,8,9,10,11,12,13,14,15,16,17,18,19,20,21,22,23,24,25,26,27,28,29,30,31,32,33,34,35,36,37,38,39,40,41,42,43,44,45,46,47,48,49,50,51,52,53,54,55,56,57,58,59,60,61,62,63,64,65,66,67,68,69,70,71,72,73,74,75,76,77,78,79,80,81,82,83,84,85,86,87,88,89,90,91,92,93,94,95,96,97,98,99,100,101,102,103,104,105,106,107,108,109,110,111,112,113,114,115,116,117,118,119,120,121,122,123,124,125,126,127,128,129,130,131,132,133,134,135,136,137,138,139,140,141,142,143,144,145,146,147,148,149
17,1,146,61,64,5,16,139,96,9,68,20,12,87,35,144,66,40,18,15,95,21,125,82,57,46,83,77,90,143,30,31,117,33,49,108,2,37,60,94,42,41,52,129,58,65,55,56,134,76,78,104,14,53,54,0,136,11,137,13,142,48,27,133,4,103,29,121,10,109,70,25,148,73,74,111,50,62,23,79,80,81,97,69,7,67,149,100,124,89,112,8,92,93,84,71,140,63,98,59,36,101,102,130,19,135,86,88,26,138,107,32,105,85,75,115,116,24,22,119,120,6,122,123,39,91,99,127,128,110,114,131,132,28,118,51,45,34,47,44,106,141,126,3,43,145,72,147,113,38
140,33,126,13,56,5,79,2,44,141,68,20,40,130,35,28,66,96,105,32,149,21,17,93,118,74,1,97,9,143,18,125,124,61,49,64,139,37,87,94,16,70,8,129,58,83,102,82,95,76,119,98,110,147,4,138,136,11,86,55,142,15,53,107,23,103,50,26,108,109,111,114,45,72,10,122,99,62,120,25,80,85,12,69,92,144,121,100,52,89,54,31,67,27,84,65,73,63,60,146,36,38,29,81,101,24,131,88,135,19,30,43,106,39,75,148,116,71,134,14,59,6,117,123,137,91,133,7,128,57,42,77,132,47,78,51,113,34,48,22,46,112,127,3,104,145,115,90,0,41
88,89,6,33,144,82,103,58,44,109,56,142,130,49,30,133,68,94,108,112,134,21,74,93,73,119,148,125,53,143,126,1,42,80,2,64,116,37,87,141,145,60,8,129,79,83,31,136,95,140,70,98,110,78,15,76,91,106,86,25,19,43,35,61,107,36,5,96,72,45,111,114,18,50,10,122,137,69,54,13,84,85,12,139,105,28,92,100,71,17,104,117,67,27,147,65,41,138,47,146,66,4,99,81,101,23,102,9,55,29,39,63,121,26,75,20,0,24,62,124,59,7,131,123,57,77,11,52,90,120,3,32,132,149,14,51,40,34,48,22,46,16,127,128,118,97,115,113,38,135
88,137,18,33,144,23,85,58,44,104,93,142,130,141,6,11,68,92,143,140,134,21,106,31,48,115,148,22,46,55,53,82,42,38,41,40,108,57,3,16,145,4,8,36,56,129,105,69,95,96,125,98,5,49,124,76,13,146,66,25,109,43,110,119,107,111,133,29,84,90,27,103,19,86,138,122,126,2,54,61,113,64,12,37,73,30,0,118,71,83,81,117,67,60,100,72,131,147,120,1,47,35,87,24,101,74,50,14,116,28,39,63,65,26,102,59,45,127,62,89,52,70,114,123,112,91,136,75,51,77,94,32,78,149,10,121,20,34,80,99,7,132,15,128,139,97,79,17,9,135
88,106,132,29,121,77,3,97,44,104,136,47,60,122,6,142,68,79,35,59,134,135,37,57,123,113,148,75,46,55,117,82,87,38,42,40,108,85,147,62,101,143,10,1,22,129,12,100,95,96,125,84,145,74,111,146,0,92,23,53,56,31,110,18,107,14,98,131,94,90,27,103,19,86,5,21,116,2,54,61,73,20,64,114,115,30,76,70,7,138,65,128,48,39,33,144,69,32,13,139,78,26,11,24,16,137,71,83,109,28,140,133,8,17,102,120,45,127,52,89,63,51,72,124,141,49,66,67,41,58,119,149,43,93,126,112,130,34,50,99,25,118,15,105,80,4,36,81,9,91
53,135,117,5,58,32,3,44,101,59,20,47,72,122,6,28,7,110,35,51,143,62,37,57,78,121,25,71,46,60,50,67,87,111,40,148,120,86,88,38,26,0,77,1,140,81,23,147,99,96,125,118,145,84,98,146,109,91,76,83,94,31,68,102,55,14,79,114,56,97,4,36,19,82,108,54,116,132,12,80,61,134,64,21,10,30,24,144,126,49,115,131,48,39,33,52,69,129,149,139,89,13,112,123,16,137,93,113,106,74,95,133,8,17,22,70,45,127,128,15,63,34,42,138,141,27,73,142,41,43,119,66,29,103,107,130,11,2,75,18,90,92,100,105,136,65,85,104,9,124
108,67,71,136,122,32,10,97,99,85,20,94,121,137,50,101,40,90,35,51,143,48,125,57,78,139,124,7,46,147,68,28,54,111,140,113,120,47,88,38,61,138,77,1,65,59,23,31,58,96,69,66,110,37,98,146,76,130,42,114,82,5,144,26,19,14,83,12,56,75,43,36,41,3,81,17,91,132,112,80,53,25,8,21,62,34,24,70,126,4,93,131,16,87,60,109,13,30,149,134,127,39,104,128,118,6,135,86,107,44,95,133,55,84,22,117,102,105,123,15,115,74,63,116,141,103,100,142,29,2,119,73,89,129,33,0,11,106,49,52,72,92,18,145,148,79,64,27,9,45
68,67,71,139,29,106,10,39,99,15,20,94,40,137,8,31,102,84,35,134,73,32,1,57,147,141,124,142,46,120,34,70,61,136,59,113,101,110,88,37,55,76,77,54,48,135,27,16,86,138,130,117,85,28,21,118,50,11,42,47,82,108,144,26,41,14,105,23,13,121,7,30,96,140,132,122,51,58,112,80,78,22,24,111,62,146,97,95,19,69,17,103,49,56,66,109,33,25,149,4,127,131,104,125,128,6,115,116,107,44,60,133,123,53,65,36,98,87,100,129,90,0,114,81,9,91,83,18,5,2,119,79,89,43,126,74,3,93,63,52,145,92,75,12,148,143,64,72,38,45
116,147,71,91,70,93,9,149,146,39,20,98,120,137,13,86,56,34,92,99,1,32,140,57,78,131,130,142,46,88,72,38,61,145,106,29,33,114,2,51,40,5,62,118,48,135,67,129,79,11,12,82,8,42,110,35,115,23,139,47,21,81,94,54,76,16,105,10,43,121,143,30,117,44,132,97,17,141,112,4,58,22,24,73,101,27,45,95,59,136,63,103,49,14,111,109,53,25,19,15,144,31,104,80,128,6,64,3,107,26,60,138,50,55,65,36,148,87,100,52,90,0,69,68,134,113,133,18,125,123,124,66,89,77,84,74,7,41,96,108,122,85,75,102,119,126,28,37,127,83
120,110,71,38,75,93,124,64,37,39,134,98,65,88,130,128,56,145,119,86,58,32,97,57,52,3,0,142,46,108,107,72,122,144,92,4,33,114,149,34,40,84,99,137,43,135,67,138,79,11,83,31,8,78,113,35,24,50,139,47,21,2,123,54,51,141,82,89,48,7,23,16,117,44,131,1,15,9,36,91,94,22,12,60,10,20,76,73,63,136,61,13,49,103,129,101,68,42,19,53,5,109,29,80,106,121,111,30,116,26,25,148,17,55,14,95,90,77,87,125,18,59,69,100,105,96,133,70,140,6,27,66,115,104,85,74,143,146,132,41,81,62,112,118,147,126,28,102,127,45
9,89,86,36,59,109,31,116,20,39,52,108,65,83,10,51,87,145,110,93,107,33,12,57,121,3,101,148,46,85,0,55,122,27,14,74,103,38,92,34,40,60,26,8,43,64,21,138,82,37,96,71,142,126,113,7,76,2,144,70,79,111,123,54,84,141,24,4,48,32,135,16,117,77,131,15,114,66,124,75,94,132,73,49,112,97,78,129,63,137,29,13,56,98,99,44,68,104,19,53,91,95,127,80,130,1,67,30,134,139,88,58,17,62,22,23,143,149,69,125,18,50,42,100,105,81,133,72,11,6,128,120,45,106,61,147,35,146,47,41,28,90,25,118,5,136,115,102,140,119
97,56,64,62,59,86,43,126,16,144,74,111,76,4,137,147,132,95,102,148,48,55,84,109,106,57,101,93,52,85,122,66,32,99,129,90,103,10,92,118,81,141,82,8,27,124,89,138,39,37,12,71,96,17,113,107,73,65,127,70,36,123,20,54,135,40,24,60,100,61,134,77,117,53,67,50,26,110,139,75,14,28,19,114,33,80,78,79,63,87,31,136,120,98,9,44,68,104,3,34,91,131,130,13,146,1,0,30,22,105,38,21,2,108,7,23,47,112,69,125,18,121,42,15,83,29,46,133,11,6,128,58,45,119,143,116,35,94,88,41,51,115,25,72,5,142,145,49,140,149
97,53,91,62,134,86,14,126,83,128,1,66,76,102,137,125,132,68,16,67,139,144,79,109,25,141,140,93,100,147,122,143,138,72,57,20,103,10,92,5,116,18,36,123,133,124,69,99,39,74,131,71,98,17,47,107,73,80,7,70,40,96,56,142,58,85,61,21,120,54,52,148,113,55,2,50,127,121,75,108,95,28,19,44,33,110,78,31,119,90,46,22,59,130,65,105,81,104,3,117,34,136,89,13,111,49,6,30,26,149,82,77,8,0,146,23,114,43,101,24,112,32,106,15,87,84,64,135,11,63,37,42,45,35,118,29,48,94,60,41,51,115,38,9,4,88,145,129,12,27
20,132,45,16,113,28,14,126,85,35,109,66,34,102,88,125,129,13,72,91,139,144,79,82,44,5,1,93,60,78,105,47,62,130,57,51,103,61,137,107,149,18,94,52,76,86,69,99,138,74,11,59,19,17,21,10,95,12,7,134,135,96,104,87,58,49,114,127,136,92,120,75,54,55,2,140,25,128,141,50,142,37,112,118,115,4,48,31,119,90,24,46,124,77,40,53,84,15,3,133,147,121,89,122,111,42,63,30,143,39,108,22,70,0,26,27,131,43,101,33,97,32,81,8,80,110,64,100,65,117,36,67,71,146,83,29,98,73,123,41,6,56,38,9,148,106,145,23,116,68
131,123,88,72,113,94,87,99,100,122,109,63,71,6,139,125,43,51,149,111,52,22,126,115,44,5,1,3,54,103,105,112,62,16,45,37,110,61,95,49,26,18,107,118,31,142,69,104,138,65,57,93,7,17,53,20,84,10,13,91,135,59,83,27,130,129,39,127,136,102,134,14,70,116,2,86,25,19,79,97,36,68,81,85,106,76,48,119,4,90,24,58,60,120,11,144,96,74,92,133,147,121,89,143,82,56,55,30,117,35,108,12,78,0,40,128,141,42,66,33,73,32,28,8,34,50,64,15,146,46,75,67,114,77,140,29,98,38,41,21,47,9,124,101,148,132,145,23,80,137
131,120,115,133,96,97,87,99,60,118,40,63,102,20,146,125,2,77,149,111,52,45,27,35,88,5,121,92,114,103,105,51,147,76,16,37,58,130,25,49,48,128,3,30,39,14,135,104,7,129,22,93,59,0,32,116,123,50,55,91,117,142,8,17,18,53,57,6,138,100,134,69,70,83,10,108,122,29,79,119,143,68,81,85,106,64,23,31,4,72,95,36,62,94,11,110,139,74,73,132,13,90,89,28,24,19,9,101,12,144,127,82,78,112,65,109,107,42,47,33,43,98,67,41,113,46,148,15,44,54,75,126,86,66,140,34,141,38,26,21,56,80,124,61,71,136,145,84,1,137
25,9,74,122,57,97,7,125,104,118,17,63,146,72,11,132,2,119,18,39,115,45,27,87,100,124,121,133,55,96,66,111,24,76,16,123,88,148,89,131,29,105,3,92,32,43,149,113,126,80,90,102,59,65,83,8,103,34,127,82,81,142,40,93,69,12,61,6,95,4,147,129,70,120,101,53,141,77,79,73,106,68,138,20,85,64,58,31,99,130,86,36,62,35,71,110,14,91,5,75,13,19,10,28,56,22,46,37,48,144,50,0,78,112,117,109,128,42,47,33,98,94,67,41,134,49,60,140,44,54,1,23,52,108,145,135,84,38,114,21,51,15,143,116,107,136,30,139,26,137
106,63,74,122,57,146,111,147,11,126,17,9,33,73,80,132,22,119,23,59,115,123,12,99,128,88,35,21,6,137,66,19,117,76,61,42,82,131,86,138,109,140,3,92,4,124,96,1,102,39,90,18,127,41,83,134,143,34,29,31,81,148,84,72,105,32,2,120,77,75,14,129,70,104,136,53,112,58,144,60,89,25,135,55,51,64,27,103,133,121,125,87,62,118,71,40,24,91,114,56,13,95,10,28,68,85,46,37,48,93,5,0,65,113,43,8,7,107,130,30,98,79,67,100,20,49,16,141,97,54,50,45,52,108,110,142,36,38,145,69,44,94,15,116,78,26,47,139,149,101
80,145,103,105,143,51,83,88,36,126,63,121,127,48,46,132,22,148,141,93,122,52,12,27,128,11,84,55,6,137,39,101,117,76,61,42,74,140,7,58,13,130,3,90,129,72,69,29,64,57,87,17,45,89,54,134,95,34,125,31,41,112,77,79,146,35,19,120,115,147,14,144,1,104,110,53,131,66,38,111,15,25,123,8,33,23,70,113,133,136,4,142,59,118,71,40,82,91,114,94,81,106,10,98,62,85,100,37,108,21,56,0,109,99,43,65,28,68,75,60,138,44,20,73,86,49,2,124,97,107,50,102,92,96,67,78,139,30,32,9,119,18,16,116,24,26,47,135,149,5
31,53,97,105,60,51,69,44,112,102,35,46,15,48,4,73,22,76,36,49,122,52,12,100,40,11,7,55,88,63,89,77,125,13,20,42,39,6,61,121,34,109,3,90,129,99,92,124,45,47,87,64,80,145,19,24,95,126,131,16,59,71,83,119,146,127,56,54,98,78,148,144,1,21,110,81,113,66,38,111,140,25,123,75,141,96,70,67,133,120,104,115,128,143,74,27,43,0,114,72,132,136,10,130,62,85,142,68,94,41,23,33,58,137,139,65,91,5,14,93,138,8,147,106,57,28,2,118,108,107,32,17,101,135,134,84,50,30,29,9,82,18,37,116,149,117,26,103,86,79
72,53,83,31,122,54,25,133,125,102,17,89,38,44,4,73,14,106,139,52,74,18,124,103,131,11,69,55,88,63,30,77,23,46,7,42,21,6,108,56,132,13,130,47,50,99,117,2,45,126,87,48,58,101,134,105,138,147,94,26,107,90,36,119,146,65,27,79,98,15,148,9,142,22,24,115,112,66,43,111,20,5,123,19,141,71,70,149,37,10,104,120,116,143,91,80,8,0,96,16,64,121,75,109,62,85,127,68,129,40,67,33,78,137,1,82,136,41,145,93,114,81,140,95,57,34,60,118,128,113,32,28,59,51,3,84,97,76,29,35,39,144,92,61,12,100,110,135,86,49
34,53,25,47,134,117,6,96,125,102,17,124,38,50,4,22,130,74,55,8,114,67,12,43,107,92,44,10,145,62,30,77,94,99,7,76,21,81,106,56,18,13,120,138,82,39,83,75,46,61,87,101,58,5,109,91,103,133,33,148,98,11,36,122,70,51,60,28,149,27,89,9,1,32,121,115,112,66,15,131,20,93,123,19,141,84,2,24,37,16,41,142,147,143,88,80,69,63,108,116,64,146,111,68,129,85,40,100,35,139,26,135,78,137,14,48,136,71,144,86,42,72,119,95,57,52,45,118,128,113,105,3,79,0,59,126,97,140,31,110,54,127,65,90,29,132,104,23,73,49
34,121,97,47,146,140,15,68,76,51,139,24,38,59,83,130,55,53,64,105,114,27,12,43,17,108,143,10,109,62,112,144,11,106,54,19,37,79,23,69,124,18,120,60,82,39,28,75,149,61,29,101,58,40,122,88,103,133,33,46,104,148,36,132,99,6,107,57,90,116,63,45,77,84,145,115,102,41,127,119,20,131,123,95,86,8,2,65,67,110,70,142,117,7,138,80,56,13,81,85,4,92,93,25,129,42,125,100,35,71,50,135,78,134,113,48,136,21,94,141,118,72,66,74,147,128,22,91,52,111,5,3,137,30,32,126,26,44,31,98,96,14,89,9,16,1,87,0,73,49
123,115,97,47,25,57,34,68,50,80,60,120,135,112,83,130,55,75,98,64,114,87,12,122,117,108,134,10,109,84,29,144,11,129,79,19,37,6,23,69,111,18,24,143,36,59,44,41,5,40,42,30,149,107,116,88,103,133,99,128,104,148,86,141,72,121,16,85,4,66,2,45,119,105,145,53,74,13,127,27,67,131,126,146,113,95,43,65,89,110,70,62,0,7,32,15,54,26,136,52,20,140,93,132,21,118,125,100,35,78,76,94,56,46,138,51,49,82,28,106,102,71,33,31,58,22,48,91,1,14,124,3,81,96,61,147,142,139,39,73,137,38,8,9,90,92,101,17,63,77
97,136,125,47,87,57,123,68,120,131,60,1,25,117,93,130,65,133,98,27,108,144,36,84,127,59,115,10,54,17,29,135,7,45,124,34,23,74,70,69,49,18,101,143,0,48,91,41,22,40,42,53,38,105,56,44,142,137,99,128,147,148,86,32,82,64,16,85,103,12,2,90,76,94,62,79,73,13,11,35,67,134,126,30,96,149,43,71,20,110,88,55,121,8,116,146,5,106,119,4,102,6,26,58,21,24,52,75,145,78,104,140,129,95,138,51,15,83,28,66,100,46,33,31,19,113,72,109,89,14,9,114,63,112,61,118,132,139,39,107,80,77,37,111,3,92,122,81,50,141
97,10,125,73,145,32,3,112,68,131,60,1,71,57,62,149,37,70,127,75,116,144,81,124,42,47,115,41,100,17,74,102,12,90,39,29,114,79,22,69,82,91,101,143,7,8,31,78,27,40,19,33,119,83,56,44,25,72,139,129,28,53,113,5,110,64,142,123,103,86,2,49,77,16,26,76,0,96,138,87,38,108,126,59,11,147,43,130,20,61,88,55,121,122,24,140,30,48,99,4,18,6,132,106,21,58,135,105,67,148,104,84,94,128,52,51,15,54,134,66,50,46,118,133,34,45,137,109,98,14,9,107,63,35,120,80,117,146,65,85,13,36,93,111,89,92,95,23,136,141
67,103,9,19,145,100,3,112,57,53,134,69,29,116,62,101,70,36,102,94,33,129,81,124,21,44,93,41,99,89,120,82,42,0,11,2,114,31,22,136,76,91,75,59,54,8,126,128,27,66,143,7,131,149,83,118,110,56,140,51,28,138,10,61,98,64,48,115,32,86,1,49,34,16,74,106,104,26,63,87,125,23,72,137,88,147,6,130,20,109,25,55,119,15,78,144,30,45,142,4,18,68,132,122,77,96,39,127,84,148,146,135,71,47,52,90,79,40,73,58,50,5,35,133,17,105,46,12,95,14,97,123,107,38,37,80,117,139,65,121,13,43,60,111,85,92,24,113,108,141
70,97,27,19,135,87,36,48,117,90,76,68,89,94,115,101,60,2,63,137,64,110,66,14,24,44,93,41,62,67,12,82,79,146,85,132,114,16,116,34,49,3,32,113,109,128,122,74,72,13,42,26,131,81,83,7,0,55,104,51,28,75,10,5,59,53,99,84,17,91,1,23,142,22,126,143,98,30,130,29,125,46,134,56,21,147,138,100,20,129,33,144,69,15,78,88,112,45,54,25,18,86,145,31,77,80,106,127,11,120,52,61,103,47,119,4,8,71,73,58,50,43,35,133,37,105,9,39,95,149,102,40,124,38,123,118,96,139,65,121,136,107,140,111,148,92,6,57,108,141
34,97,107,59,145,39,33,146,57,112,47,51,89,88,115,60,65,101,70,83,128,74,62,41,123,64,52,18,127,67,12,44,21,143,85,117,114,77,94,15,3,137,147,113,6,105,106,73,72,11,104,136,131,81,27,135,0,91,43,25,93,75,49,118,121,55,109,37,17,5,19,10,20,84,126,26,98,63,132,30,130,14,134,90,53,22,138,100,2,8,46,144,69,99,78,9,142,31,54,24,1,86,28,13,82,48,95,122,133,120,92,7,76,45,119,4,103,108,42,50,129,116,35,80,87,29,32,16,58,149,102,40,124,38,66,148,96,139,23,61,71,36,140,111,79,68,110,125,56,141
34,106,20,59,112,39,33,3,130,28,2,118,11,88,19,96,65,140,128,134,10,41,62,38,51,97,52,18,83,67,120,54,131,135,144,121,114,77,123,105,15,143,147,113,87,32,84,89,139,31,104,136,102,53,70,73,145,90,43,75,111,126,49,91,127,55,109,37,95,27,69,42,30,22,24,100,35,63,110,64,93,107,25,108,7,103,12,115,14,132,137,5,141,44,148,9,142,26,47,86,1,122,8,13,60,48,68,76,92,6,23,99,82,45,56,74,57,66,78,50,129,116,80,119,117,29,21,17,58,149,101,36,124,125,16,4,138,72,85,61,71,81,98,133,79,94,0,46,40,146
75,77,94,51,112,39,97,76,111,123,2,48,38,82,52,134,90,140,117,91,33,41,11,126,148,149,79,30,125,141,27,56,67,47,144,145,57,16,115,105,80,143,99,146,55,5,84,128,4,31,71,136,102,106,135,73,54,0,18,45,87,100,49,113,127,63,93,37,129,98,69,42,35,22,24,83,109,120,110,64,29,34,121,108,114,116,9,139,1,19,78,74,3,44,72,14,28,26,32,86,147,13,8,12,60,130,107,132,92,6,23,89,142,95,68,101,137,25,58,50,104,103,122,85,66,40,21,20,7,62,88,36,124,119,43,70,138,17,15,96,118,81,10,53,131,65,61,46,133,59
146,77,37,12,112,120,97,81,111,123,2,136,142,82,48,96,91,51,17,126,33,41,11,149,22,117,42,10,8,145,72,90,74,62,144,104,83,93,52,105,80,0,99,98,16,5,76,38,32,31,57,79,95,6,132,103,25,115,107,45,87,128,137,143,64,63,24,20,129,127,71,108,30,134,49,60,29,106,110,109,55,34,139,65,114,67,9,121,23,19,46,56,148,69,28,27,100,1,70,140,14,13,92,119,4,133,147,21,47,73,78,94,101,130,68,75,122,86,58,39,50,36,44,85,88,40,135,18,7,113,118,141,124,35,43,26,138,102,15,116,54,3,66,53,131,89,61,125,59,84
22,77,80,112,21,120,129,81,86,123,142,136,8,102,36,96,140,51,124,107,88,100,64,114,34,117,56,10,143,76,72,84,74,66,37,104,49,93,52,27,121,60,99,0,29,147,79,98,82,47,33,135,95,65,30,1,14,91,61,97,87,3,137,119,113,63,24,106,62,12,71,144,7,134,103,19,69,105,110,109,16,2,141,42,13,67,54,148,118,55,89,31,25,6,28,128,131,45,38,41,50,48,70,132,85,133,83,111,15,90,73,11,101,130,127,75,122,149,18,39,23,17,9,26,94,40,126,57,92,5,108,68,145,35,43,139,138,4,59,58,116,115,146,53,78,20,32,125,46,44
22,15,108,92,112,51,81,96,73,61,49,12,107,102,103,45,135,32,21,18,28,84,64,114,106,120,109,10,44,35,8,131,101,25,27,104,69,144,52,99,121,14,4,123,39,5,19,98,55,47,86,31,95,65,16,1,90,91,60,71,76,3,137,24,33,11,43,93,100,2,29,117,7,119,68,78,34,105,66,147,20,80,77,42,13,67,118,59,56,142,89,129,83,6,88,57,97,124,139,50,87,48,41,54,85,133,9,111,70,53,38,132,26,130,127,75,122,149,141,58,72,17,143,126,94,40,113,138,37,110,62,82,145,125,136,148,128,79,140,30,36,63,146,116,0,74,115,134,46,23
22,105,108,94,98,51,66,67,73,61,36,72,6,102,103,80,2,37,135,18,15,75,114,120,55,54,44,70,126,141,8,131,101,132,27,24,40,118,64,99,121,30,4,123,104,92,19,17,62,125,86,100,95,34,16,74,90,56,39,26,107,143,113,29,12,11,124,110,145,146,0,32,58,119,93,20,59,71,5,50,3,111,137,42,13,52,133,97,65,142,106,83,82,79,76,57,1,45,47,33,115,48,85,139,144,43,25,31,112,87,28,38,63,130,127,60,9,149,116,35,77,147,129,89,7,134,78,138,88,41,69,14,68,96,136,148,128,53,140,117,84,109,10,49,91,81,122,21,46,23
74,16,108,94,45,96,51,67,140,61,141,42,148,6,69,3,149,18,135,127,15,75,49,4,58,37,31,70,126,134,81,131,87,7,119,114,55,103,64,99,60,30,91,89,128,121,19,144,73,52,63,137,34,130,102,33,90,95,39,26,110,25,120,143,32,11,124,76,145,107,105,118,113,46,93,20,111,27,123,92,83,100,56,80,98,125,86,101,8,12,106,68,66,79,82,24,1,14,142,129,115,48,85,139,5,71,62,138,112,38,50,22,133,84,28,44,47,147,9,35,77,65,53,40,43,146,104,116,36,132,88,54,97,23,136,29,72,0,2,117,41,109,10,17,13,78,122,21,59,57
82,35,128,94,146,78,124,31,53,143,54,42,18,6,68,111,85,43,135,29,58,75,27,76,147,37,110,46,28,134,137,51,87,115,119,81,127,103,49,40,33,30,91,145,149,121,66,105,7,48,126,67,34,141,102,16,90,9,118,70,11,69,120,148,61,55,96,125,13,107,5,104,74,93,3,20,133,73,8,36,83,123,19,80,98,122,112,117,72,142,106,132,114,89,64,24,1,14,136,15,65,108,92,139,26,12,71,138,0,62,38,22,45,140,63,131,47,50,77,44,129,86,99,39,32,97,21,116,95,56,88,130,101,23,144,79,109,60,2,41,84,113,10,17,25,100,4,52,59,57
70,35,63,62,146,78,102,31,46,143,54,122,16,2,114,68,141,43,132,29,117,6,89,9,145,37,110,125,14,48,88,58,119,115,26,118,51,137,49,64,71,39,15,32,42,30,87,105,10,19,17,67,34,94,11,135,90,107,24,111,127,69,57,61,5,55,27,79,13,148,126,104,74,53,3,76,99,73,8,85,83,123,101,23,20,124,47,56,0,149,131,59,144,65,91,93,106,130,136,112,66,108,92,139,25,81,18,138,75,133,38,41,80,121,1,60,100,50,33,140,109,98,45,84,113,97,21,116,95,147,120,96,52,7,86,128,36,134,40,44,142,129,77,22,28,82,4,12,103,72
70,35,93,71,44,32,82,74,54,143,78,114,31,21,112,62,0,43,132,29,30,137,89,117,41,138,36,73,2,75,46,124,119,103,66,106,26,60,95,113,123,146,51,63,42,96,87,111,101,19,90,67,47,94,11,50,53,107,126,118,116,56,57,61,128,92,27,135,13,148,147,5,127,9,86,37,99,15,8,4,88,85,58,109,12,34,14,39,20,28,91,59,120,65,33,77,45,6,136,125,129,108,104,105,25,81,18,141,72,133,38,121,10,55,1,76,100,68,80,149,115,98,69,84,48,97,49,83,145,64,110,22,122,7,52,134,131,139,144,16,142,79,24,17,130,40,23,3,140,102
57,35,28,119,133,135,17,3,125,47,78,38,74,21,112,62,70,44,0,29,30,137,93,128,43,101,31,73,2,121,27,32,124,141,120,68,115,41,34,20,97,109,16,15,95,96,75,114,8,79,99,67,126,94,11,80,53,129,58,108,116,56,103,142,122,12,91,89,19,148,65,26,127,9,86,82,100,92,117,88,49,143,36,39,132,118,14,111,24,46,13,85,84,23,113,77,45,1,50,106,48,83,4,105,138,25,18,104,139,22,37,72,10,55,5,76,149,6,59,66,33,61,69,63,147,123,54,90,145,107,110,71,81,7,64,134,60,136,144,131,51,87,146,98,130,42,40,52,140,102
40,31,93,138,133,135,96,59,83,47,78,143,85,21,81,9,70,38,116,22,131,137,129,123,104,49,50,73,2,121,102,32,12,141,120,128,27,41,23,20,98,43,16,62,109,14,110,105,8,107,0,56,45,84,149,80,92,35,112,75,10,68,66,28,37,97,4,108,89,148,61,142,6,127,74,82,69,71,91,124,25,51,36,39,17,118,144,111,24,29,79,46,136,48,113,94,114,1,15,106,58,103,44,11,101,100,99,77,18,126,122,72,53,55,19,76,26,52,130,140,33,34,134,54,147,60,119,145,30,125,65,139,63,7,64,67,86,117,3,95,90,87,146,115,132,42,5,13,88,57
40,31,131,47,34,27,132,59,83,69,5,143,68,38,119,137,70,110,114,22,4,113,107,147,41,92,53,73,2,121,102,14,61,124,120,39,58,71,56,129,98,87,105,62,88,77,66,42,115,0,128,138,45,91,149,96,82,123,122,50,109,57,37,10,11,97,49,26,19,148,21,12,6,75,74,89,33,85,52,117,118,51,86,136,17,90,80,1,24,29,94,67,101,48,79,95,7,78,15,106,142,99,44,135,144,8,111,55,18,93,126,72,32,43,84,46,23,63,130,140,112,76,141,54,133,60,13,145,30,125,9,139,108,35,127,104,25,134,116,65,64,81,28,100,3,16,103,36,146,20
40,49,147,67,17,112,132,64,83,102,136,117,68,38,96,119,140,125,15,22,4,113,121,107,103,54,27,77,0,84,106,11,36,131,42,66,37,23,73,129,98,63,118,8,56,92,48,138,124,122,142,116,45,51,149,19,7,143,50,82,70,57,89,97,101,14,41,10,71,148,21,12,6,61,74,44,144,85,52,20,91,145,86,9,59,90,133,34,24,5,111,39,120,47,135,95,115,62,53,26,128,137,109,16,69,30,94,55,18,93,114,72,134,31,58,46,33,75,79,146,105,110,81,88,32,60,13,65,99,130,2,25,108,35,127,104,139,87,123,1,29,76,28,100,3,126,78,43,141,80
98,49,100,67,5,73,148,64,2,102,126,47,91,38,96,119,87,30,140,74,27,113,121,9,103,117,24,10,0,42,136,129,57,50,75,138,52,28,77,20,23,142,118,22,82,92,26,115,130,83,95,53,45,112,149,17,36,4,54,93,108,85,89,84,7,19,41,3,37,97,18,76,6,145,48,40,101,62,71,127,120,14,16,124,59,90,133,146,109,99,111,39,44,60,134,66,88,70,15,31,128,51,135,69,78,143,122,8,131,137,132,72,56,34,107,46,25,114,106,147,105,110,81,58,32,65,13,125,141,21,63,94,33,35,116,68,139,79,123,1,29,61,86,55,144,11,12,43,104,80
98,46,29,67,112,69,113,64,90,102,58,41,93,38,116,119,50,30,140,105,126,47,130,12,131,91,68,10,32,52,136,143,139,42,75,26,77,79,0,94,53,22,117,100,123,92,13,122,59,97,110,129,114,137,74,17,23,57,71,27,31,83,76,84,11,19,7,3,36,33,54,101,48,145,14,70,106,62,88,121,21,80,16,124,82,18,15,120,109,99,111,28,9,60,134,66,95,8,148,96,128,51,87,85,78,146,142,24,127,115,118,72,35,34,107,39,25,1,5,4,147,149,65,6,108,89,132,63,49,133,45,125,44,138,135,141,20,55,37,81,40,61,86,73,144,2,103,43,104,56
66,135,84,105,123,2,113,122,72,140,112,81,93,90,116,48,65,30,133,35,126,115,130,12,131,86,109,50,38,124,136,143,99,7,75,26,144,79,0,95,10,76,37,127,128,54,74,13,36,97,82,129,3,137,85,9,23,24,71,27,31,88,111,46,5,114,108,96,59,40,67,134,47,145,132,101,106,62,20,64,118,21,149,98,87,18,15,63,141,45,58,28,119,52,100,29,138,69,43,33,125,51,60,77,78,11,142,91,139,14,16,39,4,34,107,6,8,68,146,117,49,148,147,44,19,89,57,70,80,41,94,22,1,25,92,121,17,42,102,120,110,61,55,73,32,83,103,53,104,56
101,147,137,63,139,2,121,83,81,39,132,51,73,18,104,78,29,56,133,94,126,99,17,91,131,86,97,50,46,124,136,22,105,54,20,123,144,107,0,66,10,76,19,127,112,113,74,45,58,13,82,48,3,7,138,9,44,110,129,27,31,88,80,117,38,61,115,93,134,40,84,149,16,26,75,103,95,35,53,64,23,21,111,98,28,15,106,128,141,12,87,130,55,52,37,57,43,69,24,140,36,33,77,142,108,11,71,79,67,14,25,59,4,135,32,100,8,68,146,62,109,148,6,72,122,89,70,90,34,41,114,118,60,116,92,30,125,65,102,1,49,47,5,143,119,42,120,145,85,96
146,119,120,59,35,2,47,70,114,39,92,51,140,82,145,49,37,32,133,94,137,99,17,91,131,12,95,50,46,45,75,68,60,54,43,67,71,66,0,139,5,53,19,127,147,113,136,62,8,13,129,48,118,7,138,9,44,69,110,27,100,23,80,78,38,126,115,11,134,33,117,26,130,1,77,103,124,25,121,98,57,21,111,63,24,84,106,79,112,83,31,132,55,97,143,125,16,148,15,93,61,20,87,142,41,18,144,56,149,81,6,102,123,128,107,34,40,30,108,36,4,28,10,72,74,89,52,90,22,65,58,76,101,14,135,116,141,64,85,105,86,73,29,104,109,42,3,122,88,96
100,119,120,9,123,2,77,124,111,114,29,54,145,94,76,17,60,129,64,71,137,57,28,80,65,78,148,50,67,33,37,73,19,32,55,24,5,66,59,21,35,118,147,53,16,4,136,101,8,83,133,22,43,7,6,95,44,69,127,27,138,23,15,130,38,146,40,93,134,12,117,26,36,1,108,98,0,25,45,131,91,122,41,63,99,18,39,46,112,104,13,132,143,34,51,10,121,115,79,70,61,20,30,142,97,82,144,56,149,75,96,52,110,87,72,107,116,140,11,139,128,126,48,102,74,89,81,113,68,90,58,49,86,14,135,42,141,106,47,105,85,92,84,31,109,103,3,62,88,125
100,140,19,86,36,82,143,48,111,108,106,54,102,94,139,88,112,129,115,71,45,57,28,37,65,99,148,131,38,78,46,12,84,44,55,53,96,13,7,21,144,77,105,50,98,30,22,113,72,83,133,63,43,5,6,95,145,0,127,27,15,120,32,68,126,146,101,11,134,58,142,34,116,26,1,119,62,25,14,64,91,122,41,110,4,18,136,3,2,104,123,24,93,33,114,10,67,40,80,103,66,87,60,42,97,117,59,56,20,75,121,52,69,135,141,107,124,70,128,138,90,8,125,51,74,16,76,61,132,35,85,49,137,29,81,89,39,147,47,79,118,9,149,31,109,17,23,92,130,73
100,140,19,132,129,82,133,48,68,108,106,36,102,99,35,33,93,113,115,59,2,60,136,66,65,37,89,84,43,148,8,127,130,118,12,53,119,9,7,21,144,105,143,4,98,30,92,71,51,83,23,63,20,5,56,95,145,0,57,15,87,22,31,120,126,131,101,94,75,55,135,11,97,26,110,124,38,25,62,39,77,122,41,146,80,27,17,3,116,79,50,123,73,46,114,29,67,40,85,103,149,96,109,13,90,117,112,141,34,42,44,49,54,14,6,107,61,45,128,142,10,1,52,58,74,137,81,69,72,28,76,88,104,24,91,138,121,70,47,111,32,139,125,64,16,86,78,147,134,18
100,140,117,0,129,82,11,48,68,108,47,107,102,4,35,33,93,66,99,51,67,40,65,85,10,89,15,84,60,148,87,36,145,20,12,122,57,101,132,83,32,144,77,13,98,30,56,71,17,2,92,46,6,69,97,138,5,109,49,133,105,110,147,9,73,130,61,24,75,55,126,103,8,26,80,124,62,143,1,39,118,3,41,111,95,38,63,54,116,76,50,72,135,91,114,141,139,53,42,37,19,96,128,23,90,74,112,94,43,14,22,127,59,106,31,18,134,27,58,142,115,131,52,119,7,149,81,21,146,123,137,88,104,28,136,45,120,70,16,125,29,121,25,64,44,86,78,34,79,113
100,140,117,0,81,135,11,122,68,76,47,132,102,46,52,134,139,67,138,142,103,54,65,39,10,17,2,113,60,25,26,87,62,5,64,12,49,82,59,115,29,144,77,13,38,75,98,20,108,61,92,73,78,141,149,129,93,109,51,133,90,126,8,44,55,125,42,91,94,71,36,105,137,86,80,21,89,128,1,9,118,116,41,58,95,79,22,124,107,69,50,72,99,70,147,56,84,53,145,37,19,14,114,33,57,74,112,148,43,110,4,127,63,143,30,18,6,130,48,97,96,119,101,104,7,136,34,40,146,85,35,24,23,28,3,45,83,32,16,106,120,121,66,131,15,111,31,27,88,123
82,140,117,14,81,135,35,55,68,93,47,16,67,100,0,129,114,97,98,40,83,11,3,106,10,134,2,7,18,25,52,69,132,5,37,139,49,88,59,89,105,144,113,133,99,75,142,116,92,6,27,56,96,121,87,65,72,146,51,46,90,126,8,138,4,125,31,48,45,147,9,44,137,54,64,131,70,128,1,86,118,43,41,123,95,79,22,124,107,143,50,20,71,28,12,130,84,108,19,58,33,53,85,112,78,34,26,122,80,127,145,149,63,24,103,110,61,29,38,136,148,119,30,104,36,91,17,32,74,94,76,101,23,60,57,120,77,39,42,73,115,13,66,21,15,111,109,62,141,102
82,49,117,133,81,16,7,131,68,106,56,8,148,51,0,127,31,143,115,40,12,11,26,5,10,53,39,140,20,25,52,146,34,136,23,50,78,88,59,80,55,46,113,137,3,139,142,116,41,6,104,100,61,121,87,65,132,119,24,18,28,60,149,69,92,125,21,134,77,37,99,9,110,54,57,45,66,128,32,86,35,72,75,17,95,15,105,67,38,74,135,48,71,138,96,13,84,29,47,58,33,118,85,44,144,1,14,107,123,27,145,141,108,64,103,4,97,19,79,90,93,76,30,129,73,147,98,94,101,124,63,2,70,36,112,120,89,22,42,130,91,83,114,43,126,111,109,62,122,102
82,126,117,133,23,16,59,112,37,115,71,2,148,136,108,127,22,1,94,36,68,72,98,26,107,44,42,140,131,38,55,147,34,10,18,50,123,93,85,125,143,46,25,137,87,139,146,54,41,100,97,24,111,104,149,20,106,101,121,130,80,21,132,69,92,88,116,39,7,79,99,95,76,51,103,45,66,128,119,86,57,142,12,17,138,49,105,27,14,74,81,8,77,6,53,13,84,11,40,134,33,144,31,30,73,67,28,78,5,63,145,64,35,47,135,4,60,19,91,129,52,15,75,61,29,122,90,3,0,124,32,141,70,118,120,48,89,58,9,110,56,83,114,43,113,96,109,62,65,102
82,59,131,133,56,8,13,42,11,65,71,25,148,37,74,113,102,1,26,36,149,38,0,103,92,44,83,105,117,99,55,17,94,138,80,60,123,53,85,22,143,115,64,112,137,27,146,19,141,9,97,4,111,79,54,20,106,46,73,77,68,24,18,7,134,84,100,39,30,23,130,5,91,140,119,45,124,50,87,86,76,142,96,66,109,49,108,93,14,116,34,63,15,6,3,89,88,57,40,75,121,144,2,12,95,67,28,147,35,16,145,139,31,126,135,33,107,81,129,104,118,52,72,48,29,122,136,61,128,47,127,101,70,90,120,21,69,58,51,110,125,10,114,43,78,41,98,62,32,132
82,146,92,29,42,67,127,9,4,89,71,50,137,37,88,103,102,52,24,36,149,148,61,20,85,33,107,111,99,15,68,38,91,129,80,60,116,65,115,125,123,130,64,106,32,13,75,19,141,105,97,35,84,79,113,5,40,114,73,77,144,1,27,7,59,0,100,112,124,74,62,98,108,140,119,117,121,126,138,86,76,39,133,66,57,2,45,8,14,101,34,46,132,134,3,56,83,30,6,48,122,136,11,22,47,118,28,147,94,16,87,139,31,72,135,78,143,18,63,104,69,43,109,12,70,26,53,96,131,55,90,17,44,23,120,25,93,58,51,110,95,10,142,128,49,41,145,21,81,54
82,146,43,36,106,49,127,110,35,64,14,102,41,75,88,103,79,52,7,121,141,148,140,74,85,94,54,48,111,25,58,40,12,8,95,98,144,30,115,33,123,124,117,46,65,97,114,19,118,83,32,142,84,68,113,86,137,53,73,77,60,109,0,13,59,47,100,112,4,67,125,2,63,56,104,89,149,50,71,135,76,27,133,61,57,17,45,126,143,101,34,70,20,29,38,44,81,66,93,80,116,131,11,22,107,5,28,147,119,16,87,139,31,23,130,78,138,105,39,6,62,21,24,99,145,26,132,9,129,55,96,91,136,51,120,92,1,108,122,15,90,10,37,128,18,72,3,42,69,134
131,3,91,73,25,49,38,110,75,40,85,102,41,7,129,42,136,107,133,115,89,37,139,127,141,117,121,18,27,86,43,50,15,8,35,65,63,138,144,33,48,130,104,69,120,97,114,101,118,12,23,92,77,26,113,146,137,53,106,79,5,81,0,13,59,47,100,112,99,67,125,2,20,119,76,147,9,71,61,135,132,149,51,10,52,17,34,126,58,14,90,70,143,54,88,57,21,66,93,80,116,39,24,22,31,83,28,78,11,16,29,109,98,32,1,123,64,68,148,6,62,140,142,105,145,4,56,74,94,55,36,72,111,84,30,87,128,44,122,124,108,60,82,95,45,103,46,19,96,134
23,17,119,91,15,126,38,148,136,56,85,62,55,124,101,110,127,37,135,74,89,45,139,40,141,69,65,18,104,86,43,25,13,50,12,128,102,8,63,58,30,130,131,42,2,10,114,3,118,53,66,92,60,16,82,47,137,33,142,21,4,72,0,49,28,117,100,70,146,67,6,122,20,31,73,90,9,144,48,99,88,149,51,81,5,96,75,113,36,14,77,121,98,54,143,103,57,120,7,80,76,147,24,22,1,134,52,129,71,112,29,109,115,32,138,123,64,68,34,132,107,140,11,105,125,44,61,19,94,97,79,111,41,84,145,87,116,39,83,106,108,93,78,95,27,35,26,133,46,59
123,126,119,91,69,26,132,4,136,101,124,7,55,61,49,23,127,83,70,141,66,57,144,143,138,34,98,125,145,39,43,41,46,50,36,73,102,51,35,80,29,106,131,42,128,10,114,75,137,87,116,24,60,8,82,47,27,40,28,21,142,107,0,148,32,117,109,31,78,67,6,122,20,95,45,11,90,121,48,79,88,149,147,37,5,96,72,139,81,14,33,94,97,25,71,103,74,89,130,13,118,58,92,22,111,134,52,17,3,112,30,53,62,59,110,54,85,68,100,93,86,140,77,76,16,44,56,115,105,15,99,65,12,84,64,2,135,104,19,113,120,63,1,108,129,146,38,133,9,18
16,89,145,27,98,17,132,143,136,101,126,103,133,30,49,23,127,50,130,141,67,57,37,22,77,75,144,125,68,148,43,81,88,84,124,71,64,51,102,80,58,79,91,112,119,10,137,120,94,99,118,38,24,107,61,100,4,40,28,59,142,13,0,149,6,21,56,82,78,83,140,55,29,95,69,11,5,121,48,45,31,14,18,63,131,54,111,20,47,42,70,138,97,34,36,76,74,73,60,41,116,109,12,26,104,7,123,8,3,105,25,53,62,39,134,90,85,66,15,93,106,117,147,110,87,72,113,115,122,46,44,65,128,92,2,33,135,35,19,96,32,114,1,108,129,146,139,52,9,86
16,103,133,113,12,17,132,143,74,80,3,58,97,30,25,15,40,50,106,141,67,104,37,89,134,70,21,125,145,98,149,102,88,36,124,45,81,144,18,127,29,90,59,55,8,79,62,139,27,76,118,38,140,86,146,2,96,84,28,111,142,128,75,48,6,51,126,82,108,32,136,119,54,83,46,99,68,100,135,13,31,14,117,120,34,101,4,20,47,42,112,138,91,93,78,72,22,73,123,41,121,107,137,95,61,60,10,44,43,105,0,130,39,11,87,116,85,66,24,109,9,63,147,7,57,148,69,115,122,26,110,65,49,92,33,64,129,35,53,131,71,114,1,19,56,23,5,52,94,77
5,78,3,113,144,17,40,136,52,80,21,58,127,70,10,14,8,101,119,141,51,146,37,34,38,132,89,97,139,126,130,102,125,104,124,45,18,64,100,143,29,135,12,99,88,79,62,103,134,86,118,110,1,140,32,2,138,84,50,112,4,128,76,105,30,39,74,82,108,111,96,90,115,83,36,106,69,109,42,46,31,24,117,16,41,44,129,15,47,68,63,93,91,7,114,72,22,133,19,33,95,107,27,131,61,11,67,26,120,65,28,98,121,145,87,116,85,148,55,6,9,35,147,75,57,94,123,20,122,59,66,13,49,0,137,92,43,71,53,81,142,73,25,54,56,23,60,149,77,48
109,78,3,113,141,17,89,136,74,43,122,58,127,20,75,143,59,101,105,19,69,144,45,67,40,72,135,30,139,53,145,36,125,52,31,97,132,64,110,37,16,102,68,80,76,96,137,18,88,35,56,103,73,140,32,2,5,147,50,60,138,92,112,123,62,15,129,1,121,49,13,85,93,0,57,106,42,115,21,46,70,24,117,119,114,83,116,90,51,84,63,95,91,7,41,118,22,133,124,33,100,23,71,131,107,79,99,86,120,65,28,98,104,26,146,12,111,148,25,6,38,4,14,39,27,94,44,55,128,142,66,10,29,126,8,82,149,134,11,81,61,130,47,54,9,108,34,87,77,48
38,28,92,113,65,17,32,136,74,108,39,58,127,69,75,143,43,122,42,87,21,144,51,67,2,29,41,30,139,126,145,78,68,4,31,97,22,138,56,110,16,102,128,133,112,34,137,62,88,50,5,7,101,55,19,0,149,147,148,100,116,130,125,123,140,44,37,1,24,109,57,93,9,86,47,129,59,20,146,72,46,26,117,79,8,83,124,13,91,103,63,95,10,60,76,118,77,66,81,96,90,18,71,142,107,94,89,105,120,3,141,114,104,85,131,135,27,15,25,6,52,98,119,33,40,106,64,49,48,35,53,115,121,80,73,82,111,134,11,70,61,99,45,54,14,84,12,36,23,132
23,53,92,135,84,95,81,13,74,88,39,58,49,112,103,143,131,128,123,114,141,144,87,67,110,29,41,34,145,94,2,68,27,149,127,129,22,35,136,3,104,42,139,25,130,133,137,62,115,50,4,7,134,75,121,97,9,91,71,57,16,47,125,90,60,44,66,1,138,109,113,93,51,86,45,69,59,20,146,120,46,61,43,28,8,36,124,142,19,147,63,106,10,116,24,118,77,85,78,96,70,18,140,119,107,56,38,102,21,31,55,83,79,54,37,101,80,52,5,6,122,89,33,14,15,100,64,132,48,99,76,32,17,82,73,11,126,105,98,65,148,72,111,108,26,40,12,0,117,30
74,1,18,10,4,13,81,46,30,34,60,78,39,109,103,89,82,128,134,147,17,88,122,130,28,29,115,119,145,94,102,144,27,49,127,36,54,110,70,67,104,42,132,66,9,114,72,68,57,140,85,112,86,95,121,97,111,23,11,20,16,47,125,91,75,7,107,50,138,69,113,6,51,101,117,44,59,53,25,99,2,61,131,41,8,118,124,142,19,84,22,52,48,116,24,26,31,143,108,96,63,146,33,135,32,56,87,35,21,83,55,137,79,120,37,136,149,129,76,65,123,106,93,43,105,100,64,5,58,15,92,133,3,90,62,141,126,77,38,80,73,139,148,71,98,40,12,0,45,14
33,126,28,10,18,13,42,66,118,148,110,140,127,78,111,1,92,29,65,104,48,23,122,130,41,89,116,119,88,82,146,16,39,15,125,36,107,85,2,46,74,37,40,108,9,114,112,144,70,63,6,57,11,81,109,27,31,137,128,20,91,47,0,86,75,7,115,21,138,69,113,142,51,101,32,44,59,5,24,143,102,105,131,97,8,121,26,134,19,124,22,95,136,34,56,77,90,135,17,96,49,79,133,145,106,60,100,35,84,83,55,4,61,120,53,67,149,76,147,72,123,50,73,43,25,141,129,52,80,64,87,30,68,117,62,103,58,94,38,132,12,139,54,71,98,3,99,93,45,14
22,90,115,10,18,2,125,91,116,148,110,35,126,78,111,94,54,99,8,51,48,19,21,24,41,89,60,119,25,82,129,104,39,31,65,36,53,1,0,52,96,12,149,9,5,17,58,144,88,112,80,57,127,77,66,27,50,141,128,75,68,81,107,46,7,139,100,47,138,117,130,142,84,123,32,131,59,43,16,143,49,44,28,64,14,121,62,6,146,109,108,95,136,34,113,45,86,13,40,23,137,76,133,145,106,56,103,79,63,83,55,38,97,120,114,67,135,122,15,30,4,74,73,102,37,105,132,118,3,85,87,11,26,33,61,124,134,101,69,147,140,70,42,71,98,72,92,93,29,20
22,90,61,47,18,59,125,33,15,115,76,45,130,77,111,142,36,99,19,95,41,100,2,78,57,89,60,119,72,10,21,104,9,25,131,116,53,107,105,101,62,12,34,128,11,71,58,108,88,106,147,16,124,66,112,79,8,73,67,75,68,141,17,50,138,139,103,135,146,98,40,80,70,7,32,44,49,84,134,52,94,143,28,64,31,82,5,96,6,144,127,48,110,29,113,126,63,13,86,23,137,39,132,145,118,56,54,46,24,122,55,74,97,120,114,37,91,129,43,30,4,51,3,102,117,136,109,87,14,27,85,38,26,123,121,0,93,1,69,148,140,81,65,149,42,83,92,35,133,20
31,146,78,9,5,73,125,110,15,115,98,132,44,77,111,19,36,99,127,95,118,34,104,80,70,89,60,21,72,48,84,90,141,25,102,7,103,131,10,100,62,67,33,128,69,71,22,120,88,86,147,16,49,144,112,35,45,14,1,109,68,51,12,75,96,43,106,135,61,87,40,8,108,114,85,66,63,6,134,52,145,47,28,121,54,82,113,92,59,126,23,55,130,123,50,140,97,93,149,129,26,39,56,76,57,29,41,119,24,122,107,74,11,139,117,65,91,138,124,46,4,133,3,58,116,136,53,105,83,38,32,137,37,0,64,30,142,27,13,148,143,81,79,2,42,94,101,17,18,20
64,124,22,9,5,0,57,84,107,14,113,33,44,77,133,19,36,87,127,95,118,126,104,80,89,102,79,21,72,116,17,135,18,25,32,7,103,131,101,111,48,109,121,139,6,137,35,134,88,110,62,78,8,144,43,99,74,90,16,132,68,51,12,46,143,130,138,96,61,29,40,34,108,114,85,141,63,82,76,52,10,4,3,69,105,75,65,54,2,136,60,100,55,106,50,24,97,98,117,129,26,39,11,128,123,67,125,140,112,30,145,70,28,58,56,42,27,73,15,1,115,148,45,146,23,59,53,83,38,147,41,142,37,94,49,91,119,93,13,86,149,81,47,71,120,122,20,92,66,31
84,129,22,107,14,52,57,103,21,113,118,59,142,20,8,19,48,45,100,7,64,126,36,125,11,131,130,13,72,80,17,135,18,35,39,99,0,53,123,111,58,95,94,1,6,43,137,108,74,110,62,46,149,56,138,115,109,90,16,133,68,27,102,106,55,143,101,15,61,29,9,34,71,114,3,141,144,93,78,63,121,4,69,105,122,75,65,77,66,136,132,51,98,23,86,24,10,12,117,40,119,33,145,25,38,148,44,5,112,54,97,70,139,140,87,42,37,124,76,85,67,30,26,146,47,96,82,83,120,147,41,2,127,128,49,91,116,32,50,28,60,81,79,88,104,89,73,92,134,31
84,129,77,107,103,88,139,21,11,27,134,3,34,135,85,51,40,20,63,8,19,118,39,125,97,87,31,130,72,117,80,92,18,35,144,123,0,37,93,111,58,95,52,102,17,36,28,15,110,142,62,46,149,54,61,138,137,105,24,49,94,30,67,74,55,145,101,120,7,112,78,90,4,114,73,56,68,29,127,1,121,141,148,71,122,75,65,99,9,136,43,26,98,59,86,113,10,14,104,16,12,33,109,25,70,38,48,108,100,57,69,22,106,126,79,116,81,119,89,53,76,115,42,146,47,96,82,83,45,147,41,2,64,128,66,133,13,131,50,6,60,44,140,5,23,32,91,132,124,143
42,129,125,141,3,76,72,21,23,27,134,62,93,135,9,51,40,20,38,65,124,61,39,137,56,105,35,130,60,126,102,5,18,149,88,123,70,64,54,111,115,26,4,79,143,99,63,101,83,92,29,46,17,144,43,138,57,41,95,75,94,37,82,142,55,145,22,120,74,106,50,85,36,114,109,53,2,16,127,80,87,100,8,77,122,24,103,116,139,136,78,11,98,59,28,6,10,14,104,19,12,110,67,128,34,73,48,108,84,66,69,90,96,25,15,30,117,119,89,121,81,45,0,148,52,58,132,47,107,147,118,146,68,131,33,133,44,112,86,49,97,1,140,71,31,7,91,32,113,13
118,60,86,34,112,76,100,0,23,120,69,12,93,89,9,63,149,20,131,65,53,107,39,137,49,105,35,129,136,126,84,75,13,82,47,80,124,64,101,62,135,145,123,2,143,99,73,59,83,134,72,27,36,144,50,138,57,41,42,130,94,37,104,88,61,78,74,44,125,128,22,10,87,45,109,38,98,15,19,29,147,54,8,4,122,24,95,11,139,142,111,90,33,148,51,6,85,96,55,31,91,119,26,25,30,114,48,68,102,116,5,40,67,108,43,16,117,132,141,121,52,110,115,106,79,81,103,46,14,127,18,146,21,58,70,133,28,56,77,3,97,1,140,71,32,7,66,17,113,92
79,95,86,34,48,37,105,92,23,120,107,124,118,20,9,63,58,90,112,65,30,84,55,97,10,5,113,32,104,126,99,75,13,4,44,76,138,64,101,62,0,147,89,72,143,74,73,28,83,134,102,27,36,46,131,60,109,1,103,14,41,29,98,88,91,3,94,6,31,7,149,42,69,45,39,38,125,15,50,19,22,130,56,35,96,24,114,54,43,141,111,93,139,85,47,110,51,129,25,8,71,66,26,119,123,146,136,68,2,135,70,40,117,106,128,16,57,132,122,121,52,67,115,137,11,87,78,12,148,127,18,77,21,108,61,133,144,116,59,81,142,33,82,53,140,80,49,17,145,100
75,125,101,18,26,109,56,72,141,120,107,144,142,20,9,63,105,90,112,73,79,35,54,95,10,0,88,137,139,126,111,34,1,4,130,59,138,45,50,62,81,147,65,104,133,13,93,28,21,44,102,22,36,24,83,27,100,78,38,99,80,71,98,67,91,3,94,6,31,7,25,134,69,136,39,48,5,87,32,60,8,37,127,117,96,77,57,33,145,43,97,85,89,148,12,110,61,55,129,149,84,66,19,46,92,146,16,68,2,23,70,123,52,128,86,14,11,132,106,121,140,15,42,113,41,122,108,40,58,131,118,135,47,143,49,115,51,116,74,76,103,114,82,53,64,119,29,17,30,124
76,125,101,8,127,106,123,112,105,68,7,26,142,39,9,81,56,69,89,10,19,82,54,126,6,0,108,43,100,90,111,73,1,128,30,110,138,107,50,21,114,121,65,133,22,13,93,117,91,87,74,44,120,24,18,27,72,33,38,99,85,71,147,134,80,94,61,79,31,51,78,145,36,96,59,57,5,63,25,60,23,37,115,137,130,41,32,140,95,102,29,131,53,148,12,149,75,55,129,52,84,136,109,46,118,146,35,20,28,34,116,42,40,122,16,14,11,4,77,139,83,15,62,113,97,66,2,45,58,144,92,103,48,132,141,143,47,135,86,70,98,49,3,104,64,119,88,17,67,124
12,125,108,8,68,106,100,148,105,137,7,6,143,115,117,54,95,14,76,101,145,82,112,126,79,0,118,98,4,10,141,73,1,127,42,114,13,131,121,147,67,94,52,45,22,104,142,122,91,23,109,44,102,120,65,27,2,33,38,134,55,9,63,128,80,133,64,60,103,20,78,17,36,96,15,57,5,135,25,48,110,92,49,62,130,74,75,140,59,50,90,119,89,41,129,26,32,29,31,85,123,136,84,70,87,35,139,99,28,149,116,37,40,18,53,24,11,69,77,93,83,19,71,66,21,146,107,138,58,111,43,88,72,132,144,30,47,113,86,39,81,56,3,16,34,46,61,51,97,124
12,8,57,31,148,116,88,119,42,137,40,6,139,90,117,54,95,14,122,101,113,34,112,66,28,91,52,135,4,146,22,80,104,127,79,120,53,131,102,147,134,115,81,123,83,89,142,107,1,23,144,138,108,51,64,27,125,33,106,2,55,30,84,37,16,133,3,67,68,41,46,130,36,96,145,65,5,13,140,48,141,128,86,76,118,93,75,143,18,59,50,49,15,92,129,44,87,29,136,110,26,94,35,70,69,99,109,114,78,149,72,74,82,103,10,24,11,121,77,39,85,19,71,17,21,98,105,45,132,111,63,43,0,20,61,9,47,100,126,58,60,56,124,7,38,25,62,32,97,73
12,56,31,70,148,55,127,117,72,137,138,81,107,90,8,54,118,98,147,20,66,13,26,130,28,91,110,14,65,140,97,94,114,10,79,120,44,60,102,0,3,121,111,6,83,89,17,36,1,104,139,84,59,143,142,27,87,125,106,2,135,30,69,9,21,133,126,67,134,95,46,124,80,63,93,5,144,88,86,105,96,128,113,7,103,123,116,62,18,76,50,49,25,23,33,52,53,141,136,75,35,41,115,24,64,78,15,61,109,149,57,74,71,119,51,129,11,43,77,39,85,19,16,47,99,145,34,45,132,122,37,68,32,48,112,101,4,100,82,58,146,40,108,92,38,131,42,29,22,73
42,83,31,124,148,119,138,123,72,104,32,133,107,90,92,88,118,109,145,141,66,103,147,149,28,44,110,18,65,140,71,70,114,9,79,120,24,10,58,135,3,73,111,146,127,2,85,36,41,106,40,101,116,45,142,63,94,86,43,47,59,30,84,15,16,56,89,131,129,6,46,95,20,121,67,51,132,144,78,55,96,126,91,52,139,125,21,27,74,76,50,49,11,23,33,54,53,7,112,75,35,13,115,14,130,97,122,34,99,80,57,1,87,81,98,8,61,64,117,39,12,19,77,38,113,134,105,62,69,0,37,26,100,48,137,82,4,102,17,136,68,5,108,22,128,60,25,29,143,93
89,32,88,66,44,133,99,17,119,77,144,101,107,31,38,74,118,1,46,105,69,85,14,149,109,23,132,91,13,140,71,59,141,11,33,96,138,62,58,135,55,45,70,5,110,52,30,36,16,9,40,67,100,72,142,114,10,86,43,78,146,122,27,15,50,54,103,145,147,6,106,2,20,121,3,37,104,124,117,41,129,0,123,47,87,125,21,75,95,68,83,53,127,76,92,139,93,7,112,24,35,42,94,111,130,56,128,22,131,80,28,79,84,81,98,8,49,64,51,48,12,19,126,34,113,102,134,120,61,65,97,57,73,108,137,82,4,116,39,136,148,63,18,90,115,60,25,29,143,26
112,55,62,120,44,133,99,59,119,1,11,121,50,65,83,25,118,136,46,75,69,28,101,82,72,81,132,67,78,35,142,104,141,113,3,20,135,74,149,138,145,45,85,12,71,41,38,128,2,9,122,31,100,109,91,16,84,86,76,66,115,36,88,125,123,54,27,10,68,96,106,43,143,29,137,37,144,124,129,147,13,8,95,47,17,130,49,18,103,40,4,61,134,5,92,139,98,7,15,24,30,42,70,116,58,32,21,94,131,80,110,79,87,93,14,33,77,0,51,48,60,19,126,34,52,23,114,53,73,64,97,57,102,108,26,107,127,89,39,56,148,63,105,90,140,6,111,146,117,22
112,55,74,16,73,118,99,89,119,1,11,100,50,85,83,49,123,136,46,146,69,48,101,131,30,84,137,4,0,35,115,67,82,113,109,20,38,143,71,65,145,45,59,27,133,147,36,68,120,9,37,52,102,135,64,76,139,62,39,129,2,26,53,93,19,114,42,78,125,96,103,106,132,23,51,77,144,124,29,12,17,8,95,117,43,149,18,32,130,60,98,61,41,58,92,105,128,47,34,25,22,72,75,142,10,28,21,94,14,80,110,81,87,116,134,104,40,31,111,57,91,54,126,24,6,15,7,13,79,44,97,5,122,108,66,107,141,127,86,56,33,63,121,90,140,88,138,148,3,70
10,108,74,16,73,118,61,89,36,1,7,57,52,6,83,49,43,46,77,47,128,8,101,115,147,82,137,53,92,35,141,84,21,148,80,20,125,75,56,145,140,23,14,86,135,59,42,17,123,32,37,119,9,99,64,76,65,63,87,129,113,54,85,93,19,130,111,79,127,95,103,40,132,0,62,31,144,88,29,96,13,58,117,5,109,149,28,66,97,60,98,136,26,69,67,39,41,112,4,25,134,105,55,142,126,124,72,94,139,106,122,11,102,116,27,104,45,38,18,71,91,143,70,24,78,15,120,51,138,81,114,2,30,131,110,107,100,48,34,68,33,133,121,90,44,12,50,146,3,22
105,27,74,113,38,63,104,123,143,89,125,57,148,48,85,12,2,108,77,87,111,8,101,146,147,71,36,53,136,35,61,84,73,86,145,54,26,75,93,139,43,138,133,120,135,92,42,17,28,72,64,129,9,30,16,80,15,60,102,121,7,49,130,65,19,67,39,79,20,95,149,126,132,0,76,6,144,88,96,91,82,58,124,5,45,81,141,66,127,41,98,13,14,115,10,1,118,112,142,25,134,44,56,59,50,37,70,117,23,106,122,11,83,116,55,140,29,90,52,32,46,40,128,24,78,131,47,119,31,69,137,99,97,94,103,107,100,62,34,68,21,22,4,114,3,18,110,109,33,51
134,43,74,58,125,123,147,65,89,62,44,98,60,148,85,132,1,149,23,87,84,8,101,146,118,71,36,32,136,64,52,122,109,121,50,105,22,45,93,139,92,17,133,120,13,10,42,111,78,113,131,56,96,129,16,30,135,20,57,0,37,97,25,104,2,24,116,110,61,95,26,126,67,102,140,29,75,77,40,4,82,7,3,5,28,114,144,66,127,124,79,41,80,115,91,53,88,81,9,35,145,6,39,59,11,90,70,141,15,106,21,49,63,83,47,108,46,54,142,14,117,12,128,73,138,112,55,119,31,69,137,99,48,94,103,76,100,143,34,68,130,38,72,33,19,18,86,27,107,51
127,96,136,100,69,123,1,132,88,138,74,6,64,11,85,65,149,58,105,87,102,86,43,142,118,38,129,32,4,27,99,7,109,30,50,137,63,45,54,124,92,17,134,37,13,41,57,26,71,18,9,56,122,19,89,108,135,116,125,36,84,77,33,8,104,24,76,2,61,107,23,126,48,139,97,110,95,78,40,121,82,75,73,5,20,114,15,140,94,16,22,68,80,59,91,53,115,81,29,144,145,10,39,133,103,90,70,117,101,106,131,49,67,83,47,51,46,112,12,14,35,42,128,119,79,25,55,66,60,120,44,52,111,0,62,21,147,143,148,141,130,3,113,146,34,93,28,72,31,98
127,28,136,126,69,123,111,9,125,0,92,142,64,49,121,146,15,97,135,88,138,105,145,17,110,38,129,87,4,104,83,7,79,122,50,22,19,45,77,124,53,103,134,56,5,98,113,89,85,78,59,32,101,27,99,108,149,91,109,75,143,18,46,8,60,131,81,2,61,74,114,140,41,86,94,65,102,147,40,73,82,26,24,54,20,43,118,117,25,48,112,68,29,116,119,67,115,66,132,16,72,10,39,133,30,37,137,90,3,106,55,13,42,95,47,51,139,84,12,35,80,100,128,107,96,1,76,52,120,36,144,44,6,70,62,21,57,11,148,141,130,58,23,14,34,93,71,33,31,63
0,119,63,126,109,114,57,106,47,102,136,18,92,49,89,146,113,97,138,88,112,105,27,96,51,38,68,87,82,9,83,58,79,122,25,22,19,41,35,124,5,103,134,56,55,108,123,84,46,91,59,72,144,21,111,73,6,74,15,140,143,94,131,93,133,129,75,104,135,4,141,8,2,86,127,26,28,147,40,71,11,69,66,54,20,117,100,31,64,132,29,81,80,116,32,39,43,44,139,16,118,85,10,115,30,37,137,128,3,98,107,101,24,95,62,1,33,99,12,45,145,120,90,110,65,78,76,60,77,36,125,48,61,7,42,52,149,34,148,13,130,50,23,14,17,142,70,53,121,67
70,69,76,126,133,114,57,35,27,108,136,78,112,17,20,1,113,107,95,18,80,105,87,96,51,123,68,13,82,32,37,58,64,122,53,120,24,41,2,89,99,49,135,30,55,79,106,139,46,91,115,72,34,22,77,5,6,65,15,140,45,92,131,144,67,129,118,0,3,25,59,29,86,8,56,145,26,38,40,71,138,110,44,102,73,117,100,104,127,98,116,48,149,134,47,14,43,103,97,16,88,85,10,132,52,124,94,9,121,21,109,66,128,81,62,42,33,74,31,147,125,75,90,36,19,11,60,119,54,28,137,84,61,7,143,4,39,111,148,50,12,101,23,83,141,142,63,146,130,93
8,16,98,10,133,114,68,86,103,128,123,77,3,17,55,4,66,107,30,18,102,137,57,51,40,28,90,13,96,46,37,58,132,75,53,120,112,31,47,15,24,49,135,21,118,126,1,33,147,11,115,138,50,23,144,101,6,65,94,79,83,113,131,91,95,39,69,45,2,25,59,29,87,82,142,22,20,26,61,52,32,73,139,64,56,106,100,88,127,146,116,121,80,70,141,14,43,74,97,9,34,143,76,111,110,124,145,38,44,35,81,109,5,129,27,134,140,89,42,105,125,99,122,36,19,78,60,117,54,62,41,84,92,7,108,67,0,48,148,104,12,119,149,85,136,72,63,71,130,93
54,130,104,109,76,33,68,66,55,125,139,30,3,80,17,45,37,111,27,18,94,71,98,136,57,28,31,99,73,126,121,146,132,60,134,120,38,79,8,2,24,49,142,90,118,86,69,100,147,123,124,112,50,144,20,143,6,65,129,133,83,85,137,91,95,39,58,4,21,25,34,113,87,140,148,36,75,107,61,52,32,23,88,64,128,106,103,62,127,42,115,47,67,70,114,14,43,101,10,29,102,13,122,131,110,46,145,51,44,138,81,105,5,96,22,26,72,89,117,56,41,53,141,93,48,78,1,19,16,63,35,84,74,97,108,92,0,11,116,149,135,40,9,59,7,77,12,119,15,82
51,119,127,52,59,147,68,144,9,25,142,66,58,80,64,56,69,15,57,26,149,108,31,43,16,13,36,99,79,6,71,62,132,131,124,110,38,128,3,2,88,49,126,90,30,115,20,28,114,81,143,47,27,117,19,95,35,65,109,78,83,1,42,91,139,39,129,120,130,112,100,4,87,21,148,98,105,104,118,146,46,23,133,136,86,106,103,45,137,60,113,17,54,67,93,14,70,40,96,29,102,107,37,141,75,77,145,94,44,138,24,34,5,32,22,101,72,89,0,8,41,53,18,12,48,111,50,140,33,63,73,10,74,134,125,92,122,11,116,85,135,123,55,61,7,76,121,84,97,82
53,14,127,52,139,147,38,6,0,25,109,136,138,145,144,49,69,116,23,81,61,112,31,43,96,8,11,66,33,132,71,62,149,135,15,55,1,125,20,93,88,102,9,90,57,115,7,64,143,146,16,47,121,95,74,78,130,108,2,21,83,39,42,91,4,32,58,120,114,117,105,50,76,19,67,129,59,104,106,107,68,35,27,79,126,12,103,45,137,72,113,17,13,24,128,101,28,131,124,86,60,26,37,141,75,85,142,41,44,94,134,34,30,46,22,82,36,89,56,133,70,63,18,54,48,119,110,77,99,148,73,10,80,51,5,92,122,118,111,29,40,123,87,100,3,140,98,84,65,97
27,58,103,36,132,54,38,3,104,25,109,124,75,8,94,49,127,14,23,81,11,129,31,149,40,6,111,29,137,96,71,118,130,144,15,77,1,74,140,93,145,69,9,68,105,115,138,99,143,88,16,47,41,136,120,52,126,61,110,21,73,112,46,91,56,100,98,55,114,59,42,72,76,19,39,102,20,57,32,146,64,35,2,5,78,116,22,45,89,28,119,142,117,135,128,83,67,131,107,66,139,133,60,141,12,85,97,80,44,0,134,34,30,26,62,82,87,33,101,84,70,63,50,79,48,113,106,24,7,13,125,10,86,51,65,92,18,122,95,17,43,108,4,53,90,37,148,123,147,121
27,140,25,71,77,124,37,35,5,52,132,38,90,53,94,81,127,79,138,136,57,129,102,139,40,83,114,29,121,61,65,0,130,80,60,4,73,86,131,41,6,69,15,100,107,103,126,11,143,88,16,105,54,7,8,87,133,59,51,21,32,67,46,14,56,55,91,98,22,10,109,72,76,92,2,84,95,19,110,146,44,111,74,115,1,68,93,45,106,28,119,23,117,135,123,108,89,142,58,66,39,49,145,141,9,85,96,137,144,42,122,128,104,125,62,82,20,33,147,99,70,63,50,64,48,30,12,24,78,13,31,118,101,134,47,149,18,3,34,17,43,97,112,113,36,116,148,120,75,26
48,16,45,68,126,148,37,5,81,112,33,56,76,145,47,17,55,97,0,136,44,129,102,89,40,87,77,11,66,61,65,52,130,20,60,4,73,74,26,43,86,15,105,111,19,142,100,144,143,69,115,101,92,7,8,119,25,83,120,64,32,28,114,51,141,103,91,98,22,127,109,85,41,10,2,38,131,128,110,146,63,134,78,104,135,67,84,82,54,93,9,49,117,59,123,124,27,132,140,133,42,35,24,122,57,23,96,137,46,139,12,70,29,125,121,58,79,6,147,99,113,80,50,62,21,30,72,39,3,13,31,95,53,88,94,149,18,138,34,118,14,75,1,107,36,116,90,106,108,71
48,16,17,85,12,47,136,146,81,20,141,56,106,147,66,94,40,126,52,39,26,75,124,87,67,112,77,38,117,148,65,109,130,34,132,123,21,74,1,103,36,57,27,111,19,100,80,69,30,61,115,5,92,73,90,68,25,83,143,145,128,42,114,110,15,102,46,118,22,127,28,10,41,97,89,18,70,95,3,120,63,91,142,104,86,101,60,79,131,55,96,9,98,59,32,122,11,129,140,8,121,84,24,44,43,54,113,138,93,108,7,37,29,125,35,58,72,6,51,134,144,139,50,62,64,4,0,137,82,13,31,135,53,88,99,149,49,133,105,45,14,23,119,107,76,116,2,78,33,71
46,133,18,85,57,19,12,21,137,9,0,51,90,147,101,40,149,126,52,132,26,75,6,94,7,112,82,84,63,42,65,72,117,139,87,123,67,74,1,144,36,141,27,78,32,61,146,50,30,55,115,5,43,73,68,143,105,83,116,145,128,100,60,110,35,95,107,10,81,92,28,109,140,104,89,129,99,3,4,76,96,47,142,148,2,77,118,38,131,124,59,49,91,8,48,122,11,130,111,44,121,20,127,17,69,54,66,98,93,102,58,37,106,31,108,134,29,24,34,15,138,86,136,62,64,39,120,88,41,113,25,14,53,13,80,16,71,103,97,45,22,23,119,79,114,135,56,70,33,125
46,125,10,85,57,19,12,21,58,90,104,51,34,149,72,129,100,124,107,132,81,50,13,94,7,74,29,84,63,42,95,139,65,64,56,32,146,142,126,144,77,59,27,78,93,61,118,52,40,122,96,66,1,73,136,43,97,28,99,147,128,76,3,123,36,134,114,75,38,26,39,87,20,30,92,0,133,89,4,68,17,47,31,71,33,35,103,105,45,115,116,37,102,16,48,141,70,14,111,44,79,18,127,91,69,54,83,98,109,131,117,80,106,25,108,6,62,24,5,130,11,67,143,8,60,112,121,82,41,113,49,9,53,120,145,15,148,55,101,2,22,23,119,137,140,135,110,88,138,86
88,39,22,115,48,71,49,21,83,84,104,76,89,149,34,99,100,82,107,132,81,66,1,111,6,108,28,19,63,42,95,140,73,129,56,32,38,105,103,144,77,59,10,12,123,8,0,58,50,122,94,24,7,97,61,134,35,23,92,85,128,133,3,101,36,65,114,120,112,70,113,127,62,124,116,53,41,13,33,68,4,64,31,40,131,9,98,117,45,139,125,87,102,16,86,145,54,17,47,44,79,141,148,91,69,27,146,20,18,136,52,80,106,130,118,142,51,121,135,43,126,37,143,26,93,96,25,60,30,75,2,11,78,29,14,15,5,55,72,147,109,90,119,137,46,74,110,67,138,57
95,85,22,103,48,71,1,135,14,84,0,111,89,128,46,99,100,82,70,53,33,107,60,39,6,79,28,115,37,15,73,140,66,127,116,21,63,105,8,19,67,86,10,102,36,149,101,27,61,122,94,98,118,97,18,43,35,57,123,58,88,133,93,25,109,136,114,42,112,108,68,77,62,24,23,44,65,13,96,59,132,64,119,40,7,125,74,117,126,81,141,92,83,16,9,142,106,87,4,91,148,51,54,129,29,75,144,20,113,131,143,80,12,130,72,90,76,121,32,45,104,120,47,26,134,56,124,5,30,49,41,11,78,17,38,139,146,55,52,147,50,3,31,137,2,138,110,69,34,145
10,85,36,109,71,87,19,50,39,37,0,111,117,127,35,82,100,107,145,27,103,143,132,67,6,68,113,80,38,24,77,52,47,86,13,21,15,63,99,139,70,91,26,101,144,54,146,125,61,122,3,140,53,137,18,106,28,57,73,58,51,133,93,102,135,59,114,121,40,108,138,1,22,8,9,44,46,4,98,60,81,149,97,23,7,129,105,96,126,64,141,62,83,16,33,11,136,66,31,20,148,2,95,142,5,14,76,119,29,131,128,92,12,130,72,43,34,84,32,45,104,74,69,116,134,56,124,89,30,49,41,79,78,17,65,25,120,88,147,118,48,94,42,90,123,75,110,55,115,112
60,23,92,50,57,87,19,3,111,112,78,34,27,84,108,44,75,101,8,100,42,123,81,114,6,146,0,71,56,24,10,147,47,86,90,76,25,39,99,143,63,91,67,2,72,68,29,125,62,26,145,140,53,130,82,55,77,137,138,15,14,133,93,120,96,121,113,49,20,107,95,1,22,31,9,54,46,4,21,61,135,149,38,127,144,129,105,139,132,52,141,106,66,16,33,85,136,148,11,116,98,79,12,142,5,32,41,126,118,131,128,37,74,51,58,43,59,102,97,45,104,7,73,13,18,40,124,89,30,134,70,65,35,119,80,36,109,88,69,94,48,103,117,64,28,115,110,122,17,83
119,23,26,47,102,136,132,25,104,112,78,34,71,84,109,46,138,44,8,75,42,11,81,7,2,69,66,129,63,19,10,82,135,86,77,54,105,40,99,64,74,91,141,43,72,52,29,125,56,45,145,148,128,93,27,33,107,94,50,30,14,3,67,120,96,57,76,118,126,101,37,111,142,147,6,28,35,65,21,61,39,9,123,127,83,133,49,139,98,88,31,137,22,143,100,85,106,149,131,116,140,79,12,90,5,32,41,1,95,59,87,16,62,51,36,48,60,115,73,113,55,80,108,92,18,15,0,97,130,134,70,89,24,4,117,144,58,13,53,146,38,103,68,20,124,114,110,122,17,121
77,38,87,147,136,37,82,19,115,65,36,91,76,34,109,23,108,44,8,75,42,96,81,67,131,69,137,129,114,22,17,73,135,86,143,12,105,40,24,5,74,15,141,90,14,32,29,138,100,21,72,148,149,112,31,58,49,68,103,107,55,41,84,94,30,57,125,101,54,63,110,111,142,118,62,28,52,59,60,61,119,71,16,127,10,123,35,139,120,88,39,51,83,134,78,1,106,56,93,116,140,79,4,20,9,145,43,133,104,26,124,50,113,95,6,64,46,7,45,99,132,33,66,92,18,85,0,126,130,102,70,89,13,121,117,144,2,98,11,146,80,25,48,128,53,27,3,122,97,47
130,143,23,5,81,149,141,30,125,65,124,148,126,120,88,19,40,116,4,75,29,54,139,67,12,69,104,76,114,53,17,73,51,132,68,52,108,9,137,21,14,138,135,33,83,32,38,133,100,47,72,36,56,123,0,106,57,20,118,113,55,41,84,94,46,42,7,101,24,66,131,28,6,49,117,82,90,74,60,61,91,136,102,127,10,63,35,50,8,121,39,59,45,37,78,1,129,99,93,34,71,79,58,18,105,147,43,3,134,26,77,22,64,95,97,31,86,142,109,87,62,107,140,92,11,85,103,15,80,16,70,89,96,112,110,111,2,98,44,146,128,25,48,115,13,27,122,145,144,119
130,143,23,128,81,59,116,30,32,65,99,40,122,42,61,46,41,114,43,118,29,54,123,67,149,87,82,17,139,126,144,73,147,12,11,133,91,5,137,132,86,138,93,15,83,14,38,35,100,77,104,72,109,80,105,75,22,20,127,53,76,7,85,110,71,60,4,101,115,124,92,28,47,21,117,78,141,74,121,125,50,52,102,66,107,131,129,63,8,25,134,18,148,58,136,1,57,96,108,34,45,79,36,142,94,51,33,3,44,70,135,9,64,95,97,31,103,90,88,84,48,68,111,19,24,69,39,56,37,16,120,89,62,55,106,140,2,98,113,26,146,112,49,0,13,27,10,145,6,119
41,143,77,128,130,10,20,69,32,65,92,146,1,138,122,136,24,123,43,47,89,23,30,88,145,87,27,79,34,45,144,68,104,22,111,15,148,5,137,91,40,149,0,135,83,14,38,49,80,119,75,70,118,9,81,98,114,133,103,35,16,62,85,106,71,97,115,101,60,3,140,124,57,112,117,73,129,74,121,86,125,52,61,66,132,36,90,63,50,25,134,8,99,58,96,127,109,11,107,6,131,53,82,48,21,51,33,102,44,37,139,72,64,95,7,100,120,46,76,84,116,126,78,19,42,54,39,56,94,110,67,105,12,55,4,108,2,17,113,26,59,31,147,142,13,141,93,29,28,18
43,81,111,57,130,8,1,28,119,4,92,79,47,37,118,113,42,52,137,104,124,23,13,35,149,115,27,36,75,45,91,147,54,22,85,102,148,131,19,87,145,98,0,120,128,14,38,49,80,132,9,70,53,68,48,125,114,133,103,89,33,141,5,106,142,97,78,31,60,3,64,61,108,101,117,69,143,65,121,67,135,140,66,34,129,77,93,90,50,25,24,88,99,58,134,39,55,127,107,6,96,56,112,18,21,44,51,12,116,100,46,15,41,95,7,138,139,20,76,71,136,109,72,83,62,86,63,29,94,110,32,30,10,73,146,144,2,17,16,26,59,105,126,82,122,11,123,40,84,74
43,67,17,57,130,8,123,24,21,9,92,79,5,10,55,131,46,77,82,88,137,132,13,73,54,140,115,36,126,80,91,147,144,122,70,11,95,125,33,22,124,27,51,120,84,139,38,49,64,63,2,89,53,69,34,40,114,133,145,85,58,143,129,118,128,138,108,52,110,59,68,48,97,101,106,26,20,134,121,35,135,31,81,87,104,29,76,90,50,25,12,18,3,149,4,39,45,127,107,0,103,56,71,93,148,44,65,141,47,100,136,66,41,32,7,14,116,113,62,19,142,109,78,83,37,86,117,99,42,111,102,30,94,60,146,6,15,61,16,23,75,105,72,112,1,28,98,96,119,74
88,112,47,57,33,137,85,113,110,92,135,34,7,14,55,105,46,62,43,141,131,96,13,73,54,69,53,36,126,80,121,68,71,67,109,11,58,94,114,136,6,15,39,120,84,83,38,82,2,63,1,144,102,76,115,60,0,133,89,123,74,20,149,118,128,138,27,52,124,140,19,48,130,10,106,45,8,119,91,81,101,143,59,5,147,16,3,51,50,25,12,18,132,70,24,127,117,22,26,23,64,56,17,77,72,44,79,134,148,100,122,95,41,32,99,66,116,61,29,103,142,21,78,30,93,86,107,35,42,97,111,9,49,108,37,87,65,139,125,4,75,145,40,146,90,28,98,104,129,31
30,7,99,57,33,103,59,136,110,97,112,19,102,42,55,133,43,41,138,31,61,148,13,73,63,69,52,36,101,80,24,10,126,67,29,11,108,94,32,48,6,123,39,120,62,149,38,82,113,135,109,60,131,76,1,85,64,3,104,20,74,127,40,144,128,50,27,115,35,12,49,105,14,46,106,45,28,17,111,0,81,140,145,96,147,16,88,34,130,25,18,37,53,70,83,2,117,71,79,23,5,84,54,56,89,114,92,119,26,100,122,77,139,107,72,66,78,21,141,95,142,134,8,118,93,98,44,143,124,47,22,68,51,9,90,121,65,58,125,4,129,132,87,146,75,91,116,86,137,15
30,103,82,106,33,4,99,32,100,139,113,122,109,39,92,16,43,87,41,50,60,148,97,107,42,69,144,112,101,80,89,65,10,79,29,11,126,37,121,48,136,123,67,120,105,63,129,125,55,15,59,118,81,12,96,52,132,44,149,3,85,19,40,24,128,22,27,36,35,17,84,38,14,46,147,45,108,62,6,0,13,140,143,57,133,102,119,58,130,138,18,49,53,8,31,70,2,71,21,23,66,68,72,61,111,114,34,54,26,74,127,77,110,88,146,86,78,104,51,76,142,135,116,56,93,98,117,95,124,7,141,94,47,9,25,1,90,115,73,28,131,83,145,20,75,91,64,5,137,134
73,33,119,106,7,91,76,32,100,46,70,8,115,147,92,134,111,9,41,50,3,148,5,20,21,107,144,60,69,80,89,86,29,30,97,55,149,94,35,48,56,87,67,108,78,136,129,125,114,72,63,88,81,12,101,96,132,22,95,17,85,19,118,24,51,4,10,36,34,83,117,38,14,103,6,120,59,140,93,113,146,122,123,68,18,11,40,58,121,138,37,62,16,90,84,135,2,53,105,23,66,27,13,44,54,139,142,26,42,74,127,77,49,116,57,137,61,104,131,0,110,64,126,109,124,98,31,112,143,39,75,71,47,45,25,1,15,82,99,28,128,102,145,65,141,43,130,133,52,79
20,33,119,106,3,22,83,57,72,7,70,78,46,147,123,134,120,144,86,50,82,118,34,139,9,48,63,111,45,113,91,13,25,142,17,15,149,94,35,47,56,121,26,108,0,32,49,41,114,16,66,88,55,52,132,96,81,140,97,42,148,124,102,107,80,117,10,122,12,44,23,104,14,116,6,39,59,131,19,51,146,54,18,68,98,11,109,36,126,138,38,71,125,112,84,127,2,53,105,27,21,115,61,62,60,30,4,76,129,74,101,95,58,29,90,137,24,133,79,135,110,64,141,73,130,136,103,87,143,5,75,37,8,31,100,1,28,77,99,92,89,85,145,65,93,43,128,67,40,69
7,33,14,102,15,106,83,57,122,16,70,23,46,111,149,134,100,2,76,17,82,92,126,37,78,98,89,42,131,81,91,13,64,142,127,62,141,35,97,9,56,121,26,39,68,114,125,113,34,85,3,48,60,86,72,96,123,116,50,146,90,124,59,107,44,24,10,148,12,1,115,104,28,112,6,8,147,21,19,69,53,31,74,119,41,61,109,36,93,138,27,71,75,88,84,43,94,144,105,67,140,118,66,20,117,145,4,32,130,55,80,95,58,29,136,137,120,133,108,135,101,45,77,73,103,0,99,110,143,5,22,47,139,18,128,25,38,30,54,51,129,11,52,65,79,87,40,132,63,49
73,55,139,56,47,105,83,125,24,16,143,23,46,122,145,48,124,114,33,17,28,95,126,101,70,102,3,44,148,81,91,106,132,142,127,62,87,133,0,30,98,121,109,39,65,108,40,14,34,111,115,129,2,86,72,38,80,116,36,146,20,107,15,104,141,19,10,8,21,1,31,113,45,89,4,78,147,135,149,92,99,22,35,74,26,61,79,53,93,60,52,71,13,88,84,43,94,144,66,67,90,96,12,97,118,6,5,140,137,123,51,112,82,29,11,41,85,50,25,100,58,119,77,27,103,57,9,110,68,42,134,130,32,18,128,64,76,75,131,37,120,69,138,117,59,54,136,7,63,49
96,25,110,56,116,105,40,125,139,95,128,72,107,88,64,104,124,82,89,86,2,59,126,101,143,44,23,9,93,81,118,106,24,75,32,62,50,133,0,63,1,121,109,29,34,131,46,48,102,111,12,129,78,73,103,119,148,22,36,4,144,10,15,28,52,19,130,112,21,145,142,108,45,77,58,39,16,135,33,91,84,27,76,149,26,80,79,74,43,122,47,3,13,71,98,18,141,8,66,90,41,69,38,97,136,134,5,140,137,123,51,114,67,87,11,115,147,31,53,100,55,92,70,6,127,57,17,20,68,42,14,30,60,94,132,117,85,7,35,113,120,54,138,61,83,49,146,99,65,37
96,25,51,83,50,57,40,84,128,108,46,116,107,29,64,60,5,49,93,62,141,59,126,90,113,53,23,9,18,45,81,118,24,121,140,104,39,133,61,56,139,138,109,20,10,85,43,77,102,67,98,55,78,80,103,73,148,41,36,115,144,72,15,105,52,124,94,112,8,111,142,63,70,76,16,32,132,54,97,37,100,27,75,149,137,34,79,117,74,48,6,136,13,71,42,106,95,89,66,101,38,69,122,68,0,134,1,19,3,135,12,114,28,87,35,4,147,31,91,110,123,92,146,11,127,58,143,26,125,33,30,22,145,119,21,47,86,130,14,65,120,2,44,82,7,131,88,99,17,129
65,25,76,83,95,63,106,84,145,44,7,146,3,116,50,60,5,66,72,69,10,59,0,13,113,53,48,9,31,58,64,80,118,126,29,42,39,33,36,23,139,138,121,61,142,128,88,77,127,82,102,119,11,52,103,24,46,143,75,115,87,12,35,105,17,140,109,112,15,111,96,34,26,78,8,32,132,40,79,37,100,137,14,149,2,28,134,56,104,81,123,136,20,67,147,45,124,89,141,101,4,70,97,68,71,93,129,19,110,135,130,114,98,144,27,38,54,73,91,43,57,92,85,6,107,125,1,108,55,94,30,22,41,122,49,47,86,18,62,51,120,117,148,16,133,131,99,74,90,21
65,109,127,83,95,62,117,78,110,124,9,114,19,91,113,71,52,26,7,72,136,59,37,54,44,53,48,92,40,107,99,33,128,51,29,2,74,142,106,23,1,50,73,61,121,25,58,41,38,133,102,64,11,47,103,24,46,104,75,97,87,12,35,3,126,148,77,112,111,93,96,60,147,146,66,22,131,138,67,135,145,137,14,149,17,28,100,79,76,119,63,5,20,116,36,4,18,70,141,101,132,89,31,143,49,144,129,120,118,139,130,10,42,15,27,90,115,123,68,43,80,32,8,6,134,125,69,108,55,13,30,34,81,122,88,57,0,39,94,45,98,84,86,16,105,82,140,85,21,56
114,25,127,118,117,32,135,134,79,12,104,21,62,91,113,95,73,26,130,72,136,59,37,54,9,142,122,92,75,19,107,41,115,128,147,98,74,110,77,125,102,50,5,121,106,40,58,119,38,132,67,34,123,47,103,80,46,76,60,97,44,33,35,18,126,141,31,57,112,24,69,101,23,65,66,120,71,138,88,129,145,111,14,149,108,84,48,28,100,1,36,140,85,116,89,131,29,109,53,146,15,49,56,143,86,144,64,16,61,139,90,10,52,96,27,93,4,70,17,43,68,22,0,6,55,39,2,63,8,13,3,7,81,20,99,133,148,51,94,45,124,30,87,82,105,42,78,137,11,83
114,13,67,142,117,32,75,139,79,23,104,140,100,128,85,113,73,26,145,115,94,134,98,89,80,87,122,92,51,19,82,41,136,103,147,3,48,133,54,11,35,107,76,44,109,38,58,97,45,105,15,34,102,47,108,74,46,4,93,121,148,131,50,18,27,119,118,57,53,24,69,101,31,64,88,37,17,1,95,129,96,90,81,70,99,91,132,29,125,110,36,120,7,116,141,25,42,126,10,146,8,21,83,143,86,144,68,56,61,40,149,66,52,77,84,112,65,135,49,124,111,22,0,6,138,39,2,63,106,59,60,12,20,9,71,55,16,123,33,14,78,30,43,5,127,130,62,137,28,72
118,1,133,142,61,32,55,139,125,64,41,53,100,15,49,33,34,86,18,128,79,85,98,89,122,54,27,65,80,59,82,120,103,141,140,2,90,62,93,11,136,107,130,22,83,13,20,97,45,96,87,94,74,44,23,135,104,4,5,116,58,84,72,52,39,119,115,57,46,24,8,124,40,114,75,37,145,17,127,129,108,7,81,70,9,91,132,29,137,110,36,31,149,69,88,76,19,47,10,146,35,21,117,68,134,25,148,56,42,26,6,66,106,0,77,112,67,126,105,113,111,3,109,30,138,50,60,63,102,95,144,92,48,131,71,12,16,28,73,14,78,99,43,121,143,38,101,123,51,147
131,77,6,14,95,0,71,139,61,148,113,53,10,80,49,110,16,86,66,37,79,127,98,17,102,72,67,65,26,140,118,119,41,4,126,2,109,85,21,18,136,78,60,28,73,13,42,56,64,96,114,94,141,44,23,103,75,92,63,129,22,84,33,82,39,54,115,135,46,24,25,29,38,45,57,15,5,19,145,116,11,108,70,133,9,91,132,149,74,124,36,31,76,12,88,27,83,93,125,146,87,55,117,106,58,52,69,100,142,143,81,3,20,59,128,112,144,107,105,62,68,89,43,30,138,50,32,1,130,97,122,137,48,34,35,8,90,111,104,120,51,99,134,121,7,40,101,123,47,147
59,77,131,28,95,0,122,80,81,37,20,87,10,14,144,110,16,55,66,106,132,123,98,11,6,96,49,39,115,140,82,17,58,149,126,2,133,62,12,52,13,65,127,104,73,34,121,56,4,136,114,94,118,102,23,120,64,147,63,46,22,7,124,26,113,42,130,135,27,24,15,29,38,139,19,51,53,45,145,134,86,5,70,93,92,71,148,143,141,103,36,61,76,129,83,21,74,44,78,3,99,9,117,41,116,128,67,100,105,119,137,31,142,109,30,138,85,54,68,40,125,72,43,79,75,50,32,91,33,97,89,25,48,8,35,88,90,111,112,69,1,107,146,60,18,57,101,108,47,84
59,10,125,131,95,0,113,79,81,2,20,48,85,124,144,57,12,120,80,65,132,51,16,25,6,110,49,39,115,8,28,7,82,129,1,35,3,145,138,128,37,149,126,104,73,24,121,54,142,136,100,96,116,32,23,63,139,93,103,75,22,21,119,61,9,106,62,99,27,135,147,29,18,56,17,34,53,45,108,134,86,5,76,97,92,58,148,143,111,87,36,13,66,84,55,40,74,67,14,46,118,140,127,41,146,114,91,33,105,50,42,122,52,109,112,38,4,19,68,69,141,133,43,78,30,11,15,64,117,88,123,130,89,98,94,83,90,72,26,77,31,107,44,102,137,71,101,70,47,60
52,53,119,5,25,104,113,117,81,2,67,133,20,124,144,21,60,120,83,12,13,51,16,4,6,19,50,125,90,8,28,66,98,129,1,72,3,64,114,22,126,7,49,131,73,24,101,149,27,122,44,91,116,74,62,63,139,140,36,135,147,86,115,127,92,106,128,118,146,48,136,29,80,56,54,110,138,45,79,134,100,93,58,61,33,145,31,107,109,87,137,99,0,95,55,71,103,57,40,70,17,46,32,41,132,143,112,85,105,39,42,75,82,141,142,38,108,14,84,65,121,111,26,97,59,11,89,96,30,88,123,130,43,35,94,37,23,148,18,77,15,9,69,102,76,10,68,78,47,34
52,66,78,5,25,7,53,131,19,34,98,133,20,22,117,102,97,103,136,68,13,142,17,114,94,76,56,35,3,132,145,70,123,129,26,45,21,120,1,63,112,113,82,61,73,79,4,100,144,122,139,80,116,74,62,37,83,140,148,107,147,134,81,127,137,106,128,60,43,57,109,29,90,110,96,41,138,119,84,2,30,93,58,23,47,115,31,27,141,135,24,51,0,8,91,12,15,18,40,69,48,46,99,121,36,89,28,85,105,39,42,75,72,50,104,38,108,14,87,149,10,71,32,67,59,11,54,92,16,124,95,130,126,111,118,88,125,33,146,77,55,9,101,65,6,49,143,86,64,44
12,66,59,61,85,9,43,131,64,50,54,48,8,76,117,111,77,103,62,33,149,142,22,39,52,18,97,98,3,132,145,57,21,102,26,81,134,53,1,126,4,93,34,19,73,106,143,78,11,122,110,80,20,0,136,51,56,140,148,79,144,31,27,127,7,60,128,2,94,123,109,29,124,5,74,58,118,138,101,46,30,17,129,133,100,115,16,112,104,135,89,41,6,113,75,44,15,108,40,69,92,141,99,90,23,107,28,14,105,45,42,91,121,24,146,13,35,47,87,137,55,71,32,68,96,82,72,25,120,83,95,130,37,84,114,88,125,116,119,38,86,70,139,65,10,49,36,67,147,63
140,2,62,107,87,104,43,70,7,50,93,24,8,89,122,111,68,149,117,146,127,142,23,81,52,6,88,94,67,132,71,56,14,75,97,53,27,45,137,103,79,57,34,148,73,80,101,78,112,84,110,72,36,0,124,109,143,44,77,130,19,31,18,145,118,60,128,5,15,123,91,29,51,1,61,115,147,3,138,46,4,17,129,82,74,16,33,92,134,106,65,41,100,113,49,141,119,108,39,12,59,98,99,90,9,144,28,58,105,48,37,54,121,76,38,42,35,47,11,136,55,30,32,25,96,126,20,85,83,22,95,131,86,69,120,21,125,116,114,64,135,40,13,66,10,133,26,102,139,63
140,51,62,110,87,75,41,94,148,16,93,125,38,107,122,116,68,149,54,9,11,142,23,81,7,6,103,30,67,132,59,56,49,65,92,17,27,61,137,115,8,91,34,88,106,80,128,63,112,69,95,72,117,73,21,120,143,97,58,130,89,135,124,109,79,127,19,5,15,14,118,29,138,102,90,0,45,22,3,144,78,76,129,43,44,50,55,134,18,139,1,48,47,33,4,105,145,108,121,37,32,98,70,57,74,53,71,28,113,12,126,114,84,141,136,42,26,39,82,123,36,24,147,119,96,104,20,85,83,52,101,131,86,31,40,146,13,66,111,64,25,100,35,60,10,133,77,99,46,2
57,114,54,127,87,76,27,28,77,44,93,38,4,79,5,113,55,149,17,95,11,142,10,34,107,105,118,30,45,132,68,56,49,65,112,119,43,36,8,0,59,91,23,135,110,89,73,63,16,3,85,109,125,69,143,98,122,97,13,130,74,141,124,120,41,72,61,136,15,64,75,7,9,102,148,48,42,106,129,144,78,67,126,12,145,50,52,92,131,139,1,24,47,33,66,18,138,40,121,108,111,29,70,37,62,53,71,123,128,39,14,117,84,25,100,46,146,22,134,103,137,26,147,51,101,104,20,81,116,140,19,94,82,31,115,88,90,96,21,58,86,80,35,60,6,133,83,99,32,2
99,10,126,79,87,20,45,88,125,19,128,38,122,113,53,42,55,11,49,95,84,97,7,34,136,124,118,30,12,132,92,26,82,0,135,54,98,5,112,25,46,105,36,137,110,121,140,63,16,3,65,109,31,69,119,139,89,27,111,85,107,131,64,129,41,48,127,40,28,123,22,90,9,102,143,144,39,59,104,61,78,77,70,43,145,50,44,18,81,66,133,142,1,116,73,74,138,24,75,108,17,29,106,33,47,60,23,148,96,13,14,117,37,93,100,56,146,76,62,103,15,149,141,51,57,21,114,86,91,134,72,94,130,67,115,8,120,68,71,58,101,80,35,52,6,147,83,4,32,2
133,65,53,26,149,68,136,88,77,19,140,74,70,110,114,42,55,93,49,44,147,15,7,94,91,124,118,100,131,99,92,120,82,0,135,45,98,5,54,128,97,144,25,129,40,105,127,117,73,10,95,14,20,69,38,84,32,67,111,85,107,12,123,96,48,137,31,60,134,22,89,125,57,86,75,27,39,90,104,61,78,21,46,43,145,56,51,18,81,2,143,33,139,116,80,63,9,72,41,138,17,113,11,6,47,87,23,101,36,13,102,24,37,64,79,16,109,34,62,103,50,1,58,3,112,142,76,148,146,121,126,29,130,28,30,122,115,71,8,119,132,108,35,66,106,59,83,4,52,141
135,99,41,26,55,123,136,88,82,19,140,74,70,110,5,109,121,77,141,51,146,89,97,147,61,35,149,103,44,144,27,42,12,100,76,20,46,129,122,128,0,2,50,84,40,22,65,98,38,10,95,14,132,69,130,79,32,148,58,92,127,4,28,81,24,96,9,60,30,125,111,62,57,86,75,33,39,90,104,71,80,17,15,43,23,56,64,18,78,68,91,63,67,131,16,36,117,25,54,102,116,113,11,133,119,53,21,87,114,13,94,47,37,134,6,34,143,120,105,3,112,138,49,145,139,52,124,137,142,48,126,29,1,7,73,45,115,85,8,107,118,108,93,66,106,59,83,101,31,72
135,124,144,113,139,138,22,88,27,19,74,85,9,110,46,25,65,77,14,149,101,52,97,147,112,108,115,103,105,43,24,79,12,100,87,50,91,129,21,128,126,11,47,84,40,117,42,51,114,89,8,35,34,104,38,98,75,148,20,92,107,96,41,83,78,4,36,53,30,136,99,62,37,86,28,120,33,90,29,61,80,17,16,3,23,82,81,18,0,68,13,63,67,2,109,94,32,55,54,76,116,122,145,133,119,6,142,26,140,132,60,72,102,5,121,58,70,95,69,15,123,44,49,111,137,71,141,143,127,48,125,1,64,10,73,134,7,146,31,131,118,130,45,66,106,59,39,56,57,93
135,124,39,54,13,5,108,112,27,0,30,101,109,83,41,62,67,63,123,75,148,100,31,147,122,64,136,96,105,43,68,20,12,32,45,50,91,129,21,113,126,121,47,36,90,99,77,103,95,89,8,35,34,128,38,98,127,49,115,92,25,79,53,143,26,22,78,24,106,142,19,40,61,18,55,110,52,144,97,11,94,88,73,3,23,117,85,58,10,69,138,57,74,2,28,33,116,86,59,76,44,37,145,133,119,149,140,82,29,132,60,14,102,139,130,84,104,9,7,15,114,125,17,80,141,71,16,51,70,48,111,107,131,6,87,134,65,146,137,1,118,46,66,120,42,72,81,56,4,93
128,103,127,54,114,5,132,112,45,57,30,6,104,113,41,44,67,94,71,75,148,139,92,97,42,26,136,109,126,38,68,123,19,37,140,64,142,33,21,10,28,121,47,48,90,1,107,18,100,89,56,23,34,147,102,119,4,143,115,52,145,79,86,72,135,129,78,24,106,43,53,40,14,69,55,39,96,116,125,11,60,88,73,12,70,3,74,58,20,133,138,99,25,2,137,93,13,84,131,82,98,95,29,124,146,59,62,101,0,31,141,110,144,35,130,77,85,91,27,15,8,51,7,80,122,50,16,49,32,134,61,36,65,117,87,9,120,111,105,17,118,46,66,22,108,83,81,76,149,63
86,103,122,4,114,5,132,18,45,8,129,105,104,19,91,126,1,67,71,135,148,68,92,108,87,26,136,16,31,38,116,123,20,37,6,97,34,33,21,106,13,69,121,141,90,74,127,59,56,125,40,88,110,65,102,72,84,107,138,44,145,79,77,28,82,42,50,54,24,14,23,62,147,75,55,22,111,57,130,109,48,43,115,124,70,144,81,58,98,133,119,83,146,2,137,46,51,117,12,11,52,9,35,143,101,73,134,30,0,78,93,99,128,112,64,47,85,53,27,15,131,139,100,80,10,95,3,41,32,140,61,39,89,149,113,49,120,63,94,17,118,96,66,60,25,36,7,76,142,29
7,77,94,4,114,37,16,105,45,136,95,100,2,27,49,9,1,67,71,135,98,68,92,125,87,72,69,91,31,43,89,23,66,20,13,24,127,51,88,106,76,41,40,18,46,121,118,30,47,29,117,107,110,129,124,147,62,48,138,108,145,79,39,28,19,93,50,8,82,96,70,144,90,75,132,22,36,99,130,109,103,38,3,52,104,141,139,84,6,60,119,83,146,58,137,102,115,5,12,11,32,116,101,54,112,73,122,86,0,78,111,61,35,134,64,126,85,14,74,57,131,53,81,80,133,26,42,21,123,140,149,25,34,15,148,59,56,63,10,143,44,120,17,65,97,55,33,113,142,128
63,37,137,97,127,138,64,96,45,18,136,100,55,99,133,44,1,67,31,135,106,68,28,116,87,72,108,110,56,149,83,23,129,57,13,4,142,51,91,33,78,41,120,11,146,14,69,115,25,107,117,32,98,7,124,147,88,42,114,30,131,85,39,74,47,71,139,54,16,19,94,79,29,90,132,92,121,17,50,27,103,38,53,52,77,141,123,84,5,24,119,48,61,58,9,2,62,60,12,66,104,93,101,6,112,36,122,89,95,113,111,10,35,49,81,126,86,82,8,125,145,75,148,102,73,26,118,21,134,140,3,144,34,15,70,59,143,65,20,40,130,109,0,80,46,105,76,22,43,128
63,37,106,76,28,77,53,96,43,18,98,124,126,35,133,64,39,67,68,135,79,48,112,116,7,105,69,19,57,66,83,24,129,89,71,20,108,21,91,38,82,85,41,11,134,15,138,109,52,102,118,127,137,110,101,147,144,146,86,60,123,78,65,51,72,74,139,54,25,44,94,107,17,90,33,92,121,45,50,27,103,115,34,31,93,1,73,84,13,132,143,141,61,58,122,2,62,14,117,59,104,0,145,97,29,36,131,16,46,3,42,10,30,49,130,8,100,32,113,120,9,75,55,5,12,26,125,87,114,140,6,88,95,128,70,142,149,81,148,40,111,47,99,80,56,4,119,22,23,136
106,55,99,76,72,4,53,30,56,18,64,120,126,1,96,28,37,67,148,133,91,73,112,113,110,124,2,116,57,66,83,54,77,68,71,59,29,21,65,93,49,85,145,131,107,15,138,16,6,94,118,127,87,51,89,79,35,78,86,60,123,34,121,7,24,43,136,108,69,48,46,119,135,44,33,117,142,146,109,27,45,25,143,31,115,19,74,8,13,132,103,141,98,75,129,140,62,20,101,36,70,92,9,104,41,82,114,52,134,90,42,10,61,100,130,38,58,32,97,47,122,3,105,139,147,26,11,39,128,125,22,88,95,23,50,144,149,81,14,40,111,102,84,80,0,137,63,17,5,12
106,55,59,76,113,4,39,84,33,18,62,120,96,122,58,119,63,75,45,86,37,147,138,103,110,91,11,116,140,22,57,53,129,68,123,28,77,87,105,93,81,97,34,128,6,49,98,25,14,136,118,95,80,51,60,79,2,78,65,73,40,92,21,7,24,32,144,127,1,48,46,134,148,15,66,64,142,121,109,27,16,61,13,31,115,19,9,29,5,132,8,35,85,47,117,69,146,20,30,36,70,72,100,71,41,82,114,23,52,133,42,10,43,126,139,83,90,99,112,101,143,3,88,44,56,89,17,108,141,125,111,102,130,94,107,137,149,67,124,104,74,145,54,26,0,135,38,131,50,12
113,123,59,75,2,84,87,3,33,140,74,64,4,77,36,110,48,23,21,42,30,147,62,103,70,7,120,133,104,22,65,138,61,45,43,69,95,28,40,93,126,143,44,47,6,49,98,132,14,136,10,111,108,26,78,82,121,41,149,73,97,92,58,39,50,142,115,127,1,37,83,134,94,131,66,15,56,76,109,27,16,63,13,91,107,19,9,29,51,100,8,35,139,118,117,114,146,116,55,0,18,72,89,32,57,68,86,128,25,145,144,11,96,81,71,119,122,99,12,101,141,85,88,38,31,20,17,129,79,125,24,102,130,5,90,148,53,67,46,105,60,112,137,124,54,135,52,80,106,34
113,108,59,67,146,68,74,81,45,140,43,48,130,30,36,109,34,148,41,0,37,1,62,103,70,145,56,138,104,141,117,22,26,135,120,31,89,40,55,93,110,47,73,4,143,124,98,21,111,136,129,24,85,17,78,137,20,77,149,102,97,66,71,82,15,128,115,127,64,32,27,116,65,131,35,57,14,76,23,122,16,63,13,33,107,19,80,133,51,132,10,87,95,118,9,114,61,100,28,7,50,72,3,144,88,147,58,84,25,86,12,11,92,94,119,121,29,91,90,101,8,139,134,99,44,83,6,126,5,125,123,18,38,142,96,49,53,75,46,105,60,112,42,69,39,79,52,2,106,54
148,75,27,61,109,23,46,81,140,145,117,48,70,22,66,67,34,51,41,0,76,104,62,130,45,84,57,43,102,107,77,32,15,135,120,69,92,29,55,144,110,47,28,58,30,124,31,1,139,37,131,24,112,25,36,119,20,85,44,147,97,99,4,78,125,128,113,127,86,115,40,121,26,54,35,74,14,73,146,111,16,63,105,17,142,71,68,60,108,132,116,149,114,118,141,126,133,91,103,7,122,80,79,136,143,59,13,94,134,18,12,11,33,9,82,39,5,129,90,101,8,93,10,106,87,83,6,65,138,64,123,137,38,3,96,49,53,72,98,88,19,56,21,89,95,100,52,2,42,50
119,0,114,33,39,94,46,104,44,76,117,38,47,22,66,99,53,132,144,50,148,140,26,101,118,133,49,145,5,36,28,83,69,62,120,57,13,74,35,56,134,123,125,84,30,63,65,42,110,113,131,34,32,103,25,72,138,55,97,147,40,29,4,16,7,90,109,127,128,2,78,121,111,54,21,124,14,73,146,139,11,24,75,115,27,81,68,60,143,86,105,96,37,70,141,135,48,80,23,45,122,95,79,136,58,59,142,31,61,18,12,41,93,9,82,126,71,129,19,130,8,51,10,106,87,67,6,17,77,92,116,137,149,3,91,20,98,107,43,88,1,85,15,89,112,100,52,108,64,102
10,50,54,96,122,142,26,9,44,5,143,8,28,22,66,99,53,105,144,91,149,140,76,31,41,102,49,23,108,45,0,56,114,62,101,111,13,1,126,64,25,70,125,36,30,63,119,58,110,113,131,2,103,82,39,57,33,55,118,17,40,46,42,16,93,134,148,127,29,59,78,121,98,100,21,75,14,146,77,11,107,47,116,136,141,109,68,60,124,89,20,139,37,97,112,90,145,80,72,74,19,95,79,92,106,73,135,7,61,129,12,24,4,115,32,86,71,18,120,130,3,51,81,94,87,88,6,138,34,133,83,132,123,117,15,27,104,67,38,35,147,84,137,65,43,85,52,128,69,48
108,11,54,30,37,106,133,78,44,126,18,8,28,22,105,34,116,135,62,91,94,35,57,46,41,80,16,110,93,26,88,5,58,141,27,73,13,1,65,49,25,147,125,96,92,63,79,23,102,104,74,2,42,138,124,48,33,55,117,53,40,95,101,60,0,134,72,14,29,59,112,43,140,100,113,75,145,123,120,20,77,47,50,136,97,115,6,71,76,89,148,99,56,111,31,90,119,67,87,146,70,68,17,36,38,15,51,85,61,129,12,139,114,122,32,86,118,24,98,130,3,66,81,149,39,7,144,19,10,142,21,132,107,103,127,131,121,9,84,83,109,4,137,143,82,64,52,128,69,45
73,11,74,30,0,6,133,125,124,42,18,71,4,22,105,34,116,47,8,38,21,35,48,107,123,82,16,110,101,137,88,5,52,104,141,68,75,76,65,49,25,90,10,106,15,64,79,58,91,114,96,100,86,56,61,95,99,80,117,149,13,62,54,60,128,23,93,14,29,28,111,130,140,78,120,9,27,59,94,20,77,115,50,136,144,66,32,44,113,46,148,72,51,17,31,69,40,67,87,146,53,127,70,2,1,3,63,55,132,142,121,118,112,97,126,89,119,24,36,57,26,138,41,92,139,43,98,147,33,45,85,12,81,103,7,131,108,129,84,83,109,145,19,143,37,39,122,135,102,134
64,16,138,19,135,40,66,124,48,93,18,71,4,5,111,121,75,90,8,38,116,104,136,112,14,82,94,96,21,76,105,100,52,42,87,142,74,12,31,7,25,98,10,106,103,46,92,59,91,131,128,84,29,81,61,44,99,80,117,149,63,62,140,51,34,23,30,0,49,28,102,130,108,45,110,79,119,86,97,27,77,60,50,113,141,56,33,129,36,67,47,35,126,17,120,69,39,15,95,146,148,127,70,118,65,3,11,55,132,101,1,6,139,22,73,133,58,24,89,57,20,107,53,72,32,43,78,9,125,26,37,123,41,144,54,134,88,2,68,83,109,145,114,143,115,85,122,137,147,13
88,41,11,19,135,132,62,147,48,93,18,81,4,5,105,108,43,119,8,28,121,70,91,131,129,82,94,134,77,44,26,38,143,73,59,142,40,122,31,114,25,7,21,17,57,89,92,55,46,63,128,104,106,146,61,120,1,52,117,149,72,68,74,51,60,12,29,0,69,37,10,113,111,78,127,54,83,86,50,97,126,130,124,75,141,56,33,66,24,67,100,49,116,23,118,79,39,64,27,102,148,13,85,96,47,98,35,87,80,30,36,6,139,22,42,133,58,15,76,16,20,65,107,138,71,99,45,9,3,34,90,123,110,144,2,84,136,103,115,53,112,145,140,95,14,101,125,137,109,32
88,85,9,19,140,7,141,129,132,119,21,81,4,67,57,89,48,53,103,32,123,121,91,131,143,111,22,72,77,54,12,95,55,82,59,43,44,122,142,114,25,26,71,63,62,90,92,145,124,58,31,93,106,146,38,94,1,138,86,108,34,16,74,8,60,107,29,20,116,37,118,113,98,110,68,56,83,51,84,147,126,30,50,6,45,15,33,66,49,47,24,75,134,23,73,79,80,64,109,100,148,117,136,61,10,46,35,87,69,11,36,101,65,70,42,144,97,13,102,5,104,27,39,76,52,99,41,130,18,17,96,139,128,14,2,40,133,149,115,78,112,120,127,28,135,105,125,137,3,0
71,73,48,98,140,7,26,4,102,53,94,89,47,67,54,21,135,41,103,32,149,92,36,136,143,111,22,25,77,119,37,74,45,85,33,93,134,72,106,114,123,34,139,65,105,95,82,80,2,58,31,70,66,64,0,129,76,118,86,108,63,16,125,44,60,35,29,128,9,132,116,144,42,110,14,56,96,107,84,147,126,142,124,23,13,62,8,113,18,78,146,75,20,61,12,79,109,59,50,100,148,117,52,17,10,43,133,49,69,11,38,101,88,83,19,120,97,121,81,46,138,27,39,90,28,122,24,130,131,145,141,115,40,68,99,15,5,3,55,104,112,57,127,91,6,87,30,137,51,1
71,83,65,98,140,37,78,4,22,130,100,128,92,67,36,21,89,41,145,107,96,33,147,111,146,73,133,103,104,112,134,17,93,132,77,44,49,66,106,114,123,19,99,138,8,95,87,142,2,58,31,74,25,64,16,129,76,118,26,105,63,47,125,101,141,12,7,116,9,117,48,144,72,53,50,56,40,80,54,97,81,84,113,127,109,102,18,51,119,43,29,75,149,61,85,14,108,59,120,23,122,124,28,131,70,60,35,143,69,11,38,24,88,79,27,110,52,126,62,46,20,91,39,13,10,3,34,148,115,121,6,90,135,68,136,15,5,139,42,0,45,57,32,1,55,82,30,137,86,94
37,0,5,118,15,85,78,108,142,130,73,128,79,103,134,136,57,111,145,75,96,33,147,21,77,90,95,50,52,112,80,146,143,132,107,54,49,66,106,7,123,105,76,109,125,55,17,51,43,3,31,74,59,64,120,129,71,30,110,46,63,148,34,93,141,114,4,67,47,117,8,18,23,140,99,126,40,60,32,16,81,2,14,25,133,42,61,131,119,113,29,144,1,38,58,104,138,53,116,92,122,149,56,41,70,100,89,44,26,11,97,45,88,65,27,83,98,137,124,62,101,91,39,13,10,69,35,12,72,121,6,139,86,68,22,84,127,24,36,135,19,28,102,9,87,82,20,115,48,94
74,0,88,118,93,65,131,14,97,66,12,110,4,103,79,44,139,111,145,75,63,146,147,53,77,148,13,115,1,68,96,9,143,49,107,25,127,35,39,114,43,47,76,109,122,54,73,42,86,11,94,113,59,50,78,29,71,138,99,10,90,67,91,20,141,15,100,6,30,117,8,18,23,140,7,126,128,60,32,16,89,142,124,129,106,56,52,84,119,95,112,19,108,51,125,61,3,134,116,48,22,132,101,41,70,31,34,27,38,37,133,45,26,80,58,83,98,123,81,62,85,149,144,120,64,57,46,137,72,121,24,130,40,136,36,55,92,105,5,135,82,28,102,2,87,17,104,21,33,69
74,0,91,124,14,101,115,107,82,34,46,142,109,103,36,7,116,130,104,92,63,146,4,53,77,99,27,18,11,8,147,9,16,113,90,89,144,139,126,45,128,68,76,61,21,106,137,42,43,71,94,40,87,133,145,29,114,6,75,52,49,3,66,20,141,105,135,118,30,10,47,148,23,26,110,140,97,121,100,12,96,51,67,129,119,56,59,84,98,78,143,132,108,81,125,86,112,134,54,48,70,25,138,41,65,31,64,88,38,37,122,60,117,83,93,13,15,123,95,5,85,19,17,120,33,57,127,32,50,80,24,35,149,136,39,55,44,22,62,111,58,28,102,2,73,1,79,72,131,69
88,140,65,124,110,84,19,134,68,145,60,142,109,103,123,132,129,106,138,35,63,146,40,53,77,32,7,18,135,9,147,0,34,131,92,45,82,85,27,139,128,44,130,47,49,87,137,114,43,71,113,111,118,117,74,78,46,6,42,107,66,24,119,91,4,105,70,48,144,10,104,58,23,97,56,83,115,121,102,30,29,108,1,61,96,72,79,52,133,15,143,89,11,81,26,86,112,8,141,2,126,90,69,41,16,17,64,94,38,67,99,59,36,20,21,51,93,31,122,5,80,33,14,120,54,57,127,100,50,76,3,13,149,136,148,55,25,22,62,37,125,28,39,101,73,75,95,98,12,116
140,34,65,20,11,111,19,23,49,5,85,88,9,145,136,46,37,103,138,35,78,147,40,125,101,83,142,64,135,80,4,93,124,31,42,45,97,77,27,53,51,44,69,141,16,104,92,66,43,71,113,58,109,117,74,110,91,115,130,63,28,24,90,29,1,48,70,95,76,18,17,26,59,131,56,0,33,81,121,98,106,108,68,32,96,38,82,134,133,8,143,89,119,128,144,87,112,146,25,107,79,120,13,116,52,61,129,94,126,67,99,122,36,86,21,114,72,139,50,118,62,55,6,84,54,57,127,7,100,30,105,3,149,15,148,10,132,22,123,60,2,14,39,137,73,75,41,102,12,47
140,5,37,51,69,111,19,88,134,41,85,124,56,12,136,46,7,139,112,35,121,147,75,135,101,78,29,103,148,80,14,25,105,24,6,118,97,77,27,10,98,106,137,64,16,8,32,126,43,71,21,58,109,53,28,143,65,115,102,63,72,0,131,141,22,48,49,17,83,18,89,52,59,146,110,119,90,132,92,47,84,33,68,67,55,38,104,142,133,114,36,113,120,128,144,62,13,149,20,42,108,87,11,116,91,61,50,70,66,117,99,122,130,76,107,81,31,138,9,40,26,123,1,4,23,127,86,39,100,30,45,3,96,15,34,79,44,74,73,60,2,82,54,129,94,57,145,125,93,95
73,20,37,51,10,30,19,148,70,17,58,67,56,79,31,46,43,69,97,136,4,75,104,135,141,78,62,26,124,80,14,110,98,143,6,9,68,99,122,96,126,3,8,64,16,128,45,137,24,71,114,84,34,106,54,74,131,35,102,63,72,25,144,146,29,48,49,44,11,21,27,86,59,32,65,119,89,107,116,108,82,33,113,83,91,38,115,142,133,85,36,94,92,12,121,112,57,149,140,42,139,55,60,95,117,13,50,103,66,7,111,88,130,53,120,52,1,138,109,40,5,18,134,105,23,127,47,39,90,101,0,41,100,15,81,28,22,76,118,77,93,125,147,129,87,2,145,123,61,132
3,20,28,38,10,30,47,149,27,127,68,67,70,80,31,71,5,69,9,98,65,75,104,2,45,79,96,145,124,32,99,147,122,146,6,100,84,54,73,58,36,63,26,4,39,128,57,102,24,46,56,125,114,109,21,87,15,116,137,91,16,40,144,18,29,138,49,64,77,90,17,43,132,141,126,113,8,107,86,34,44,33,101,136,76,52,115,142,133,118,0,94,23,119,121,61,82,93,140,42,139,51,60,95,14,78,50,103,66,105,111,88,130,97,83,108,35,53,131,85,37,11,134,110,25,41,59,92,148,106,89,143,72,135,81,1,22,12,19,48,120,7,117,129,55,74,13,123,112,62
121,145,52,79,71,40,125,75,100,109,68,149,138,30,31,61,5,13,127,98,128,87,104,2,112,41,95,22,118,32,64,147,122,146,27,15,84,111,45,91,28,39,17,4,90,47,57,102,24,73,56,11,114,108,142,44,25,106,67,48,97,7,94,80,29,60,58,86,16,34,137,14,8,141,126,113,65,9,33,49,101,78,46,20,55,74,115,132,59,77,23,3,119,99,134,37,82,93,110,42,139,66,35,85,107,43,136,72,10,105,131,88,130,148,36,124,140,83,12,89,76,62,18,50,53,144,26,92,21,103,63,143,0,135,81,38,1,116,19,51,120,6,117,129,133,69,96,123,54,70
121,145,54,87,71,57,105,120,59,5,89,62,133,80,58,24,125,2,127,98,10,68,122,114,42,75,32,123,119,33,104,69,63,90,49,15,53,102,45,51,28,39,17,25,130,86,95,3,94,73,56,11,29,138,142,0,14,79,1,8,19,7,96,131,84,26,108,4,107,92,146,106,128,141,126,22,132,149,65,60,101,110,46,20,47,70,111,124,48,109,21,137,40,99,12,37,82,93,140,64,139,66,35,85,134,113,74,81,30,13,91,88,144,31,36,136,97,83,27,72,76,116,18,50,16,135,23,115,43,103,77,34,38,100,61,143,44,118,67,41,52,6,117,129,55,78,147,112,148,9
121,61,54,87,101,84,79,1,59,5,21,67,133,80,120,66,73,17,116,122,114,68,34,147,42,38,32,98,35,33,108,146,126,90,8,15,112,102,45,64,140,22,99,25,95,29,83,3,94,110,136,11,26,138,82,57,123,117,47,40,131,107,106,60,134,145,46,65,144,92,10,100,55,141,89,109,148,63,49,12,48,20,104,39,91,50,111,124,77,113,7,137,69,130,19,37,71,143,128,56,30,127,44,74,96,27,9,70,93,2,142,88,62,31,36,105,18,13,53,72,97,24,135,85,16,78,23,115,43,103,0,119,51,139,149,6,132,118,4,28,52,58,81,129,75,41,76,14,125,86
32,46,19,25,136,123,141,15,82,93,28,146,133,67,120,30,56,119,87,76,41,90,68,126,113,38,139,26,44,22,108,64,84,102,8,48,112,24,79,104,132,40,62,80,69,105,131,3,94,110,106,52,65,138,27,16,144,117,98,50,12,107,116,57,128,36,83,149,55,53,10,100,7,81,89,86,148,63,49,134,33,11,97,17,91,96,85,124,77,59,35,2,60,78,5,37,47,143,42,51,43,127,13,74,114,70,9,95,34,137,142,88,145,31,101,122,18,39,129,147,118,130,135,111,99,71,23,4,20,115,0,140,109,66,103,6,45,73,121,21,92,58,1,61,75,54,72,14,125,29
99,46,5,25,26,123,64,20,82,143,59,146,47,93,120,72,22,31,55,30,41,96,68,4,65,66,141,135,106,124,108,87,97,102,110,48,37,86,81,104,56,40,62,80,17,105,137,3,2,111,95,116,23,101,1,6,144,73,28,75,12,107,71,84,33,36,24,149,92,19,112,114,7,103,94,52,35,63,49,139,128,129,79,145,78,15,136,130,121,38,10,132,53,57,61,21,11,77,122,51,44,127,74,133,32,90,70,50,34,42,142,88,16,8,9,67,18,27,83,147,118,134,119,43,69,115,100,13,89,0,148,140,91,29,113,76,45,126,39,117,125,58,131,98,109,54,60,14,138,85
99,69,5,34,37,148,64,136,82,143,106,11,47,32,130,127,92,86,139,73,41,57,81,44,91,66,1,30,52,124,43,87,35,29,110,141,121,16,22,104,123,40,62,80,31,39,137,89,2,111,105,17,107,101,56,114,132,79,68,128,18,88,120,140,75,36,100,149,90,19,53,10,26,103,94,54,50,59,84,72,25,129,116,122,78,65,6,63,24,117,70,33,7,74,112,93,27,77,46,58,49,38,146,51,102,147,67,76,133,45,144,119,145,8,9,15,98,138,12,118,23,134,21,3,14,135,96,13,28,0,71,83,109,115,113,48,55,126,108,42,125,20,131,4,61,142,60,95,97,85
67,63,5,129,22,76,37,16,82,88,123,11,47,118,124,135,60,86,139,73,130,145,57,115,128,38,14,108,52,50,79,87,95,71,110,141,66,3,39,26,122,143,62,148,94,90,137,4,102,49,25,19,107,46,75,146,132,125,80,92,65,61,9,119,41,134,53,149,104,40,81,72,136,103,140,64,18,127,147,56,100,21,116,74,78,133,91,111,59,28,70,2,7,114,112,101,27,77,106,58,105,45,35,51,83,34,99,54,68,121,84,33,44,8,29,15,85,6,138,97,144,36,10,31,89,32,96,13,69,0,43,17,109,48,113,30,55,126,23,42,98,1,131,117,12,142,120,24,20,93
126,49,35,20,93,106,28,80,82,81,23,111,73,13,122,139,83,86,10,121,3,130,15,118,128,46,48,108,52,91,79,87,95,71,0,47,135,125,76,146,89,94,21,31,60,90,39,4,102,96,25,140,107,38,22,61,27,41,67,36,7,69,124,26,58,105,53,109,110,137,12,72,19,120,112,37,18,143,134,99,100,40,116,74,78,43,62,11,65,103,70,147,9,138,142,101,145,77,14,84,6,2,88,51,68,34,57,54,56,66,45,131,44,8,29,104,50,16,144,129,64,17,92,136,114,32,127,119,75,115,149,141,33,63,97,30,55,113,123,42,98,1,85,117,5,133,148,24,132,59
108,49,145,20,93,106,139,80,121,100,74,111,38,41,9,140,62,48,99,30,115,44,125,127,149,147,21,87,141,91,79,148,15,71,0,36,60,142,119,146,89,94,11,105,17,45,126,132,69,96,25,102,107,34,22,24,58,73,1,112,66,4,61,26,53,31,27,52,55,28,12,97,83,50,5,37,18,143,134,33,116,113,98,76,78,110,84,124,47,103,133,23,104,19,7,130,117,77,14,16,40,90,88,70,35,135,81,54,56,120,57,39,68,8,29,118,63,138,144,101,6,46,128,13,114,32,137,109,86,2,3,72,82,65,92,43,10,131,123,42,64,59,85,67,129,136,75,51,95,122
91,54,145,38,87,96,93,78,6,10,103,9,108,120,86,34,144,48,119,30,115,101,125,13,149,109,52,19,141,146,26,148,41,71,12,36,137,81,118,20,73,106,11,105,17,113,138,75,65,29,8,136,15,110,60,24,80,21,74,112,124,33,61,18,58,39,25,121,55,72,46,97,83,50,135,14,94,31,63,1,116,67,98,76,95,4,32,77,47,44,88,2,104,142,7,130,117,56,62,133,102,90,139,70,35,143,53,147,22,51,45,114,68,42,132,40,79,69,66,27,3,49,128,85,37,99,92,82,89,131,84,16,122,127,100,43,57,23,123,28,64,59,107,5,129,111,0,126,134,140
115,110,100,122,135,17,56,74,6,81,116,9,84,109,40,55,31,48,119,111,62,130,32,70,0,36,52,82,141,146,26,148,145,61,90,18,137,13,59,4,7,106,138,136,103,126,38,42,78,77,53,73,15,91,23,75,80,104,124,97,34,33,113,22,5,86,21,121,19,10,66,2,123,125,142,14,30,149,28,65,96,132,71,76,95,79,83,20,47,44,46,114,105,8,29,147,117,63,127,133,102,11,139,98,60,143,94,72,50,51,1,58,54,144,88,24,35,69,108,27,3,49,128,43,37,39,129,45,89,131,140,16,101,120,93,25,57,85,118,112,64,99,92,41,67,87,68,107,134,12
116,110,100,141,137,17,63,28,115,81,101,67,71,92,69,10,45,48,123,129,62,130,36,6,0,41,33,125,109,139,95,32,22,61,90,23,84,13,9,111,38,43,66,136,126,102,104,42,106,77,103,31,70,80,78,75,114,34,146,40,89,142,85,59,132,35,21,121,49,53,99,26,39,64,108,57,30,15,148,65,135,1,124,50,19,79,83,74,47,119,107,145,118,56,68,147,117,54,127,46,60,11,4,98,7,113,144,72,94,52,143,58,112,91,88,87,138,18,122,27,3,82,128,29,120,2,55,51,133,131,140,97,76,5,93,20,73,105,44,14,25,149,16,8,24,37,96,86,134,12
127,13,98,91,107,35,63,2,31,102,34,50,71,67,69,75,72,61,123,129,17,68,1,81,47,41,33,125,78,139,64,7,22,66,5,77,84,56,147,118,21,43,89,28,126,15,42,76,106,49,103,44,70,59,104,134,114,8,110,40,131,48,39,148,140,24,9,121,20,23,93,122,10,60,18,57,138,65,144,130,45,73,124,115,109,79,83,74,108,82,55,145,54,133,101,85,117,116,128,14,51,11,38,16,100,113,26,36,94,146,142,25,99,90,111,119,30,141,137,27,3,19,143,29,120,95,62,80,4,0,136,97,46,12,87,58,32,132,53,88,112,149,6,105,92,37,96,86,135,52
93,13,98,80,107,35,123,2,14,113,130,39,38,106,116,132,104,147,137,127,17,68,114,81,40,143,141,125,78,67,1,7,71,66,120,77,139,131,16,118,112,88,89,4,126,54,76,91,58,31,28,34,46,59,37,102,97,8,110,12,50,48,55,63,79,3,69,128,53,117,5,87,10,60,25,92,42,36,144,52,45,73,140,115,101,75,83,74,15,18,105,145,20,136,19,109,138,65,142,72,103,121,108,57,49,11,26,100,94,51,9,30,47,64,149,119,33,24,124,32,43,27,129,29,82,95,134,0,23,62,148,70,90,44,22,56,85,21,99,61,111,41,6,122,146,84,96,86,135,133
67,13,51,125,144,133,148,100,106,118,66,137,75,93,90,31,29,138,112,54,104,80,114,1,131,143,52,83,78,95,74,36,113,105,88,77,139,10,39,68,7,115,89,147,61,16,76,19,58,40,35,34,142,0,124,46,64,8,21,32,22,43,53,63,81,3,109,18,79,117,5,87,12,60,25,92,135,44,97,28,84,103,120,116,62,140,96,55,91,27,50,145,20,136,26,119,82,69,123,72,129,121,108,57,49,11,99,14,94,146,134,30,47,48,15,102,33,73,4,98,24,149,126,107,37,23,65,110,59,130,85,70,38,71,101,56,127,9,128,42,111,41,45,122,17,132,6,86,141,2
1,6,133,125,120,25,112,100,16,90,102,137,128,80,131,87,29,138,28,54,104,67,132,69,119,35,53,2,78,43,74,36,93,139,88,77,9,15,22,68,127,85,95,115,0,135,76,19,27,24,10,122,142,126,49,108,117,8,21,32,149,83,58,129,60,75,109,62,86,140,73,52,101,121,145,124,136,12,98,134,144,103,118,116,26,48,39,55,107,61,84,46,106,81,13,114,82,64,123,72,23,148,105,71,40,11,99,14,63,146,37,66,47,42,18,41,89,70,4,33,57,44,143,45,94,31,20,110,59,130,17,7,38,79,3,5,30,56,96,113,111,97,91,92,51,34,147,50,141,65
112,12,130,116,7,131,149,33,16,50,102,26,129,80,21,87,104,98,29,71,56,133,132,69,66,35,20,60,25,123,74,83,93,64,127,77,9,108,8,68,59,85,86,22,0,135,105,19,140,24,145,43,138,126,94,72,117,95,137,32,142,76,58,109,61,3,122,89,120,100,53,57,101,121,67,115,75,107,27,99,144,110,46,134,79,143,5,148,54,1,84,106,141,81,13,51,55,41,38,63,136,103,118,90,11,128,15,14,119,146,37,124,23,6,82,2,47,70,4,10,36,44,40,125,42,31,30,17,114,62,34,73,113,96,52,78,65,48,45,147,111,97,91,92,18,49,139,39,28,88
108,81,139,125,47,149,49,128,16,15,34,117,129,55,94,1,10,98,140,64,83,133,132,72,148,22,79,60,25,97,74,96,85,11,7,77,9,32,63,68,30,89,101,75,0,135,119,88,122,12,91,43,120,126,70,17,53,138,87,26,5,141,106,24,146,3,39,131,76,100,66,41,4,40,109,69,130,103,84,73,92,110,46,86,61,143,33,115,78,62,116,50,23,123,13,51,67,56,38,95,136,42,45,35,71,118,112,14,113,58,107,124,80,6,82,2,29,121,59,27,36,44,111,19,93,31,145,20,114,37,144,142,102,104,134,21,65,48,8,147,52,54,137,99,18,57,127,105,28,90
126,37,139,67,101,15,87,22,108,72,34,39,129,21,46,56,109,60,45,120,83,61,17,18,148,86,12,43,33,125,74,25,105,138,49,75,9,32,63,68,58,146,149,122,0,135,76,117,11,30,36,79,19,82,119,104,53,90,28,81,20,26,144,24,123,3,48,128,94,41,66,141,131,99,1,6,96,40,116,73,80,110,92,2,8,132,107,115,78,62,118,127,143,50,13,29,70,77,38,95,69,65,130,35,71,31,91,14,147,103,7,124,88,54,55,97,23,121,59,27,4,93,85,140,10,64,84,133,114,111,47,142,102,42,134,44,5,145,112,100,52,113,137,106,98,57,136,51,89,16
126,37,134,58,6,12,40,78,108,127,32,74,129,75,49,104,24,60,1,94,112,17,103,147,148,86,83,43,33,23,71,87,101,76,99,70,133,25,5,68,88,90,149,122,14,135,146,118,138,30,55,79,19,145,119,116,0,120,96,81,28,26,117,92,123,113,64,77,130,62,11,128,131,65,95,89,125,63,69,142,80,110,114,109,139,84,107,115,2,73,38,105,143,93,13,46,132,15,47,8,57,9,36,111,85,31,53,91,51,21,41,124,141,54,144,50,29,52,3,106,4,67,82,140,10,48,59,34,66,98,7,44,102,42,16,39,27,72,97,100,22,61,137,45,20,35,136,121,18,56
5,37,137,58,101,11,24,78,132,147,17,26,86,38,28,73,108,16,1,94,144,23,103,79,102,93,31,46,33,111,109,87,104,76,98,141,129,69,131,0,43,112,149,97,2,4,99,59,138,105,55,134,91,96,64,32,67,120,145,81,117,100,48,113,9,133,56,107,65,62,82,118,115,30,77,10,125,63,6,142,95,110,90,126,12,42,119,8,61,40,106,92,143,140,13,75,124,15,122,71,57,22,80,146,85,128,53,25,70,21,41,83,49,54,136,45,29,123,3,51,72,14,148,52,89,50,127,34,66,68,7,44,139,121,19,39,60,47,88,130,74,135,27,36,20,35,84,116,18,114
119,0,137,30,101,124,24,78,132,120,67,26,76,38,8,7,71,138,59,77,19,18,87,131,37,100,56,41,141,111,17,96,1,102,16,79,144,88,69,4,43,84,149,97,128,129,14,95,15,99,83,105,23,46,122,32,140,50,145,91,72,130,48,113,112,94,68,107,136,80,121,86,115,65,55,11,125,133,106,142,40,62,90,139,98,42,53,2,61,63,93,92,66,118,35,64,29,110,54,109,82,22,135,117,85,126,51,25,45,3,57,10,33,143,108,104,6,123,114,73,81,47,21,52,89,13,127,34,31,12,58,44,49,116,147,39,60,5,134,9,74,146,27,36,20,148,28,70,103,75
1,124,122,11,101,147,93,78,118,73,59,22,81,38,60,92,103,91,8,63,48,18,46,79,112,100,56,42,131,64,17,62,135,137,26,6,144,106,69,16,43,89,149,45,5,96,14,84,29,120,102,105,23,65,47,66,90,50,30,67,72,130,85,113,77,54,141,87,136,99,140,86,128,104,40,145,4,2,24,127,143,97,114,139,98,88,0,39,61,94,133,49,28,53,12,83,138,121,80,95,82,108,31,7,27,146,36,3,110,109,57,10,33,55,116,111,76,123,25,119,51,37,21,52,142,13,19,34,32,68,58,44,35,115,20,129,107,75,134,9,74,126,15,41,148,71,125,70,117,132
72,24,132,14,83,147,93,17,63,23,68,73,74,35,13,98,4,122,8,108,118,33,145,79,141,39,133,31,131,77,48,101,107,84,44,100,144,115,112,92,30,40,15,76,5,96,18,42,29,21,102,80,64,120,47,66,97,50,65,12,126,26,85,38,0,54,134,87,136,99,140,86,70,51,43,62,113,103,149,127,49,32,148,104,124,88,110,143,61,137,16,90,28,53,52,123,7,121,116,95,82,130,111,78,27,146,11,3,138,109,1,139,105,22,142,6,55,89,36,94,114,56,2,59,135,41,119,34,125,69,58,25,10,81,57,129,45,75,67,19,37,46,60,128,91,71,106,9,117,20
26,139,77,14,39,84,49,17,63,23,111,73,74,35,38,106,65,105,8,100,118,24,96,79,80,116,133,144,131,48,114,11,6,149,44,117,31,52,88,92,30,57,91,108,9,10,18,125,3,33,102,129,110,2,47,66,64,146,109,7,126,21,40,119,0,46,98,67,134,127,42,86,54,51,12,68,34,103,107,140,4,141,13,104,99,95,113,70,61,137,120,32,28,53,69,1,29,90,27,115,82,130,148,101,59,55,142,122,121,19,15,43,78,60,81,50,71,56,36,22,143,62,85,138,135,94,145,147,5,16,58,136,72,124,87,89,45,75,97,93,132,123,37,128,76,41,112,83,25,20
63,80,90,14,39,84,142,15,28,56,50,102,78,88,93,100,121,105,8,112,46,99,81,106,74,31,98,124,35,147,79,85,68,91,1,117,41,24,146,92,137,129,65,17,125,10,144,119,3,33,101,48,110,149,108,18,67,60,109,4,66,21,40,54,130,16,44,7,134,49,113,120,0,138,12,52,43,103,107,140,36,141,13,104,58,95,76,77,145,86,118,82,131,53,139,47,29,9,87,6,23,27,11,116,59,55,133,30,62,25,5,122,115,143,57,126,71,69,2,22,127,38,135,114,83,94,96,45,89,19,32,136,73,111,64,51,72,75,97,148,132,123,37,128,34,42,70,26,61,20
66,61,11,54,86,120,142,15,138,147,50,102,122,25,89,46,17,126,93,68,35,83,38,114,80,31,85,28,129,76,104,136,33,111,84,117,41,49,8,92,137,47,36,14,110,10,67,88,3,134,73,98,59,62,127,116,56,60,109,105,16,21,96,97,141,79,44,7,4,149,113,103,72,69,24,118,106,2,100,26,74,13,91,77,95,63,53,64,145,146,52,82,131,65,139,125,124,140,87,6,23,27,123,1,30,43,133,108,99,51,5,55,115,143,57,40,71,45,48,128,94,121,135,58,101,78,90,0,144,22,32,132,39,107,18,12,9,81,19,148,130,37,29,119,34,42,70,112,75,20
50,61,149,38,0,59,142,15,122,121,10,104,53,112,89,93,114,126,74,68,105,106,108,118,87,111,85,7,90,51,9,57,110,18,84,117,22,29,42,92,49,144,128,64,40,124,46,88,143,134,37,109,17,60,137,127,138,55,140,136,16,21,36,97,27,79,3,125,101,129,113,103,43,69,24,147,115,2,100,47,145,67,91,11,56,63,76,58,45,146,96,4,131,65,139,44,26,82,120,66,23,13,123,1,30,35,94,72,75,77,54,52,5,12,148,19,32,28,133,14,102,86,135,130,81,48,6,62,71,33,141,80,39,107,132,99,41,25,119,98,95,78,8,116,34,31,70,83,73,20
50,61,21,132,44,138,80,15,122,109,41,104,78,112,89,56,110,149,4,68,107,36,58,16,72,136,140,131,90,51,6,57,73,84,42,17,22,12,145,87,130,144,94,8,64,124,46,88,29,102,28,11,71,60,105,62,128,55,40,143,91,93,20,13,81,43,139,125,74,7,113,19,35,14,127,147,0,2,114,47,1,67,146,101,27,63,76,65,45,92,120,24,129,123,126,117,86,115,39,148,23,9,66,95,33,32,59,137,69,77,54,52,5,10,98,26,142,18,133,108,97,135,118,111,106,100,134,83,31,82,141,38,75,49,79,3,103,25,119,96,116,85,37,30,34,121,70,48,99,53
