0,1,2,3,4,5,6,7,8,9,10,11,12,13,14,15,16,17,18,19,20,21,22,23,24,25,26,27,28,29,30,31,32,33,34,35,36,37,38,39,40,41,42,43,44,45,46,47,48,49,50,51,52,53,54,55,56,57,58,59,60,61,62,63,64,65,66,67,68,69,70,71,72,73,74,75,76,77,78,79,80,81,82,83,84,85,86,87,88,89,90,91,92,93,94,95,96,97,98,99
0,1,2,3,19,5,24,7,8,85,10,11,12,13,14,57,16,44,18,9,69,21,22,4,90,25,26,27,17,97,63,31,32,28,64,35,30,37,47,92,34,41,42,40,93,94,55,53,48,49,50,51,15,39,54,43,56,78,58,59,29,61,62,89,87,65,98,76,68,71,70,66,72,73,74,82,23,77,33,79,80,52,46,83,84,45,86,36,88,6,60,91,96,38,67,81,20,75,95,99
55,4,11,19,44,49,24,1,8,38,10,82,12,13,14,91,16,27,18,9,69,75,22,76,97,88,26,35,17,39,32,2,25,28,64,31,30,37,47,92,34,59,42,40,41,94,63,53,48,3,50,51,15,89,54,80,56,78,58,85,29,61,90,74,87,57,65,45,0,71,70,66,21,73,93,98,52,23,43,79,33,46,7,83,84,68,86,36,20,6,60,5,72,77,67,81,62,96,95,99
55,22,11,19,41,49,5,1,51,77,16,82,12,13,20,91,15,27,18,52,69,75,50,61,47,88,26,35,38,39,32,89,25,2,64,43,30,37,21,8,45,59,3,24,85,94,10,76,48,63,87,97,4,17,54,80,56,83,58,34,31,9,90,74,78,57,65,92,0,46,70,40,95,14,53,98,73,23,67,79,33,86,7,66,84,68,42,36,93,6,60,28,72,71,29,81,62,96,44,99
55,22,99,19,41,49,5,1,40,77,0,37,56,13,84,45,15,27,18,66,69,75,80,16,8,9,26,35,61,39,54,52,25,2,59,50,30,21,93,47,65,4,3,24,23,94,64,76,48,78,87,11,81,17,58,29,51,83,20,34,31,89,90,74,88,57,32,92,97,46,91,63,95,6,53,98,73,14,12,79,33,67,7,85,10,68,42,36,38,28,60,82,72,86,70,71,62,96,44,43
55,22,69,19,41,49,5,1,57,90,92,40,56,3,84,65,15,27,68,66,95,21,80,16,8,9,26,77,98,51,54,52,25,2,59,83,30,86,82,39,58,4,47,24,23,94,64,85,13,29,93,88,81,17,46,12,0,60,20,34,31,18,44,74,73,37,32,45,97,87,91,63,75,6,53,99,61,14,62,79,33,67,10,35,50,71,89,7,38,28,76,42,72,11,70,48,36,96,78,43
55,86,69,45,41,49,5,1,57,66,54,73,56,3,25,28,9,27,68,40,95,7,80,47,8,81,26,89,20,43,34,52,42,2,16,83,4,33,98,39,58,22,36,24,84,65,64,92,19,29,93,88,87,31,46,59,0,60,11,77,76,18,85,38,74,37,32,30,97,82,91,63,75,13,53,99,61,14,62,79,44,67,10,35,50,71,6,15,23,94,48,12,72,51,70,21,17,96,78,90
55,86,69,63,14,49,51,1,57,40,54,73,44,3,25,46,85,27,39,11,53,7,80,47,36,81,26,83,20,43,66,68,42,28,16,96,4,33,67,35,79,82,76,24,84,91,64,92,99,29,41,21,87,31,22,45,5,60,56,77,98,93,74,38,95,37,32,30,8,12,50,0,75,13,58,34,52,89,62,2,65,9,10,18,61,71,6,15,23,94,48,19,72,88,70,97,17,59,78,90
73,86,2,63,14,59,51,1,57,4,54,99,44,75,25,76,21,27,97,12,53,7,80,47,36,81,26,48,42,90,66,68,85,6,16,50,65,69,31,35,79,82,91,24,84,9,55,13,41,29,30,56,87,67,74,45,5,43,49,77,98,94,22,32,95,37,3,89,8,40,93,0,39,28,58,34,52,46,62,96,11,92,10,18,83,71,33,15,23,61,60,19,72,88,70,64,17,38,78,20
73,86,27,63,14,16,8,1,57,4,43,60,44,75,25,65,62,35,97,64,24,7,80,47,36,76,15,21,42,90,66,68,53,59,6,84,52,93,69,49,58,82,91,99,26,54,55,13,41,29,30,37,87,67,74,45,2,85,83,92,98,5,22,32,95,20,3,89,38,40,56,9,39,28,77,34,96,46,50,23,11,12,10,18,31,71,33,81,0,61,19,51,48,88,70,78,17,72,79,94
70,35,41,42,14,16,8,1,57,4,89,60,85,75,50,46,67,29,97,64,24,49,33,47,90,76,6,45,3,62,66,68,27,59,7,84,52,71,55,43,58,93,77,44,26,54,99,53,95,80,30,37,87,21,74,78,2,25,83,92,98,13,22,32,28,69,11,51,38,40,56,9,39,36,73,34,63,5,91,23,15,12,10,18,31,65,86,81,0,79,19,61,48,88,82,20,17,72,96,94
70,35,41,42,14,28,74,1,57,4,89,98,86,75,82,26,29,8,16,9,24,96,95,47,90,76,64,44,3,62,43,68,27,59,84,33,52,71,0,25,58,93,77,88,45,54,99,55,72,65,30,37,87,21,80,78,83,39,67,92,32,13,22,51,23,69,11,46,38,40,56,12,53,60,73,34,63,61,20,5,81,50,10,18,31,85,97,15,36,79,19,7,48,49,2,6,17,66,91,94
13,53,70,66,14,28,72,1,57,4,89,98,86,76,12,26,63,8,23,30,33,36,95,61,90,99,74,44,3,62,43,68,27,59,84,18,85,52,0,25,58,96,77,88,48,11,75,55,54,65,6,64,87,21,80,56,83,47,67,29,32,10,37,71,82,92,15,46,38,40,16,93,9,60,51,34,78,24,20,5,81,50,7,69,31,35,97,22,42,79,19,41,91,49,2,45,17,39,73,94
13,61,44,95,65,28,72,92,53,75,87,98,86,76,33,26,63,8,46,30,4,36,57,31,90,99,97,2,94,38,88,68,27,79,60,18,85,52,34,25,84,96,77,62,48,9,54,81,43,67,6,64,3,21,80,56,83,47,40,29,32,10,37,71,82,89,51,1,20,91,16,12,58,69,11,15,78,24,66,5,70,50,7,55,93,35,74,22,42,23,19,0,41,49,14,45,17,39,73,59
64,25,65,22,95,12,36,92,86,75,67,98,11,47,41,26,20,99,46,44,4,39,72,31,90,76,6,97,94,38,88,85,48,79,60,57,9,52,34,53,84,2,77,62,15,27,54,81,43,28,42,63,3,21,80,56,68,0,71,29,59,10,37,8,82,87,51,1,32,91,61,83,58,69,96,40,78,24,66,5,70,50,7,55,93,18,74,89,16,23,13,33,35,49,14,45,17,30,73,19
36,0,65,96,95,70,73,50,86,25,67,98,11,47,42,26,20,6,46,61,4,22,58,31,90,7,75,97,94,38,88,85,48,79,60,57,77,52,21,99,34,87,64,13,15,27,54,81,43,39,55,9,3,84,80,56,66,29,17,40,59,10,37,8,82,76,51,1,32,93,16,83,72,28,69,41,2,24,63,78,91,62,53,33,12,18,5,89,71,23,44,74,35,49,14,45,68,30,92,19
72,9,65,54,95,70,81,50,47,25,67,29,31,69,42,89,32,7,46,61,0,22,58,10,57,80,36,97,94,38,48,68,6,27,79,98,77,52,21,99,34,87,64,13,88,49,90,37,43,39,96,26,3,84,17,56,66,14,60,40,59,5,78,8,82,92,51,1,85,93,2,83,74,28,30,41,73,24,63,44,76,62,53,33,12,18,86,55,71,23,4,20,35,16,15,45,91,11,75,19
72,9,65,52,89,20,43,84,47,25,5,29,93,66,42,19,36,7,46,61,0,32,58,64,57,21,4,22,94,38,50,68,6,83,79,98,77,24,26,69,34,81,70,13,88,97,75,37,87,8,35,62,54,73,17,56,49,14,60,40,59,78,10,12,11,92,51,95,85,82,2,31,74,28,30,41,27,67,63,44,76,99,53,33,39,90,86,55,71,23,96,3,45,16,15,80,91,48,1,18
72,23,65,92,52,20,29,84,14,11,5,26,93,94,33,67,88,7,46,17,0,32,58,19,4,16,62,22,25,38,60,1,79,73,68,98,66,24,18,6,34,77,70,13,49,97,75,37,87,8,35,15,54,83,95,21,9,63,12,40,59,78,10,53,36,56,51,42,85,82,2,31,74,61,30,47,27,43,64,41,76,99,28,89,39,90,86,55,71,57,96,3,45,50,69,80,91,48,81,44
98,99,65,80,52,33,29,60,44,63,46,26,93,94,12,31,83,35,20,53,0,32,67,4,51,16,62,22,25,38,58,11,79,73,68,19,66,88,36,30,3,90,70,13,49,97,75,37,18,8,76,23,54,7,95,21,9,10,14,40,34,78,84,24,59,56,2,86,85,43,92,5,74,61,6,47,27,42,64,41,15,77,28,87,39,1,72,55,71,57,96,89,45,50,69,17,91,48,81,82
98,39,65,16,53,33,29,40,87,89,46,26,93,94,12,31,83,99,20,14,0,32,67,4,51,9,54,22,28,38,80,11,81,73,68,62,66,90,15,30,3,52,70,1,49,44,75,27,18,77,76,24,8,63,95,21,59,10,34,97,88,78,19,71,47,56,2,86,85,43,92,5,74,25,6,37,64,35,36,41,84,17,91,7,13,42,72,58,61,57,96,23,50,45,69,79,60,48,55,82
94,48,7,16,40,45,29,30,87,88,46,26,93,12,98,31,83,99,77,96,33,32,39,4,51,9,52,42,28,41,80,11,53,73,68,62,65,50,15,36,3,22,70,81,38,44,75,27,8,61,90,24,1,63,95,10,89,20,34,97,43,79,19,71,47,56,2,67,85,72,92,5,35,25,6,14,64,78,18,76,84,37,91,66,13,59,54,58,21,57,55,23,74,17,69,0,60,49,86,82
7,48,40,90,83,2,29,68,87,88,65,26,52,91,1,13,30,72,77,57,33,32,39,94,51,46,53,64,49,41,12,11,36,73,98,95,75,50,15,80,3,22,70,45,96,44,10,27,31,61,92,24,16,82,76,71,89,20,34,97,43,79,19,81,47,56,38,67,85,42,23,5,35,25,6,14,62,78,18,66,59,37,84,63,93,17,54,58,21,99,55,4,74,8,69,0,60,9,86,28
7,79,5,90,83,74,29,68,50,27,89,26,15,91,1,13,31,12,75,57,33,32,24,94,51,46,66,64,65,41,0,84,34,73,49,95,59,22,98,80,3,82,70,45,96,44,86,20,85,30,92,69,16,37,76,71,39,35,36,97,53,40,19,81,47,43,38,67,58,10,23,42,99,25,6,14,62,78,61,18,60,52,11,63,87,17,54,72,21,2,55,4,93,8,77,88,48,9,56,28
7,79,95,90,3,74,11,68,50,27,33,66,15,94,1,29,77,12,42,57,16,32,59,5,51,46,30,70,65,41,78,39,34,64,49,19,2,22,28,80,17,82,55,45,96,83,86,26,38,92,89,69,0,20,76,71,99,67,73,97,53,40,72,81,47,43,91,84,58,31,23,24,93,25,6,14,62,44,61,18,60,88,37,63,87,75,54,10,21,48,52,4,36,8,85,13,98,9,56,35
18,71,95,90,34,3,11,2,50,27,33,1,15,72,87,61,38,12,42,26,68,32,59,76,51,46,30,60,65,41,10,39,53,64,49,19,31,22,91,80,17,99,55,62,96,23,97,13,48,94,89,69,25,5,7,29,82,67,73,74,70,40,45,0,47,43,86,84,58,83,21,24,93,79,6,14,57,44,28,54,16,88,92,63,66,75,78,4,37,20,52,81,36,8,85,77,98,9,56,35
18,61,4,90,89,3,11,2,56,41,33,1,42,66,87,32,38,12,50,26,68,71,72,76,15,97,30,59,77,84,46,58,53,62,27,92,31,69,91,95,17,99,55,43,16,79,19,93,48,94,44,39,25,34,7,29,23,67,73,74,70,8,82,13,96,47,86,49,51,83,21,24,65,0,6,14,57,45,28,54,98,88,40,63,22,75,78,60,37,20,52,81,36,64,85,10,80,9,5,35
18,61,4,90,68,3,11,2,56,67,6,1,64,66,87,32,38,12,50,65,13,71,95,28,15,40,30,5,86,53,24,58,82,62,27,98,31,69,77,91,33,99,47,43,16,79,88,59,48,94,44,39,74,34,7,42,23,22,73,19,70,8,83,57,96,46,72,49,41,25,9,55,54,0,17,14,97,45,78,92,26,60,29,63,84,75,21,76,20,52,89,81,36,93,85,10,80,37,51,35
39,16,4,90,81,75,86,2,24,10,34,70,64,66,68,32,38,94,11,19,13,6,56,28,15,23,69,5,88,53,8,58,82,62,55,98,31,0,77,91,33,99,47,43,17,79,50,59,48,85,44,87,74,52,12,65,78,22,73,61,95,1,36,57,96,46,72,49,41,25,9,21,54,83,89,14,27,3,26,92,7,60,29,63,84,97,40,76,80,30,42,18,67,93,20,71,45,37,51,35
39,23,30,32,26,76,36,2,90,10,34,70,33,49,68,86,50,55,11,98,13,6,56,28,80,51,69,84,24,53,16,81,82,93,0,22,31,66,38,25,44,99,62,64,17,79,95,59,48,85,15,87,65,52,58,94,83,27,73,61,88,1,4,57,96,46,19,75,41,63,9,21,54,8,89,14,5,3,47,92,7,60,29,78,91,97,40,12,77,74,42,18,67,72,20,71,45,37,43,35
26,23,62,32,20,76,47,2,90,10,60,70,33,68,8,86,50,93,0,98,36,6,56,55,80,51,96,84,12,53,16,78,94,37,22,34,31,66,38,25,71,99,83,44,89,79,95,59,48,85,15,41,65,52,5,73,72,24,27,61,88,1,4,40,87,46,19,75,7,63,9,21,11,64,28,49,42,3,39,92,81,54,29,17,91,69,13,97,77,74,57,30,82,14,18,58,45,67,43,35
66,64,62,85,20,76,47,2,89,75,32,93,33,68,94,86,50,6,0,98,29,48,56,24,8,51,96,58,12,87,16,78,80,44,22,23,70,27,38,25,71,99,46,31,55,34,54,59,19,1,15,67,53,52,5,73,72,41,37,61,9,90,4,43,65,60,10,3,7,63,92,21,11,26,28,49,35,95,39,40,81,79,83,17,91,69,13,97,77,74,57,30,82,36,18,88,45,14,42,84
66,15,62,73,42,76,47,58,22,65,3,93,33,26,94,2,17,6,89,98,29,48,56,24,37,45,96,31,43,87,16,78,8,44,34,23,38,27,68,25,21,99,46,84,55,7,54,59,19,50,60,67,53,52,5,64,72,69,77,61,9,80,13,91,86,70,10,88,0,63,95,4,11,75,20,49,12,35,39,40,81,79,83,92,71,90,51,97,57,74,28,30,82,36,18,1,85,14,32,41
66,15,62,52,89,76,47,33,46,65,0,91,88,81,78,36,17,6,75,98,82,85,56,24,37,87,96,31,43,2,16,34,14,44,23,79,38,7,68,25,21,99,1,55,94,49,54,8,29,50,42,45,26,61,5,53,72,84,77,58,9,27,73,13,86,70,19,3,22,63,95,4,11,80,20,35,12,93,39,40,10,60,83,92,71,90,51,97,59,74,28,30,57,64,18,69,48,67,32,41
66,70,93,52,67,76,47,62,46,96,0,7,88,83,78,71,42,6,75,33,15,85,56,81,79,86,82,57,24,2,17,34,14,23,31,92,38,53,69,95,91,99,1,55,94,49,21,43,44,50,98,45,26,61,5,25,72,84,65,58,9,27,73,32,11,30,97,3,22,63,36,4,19,80,20,35,12,10,39,40,13,60,54,68,29,90,51,77,89,74,87,8,16,64,18,59,48,37,28,41
6,76,10,52,67,3,47,64,46,96,0,29,8,83,78,36,42,75,21,33,94,26,56,81,25,86,82,57,24,2,17,34,14,23,31,84,38,53,69,95,91,30,1,49,66,87,12,62,97,4,98,45,85,15,93,59,73,88,65,11,70,72,77,32,61,99,43,9,22,63,39,51,19,80,20,35,79,27,48,40,13,60,54,68,55,92,90,71,89,74,5,58,16,7,18,44,50,37,28,41
93,71,10,52,67,3,47,64,46,96,0,33,8,83,15,22,42,75,43,56,53,55,70,86,25,37,31,57,24,2,84,11,14,23,12,1,38,17,81,95,91,30,48,49,50,87,94,62,97,69,98,45,85,82,68,5,73,88,65,26,59,72,77,32,6,21,79,66,74,63,78,51,99,80,20,35,36,18,41,40,13,60,54,34,29,92,4,76,27,90,89,58,39,7,19,44,16,9,28,61
93,17,10,52,67,3,2,64,11,96,45,39,99,58,71,43,42,86,46,84,95,55,70,66,13,37,31,57,9,72,47,38,19,23,12,1,54,56,81,15,91,78,33,49,0,87,94,62,97,69,75,59,85,82,68,5,73,88,98,26,65,25,77,32,89,44,30,50,74,63,6,51,83,8,80,35,36,21,41,18,14,60,24,34,29,92,4,76,22,90,20,79,48,7,53,27,16,40,28,61
7,91,61,52,59,3,14,64,11,89,45,39,31,58,71,43,87,0,46,86,9,35,93,92,13,37,85,22,2,70,47,38,19,98,12,1,54,25,67,15,36,42,72,49,83,77,94,62,97,69,75,33,66,82,17,5,73,88,57,26,65,68,51,32,78,44,81,10,74,63,4,56,96,8,80,50,76,21,90,18,95,60,24,34,29,99,41,30,23,55,20,79,48,40,53,27,16,84,28,6
7,18,90,39,82,3,97,50,11,89,95,14,87,58,71,74,45,0,19,86,52,35,92,81,46,4,85,79,2,70,47,6,9,98,12,1,83,25,67,15,36,76,72,49,93,77,94,62,59,34,75,42,23,55,17,5,73,88,57,99,33,68,51,32,78,44,60,10,43,80,65,69,96,8,64,91,48,21,61,13,22,37,24,38,29,66,41,30,26,54,31,56,63,40,53,27,16,84,28,20
7,18,90,25,82,74,81,50,79,89,95,14,47,58,71,61,45,0,19,64,59,35,92,76,46,4,85,3,22,77,60,11,83,98,88,27,87,40,67,15,36,55,63,23,93,8,94,66,32,31,75,42,12,68,17,6,52,1,57,99,34,21,37,2,72,44,73,10,43,80,65,69,96,49,33,91,48,62,78,13,97,51,24,86,29,70,41,30,26,54,38,56,39,9,53,16,5,84,28,20
46,18,53,37,38,74,39,34,79,89,95,14,47,58,85,7,52,25,19,64,59,91,92,76,10,4,26,3,22,35,48,11,83,98,88,27,49,17,67,15,56,55,31,23,45,8,94,66,29,77,75,42,36,68,93,6,32,1,57,99,44,21,0,50,72,54,13,73,43,5,65,69,96,24,82,40,60,41,78,33,97,51,71,86,62,70,12,30,28,80,87,61,2,90,9,16,63,84,81,20
46,96,40,37,88,19,39,42,45,57,21,14,47,58,85,7,52,25,17,93,31,91,92,65,10,11,26,3,22,35,48,55,83,76,59,27,49,63,56,15,79,98,81,23,69,8,94,28,9,77,75,43,38,68,51,6,32,1,29,99,44,16,4,50,0,41,13,73,74,36,87,64,18,24,66,86,60,5,78,33,97,67,71,89,62,34,12,30,61,80,72,53,2,90,82,70,54,84,95,20
46,42,40,37,88,19,39,27,45,57,62,93,47,58,78,7,52,25,17,95,31,91,67,65,10,11,26,75,99,35,94,9,5,76,74,21,14,1,69,50,30,98,81,23,83,8,79,28,22,77,15,64,38,68,54,44,13,49,29,51,33,16,4,2,0,41,85,73,96,36,87,48,18,92,53,86,60,66,61,63,97,84,71,89,72,34,12,32,70,80,6,43,24,90,82,59,55,56,3,20
46,42,31,37,88,19,39,81,94,57,76,67,47,28,33,7,40,25,17,95,3,91,69,79,10,41,78,75,80,14,82,87,5,64,45,21,8,86,60,50,30,89,26,23,83,85,52,74,22,16,97,99,38,68,54,44,13,49,9,51,15,53,65,2,90,27,29,73,77,36,4,48,18,92,0,62,55,66,61,63,70,84,71,98,72,34,12,32,58,11,6,43,24,96,93,59,35,56,1,20
46,42,31,37,88,32,39,52,26,51,76,33,47,28,25,14,40,82,17,29,3,89,69,64,75,10,7,24,80,63,81,87,5,15,45,21,8,94,60,50,30,95,55,23,83,57,4,91,72,59,19,99,97,68,54,86,13,49,78,90,38,53,79,2,44,27,11,73,77,92,43,48,18,67,0,62,71,66,61,41,70,84,20,65,36,34,12,35,58,98,6,16,22,96,93,74,85,56,1,9
46,30,31,67,88,32,65,52,28,95,76,70,47,43,25,94,44,35,86,29,37,89,59,64,75,10,14,7,80,17,18,66,5,15,85,11,8,26,60,50,71,45,55,23,83,57,54,91,72,78,19,99,97,68,63,81,4,49,38,90,69,20,84,98,79,27,24,39,77,2,73,48,92,3,0,62,21,53,61,41,82,33,40,42,13,34,12,87,58,36,6,16,22,96,93,74,51,56,1,9
22,63,14,67,88,60,75,73,28,95,76,44,7,47,25,94,48,35,96,29,41,89,59,64,9,10,52,86,80,17,18,12,5,15,85,68,43,26,70,50,71,45,27,72,78,90,54,91,30,37,19,61,23,87,4,81,97,46,57,62,99,20,84,98,79,32,38,39,77,2,66,8,92,3,49,24,21,53,0,31,82,33,40,42,11,65,13,55,58,36,6,16,74,83,93,69,51,56,1,34
8,63,14,3,88,60,75,57,94,95,76,44,7,16,25,74,48,23,27,59,21,89,5,64,15,86,52,34,80,47,10,32,43,96,85,68,67,26,70,78,71,45,13,72,12,90,50,38,54,37,19,61,11,87,4,81,22,46,9,62,28,29,84,82,0,91,92,39,77,2,66,20,79,97,49,17,98,53,35,31,36,58,40,42,41,65,33,55,30,73,6,18,99,83,93,69,51,56,1,24
28,63,54,3,40,60,53,57,94,95,77,44,51,16,25,74,48,23,61,50,24,97,43,8,72,7,52,34,80,47,10,32,22,96,85,38,67,26,14,78,71,19,13,15,66,90,49,59,45,69,5,75,27,87,70,0,42,91,9,62,81,29,84,37,86,21,68,39,76,2,82,20,6,64,33,17,98,18,35,31,36,58,4,12,41,65,79,55,30,73,88,11,99,83,93,92,89,56,1,46
80,7,54,18,97,86,53,57,69,56,52,44,51,2,25,74,6,11,55,50,61,15,43,8,72,36,67,34,83,96,10,32,95,37,5,85,0,90,14,78,71,38,13,77,82,23,49,59,45,75,24,40,27,87,70,20,42,91,9,28,81,29,84,60,92,21,68,39,76,26,16,47,19,64,33,17,94,63,35,31,98,58,4,22,41,65,79,89,66,73,88,62,99,30,93,12,48,3,1,46
80,14,55,18,86,35,53,57,61,84,52,44,82,2,56,74,48,11,40,50,7,15,27,8,72,36,67,41,83,24,97,43,95,37,63,85,0,90,25,78,71,38,13,77,21,60,76,51,45,6,94,88,49,87,70,68,42,62,9,28,54,81,39,20,92,93,75,59,46,26,16,47,19,64,33,17,66,23,29,5,98,58,4,96,69,65,79,34,22,73,91,89,99,32,30,12,10,3,1,31
80,14,55,9,86,35,53,57,61,84,72,0,30,40,56,74,46,34,66,4,50,15,83,8,45,36,89,41,78,24,13,43,7,82,52,85,58,90,25,98,71,38,12,62,21,60,76,51,44,6,94,88,49,23,70,2,16,64,37,28,87,11,39,20,92,93,75,59,47,26,1,48,95,3,33,17,81,97,29,5,77,54,68,96,69,65,99,18,73,19,91,67,27,32,22,42,10,79,63,31
80,14,55,9,86,1,96,30,61,84,34,77,54,48,70,16,46,64,13,4,50,47,83,72,45,36,42,66,78,24,82,97,7,73,52,85,41,90,8,57,15,38,12,62,25,91,76,51,44,60,94,65,49,6,5,58,35,68,37,28,23,11,39,20,92,93,75,67,40,26,21,2,95,3,33,17,81,88,29,32,43,69,74,27,98,56,99,18,89,19,59,87,0,71,22,53,10,79,63,31
85,14,55,35,68,69,99,30,61,84,34,77,63,48,37,16,46,78,29,1,50,31,83,5,22,75,2,44,70,24,82,97,7,73,28,59,41,90,8,57,25,38,12,62,6,52,13,51,98,4,94,65,49,64,26,58,15,45,60,17,23,11,20,42,92,93,47,67,40,91,21,96,53,3,33,95,81,88,76,80,43,9,74,27,32,36,54,18,89,19,72,87,0,66,71,86,10,79,56,39
56,14,55,35,8,25,95,30,61,84,97,77,63,48,69,16,9,78,22,1,50,31,29,83,13,85,92,44,70,24,3,71,7,46,28,59,38,90,21,4,74,5,12,23,60,52,53,51,98,0,36,65,49,41,26,88,99,45,68,17,32,11,20,42,10,93,47,58,40,91,86,6,64,34,96,37,81,57,76,2,43,73,33,27,80,94,54,18,89,19,72,87,75,66,67,62,15,79,82,39
47,14,55,88,85,25,95,96,37,90,97,77,61,48,69,36,9,66,21,67,50,26,64,83,71,80,92,44,70,16,3,8,7,12,28,59,38,22,13,4,74,23,10,17,60,52,53,84,98,0,45,41,19,40,46,63,99,87,68,79,56,11,20,42,51,49,31,58,29,91,86,6,1,5,34,33,81,57,76,2,43,73,24,27,62,94,54,18,89,32,72,15,75,35,78,65,93,30,82,39
47,14,55,88,85,25,95,96,39,69,97,77,3,48,43,36,58,66,93,21,50,15,64,84,18,2,92,44,73,16,61,17,7,34,28,59,38,22,13,60,78,71,10,42,32,76,23,67,80,52,45,41,20,8,46,9,99,87,68,98,56,83,37,5,79,49,11,74,29,91,86,31,1,70,51,33,81,57,12,27,40,90,24,53,62,94,54,72,89,6,19,0,75,35,26,65,4,30,82,63
89,14,95,97,85,25,3,96,47,69,82,19,43,76,50,36,10,66,23,21,39,2,64,4,29,78,92,44,73,45,61,17,86,79,28,59,88,22,48,60,49,71,35,42,32,15,58,67,80,52,93,41,87,94,74,9,99,16,68,98,56,5,37,11,30,54,31,83,38,91,20,18,1,70,51,33,81,57,12,27,8,90,24,53,62,13,84,72,77,6,55,0,7,34,26,65,46,75,40,63
24,14,95,96,35,33,53,73,47,69,82,54,59,76,71,63,10,66,93,21,3,2,48,4,39,78,92,40,84,45,15,17,12,88,28,44,85,22,5,60,49,23,97,42,32,31,58,61,80,52,43,41,87,94,79,9,99,38,68,86,56,90,37,50,30,89,16,83,36,62,0,18,1,70,51,29,81,57,11,27,8,34,55,64,72,13,20,19,77,6,98,91,7,67,26,65,46,75,25,74
24,14,95,45,35,33,53,8,68,69,82,54,59,76,71,63,20,72,26,47,3,2,48,66,28,86,96,40,84,64,15,17,4,31,74,12,85,22,13,10,44,23,21,43,32,92,58,61,38,52,90,41,87,42,98,81,93,9,78,60,94,73,37,50,30,56,79,83,36,62,88,18,1,19,51,29,46,57,11,27,16,34,55,75,80,5,39,99,77,6,67,91,7,49,89,65,97,0,25,70
24,14,8,45,35,33,53,91,68,23,58,9,59,2,71,76,21,72,26,47,70,40,95,52,28,11,96,37,84,22,15,61,4,12,31,81,85,0,13,10,44,3,38,43,32,92,36,19,20,88,90,41,87,66,64,98,16,69,97,60,94,73,1,74,30,56,86,83,63,62,42,18,48,79,51,29,46,57,17,27,82,93,55,75,6,54,39,99,5,80,67,34,7,49,89,65,50,78,25,77
33,14,6,45,35,11,53,91,68,23,58,51,2,96,90,76,31,46,26,15,47,40,95,37,16,48,50,84,0,22,80,61,41,21,32,1,85,63,13,10,44,3,38,43,4,92,36,19,20,88,78,72,87,66,64,9,34,42,97,94,77,73,55,24,30,56,86,83,49,62,59,54,69,79,7,29,98,57,17,71,82,93,18,75,12,28,39,99,5,74,67,8,60,52,89,65,81,27,25,70
16,76,6,45,35,46,53,91,12,27,7,37,13,14,86,21,2,80,92,57,31,40,95,74,51,48,99,19,39,38,29,61,41,18,22,1,97,63,56,78,44,3,68,43,4,11,36,50,20,88,0,15,87,66,64,9,34,42,33,94,77,73,55,24,30,26,47,83,49,62,84,54,69,79,72,10,98,59,23,58,82,96,85,75,93,28,89,71,5,90,67,8,60,52,17,65,81,32,25,70
16,94,6,51,35,46,59,91,10,39,52,37,13,76,86,21,2,80,15,57,31,14,95,90,17,24,99,19,65,0,20,45,41,18,34,4,97,63,56,61,44,3,68,69,98,29,36,55,49,88,27,22,87,66,64,9,11,42,33,79,77,73,83,53,74,26,47,48,1,62,84,92,43,60,25,78,50,38,23,58,82,96,85,75,93,8,89,12,5,72,67,71,30,32,7,40,81,28,54,70
68,44,95,8,51,77,59,91,10,39,87,37,13,20,94,21,2,80,15,57,31,86,93,9,27,24,74,19,65,52,16,54,17,6,34,4,99,63,56,61,71,3,76,69,98,97,1,55,49,92,85,22,62,29,64,83,70,42,33,79,40,73,35,53,45,26,47,18,90,43,84,96,14,60,41,78,50,38,23,89,48,58,66,75,36,25,46,12,5,72,67,88,30,32,7,0,81,28,11,82
1,46,95,8,51,77,20,44,14,19,87,86,13,69,40,89,2,80,15,57,31,17,65,27,37,24,90,84,10,52,16,78,94,56,34,74,99,63,59,61,71,3,76,11,98,97,9,55,49,92,85,22,62,82,68,45,70,48,33,79,64,73,35,53,72,5,25,18,32,43,28,96,42,60,93,91,50,39,23,81,21,58,66,75,36,4,47,12,26,6,67,54,30,83,7,0,41,88,29,38
97,46,73,55,51,56,1,69,47,8,5,74,13,87,28,89,2,91,15,57,31,17,65,20,59,24,90,6,86,52,63,92,53,12,34,38,88,19,40,61,42,3,76,26,98,95,35,27,49,78,85,22,44,82,68,45,70,48,33,79,64,11,32,94,72,62,25,18,99,43,41,96,80,14,93,16,50,39,23,81,21,58,66,75,36,37,77,60,9,4,67,54,30,83,7,0,29,84,10,71
97,46,50,55,51,45,37,69,47,8,14,74,18,87,28,72,2,90,15,68,23,91,65,58,56,27,31,73,5,52,63,92,53,13,43,94,88,80,40,61,42,30,76,38,98,95,6,3,49,78,24,22,44,85,93,19,70,48,67,79,64,11,35,20,0,62,25,1,12,59,41,96,29,32,82,16,39,60,17,81,21,33,66,99,36,34,77,75,9,4,89,54,57,83,7,10,86,84,26,71
97,15,50,3,99,45,35,69,47,8,14,74,18,87,19,46,2,17,93,68,23,91,65,63,56,32,95,72,5,52,77,37,64,13,43,94,88,80,84,79,42,26,7,38,27,25,6,28,49,78,76,22,44,85,90,33,70,48,31,89,24,11,98,21,0,62,66,51,12,59,41,92,67,40,82,16,39,60,57,81,61,29,75,20,36,86,30,34,9,4,1,54,58,83,73,10,71,55,53,96
16,53,50,3,49,45,87,69,93,8,18,74,54,40,83,14,2,17,46,37,23,91,65,15,56,32,95,72,0,52,77,92,64,13,31,21,61,80,55,79,42,26,89,20,67,85,6,28,75,78,76,22,44,94,35,33,70,25,5,7,24,11,43,90,19,81,29,51,12,59,41,88,62,47,82,84,39,68,57,48,97,99,58,66,36,86,30,34,9,4,1,96,98,60,73,10,71,27,38,63
80,34,1,67,49,95,87,39,93,98,18,74,54,40,83,88,75,46,27,23,9,91,65,15,68,32,56,72,12,52,77,92,64,13,31,61,45,69,14,79,42,26,89,2,24,66,6,28,70,78,17,96,10,94,35,33,0,25,5,20,16,11,43,90,19,97,29,51,76,59,62,21,36,47,82,84,50,38,85,48,57,99,58,55,3,86,44,81,30,4,41,53,37,60,73,7,71,22,8,63
50,65,24,67,15,95,87,39,68,97,91,76,54,40,83,88,75,94,3,23,37,80,33,17,44,64,60,72,12,74,77,92,93,13,9,61,16,69,52,79,42,26,89,2,46,86,6,71,90,66,45,99,10,30,14,35,0,25,56,20,98,11,43,7,19,28,29,51,32,70,62,21,36,59,82,84,8,38,85,48,57,27,58,55,5,49,31,81,78,4,41,53,1,34,73,96,47,22,18,63
50,65,24,67,15,1,87,32,68,53,25,76,19,83,2,35,54,80,71,23,37,69,33,17,94,64,91,72,49,74,77,79,93,38,9,60,11,75,52,98,42,26,89,10,3,86,16,84,47,39,45,99,58,30,14,59,0,73,56,78,5,29,43,7,90,28,40,51,46,70,62,12,95,61,82,97,8,20,85,48,57,27,36,55,92,41,31,81,13,4,6,21,88,34,44,96,66,22,18,63
50,1,25,67,20,19,28,32,8,53,95,76,93,56,2,35,54,80,92,23,49,14,33,17,63,60,10,72,22,6,77,52,42,38,9,0,11,61,87,21,69,26,89,83,79,86,16,84,47,39,45,99,37,71,51,59,31,73,65,78,5,29,43,7,24,15,98,48,74,70,3,12,4,68,82,97,64,36,85,90,57,27,40,55,94,41,91,81,13,62,30,58,88,34,44,96,66,75,18,46
80,1,25,51,21,19,20,59,22,47,95,76,93,85,2,35,54,49,32,23,29,14,92,17,75,60,15,84,63,6,77,52,42,48,9,0,11,61,72,65,69,26,39,99,79,86,56,78,53,40,89,88,37,71,57,38,31,73,50,82,5,30,43,7,24,8,96,33,98,97,3,12,4,68,13,28,64,10,67,90,66,27,87,55,94,41,36,81,91,62,45,58,70,34,44,83,74,16,18,46
26,59,75,51,17,19,82,31,22,90,78,62,93,58,8,41,54,49,77,23,70,14,9,2,92,60,65,84,63,6,29,89,42,71,55,98,11,80,1,20,69,79,39,99,76,25,56,45,53,40,37,21,15,12,48,38,35,73,50,52,5,30,43,7,24,61,96,33,64,97,3,85,4,68,13,28,66,10,67,72,47,27,87,88,94,32,36,81,91,57,16,0,86,34,44,83,74,95,18,46
26,59,75,82,47,19,95,99,45,80,51,96,93,58,8,41,67,49,77,23,70,14,90,87,46,60,40,84,64,11,29,89,42,36,50,65,37,83,17,20,62,79,81,52,76,25,2,10,53,55,56,21,15,12,48,38,35,73,31,39,78,66,43,7,24,5,63,32,33,97,3,61,4,68,13,98,85,54,22,72,92,27,44,88,94,6,9,69,91,57,16,0,86,34,30,28,74,71,18,1
26,59,68,65,22,19,85,99,24,21,51,10,93,91,45,41,67,49,77,23,72,87,90,40,46,60,44,84,64,11,29,14,95,36,50,32,37,83,38,20,62,79,56,17,76,25,31,48,16,80,52,7,81,42,89,97,75,53,3,39,78,70,63,15,12,5,88,43,33,27,96,61,4,8,13,98,82,54,73,35,92,55,66,58,94,6,9,69,2,47,57,0,86,34,30,28,74,71,18,1
26,29,73,65,22,19,75,49,24,21,51,10,93,91,45,38,67,0,77,23,46,87,27,40,30,3,44,84,64,54,1,79,95,36,71,32,37,83,80,8,60,11,56,94,70,25,31,48,16,57,68,7,81,42,89,97,5,53,99,41,78,50,63,15,18,76,88,43,33,9,4,61,35,92,74,98,82,59,6,90,85,12,66,58,17,13,52,69,14,47,55,39,86,34,20,2,72,96,28,62
67,74,73,65,92,19,50,49,24,29,51,10,72,91,66,22,88,69,62,23,47,53,89,40,30,3,26,84,64,54,1,79,95,36,71,25,77,83,80,45,38,11,56,94,70,61,31,41,16,57,60,6,81,42,58,97,35,85,99,27,78,21,63,15,75,76,44,28,33,9,4,7,48,93,37,98,82,59,0,12,43,2,55,86,17,13,52,87,14,18,32,39,5,34,20,90,96,8,46,68
36,74,73,56,84,24,50,42,38,0,51,10,97,46,66,22,88,80,62,12,47,96,52,40,30,83,91,9,64,54,1,79,95,92,71,25,3,6,78,45,15,67,63,94,57,61,77,41,16,31,60,53,81,27,58,49,35,33,99,32,28,21,26,87,75,89,44,29,20,69,4,7,48,8,37,93,82,59,65,11,43,2,55,86,17,13,19,18,14,72,23,39,5,34,70,90,85,98,76,68
53,74,83,25,84,24,50,44,38,66,51,10,97,91,34,22,62,80,20,71,16,96,19,42,6,28,0,9,64,33,18,79,56,92,65,76,3,27,12,88,8,67,63,94,47,61,95,41,40,31,60,49,81,75,58,15,35,89,99,32,36,45,26,54,69,78,30,29,73,87,4,7,48,37,1,93,82,59,46,11,43,2,55,86,17,13,21,5,14,72,23,39,70,68,52,90,85,98,77,57
53,74,46,81,36,83,50,44,43,66,51,73,84,91,15,22,68,65,29,71,75,21,7,42,6,28,92,62,19,33,18,79,56,25,24,76,77,27,67,61,8,2,94,26,47,14,95,41,40,31,60,49,98,10,58,0,35,89,99,38,23,45,30,54,69,78,13,96,20,87,32,12,48,37,1,93,82,88,97,11,9,16,55,86,17,3,4,5,64,63,57,39,70,72,52,90,85,80,34,59
53,6,46,96,84,83,50,44,43,67,51,73,17,91,27,25,68,15,70,54,22,21,7,0,97,36,92,1,57,33,18,59,5,62,24,23,11,71,28,61,8,2,29,26,47,14,95,41,98,31,60,72,40,77,58,76,35,89,94,38,19,45,30,93,69,78,56,65,20,87,32,12,75,79,74,3,66,88,81,10,9,16,55,86,49,64,37,13,4,63,48,39,42,82,52,90,85,80,34,99
97,74,46,96,70,17,13,84,1,67,83,73,50,52,48,25,27,15,2,54,22,21,7,0,8,36,9,63,28,33,18,59,5,62,24,23,11,71,82,55,92,94,29,12,95,14,65,68,47,31,60,72,53,77,66,76,35,89,64,38,19,45,30,93,69,78,56,81,85,87,26,91,75,79,16,3,49,88,51,10,6,58,20,86,98,44,80,40,57,43,4,39,42,41,61,90,32,37,34,99
29,47,46,96,70,17,13,84,1,39,83,73,11,52,10,25,61,77,2,54,9,45,31,65,8,36,30,63,24,16,18,59,5,62,48,23,50,32,82,55,92,94,97,12,19,98,99,68,15,57,42,7,53,95,72,43,35,89,64,38,74,69,76,93,21,86,78,60,85,27,26,0,75,79,14,3,81,88,51,91,6,58,20,71,87,44,22,40,66,56,4,49,28,41,67,90,33,37,34,80
64,42,77,48,70,62,92,13,1,39,6,73,11,88,10,59,61,35,2,54,29,45,31,65,17,26,30,80,33,16,18,71,5,85,4,23,52,49,82,55,32,94,97,63,9,98,99,68,15,12,90,7,53,95,72,83,34,89,24,38,57,36,81,3,21,86,78,60,56,27,25,0,75,79,14,19,40,50,51,91,69,8,20,96,87,44,22,93,66,43,84,47,28,41,74,58,76,37,67,46
53,42,77,46,70,41,92,13,72,30,6,73,28,14,27,90,61,7,40,54,38,45,31,19,17,1,2,3,33,16,18,71,75,48,4,23,52,49,82,88,11,94,60,63,9,98,10,68,15,8,99,79,22,95,55,83,34,32,24,35,57,36,81,56,21,86,78,80,12,97,25,0,89,29,20,62,51,50,59,39,85,26,69,96,87,44,76,93,66,43,65,64,5,91,74,58,84,37,67,47
53,42,77,46,70,18,92,13,72,30,6,73,28,3,1,71,79,49,82,54,38,41,31,19,17,69,10,80,33,16,0,21,75,63,4,23,90,85,61,25,11,94,45,2,9,98,88,34,15,8,50,91,22,96,55,62,81,99,24,35,47,36,51,56,27,86,78,66,12,97,76,89,40,29,83,39,57,5,59,32,14,26,95,60,87,44,68,93,65,43,7,64,74,48,52,58,84,37,67,20
85,69,77,46,40,39,92,78,72,30,34,95,28,16,1,88,22,49,82,73,63,41,3,19,17,71,10,80,33,4,0,21,75,25,99,23,90,54,60,55,11,94,45,38,61,98,57,47,56,2,84,91,70,96,13,62,42,12,24,64,50,36,51,97,27,53,86,66,26,67,76,89,35,29,83,79,20,5,59,32,14,18,15,6,81,44,68,93,65,43,7,8,74,48,52,31,58,37,9,87
57,69,16,46,14,25,92,78,72,39,17,95,60,79,1,26,22,49,77,88,63,41,3,27,82,71,24,80,33,4,30,35,75,93,99,73,89,54,64,55,12,94,85,38,61,40,84,47,56,66,8,91,70,96,13,42,23,36,5,62,50,45,51,97,28,53,86,58,0,7,76,34,19,29,83,74,20,67,59,32,98,18,10,90,81,44,21,11,65,43,2,9,68,48,52,31,15,37,6,87
83,98,13,46,73,25,23,37,9,39,15,95,60,84,18,26,76,31,77,88,22,41,3,27,82,72,86,80,33,4,30,35,75,93,79,99,66,54,64,55,36,49,85,38,61,40,16,11,94,90,8,56,70,96,89,59,91,50,5,71,1,45,51,44,28,53,2,58,0,7,57,34,19,97,43,74,14,67,42,32,17,62,10,78,81,29,21,12,65,69,6,20,68,48,52,47,63,92,24,87
67,98,48,66,73,25,24,0,47,39,28,86,60,17,18,26,76,19,93,88,22,41,46,27,83,72,95,80,33,4,30,94,75,62,31,68,13,54,3,55,77,49,85,81,61,40,16,11,51,69,8,56,70,79,89,1,91,50,5,14,74,45,90,99,12,53,2,58,38,63,57,34,9,97,43,64,71,82,42,32,52,7,10,78,65,29,21,59,44,96,36,20,84,37,6,35,15,92,23,87
67,98,48,35,73,3,12,41,47,39,23,56,99,49,40,92,76,19,86,88,22,84,21,62,83,50,95,80,46,4,20,94,75,51,31,78,13,24,87,55,89,44,85,81,61,77,16,6,68,69,8,5,70,9,11,1,18,97,66,0,79,45,90,28,74,53,2,58,38,63,57,34,60,25,43,91,71,82,42,32,52,7,10,26,65,29,64,72,54,96,36,14,30,37,59,27,15,17,93,33
67,98,24,35,73,32,60,15,47,39,80,56,99,7,40,92,83,19,29,88,22,23,61,79,2,50,95,62,90,46,20,94,75,71,31,49,13,12,87,38,48,6,85,76,63,77,86,70,68,69,8,5,57,84,0,44,18,97,41,51,3,9,45,28,1,74,66,58,55,81,53,34,89,36,43,91,78,4,42,25,52,82,10,26,65,11,64,16,54,96,21,14,30,37,59,27,72,17,93,33
67,98,30,66,82,32,0,15,16,39,80,56,99,7,40,35,20,19,29,91,22,23,87,33,69,50,95,92,90,43,65,94,75,71,41,49,10,12,46,57,84,13,85,76,6,77,86,70,68,44,8,60,48,79,61,2,31,97,9,51,3,78,27,28,1,74,47,58,55,83,81,18,89,73,36,88,52,4,42,25,62,54,45,26,53,11,64,34,24,96,21,14,63,37,72,38,59,17,93,5
18,86,91,66,47,32,52,15,25,39,10,26,98,42,56,68,13,19,29,20,22,23,6,92,69,50,95,96,90,43,65,94,75,87,41,49,99,12,73,46,84,76,80,54,85,77,9,70,33,44,37,4,48,79,61,2,38,17,35,51,3,78,83,7,1,74,0,58,97,16,81,88,89,31,36,28,82,71,27,30,62,55,45,8,53,11,64,34,24,57,21,14,63,60,72,67,59,40,93,5
18,86,91,11,1,32,52,15,25,38,27,26,98,42,56,68,13,21,29,20,22,19,63,92,69,47,31,61,90,43,65,23,75,89,80,49,94,2,70,46,36,0,82,66,76,77,9,62,33,44,40,88,73,79,57,4,54,99,35,51,3,84,83,7,24,74,41,58,97,16,81,28,12,95,60,87,17,48,37,30,71,55,45,8,96,39,64,6,34,85,50,14,78,53,72,67,59,10,93,5
60,34,91,15,39,32,5,49,35,38,37,26,98,42,56,20,13,58,29,78,22,19,63,92,77,87,45,61,90,8,95,23,75,89,80,21,62,43,70,65,18,0,11,66,76,24,25,27,33,44,86,88,73,79,57,4,54,99,9,51,3,84,83,7,74,48,93,68,97,16,81,40,12,85,55,36,17,82,2,47,1,46,28,72,96,30,64,94,52,6,50,14,69,53,41,67,59,10,71,31
60,86,91,15,39,32,5,49,35,28,37,26,56,42,23,88,13,76,53,43,22,19,63,78,77,67,45,70,96,8,3,81,75,89,80,87,62,0,94,82,18,2,11,66,90,30,25,24,33,44,36,58,46,21,97,4,54,99,9,51,95,85,83,7,69,38,93,68,10,16,41,20,79,92,55,84,17,65,29,47,1,34,61,72,48,27,64,40,52,6,50,14,73,12,57,98,59,31,71,74
60,52,91,15,7,73,5,49,35,28,1,16,54,11,23,53,84,76,62,43,97,19,63,78,51,67,45,36,77,8,3,81,72,13,80,88,42,0,94,99,18,2,57,66,90,30,25,24,33,44,27,9,46,82,47,4,41,68,86,39,95,85,83,61,69,38,89,32,26,56,22,98,79,92,55,75,17,10,29,70,20,34,21,96,48,93,37,40,58,6,87,50,14,12,71,65,59,31,64,74
76,52,91,32,40,73,7,38,35,59,9,60,54,10,23,53,84,82,62,43,75,19,63,28,51,67,72,5,77,8,47,81,66,13,69,70,42,0,94,99,83,3,80,26,90,30,25,24,92,44,27,79,48,11,74,4,78,68,36,93,95,88,97,39,41,6,89,16,86,56,22,98,46,33,55,61,1,15,29,57,20,17,21,96,18,34,37,2,58,85,87,50,14,12,71,65,49,31,64,45
76,67,4,44,20,80,92,38,35,68,28,60,0,10,30,53,79,82,12,17,91,75,64,16,52,14,72,25,77,8,47,81,66,13,69,70,42,54,89,99,83,3,63,22,26,65,86,24,58,40,27,9,48,11,73,62,78,74,34,93,95,88,97,39,41,6,84,59,51,23,32,98,36,33,55,61,1,15,29,57,46,7,19,96,18,5,37,2,56,85,87,50,21,90,43,94,49,31,71,45
59,37,75,44,66,80,92,38,35,68,28,6,58,10,30,53,69,82,12,17,91,20,0,64,72,14,63,25,86,2,47,79,13,51,49,70,42,54,89,95,62,3,77,85,26,65,50,24,94,40,27,9,32,11,8,45,78,96,34,81,16,84,97,39,76,99,15,48,52,23,88,83,36,33,55,61,1,73,29,57,46,56,19,98,74,5,60,4,7,67,87,93,21,90,43,22,41,31,71,18
28,20,75,44,66,10,53,38,52,85,49,6,24,26,30,40,37,2,43,74,91,69,21,64,82,5,47,25,86,78,81,79,13,51,88,70,42,54,89,99,62,3,60,55,63,65,14,58,94,33,27,9,32,11,8,45,77,96,68,12,16,34,97,39,76,1,15,48,84,23,18,57,36,17,80,61,41,95,29,92,46,56,19,98,50,35,83,4,7,67,0,93,87,90,73,22,72,31,71,59
3,20,75,44,66,87,62,54,31,85,50,6,24,32,30,17,37,2,41,74,91,69,21,64,82,5,47,48,86,78,46,43,96,51,88,57,19,34,89,95,68,93,81,16,63,39,14,58,94,70,27,9,42,11,8,22,77,28,60,49,40,71,97,61,76,99,15,12,84,23,18,38,36,10,80,25,33,52,29,67,13,56,7,92,98,35,83,4,65,45,0,79,55,90,73,1,72,53,26,59
3,5,85,44,66,78,62,54,94,30,50,6,24,47,1,17,31,2,32,74,23,69,81,67,82,64,8,48,86,15,46,79,96,51,63,57,19,34,59,95,68,93,41,75,91,29,14,58,72,39,27,35,42,20,70,22,77,28,60,9,21,71,97,61,18,89,65,12,73,88,83,38,37,10,16,25,33,52,87,40,13,56,11,92,98,80,49,84,4,45,0,53,55,90,99,43,76,7,26,36
3,19,7,1,66,94,62,54,11,63,34,6,95,13,99,17,31,2,32,74,23,59,41,69,76,64,5,48,86,67,97,90,85,70,80,57,40,9,24,98,77,68,79,75,91,29,14,58,8,39,27,35,42,93,50,81,43,28,60,88,21,71,72,61,18,89,65,37,73,53,83,30,15,10,16,25,33,52,87,51,78,56,47,92,46,44,49,84,4,45,0,38,55,82,20,96,22,12,26,36
3,19,93,4,10,88,63,83,35,86,85,14,6,95,54,99,31,66,43,74,79,59,41,27,76,64,1,12,82,58,97,90,7,94,80,57,40,9,24,98,77,8,37,75,62,29,48,39,11,89,92,5,42,32,23,81,60,28,34,91,21,71,72,61,18,38,65,69,73,53,36,30,15,2,16,25,33,52,87,51,78,56,47,13,46,44,45,84,50,67,0,17,55,68,20,96,22,70,26,49
59,44,84,4,90,88,63,30,97,67,22,3,6,95,54,99,31,70,48,91,79,25,11,27,76,64,1,66,8,26,74,7,10,81,80,71,40,9,24,60,77,41,19,12,14,29,46,39,96,89,92,5,42,32,23,86,43,28,50,82,21,2,83,61,18,38,65,69,57,53,36,73,15,94,16,75,33,52,34,51,78,56,35,13,98,87,45,58,72,62,0,17,55,68,20,47,37,93,85,49
59,44,23,4,90,29,63,66,97,31,22,74,6,95,60,99,70,68,45,91,8,25,11,27,61,96,79,47,24,26,20,7,10,81,30,71,33,54,3,1,77,41,88,12,76,43,80,40,48,94,92,5,42,32,34,86,93,51,50,82,21,2,58,28,18,38,65,53,57,46,36,73,15,19,16,83,84,52,14,67,78,56,35,75,98,87,39,64,72,13,69,17,89,62,9,55,37,0,85,49
59,44,22,4,32,54,63,66,5,86,82,74,6,97,60,99,70,68,45,91,19,25,11,58,81,96,23,39,24,26,40,7,50,17,30,65,33,57,28,1,77,41,88,12,76,13,80,61,48,94,92,53,42,71,62,56,36,51,18,29,21,2,9,43,69,38,95,20,79,46,3,72,15,35,16,83,84,52,67,47,78,8,31,27,98,90,73,64,34,87,93,49,89,75,10,55,37,0,85,14
59,44,22,40,11,54,15,24,39,86,33,49,6,97,79,66,70,27,45,91,81,25,96,12,28,74,23,4,62,26,29,7,50,5,99,84,17,57,61,1,77,41,88,43,76,13,32,82,94,47,83,80,42,63,30,56,36,51,31,38,21,2,9,60,69,65,18,20,87,46,3,72,85,35,16,19,95,52,68,48,78,8,71,58,98,37,73,64,34,92,93,53,89,75,10,55,90,0,67,14
28,44,91,40,11,82,15,61,39,86,33,49,77,58,60,16,70,27,24,32,30,83,13,85,54,94,23,51,68,66,4,7,96,36,99,84,17,57,64,1,45,41,88,14,76,59,25,81,22,12,47,80,42,63,29,56,92,71,31,38,21,2,9,26,79,65,43,62,87,46,3,72,73,35,93,19,95,20,55,48,78,8,18,97,98,37,74,69,34,52,6,53,89,75,10,5,90,0,67,50
87,44,75,31,11,18,10,61,39,81,33,3,77,58,60,65,0,27,24,73,30,83,13,85,16,38,94,51,68,66,4,57,96,36,17,84,80,9,70,64,45,41,32,14,76,53,25,89,22,12,47,48,42,63,29,15,92,71,82,91,21,56,46,54,79,28,43,62,2,23,1,88,86,59,93,72,95,20,55,35,40,8,49,97,98,37,74,26,34,52,90,69,67,78,99,19,5,6,7,50
41,16,64,31,11,18,10,21,65,81,33,3,77,58,60,39,0,27,24,73,30,83,26,85,66,38,94,46,68,36,4,15,34,2,32,84,80,13,8,90,45,7,17,14,76,53,25,49,22,97,47,12,42,96,29,40,92,71,82,91,44,56,88,67,79,28,63,62,74,1,70,69,9,23,93,72,55,20,89,75,54,5,86,35,98,37,51,48,6,52,59,43,87,78,99,19,95,61,57,50
41,49,64,31,53,18,10,25,65,95,33,97,77,66,7,39,46,15,24,73,30,54,26,8,75,38,94,37,68,14,92,3,34,2,32,85,80,60,27,90,83,36,21,45,76,29,58,48,4,98,47,71,42,96,87,12,13,0,82,91,44,51,88,67,79,28,63,62,50,1,70,69,9,23,84,72,93,56,89,55,22,5,81,35,16,74,40,59,6,11,17,43,20,78,99,19,52,61,57,86
17,93,64,31,55,99,10,25,65,2,33,97,77,37,7,39,46,63,24,41,30,54,22,8,75,96,94,52,1,89,23,3,86,47,32,85,80,36,83,98,53,82,21,18,76,26,58,48,38,14,95,71,11,16,87,12,13,0,4,91,44,51,73,9,79,28,49,62,27,67,60,69,50,34,84,72,88,56,19,15,92,45,81,35,90,74,40,29,6,66,59,43,20,78,5,70,42,61,57,68
17,75,29,15,49,61,37,93,65,72,92,86,7,58,56,39,46,31,24,71,30,54,22,64,98,10,94,52,1,19,23,8,95,78,4,3,67,84,14,33,53,82,21,77,83,26,99,48,38,47,0,63,11,16,87,12,13,2,96,91,44,51,73,9,79,28,76,62,27,60,43,69,50,34,97,41,88,36,55,5,80,45,81,35,90,74,40,89,6,66,59,25,20,85,32,70,42,18,57,68
17,85,61,15,49,89,37,35,65,72,67,86,7,58,56,39,46,74,24,70,26,54,93,43,51,10,30,52,1,38,23,8,48,94,4,11,64,84,14,40,53,82,32,77,83,41,99,21,20,57,0,88,33,16,87,12,90,98,96,27,29,2,69,9,79,28,76,91,73,60,22,92,50,34,95,19,44,36,55,5,75,45,81,80,62,31,97,3,6,66,59,25,68,71,13,78,42,18,47,63
17,86,61,6,69,89,81,63,65,14,2,18,7,92,56,39,9,74,24,4,26,31,93,43,34,10,30,52,1,38,27,49,48,94,23,11,35,45,98,37,57,64,32,87,83,41,8,51,20,82,67,88,33,16,5,12,28,15,96,71,29,76,44,58,79,53,70,91,73,60,22,40,50,46,95,19,90,36,55,85,75,72,84,80,62,77,97,3,99,21,59,78,68,66,13,0,42,54,47,25
17,86,65,1,69,82,81,12,21,14,2,18,7,47,56,39,28,74,53,42,26,31,93,63,34,44,45,52,37,48,27,49,84,94,23,11,35,76,20,30,10,61,32,87,36,41,91,51,89,9,67,6,33,16,5,85,80,95,43,98,29,15,24,58,79,71,70,75,73,60,22,19,50,46,8,83,90,13,55,78,97,72,96,59,62,77,64,3,99,88,68,4,40,66,38,0,57,54,92,25
17,86,65,2,69,82,88,12,13,14,18,53,7,47,56,39,43,74,21,85,46,31,93,63,97,26,45,52,22,48,91,58,84,80,23,11,35,76,73,30,10,32,16,87,36,59,8,9,89,24,67,6,33,61,5,78,83,95,1,98,29,15,71,81,51,20,70,27,57,60,28,79,42,41,37,75,90,4,55,62,50,72,96,34,66,77,64,3,40,0,68,99,94,44,38,19,49,54,92,25
17,86,3,2,69,82,95,12,13,14,18,53,66,47,56,39,43,19,68,64,77,31,76,9,97,26,45,52,73,48,91,38,28,80,23,11,35,74,29,7,0,32,15,87,36,59,81,46,89,24,84,6,33,61,98,85,83,5,78,20,65,88,71,22,21,40,93,30,57,60,27,79,49,42,10,75,37,4,55,62,50,72,16,34,51,8,58,70,67,1,96,41,94,90,44,99,63,54,92,25
17,86,3,2,24,82,95,12,60,14,1,53,70,98,50,51,46,77,66,64,18,94,76,97,22,26,45,87,63,48,59,73,28,21,23,49,55,74,38,13,0,32,15,89,36,34,81,40,65,9,84,6,33,61,75,85,31,5,78,19,91,88,71,43,7,11,93,30,57,39,27,79,56,42,10,68,37,4,35,54,52,72,16,80,96,8,58,41,67,62,83,20,47,90,44,99,29,69,92,25
40,93,3,81,24,23,95,12,4,73,49,92,70,50,54,51,46,78,66,64,7,94,76,97,22,43,45,53,16,48,59,17,28,21,1,55,14,58,60,13,0,32,91,89,36,34,27,98,29,9,77,85,33,61,75,25,31,87,18,19,84,88,71,47,80,11,63,2,6,39,65,79,56,15,10,68,37,42,35,30,52,72,57,26,96,8,62,41,67,82,83,20,74,86,44,5,99,69,90,38
40,93,58,81,4,23,49,12,0,27,36,72,95,50,42,5,46,78,66,64,2,52,76,97,22,43,90,53,73,98,59,84,28,21,69,55,14,92,60,51,96,32,91,89,20,31,54,15,29,85,77,9,33,61,17,25,87,94,75,34,8,88,71,47,67,11,63,45,18,39,65,79,56,82,10,68,37,70,35,16,30,7,57,26,19,24,62,13,1,80,41,83,74,86,44,3,99,6,48,38
33,93,58,81,4,44,31,9,80,12,32,72,95,88,42,37,46,23,66,27,53,89,76,91,49,55,59,50,43,98,64,84,28,21,99,22,14,92,60,51,96,78,62,52,20,45,86,73,29,85,19,6,71,36,17,25,87,10,40,34,8,75,97,47,54,11,63,67,35,39,65,79,56,82,94,68,90,70,69,16,30,7,57,26,77,24,5,15,1,18,41,83,74,13,61,3,0,2,48,38
33,93,58,29,77,44,31,86,66,12,65,72,95,53,42,37,46,23,92,80,17,38,68,91,49,50,59,61,27,98,84,8,28,21,52,22,47,48,99,51,4,26,0,10,20,45,32,73,55,85,19,6,71,36,76,60,87,70,40,34,3,75,13,88,54,11,63,67,24,39,64,79,56,82,78,14,90,89,69,16,30,7,74,5,25,81,96,97,1,18,41,83,9,15,62,43,94,2,35,57
68,81,6,29,77,44,45,57,43,58,53,72,98,79,31,50,83,23,92,75,17,46,65,91,30,12,22,85,2,52,78,8,28,21,38,56,27,48,99,51,80,26,0,10,20,90,32,95,55,60,37,86,93,36,76,69,87,54,40,59,3,49,13,88,70,11,63,73,24,39,64,19,84,82,34,14,33,89,66,16,61,7,74,5,25,4,96,97,1,18,41,67,9,15,62,71,94,42,35,47
68,72,6,42,77,44,45,82,57,58,0,61,98,54,5,50,83,23,30,75,81,31,65,18,22,48,25,46,2,95,78,8,59,21,38,56,27,11,99,51,80,76,12,10,15,90,32,66,55,60,26,86,85,36,17,69,87,1,64,7,3,49,13,88,37,19,63,73,24,39,52,91,62,28,84,14,33,89,43,29,16,40,74,79,53,4,93,34,20,92,96,67,9,97,70,71,94,41,35,47
93,72,6,58,77,44,8,23,49,89,56,61,98,54,5,50,83,69,30,75,81,31,26,18,41,48,25,63,57,95,65,60,59,21,38,12,42,11,35,87,92,76,66,10,15,90,32,71,55,70,85,86,22,36,17,62,79,1,64,7,3,47,33,88,37,27,99,68,24,39,52,91,46,28,84,78,14,43,16,29,9,51,74,73,53,13,19,4,20,80,96,2,40,97,67,0,94,82,45,34
93,72,6,58,77,44,83,23,88,76,90,61,15,54,5,50,42,69,30,75,81,25,29,85,41,49,62,48,57,26,65,84,59,17,92,12,36,11,35,87,56,37,78,9,24,10,32,74,55,70,13,86,22,18,33,21,98,1,64,31,14,47,80,43,95,27,99,68,66,39,38,91,46,28,63,51,67,40,16,89,7,3,73,8,79,60,19,4,20,52,96,2,53,97,71,0,94,82,45,34
93,72,6,48,56,44,50,89,95,76,90,61,15,30,53,37,42,69,2,75,74,23,29,32,41,49,62,38,57,26,65,84,77,21,92,12,36,55,58,87,33,86,78,46,24,25,11,98,43,5,59,73,22,85,63,18,10,1,64,31,9,47,80,16,91,52,99,68,66,39,83,54,94,28,14,51,67,40,13,97,88,3,8,27,79,60,19,4,20,7,96,81,0,70,71,35,17,82,45,34
18,72,6,48,56,70,93,44,49,76,0,68,95,35,53,58,42,69,7,75,94,23,52,89,64,65,50,38,57,26,90,84,71,21,82,12,36,55,25,87,59,86,78,33,32,74,4,98,77,5,63,73,30,85,2,1,29,62,22,31,9,47,80,16,91,34,99,28,66,39,83,54,15,10,14,51,67,40,8,97,88,3,37,92,79,60,19,27,20,46,96,81,24,17,41,13,11,61,45,43
18,72,6,48,71,70,93,44,85,51,87,49,84,35,53,65,62,69,21,37,94,97,52,89,64,9,14,38,57,26,90,80,86,4,82,42,36,0,25,19,59,67,43,40,30,55,56,74,77,5,63,73,32,12,98,68,29,92,22,31,50,47,33,16,88,34,58,28,66,23,83,54,15,39,46,76,7,60,8,10,91,3,78,75,79,95,2,27,20,1,96,99,24,17,41,13,11,61,45,81
18,72,6,48,21,71,93,44,27,67,95,79,84,35,32,65,78,66,70,37,94,24,52,60,20,9,56,86,57,26,90,80,51,4,82,42,98,0,25,19,40,97,43,53,69,55,3,38,77,49,63,73,85,12,7,68,29,16,61,31,50,92,33,64,88,14,58,89,83,23,36,54,15,39,13,76,34,62,8,81,59,22,91,75,74,96,2,47,30,1,5,99,46,17,41,87,11,28,45,10
18,55,6,48,65,71,43,9,82,2,95,79,84,35,1,8,75,74,28,37,44,24,83,60,98,93,56,7,57,26,34,25,51,4,19,97,15,21,61,58,86,67,72,66,69,62,3,38,77,49,63,73,40,42,94,68,32,16,90,31,50,52,33,64,70,14,80,89,0,23,36,54,46,39,13,76,78,10,20,81,59,22,27,12,53,96,29,47,30,91,5,99,92,17,41,87,11,88,45,85
18,77,6,52,3,27,19,69,39,2,95,79,44,35,55,7,75,53,64,4,60,24,65,86,98,93,50,15,57,26,80,25,48,28,41,85,99,17,74,58,9,67,72,66,56,62,43,38,82,49,63,73,34,94,0,68,32,16,90,31,87,91,33,29,70,14,8,89,45,23,36,54,1,46,13,76,78,10,20,81,59,22,37,12,21,96,61,47,30,40,5,84,92,97,51,71,11,88,42,83
54,77,22,52,75,27,66,69,39,55,37,79,44,35,5,7,33,67,61,4,60,19,65,41,53,93,50,82,57,26,80,25,48,28,9,18,99,17,74,1,8,64,72,38,95,62,43,16,83,49,63,88,92,42,6,71,32,70,90,31,0,86,91,34,11,14,85,89,45,15,36,98,3,46,13,76,78,58,20,81,59,10,87,12,21,96,23,47,68,40,2,84,24,97,51,30,94,56,29,73
48,25,22,24,75,27,66,32,64,55,35,79,44,80,40,7,10,65,11,5,34,94,52,41,53,93,50,82,92,26,69,72,61,28,45,76,23,17,74,1,8,30,15,38,95,37,43,57,83,49,63,88,2,42,67,71,9,70,90,29,0,39,91,6,12,14,85,89,31,99,16,98,3,46,13,4,78,81,77,33,59,60,87,19,21,96,68,47,58,36,20,84,18,97,51,86,62,56,54,73
48,66,21,24,75,70,93,30,64,55,77,50,44,80,40,17,10,35,7,5,34,94,52,41,53,73,2,82,92,0,57,25,61,28,45,54,23,63,74,96,8,86,1,38,95,37,18,84,76,49,68,88,15,42,22,71,51,11,67,29,47,65,91,69,12,14,85,97,31,99,16,32,3,46,33,4,78,81,6,19,59,60,87,27,39,83,90,58,79,36,20,89,26,9,43,13,62,56,72,98
72,66,1,24,75,16,93,21,85,55,68,50,3,70,40,17,25,35,7,10,23,99,52,46,53,48,43,84,92,0,62,71,61,28,45,49,57,63,80,96,8,86,19,12,95,74,18,20,76,37,60,88,15,42,91,73,44,94,67,82,47,65,78,69,6,14,34,5,31,29,51,32,11,36,33,4,38,81,2,41,59,77,87,27,39,83,54,58,79,90,22,89,26,9,64,13,30,56,97,98
60,40,1,24,75,66,93,21,85,10,37,50,3,8,30,17,96,4,7,14,23,46,70,78,53,48,43,44,92,49,26,71,25,28,45,47,36,63,69,84,56,86,19,12,0,74,18,20,76,94,73,64,98,42,91,34,59,79,67,82,9,65,57,29,6,61,55,35,31,99,51,32,11,88,33,16,38,81,15,41,2,77,87,62,39,83,54,58,22,90,5,89,72,68,95,13,52,80,97,27
83,40,56,24,42,84,29,64,85,10,57,50,58,8,11,6,78,31,39,14,23,46,70,20,53,35,43,18,92,49,26,88,25,28,1,47,36,66,0,15,17,72,19,76,69,79,54,4,93,94,73,86,7,27,91,34,59,71,67,82,9,65,48,52,21,61,55,37,96,99,51,32,3,75,33,2,38,81,74,41,63,77,87,62,16,30,98,60,22,90,5,89,12,68,95,13,44,80,97,45
83,40,51,24,13,12,29,4,85,10,57,35,58,8,11,6,95,31,39,14,90,43,70,20,36,93,55,18,47,49,26,88,25,28,98,56,78,66,0,89,19,92,46,61,69,79,97,68,74,94,73,86,7,59,91,34,84,71,53,15,9,54,72,52,21,41,76,67,96,38,17,32,3,27,33,2,81,1,62,80,63,77,87,99,16,30,48,60,22,75,5,37,50,64,42,65,82,23,44,45
83,40,4,67,34,12,29,88,30,10,57,35,24,27,11,6,82,70,39,14,90,43,45,20,36,93,55,68,96,81,26,47,25,28,89,56,42,66,76,80,1,92,71,61,85,79,95,8,74,94,31,2,64,53,91,49,84,58,16,15,9,54,72,52,21,41,59,99,46,32,17,0,3,7,33,23,51,13,62,86,63,77,87,98,69,19,48,60,38,75,5,78,50,73,22,65,97,18,44,37
23,7,61,67,34,12,29,88,30,10,52,35,79,22,55,6,19,38,5,14,90,51,45,20,36,87,77,68,85,81,27,48,4,72,89,56,42,66,76,80,1,92,82,63,43,13,95,8,83,47,31,96,64,53,91,49,84,58,16,15,18,54,17,26,21,41,74,99,46,71,94,0,3,24,33,40,9,93,62,86,57,37,97,98,44,59,39,60,28,75,32,78,2,73,69,50,65,25,70,11
47,7,61,82,59,72,29,88,92,10,40,68,9,90,55,16,19,5,12,14,30,51,63,20,69,1,77,85,67,81,66,48,4,35,89,56,42,84,76,15,18,70,58,45,43,13,99,8,86,46,31,96,62,53,91,22,11,27,36,95,23,79,17,26,21,41,74,60,54,71,94,0,3,24,34,6,38,93,80,49,57,37,97,87,44,83,39,64,28,75,32,78,2,73,52,50,65,25,33,98
87,0,23,45,15,17,94,88,60,10,40,68,9,90,55,84,69,5,12,76,30,51,63,20,18,1,77,39,67,83,66,48,21,75,22,56,42,24,74,92,4,72,58,14,71,13,99,28,86,46,31,96,62,53,93,91,11,27,36,89,70,79,6,26,29,41,61,85,54,81,38,34,3,7,44,43,95,16,80,49,57,37,97,98,19,52,35,59,82,8,32,78,2,73,47,50,65,25,33,64
61,0,71,75,15,17,72,88,31,62,40,68,9,90,55,60,69,27,12,79,30,51,45,66,46,1,54,39,67,83,98,48,21,4,76,63,42,26,74,92,96,82,58,14,57,13,34,28,11,47,24,20,56,5,93,91,10,94,36,2,23,29,6,70,85,41,35,77,78,81,38,22,3,44,86,43,95,16,80,49,87,37,97,18,19,52,89,59,84,8,32,7,73,99,50,53,65,25,33,64
61,0,71,15,25,17,72,36,70,69,40,68,9,85,55,60,74,27,12,79,49,23,45,44,46,35,32,39,67,83,7,48,53,54,76,63,42,26,59,89,96,90,58,66,57,13,34,11,94,31,24,14,56,30,95,91,50,22,21,2,5,29,6,20,41,64,28,77,78,97,38,4,3,82,86,43,93,16,10,92,87,98,62,18,19,52,75,80,84,1,51,8,73,99,88,37,65,47,33,81
81,0,71,39,25,9,72,6,70,92,65,62,44,85,40,17,74,10,12,79,49,38,95,18,46,35,32,45,67,83,7,48,53,54,76,63,42,26,59,64,96,57,58,66,68,13,34,23,37,31,24,78,56,30,51,89,15,27,91,86,5,21,50,20,41,11,16,77,52,97,94,4,3,80,1,43,93,98,36,2,87,82,22,29,19,84,75,61,14,8,90,60,73,99,88,28,69,47,33,55
80,0,71,88,39,32,7,6,36,92,30,62,79,85,56,17,81,10,74,52,86,38,95,8,89,15,70,45,67,72,42,2,43,54,76,63,16,26,59,64,96,40,58,66,68,13,34,23,37,31,24,78,82,90,93,18,25,27,12,44,5,9,41,48,91,11,55,77,98,97,94,4,3,35,1,83,57,73,53,51,87,65,22,29,46,84,75,61,14,49,50,60,21,20,19,28,69,47,33,99
80,3,71,74,77,40,7,88,32,9,30,56,69,13,11,55,85,6,31,89,23,38,95,8,66,15,5,45,67,39,42,97,27,54,76,63,73,26,59,64,16,2,58,81,37,57,50,68,49,34,24,78,82,90,93,18,25,29,36,44,86,96,41,48,91,43,72,12,98,52,94,4,79,35,1,83,51,10,53,62,87,65,22,70,75,84,0,61,14,92,17,60,21,20,19,28,46,47,33,99
80,72,78,74,71,48,50,40,32,9,14,56,69,13,11,55,85,6,31,97,23,38,95,44,16,43,59,45,67,39,42,77,27,54,58,63,73,65,81,12,90,18,92,26,64,8,30,86,89,34,76,7,82,33,93,2,37,29,49,24,57,96,41,53,35,28,84,5,98,52,94,4,79,3,36,83,91,10,15,62,87,25,22,70,75,66,0,61,20,1,17,60,21,68,19,88,46,47,51,99
73,72,6,36,18,47,1,7,71,9,25,74,69,67,80,55,85,94,31,64,23,83,97,44,39,43,60,87,59,11,42,50,27,88,58,63,26,65,81,82,90,22,92,54,37,8,13,86,89,48,76,15,34,33,93,2,77,29,49,24,32,51,41,53,35,28,84,5,98,52,79,4,45,3,62,16,91,10,14,38,56,96,95,70,75,66,0,61,20,12,17,68,21,40,19,78,46,30,57,99
59,72,6,36,18,4,1,2,71,0,25,74,84,54,67,12,88,24,7,64,23,46,97,44,39,43,31,87,47,11,34,50,68,78,21,63,94,65,69,92,86,22,9,33,37,8,91,60,89,48,76,15,62,66,93,73,83,14,49,95,42,81,41,53,35,28,27,5,98,90,79,82,45,3,58,16,51,10,29,38,56,96,32,70,75,17,26,13,20,55,52,77,80,40,19,61,85,30,57,99
59,89,68,36,18,4,39,2,71,19,98,74,66,54,31,43,65,72,47,95,14,46,92,57,38,64,87,84,34,11,21,50,96,78,81,63,94,6,69,0,86,22,9,8,37,7,91,60,32,79,76,44,97,5,93,73,83,1,49,23,42,82,41,29,35,28,27,48,51,33,12,26,45,3,58,16,67,10,62,25,56,90,13,70,75,17,53,24,20,55,52,77,80,40,15,61,85,30,88,99
19,34,49,86,18,94,39,36,97,35,30,74,52,42,31,38,5,72,47,95,90,4,92,57,60,54,11,43,80,10,21,50,44,78,81,63,2,55,69,0,1,59,9,65,68,7,91,96,32,79,76,70,8,62,93,17,83,66,41,23,87,82,89,29,73,28,27,48,51,33,12,26,45,3,46,84,67,37,6,98,56,22,13,25,75,16,53,24,20,58,71,77,64,40,15,61,85,14,88,99
44,34,49,86,18,94,0,24,10,78,92,74,52,42,1,15,4,43,60,95,48,26,14,65,73,54,11,9,80,25,21,50,69,31,20,68,2,55,66,51,99,59,7,23,35,47,30,6,32,58,72,96,8,62,93,17,83,76,41,38,63,82,89,29,70,28,97,5,36,33,12,79,45,3,46,84,67,37,81,98,56,22,13,57,75,16,53,19,91,90,71,77,64,40,87,61,85,39,88,27
44,34,13,66,18,94,25,29,10,6,92,74,83,36,71,15,4,43,60,78,21,26,14,24,73,54,23,31,80,98,85,95,69,86,56,68,2,89,19,51,87,1,9,99,35,47,63,52,32,58,72,96,8,62,93,17,12,76,67,11,88,82,55,50,70,28,97,0,48,75,38,91,45,3,46,84,59,37,79,39,65,22,49,57,41,16,53,20,42,90,81,77,64,40,7,61,5,30,33,27
15,72,13,66,0,61,25,14,96,6,40,74,83,56,71,73,4,43,76,78,21,26,12,24,39,95,23,31,82,98,85,9,3,32,29,68,38,89,50,2,87,1,46,99,35,47,19,52,10,58,54,94,8,62,69,18,44,27,91,34,17,48,55,53,70,28,97,41,65,30,75,92,45,60,11,84,59,37,79,63,36,22,49,57,51,16,80,20,42,90,81,77,64,86,7,67,5,88,33,93
67,72,13,66,0,61,2,14,96,6,65,9,12,15,80,71,23,99,92,43,33,64,55,24,39,27,40,44,82,98,85,36,3,32,38,68,78,74,50,89,87,1,46,83,62,47,42,52,10,58,54,94,8,16,45,18,73,60,91,34,17,48,49,53,70,69,97,29,26,30,75,51,31,59,11,84,81,37,79,63,56,22,19,57,4,21,95,90,35,20,25,77,41,86,7,76,5,88,28,93
67,72,65,66,57,3,2,19,96,6,63,9,98,15,80,71,23,85,92,60,33,10,79,24,34,27,14,35,82,8,46,75,48,12,38,11,4,74,50,69,36,45,77,83,62,44,42,52,22,99,84,94,87,16,0,18,73,89,91,88,17,56,13,53,70,64,97,55,26,30,58,51,31,59,1,32,81,37,21,40,47,43,78,39,29,54,95,90,61,20,25,49,41,86,7,76,5,68,28,93
95,62,65,66,3,30,67,19,96,6,63,9,98,15,90,87,37,17,46,83,33,1,79,24,34,61,89,35,60,8,10,75,27,71,12,11,16,47,50,69,82,4,77,81,48,44,42,52,99,29,84,41,59,28,85,18,73,0,91,88,39,56,25,53,70,64,97,55,26,94,58,51,31,5,92,32,68,74,21,40,2,43,78,72,45,54,80,38,23,20,14,49,22,86,7,76,13,36,57,93
12,85,81,3,61,95,67,19,89,29,63,9,98,15,90,66,37,17,2,46,33,5,34,24,82,1,18,35,40,8,13,45,27,71,76,55,16,47,50,69,36,4,77,60,30,58,42,52,10,87,84,44,59,28,41,96,73,99,91,75,39,68,25,53,70,64,97,7,26,94,38,51,31,93,92,72,32,74,21,65,11,6,78,88,22,54,80,56,23,20,14,49,83,86,48,62,79,0,57,43
12,43,39,3,21,98,67,19,89,65,63,9,55,15,90,13,37,46,79,96,42,5,34,53,83,1,29,25,40,8,94,45,27,36,84,24,17,47,50,69,72,4,77,60,30,58,18,22,49,87,2,44,51,0,41,33,73,99,66,71,76,68,23,20,70,64,97,7,26,82,38,61,31,93,10,85,32,74,48,52,11,14,78,88,91,54,80,56,75,95,35,28,6,86,81,62,16,59,57,92
1,97,77,3,21,66,20,19,75,65,63,9,82,15,61,37,68,98,18,96,95,5,34,53,83,29,91,25,54,69,94,45,27,90,84,24,17,32,50,67,72,4,39,60,30,13,55,22,59,8,47,44,51,0,48,33,73,99,40,71,76,11,23,87,70,62,12,7,49,64,38,26,31,93,10,85,2,74,35,79,46,36,78,88,57,43,52,56,89,58,42,80,6,86,81,41,16,28,14,92
1,97,96,3,21,66,80,19,81,65,7,9,20,33,61,52,68,2,29,90,95,5,34,71,53,47,82,25,15,39,94,45,27,55,84,24,17,0,92,69,48,4,35,60,38,13,50,22,59,8,91,44,12,30,88,83,73,49,40,77,76,11,23,87,70,62,51,54,64,85,98,26,31,93,32,46,10,74,63,79,18,36,78,75,57,72,37,99,16,58,42,67,6,86,89,41,56,28,14,43
90,65,86,51,55,66,16,8,81,52,78,12,75,99,61,54,68,91,29,93,95,5,34,21,53,47,82,25,15,39,94,45,27,71,67,48,1,33,92,69,72,0,35,60,38,13,26,22,42,59,4,44,97,30,88,2,73,49,40,77,76,11,23,87,70,62,36,84,64,85,98,80,20,3,32,6,10,56,63,57,18,96,24,31,74,19,37,17,83,7,46,79,9,50,89,41,58,28,14,43
90,65,86,51,55,37,89,91,81,87,78,42,75,99,61,5,68,8,29,93,73,60,34,21,53,48,82,18,15,39,94,52,2,14,67,27,25,33,62,69,45,72,1,35,38,13,71,76,6,17,4,44,97,30,88,24,16,49,11,22,84,66,23,41,70,95,36,85,64,79,98,47,20,3,32,77,46,9,63,12,54,96,0,31,74,19,80,40,83,7,56,10,59,50,26,57,58,28,92,43
90,91,86,50,58,75,34,32,5,93,87,76,37,99,72,27,42,8,29,60,73,16,14,21,80,48,82,18,15,39,81,52,2,23,67,44,25,98,62,69,4,49,1,35,38,13,65,95,64,17,46,22,97,30,88,36,68,70,11,61,84,89,28,47,7,6,66,85,78,79,24,41,20,3,53,77,45,9,63,12,54,96,0,31,33,19,94,40,83,74,56,10,59,71,26,57,55,51,92,43
90,12,86,74,58,69,34,23,9,93,87,76,37,53,97,32,42,55,71,57,73,16,14,45,80,48,82,18,15,39,81,8,2,36,27,44,60,98,62,41,4,49,30,35,29,65,5,95,64,17,66,22,94,21,88,26,68,38,40,77,84,89,28,47,7,6,50,85,78,79,63,0,20,3,91,13,75,24,52,56,54,96,51,11,10,19,72,46,83,1,25,33,59,61,67,31,99,70,92,43
90,12,75,74,58,69,8,68,9,93,48,76,23,53,72,92,81,55,71,57,73,16,4,52,38,30,82,18,25,34,14,27,2,36,26,31,60,98,20,41,97,67,10,35,99,65,5,95,64,40,66,59,94,21,96,0,45,6,29,77,84,89,15,62,7,22,50,85,78,79,63,3,88,86,91,13,49,24,44,56,54,87,37,42,28,19,32,46,83,1,51,80,11,61,33,39,17,70,47,43
56,12,40,64,43,51,8,53,5,93,82,7,6,85,74,11,81,55,71,57,73,16,4,52,38,30,19,18,29,34,1,27,2,36,98,50,31,86,14,41,97,76,10,35,99,26,79,69,84,21,92,59,46,23,96,0,45,66,25,77,9,13,15,62,48,22,65,67,89,72,63,3,88,75,91,94,49,24,44,95,54,87,37,42,28,17,78,32,83,90,68,80,20,61,33,39,58,70,47,60
56,12,40,72,43,94,8,53,5,93,82,14,6,85,27,11,74,55,71,57,46,16,97,52,38,54,19,18,33,2,1,32,67,36,98,50,13,86,45,29,4,76,10,35,59,26,79,96,7,39,92,17,23,63,69,73,81,66,25,30,77,89,70,62,48,80,65,83,51,41,91,0,88,75,84,64,49,24,22,95,9,87,37,42,99,44,78,34,31,90,28,15,20,61,21,58,3,68,47,60
56,12,40,30,43,94,46,53,20,97,82,90,6,14,27,11,48,55,83,57,1,91,42,52,38,24,19,98,77,70,75,32,3,80,67,18,13,86,45,72,62,76,10,35,59,26,64,2,23,63,4,17,74,87,69,73,8,66,25,9,54,89,51,92,81,79,65,39,36,41,96,0,88,93,84,50,49,5,22,7,29,95,37,71,99,44,78,34,33,85,28,15,31,61,21,58,16,68,47,60
56,52,40,30,43,94,5,76,61,50,10,19,98,3,27,11,48,55,14,59,1,28,42,20,68,24,31,88,77,53,75,34,47,80,82,18,13,0,45,62,83,81,86,99,2,15,64,9,23,63,4,17,74,87,69,90,73,97,25,51,54,89,12,92,67,79,44,39,36,41,96,46,6,93,84,38,49,26,35,7,29,95,37,71,91,65,78,70,33,85,66,57,32,72,21,58,16,8,22,60
56,52,46,17,22,35,96,76,61,50,15,82,44,3,27,11,48,55,95,59,1,28,87,20,0,24,74,18,98,53,75,30,47,43,97,88,40,62,45,64,85,81,29,99,2,6,80,25,23,63,4,12,49,13,69,90,73,34,10,51,54,89,71,92,67,93,68,39,83,41,21,9,19,79,84,38,77,26,32,7,86,42,37,5,14,65,78,70,33,57,66,36,91,72,31,58,16,8,94,60
56,61,46,17,24,35,96,76,48,50,45,82,44,18,8,11,37,92,98,10,1,28,25,20,49,12,74,5,83,53,75,30,47,42,34,71,40,62,85,64,43,81,29,86,2,15,80,60,23,55,4,79,52,13,69,90,73,97,31,51,54,89,95,16,63,93,68,39,58,41,84,0,19,27,57,38,3,26,32,21,87,9,59,77,14,65,78,67,33,70,66,36,91,22,99,7,72,6,94,88
90,61,46,6,24,35,96,38,23,50,67,5,44,18,8,11,37,92,20,17,1,28,25,83,34,65,15,64,59,70,75,41,47,10,7,60,30,62,85,56,43,81,29,86,51,12,80,72,76,36,4,79,52,13,16,45,74,97,31,78,54,89,95,42,63,93,68,39,77,2,82,0,53,73,57,27,69,26,32,21,87,9,84,19,14,40,71,98,55,48,66,49,91,22,99,3,88,58,94,33
90,97,46,6,24,35,96,38,23,17,92,16,68,50,32,71,37,9,20,42,4,27,25,75,33,65,66,64,93,83,1,41,47,22,7,60,61,89,85,56,58,81,29,86,5,12,59,72,44,36,0,79,52,13,80,45,74,77,31,78,54,76,95,43,15,62,67,14,63,2,28,82,53,73,40,18,51,26,34,21,87,88,84,19,70,69,30,98,55,48,11,49,91,10,99,3,57,39,94,8
79,87,46,5,24,35,96,38,23,20,77,16,84,50,12,71,37,57,76,42,4,27,25,44,33,19,8,51,93,83,1,13,41,75,7,60,61,89,85,32,30,31,29,26,55,80,59,72,47,58,66,99,22,48,88,45,92,52,64,78,54,86,95,43,15,62,67,97,63,2,36,82,53,74,40,56,18,14,34,21,17,90,28,68,70,69,9,98,39,73,11,49,91,10,6,3,0,65,94,81
96,25,28,79,24,35,22,55,23,20,77,16,33,50,12,71,37,57,6,42,98,27,3,44,74,19,8,11,65,87,14,10,41,69,7,21,4,89,64,32,30,31,29,26,83,80,59,72,46,58,66,99,73,48,13,45,92,52,75,78,15,86,88,43,95,62,39,97,67,2,17,82,63,53,40,56,5,76,34,85,36,90,51,70,68,47,9,0,18,93,1,49,91,38,60,54,61,84,94,81
96,25,63,79,24,85,22,19,5,36,34,65,33,60,12,69,37,57,15,42,98,27,3,44,74,49,95,28,58,67,14,10,54,73,26,21,4,9,64,32,89,35,29,13,83,80,31,72,46,1,55,66,39,48,53,45,92,52,87,78,51,86,88,30,91,62,6,0,41,2,17,82,11,99,40,56,71,76,59,93,75,90,43,70,68,47,7,50,18,23,77,8,16,38,97,20,61,84,94,81
96,60,74,79,11,42,22,26,2,36,34,52,18,83,12,69,44,72,25,85,98,27,39,59,87,49,3,28,58,40,14,45,54,55,65,21,4,9,64,32,89,35,29,63,10,94,31,33,46,1,57,95,17,48,30,67,53,91,73,78,51,86,88,76,97,92,6,66,41,24,90,82,15,99,43,56,71,37,80,93,75,0,81,62,68,47,7,50,70,23,77,8,16,38,5,20,61,84,19,13
96,60,10,30,11,50,5,26,73,53,34,52,41,85,12,69,56,16,25,48,72,27,18,87,36,39,23,77,58,40,14,43,83,55,65,21,4,31,82,32,89,35,29,28,74,64,0,92,46,1,57,95,54,2,68,67,33,91,49,17,51,86,88,76,97,78,90,66,6,24,45,70,15,79,9,98,71,37,80,93,75,59,81,62,94,47,7,3,84,22,42,8,63,38,44,20,61,99,19,13
34,28,10,84,54,50,5,26,45,81,13,66,41,85,82,69,56,63,25,48,72,79,60,87,36,39,23,35,58,40,14,11,46,97,71,21,38,31,30,32,89,27,29,4,74,64,0,92,24,59,57,95,1,53,15,42,55,91,49,17,51,86,88,77,93,78,90,62,6,98,12,70,96,43,9,75,65,52,80,73,68,33,83,2,94,47,7,3,67,22,61,8,16,76,44,20,37,99,18,19
62,96,10,22,65,50,5,26,45,81,27,66,69,80,14,93,56,63,8,48,61,79,46,40,36,13,35,39,82,94,7,11,92,90,71,33,38,31,30,32,28,19,29,54,16,72,58,42,24,59,57,95,1,53,15,87,55,12,49,74,51,86,88,77,25,78,17,23,41,98,91,70,60,43,9,75,68,52,85,73,64,97,83,2,21,47,84,3,67,0,6,34,89,4,44,20,37,99,18,76
62,76,34,79,65,12,5,75,45,84,27,82,16,80,59,93,21,52,8,49,61,56,46,40,36,22,35,39,14,94,7,11,0,90,71,13,38,96,30,32,28,41,78,44,50,72,10,53,85,55,57,95,1,54,15,87,19,66,33,74,81,86,29,77,26,99,17,23,24,98,91,70,60,43,63,3,68,69,58,73,64,97,83,2,20,47,92,48,31,67,6,42,89,4,25,88,51,9,18,37
70,76,62,79,83,12,31,16,93,20,42,82,33,80,13,5,27,34,8,49,61,14,46,40,36,22,35,39,51,94,7,4,0,56,71,1,38,75,90,9,78,43,3,44,50,53,64,96,85,55,59,10,98,54,73,87,19,66,67,74,41,86,29,77,26,99,17,23,24,52,91,89,60,65,84,21,68,69,58,11,63,97,32,2,81,47,92,48,45,37,6,30,95,15,25,88,28,72,18,57
70,89,62,79,83,47,31,1,9,20,75,97,11,98,21,41,5,34,16,49,51,14,46,29,36,22,35,90,78,94,63,44,0,7,71,68,38,93,40,19,37,43,3,61,50,53,64,82,27,55,59,10,86,54,73,87,76,4,67,74,12,42,60,77,26,45,17,23,24,6,91,13,33,65,84,8,85,69,56,99,66,80,32,2,81,28,92,48,88,96,52,30,95,39,25,58,15,72,18,57
35,28,62,77,76,47,31,1,90,20,75,82,11,18,83,41,5,34,9,49,51,14,46,29,36,61,69,78,13,94,6,44,0,63,60,68,81,22,40,19,96,43,3,56,50,53,16,24,27,55,67,71,32,85,10,87,98,70,59,74,12,42,80,89,26,45,99,23,95,7,91,97,33,79,84,8,88,73,17,21,66,93,30,2,65,37,92,48,64,4,52,38,86,39,25,58,15,72,54,57
35,28,21,98,76,47,31,85,80,20,17,60,22,18,82,41,65,86,9,49,68,14,11,24,36,5,1,78,62,94,6,96,0,56,63,75,81,46,40,69,26,43,27,54,50,53,16,30,59,64,67,71,32,92,10,87,8,70,61,90,12,42,23,55,13,45,99,38,95,7,91,97,33,79,84,89,88,73,19,77,66,93,74,2,34,72,4,48,83,51,52,37,44,39,25,58,3,29,15,57
67,49,53,98,76,68,31,79,27,20,81,29,47,37,82,55,65,86,9,0,2,95,50,24,36,21,1,78,62,94,6,96,42,56,63,75,87,46,40,83,26,43,11,54,88,69,23,30,59,64,80,72,5,92,60,44,8,14,61,90,18,57,89,48,13,45,99,38,70,74,91,97,33,4,84,85,32,73,19,10,66,93,35,12,34,16,15,22,71,51,52,17,41,39,25,58,3,77,28,7
65,49,53,29,76,5,81,16,27,20,64,86,47,37,82,55,1,50,98,67,91,95,36,24,9,21,80,18,62,59,57,96,42,56,63,0,87,46,40,83,70,10,11,54,17,69,33,30,23,94,73,72,88,92,85,2,8,84,61,60,41,90,22,48,13,45,75,38,19,74,15,97,43,4,78,44,32,6,68,51,66,93,35,12,34,26,31,79,71,99,52,89,77,39,25,58,3,14,28,7
65,86,79,50,16,70,81,4,2,20,55,37,47,54,82,87,1,10,91,71,15,95,36,41,9,43,80,18,62,59,57,64,58,76,63,78,17,46,40,83,98,94,11,29,48,69,5,30,21,33,67,72,88,92,85,25,8,84,61,60,44,90,27,14,13,45,52,38,19,6,49,97,73,53,22,7,32,74,68,51,66,93,35,12,34,26,31,75,56,99,96,89,0,39,23,77,3,24,28,42
53,86,79,50,25,82,70,4,91,20,8,19,47,54,32,5,1,10,21,71,15,95,36,41,9,44,43,87,77,59,57,64,58,76,63,78,94,46,74,83,16,26,31,29,48,69,45,56,98,90,67,72,88,92,12,65,17,84,62,60,80,13,27,14,37,55,52,38,85,6,49,97,73,68,22,7,24,93,66,18,11,28,30,51,34,35,2,33,75,99,96,89,0,39,23,42,61,40,3,81
17,92,78,81,59,82,58,25,70,20,8,19,47,54,52,5,1,10,21,71,64,95,36,41,60,44,53,87,16,96,3,29,30,13,63,15,94,86,28,83,4,26,31,39,48,14,61,56,42,90,67,72,75,45,12,65,55,84,62,57,80,32,27,88,37,68,74,50,85,6,49,97,73,38,22,7,91,69,66,18,11,46,35,51,34,9,2,33,43,99,40,79,0,89,23,93,76,77,24,98
