0,1,2,3,4,5,6,7,8,9,10,11,12,13,14,15,16,17,18,19,20,21,22,23,24,25,26,27,28,29,30,31,32,33,34,35,36,37,38,39,40,41,42,43,44,45,46,47,48,49,50,51,52,53,54,55,56,57,58,59,60,61,62,63,64,65,66,67,68,69,70,71,72,73,74,75,76,77,78,79,80,81,82,83,84,85,86,87,88,89,90,91,92,93,94,95,96,97,98,99,100,101,102,103,104,105,106,107,108,109,110,111,112,113,114,115,116,117,118,119,120,121,122,123,124,125,126,127,128,129,130,131,132,133,134,135,136,137,138,139,140,141,142,143,144,145,146,147,148,149
0,1,2,3,25,137,6,94,8,9,10,11,12,18,14,15,16,17,140,116,20,21,22,74,38,5,26,105,28,29,30,31,32,33,99,35,36,37,118,129,40,41,42,43,82,45,46,47,48,49,50,51,52,53,54,55,56,57,58,59,60,39,62,63,64,65,7,67,68,107,70,71,72,73,61,23,4,77,78,66,80,81,69,83,84,85,86,87,88,89,90,91,92,93,34,95,114,97,98,13,100,101,102,103,104,123,27,19,108,109,110,111,112,113,96,115,75,117,24,119,120,121,122,106,124,125,126,127,144,44,130,131,132,133,134,135,136,147,138,139,76,141,142,143,79,145,146,128,148,149
0,1,2,52,25,137,126,94,8,9,10,14,12,18,41,15,16,17,4,116,20,21,60,131,35,5,26,105,28,77,30,124,32,141,99,46,119,37,118,129,40,78,42,43,82,45,36,47,38,49,75,51,74,53,54,55,56,57,58,48,147,39,62,109,64,65,7,67,68,107,70,71,72,73,61,23,146,22,93,66,80,81,69,83,84,85,86,87,88,89,90,91,59,117,34,95,114,97,98,13,100,101,102,103,104,123,27,19,108,50,6,111,112,113,96,115,63,110,24,29,120,121,122,106,140,125,11,127,144,44,130,79,132,133,134,135,136,92,138,139,76,33,142,143,31,145,3,128,148,149
88,1,143,52,25,137,126,94,8,9,10,14,12,18,41,15,16,59,4,110,20,21,60,81,35,131,26,105,28,83,30,90,32,106,99,46,121,23,118,129,40,78,42,43,82,45,102,47,38,49,75,51,74,53,54,55,56,57,58,48,147,39,62,109,64,65,7,67,68,107,70,71,36,73,61,2,146,22,93,66,80,111,69,79,84,85,86,87,148,89,95,115,72,117,34,37,92,97,98,13,100,101,17,128,104,123,114,19,0,50,6,63,112,113,96,124,103,140,24,29,120,5,122,77,108,125,11,127,144,44,130,27,132,133,134,135,136,116,138,139,76,33,142,141,31,145,3,91,119,149
88,1,143,52,25,7,126,94,8,9,10,127,12,18,41,15,16,59,4,144,20,36,60,81,138,131,26,105,28,83,30,90,32,106,99,46,121,23,118,129,40,78,85,43,82,45,102,47,130,49,75,87,74,14,62,55,68,57,58,48,147,39,67,109,64,65,3,53,11,107,70,71,97,73,61,2,146,22,93,66,80,111,69,79,141,50,86,100,148,42,95,114,72,117,34,37,92,19,98,13,38,84,17,128,104,123,115,54,0,89,6,63,21,113,96,124,103,56,24,29,120,5,122,77,108,125,140,137,145,44,51,27,132,133,134,135,136,101,112,139,76,33,142,35,31,116,110,91,119,149
130,1,143,45,77,7,126,23,8,9,10,127,12,18,41,94,134,28,4,144,20,36,60,76,138,131,16,105,11,56,30,90,32,106,99,46,121,104,118,52,40,78,85,43,82,22,102,47,128,49,75,87,147,14,62,55,68,57,58,33,25,139,67,109,64,65,3,53,17,107,70,71,97,73,48,2,146,61,93,66,80,111,69,79,141,50,86,100,148,42,95,114,72,117,34,37,92,19,98,13,38,129,44,15,81,123,115,149,0,89,6,63,21,113,96,124,103,84,24,29,83,26,122,39,108,125,140,137,145,88,51,27,132,133,5,54,136,101,112,120,74,135,142,35,31,116,110,91,119,59
130,1,107,45,126,7,99,23,8,127,10,39,79,18,41,94,134,28,52,144,20,36,60,76,138,131,16,105,11,136,30,90,32,106,48,46,121,104,118,113,19,78,70,43,82,22,148,47,128,49,75,95,147,14,62,55,68,57,58,33,25,139,67,109,145,65,3,102,17,51,85,71,97,73,64,2,69,61,93,66,80,111,56,40,141,50,86,15,101,98,112,114,72,117,34,37,92,9,122,13,38,129,44,77,81,123,115,149,0,89,6,63,21,143,96,53,103,84,24,29,83,26,87,146,108,125,140,137,12,88,4,27,132,133,5,54,100,124,42,120,74,135,142,35,31,116,110,91,119,59
130,1,111,45,126,7,99,23,8,127,10,39,79,18,41,94,134,28,52,144,44,36,60,76,138,131,16,105,30,136,12,90,32,54,48,49,121,104,118,113,19,78,51,43,82,70,148,67,128,92,75,86,147,14,59,95,20,57,58,33,106,139,46,11,145,65,3,102,17,47,85,71,97,73,64,2,69,61,93,66,80,142,56,109,141,123,38,15,101,98,107,114,72,117,34,37,62,9,6,13,124,129,137,77,81,68,50,149,0,89,115,63,21,143,96,53,103,84,24,29,83,26,87,146,108,122,140,22,55,88,4,27,132,133,5,112,100,119,42,120,74,135,125,35,31,116,110,91,40,25
130,1,111,45,36,7,99,80,8,92,10,39,79,18,41,94,134,28,52,144,44,66,60,76,138,131,16,61,126,136,145,90,32,54,48,49,86,104,118,113,19,78,51,64,82,70,148,123,128,103,75,127,147,14,59,95,98,57,58,33,106,139,43,11,42,102,3,133,17,47,85,71,97,73,46,2,69,50,53,23,20,142,56,109,30,135,38,15,101,0,107,114,72,117,34,37,62,9,6,13,124,129,121,77,81,68,67,149,26,4,115,63,21,143,96,89,137,84,24,29,83,141,87,65,108,122,140,22,55,88,5,27,132,146,93,112,100,119,12,120,74,105,125,35,31,116,110,91,40,25
130,135,149,45,36,50,99,80,107,92,10,39,79,18,145,94,82,110,52,144,44,66,60,111,138,131,16,61,28,41,1,90,96,64,48,49,86,133,118,32,19,104,51,134,31,70,126,123,128,103,75,127,147,14,59,95,98,57,58,33,106,139,43,11,78,102,3,140,17,47,85,71,97,73,46,2,69,109,53,143,20,142,56,136,30,8,38,15,101,0,148,114,137,117,34,37,62,9,6,13,124,113,121,77,81,68,67,76,26,129,115,63,21,74,4,89,105,84,24,29,83,141,87,65,108,122,42,22,55,88,5,27,132,146,93,112,100,119,12,120,54,72,125,35,7,116,23,91,40,25
130,1,149,45,79,50,96,80,107,92,10,39,85,18,145,94,26,47,52,144,44,66,99,111,138,131,120,61,28,41,72,90,2,64,48,49,31,137,118,133,78,104,135,134,60,70,126,46,128,103,75,127,119,14,110,95,98,16,58,147,106,57,43,11,136,102,3,140,59,33,36,71,97,73,19,139,69,109,76,143,20,142,56,17,30,53,38,15,101,0,148,51,82,117,34,37,62,9,6,13,124,113,121,77,81,68,67,32,114,129,115,63,21,74,4,89,105,84,24,29,83,141,87,65,108,122,42,22,55,88,5,27,132,146,93,112,100,123,12,86,54,8,125,35,7,116,23,91,40,25
130,20,149,45,79,50,96,113,107,92,83,39,85,18,145,94,26,64,52,144,44,121,99,111,59,5,120,61,28,100,77,90,2,72,48,49,31,137,118,15,30,105,135,131,60,70,126,46,128,103,133,127,119,14,110,95,98,88,58,147,106,57,43,11,136,102,146,140,78,33,36,71,97,73,19,139,69,109,76,143,4,75,56,17,41,16,38,1,101,0,148,51,82,117,53,37,62,9,6,13,124,34,91,80,138,68,67,32,114,129,115,63,21,74,66,89,104,84,24,29,134,141,87,65,108,122,42,22,55,81,142,27,132,86,93,47,10,123,12,3,54,8,125,35,7,116,23,112,40,25
130,20,53,45,79,50,119,131,88,92,129,39,85,18,145,94,41,64,52,113,44,121,29,111,59,5,149,61,28,100,98,90,2,72,48,49,144,137,118,15,30,105,135,99,77,70,126,46,128,103,133,127,37,136,110,95,36,96,58,107,23,57,106,11,83,102,146,140,78,33,14,71,97,73,19,139,87,109,76,143,4,75,56,17,69,16,38,147,101,0,148,51,82,117,8,104,62,9,6,13,124,34,91,80,43,68,67,32,114,1,115,63,21,74,66,89,7,84,24,138,134,12,26,65,108,122,42,22,55,81,142,27,132,86,93,47,10,123,35,3,54,120,125,31,60,116,141,112,40,25
130,20,53,45,79,50,93,138,88,92,129,104,85,135,145,94,41,64,52,113,44,121,29,111,59,141,149,147,28,18,98,90,2,78,48,49,144,137,118,15,30,105,69,99,77,70,126,109,1,103,133,127,37,136,61,95,10,96,46,107,23,57,106,11,83,102,146,140,110,128,14,71,97,73,19,139,3,58,76,143,4,75,56,17,26,16,38,60,101,0,148,51,82,117,8,5,62,9,6,13,67,34,115,80,43,68,87,32,114,36,119,63,21,74,66,89,7,84,24,42,134,12,100,65,25,122,91,22,55,81,108,27,132,124,72,47,142,123,35,86,54,120,125,31,131,116,39,112,40,33
130,20,53,45,79,50,93,138,88,92,129,104,125,135,145,94,41,64,52,113,44,84,29,111,59,122,149,147,28,18,98,90,2,78,96,49,6,137,118,54,30,105,69,99,77,70,126,109,1,103,121,127,37,136,23,95,35,120,9,15,13,57,106,11,14,102,146,140,110,128,21,71,97,73,19,58,3,46,76,143,4,75,56,17,74,16,38,60,48,133,148,51,82,117,141,5,62,61,83,132,67,34,115,80,100,68,87,32,114,36,119,63,139,8,66,89,7,86,24,42,134,12,26,65,25,43,91,22,55,81,101,27,10,124,72,47,142,123,85,107,144,131,0,31,108,116,39,112,40,33
130,69,132,45,79,50,93,138,88,92,129,104,125,135,145,94,41,64,91,113,44,137,96,111,72,122,90,20,101,18,147,53,2,78,100,105,81,149,118,128,30,29,9,35,77,54,126,109,1,103,7,127,37,136,23,95,28,120,99,15,13,57,106,11,14,102,146,140,26,42,21,71,97,73,19,24,3,46,76,143,4,75,56,17,74,16,38,60,48,133,148,51,82,117,141,5,62,61,83,52,67,34,115,80,6,68,87,32,114,36,119,63,139,8,66,89,58,86,59,121,134,12,70,49,25,43,65,22,55,98,110,27,10,124,116,47,142,123,85,107,144,131,0,31,108,84,39,112,40,33
108,69,132,45,79,140,93,138,25,88,129,104,125,135,118,94,121,64,91,113,44,137,96,111,146,122,90,20,101,18,147,53,2,78,100,105,81,114,13,128,87,29,9,35,77,36,126,109,21,103,7,127,31,136,23,95,28,120,99,15,4,57,106,11,149,102,72,80,26,42,139,71,97,73,41,1,3,46,76,63,56,75,145,92,74,16,38,60,48,133,143,51,82,117,141,62,17,61,83,52,67,34,115,14,6,68,24,32,37,47,119,30,5,8,66,89,58,86,59,130,134,12,70,49,50,43,65,22,55,98,110,27,10,124,116,54,142,123,85,107,144,131,0,19,148,84,39,112,40,33
108,69,132,98,79,107,93,138,25,88,87,104,125,131,118,94,121,64,91,137,44,102,96,111,146,122,90,20,101,18,100,53,2,78,14,105,81,142,13,128,24,36,9,117,77,97,29,109,21,103,7,54,31,136,23,95,28,120,99,126,4,57,149,11,15,147,72,80,141,42,139,71,45,73,41,1,3,46,76,63,56,75,145,92,74,16,38,60,48,133,143,51,82,127,26,115,129,61,83,52,67,34,49,140,6,68,40,32,37,47,119,30,5,8,66,89,58,86,59,84,134,12,70,62,50,43,65,22,55,113,110,27,10,124,116,130,85,123,106,35,144,17,0,19,148,135,39,112,114,33
108,69,132,46,19,107,93,138,25,88,74,104,125,131,118,94,121,64,91,137,149,102,141,111,146,122,90,134,101,96,100,30,2,78,14,105,87,142,65,128,24,36,9,117,119,97,29,109,21,103,7,18,31,136,20,95,28,120,99,126,4,57,52,56,15,147,72,80,77,42,139,71,45,73,41,1,3,106,76,63,13,75,145,92,82,16,38,60,48,133,143,51,37,44,26,115,129,61,83,127,67,34,58,140,54,68,40,32,116,47,148,123,5,8,66,89,23,53,59,84,6,12,70,62,50,43,17,22,55,113,110,27,10,124,98,81,85,11,49,35,144,79,0,86,130,135,39,112,114,33
108,133,132,46,19,107,93,138,25,88,74,67,125,131,97,94,121,64,57,137,149,102,141,142,146,122,90,134,101,55,100,115,2,4,14,105,87,129,65,128,38,77,9,111,119,104,29,109,21,103,7,18,31,136,20,95,28,120,99,69,24,12,144,89,15,147,72,80,98,42,139,71,45,73,91,1,3,106,76,63,13,75,145,92,41,16,36,60,48,82,143,51,37,44,26,96,78,61,83,127,34,123,58,140,54,68,40,81,116,47,148,117,5,8,66,56,23,53,126,84,6,30,70,62,50,43,17,22,27,113,110,59,10,124,33,118,85,11,49,35,52,79,0,86,130,135,39,112,114,32
46,133,132,0,19,107,70,90,25,88,74,52,125,131,80,94,121,64,57,137,149,102,141,142,146,122,136,134,76,42,100,115,2,4,23,105,87,129,65,143,38,77,9,111,119,104,29,55,21,103,7,18,31,71,20,95,28,120,99,69,24,12,144,89,140,147,72,30,98,97,15,93,34,73,91,1,3,106,101,63,13,75,145,108,41,16,36,60,114,82,45,51,37,44,67,96,112,61,83,127,78,123,58,92,54,68,40,81,116,47,148,117,5,8,139,56,138,53,126,84,6,50,109,62,66,43,17,22,27,113,110,10,59,124,33,118,85,11,49,35,14,79,48,86,130,135,39,128,26,32
46,133,132,0,130,107,70,114,112,88,74,52,125,131,80,94,121,39,57,32,149,102,141,142,146,122,136,134,81,42,100,115,2,19,23,105,91,129,50,143,38,77,9,111,119,104,29,55,116,103,7,18,31,71,20,90,28,120,99,137,24,12,65,89,140,148,72,30,98,97,69,93,34,73,25,113,3,106,101,1,13,75,145,108,41,16,36,60,22,82,45,51,37,44,128,96,63,61,83,127,78,123,27,92,54,68,40,21,64,47,95,117,5,8,139,35,138,53,126,84,4,15,58,62,66,43,17,87,67,124,110,10,59,76,33,118,85,11,49,56,14,79,48,86,109,135,147,6,26,144
46,133,132,113,48,107,70,114,112,88,74,52,125,9,12,94,118,38,57,32,149,102,141,142,2,122,136,134,47,42,100,115,130,19,23,3,91,129,50,143,53,77,109,111,119,104,29,55,116,103,7,131,31,71,20,90,28,18,99,137,24,43,65,89,140,148,40,30,98,97,69,87,34,73,17,80,105,106,101,1,81,75,145,108,41,16,36,60,22,82,45,51,37,44,128,13,66,146,83,127,78,123,27,92,54,68,117,21,64,96,95,59,5,8,139,35,138,0,126,84,4,15,58,62,61,120,93,39,67,124,110,10,49,76,33,63,121,11,85,56,14,79,25,86,72,135,147,6,26,144
103,133,132,113,48,107,70,114,112,88,74,28,125,127,12,94,73,142,46,32,149,102,141,140,2,56,136,134,47,42,108,115,130,19,23,6,91,40,50,143,53,77,109,11,119,104,29,55,116,3,69,131,31,71,20,90,65,18,99,137,24,111,57,89,7,148,43,30,98,97,59,87,34,27,9,80,105,106,101,1,81,75,145,123,41,16,36,144,22,21,45,51,37,44,128,13,66,146,83,52,78,60,38,92,14,68,117,129,64,96,95,82,5,8,139,35,138,0,126,84,4,15,58,62,33,120,93,39,67,124,110,10,49,76,118,63,121,100,85,61,17,79,25,86,72,135,147,54,26,122
65,94,132,113,48,107,54,80,112,88,74,28,125,127,12,149,73,142,46,32,67,102,31,140,2,56,136,134,47,42,133,124,130,91,23,6,52,40,50,143,53,77,109,11,63,104,29,55,116,70,69,131,141,71,20,90,114,18,99,137,24,111,145,89,146,38,43,30,10,97,108,87,103,27,9,59,105,13,101,1,81,75,100,123,41,16,36,144,22,21,45,51,37,26,128,44,66,34,83,115,78,60,7,92,14,68,3,129,64,96,95,82,5,8,139,35,138,0,126,84,4,15,58,62,33,120,93,39,117,106,110,148,49,76,118,19,121,98,85,61,17,57,25,86,72,135,147,119,79,122
65,94,132,113,87,107,54,143,112,88,74,28,102,127,12,149,11,142,82,46,67,89,31,140,66,56,136,134,47,130,133,124,48,91,23,6,52,40,36,17,53,77,109,95,63,104,29,55,116,70,32,131,141,123,20,44,114,18,80,137,24,111,4,68,146,145,43,30,10,97,108,19,103,27,9,59,105,13,117,1,81,75,100,73,41,16,58,144,22,21,45,98,37,26,128,125,90,34,83,115,78,60,7,92,14,71,3,42,64,96,38,69,5,8,139,35,138,0,126,84,129,15,2,62,33,120,93,39,101,106,110,148,49,76,118,50,121,99,85,61,57,51,25,86,72,135,147,119,79,122
79,10,132,113,87,107,54,143,112,88,74,73,91,127,102,149,11,142,82,46,67,89,31,140,66,56,7,134,47,130,133,124,48,19,116,6,105,40,36,17,28,77,109,95,120,104,29,55,145,23,32,131,141,97,20,13,114,18,119,137,24,111,4,68,146,65,43,30,148,93,126,70,103,27,9,59,99,138,117,1,81,75,147,53,41,16,58,144,22,21,45,98,37,26,128,125,90,34,83,115,78,108,33,92,14,71,3,42,64,96,38,69,5,8,139,35,60,0,44,84,129,15,2,62,12,80,123,39,100,106,110,101,49,76,118,50,121,52,85,61,57,51,25,86,72,135,136,94,63,122
14,10,132,113,141,107,54,143,112,88,74,30,91,127,102,149,11,142,82,46,67,89,121,140,66,56,7,134,47,9,119,48,65,33,116,6,31,61,26,17,108,77,109,35,120,104,29,55,145,23,32,2,148,97,20,13,114,18,133,137,24,111,19,68,146,139,43,73,79,93,126,70,22,21,128,59,99,138,117,1,81,75,147,53,41,16,28,144,62,4,45,98,37,130,87,125,90,34,83,115,78,95,131,92,58,71,3,42,64,96,38,69,5,8,36,124,60,0,44,84,129,15,40,105,12,80,123,39,100,106,110,101,49,76,118,50,103,52,85,27,57,51,25,86,72,135,136,94,63,122
14,71,132,113,62,107,54,117,112,63,74,30,35,127,106,149,10,142,82,46,67,89,121,140,66,48,7,134,47,9,119,53,65,33,116,6,115,129,26,91,108,77,109,143,120,68,29,55,145,23,32,17,148,97,20,61,114,18,133,101,24,111,19,11,146,139,43,73,79,93,126,70,22,138,128,104,99,41,118,1,81,75,147,13,136,16,28,144,21,4,45,98,37,130,87,125,90,27,83,2,78,31,131,92,58,95,102,42,64,96,38,69,5,8,36,124,60,0,44,84,141,15,40,105,12,80,123,39,100,56,110,88,49,76,137,50,103,52,85,59,57,3,25,86,72,135,34,94,51,122
14,71,132,113,62,107,54,96,112,63,74,30,35,127,106,141,10,142,117,57,67,89,21,140,66,48,7,137,47,9,119,124,65,33,116,41,115,6,26,91,108,77,109,143,120,68,29,55,145,23,32,17,53,97,20,61,114,58,133,101,73,111,19,11,122,27,43,134,3,31,126,70,22,138,128,104,99,49,118,1,139,75,147,13,136,16,28,144,69,4,45,98,37,130,87,149,90,125,121,2,78,46,131,18,81,95,102,42,93,146,38,60,5,8,36,79,64,0,44,84,92,15,40,105,148,80,123,39,100,56,110,88,12,76,82,50,103,52,85,59,129,24,25,86,72,135,34,94,51,83
14,43,132,21,22,107,54,96,112,63,143,30,35,120,106,141,10,142,117,61,67,89,74,140,80,48,7,64,47,9,119,124,65,69,116,41,115,6,26,91,108,77,86,39,127,68,29,55,145,130,32,17,118,97,20,33,114,58,133,101,1,111,19,11,122,27,134,23,3,31,126,70,103,137,128,104,99,49,53,76,139,109,147,13,136,16,28,144,24,4,45,113,37,125,138,149,90,18,121,2,78,46,131,62,81,95,102,42,93,146,38,60,5,8,36,79,98,0,44,84,92,15,40,105,71,148,123,73,100,56,110,88,12,87,82,50,66,52,85,59,129,75,25,57,72,135,34,94,51,83
14,18,55,21,22,107,54,96,112,124,143,30,35,120,106,141,10,142,117,61,67,89,74,140,80,48,7,64,47,9,119,78,65,69,43,41,115,6,114,91,138,32,86,39,127,50,29,25,145,130,62,17,118,68,20,33,26,58,133,101,1,111,19,11,122,27,134,23,3,129,126,70,103,137,128,63,108,12,97,76,139,53,147,13,136,16,28,144,24,4,49,113,37,125,149,146,0,84,90,2,116,46,131,121,81,95,102,38,93,104,56,60,5,8,36,79,98,31,44,132,92,15,40,105,71,148,123,73,100,135,110,88,109,87,82,45,66,52,85,59,77,75,42,57,72,99,34,94,51,83
99,18,65,21,22,6,54,96,112,124,143,30,67,120,55,141,10,85,117,61,140,89,74,14,109,48,7,64,47,9,119,78,110,69,43,41,115,122,114,113,138,32,86,80,127,50,29,25,145,42,62,38,118,68,20,33,26,58,91,101,1,111,19,11,130,4,134,23,3,129,126,70,103,88,128,63,108,12,97,76,131,53,147,13,136,16,28,142,24,40,49,139,37,137,149,146,0,84,90,2,116,46,35,121,81,95,102,107,93,104,56,17,5,8,36,79,105,31,44,132,92,15,100,133,71,148,123,73,45,135,125,106,98,87,82,39,66,52,27,59,77,75,60,57,72,144,34,94,51,83
99,18,65,21,67,6,54,96,2,124,143,30,51,120,133,22,10,85,87,61,140,11,74,55,109,48,7,103,47,9,119,78,106,69,43,41,115,122,114,113,138,32,86,97,127,50,29,4,116,42,62,38,118,68,20,33,26,58,91,101,121,111,19,110,130,3,134,23,94,129,126,70,139,88,128,63,141,12,59,76,131,53,147,13,136,16,80,142,24,40,49,27,37,137,149,146,112,84,90,0,14,46,35,28,81,95,102,56,93,104,117,17,5,8,36,79,145,31,44,132,92,15,100,107,71,148,123,73,45,135,125,77,98,108,82,39,66,52,64,25,1,105,60,57,72,144,34,75,89,83
101,18,65,21,67,6,143,96,2,124,45,30,99,120,103,22,10,85,91,87,51,11,115,55,109,14,7,140,47,9,119,78,95,69,48,41,25,122,114,113,138,32,86,97,88,43,13,4,116,42,62,38,118,68,20,33,110,58,64,126,100,111,19,26,130,3,134,23,133,129,98,70,139,61,128,63,81,12,59,76,131,53,147,75,136,16,80,142,24,40,49,27,37,137,149,146,112,84,90,0,121,46,35,28,106,74,102,56,93,104,117,17,5,127,36,79,145,31,44,132,92,15,29,107,71,148,141,73,54,135,125,77,94,108,82,39,66,52,8,50,1,105,60,57,72,144,34,123,89,83
101,18,65,79,67,140,132,20,2,124,46,27,0,120,103,22,10,6,91,87,51,85,115,55,109,14,7,70,47,9,119,78,95,69,48,41,137,25,114,113,82,32,86,96,88,43,13,4,116,42,62,38,118,21,30,33,110,58,64,126,100,111,19,26,130,3,134,23,133,129,98,97,139,61,128,16,81,34,44,76,131,53,147,75,136,138,80,142,24,40,49,106,37,11,149,146,112,45,90,12,121,36,35,28,122,74,102,56,93,104,117,17,5,127,89,141,145,31,50,143,92,15,29,107,71,148,99,73,68,135,125,77,94,108,63,39,59,52,8,66,1,105,60,57,72,144,84,123,54,83
101,18,65,79,67,140,132,87,2,124,46,86,116,120,103,22,10,6,91,52,122,85,115,55,109,14,7,70,47,9,26,78,95,88,20,41,137,25,114,113,82,32,66,1,35,43,13,4,118,42,62,76,96,21,30,33,110,58,64,29,100,27,19,127,130,3,134,23,133,129,98,119,105,61,128,16,97,34,44,77,131,53,147,69,136,138,80,142,24,40,49,48,37,11,149,146,112,45,90,12,56,36,38,28,126,74,102,108,93,104,117,135,5,51,89,141,145,31,50,143,92,15,0,107,71,148,99,73,68,17,125,111,94,54,63,39,59,75,8,106,121,81,60,57,72,144,84,123,139,83
101,18,65,79,67,140,98,87,2,124,46,86,69,120,103,22,128,6,91,52,122,85,115,30,109,14,7,51,47,9,26,78,123,88,20,41,137,29,114,55,143,32,66,1,35,43,13,4,64,42,62,76,96,81,132,33,110,58,83,116,100,27,19,37,82,3,134,23,133,129,146,148,105,61,70,16,21,34,44,77,131,53,147,102,136,138,80,118,24,40,49,142,125,113,149,130,112,45,104,12,56,36,38,119,126,74,127,108,93,90,117,135,5,48,89,141,145,31,50,25,92,15,0,107,71,97,99,73,68,17,95,111,94,54,63,39,59,75,11,106,121,28,60,57,72,144,84,8,139,10
101,27,65,79,67,140,98,3,2,148,46,86,69,120,103,22,128,49,91,127,74,29,129,30,109,136,78,51,115,44,26,57,123,88,20,41,125,118,114,55,143,32,66,33,35,43,13,4,64,42,62,76,96,81,132,58,110,87,83,116,39,47,19,37,82,90,134,23,133,122,146,135,105,61,70,16,21,34,52,77,131,53,147,102,85,138,80,124,24,0,7,142,9,113,149,130,6,45,104,12,56,36,38,119,126,40,1,108,93,137,117,97,5,48,89,141,145,31,50,25,92,15,14,107,71,100,99,73,68,17,95,111,94,54,63,18,59,75,11,106,121,28,60,112,72,144,84,8,139,10
101,27,65,75,108,140,1,3,2,51,46,86,69,120,103,105,128,49,91,9,74,29,129,30,109,136,78,36,110,44,26,123,66,88,20,41,125,118,80,55,143,28,127,33,35,43,13,4,64,42,62,76,96,81,132,58,67,87,83,116,39,47,19,37,82,90,134,23,133,122,92,135,119,61,70,16,21,34,32,114,131,53,147,106,85,89,141,124,24,0,7,142,111,113,149,130,6,45,104,12,56,8,38,146,126,40,95,148,93,137,117,97,5,48,52,11,145,31,50,25,138,59,14,107,71,100,99,73,68,17,57,22,94,54,63,18,79,15,115,98,121,77,60,112,72,144,84,102,139,10
115,27,128,75,108,140,1,3,2,51,46,93,69,113,103,105,35,120,91,9,74,29,129,48,109,136,78,147,106,44,26,123,66,28,20,41,125,118,80,55,143,110,127,92,67,43,13,4,64,42,62,76,96,81,132,58,30,87,83,47,39,88,19,37,82,90,134,23,133,122,117,135,119,61,131,16,21,34,56,114,98,53,22,33,85,89,141,124,24,36,7,70,111,101,149,130,6,45,104,12,0,8,38,32,126,40,95,148,73,137,142,97,5,65,52,11,145,146,50,25,138,31,14,116,71,100,99,86,68,17,57,107,94,54,63,18,79,49,15,59,121,77,60,112,72,144,84,102,139,10
115,52,128,29,95,140,103,3,2,51,46,93,69,113,62,105,35,120,91,9,74,132,129,48,109,136,1,12,17,116,26,123,66,4,20,41,125,118,80,55,143,110,127,108,67,43,13,68,64,38,44,76,96,34,28,58,42,87,75,47,39,88,19,37,82,90,134,23,133,78,117,135,119,81,131,16,21,83,122,61,98,53,22,33,85,89,141,124,24,30,7,114,111,101,149,130,6,45,104,147,0,8,70,32,126,40,71,148,73,137,142,97,5,65,56,11,145,146,50,25,99,31,14,77,138,100,92,86,106,144,57,107,94,54,63,18,79,49,15,59,121,36,60,112,72,27,84,102,139,10
115,46,128,29,95,38,103,3,2,77,130,93,124,113,62,105,83,18,91,9,15,140,129,48,109,136,1,12,6,52,26,123,66,4,121,41,125,118,80,55,64,110,143,108,67,43,13,68,30,132,44,127,96,34,37,58,42,87,75,47,39,88,19,116,82,90,134,23,133,78,117,28,119,81,60,16,21,126,122,61,98,53,22,20,7,89,141,69,24,76,17,114,111,101,54,74,135,45,104,147,0,8,70,32,131,40,71,148,73,137,142,97,5,65,56,11,145,146,50,25,99,31,35,14,138,100,92,86,106,144,57,107,94,120,63,149,79,49,85,59,51,36,33,112,72,27,84,102,139,10
115,46,128,114,95,38,103,10,2,77,130,106,124,113,62,105,83,49,91,132,15,140,129,48,89,136,1,12,6,52,21,123,66,4,58,41,121,118,80,55,64,110,143,104,67,43,13,68,30,117,44,127,75,141,37,74,42,87,146,47,39,26,19,116,82,90,134,23,107,78,63,28,119,81,60,16,88,126,122,61,98,34,17,20,7,3,125,69,24,76,97,102,111,101,54,22,9,45,72,96,0,8,70,32,131,40,71,148,73,137,142,29,5,65,56,11,145,108,50,25,99,31,35,14,138,100,92,86,147,144,57,133,94,120,135,149,79,18,85,59,51,36,33,112,93,27,84,109,139,53
66,46,128,114,95,38,103,10,2,112,130,106,124,113,0,3,78,49,91,132,15,84,101,48,77,105,1,12,6,52,61,123,99,4,58,41,121,118,80,55,64,134,143,104,7,81,13,68,30,117,44,127,75,141,37,74,42,87,146,47,39,26,19,107,82,90,115,23,20,126,63,28,119,50,60,16,88,138,122,62,98,34,17,136,53,140,51,69,110,76,97,102,111,67,54,22,9,45,72,21,129,8,70,32,131,40,71,148,73,137,142,29,5,65,56,11,145,108,96,25,24,31,35,43,33,100,92,86,147,144,57,133,94,120,135,149,79,18,85,59,14,36,125,83,93,27,116,109,139,89
66,46,128,114,95,38,103,6,2,112,130,106,124,113,0,3,78,49,91,132,15,84,101,48,29,105,1,12,5,52,111,123,99,135,58,41,121,118,80,55,64,134,143,77,7,97,108,145,30,33,44,127,75,141,37,74,42,87,146,47,39,104,19,107,82,90,115,81,20,126,63,131,122,50,25,16,88,138,23,51,98,34,17,136,53,140,119,69,110,76,54,102,83,67,28,22,26,45,72,13,129,8,70,32,109,40,71,148,73,137,147,62,68,65,56,11,79,61,96,31,24,93,35,43,9,100,92,86,142,144,57,133,94,120,21,149,117,18,85,59,14,36,125,10,60,27,116,4,139,89
66,46,128,114,95,147,103,6,2,119,51,106,124,79,0,3,78,49,91,117,15,84,62,14,29,105,1,12,5,67,111,123,99,11,58,41,121,118,80,127,64,134,143,77,7,97,108,145,30,33,44,85,75,141,37,74,42,132,146,47,39,104,129,107,82,90,115,81,20,126,63,21,122,50,25,16,88,138,23,34,98,131,55,136,53,140,36,69,110,76,54,102,112,52,28,22,26,45,72,13,149,8,70,32,109,40,19,148,73,38,135,130,113,65,56,48,93,61,96,87,24,89,31,43,9,100,92,86,142,144,57,133,94,120,71,68,35,18,17,59,101,83,125,10,60,27,116,4,139,137
17,65,128,114,95,66,103,136,2,119,51,106,124,79,0,3,78,127,91,22,15,84,62,14,9,105,1,12,5,67,111,123,99,88,58,16,121,118,80,149,64,134,143,77,139,40,108,145,30,33,44,85,75,141,37,74,42,132,146,47,39,104,129,107,7,90,115,81,20,138,63,21,122,50,86,54,113,130,23,34,98,131,55,126,53,140,49,69,110,82,56,102,112,52,28,76,26,45,72,13,137,6,70,32,109,25,19,147,73,38,135,148,8,92,46,48,93,61,96,87,24,89,31,43,35,100,41,117,142,144,57,133,94,120,71,68,29,18,97,59,101,83,125,10,60,27,116,4,36,11
17,65,128,114,95,66,103,136,2,64,51,106,124,79,0,3,78,127,91,22,15,84,77,14,9,105,1,12,113,13,111,123,99,92,58,16,121,11,82,149,139,134,80,43,39,40,120,145,30,33,44,85,75,141,37,147,42,132,5,47,118,104,129,143,7,90,115,81,20,138,63,21,122,50,86,54,23,130,24,34,62,131,55,126,53,29,49,69,32,108,56,102,140,52,28,76,26,45,72,98,137,6,70,67,109,25,19,146,73,38,135,148,8,119,46,48,10,61,96,87,107,74,31,112,35,100,41,117,142,144,57,27,94,88,71,68,89,18,133,59,101,83,125,93,60,97,116,4,36,110
17,65,128,114,135,66,103,136,50,64,51,106,124,96,0,3,78,2,91,99,120,84,12,14,22,105,1,118,113,13,111,8,62,92,58,16,144,79,82,149,139,134,80,43,39,40,117,145,15,33,44,85,75,141,37,147,42,132,5,47,146,104,129,143,54,90,115,81,20,138,63,21,122,94,86,30,29,130,95,121,52,24,127,126,53,77,49,69,32,108,56,102,140,38,28,76,26,45,72,98,137,6,70,67,109,25,19,23,73,148,131,123,89,119,46,48,10,61,7,87,107,74,34,112,35,100,41,55,142,11,57,27,9,88,71,68,31,18,133,59,101,83,125,93,60,97,116,4,36,110
17,65,128,114,120,66,41,136,50,64,51,75,124,96,0,3,78,142,91,99,9,84,80,102,22,105,1,140,113,13,111,8,132,92,58,27,144,79,82,149,139,134,100,43,39,103,117,5,15,33,44,2,47,141,37,147,42,106,130,118,122,104,129,61,54,90,115,81,20,138,63,21,135,94,86,143,29,148,95,121,52,24,127,126,53,23,49,69,32,108,56,77,145,38,28,76,26,45,40,98,137,6,85,67,109,25,19,72,73,12,131,123,89,119,46,48,10,14,7,87,107,74,34,112,35,146,116,55,30,11,57,16,60,88,71,68,31,18,133,59,101,83,125,93,62,97,70,4,36,110
17,133,18,114,120,66,41,136,50,64,51,75,124,96,0,25,78,142,91,99,9,84,80,102,76,105,89,44,113,13,56,8,132,92,22,27,144,79,82,65,139,134,100,43,108,111,47,5,15,33,20,2,34,141,37,147,42,112,130,135,122,104,129,61,54,90,115,81,71,138,63,21,1,94,86,68,29,148,95,121,52,24,127,126,53,23,117,143,32,7,106,77,145,38,140,98,26,45,40,149,137,6,85,67,109,28,19,72,73,12,131,123,49,119,62,48,10,14,60,87,107,74,58,128,35,146,116,55,30,11,57,16,103,88,39,69,31,3,118,59,101,83,125,93,46,97,70,4,36,110
17,69,18,114,120,66,51,136,50,64,30,75,124,96,0,25,34,142,91,143,60,78,80,56,76,105,89,44,113,13,99,8,132,68,22,27,86,79,82,65,144,134,100,48,108,111,47,5,15,33,20,14,147,141,37,2,42,112,130,135,122,16,129,61,54,90,115,81,71,138,63,21,104,94,58,107,29,148,95,121,52,24,127,126,9,23,117,84,133,7,106,77,145,38,140,98,26,45,40,149,137,6,85,67,109,28,19,116,73,12,131,123,49,119,36,87,10,53,92,139,43,74,41,128,35,146,72,55,102,11,57,1,103,88,39,62,46,3,118,59,101,83,125,93,32,97,70,4,31,110
90,2,18,114,120,66,51,136,50,64,30,75,124,43,0,25,11,142,34,143,60,78,80,38,76,105,89,44,113,13,99,8,132,128,22,27,86,79,82,65,144,134,100,48,108,69,47,5,15,33,74,14,91,141,37,3,107,111,130,135,122,16,129,29,54,1,115,81,71,138,63,21,149,56,17,109,140,148,95,94,68,24,127,126,20,131,117,84,133,7,106,77,145,96,112,98,26,45,40,73,137,6,85,147,62,28,19,116,61,12,23,123,49,119,36,87,10,53,92,139,42,121,41,67,35,146,72,55,102,104,57,9,103,88,39,52,46,58,118,59,101,83,125,93,32,97,70,4,31,110
90,2,18,114,120,66,51,105,54,64,30,0,73,43,121,25,11,142,34,143,60,78,140,38,76,37,89,44,113,117,99,8,132,148,22,27,1,79,82,65,144,134,100,48,108,69,47,133,15,33,74,104,91,141,116,56,107,111,130,135,122,16,129,29,13,3,115,81,71,138,63,21,32,136,17,109,40,149,106,94,68,24,127,126,20,131,95,50,124,7,92,14,145,84,112,80,26,45,12,96,137,6,75,147,62,28,19,77,61,85,23,123,49,119,36,87,10,53,86,139,42,5,41,67,35,146,72,55,102,128,57,9,103,88,39,52,46,58,118,59,101,83,125,93,4,97,70,98,31,110
90,2,18,38,120,66,51,105,54,64,30,0,73,43,121,25,11,142,34,143,144,78,140,101,76,37,89,44,113,117,99,8,69,148,132,27,1,79,82,65,139,134,100,48,108,104,47,133,125,33,84,14,91,15,116,56,107,111,130,128,119,16,129,29,13,3,114,81,71,138,149,21,60,136,17,109,40,45,32,94,68,24,127,126,59,131,95,50,122,7,92,63,145,5,112,80,106,26,12,96,137,6,75,135,62,28,19,77,61,85,23,123,49,22,36,87,10,53,86,20,42,58,41,67,35,146,72,55,102,124,57,9,103,88,141,52,98,4,118,74,93,83,115,46,39,97,70,147,31,110
90,2,100,61,120,106,51,105,54,64,30,0,50,43,121,25,11,27,110,143,144,78,73,101,28,37,89,44,113,117,99,8,69,148,132,97,127,79,82,65,139,134,33,48,108,1,39,133,125,47,84,14,91,58,116,56,107,111,130,128,119,16,129,29,13,3,114,81,76,138,149,21,60,136,70,109,40,45,32,94,68,24,140,126,59,131,95,41,122,17,12,63,145,5,112,80,66,26,36,96,137,35,75,135,62,118,19,77,67,85,23,123,92,22,15,87,10,53,86,20,42,38,104,142,18,146,72,55,102,124,57,9,103,88,141,52,98,4,74,7,93,83,115,46,6,49,34,147,31,71
90,2,100,61,120,106,51,105,54,64,30,0,48,43,121,25,11,27,110,143,144,50,73,101,28,37,89,44,113,117,99,8,80,115,132,97,81,79,82,65,139,134,34,127,108,1,39,133,125,112,84,14,91,58,85,56,36,111,130,128,119,16,129,29,13,3,114,107,76,93,149,21,60,148,116,109,142,137,57,94,68,24,140,126,59,131,95,41,122,17,70,63,145,5,118,47,66,26,49,96,78,35,38,135,62,42,19,77,67,12,23,123,92,22,15,87,10,53,86,20,55,74,104,136,18,146,72,75,102,40,138,9,103,88,141,52,98,4,147,7,33,83,45,46,6,124,31,32,69,71
87,103,100,61,120,106,51,123,136,64,30,0,48,43,121,25,11,27,110,127,144,124,73,101,71,37,89,54,113,117,99,102,80,115,132,97,81,79,82,65,139,56,34,140,109,1,39,133,125,112,84,14,91,58,129,68,36,111,130,85,128,16,21,29,13,148,114,44,76,93,149,20,60,107,116,134,143,137,57,94,47,24,72,126,59,131,95,41,122,17,70,63,145,5,118,3,66,26,49,96,78,35,38,135,62,42,19,2,67,12,23,45,92,22,15,142,10,53,86,28,55,74,104,108,18,146,50,75,77,40,138,9,90,88,141,52,98,4,147,8,33,83,119,46,6,105,31,32,69,7
87,103,100,61,120,106,51,123,12,64,147,0,48,43,62,25,99,27,110,127,144,128,136,101,71,37,89,54,113,117,73,102,80,1,132,97,81,79,82,65,139,56,34,140,109,98,13,133,116,112,84,14,91,58,129,68,4,15,11,85,83,105,21,29,26,107,114,44,76,93,149,20,60,115,124,134,143,145,57,94,47,16,72,126,59,131,95,41,122,17,70,38,35,5,118,3,66,24,49,96,78,30,63,135,130,42,19,2,148,125,23,45,92,22,67,142,10,53,86,28,55,74,104,108,18,146,50,75,77,40,138,9,90,88,141,52,137,8,39,69,33,36,119,46,6,121,31,32,111,7
87,103,72,61,130,39,86,1,12,64,147,0,48,43,62,25,123,27,110,127,144,128,136,101,71,37,89,32,113,117,73,102,119,78,59,97,81,139,82,65,99,56,80,140,109,98,47,133,34,112,84,40,91,58,35,68,4,15,11,85,53,105,21,29,26,107,114,44,76,93,149,20,60,115,145,134,143,51,57,94,79,16,83,126,14,131,95,41,122,17,70,38,111,120,132,3,66,24,49,96,118,30,63,135,138,42,19,2,148,125,23,45,92,22,67,142,10,129,33,28,55,54,104,108,18,146,50,75,77,5,116,9,90,88,141,52,137,8,124,69,74,36,100,46,6,121,31,106,13,7
122,103,72,61,130,39,86,111,12,64,147,140,48,44,62,25,71,27,145,127,31,128,136,101,116,37,108,32,6,117,73,106,119,78,59,97,81,139,82,65,99,56,80,8,109,123,47,133,34,112,84,40,91,58,35,68,95,15,11,85,53,105,0,29,26,88,114,96,76,93,149,43,60,115,1,134,143,51,57,94,79,16,83,126,14,131,113,41,102,17,67,38,110,120,132,144,66,24,49,33,118,87,63,135,138,42,19,2,148,125,23,45,92,22,20,142,10,129,4,28,55,54,3,98,18,146,50,75,77,5,70,107,90,89,141,52,137,104,124,69,74,36,100,46,121,30,9,21,13,7
122,103,72,20,130,39,86,111,9,64,60,140,48,44,62,25,71,27,137,4,13,23,136,101,116,37,2,32,133,117,73,106,119,78,59,97,81,139,82,128,99,56,80,8,109,53,42,127,34,129,123,40,91,58,35,68,95,15,11,85,102,105,0,29,26,88,114,17,76,93,149,49,47,115,1,134,143,51,57,94,79,16,83,10,43,131,84,36,65,108,67,38,110,120,132,144,66,24,146,33,118,87,63,135,138,126,19,14,148,125,41,45,92,22,147,142,12,31,6,28,55,54,3,98,18,96,50,75,77,5,70,107,90,89,141,52,61,104,124,69,74,145,100,46,121,30,113,21,112,7
135,103,72,20,130,15,86,111,9,124,59,140,0,44,62,25,71,27,96,4,48,23,136,70,7,37,2,32,133,117,73,106,119,78,64,97,81,139,82,128,36,63,80,8,109,53,42,3,34,129,123,40,91,58,35,68,95,28,11,85,102,105,83,29,26,116,99,17,76,93,149,49,47,115,1,134,143,51,132,77,79,16,69,10,43,131,84,137,101,108,67,5,110,120,114,144,66,57,146,33,118,87,60,56,138,126,19,94,148,125,41,45,92,22,147,38,12,31,6,39,55,54,24,98,18,142,50,75,127,65,13,107,90,89,141,52,61,104,88,122,74,145,100,46,121,30,113,21,112,14
135,103,72,73,90,15,86,111,9,124,42,140,0,44,62,148,71,27,96,4,6,23,136,70,7,37,20,61,133,117,2,106,119,78,39,97,105,139,82,128,36,63,80,8,109,53,85,3,34,129,123,40,91,116,35,64,145,28,11,98,21,126,65,29,26,89,99,17,76,93,149,49,47,25,1,134,143,51,132,77,79,16,69,10,43,131,84,137,101,108,67,5,110,120,114,144,66,57,115,33,118,87,60,48,138,58,19,94,146,125,41,45,92,22,46,81,12,31,95,38,55,54,24,18,147,142,50,75,127,59,13,107,130,141,68,52,56,104,88,122,74,83,100,32,121,30,113,102,112,14
135,105,67,73,90,15,86,132,9,149,42,140,0,44,85,148,71,27,96,4,6,55,136,20,41,37,102,61,133,117,2,106,119,78,39,97,26,139,82,128,36,108,80,8,109,53,99,3,34,129,31,40,91,116,35,64,145,28,11,98,21,126,65,29,87,89,52,17,76,107,111,49,47,25,63,134,143,51,137,77,79,16,69,10,43,131,84,72,62,93,7,5,24,124,114,144,66,123,115,33,118,23,60,48,70,58,19,94,146,125,138,45,92,57,46,81,12,101,95,38,103,54,68,18,147,142,50,75,127,59,13,22,130,141,83,110,56,104,88,122,74,120,100,32,121,30,113,1,112,14
135,105,67,33,90,52,86,132,9,140,42,137,0,44,85,148,71,27,96,121,6,55,136,20,41,37,102,61,133,117,109,106,119,78,95,73,97,139,82,128,36,108,80,8,79,53,2,3,34,125,75,40,91,116,59,64,38,28,11,98,21,126,65,29,87,89,149,17,76,107,111,49,47,25,63,134,123,51,129,77,143,16,69,10,43,131,84,72,62,93,7,5,24,124,114,144,66,15,115,99,118,23,60,56,70,58,13,94,146,100,4,45,92,57,46,81,12,101,31,145,103,54,68,18,147,130,50,26,127,83,142,22,30,141,48,138,35,104,88,122,74,120,19,32,110,39,113,1,112,14
135,105,67,33,90,52,86,132,9,140,42,137,28,44,136,148,71,117,26,121,6,142,0,70,69,37,102,61,133,106,82,55,119,78,35,73,97,139,1,128,36,108,80,8,79,96,2,53,34,125,75,40,91,116,59,64,93,109,11,98,21,126,65,29,87,89,149,120,76,107,111,49,85,25,63,134,123,101,129,77,143,16,41,51,43,131,84,72,38,17,7,5,24,124,114,144,66,15,115,57,118,23,60,56,146,58,13,94,99,27,138,45,92,100,46,81,12,47,31,145,103,54,68,18,147,130,50,4,127,83,20,22,30,141,48,10,62,104,88,3,74,122,19,32,110,39,113,95,112,14
135,105,67,83,90,52,86,132,9,140,42,137,28,44,32,148,71,117,26,121,62,96,0,2,69,37,102,127,133,30,82,55,119,78,35,73,97,139,1,128,36,134,80,8,79,24,6,53,34,125,75,40,91,116,59,64,93,109,11,98,51,39,65,29,87,89,149,43,76,107,16,108,85,25,111,49,123,101,129,77,143,110,41,106,46,33,23,72,38,17,7,5,126,124,114,144,66,15,115,57,118,138,60,56,146,21,13,94,70,27,61,45,92,100,131,81,12,47,31,99,103,54,68,18,147,130,50,4,142,84,20,22,136,141,48,10,58,113,88,3,74,122,19,145,104,63,120,95,112,14
135,105,59,83,90,52,86,132,9,140,56,3,28,44,32,148,71,117,26,46,62,137,0,84,2,37,102,100,133,30,96,55,119,78,35,73,47,139,111,128,121,134,69,8,17,24,45,53,34,125,75,40,91,116,65,82,93,79,11,98,51,39,25,29,38,89,149,43,76,107,16,108,85,80,20,49,123,101,129,77,143,110,41,106,146,33,87,72,68,36,7,5,126,124,114,144,66,15,115,57,118,138,60,1,13,21,64,94,70,27,61,67,92,122,131,81,12,127,31,99,103,54,6,18,147,130,50,4,142,23,97,22,136,141,48,10,58,113,88,109,74,120,19,145,104,63,42,95,112,14
22,105,59,14,90,52,86,132,9,140,56,3,28,44,137,148,100,117,27,61,62,46,0,84,63,43,102,39,133,30,96,55,119,92,35,143,47,139,111,128,121,34,69,8,17,122,45,53,73,125,75,40,91,116,37,82,93,79,11,98,51,65,25,29,38,89,149,136,124,107,21,108,85,80,20,49,123,83,129,77,36,110,41,106,146,33,120,23,68,24,7,5,126,76,114,144,66,15,115,57,118,138,60,1,13,72,64,94,70,78,134,67,16,2,131,81,12,127,31,99,103,54,6,18,71,130,50,4,142,32,97,26,135,141,48,10,58,113,88,109,74,101,19,145,104,87,42,95,112,147
7,105,59,14,69,52,26,132,119,140,56,3,28,44,137,148,22,117,62,61,120,46,0,84,60,43,102,39,133,30,96,55,86,92,35,143,47,36,111,66,121,33,118,8,17,122,45,53,73,63,75,40,103,116,37,89,93,79,11,98,51,65,25,9,38,27,149,136,124,107,21,108,1,18,20,49,123,83,139,72,80,110,41,106,146,144,90,23,68,24,100,5,126,76,114,125,87,15,115,57,129,138,85,91,13,95,64,94,29,78,134,67,16,2,131,81,12,127,31,99,34,54,6,77,71,130,50,4,142,32,97,70,135,141,48,10,58,113,88,109,74,101,19,145,104,82,42,128,112,147
7,32,96,14,69,53,26,132,119,140,56,110,28,44,137,148,22,117,39,61,120,112,0,84,107,43,102,122,133,30,34,55,86,92,60,143,47,36,111,66,121,91,118,8,17,104,20,146,73,63,75,23,103,52,37,89,93,79,11,98,51,65,113,9,38,27,149,136,124,147,21,108,1,18,31,49,123,83,139,50,80,71,41,106,48,144,85,72,68,24,100,5,126,76,114,125,87,15,115,57,129,138,105,33,13,95,64,94,29,78,134,67,16,2,131,81,12,40,59,3,116,54,6,77,99,130,46,4,142,90,97,70,135,141,45,10,58,127,88,109,74,101,19,145,25,82,42,128,35,62
7,32,20,14,72,53,26,132,119,140,56,78,138,44,137,148,22,117,133,61,120,112,21,84,107,43,28,122,38,30,34,55,86,63,60,143,47,36,111,67,121,91,118,8,17,104,101,0,73,3,75,23,103,52,37,89,93,96,88,66,51,65,113,9,100,27,149,136,68,147,98,108,1,18,31,49,39,129,11,50,80,71,41,106,48,144,85,141,83,24,6,5,126,76,114,139,87,15,115,57,102,81,105,33,13,95,64,94,29,124,134,146,16,2,131,92,12,40,59,123,116,54,62,77,99,130,46,4,142,125,97,70,135,90,45,10,58,127,110,109,74,79,19,145,25,82,42,128,35,69
7,99,21,144,53,41,112,33,119,140,56,78,138,44,137,148,22,103,133,61,120,50,136,84,107,149,28,122,38,30,34,55,91,63,60,143,47,14,111,67,121,90,118,8,17,104,101,0,19,130,93,23,26,52,37,89,36,96,88,66,51,65,113,9,100,27,94,86,68,147,98,108,72,18,31,49,39,129,11,4,80,71,114,106,48,83,85,141,3,24,6,5,126,76,105,139,87,15,115,57,102,81,43,29,13,95,1,132,75,124,134,146,16,2,131,92,20,40,59,123,116,54,62,77,32,73,46,64,142,125,97,70,135,117,45,10,58,127,110,109,74,79,12,145,25,82,42,128,35,69
97,99,21,144,53,41,112,33,119,43,56,78,138,44,137,148,22,103,87,61,123,50,60,84,107,149,117,73,143,30,36,55,91,63,136,34,120,14,116,7,40,90,67,8,17,104,101,0,19,118,93,23,28,52,37,89,81,96,88,66,51,65,113,9,100,27,94,86,68,147,76,108,72,133,31,49,39,129,11,4,80,71,114,106,48,83,102,141,3,24,6,5,126,57,105,139,26,15,115,58,140,121,134,29,13,95,1,132,75,124,130,146,16,2,131,92,20,18,59,122,38,111,62,77,32,85,46,64,142,125,69,70,135,54,45,10,98,127,110,109,74,79,12,145,25,82,42,128,35,47
28,99,21,144,53,41,112,33,116,43,56,78,138,44,137,148,22,74,17,61,123,50,60,84,118,114,7,73,143,30,36,55,91,63,27,34,120,134,125,31,40,90,67,8,89,108,101,0,19,146,93,23,25,52,37,87,81,96,88,66,51,65,113,9,100,103,94,86,68,147,76,2,72,133,97,54,39,129,11,4,80,71,98,106,48,83,102,141,107,24,6,5,126,57,105,139,26,15,115,49,82,121,14,29,13,95,77,132,75,124,130,20,16,110,131,92,3,18,59,122,38,111,62,104,32,85,46,58,142,136,69,70,135,149,45,10,117,127,140,109,119,79,12,145,1,64,42,128,35,47
28,62,21,144,53,41,112,89,116,43,123,78,83,44,137,148,22,31,17,61,94,50,60,84,118,114,7,73,143,30,36,55,91,63,27,34,120,67,125,113,40,142,10,8,5,108,101,0,19,146,93,72,25,52,37,87,81,56,88,66,23,65,134,9,100,103,3,99,68,147,76,2,51,133,97,54,39,129,11,49,80,71,98,106,48,33,102,141,107,24,6,105,70,86,138,139,26,15,115,4,82,121,14,29,13,95,77,132,75,16,126,1,79,110,131,92,20,18,59,122,38,111,135,104,32,74,46,58,90,136,69,130,85,149,45,124,117,127,140,109,119,96,12,145,57,64,42,128,35,47
85,62,21,115,53,41,112,89,116,43,123,78,23,44,137,148,22,31,120,61,59,50,75,98,2,114,7,73,143,30,36,55,91,127,27,34,72,67,125,113,40,142,82,8,5,108,106,0,19,146,93,16,25,52,37,87,81,56,88,57,94,65,134,9,100,105,3,99,68,147,76,96,51,133,97,54,39,129,11,70,80,103,111,17,48,33,102,141,107,24,6,66,118,86,138,139,20,15,10,4,28,121,14,29,13,95,77,132,117,49,126,1,79,110,131,92,64,18,42,122,38,63,135,104,32,74,46,58,90,136,69,130,101,149,45,124,60,84,140,109,119,71,12,145,83,144,26,128,35,47
85,62,21,115,53,41,112,89,116,43,123,124,135,44,137,23,60,31,126,61,136,50,82,98,2,102,128,73,143,9,145,55,148,127,27,34,83,67,125,30,40,142,22,75,5,108,106,0,19,146,114,16,25,52,37,96,81,56,88,57,94,78,134,8,100,105,86,99,68,147,76,109,51,133,97,54,39,129,11,70,80,103,111,17,48,33,36,141,107,24,6,66,118,72,138,139,20,15,10,4,28,7,14,29,13,95,77,65,71,49,120,1,79,110,131,92,64,18,42,87,38,63,91,104,32,74,46,58,90,93,69,130,101,149,45,3,121,84,140,132,119,113,12,117,59,144,26,122,35,47
80,62,21,115,53,41,112,89,129,43,123,124,135,44,137,23,60,31,126,61,0,38,87,98,14,102,128,73,143,9,70,147,49,127,27,111,83,67,125,30,40,142,22,75,5,108,106,145,19,77,114,16,25,52,37,96,133,56,88,57,94,78,134,8,100,105,86,99,55,110,71,109,51,24,97,42,39,148,11,2,91,103,34,17,48,33,36,76,107,136,6,66,118,72,138,139,20,82,10,4,28,7,116,29,13,95,104,65,68,146,120,1,79,15,131,92,64,18,50,141,130,63,81,85,32,74,46,58,90,93,69,54,121,149,45,3,101,84,140,132,119,113,12,117,59,144,26,122,35,47
20,62,96,115,35,41,112,89,129,43,123,124,135,44,137,107,60,31,126,61,0,38,87,49,14,102,15,73,143,9,70,147,76,127,98,111,83,67,4,30,40,16,125,75,139,108,106,145,19,77,142,72,25,52,5,100,133,56,88,21,94,78,134,8,132,114,86,99,55,110,71,109,51,80,97,42,39,148,22,2,91,48,34,59,17,33,36,45,128,136,6,66,118,11,138,57,12,82,10,104,28,7,116,29,13,95,53,65,68,146,120,1,79,103,131,92,64,18,50,141,130,63,81,85,32,74,46,58,27,93,69,54,121,149,23,3,101,84,140,105,119,113,90,117,24,144,26,122,37,47
20,72,96,115,35,41,112,10,36,43,123,124,135,44,137,109,60,31,39,61,84,38,77,49,14,3,15,73,143,30,76,147,2,127,0,111,89,67,4,8,40,16,125,75,139,108,107,37,19,34,142,47,25,52,5,100,133,56,88,21,94,78,134,80,132,114,86,99,55,110,71,102,51,129,97,42,62,148,22,12,91,48,70,59,126,33,145,54,128,136,6,66,118,11,138,64,90,82,98,104,28,7,116,29,13,95,53,65,68,146,120,1,79,103,131,92,83,18,57,141,130,63,81,85,32,74,46,58,27,93,69,9,121,149,23,17,101,87,140,105,119,113,106,117,24,144,26,122,50,45
20,72,59,4,35,21,112,10,36,43,123,124,135,69,137,7,60,31,39,61,84,38,134,49,14,3,15,130,143,30,76,147,2,127,0,111,89,67,44,8,115,16,136,75,139,108,104,33,19,34,142,62,25,41,5,100,133,56,88,13,94,126,80,107,132,114,86,99,55,92,71,102,51,129,97,42,149,148,22,12,91,48,70,109,125,68,145,54,58,85,6,66,118,11,138,64,90,82,98,116,28,52,77,29,96,95,53,65,110,146,120,1,79,103,131,78,83,18,57,141,73,63,81,101,32,74,46,37,27,93,40,9,121,128,23,17,119,87,140,105,47,113,106,117,24,144,26,122,50,45
20,72,52,4,35,21,112,10,36,43,123,124,135,69,137,7,60,22,39,61,84,38,34,49,14,3,15,130,143,97,76,147,2,127,111,119,89,67,44,8,115,16,136,75,139,108,79,33,19,18,134,62,25,54,5,66,133,56,88,13,59,126,80,107,101,114,86,99,55,92,71,102,51,129,94,42,110,12,113,106,91,48,70,109,125,142,145,100,58,85,6,90,65,11,138,64,28,68,98,116,0,148,77,29,96,95,53,118,149,146,120,1,41,103,131,78,30,73,57,141,83,63,81,82,32,74,46,37,27,93,40,9,121,24,23,17,104,87,140,105,47,132,128,117,31,144,26,122,50,45
149,72,77,4,35,135,112,10,2,43,123,124,53,69,137,134,60,7,39,15,84,38,34,49,14,61,54,92,143,97,42,20,80,127,111,119,89,67,46,8,115,16,32,75,139,108,79,33,19,18,76,62,25,130,5,66,133,56,88,22,145,126,87,52,101,114,36,99,55,40,71,102,51,129,94,141,110,12,113,106,91,48,70,109,45,21,86,100,58,107,6,90,65,11,138,64,28,68,98,116,0,148,44,29,96,95,136,118,13,146,120,1,41,103,131,78,30,73,57,142,83,63,81,82,59,74,125,37,27,93,85,9,121,24,23,17,104,147,140,105,47,132,128,117,31,144,26,122,50,3
149,72,77,4,35,135,112,10,2,43,127,24,53,133,137,134,122,7,58,99,84,38,34,49,27,51,54,92,143,97,42,20,124,69,111,119,89,67,46,98,115,60,32,75,139,108,79,33,19,18,76,62,25,130,5,66,9,117,88,22,145,102,87,52,101,114,36,80,1,40,71,91,83,129,94,3,110,12,6,106,63,48,70,109,45,21,30,100,113,107,131,90,65,15,138,64,28,68,61,116,0,148,44,29,96,95,136,118,13,146,120,56,41,103,14,78,123,73,57,142,141,16,81,82,59,74,125,37,55,93,85,126,121,11,23,17,104,147,140,105,47,132,128,39,31,144,26,8,50,86
149,114,109,4,35,135,112,10,29,43,69,24,53,133,137,134,122,7,58,99,84,38,34,49,27,67,54,92,143,125,42,20,12,6,111,119,89,72,46,98,115,60,32,75,139,108,79,33,19,18,76,62,120,130,44,66,68,117,88,22,145,102,87,52,101,65,36,2,1,40,70,91,83,129,94,3,110,48,25,106,5,59,74,124,82,71,80,100,113,107,147,90,9,51,138,64,28,97,61,116,0,148,15,21,96,95,136,118,13,146,30,56,41,103,14,78,123,73,57,142,141,16,81,131,45,63,128,37,55,93,85,126,121,11,23,17,104,132,140,105,47,77,127,39,31,144,26,8,50,86
149,114,109,4,35,112,107,80,29,43,69,24,51,133,137,139,122,7,58,99,84,38,34,49,27,67,54,92,143,125,48,20,12,6,111,119,89,2,46,98,115,60,26,75,131,108,79,33,19,100,76,62,120,130,44,66,68,117,88,18,145,42,87,52,101,65,36,41,1,40,70,91,83,129,72,32,110,10,25,53,5,59,74,124,82,71,127,102,135,116,147,113,9,103,138,64,28,136,61,97,0,148,57,142,96,95,77,118,13,146,30,56,94,90,14,78,123,73,106,81,141,16,144,22,45,63,128,37,55,93,85,126,121,11,23,17,104,132,140,105,47,3,134,39,31,21,15,8,50,86
149,114,109,4,35,112,107,80,29,43,69,38,76,133,42,139,53,7,58,99,49,124,34,145,27,100,54,92,143,125,48,10,12,6,111,119,89,147,51,98,115,60,140,75,131,108,17,33,19,56,137,62,120,130,44,66,68,117,88,18,0,2,45,14,101,65,36,41,1,40,70,91,83,96,72,32,110,81,25,127,5,59,74,46,82,71,103,102,39,116,22,113,9,135,138,64,28,136,61,97,24,148,57,142,122,95,77,118,13,87,30,67,94,90,26,78,123,73,106,20,141,16,144,129,84,63,128,37,55,93,85,126,121,11,23,52,104,132,79,105,47,3,134,146,31,21,15,8,50,86
130,114,109,125,35,112,107,80,29,43,23,38,76,69,8,139,53,7,58,75,4,1,64,21,27,84,89,92,99,33,48,10,12,6,111,119,149,82,51,98,115,60,140,34,77,108,17,145,19,56,137,62,120,147,44,66,68,117,88,18,0,2,45,14,101,65,36,54,132,87,70,91,83,96,72,32,110,81,25,127,5,59,20,46,40,71,103,102,39,116,22,113,9,135,138,42,28,52,61,97,24,148,57,142,122,95,124,118,73,136,30,67,94,90,26,78,123,100,106,13,141,16,144,129,131,63,128,37,55,93,85,126,121,11,49,143,104,41,79,105,47,3,134,146,31,133,15,74,50,86
130,114,109,30,93,112,125,80,142,43,96,38,131,69,8,139,53,134,149,75,77,1,64,21,27,115,89,35,99,33,48,10,12,6,111,119,118,82,23,98,146,60,140,34,113,143,92,145,19,56,137,62,120,147,51,66,68,117,88,18,0,2,45,14,101,65,36,54,132,107,70,91,87,7,72,32,44,144,25,127,5,59,20,128,40,71,103,102,39,116,22,4,9,135,138,42,28,52,61,97,24,148,57,110,122,84,29,58,73,136,83,67,94,90,26,78,123,100,106,13,141,16,76,129,81,63,17,37,55,41,85,126,121,11,49,46,104,124,79,105,47,3,95,108,31,133,15,74,50,86
130,114,109,30,93,112,90,53,51,121,36,38,120,75,8,80,144,134,149,10,77,1,64,21,56,115,89,35,99,33,48,15,12,6,41,107,118,82,23,98,146,60,81,34,131,143,92,145,19,57,137,62,43,140,16,66,68,117,88,18,0,111,45,14,101,65,67,54,132,69,70,91,87,7,72,32,44,27,25,119,5,59,20,128,40,24,103,102,39,116,22,4,9,135,138,42,28,52,61,113,96,148,139,110,71,84,29,58,73,136,83,125,94,127,26,78,123,100,106,13,141,97,76,129,147,63,17,37,55,122,85,126,142,11,49,46,104,124,79,2,47,3,95,108,31,133,105,74,50,86
130,87,109,30,9,112,90,64,147,121,36,38,120,75,114,80,144,134,149,10,77,110,49,21,56,115,89,16,99,33,48,15,12,6,41,107,118,82,23,98,146,60,81,34,131,143,5,145,19,55,137,101,79,140,126,66,68,117,32,18,104,0,45,102,43,65,1,35,132,69,70,91,57,7,59,8,44,27,25,119,67,72,20,128,40,24,58,92,39,116,22,4,62,111,138,42,28,52,61,113,96,148,139,103,71,84,29,53,73,136,83,125,94,127,26,78,123,100,106,13,141,97,76,129,14,63,17,51,135,122,85,93,142,11,37,46,54,124,88,2,47,3,95,108,31,133,105,74,50,86
130,87,109,30,36,47,90,64,147,37,93,98,107,75,114,80,144,134,71,10,77,110,117,21,56,115,89,16,99,33,48,128,12,6,41,46,118,82,23,83,143,85,81,146,131,15,5,145,19,55,137,101,79,9,121,66,68,140,32,18,104,0,61,102,43,65,1,35,132,119,70,91,57,7,59,8,44,27,25,34,67,72,20,60,40,24,58,92,49,116,22,4,62,111,138,42,28,52,39,113,96,148,139,103,120,84,29,53,73,136,135,125,94,127,26,78,123,100,126,13,69,97,76,129,14,105,45,51,17,122,38,141,142,11,149,54,63,124,88,2,112,3,95,108,31,133,106,74,50,86
130,87,109,115,128,66,36,64,147,37,93,98,107,75,85,81,144,134,71,10,77,110,117,21,56,32,89,16,73,68,48,114,80,6,41,46,118,69,23,83,44,11,53,146,131,15,5,145,19,55,137,101,126,9,121,127,17,140,122,18,90,0,61,102,43,65,1,35,132,119,70,91,57,7,59,8,30,27,25,79,67,72,20,60,40,24,58,47,49,116,22,4,99,111,138,42,28,52,39,113,96,136,139,103,148,84,29,34,104,33,135,125,94,12,26,78,123,100,14,13,120,97,76,129,74,105,45,51,82,143,38,141,142,62,149,92,63,124,88,2,112,3,95,108,31,133,106,54,50,86
36,87,129,70,43,66,47,64,147,37,93,98,53,111,57,132,144,134,71,10,77,110,117,21,56,32,89,16,73,81,85,114,80,6,12,46,118,69,23,90,44,11,42,146,131,15,5,145,104,55,137,101,126,9,121,127,17,140,122,18,48,125,61,102,41,65,1,35,78,119,26,91,130,7,59,8,30,88,25,79,67,72,20,60,40,24,58,14,49,116,22,4,99,128,27,38,28,52,39,113,96,136,68,103,148,84,29,34,75,33,135,112,94,139,83,109,123,115,138,13,120,97,76,0,74,105,45,51,82,143,100,141,142,62,149,92,63,124,107,2,19,3,95,108,31,133,106,54,50,86
36,87,129,70,43,66,47,32,147,37,93,98,53,76,8,132,144,134,131,42,22,63,117,21,56,57,89,16,111,124,85,114,80,6,12,123,81,77,110,90,44,11,104,97,71,15,67,145,64,55,137,101,146,9,121,127,17,140,122,18,48,125,61,102,41,65,1,35,78,119,26,91,84,7,59,113,30,88,25,79,138,72,20,60,40,24,58,14,49,27,126,4,99,128,69,38,28,52,39,23,96,136,46,68,148,118,29,103,75,33,135,112,94,139,83,109,133,115,130,13,120,73,34,0,74,105,45,51,82,143,100,141,142,62,149,92,5,10,107,2,19,3,95,108,31,116,106,54,50,86
9,87,129,70,68,45,82,32,147,37,93,98,53,76,8,132,144,134,19,42,22,116,117,21,56,69,66,16,111,124,119,114,80,6,103,102,81,77,110,90,44,11,104,97,71,15,67,3,64,55,137,101,145,92,121,127,17,140,122,78,18,125,61,135,41,65,1,48,88,106,26,91,84,7,59,113,30,85,25,79,138,72,123,60,40,24,58,14,49,27,126,4,99,128,96,38,28,52,39,0,12,136,46,89,148,118,29,146,75,33,57,112,94,139,83,109,133,115,130,13,120,73,34,31,74,105,20,51,35,143,100,141,142,62,149,131,5,10,107,2,36,95,23,108,63,47,43,54,50,86
9,87,129,145,68,45,82,32,31,147,93,136,53,49,8,132,134,18,19,42,22,1,25,21,56,98,66,16,122,124,119,114,80,6,103,26,81,125,46,90,44,11,104,97,71,15,67,111,64,55,137,101,69,77,121,127,17,140,76,144,52,96,61,0,41,65,88,48,135,106,78,91,84,7,59,86,30,85,35,79,70,72,123,60,40,24,58,14,37,27,126,4,99,128,3,38,28,36,39,117,12,92,110,89,148,118,29,146,75,33,57,112,94,139,83,109,133,115,130,13,120,73,34,116,74,105,20,51,102,143,100,141,142,62,149,131,5,10,107,2,113,95,23,108,63,47,43,54,50,138
28,87,129,145,68,45,82,32,31,147,93,136,53,49,8,132,134,18,19,42,22,1,25,21,56,98,117,50,122,124,119,114,14,6,103,26,81,37,46,90,44,11,4,97,55,15,67,111,64,104,99,101,69,109,121,148,33,115,76,144,52,96,61,0,41,65,88,48,135,80,78,91,84,130,59,86,30,85,35,79,70,72,123,60,40,24,58,137,7,17,126,5,105,128,100,38,71,36,39,127,12,92,110,89,77,118,29,146,75,9,20,112,94,66,83,106,133,57,47,13,120,139,34,116,74,125,143,51,102,27,3,141,142,62,149,131,140,10,107,2,113,95,23,108,63,73,43,54,16,138
26,87,0,145,68,78,82,32,31,147,30,49,17,25,8,132,134,18,19,42,22,1,133,21,56,98,117,124,122,45,119,114,14,6,103,28,81,37,50,90,44,93,4,95,55,15,142,111,64,104,99,53,69,109,121,148,33,115,76,144,52,96,61,35,41,65,136,67,135,80,66,91,84,130,72,86,88,85,129,79,70,2,123,3,40,24,58,137,7,16,126,5,105,128,100,38,71,12,39,127,59,92,110,89,77,48,29,146,75,9,20,112,94,118,83,120,106,57,47,13,11,139,34,116,74,125,143,51,102,27,46,141,36,62,149,131,140,10,107,101,113,97,23,108,63,73,43,54,60,138
26,87,121,145,129,78,27,32,31,147,30,111,17,25,66,132,134,18,19,42,22,1,118,21,56,98,117,124,122,45,119,114,144,6,103,28,81,37,50,90,44,93,4,95,55,15,142,82,133,104,99,53,69,8,89,148,33,115,76,62,112,96,149,137,70,65,136,67,143,80,125,91,84,130,72,86,88,85,100,79,24,2,123,128,40,92,58,71,7,16,126,5,105,109,10,38,135,12,39,127,59,68,110,41,77,48,29,146,75,9,20,61,94,0,83,120,106,57,47,13,11,139,34,116,74,14,35,51,102,52,46,141,131,49,64,3,140,36,107,101,113,97,23,108,63,73,43,54,60,138
45,87,121,8,129,78,27,149,31,147,30,19,17,29,66,132,26,18,82,42,22,146,118,21,1,98,117,124,122,80,119,114,144,113,103,28,81,37,50,90,44,93,4,94,55,15,142,52,133,104,99,53,69,134,89,148,33,115,76,62,112,96,13,137,95,65,136,67,143,139,125,91,84,130,72,86,88,85,100,79,24,2,123,128,40,107,58,71,7,111,126,5,74,64,10,38,135,12,39,127,32,68,92,41,77,48,59,83,75,9,20,61,140,0,105,120,106,57,47,16,11,63,34,116,110,14,35,51,102,138,46,141,131,49,145,3,70,36,109,101,6,97,23,108,25,73,43,54,56,60
125,87,121,8,129,78,27,149,31,147,30,19,17,29,66,88,136,18,82,42,101,146,118,21,1,98,132,124,120,80,119,114,63,26,64,74,81,37,50,90,44,93,4,94,55,15,142,52,133,104,99,11,69,134,89,14,33,115,76,62,112,96,13,137,95,65,92,67,122,139,23,100,84,130,54,86,60,85,9,79,71,2,123,128,40,107,58,45,7,111,126,53,6,103,10,38,135,12,39,127,32,68,91,41,77,48,59,148,144,5,20,61,140,0,105,22,106,83,47,16,113,75,34,116,110,57,35,51,102,138,46,141,131,49,145,3,70,36,109,117,24,97,28,108,25,73,43,143,56,72
79,131,108,8,129,78,27,149,31,147,30,19,17,85,69,88,136,18,82,42,101,6,118,22,1,98,132,124,54,80,119,25,120,63,64,74,65,37,121,90,44,93,125,94,55,15,142,86,133,104,99,11,146,52,89,14,33,115,71,4,112,96,13,137,95,114,92,50,122,139,23,100,84,130,21,35,60,138,9,134,123,2,76,66,40,107,58,45,7,111,126,53,128,103,10,38,135,12,39,127,32,68,91,41,77,48,59,102,144,5,20,61,140,0,105,81,106,83,47,29,113,75,34,116,110,57,67,51,16,87,46,141,26,49,145,3,70,36,109,117,24,97,28,62,148,73,43,143,56,72
79,131,108,8,82,78,27,149,146,98,84,19,17,85,69,142,136,117,100,42,101,6,118,30,1,57,132,124,105,143,119,25,120,147,64,74,65,73,91,90,44,93,125,94,55,15,31,86,121,104,99,88,37,52,89,14,24,54,71,4,112,96,13,137,63,114,92,50,122,139,23,32,20,130,21,35,60,138,9,134,123,2,76,66,40,107,58,45,7,111,126,53,128,103,10,38,135,12,39,127,129,68,16,41,77,33,59,102,144,5,95,61,80,0,140,81,106,83,47,22,113,75,11,116,110,115,67,51,18,48,46,141,26,49,145,3,70,36,109,34,87,97,28,62,148,133,43,29,56,72
79,107,67,35,26,78,27,149,8,98,84,19,17,85,74,142,100,0,130,11,141,94,118,30,1,20,23,124,105,143,119,25,120,147,64,45,65,73,91,90,44,93,125,101,55,15,31,86,121,104,99,88,37,52,89,14,24,54,108,4,112,96,13,137,63,116,92,50,114,139,57,32,136,3,21,9,60,138,6,134,82,2,76,66,40,75,58,71,7,111,126,53,128,103,10,38,135,12,39,127,129,68,16,41,77,33,59,102,144,5,95,61,80,146,140,81,106,83,47,22,113,69,131,122,110,115,123,51,18,48,46,70,117,49,145,87,132,36,109,34,62,97,28,42,148,133,43,29,56,72
79,30,146,35,26,78,12,149,8,98,84,19,17,71,124,18,100,0,130,11,141,94,118,83,1,20,23,138,105,143,119,25,125,147,64,45,65,73,91,117,44,68,148,101,102,15,31,43,48,104,99,88,97,52,89,14,24,54,108,4,112,96,27,137,63,37,92,74,114,139,57,32,136,3,21,9,60,36,6,134,82,2,76,66,40,75,58,87,7,111,126,86,128,103,10,38,85,116,39,127,129,90,16,41,77,33,53,107,144,5,95,61,80,59,140,81,106,93,47,13,113,69,131,122,110,115,123,51,50,121,46,70,135,49,145,142,132,67,109,34,62,120,28,42,55,133,22,29,56,72
79,70,146,35,26,69,12,149,137,98,84,19,17,71,30,51,100,0,127,11,141,94,118,83,1,20,28,8,105,143,32,119,125,124,64,14,65,138,91,117,44,126,148,101,102,15,31,43,48,104,99,88,97,7,89,63,24,54,108,4,112,96,27,2,68,37,92,74,114,139,57,73,136,3,21,9,60,128,6,72,82,113,76,130,40,75,58,45,36,111,145,86,25,103,10,38,116,134,39,52,129,90,16,41,77,33,53,107,144,5,95,61,80,59,140,81,106,147,47,13,93,18,131,122,110,115,123,66,50,121,46,85,135,49,87,142,132,67,109,34,62,120,78,42,55,133,22,29,56,23
79,10,146,35,9,69,12,149,133,98,34,19,17,71,30,51,100,0,127,27,141,20,118,83,1,50,28,99,105,143,32,119,125,124,64,14,65,138,91,117,48,126,148,101,102,15,31,43,33,104,37,88,97,7,120,63,24,54,108,16,4,96,94,109,68,26,92,58,114,139,57,73,136,3,40,46,128,11,6,44,82,113,76,130,111,75,60,45,36,2,145,86,25,103,112,38,116,134,39,52,129,90,47,41,77,8,53,107,144,5,95,61,80,59,140,81,106,147,18,13,93,21,131,122,110,115,123,66,70,121,89,85,135,49,72,142,132,67,137,84,62,87,78,42,55,74,22,29,56,23
79,10,146,35,111,69,56,55,133,98,34,19,17,71,63,51,100,86,127,27,141,45,118,136,1,50,28,99,105,143,32,119,30,124,64,14,65,138,91,117,22,126,148,101,102,147,31,43,33,104,4,88,97,78,120,9,24,54,108,16,84,96,94,109,68,26,92,58,114,139,57,83,46,3,40,12,128,11,6,44,82,113,122,130,76,75,13,149,36,2,145,60,25,103,112,38,116,134,39,52,129,90,73,41,77,8,142,107,144,5,95,7,80,59,140,81,106,85,18,15,93,21,131,74,110,115,123,66,70,121,89,47,37,49,72,135,132,67,137,48,62,87,61,125,20,42,53,29,0,23
79,111,146,35,98,69,56,106,80,48,34,19,17,71,63,93,100,86,127,27,141,45,118,44,1,50,28,99,36,143,51,119,30,124,64,14,65,110,105,117,22,126,148,101,102,147,31,43,33,104,4,88,97,78,62,9,24,54,108,16,84,96,94,109,68,26,92,58,114,87,57,83,46,3,6,12,89,11,40,115,82,113,122,130,76,75,13,149,67,2,145,136,25,103,112,38,116,134,61,128,129,90,73,41,77,8,142,107,144,5,95,7,72,59,140,81,55,85,60,120,23,21,131,74,70,10,123,66,15,121,39,47,37,32,138,135,132,139,137,18,133,52,49,125,20,42,53,29,0,91
79,50,71,35,41,69,56,106,80,5,85,19,17,123,23,93,100,86,127,27,141,45,118,34,1,18,28,99,36,143,51,119,94,70,64,14,146,110,105,117,22,126,148,112,140,147,31,43,33,104,4,88,97,78,62,9,24,54,108,16,84,102,124,109,68,26,92,58,114,63,44,3,46,138,6,103,89,11,40,115,82,113,122,130,76,75,13,149,67,2,145,136,25,96,57,139,116,134,61,128,129,90,73,101,77,8,142,107,144,48,95,7,72,59,20,81,55,98,132,120,125,21,131,74,87,10,38,66,15,121,39,47,37,32,30,135,60,65,137,111,133,52,49,83,12,42,53,29,0,91
25,65,71,109,41,69,56,43,80,5,24,19,17,123,84,93,100,86,127,27,141,45,118,34,1,18,28,83,107,53,51,119,94,70,64,14,146,0,105,117,22,15,148,112,140,147,31,110,33,104,4,88,97,78,62,9,81,54,23,16,2,8,124,79,85,35,68,58,114,63,44,3,46,138,61,103,89,11,40,26,82,113,122,130,76,50,13,149,67,126,145,136,75,96,6,139,116,134,128,36,129,90,73,101,77,143,142,57,144,48,95,7,72,59,20,111,55,98,132,120,125,21,92,74,87,10,38,66,102,121,39,47,37,32,30,135,60,108,137,106,133,52,49,99,12,42,115,29,131,91
25,107,71,109,27,69,56,43,80,5,24,19,17,123,84,93,61,86,127,132,141,45,118,34,1,18,102,40,95,53,79,119,94,70,64,139,85,0,105,41,22,15,148,112,140,115,31,110,33,104,4,88,97,78,62,28,81,54,23,16,2,8,83,146,134,100,68,13,147,63,44,3,46,138,131,103,89,14,114,26,82,113,122,130,76,50,47,149,67,126,145,136,75,96,6,9,116,117,65,36,51,90,73,101,58,143,142,57,144,48,21,7,39,59,20,111,55,129,11,120,125,77,92,74,87,10,38,66,72,121,128,35,37,32,30,135,60,108,137,106,133,52,49,99,12,42,124,29,98,91
25,107,71,109,27,69,56,43,80,5,32,19,17,82,50,93,61,86,127,132,112,49,118,108,1,18,102,40,95,53,79,119,94,70,64,139,59,0,34,41,22,15,148,66,140,115,31,48,10,104,4,88,97,78,62,28,81,54,23,16,2,8,83,146,134,123,68,13,147,37,111,3,52,138,131,14,89,126,114,26,141,113,122,130,76,103,47,149,67,33,145,136,75,46,6,9,116,117,65,36,51,90,73,101,58,143,142,57,144,129,21,7,39,85,20,44,55,38,11,105,125,45,92,74,87,100,120,63,72,121,128,84,30,24,96,135,60,91,137,106,133,77,110,99,12,42,124,29,98,35
25,107,71,109,27,69,1,43,105,133,15,19,17,82,50,93,61,86,127,70,39,26,118,108,32,18,102,40,149,53,79,42,94,20,64,139,59,37,34,7,103,8,148,66,140,115,31,48,10,104,4,88,41,78,62,74,81,54,23,119,2,49,83,146,134,123,68,16,147,0,111,3,52,138,131,14,89,126,114,36,141,113,122,130,76,112,47,97,67,33,145,136,75,46,6,9,116,117,65,84,51,90,73,101,58,143,142,57,144,129,21,95,99,85,22,28,44,38,11,80,125,45,92,124,87,100,120,63,72,121,128,56,30,24,96,135,60,91,132,106,13,77,110,137,12,55,5,29,98,35
25,107,71,29,27,69,1,39,105,133,15,19,17,6,50,93,61,86,127,70,120,26,128,68,32,18,149,40,103,53,79,42,94,20,64,139,102,37,34,7,43,8,118,66,140,115,106,48,10,104,4,88,52,78,148,74,81,54,23,59,2,49,146,108,134,123,75,16,147,0,41,3,132,138,131,14,89,126,114,36,141,113,122,130,76,65,47,97,119,33,145,129,83,121,82,67,116,117,51,84,62,90,73,101,58,143,142,57,144,109,21,31,99,85,22,28,44,38,11,80,125,45,92,124,87,100,46,63,72,111,112,9,30,24,96,135,60,91,56,95,13,77,110,137,12,55,5,136,98,35
25,107,86,29,27,69,1,39,11,133,136,19,17,6,50,93,61,105,127,70,120,26,128,68,32,18,149,40,103,53,79,42,94,20,75,139,102,37,34,7,43,8,113,66,140,115,89,88,10,78,4,15,52,71,148,74,81,54,23,59,2,49,146,64,134,123,135,46,147,0,41,3,132,138,131,14,87,106,114,22,141,98,122,130,76,65,118,97,119,92,145,129,83,121,82,67,116,117,51,84,62,90,73,60,58,33,142,57,144,109,21,31,99,85,125,28,44,36,13,5,108,45,38,124,16,100,80,104,72,111,112,9,30,24,96,48,126,91,56,95,12,77,110,137,143,55,101,47,63,35
64,107,86,117,27,47,1,39,114,133,136,19,17,22,50,93,61,105,127,70,120,26,87,68,32,18,149,0,103,53,79,42,94,20,65,139,102,29,34,7,43,8,113,66,63,115,89,88,10,78,4,37,12,71,148,74,81,54,23,59,44,49,146,25,134,40,135,46,147,84,41,3,132,138,131,14,75,48,80,106,141,123,122,130,76,128,118,97,119,92,145,98,83,121,82,67,116,62,111,90,15,140,73,60,58,33,142,51,144,109,21,31,99,77,125,28,11,36,13,5,108,45,38,124,16,100,85,104,72,6,112,9,30,24,96,129,126,91,56,95,57,52,110,137,143,55,101,69,2,35
64,127,86,117,27,26,113,39,107,133,136,19,104,145,50,93,61,72,135,70,120,105,87,68,32,18,89,0,103,53,79,69,94,20,59,139,102,29,34,56,43,8,66,22,63,125,65,88,10,17,4,37,12,71,148,51,81,54,23,21,44,49,146,25,134,40,78,46,147,84,41,3,98,138,131,14,42,1,80,106,141,123,122,130,76,128,118,97,119,92,100,73,83,121,82,67,116,62,111,90,15,140,114,132,58,33,142,7,144,109,75,31,99,77,48,28,11,36,13,5,108,45,38,124,16,149,85,60,101,6,112,9,30,24,96,129,126,91,47,95,57,52,110,137,143,55,74,35,2,115
64,127,86,117,71,26,113,39,107,133,106,19,104,141,50,93,61,72,135,70,120,105,73,110,32,18,89,80,103,53,79,69,136,20,139,115,102,29,34,56,43,8,66,22,63,125,65,94,10,48,4,37,12,46,148,51,81,101,23,21,52,49,146,25,134,40,78,42,118,2,41,3,98,138,28,68,84,1,17,130,0,44,122,143,76,128,27,97,119,92,100,77,83,121,82,67,147,62,111,90,15,140,114,132,58,33,142,7,144,109,75,31,99,87,59,126,11,36,13,5,108,45,38,124,16,149,85,60,54,6,112,9,30,24,96,129,116,91,47,95,57,145,123,137,14,55,74,35,88,131
64,127,130,56,71,26,113,39,107,42,106,19,104,141,12,93,61,72,135,70,120,105,34,110,67,18,89,80,103,53,148,69,136,143,139,115,102,29,36,57,43,8,66,38,17,125,65,94,10,16,4,37,95,133,32,14,22,101,23,21,52,99,146,25,134,40,78,63,118,2,41,3,98,138,28,68,84,1,117,81,0,44,122,51,76,128,27,97,119,92,100,77,83,45,82,20,147,62,111,90,15,140,54,132,58,33,142,7,144,109,75,31,49,46,59,126,11,73,13,5,108,86,121,124,91,149,85,60,87,6,114,9,30,24,96,129,116,50,47,112,79,145,123,137,48,55,74,35,88,131
64,127,130,147,71,26,113,30,107,42,106,12,104,141,65,93,61,86,139,70,120,105,34,110,67,18,108,80,103,53,11,69,136,143,95,115,102,29,74,57,43,8,66,89,17,125,58,94,10,16,4,37,135,56,32,14,28,72,23,36,52,121,146,25,134,40,78,63,118,101,41,3,98,138,33,68,38,1,117,81,2,44,122,51,76,128,27,97,83,92,145,77,21,45,82,20,47,62,111,22,15,140,54,132,100,0,142,7,144,39,75,31,49,46,59,126,90,73,13,5,19,99,148,124,91,149,85,60,87,6,114,9,119,24,96,129,116,50,133,112,79,109,123,137,48,55,84,35,88,131
52,127,130,147,71,26,113,110,107,42,28,12,104,141,65,93,61,64,139,70,29,105,106,34,67,77,108,80,103,53,140,69,136,143,95,115,8,109,74,57,43,125,66,89,17,72,58,94,10,16,4,30,135,56,32,14,21,121,23,36,86,116,146,25,134,40,2,63,118,101,41,3,98,138,33,68,38,1,79,81,20,44,82,51,76,128,27,97,18,92,145,112,62,45,54,117,47,144,111,22,15,122,50,132,100,0,142,7,46,39,75,31,49,11,59,126,83,73,13,5,19,99,148,124,91,149,85,60,87,6,114,9,119,24,96,129,102,120,133,37,90,78,123,137,48,55,84,35,88,131
52,127,130,147,71,38,113,110,107,5,28,12,104,141,37,93,61,109,139,70,29,105,106,34,67,77,108,100,103,95,13,69,136,143,129,115,74,55,66,57,43,125,16,17,54,72,58,94,10,39,4,30,26,56,32,14,21,121,23,36,86,116,146,25,134,8,2,63,118,101,41,3,98,138,33,68,1,42,79,81,20,44,82,122,76,128,27,97,18,92,46,112,62,45,24,117,47,144,111,22,15,124,135,132,140,0,142,7,65,60,75,31,49,11,59,126,83,73,88,53,19,99,148,51,91,149,85,6,87,40,114,9,119,80,96,123,102,120,133,145,90,78,89,137,48,50,84,35,64,131
52,127,130,147,135,38,113,110,107,5,25,12,104,10,37,93,61,80,139,70,29,105,106,34,67,77,108,100,103,95,62,69,136,143,41,91,74,55,66,57,43,125,16,17,54,72,58,94,18,39,4,30,26,56,129,14,21,121,23,36,86,116,146,73,134,8,2,63,79,101,32,3,98,138,33,68,122,42,118,140,20,44,82,71,144,128,27,97,141,92,109,112,13,45,24,117,47,65,111,22,15,124,89,132,148,0,142,7,6,60,75,31,49,11,59,46,83,48,88,53,19,99,123,51,115,76,85,126,87,40,114,9,119,137,96,131,102,1,133,149,90,78,81,120,145,50,84,35,64,28
31,127,130,147,135,38,113,110,72,124,25,12,104,10,37,142,61,80,139,63,29,105,106,34,67,112,108,100,103,81,62,143,136,5,41,91,74,55,42,57,43,125,16,17,54,50,58,94,18,39,4,30,26,56,129,14,21,121,144,36,86,116,146,131,134,8,2,27,79,101,73,93,92,138,33,68,122,23,118,3,95,44,82,59,107,83,87,97,141,32,109,98,13,45,24,117,47,15,20,22,69,140,89,132,148,0,77,7,6,60,75,111,49,11,128,46,52,48,88,53,19,99,123,51,115,76,85,126,65,40,114,9,119,137,96,70,102,1,133,149,90,78,71,120,145,66,84,35,64,28
31,127,78,147,135,38,47,83,122,124,25,113,120,27,149,142,61,80,21,63,93,105,106,34,67,112,108,100,130,81,62,143,136,5,41,91,74,110,42,57,43,85,16,17,54,19,58,94,18,39,4,30,26,29,129,14,139,121,144,36,86,116,146,131,134,8,2,50,79,101,73,56,92,125,33,68,84,23,118,3,95,72,82,59,107,103,87,97,141,32,109,98,13,45,24,117,20,15,40,22,69,140,12,132,148,0,77,7,6,60,99,111,49,11,128,46,52,48,88,53,55,44,123,51,37,76,138,126,65,90,114,9,119,137,96,70,104,1,133,10,102,28,71,89,145,66,115,35,64,75
31,127,78,147,135,38,49,83,122,124,25,113,120,27,149,142,61,105,21,63,16,97,106,34,67,112,40,100,130,81,62,51,136,5,58,91,74,110,42,57,43,53,47,17,54,19,39,143,18,14,4,30,2,56,129,93,139,121,12,36,86,116,94,131,134,15,73,50,115,101,80,144,92,125,33,68,84,23,118,3,95,60,146,59,107,103,87,72,141,32,109,98,13,45,24,117,20,108,29,22,69,140,7,132,148,0,79,41,77,9,99,111,82,11,128,46,52,48,88,26,55,44,123,8,37,76,138,126,65,90,85,114,119,137,96,70,104,1,133,10,102,28,71,89,145,66,6,35,64,75
17,72,78,147,135,48,49,83,16,124,21,146,120,27,149,142,61,105,90,63,122,97,106,34,55,112,40,100,130,81,62,51,136,5,58,91,74,110,38,77,43,53,47,133,54,19,39,143,18,14,4,30,36,56,129,93,139,121,12,84,86,116,2,131,134,15,73,50,57,94,80,144,31,125,33,68,127,23,1,3,95,60,114,59,107,103,24,88,141,98,109,87,13,45,25,117,20,70,29,22,69,140,7,132,148,0,79,41,101,32,99,111,82,11,128,46,52,115,42,26,67,44,123,8,37,76,138,126,65,9,85,89,119,137,96,113,104,108,118,10,102,28,71,92,145,66,6,35,64,75
65,72,130,147,135,26,49,124,16,149,21,146,23,27,118,142,61,105,90,63,122,97,106,34,55,112,40,100,30,81,62,25,136,78,108,93,74,110,38,77,43,53,47,36,54,102,39,143,86,20,4,71,83,56,129,18,139,121,12,84,133,116,2,131,134,15,73,50,57,94,51,144,31,125,33,68,80,24,1,3,95,60,114,59,107,103,127,88,141,98,109,87,13,45,91,117,5,70,29,22,69,58,7,132,148,0,8,41,101,32,99,111,82,11,128,46,52,115,42,48,67,44,123,145,37,140,138,126,17,9,120,89,119,137,96,113,104,85,19,10,14,28,76,92,79,66,6,35,64,75
65,72,130,147,135,26,35,124,16,90,52,146,23,27,118,21,61,105,3,63,122,97,94,34,55,112,66,100,30,44,62,25,139,24,108,93,138,110,38,134,43,53,47,36,54,102,39,143,86,20,115,71,83,56,129,18,69,121,12,84,133,142,2,131,73,15,144,49,57,148,51,78,31,125,33,68,80,77,106,67,95,60,114,59,107,103,127,116,141,98,109,87,13,45,14,117,5,70,29,22,74,58,149,132,1,0,8,41,101,32,99,111,82,11,128,46,91,40,42,48,4,136,123,145,37,88,50,126,17,9,120,7,119,137,96,113,104,85,19,10,89,28,76,92,79,81,6,140,64,75
65,72,130,147,7,26,86,71,16,90,52,146,23,27,118,21,61,114,3,74,122,97,94,36,55,144,66,100,30,44,62,25,139,24,108,93,138,110,38,134,119,79,47,35,70,105,133,143,117,20,115,135,40,56,129,112,39,121,12,84,123,142,2,131,73,15,85,49,57,4,51,78,43,125,33,68,80,77,106,67,95,60,53,59,107,103,127,116,141,98,109,87,13,45,14,31,5,75,29,22,18,58,149,83,1,0,8,41,101,32,99,111,82,11,128,46,34,54,102,48,124,136,148,145,37,88,50,91,17,9,120,69,126,137,96,113,104,42,19,10,89,28,76,92,63,81,6,140,64,132
65,72,130,147,7,139,86,71,26,90,52,146,23,27,118,21,61,114,9,116,122,97,44,36,55,141,66,14,30,113,62,25,133,24,108,93,29,110,38,134,119,79,47,35,70,105,99,143,117,20,115,138,40,2,129,112,39,121,107,3,123,142,144,92,12,111,85,49,57,4,51,78,94,32,33,68,80,77,106,67,131,60,53,59,125,103,127,74,43,98,109,87,13,45,56,145,5,75,100,22,18,58,89,83,1,0,8,41,101,31,149,16,82,11,128,46,34,54,102,48,124,136,148,73,37,88,50,91,17,84,135,69,126,137,96,15,104,42,19,10,120,28,76,95,63,81,6,140,64,132
65,72,130,147,7,139,86,71,26,127,52,146,23,27,118,21,61,114,9,116,122,97,33,106,76,141,66,14,30,113,62,25,133,24,54,93,136,110,112,134,119,79,94,35,70,41,47,143,117,3,115,138,40,2,129,55,39,121,107,28,123,142,144,92,50,111,85,49,57,99,51,78,108,32,149,68,80,36,96,67,131,60,90,59,125,103,38,74,43,37,109,87,13,45,56,145,5,75,100,22,18,58,89,83,1,0,8,124,101,31,91,16,82,11,128,77,12,73,102,48,98,4,148,34,126,88,53,46,17,29,135,69,84,137,20,15,104,42,19,10,120,44,105,95,63,81,6,140,64,132
65,72,130,147,7,98,116,71,101,127,83,146,23,53,118,134,61,16,9,29,122,97,33,106,76,141,66,14,30,113,62,25,133,24,125,93,114,21,74,99,119,79,94,35,70,41,84,143,117,3,115,138,40,2,129,55,39,128,107,28,123,142,144,92,50,111,85,4,57,1,51,10,108,32,149,68,80,36,96,67,131,60,90,59,52,121,112,26,49,37,109,87,13,45,56,145,5,75,100,22,18,58,89,54,78,0,8,124,136,31,91,86,82,11,139,77,12,27,102,48,43,47,148,34,126,88,64,46,17,73,135,69,95,137,20,15,104,42,19,103,120,110,105,38,63,81,6,140,44,132
122,72,130,147,76,98,116,71,101,127,83,146,113,53,118,134,61,16,9,29,20,97,33,106,92,6,103,14,30,141,62,25,133,37,125,93,114,21,74,99,119,132,137,35,70,41,84,143,117,3,115,12,22,2,129,23,39,128,107,28,123,142,144,88,50,111,66,4,57,1,51,10,108,32,149,68,19,36,96,67,131,60,90,59,52,121,112,26,27,69,109,87,13,45,56,145,5,75,100,80,91,58,89,54,15,0,8,124,136,31,47,86,82,11,139,77,110,49,102,48,43,65,148,34,126,40,64,46,17,73,135,18,95,85,79,7,104,42,78,94,24,120,105,38,55,81,138,140,44,63
122,72,130,131,76,98,116,71,44,127,83,146,113,123,118,134,61,16,139,79,69,97,33,106,92,6,103,14,20,141,101,25,133,37,26,93,78,21,74,99,119,132,137,35,70,41,43,143,117,3,115,12,73,2,31,23,39,128,107,28,147,142,144,88,50,111,66,4,57,1,96,125,108,32,100,68,19,36,10,67,84,60,90,59,52,29,112,49,27,22,109,87,13,45,56,145,5,75,53,80,91,58,89,54,15,9,8,124,136,77,121,86,82,11,46,51,110,18,102,48,149,65,148,34,126,40,64,30,17,55,135,114,95,47,129,7,104,42,62,94,24,120,105,38,85,81,138,140,0,63
4,72,130,131,76,98,116,71,85,127,83,91,113,123,118,146,66,16,139,44,69,97,33,106,92,6,103,14,20,141,101,25,133,37,26,93,32,21,74,99,119,132,137,102,70,41,13,143,117,104,59,12,73,2,31,23,39,128,10,79,147,142,144,88,94,111,140,40,57,1,96,125,50,121,100,68,19,36,35,67,84,60,90,78,52,29,112,48,27,22,109,115,107,45,56,145,5,75,53,80,54,58,89,64,15,9,8,124,136,77,87,86,82,11,46,51,110,18,126,61,149,65,122,34,134,148,62,30,17,55,135,114,95,47,108,7,43,42,28,49,24,120,105,38,129,81,138,3,0,63
117,72,47,131,76,68,116,93,85,127,71,91,113,7,118,146,66,16,139,44,69,97,33,106,92,83,103,14,6,141,55,25,133,37,26,123,32,21,74,99,119,128,137,63,70,41,13,143,109,107,59,12,73,100,142,23,39,4,10,79,31,30,144,88,94,111,140,40,57,1,96,125,50,121,2,49,19,36,35,67,135,60,90,53,52,29,112,48,27,22,0,115,84,45,56,145,5,75,132,80,54,58,89,65,15,9,130,124,136,77,87,86,82,11,46,51,110,18,126,61,149,64,122,34,134,148,102,104,17,62,147,114,95,8,108,78,43,42,28,101,24,120,105,38,129,81,138,3,98,20
28,72,135,131,76,33,116,93,85,127,71,91,113,7,118,146,66,126,139,143,69,68,44,106,92,83,103,14,95,141,55,25,133,100,26,123,32,21,74,37,119,128,137,0,70,41,13,42,109,107,59,82,73,23,142,31,39,4,10,99,129,30,144,88,122,111,140,40,57,1,96,79,50,121,2,49,19,36,35,67,16,38,90,53,52,29,112,48,94,22,24,115,60,54,56,145,5,75,132,80,101,58,89,65,15,9,130,117,136,77,87,86,27,11,46,51,110,18,47,61,149,64,97,34,134,148,102,6,17,62,147,114,84,8,108,78,43,125,104,12,124,120,105,45,63,81,138,3,98,20
130,72,80,53,76,33,136,93,85,117,71,83,113,7,46,146,66,126,139,143,69,68,44,106,92,8,103,21,95,141,55,25,133,100,26,123,32,14,74,70,119,128,108,0,15,41,13,42,109,145,59,82,73,23,142,31,39,4,10,99,129,61,6,88,122,111,140,40,57,1,96,79,50,121,2,49,19,36,58,67,16,38,90,52,107,29,112,48,105,22,24,115,60,54,56,75,5,116,132,127,101,94,89,65,98,9,131,28,144,77,87,86,27,11,135,51,91,18,47,62,149,64,97,34,134,148,102,118,17,138,147,114,84,137,110,78,43,125,104,12,124,120,30,45,63,81,35,3,37,20
130,72,80,53,30,33,39,93,85,117,71,83,113,131,46,146,66,61,106,143,69,68,44,122,92,8,103,134,114,121,55,25,133,100,26,111,32,24,74,70,119,136,108,0,15,41,13,42,21,145,59,82,73,23,142,31,14,4,10,99,129,77,6,88,120,115,140,40,57,128,96,79,123,95,2,139,19,36,58,67,107,38,29,52,49,54,112,48,105,22,1,90,60,76,56,138,5,116,132,127,101,50,89,65,98,9,126,28,144,75,87,86,27,11,135,51,91,18,47,62,149,64,97,34,109,148,102,118,17,16,147,94,84,137,110,78,43,125,104,12,124,37,141,45,63,81,35,3,7,20
130,0,96,53,30,33,39,93,85,74,71,83,113,131,46,146,66,61,106,143,69,148,8,122,125,38,103,134,114,121,55,56,133,100,26,24,32,92,135,70,119,136,108,107,15,41,13,42,21,145,59,144,73,23,142,31,14,4,10,99,129,77,6,88,120,40,140,139,57,128,34,79,123,95,2,25,28,36,37,67,115,47,29,52,49,54,112,48,105,22,1,90,68,76,117,138,44,116,9,127,101,50,89,80,98,18,126,11,82,75,87,86,27,65,12,51,91,58,72,62,149,64,97,19,109,132,102,118,17,16,147,94,84,137,110,78,43,111,104,60,124,5,141,45,63,81,35,3,7,20
130,0,96,53,30,33,39,27,85,74,71,67,83,131,46,146,79,61,106,68,72,148,8,122,125,38,13,134,124,103,55,56,133,100,26,24,37,92,25,70,119,136,28,107,15,49,65,42,34,145,59,144,73,23,142,31,14,4,10,99,129,77,6,88,120,40,93,139,57,128,135,66,123,95,78,48,97,36,118,110,69,47,29,52,108,54,112,32,105,22,1,90,114,76,117,138,44,116,9,127,101,50,89,80,98,18,126,11,82,75,87,86,113,111,143,51,91,58,12,62,149,64,140,19,109,132,102,115,2,16,147,94,84,137,121,21,43,41,104,60,17,5,141,45,63,81,35,3,7,20
78,0,96,53,10,57,39,27,130,144,71,67,83,87,46,146,79,61,84,68,72,117,8,131,22,38,13,134,124,103,55,56,133,100,26,24,37,92,25,70,125,136,28,6,15,49,65,113,34,145,59,138,73,23,142,31,14,4,33,99,129,122,110,88,120,40,93,139,106,128,32,66,123,95,12,48,97,36,118,85,69,47,29,52,119,54,112,58,105,45,1,90,114,76,16,51,44,116,9,127,101,50,89,80,98,18,126,11,82,75,77,86,17,135,143,107,91,30,60,62,149,64,140,19,109,132,102,115,2,42,147,94,148,137,121,21,43,41,104,20,111,5,141,108,63,81,35,3,7,74
58,0,96,53,34,57,39,29,134,144,71,137,37,87,46,146,79,61,84,68,72,117,8,131,22,132,13,112,124,38,55,119,133,16,26,24,78,92,25,70,125,136,28,6,100,44,65,113,35,145,59,138,73,23,142,31,14,141,33,99,129,122,110,88,120,40,93,139,106,128,32,15,123,95,12,48,97,36,118,85,69,47,18,83,140,54,114,130,105,45,1,90,50,76,89,51,49,116,9,127,66,27,52,80,98,101,19,11,82,75,77,86,17,135,143,107,91,30,60,62,149,64,10,56,109,103,102,115,2,4,67,94,148,147,121,21,43,41,104,20,111,5,42,108,63,81,126,3,7,74
58,0,96,53,34,57,39,141,134,144,71,137,37,87,46,146,79,61,62,68,72,117,8,131,22,132,13,80,124,38,55,119,133,16,26,104,78,60,25,70,120,136,14,6,100,44,65,113,94,122,29,125,4,23,142,31,92,73,33,99,129,77,110,88,64,40,93,24,148,95,32,15,123,67,12,48,97,36,47,85,69,135,18,83,140,54,114,130,105,45,1,90,145,76,89,51,49,116,9,127,66,27,52,138,98,101,19,11,82,75,42,86,112,118,143,107,91,30,59,102,149,28,10,56,109,128,50,115,2,139,106,84,103,147,121,21,43,41,35,20,111,5,17,108,63,81,126,3,7,74
21,0,96,35,34,70,54,141,134,147,71,137,37,87,46,146,53,6,62,68,144,117,104,131,22,128,13,80,124,38,55,119,133,115,26,90,78,60,25,122,120,136,14,58,100,44,142,113,94,39,29,57,4,49,77,31,92,73,33,99,129,51,110,88,64,40,93,24,148,95,32,15,61,67,12,48,97,36,47,85,69,135,18,83,140,132,114,130,105,45,65,123,145,76,89,1,19,116,8,127,125,27,52,138,98,101,11,143,82,75,42,86,112,118,9,107,91,30,59,102,149,72,10,56,109,66,50,16,2,139,106,84,103,5,121,28,43,41,79,20,111,23,17,108,63,81,126,3,7,74
11,0,96,35,34,70,118,141,134,147,93,137,37,87,12,123,127,6,62,98,144,68,104,131,22,128,13,18,124,38,80,119,133,115,26,42,78,60,25,122,109,136,40,52,100,44,142,113,94,39,29,57,120,49,53,31,92,73,33,99,129,51,110,88,64,15,55,24,148,95,32,14,61,67,23,48,97,36,47,85,69,135,117,83,140,132,114,130,105,45,65,46,145,76,89,1,19,116,21,28,125,27,8,138,4,101,107,143,82,75,86,146,112,58,9,54,91,30,59,102,149,72,7,56,71,77,50,16,2,139,106,84,103,5,121,20,43,41,79,10,111,66,17,108,63,81,126,3,90,74
11,0,59,35,34,70,118,141,134,147,93,137,37,87,12,106,15,6,127,119,144,9,104,131,96,128,56,39,124,38,142,123,133,115,138,42,78,60,17,122,109,136,40,52,100,44,85,79,94,110,29,57,120,49,53,31,92,73,33,62,129,51,99,88,75,22,80,24,8,95,32,98,61,67,23,48,97,36,47,64,69,135,117,83,140,132,114,130,105,45,65,46,145,76,89,1,19,116,21,41,125,27,26,13,4,101,107,143,82,14,86,146,112,58,68,54,91,30,149,102,148,72,7,18,71,77,50,16,2,139,28,84,103,5,121,20,43,25,81,10,111,66,113,108,63,74,126,3,90,55
11,0,59,35,34,87,76,123,134,147,93,137,37,51,12,106,15,6,58,119,40,9,140,131,24,128,56,39,124,78,41,10,133,115,138,42,146,60,17,122,109,136,64,52,100,44,85,79,94,110,29,141,120,49,53,31,92,73,33,16,129,111,99,75,38,130,80,70,8,142,32,22,61,67,23,144,54,36,47,97,69,135,117,48,83,132,114,95,105,45,65,46,145,96,89,1,19,116,21,104,125,27,26,13,4,101,107,143,82,14,86,88,112,3,68,98,91,30,149,102,148,72,7,18,71,77,50,57,2,139,28,84,103,5,118,20,43,25,81,121,62,66,113,108,63,74,126,127,90,55
137,30,59,35,34,87,123,74,134,139,93,120,37,51,12,98,15,25,13,96,40,9,140,131,24,128,56,39,124,70,41,10,133,42,138,21,146,60,17,122,109,136,64,52,100,44,85,79,110,29,76,141,0,49,53,147,92,73,33,105,129,111,99,75,38,130,80,106,8,142,32,22,61,67,23,144,54,36,94,97,69,135,117,48,83,132,47,115,58,45,65,46,145,16,114,1,19,116,6,104,125,27,26,62,4,101,107,143,82,119,86,88,112,3,68,20,91,103,149,102,148,72,7,18,71,77,50,57,2,89,28,84,118,5,14,78,43,31,81,121,11,66,113,108,63,95,126,127,90,55
137,30,45,35,34,87,123,47,19,139,93,120,37,51,12,98,15,25,13,96,40,77,2,131,24,128,56,39,124,70,41,10,133,42,138,6,146,32,17,122,109,136,64,52,100,44,85,79,110,29,76,141,0,49,53,135,92,73,9,105,129,60,99,75,38,130,80,106,8,147,95,121,20,67,21,144,54,36,94,97,69,61,117,48,83,33,63,115,58,5,65,74,145,16,114,55,23,116,46,104,125,27,26,62,111,101,107,143,82,119,22,88,112,3,68,140,91,43,149,102,148,72,1,18,86,78,50,57,71,89,28,84,118,132,14,103,134,31,81,59,11,66,113,108,4,142,126,127,90,7
137,30,45,35,34,87,52,47,19,139,93,40,142,123,103,16,127,25,13,129,99,7,2,98,24,128,122,39,124,70,41,10,133,77,138,6,146,32,125,51,109,136,64,65,100,44,85,111,12,29,76,131,0,49,53,135,92,73,9,105,15,60,141,75,38,130,80,106,8,147,95,121,20,67,21,144,54,36,90,97,69,61,117,48,83,33,63,115,58,5,27,74,145,110,114,55,23,116,46,104,11,94,37,62,134,101,107,120,82,119,22,88,112,56,68,140,91,43,149,102,148,3,1,18,86,78,50,57,71,89,28,84,118,132,14,17,79,31,81,59,26,66,113,108,4,96,126,143,72,42
137,30,45,110,34,129,52,37,19,139,93,40,142,123,103,97,127,25,13,20,99,7,8,98,24,128,122,39,124,70,72,10,133,77,83,6,146,32,125,51,47,136,64,65,100,44,85,111,12,29,76,131,0,49,53,135,5,73,9,105,15,60,141,75,38,130,16,106,96,147,95,121,108,67,74,144,54,36,90,119,69,61,3,48,66,33,63,115,58,92,27,21,145,117,114,55,23,116,46,26,11,18,109,62,134,101,107,138,82,31,22,41,112,56,68,140,91,43,149,102,148,81,1,87,88,78,50,57,71,89,28,84,118,132,14,17,35,79,2,59,4,80,113,94,120,104,126,143,86,42
137,103,135,68,34,129,52,37,19,139,93,40,30,123,24,97,127,25,13,20,99,7,8,98,121,76,122,63,124,95,72,111,133,77,83,29,146,32,125,51,47,136,64,65,100,44,85,74,60,114,55,131,0,49,53,78,5,45,9,105,15,91,141,75,38,130,16,106,96,147,73,138,108,67,6,144,145,36,90,70,69,61,3,48,66,109,119,115,58,92,27,21,126,117,33,50,23,116,46,26,11,18,54,62,134,101,107,94,82,31,22,41,112,56,10,140,57,43,149,102,148,81,1,87,88,128,142,2,71,89,28,84,118,132,14,17,35,79,39,59,4,80,113,110,120,104,12,143,86,42
137,103,135,68,92,77,2,37,19,139,45,72,30,75,95,97,127,25,13,20,99,7,8,98,121,76,122,9,124,34,56,111,133,52,83,29,146,123,125,51,47,136,64,107,100,44,85,74,60,23,55,131,0,49,53,40,114,134,5,105,15,91,141,12,38,130,16,106,96,147,73,94,108,67,6,144,145,36,117,70,69,61,3,48,66,109,119,115,58,32,27,21,126,63,33,50,14,65,46,26,11,18,54,62,24,101,129,1,82,31,22,41,112,132,10,140,88,43,149,102,148,81,78,87,93,128,142,138,71,89,28,84,118,86,116,17,35,79,90,59,4,80,113,110,120,104,39,143,57,42
137,103,135,68,41,77,59,112,96,139,126,72,30,12,95,97,127,25,92,34,51,7,143,98,107,76,122,9,124,20,56,111,133,52,83,29,146,119,125,35,47,136,64,86,100,44,85,74,60,21,55,131,54,49,53,40,114,134,5,105,15,123,141,27,38,19,16,106,144,147,45,94,108,67,6,13,17,36,117,70,69,61,3,48,66,109,37,115,58,32,2,8,145,63,33,50,14,65,46,26,11,18,99,62,24,101,129,1,82,31,22,121,91,132,10,140,88,43,149,102,148,81,116,87,93,128,142,138,71,89,28,84,118,78,73,75,23,79,90,130,4,80,113,110,120,104,39,0,57,42
137,103,135,46,41,148,109,112,68,139,126,72,30,12,95,124,127,25,92,34,51,7,143,47,107,76,122,9,91,20,56,111,133,52,8,106,146,119,125,35,5,18,105,86,100,44,85,83,60,21,55,131,54,49,53,40,114,134,74,77,15,123,116,27,38,19,16,96,144,147,45,94,108,121,130,13,17,36,117,70,37,61,3,48,132,97,64,115,58,32,2,66,145,63,33,50,14,104,67,26,11,31,99,62,24,101,129,1,82,113,22,6,65,136,10,59,88,43,149,102,84,81,98,87,93,128,142,138,71,89,28,140,118,78,73,75,23,79,90,29,4,80,69,110,120,141,39,0,57,42
79,99,135,46,41,148,105,112,68,128,75,17,30,12,95,109,61,25,92,34,51,7,143,47,107,76,127,9,91,66,56,111,133,52,8,123,146,119,125,149,5,18,122,86,100,44,85,83,60,21,13,131,54,49,53,40,114,134,74,77,15,124,71,24,38,19,16,96,27,147,45,94,108,121,130,87,126,36,117,103,37,58,3,48,132,97,64,115,81,32,2,141,145,63,33,50,14,104,67,26,11,31,55,69,137,101,129,1,82,113,22,6,65,136,10,59,62,43,70,102,84,35,98,144,93,88,142,138,72,89,28,140,118,78,73,139,23,106,90,29,4,116,20,110,120,80,39,0,57,42
9,7,135,46,41,148,105,112,68,128,86,17,77,12,95,106,61,11,92,34,51,16,143,31,10,76,127,74,91,66,57,111,133,52,8,123,146,39,109,149,5,18,122,24,79,126,85,83,60,21,99,131,54,49,75,40,114,134,25,56,15,124,81,47,38,19,2,96,27,147,45,94,108,121,130,87,115,36,117,103,37,58,3,125,132,97,64,28,71,32,53,141,145,63,33,50,14,104,67,26,72,65,55,69,137,101,129,1,82,113,48,6,13,136,119,59,62,43,70,102,84,35,98,144,93,88,142,138,30,89,107,140,118,78,73,139,23,44,90,29,4,116,20,110,120,80,100,0,22,42
9,7,135,15,120,148,105,112,68,107,86,17,60,12,95,106,61,11,72,34,59,16,143,31,10,76,127,74,91,84,52,111,133,123,8,94,146,39,109,149,73,18,113,24,79,126,47,83,1,21,99,131,54,49,75,40,114,134,25,56,140,124,81,37,38,19,2,96,27,117,45,138,108,121,130,87,115,101,66,103,51,58,3,125,132,97,64,92,71,32,53,141,145,63,33,50,14,104,67,26,57,55,46,69,137,70,129,77,82,142,48,28,13,136,119,122,62,43,85,102,36,35,98,144,93,88,65,6,30,89,41,147,118,78,5,139,23,44,90,29,4,116,20,110,128,80,100,0,22,42
9,7,135,21,120,148,105,99,68,107,86,17,60,1,95,70,94,11,82,34,59,16,143,48,10,76,127,74,136,84,52,111,133,123,100,129,146,39,109,149,73,18,113,24,79,126,47,83,66,4,72,131,54,49,75,40,114,134,25,56,140,124,81,37,38,19,64,96,27,117,45,138,108,121,130,87,115,101,142,103,51,58,3,41,132,97,46,92,71,32,53,141,12,2,44,50,14,104,33,91,57,55,137,69,26,112,144,28,145,125,67,15,13,8,119,122,62,43,85,102,36,35,98,93,77,88,65,6,30,89,31,147,118,78,5,139,23,61,90,29,63,116,20,110,128,80,106,0,22,42
9,141,117,21,120,19,97,105,68,107,86,17,60,1,95,70,94,11,82,34,59,16,143,48,10,76,127,74,136,84,52,111,133,123,100,129,146,96,115,149,73,18,113,78,79,126,47,83,66,4,72,45,54,49,75,40,114,144,25,56,140,124,81,37,38,135,64,145,148,24,91,138,108,121,130,87,147,142,15,103,53,134,3,41,132,7,46,14,71,32,28,27,12,2,44,50,118,104,99,39,57,55,137,69,26,112,101,61,106,125,67,33,13,8,119,122,62,43,85,102,36,35,98,93,77,88,65,6,30,89,31,131,5,116,58,139,23,92,90,29,63,109,20,110,128,80,51,0,22,42
9,49,117,21,120,19,97,105,68,107,141,123,60,83,95,70,94,149,82,34,59,11,143,48,10,40,127,74,136,84,52,111,66,32,100,129,110,96,115,116,73,18,113,78,79,1,47,118,37,4,72,45,54,71,75,139,114,144,25,56,140,17,81,30,38,124,64,145,134,24,91,138,22,121,130,87,147,142,15,103,53,133,3,41,132,7,98,14,77,20,28,27,12,2,76,50,16,104,99,39,57,55,137,69,26,86,101,61,106,125,67,33,13,8,119,122,62,43,112,102,36,35,126,93,85,88,65,6,44,89,108,131,5,146,58,31,23,92,90,29,63,109,46,135,128,80,51,0,148,42
9,49,5,61,120,19,97,12,68,63,141,89,60,83,95,149,94,84,82,34,59,11,143,42,10,88,123,96,136,72,107,111,40,65,100,48,110,125,115,116,73,18,113,146,79,1,47,142,37,4,27,45,54,71,75,139,114,144,25,56,140,17,81,30,38,124,64,145,134,24,91,138,22,121,118,87,147,132,15,103,53,128,32,41,21,7,98,14,77,20,28,130,133,2,76,50,16,104,99,39,57,55,137,69,26,86,3,105,106,129,67,33,13,8,119,122,62,43,112,102,36,35,126,93,85,127,78,6,44,74,108,131,70,66,58,31,23,92,90,29,117,109,46,135,101,80,51,0,148,52
9,123,148,61,122,19,97,12,68,63,14,89,60,83,48,149,94,84,82,34,59,11,143,42,10,88,131,96,120,72,107,111,40,65,100,74,110,125,114,116,73,18,113,146,79,1,47,44,37,4,27,45,92,71,105,139,7,144,25,56,140,17,81,30,75,124,64,115,134,24,70,138,22,121,118,87,147,132,15,103,95,128,32,41,21,129,76,145,77,5,28,130,133,2,13,50,16,104,99,39,57,55,137,69,26,86,3,136,106,54,67,33,29,8,119,53,62,43,112,102,127,35,126,142,85,20,78,6,98,23,108,38,91,66,58,31,0,49,90,141,117,109,46,135,101,80,51,36,93,52
9,123,148,61,122,19,97,12,68,36,14,89,60,83,48,149,94,84,63,54,59,11,147,30,136,88,131,96,120,72,107,143,82,65,100,74,110,125,114,116,73,18,113,146,79,1,40,44,37,4,27,35,70,71,105,139,7,144,25,56,140,17,81,90,75,45,64,115,134,57,95,2,22,121,118,34,0,24,15,103,92,128,32,41,21,129,76,145,67,5,28,130,133,132,13,20,16,104,99,39,50,55,137,69,26,86,3,102,106,47,62,124,29,8,119,111,138,43,112,77,127,42,126,142,85,49,78,6,98,23,108,38,91,66,58,53,33,31,87,141,117,109,46,135,101,80,51,10,93,52
8,123,148,61,122,19,97,12,66,36,94,89,60,83,85,149,34,84,63,21,59,77,147,30,136,88,131,96,120,72,48,143,110,65,116,74,51,125,114,82,73,18,113,146,11,1,40,68,49,4,27,35,70,92,105,139,7,144,25,86,140,71,81,90,75,45,64,115,78,57,95,2,22,121,118,107,0,24,15,103,138,134,32,100,117,129,76,145,67,5,28,130,133,132,13,44,16,104,99,37,50,55,137,69,26,9,3,102,106,47,62,124,29,79,119,111,56,39,112,54,127,42,126,142,128,14,41,6,98,23,108,38,91,43,58,53,33,31,87,141,135,109,46,17,101,80,20,10,93,52
8,123,54,61,122,19,97,12,66,36,94,89,79,83,85,149,34,84,88,21,59,77,147,30,3,50,111,96,136,72,48,143,110,65,116,148,51,106,114,82,73,18,113,146,11,1,40,68,49,4,76,27,137,92,105,120,7,144,25,131,140,71,24,90,41,45,64,115,78,57,75,2,22,121,118,125,0,42,15,95,138,134,32,100,117,129,63,145,67,5,28,130,133,132,13,44,16,104,99,37,35,55,74,69,26,70,20,102,107,47,52,124,29,9,119,141,56,81,112,62,127,86,126,142,128,103,39,6,98,23,108,38,91,43,58,53,33,31,87,10,135,109,46,17,101,80,14,60,93,139
8,57,123,61,122,19,97,12,66,36,105,89,71,83,85,149,140,84,88,21,59,77,147,30,17,32,111,96,0,7,48,143,110,65,116,148,51,106,25,13,94,18,113,146,82,1,40,68,49,27,76,120,137,92,81,23,98,34,22,131,72,11,24,4,41,45,64,115,78,73,75,2,129,121,50,125,90,42,15,95,138,134,79,100,117,114,63,145,67,5,28,130,133,132,54,44,16,104,99,37,35,55,74,69,26,70,20,102,107,47,52,124,29,9,119,141,56,101,112,62,127,86,118,142,128,103,39,6,3,80,108,38,144,43,58,53,33,31,87,10,135,109,46,91,126,136,14,60,93,139
8,36,67,61,122,19,97,12,26,135,105,113,71,83,31,73,140,45,119,21,149,77,147,30,17,32,56,96,0,7,48,143,110,65,116,148,51,106,25,13,94,18,52,146,82,1,40,124,49,27,76,89,137,98,81,23,57,34,22,131,72,11,24,4,41,139,64,115,78,142,6,2,129,121,123,53,90,42,15,95,138,134,79,100,117,114,63,145,68,88,14,130,133,84,54,44,16,104,99,37,35,28,74,69,111,70,20,102,107,47,132,125,29,9,66,141,120,101,112,62,127,86,118,75,128,103,39,5,3,80,108,38,144,43,58,59,33,85,87,10,55,109,46,91,126,136,50,60,93,92
147,36,67,108,122,19,97,12,26,135,7,113,63,83,31,73,140,45,141,6,149,77,34,138,9,32,56,96,0,15,48,143,110,65,116,148,51,106,27,13,94,18,52,71,10,1,40,124,49,105,76,89,137,98,66,146,57,82,22,131,69,119,24,4,41,139,64,115,78,142,84,2,129,121,123,53,5,42,90,95,21,134,79,107,117,114,81,145,68,88,14,130,133,37,54,44,100,104,99,102,35,28,74,72,111,70,20,17,16,47,132,125,29,11,103,61,120,101,112,62,127,86,118,75,128,8,39,25,3,80,30,38,144,43,58,59,33,85,87,23,55,109,46,91,126,136,50,60,93,92
147,36,67,108,122,19,97,12,26,135,7,51,63,83,101,73,140,45,141,6,149,115,34,138,9,32,56,96,139,15,48,143,110,65,116,148,75,106,38,31,94,18,52,71,10,1,40,124,49,105,125,89,131,98,66,146,22,82,11,126,69,119,24,4,41,76,64,0,78,142,84,33,129,121,123,53,5,42,90,91,21,134,79,107,88,114,81,144,68,70,117,130,133,37,80,44,111,2,99,102,35,28,13,72,104,103,20,17,16,47,132,29,100,113,95,61,120,27,112,62,127,86,118,74,128,8,39,25,3,77,30,57,145,43,58,59,54,85,87,23,55,109,46,137,14,136,50,60,93,92
147,36,67,108,110,19,97,12,26,135,7,51,80,64,101,73,140,45,141,6,149,115,33,138,41,126,43,96,139,15,48,124,134,65,116,148,75,106,38,16,94,18,5,71,9,31,40,28,52,105,125,89,131,98,66,81,22,82,11,23,1,119,24,4,30,76,56,0,78,142,84,92,44,121,123,53,79,42,90,91,21,10,83,107,88,114,143,144,68,70,117,130,133,37,129,63,111,2,99,102,35,34,13,72,118,103,20,17,32,47,132,29,100,113,95,61,120,27,112,62,127,86,104,74,3,8,39,25,69,77,122,57,145,146,58,59,54,85,87,49,55,109,46,137,14,136,50,60,93,128
132,36,67,140,77,127,97,38,26,135,7,51,80,47,101,73,147,27,141,6,149,115,33,138,41,126,43,85,139,121,48,124,144,65,116,148,75,55,39,16,94,18,5,71,9,31,40,28,52,106,125,89,131,98,66,45,110,82,11,23,1,119,24,4,30,76,15,0,78,142,37,92,44,59,123,53,79,42,90,91,21,10,83,56,88,114,143,22,68,8,117,130,133,64,84,63,111,2,99,102,35,34,13,72,118,103,20,17,32,129,93,29,100,113,95,61,120,104,46,62,12,86,112,74,3,19,96,25,69,134,122,57,145,146,58,107,54,108,87,49,105,109,81,137,14,136,50,60,70,128
132,36,67,140,101,79,97,38,26,61,43,102,80,47,50,73,147,90,141,6,149,115,33,138,41,126,106,85,139,121,48,124,144,65,148,51,75,55,39,127,94,18,5,71,9,31,40,129,52,131,125,89,4,98,66,45,110,82,11,23,1,119,24,130,30,76,15,0,57,142,37,92,44,59,133,53,113,42,123,91,21,10,83,56,88,114,143,22,84,8,117,68,28,64,29,63,111,2,99,108,35,135,13,77,87,58,20,17,32,16,93,27,100,7,95,54,120,104,46,62,12,86,112,74,3,19,96,25,69,134,122,34,145,146,78,107,116,103,72,49,105,109,81,137,14,136,118,60,70,128
132,142,92,96,101,79,10,38,67,143,43,102,80,47,50,23,147,90,141,6,149,115,113,138,108,126,106,85,139,121,48,124,41,65,148,51,75,55,39,29,94,18,5,71,9,93,40,129,52,131,125,89,4,98,66,45,107,82,11,22,1,119,46,130,30,76,144,0,57,26,37,62,44,59,36,53,127,42,123,91,21,86,83,56,88,114,24,12,84,8,117,68,133,64,140,63,111,31,99,15,35,135,13,77,87,58,20,17,32,16,61,27,100,34,95,54,120,104,73,7,97,28,112,74,3,25,110,2,69,134,122,19,145,146,78,33,116,103,72,49,105,109,81,137,14,136,118,60,70,128
132,142,92,96,101,79,29,39,67,143,43,102,80,47,50,23,147,90,141,6,149,115,113,138,108,126,75,85,139,121,48,2,41,112,148,73,20,55,124,11,94,18,5,71,9,93,40,129,52,131,10,89,4,98,66,45,107,82,0,22,1,119,46,130,86,33,144,57,31,26,37,62,135,59,36,53,127,24,123,91,60,8,83,56,88,114,16,12,51,44,117,68,133,64,140,63,111,72,125,15,35,32,13,77,87,58,30,17,118,21,106,27,100,34,95,54,120,104,65,7,97,28,42,74,3,25,110,146,69,134,122,19,145,61,76,38,116,103,99,49,105,109,81,137,14,136,78,84,70,128
132,142,92,40,101,79,52,39,67,143,43,102,44,26,133,71,147,90,141,38,149,115,113,138,108,126,21,85,139,25,48,2,80,112,148,73,20,60,124,11,94,18,5,1,9,15,93,129,96,131,10,89,75,98,66,13,107,82,0,22,45,119,46,130,86,33,144,57,31,103,37,62,135,59,36,91,127,24,123,6,116,8,83,56,88,95,16,12,51,121,117,68,114,64,140,63,111,72,125,55,35,32,50,77,14,58,30,17,118,87,106,27,65,34,29,54,120,104,42,7,97,28,100,74,3,53,110,146,69,134,122,19,145,61,76,41,23,47,99,49,105,109,81,137,4,136,78,84,70,128
132,97,92,40,101,54,52,39,67,9,43,102,44,26,133,71,147,90,141,38,111,115,113,138,108,126,83,85,139,25,48,2,80,112,148,73,41,60,124,11,94,18,149,1,120,21,93,129,96,146,143,78,104,98,66,13,107,82,87,22,45,8,46,130,86,33,144,57,31,103,37,62,35,59,36,91,105,24,123,6,116,117,10,56,88,95,16,12,51,121,49,68,114,64,140,63,99,72,125,29,76,32,50,77,14,58,30,17,118,131,106,27,65,34,75,0,142,79,42,7,127,28,100,74,3,53,110,119,69,134,122,19,145,61,70,135,23,47,15,5,136,109,81,137,4,55,89,84,20,128
132,97,62,40,101,54,103,39,67,9,43,102,44,26,133,94,147,90,92,38,111,115,113,138,42,126,83,85,139,25,48,2,80,112,23,73,52,108,124,11,18,117,149,3,120,21,148,129,96,141,143,78,104,98,66,13,107,82,87,22,45,93,46,130,86,33,144,57,31,68,37,91,84,59,36,49,105,24,123,10,116,61,1,56,88,95,16,70,51,121,6,76,114,64,140,63,79,72,125,29,146,5,50,77,14,58,30,17,118,131,106,32,65,34,75,0,142,119,8,7,127,28,100,74,35,53,110,4,69,134,122,19,145,41,27,135,71,47,15,12,136,109,81,137,60,55,89,99,20,128
132,97,63,40,101,85,103,39,67,9,43,62,44,26,133,94,147,90,92,38,111,115,106,138,42,126,83,96,59,74,48,2,114,112,23,73,8,33,124,11,18,117,149,3,93,25,32,129,119,141,143,78,52,98,66,13,107,82,87,22,45,60,46,130,86,113,144,57,136,68,10,91,84,148,36,49,100,24,123,108,116,61,1,56,88,95,16,70,51,121,6,76,17,64,140,80,79,19,125,29,146,5,50,77,14,58,30,139,118,131,21,54,65,34,75,0,41,31,109,7,127,28,102,72,35,53,110,4,69,134,122,37,145,120,27,135,71,47,15,12,105,142,81,137,104,55,89,99,20,128
132,97,63,40,101,85,35,113,53,119,43,133,77,26,9,94,147,90,92,38,86,135,106,138,42,126,83,96,59,74,41,2,114,112,67,73,8,33,124,11,18,117,149,3,136,25,32,129,29,108,143,78,52,98,66,13,107,82,87,100,45,60,46,130,0,134,144,57,84,68,10,91,44,22,36,49,23,51,123,88,116,61,148,24,103,95,16,70,93,121,6,76,17,64,140,80,79,19,125,109,146,5,50,39,14,58,30,139,118,56,21,54,65,34,75,111,131,31,145,7,127,28,102,72,48,1,110,4,69,141,122,37,115,120,27,62,71,47,15,12,105,142,81,137,104,55,89,99,20,128
97,25,63,40,57,85,35,113,53,119,43,133,77,26,9,94,89,90,14,38,86,135,106,138,42,126,83,96,59,74,81,2,114,112,60,73,8,33,124,11,18,117,149,129,3,110,32,82,29,108,143,78,28,98,66,92,107,102,87,100,45,52,46,116,0,134,144,142,84,68,10,91,44,130,99,49,23,51,123,88,24,146,148,1,103,95,16,70,93,121,6,76,17,64,140,80,79,19,125,109,67,5,50,39,41,58,30,139,118,56,21,54,65,34,48,75,131,31,145,7,127,22,27,72,136,13,61,4,69,141,122,37,101,36,115,62,71,47,15,12,105,132,120,137,104,55,147,111,20,128
97,107,63,33,57,85,14,113,20,53,43,133,21,26,9,94,130,90,99,38,86,135,106,40,42,137,6,96,87,74,81,2,114,80,68,73,8,25,124,11,18,117,149,129,3,110,32,82,28,89,143,78,108,98,66,92,60,102,15,100,45,52,46,116,0,134,144,142,77,17,83,91,139,84,35,49,23,51,123,88,24,146,119,1,103,95,16,70,93,121,10,76,101,64,140,112,79,126,125,109,67,5,50,39,41,58,30,19,118,138,44,54,65,34,48,75,131,31,145,7,127,22,27,72,136,13,61,4,69,141,122,37,29,36,115,62,71,47,59,12,105,132,120,148,104,55,147,111,56,128
97,107,63,33,57,85,81,113,20,64,61,133,21,53,9,77,130,90,99,38,49,135,106,40,2,137,6,96,15,74,102,87,114,80,68,73,125,25,124,11,146,117,149,129,3,110,32,82,131,121,143,78,108,98,86,92,60,84,18,100,45,52,46,116,0,134,144,142,55,17,83,91,139,43,35,8,23,51,123,147,24,70,119,1,26,95,16,111,93,128,10,76,101,5,140,112,65,126,62,109,67,88,50,39,41,58,30,19,118,138,44,54,103,34,48,75,94,31,145,7,127,22,27,72,136,13,66,4,69,141,122,37,29,36,115,14,71,47,89,12,105,132,120,148,104,59,42,79,56,28
40,94,63,33,57,43,1,113,20,146,61,133,21,53,9,77,130,90,97,38,49,135,106,123,2,137,6,96,15,74,8,87,12,99,68,73,125,144,124,11,31,117,149,129,3,84,32,82,131,121,143,78,108,98,86,136,60,127,39,100,45,52,64,116,0,134,18,142,55,17,83,80,139,71,102,46,23,51,66,147,24,70,119,10,26,110,16,111,107,128,25,76,101,5,140,112,65,126,62,109,67,88,50,81,41,58,30,19,118,138,115,54,103,34,48,75,93,92,145,7,44,91,27,72,95,13,85,4,69,141,122,37,29,36,35,14,114,47,89,22,105,132,120,148,104,59,42,79,56,28
40,94,63,33,57,43,1,113,20,146,61,133,95,53,9,77,48,90,97,38,49,135,130,123,62,46,6,114,15,74,8,87,12,99,2,84,125,144,124,96,31,117,149,129,92,3,32,82,50,121,116,78,108,128,86,136,60,106,39,100,45,52,64,73,0,134,18,142,55,21,83,80,19,71,102,107,23,51,66,147,24,70,119,10,26,110,16,98,105,13,25,76,101,5,41,112,37,126,131,109,67,88,65,81,17,58,30,139,118,138,115,54,103,34,42,75,93,111,145,7,68,11,27,72,127,143,85,4,69,141,122,140,29,36,35,14,91,47,89,22,137,132,120,148,104,59,44,79,56,28
40,94,120,33,57,43,1,113,128,146,61,133,95,53,9,52,48,90,97,38,49,135,130,123,32,46,86,114,15,96,8,51,12,99,2,84,125,144,124,30,20,117,149,129,92,3,5,82,50,121,116,78,31,6,74,136,89,106,39,0,45,119,64,73,75,134,79,142,55,21,83,80,19,71,145,107,23,77,66,147,24,70,63,10,26,110,102,98,105,13,25,76,101,29,87,68,109,126,37,100,67,88,65,81,17,58,62,139,118,138,115,54,18,34,42,41,93,111,103,7,132,11,27,72,127,143,85,4,69,141,122,140,16,36,35,14,91,47,112,22,137,60,131,148,104,59,44,108,56,28
40,94,120,33,57,43,140,124,128,7,61,133,39,104,9,126,48,62,97,38,49,135,130,123,32,46,86,31,15,96,54,51,58,99,2,84,45,144,127,30,20,117,95,101,92,3,5,82,50,121,116,78,8,52,66,136,89,106,12,0,53,119,64,73,75,134,79,142,55,21,83,80,19,71,145,107,23,77,60,147,24,70,63,10,26,110,102,98,105,13,129,76,146,29,87,68,108,149,37,100,67,88,65,81,125,25,41,139,118,138,115,59,18,34,42,6,93,111,103,114,132,11,27,72,35,143,85,4,69,141,122,17,16,36,109,90,91,47,112,22,137,1,131,148,14,74,44,113,56,28
40,94,108,33,57,73,43,124,22,7,61,98,39,51,95,126,48,62,97,38,49,26,130,123,32,46,60,31,15,53,54,105,58,99,2,84,45,144,9,30,20,117,127,101,92,3,5,82,135,121,116,78,8,81,66,136,89,106,12,0,104,119,64,120,75,134,79,142,55,21,83,80,19,86,10,107,23,50,128,147,139,70,63,110,77,145,102,24,96,13,129,76,146,29,87,68,143,149,37,100,67,88,65,56,125,25,41,131,118,138,115,59,91,34,42,6,93,111,103,114,132,18,27,72,35,11,85,4,69,141,122,17,16,36,109,90,112,47,52,133,137,1,71,148,14,74,44,113,140,28
40,94,108,118,147,73,43,124,49,7,61,98,39,51,95,126,144,23,97,38,134,26,130,123,32,46,60,69,15,53,54,105,31,99,2,84,45,58,9,30,20,117,96,101,92,57,132,82,135,121,18,65,8,81,66,67,89,106,12,5,104,119,64,120,75,71,79,142,55,21,83,80,19,86,10,107,129,50,128,42,139,70,63,110,77,145,102,24,91,13,33,0,62,29,87,68,143,149,37,100,76,88,22,56,125,25,41,131,141,138,34,59,78,146,116,137,93,111,103,114,136,113,27,72,35,11,85,4,127,3,122,17,16,36,109,90,112,47,52,133,48,1,115,148,14,74,44,6,140,28
40,94,108,118,147,73,43,124,4,117,61,98,39,51,95,126,144,23,54,38,134,26,48,123,32,36,60,69,15,53,86,105,31,140,2,84,121,58,9,75,20,27,96,101,92,125,132,82,135,88,18,30,8,81,66,67,89,106,129,21,104,56,64,120,113,71,79,142,55,62,83,80,19,100,10,107,65,87,128,42,139,70,63,110,77,145,102,24,91,13,33,0,99,29,119,68,143,131,37,57,76,7,22,45,112,25,41,50,141,138,34,59,78,146,5,137,93,111,103,114,136,116,46,72,35,11,85,149,127,3,49,17,16,97,109,90,130,47,52,133,122,1,115,148,14,74,44,6,12,28
95,13,108,118,147,73,20,124,4,117,61,98,39,51,119,126,144,23,54,38,18,87,48,123,32,33,60,125,15,53,86,105,31,140,2,84,121,46,26,75,40,85,96,101,134,47,132,82,58,88,9,50,8,81,66,67,89,106,129,21,104,56,94,120,113,71,79,142,55,62,83,80,19,100,10,107,65,136,128,42,139,70,63,110,27,145,102,24,91,43,114,109,99,29,35,68,64,25,37,57,76,7,22,45,112,92,41,77,141,138,30,59,78,146,5,137,93,135,103,34,69,116,0,72,131,111,11,149,127,3,49,17,16,97,143,90,130,36,52,133,122,1,115,148,14,74,44,6,12,28
95,13,108,118,72,73,20,75,4,143,61,98,39,89,120,106,144,124,54,38,26,87,48,123,32,51,41,35,141,53,86,105,31,140,2,84,121,46,147,58,40,85,96,101,134,47,132,28,135,88,9,107,8,81,66,67,10,80,129,21,104,56,94,27,113,119,79,142,55,62,83,82,19,100,43,126,65,136,117,42,139,70,71,110,33,145,102,24,91,60,114,18,99,29,63,68,64,25,37,57,76,7,22,45,112,92,15,77,50,138,30,59,78,146,5,137,93,69,103,34,1,116,0,109,131,111,11,149,127,3,49,17,16,97,125,90,130,36,52,133,122,128,115,148,14,74,44,6,12,23
95,13,108,128,72,73,20,75,4,32,61,98,133,89,39,106,92,69,54,38,26,53,48,123,103,51,41,35,141,82,144,105,31,140,2,84,121,46,147,58,40,85,96,101,134,47,130,28,135,88,9,107,136,81,66,67,10,80,129,12,132,56,94,27,113,18,79,142,24,62,83,124,19,100,43,126,70,55,117,42,139,118,71,110,33,21,102,127,120,60,114,23,99,29,63,68,64,25,37,57,76,7,22,45,112,50,15,77,125,138,30,59,78,146,5,137,93,119,86,34,87,1,0,109,131,111,11,149,65,3,49,17,16,97,122,90,8,36,52,91,104,145,115,148,14,74,44,6,116,143
95,13,108,128,72,73,57,75,4,32,61,11,133,89,39,46,59,98,54,69,26,53,48,123,103,51,41,35,91,82,18,0,21,140,2,84,121,113,147,58,40,149,96,101,134,47,130,28,135,88,9,107,20,81,66,67,10,80,129,12,132,56,94,27,92,97,79,142,24,62,83,124,19,100,119,126,70,55,117,42,139,118,71,110,33,1,102,85,120,60,38,50,99,29,63,68,64,25,37,34,23,7,22,31,112,138,15,77,125,106,30,141,78,146,5,137,93,105,114,116,87,74,45,109,136,111,76,127,65,3,49,17,16,131,122,90,8,36,52,86,104,145,115,148,14,43,44,6,144,143
