0,1,2,3,4,5,6,7,8,9,10,11,12,13,14,15,16,17,18,19,20,21,22,23,24,25,26,27,28,29,30,31,32,33,34,35,36,37,38,39,40,41,42,43,44,45,46,47,48,49,50,51,52,53,54,55,56,57,58,59,60,61,62,63,64,65,66,67,68,69,70,71,72,73,74,75,76,77,78,79,80,81,82,83,84,85,86,87,88,89,90,91,92,93,94,95,96,97,98,99
0,62,2,70,4,5,6,7,8,78,10,18,1,13,55,15,16,17,33,19,20,21,22,61,24,25,26,27,28,29,30,31,69,23,34,35,36,3,38,39,40,41,42,12,44,45,46,47,48,49,50,51,52,53,54,14,56,57,63,37,60,32,11,98,64,65,66,67,68,58,43,71,72,73,74,75,76,87,80,79,59,81,82,83,84,85,86,9,88,89,90,91,92,93,94,95,96,97,77,99
8,96,2,72,4,5,6,7,0,78,10,18,33,13,62,70,84,17,1,19,51,12,22,61,24,25,26,74,28,29,30,31,69,23,15,35,36,3,38,27,55,41,42,48,44,45,46,47,92,49,50,20,52,53,54,14,56,57,63,37,60,32,11,98,64,65,66,67,68,58,43,40,16,73,39,75,76,87,80,34,59,81,82,83,71,85,86,9,88,89,90,91,79,93,94,95,21,97,77,99
8,96,2,72,92,80,6,7,0,78,10,99,33,13,62,70,21,17,1,34,51,12,22,61,24,25,26,74,28,19,30,46,69,29,15,35,36,3,38,27,55,41,42,84,44,45,31,47,67,49,50,20,52,53,54,14,56,57,63,37,95,32,11,60,64,65,66,86,68,18,43,40,16,98,58,75,76,87,73,4,59,23,82,83,71,85,5,9,88,89,90,91,79,93,39,94,48,97,77,81
8,56,2,72,0,80,6,7,95,78,10,85,33,13,62,70,76,17,90,34,1,12,22,61,24,25,26,74,28,43,30,46,69,29,15,86,36,3,35,27,55,41,42,84,77,45,31,47,67,49,50,20,52,53,54,14,38,57,63,68,59,32,11,99,64,65,66,58,91,18,21,40,16,98,44,75,92,87,73,4,51,23,82,83,71,96,5,9,88,89,37,60,79,93,39,94,48,97,19,81
8,56,2,36,0,87,6,72,95,67,62,85,33,13,99,25,76,17,90,34,1,12,22,61,24,54,26,74,28,78,30,46,69,80,15,57,18,3,35,84,10,41,42,29,77,45,31,47,5,49,50,20,52,53,27,14,38,96,63,68,86,32,11,70,64,65,66,58,91,88,21,40,16,98,44,75,92,7,73,4,51,23,82,83,71,59,43,9,55,89,37,60,79,93,39,94,48,97,19,81
8,56,62,40,0,22,6,72,95,67,14,60,33,13,99,25,32,17,90,34,36,12,23,61,24,54,26,74,28,78,30,46,69,76,20,57,18,3,35,84,70,41,27,29,87,45,31,47,5,49,50,80,52,53,2,77,38,96,63,68,86,15,11,85,64,65,66,42,1,91,21,58,16,98,44,75,92,7,73,4,51,88,82,83,71,59,43,9,55,10,37,89,79,93,39,94,48,97,19,81
75,56,62,40,0,22,74,72,95,67,14,60,15,13,34,84,32,17,21,25,36,12,99,61,24,33,9,1,28,78,30,46,69,76,20,57,18,3,35,48,70,41,27,29,91,45,31,47,5,49,50,80,52,53,2,77,38,54,63,68,86,87,11,85,64,65,66,42,71,97,23,58,16,98,44,7,92,8,73,4,51,6,82,83,96,59,43,88,55,10,37,89,79,93,39,94,90,26,19,81
87,83,62,40,0,22,74,72,66,67,14,60,15,13,34,84,65,17,21,2,36,12,43,75,24,33,25,1,97,78,30,46,69,76,20,57,18,3,35,48,23,41,27,64,71,45,31,47,5,49,50,80,52,53,70,77,38,9,63,68,86,32,11,85,29,61,95,56,54,99,37,58,16,98,44,7,92,8,73,4,51,6,82,91,96,59,42,88,55,10,28,89,79,93,39,94,90,26,19,81
87,36,62,40,0,22,81,72,66,67,14,60,15,78,34,84,65,17,21,86,28,12,43,49,24,33,25,1,13,96,30,46,69,83,57,68,18,3,35,48,23,41,27,75,71,45,31,47,98,2,50,80,52,53,58,77,74,9,63,76,93,32,11,85,29,61,95,56,54,99,37,5,16,38,44,7,92,8,73,4,51,6,82,91,26,59,42,88,55,10,70,89,79,64,39,94,90,97,19,20
87,41,17,40,0,22,81,72,56,67,14,60,43,83,10,84,65,54,77,86,28,73,15,49,24,33,25,1,36,96,55,46,69,78,57,68,18,3,35,48,23,94,27,75,71,45,31,47,98,2,50,80,52,53,58,13,74,93,63,62,66,32,11,85,29,61,95,34,76,99,37,5,16,38,44,7,92,21,12,4,51,6,82,91,26,59,42,88,9,8,70,89,79,64,39,30,90,97,19,20
87,26,15,40,0,22,81,96,56,67,14,60,43,83,10,84,1,54,77,76,28,73,9,49,24,33,25,17,36,11,55,46,69,78,72,68,18,3,35,48,23,57,27,75,5,65,31,47,98,2,50,80,52,53,58,13,74,64,63,62,66,32,42,85,29,61,95,34,44,99,37,93,71,94,6,7,92,21,12,4,51,38,82,91,90,59,16,88,86,8,70,89,79,45,39,30,41,97,19,20
87,26,15,40,0,76,81,96,56,67,14,60,43,83,42,84,1,10,77,16,28,73,9,49,36,66,25,17,95,11,85,46,69,78,72,68,18,3,35,48,23,39,27,75,5,33,31,47,98,57,50,80,52,53,58,13,74,64,63,62,2,32,54,22,29,65,24,34,44,99,37,91,71,94,6,21,92,61,12,97,51,38,82,55,90,59,4,93,86,8,70,89,79,45,7,30,41,88,19,20
55,26,15,40,0,76,98,96,56,97,14,60,43,83,42,84,1,10,77,16,28,73,79,49,36,72,25,17,95,54,85,46,69,48,81,68,18,3,35,67,64,39,27,6,5,33,31,47,13,57,50,80,52,53,58,91,74,37,63,86,2,32,87,22,29,65,24,34,44,99,78,11,71,94,75,21,92,61,12,62,51,38,82,8,90,59,4,93,66,30,70,89,23,45,7,9,41,88,19,20
55,26,75,40,0,76,98,96,56,45,14,60,43,83,42,84,1,10,77,16,28,73,3,49,36,69,25,15,95,54,85,46,66,48,50,68,18,31,35,67,64,39,2,6,5,33,92,80,13,57,17,24,52,53,81,91,74,37,63,86,27,32,87,22,29,65,9,34,41,99,78,11,71,94,8,21,58,61,12,62,51,38,82,70,90,59,4,93,97,30,44,89,23,72,7,79,47,88,19,20
55,91,75,32,0,76,98,59,56,45,40,60,43,83,42,3,1,10,77,16,28,73,39,49,36,69,25,15,95,54,85,46,51,14,50,68,18,31,35,82,26,92,2,6,93,33,48,80,13,52,17,90,67,53,81,66,74,37,63,86,27,38,87,22,29,65,9,34,41,99,78,64,71,94,8,21,58,61,12,62,24,57,96,70,11,84,4,5,97,30,44,89,23,72,7,79,47,88,19,20
55,91,83,32,0,52,11,59,56,85,40,60,43,81,42,3,1,10,77,16,76,73,67,49,36,69,45,15,95,54,64,5,51,14,20,21,98,31,35,68,26,92,2,6,93,33,48,80,13,87,17,90,25,53,50,66,74,37,63,86,27,38,82,22,29,65,9,34,41,99,78,46,71,94,57,8,58,61,12,62,24,18,96,70,28,84,4,39,97,30,44,89,23,72,7,79,47,88,19,75
72,76,83,32,0,52,11,59,56,89,40,60,43,81,42,3,1,31,62,16,9,73,67,85,36,69,53,15,95,54,64,5,21,14,18,8,98,29,35,68,26,92,2,63,93,33,48,80,13,87,17,90,25,41,50,71,74,37,20,86,27,38,82,22,77,65,66,34,91,99,78,46,51,94,57,45,58,61,12,49,24,55,96,70,28,84,4,39,97,30,44,10,23,6,7,79,47,88,19,75
72,76,83,39,0,32,55,70,56,89,40,20,43,81,42,3,1,31,62,21,9,73,67,85,16,69,11,15,60,54,64,5,71,14,17,8,98,29,35,68,26,92,2,99,88,33,48,80,13,87,18,90,25,41,50,53,74,37,93,86,27,38,82,22,77,65,66,52,95,91,78,46,51,94,57,45,58,61,34,49,24,63,96,6,28,84,4,36,97,30,44,10,23,12,7,79,47,59,19,75
72,76,83,39,0,32,55,70,56,89,2,20,43,81,42,3,50,31,62,21,23,73,67,85,16,69,57,15,60,54,71,5,25,14,17,58,98,29,35,61,26,92,90,99,88,33,48,80,13,87,18,30,41,9,93,53,74,37,34,86,11,38,82,22,77,65,66,52,64,91,78,68,51,94,1,45,27,84,8,49,24,63,96,6,28,19,4,36,97,46,44,10,40,12,7,79,47,59,95,75
10,76,43,39,0,32,55,70,56,89,2,20,79,72,42,4,3,31,62,21,85,73,67,14,16,69,57,15,60,12,71,5,25,23,17,58,98,29,8,61,26,92,90,99,88,33,48,80,13,87,18,30,41,9,93,53,74,37,1,34,11,38,82,22,77,65,66,52,35,91,78,68,44,94,54,45,27,84,64,49,24,63,86,6,28,19,81,36,97,96,46,59,40,51,7,50,47,83,95,75
10,76,43,0,31,32,55,70,56,89,2,20,79,72,42,8,3,15,62,21,1,73,5,16,44,69,91,65,39,12,71,14,25,23,17,75,98,29,87,61,26,92,90,99,88,33,48,80,58,67,18,30,41,85,9,53,93,37,60,34,11,38,82,22,77,78,66,52,35,74,57,68,13,94,54,45,27,84,64,49,24,63,86,6,28,19,81,36,97,96,46,59,40,51,7,50,47,83,95,4
70,76,80,0,31,32,55,3,56,98,2,20,79,72,23,8,21,15,26,57,97,73,5,16,44,69,91,43,39,12,71,14,25,36,17,75,81,29,87,61,51,62,60,99,88,33,48,93,58,67,18,30,41,85,9,53,89,37,90,34,10,38,82,22,77,78,66,52,35,74,65,68,13,94,54,45,27,84,64,42,24,63,86,6,28,19,92,49,11,96,46,59,40,1,7,50,47,83,95,4
70,76,55,4,31,32,57,3,56,98,2,20,0,72,23,8,21,15,26,99,25,73,5,18,44,69,91,43,39,12,71,14,30,36,17,75,94,29,87,61,51,79,60,45,88,33,48,93,58,67,37,86,41,85,9,53,89,50,90,34,95,38,82,22,77,78,66,52,10,74,65,68,97,35,7,81,27,84,64,42,24,63,16,6,28,19,92,49,11,96,46,59,40,1,54,62,47,83,80,13
70,76,55,4,31,32,37,3,56,98,2,46,0,21,23,8,81,15,26,99,25,73,97,18,6,69,42,43,39,12,71,14,30,36,17,5,94,29,87,61,51,79,60,45,88,33,48,93,58,67,91,86,41,66,9,53,89,57,90,34,95,50,82,38,77,78,54,44,10,74,65,68,85,35,7,19,27,84,64,75,24,63,52,11,28,49,92,16,20,96,72,59,40,1,22,62,47,83,80,13
19,76,87,4,31,32,37,3,20,98,11,46,0,21,23,8,54,15,26,99,25,73,97,18,55,89,42,43,39,56,6,14,30,36,47,5,94,29,24,61,51,79,60,45,88,33,48,12,58,67,91,86,41,66,9,53,85,57,90,34,95,50,82,10,77,78,70,44,2,74,65,68,17,35,7,69,27,84,64,75,71,59,52,38,28,49,92,16,93,63,72,96,40,1,22,62,81,83,80,13
19,76,87,4,34,32,0,3,20,98,11,38,91,21,23,8,54,15,26,95,25,73,97,44,55,18,42,43,39,56,6,14,30,36,47,5,94,29,24,61,51,79,60,41,88,52,48,12,58,7,46,86,77,66,9,53,85,57,90,40,89,99,82,10,67,78,33,70,2,74,65,68,17,35,31,69,27,84,64,75,13,59,71,45,50,49,92,16,93,63,72,96,37,1,22,62,81,83,80,28
19,35,87,4,34,32,0,3,20,98,10,11,91,21,23,68,54,15,29,95,82,51,97,89,55,18,42,43,94,56,6,14,30,36,47,5,64,38,24,61,60,79,25,41,88,52,48,12,58,7,46,76,77,66,9,53,85,57,90,40,44,86,96,73,67,78,33,26,2,74,65,70,17,45,31,69,27,84,8,75,13,59,71,49,50,39,92,16,93,63,72,99,37,1,22,62,81,83,80,28
19,35,87,4,25,32,98,85,20,64,10,11,82,60,23,68,76,54,29,95,57,51,97,89,55,18,42,43,94,56,6,14,30,36,86,5,47,38,24,61,44,79,2,53,88,52,48,12,58,7,46,66,77,34,9,1,91,65,90,40,17,0,96,73,67,78,33,26,41,74,21,70,15,45,31,69,27,84,8,75,13,59,71,49,50,39,92,16,93,63,72,99,37,3,22,62,81,83,80,28
19,35,87,40,25,23,98,85,20,64,10,11,88,34,50,68,76,54,29,38,57,51,14,89,12,18,42,43,94,56,45,82,30,36,0,5,47,53,24,95,44,79,2,92,60,52,48,9,58,7,46,66,77,86,97,1,91,65,90,4,17,32,96,73,67,78,33,26,41,74,21,70,15,93,31,69,27,84,8,75,13,59,6,49,55,39,61,16,71,63,72,99,37,3,22,62,81,83,80,28
76,35,63,40,25,23,98,55,19,64,10,11,88,34,50,68,7,54,29,96,57,51,53,89,12,18,42,43,94,56,45,82,30,36,0,85,47,84,24,95,16,79,3,92,38,52,48,9,58,27,46,66,77,86,97,1,91,65,90,4,17,32,20,73,21,78,33,26,41,74,8,70,15,93,31,69,37,44,5,75,13,59,6,49,14,39,61,2,71,60,72,99,22,87,67,62,81,83,80,28
76,40,63,61,10,23,98,55,85,57,41,11,88,34,83,68,92,54,29,96,75,51,53,89,12,18,42,56,94,21,45,82,30,36,0,7,47,84,24,95,16,79,9,64,38,52,48,5,86,27,46,66,77,25,3,1,91,65,90,4,17,32,20,73,97,78,33,43,58,74,8,70,15,93,31,69,37,44,50,35,13,59,6,49,14,39,19,2,71,60,72,99,22,87,67,62,81,26,80,28
4,40,63,61,74,23,98,89,85,57,41,11,46,34,83,68,92,54,29,88,10,30,53,55,12,18,42,56,44,95,21,82,51,36,0,7,47,84,24,8,16,79,9,64,38,52,48,5,86,27,22,66,77,25,3,75,91,65,97,96,17,32,20,73,1,78,33,43,58,72,90,70,15,93,31,69,45,14,50,35,13,59,6,49,37,39,19,2,71,60,94,99,76,87,67,62,81,26,80,28
4,40,63,61,74,23,98,68,85,57,26,11,46,34,83,20,89,24,29,88,10,30,53,55,12,18,32,67,44,95,21,82,51,36,0,62,47,84,91,8,16,79,9,64,38,52,48,5,86,27,22,66,77,25,3,75,1,65,97,96,17,43,60,73,15,78,99,56,58,54,90,70,80,93,35,69,45,14,50,7,13,59,6,49,37,39,19,2,71,33,94,42,76,87,92,72,81,41,31,28
4,40,63,61,74,23,98,68,71,57,26,11,46,34,83,20,89,24,21,97,10,30,53,55,12,18,32,67,39,95,72,82,66,36,0,69,9,84,31,8,16,79,85,64,38,75,48,5,86,27,22,77,52,25,3,29,1,47,65,96,14,43,60,73,51,78,99,56,58,54,90,70,91,93,35,80,45,88,50,7,13,59,6,49,37,62,19,2,15,33,94,42,76,87,92,44,81,41,17,28
4,40,63,61,74,23,98,68,71,57,90,11,46,34,83,5,89,38,25,41,10,60,36,55,12,18,32,67,39,95,72,26,66,53,0,69,9,84,31,8,16,79,85,64,97,75,48,30,86,21,22,77,1,58,3,29,56,47,65,96,14,43,82,73,6,78,99,24,20,54,51,52,91,93,15,80,45,88,50,7,13,59,27,49,37,62,19,2,35,33,94,42,76,87,92,44,81,70,17,28
89,40,63,61,74,23,98,68,71,57,37,11,46,34,83,5,79,38,25,41,10,50,31,55,12,18,2,67,39,95,24,85,66,53,0,96,9,84,26,8,16,13,4,64,97,75,48,30,86,21,22,77,1,58,3,29,56,47,65,17,14,43,82,73,6,78,72,90,20,54,51,49,91,93,15,80,45,88,69,36,52,59,27,7,60,62,99,19,35,33,94,42,76,32,92,44,81,70,87,28
89,3,63,61,74,23,98,5,71,57,37,33,46,34,83,80,79,38,87,41,10,50,1,60,12,18,2,25,65,95,24,85,66,53,0,96,9,84,26,8,16,13,4,64,97,75,48,67,86,21,43,77,40,58,92,29,56,47,68,17,14,35,82,73,6,78,27,90,20,54,51,49,91,11,15,55,45,88,69,36,52,59,70,7,30,62,99,19,22,93,94,42,76,32,39,44,81,31,72,28
89,3,63,61,74,23,49,5,71,57,37,33,64,34,83,45,46,38,50,41,51,88,1,60,12,19,2,42,65,25,24,85,66,53,0,96,9,84,36,8,16,13,4,72,97,75,48,67,10,21,43,77,40,58,92,29,56,47,68,17,87,35,82,73,6,78,27,90,86,54,95,20,91,11,15,55,18,26,69,79,52,59,98,7,30,62,99,70,80,93,94,14,76,32,39,44,81,31,22,28
89,36,63,3,74,23,49,6,71,57,37,33,64,34,83,45,46,38,30,51,60,88,1,20,12,19,2,21,65,27,24,85,66,53,0,96,42,84,9,8,16,13,4,72,76,75,48,67,43,50,5,77,87,58,92,29,61,15,68,17,47,35,82,73,25,78,56,90,86,54,95,10,91,11,97,55,18,26,69,79,52,59,98,7,41,62,99,70,80,93,94,14,40,32,39,44,81,31,22,28
89,36,63,3,87,23,49,6,71,57,37,33,80,8,83,45,46,38,30,51,60,94,1,20,66,19,2,21,65,27,24,85,12,53,42,96,74,78,9,32,16,43,28,72,76,75,4,67,31,50,5,77,0,58,92,29,61,15,68,17,47,35,82,73,25,34,56,90,86,54,95,10,91,64,97,55,18,26,69,79,52,59,84,7,41,62,99,70,11,93,48,98,40,88,13,44,81,14,22,39
98,36,63,46,87,23,67,6,45,89,37,33,80,8,83,70,60,1,30,51,85,94,65,20,66,19,2,21,29,27,24,5,44,38,49,53,74,78,9,32,16,43,28,72,76,75,4,96,31,50,73,77,0,58,92,93,61,15,68,17,47,35,82,42,25,34,56,90,86,54,95,10,71,64,97,55,18,26,69,79,52,59,84,7,41,62,99,57,11,91,48,3,40,88,13,12,81,14,22,39
98,54,63,46,58,23,26,32,45,89,37,17,80,0,83,70,60,1,30,51,85,94,65,20,19,8,2,6,29,27,24,5,44,38,49,35,74,78,9,39,16,43,28,53,76,75,4,96,31,88,73,77,97,66,72,93,61,15,68,87,47,36,82,42,25,67,56,90,86,92,95,10,71,64,34,55,18,21,69,79,52,59,84,7,41,62,99,57,11,91,48,3,40,33,50,12,81,14,22,13
98,54,58,43,47,23,38,32,45,89,37,79,80,0,83,70,60,1,30,51,85,63,65,20,35,26,33,55,16,27,24,17,44,94,49,34,74,78,9,39,25,82,28,53,76,75,4,96,31,88,73,77,97,66,72,93,61,15,68,87,13,36,64,42,6,67,56,90,86,92,95,10,71,5,8,2,18,21,69,19,52,59,84,7,41,62,99,57,11,91,48,3,40,46,50,12,81,14,22,29
98,54,58,94,47,23,38,32,45,7,37,79,80,0,57,4,60,1,30,26,85,63,65,20,35,72,33,55,16,27,24,77,44,48,49,34,74,78,9,39,17,82,28,53,76,70,59,75,31,88,73,95,97,66,83,93,61,15,68,43,13,36,87,42,6,67,56,90,86,12,92,10,71,5,8,2,18,99,69,19,52,21,84,96,41,62,89,25,11,91,51,3,40,46,50,64,81,14,22,29
92,54,62,94,47,36,38,60,45,82,37,63,80,51,57,4,64,1,30,26,85,23,65,20,35,72,33,44,16,27,24,77,17,48,49,34,74,78,9,39,12,55,28,53,76,7,59,75,31,88,58,95,97,66,83,93,61,15,68,43,70,13,87,42,6,67,56,90,86,32,11,10,71,5,8,2,18,99,69,89,52,21,84,96,41,98,19,25,0,91,73,3,40,46,50,79,81,14,22,29
92,54,23,94,47,85,38,60,17,52,56,63,80,51,57,95,4,1,30,37,75,88,65,20,35,72,33,44,62,27,64,77,25,48,31,34,45,78,9,39,12,55,28,53,76,7,59,91,49,26,58,36,97,66,83,93,61,15,68,43,70,13,99,42,6,67,82,90,86,32,11,10,71,5,8,2,18,16,69,89,74,21,84,96,41,98,19,24,0,87,73,3,40,46,50,79,81,14,22,29
92,54,23,94,32,35,45,60,47,52,56,63,80,51,57,95,4,1,30,37,41,88,65,20,85,72,33,61,62,27,64,10,25,48,66,34,11,78,9,39,38,55,28,53,76,84,59,91,49,26,58,36,97,13,83,93,75,15,68,43,70,40,99,42,6,67,82,90,86,17,50,31,81,5,8,2,18,16,69,89,74,71,7,96,12,98,19,24,0,87,73,3,21,46,44,79,77,14,22,29
92,16,61,94,32,23,45,60,47,52,56,63,80,51,7,95,4,24,30,37,41,88,65,20,85,72,33,36,62,31,64,10,11,48,27,34,6,78,43,39,38,55,28,53,9,84,54,91,49,26,35,99,97,13,83,93,75,15,68,50,70,40,66,42,57,25,82,90,86,17,1,58,81,5,8,2,18,67,69,89,74,71,76,96,12,98,19,87,0,59,73,3,21,46,44,79,77,14,22,29
92,16,61,94,32,31,45,60,47,52,56,63,9,93,7,95,4,24,30,3,41,88,65,20,85,72,33,36,0,80,19,70,11,48,27,62,6,78,43,39,38,55,28,58,42,84,54,91,49,26,51,99,97,44,83,69,75,15,68,50,10,40,66,53,57,25,82,90,86,17,1,23,81,5,8,67,64,13,35,89,74,71,76,96,12,98,18,87,37,59,73,34,21,46,2,79,77,14,22,29
92,16,61,21,32,31,45,60,47,86,56,63,9,93,7,38,4,14,30,3,33,24,65,20,85,72,42,36,0,80,19,84,11,27,58,69,6,78,43,39,41,55,28,70,48,95,54,91,49,26,23,99,97,44,83,89,75,15,68,50,88,40,66,53,57,25,82,90,5,17,1,62,81,10,8,67,64,13,35,34,74,71,76,96,12,98,18,87,37,59,73,51,94,46,2,79,77,52,22,29
92,35,61,21,32,55,45,60,47,86,56,63,59,93,73,24,4,14,30,3,33,95,65,20,85,72,70,36,0,80,19,84,31,27,58,69,16,78,43,39,41,67,28,6,48,13,34,91,96,26,23,99,97,44,83,89,75,15,29,50,88,40,66,53,57,25,82,90,5,17,1,62,81,10,8,11,64,38,7,42,74,71,76,87,12,98,18,94,37,68,54,51,49,46,2,79,77,52,22,9
92,35,61,21,71,55,45,60,25,86,56,63,11,93,73,24,4,14,10,97,33,95,65,20,89,3,70,36,0,80,19,84,31,27,58,69,16,78,57,39,41,67,28,47,32,13,34,2,96,26,23,99,6,44,83,82,75,15,29,50,88,72,48,53,40,74,66,90,5,17,1,52,81,91,8,59,64,38,7,42,43,62,76,87,12,98,18,94,37,68,54,51,49,46,85,79,77,30,22,9
92,35,61,57,71,55,45,48,25,86,56,63,11,93,73,24,43,51,10,97,33,95,65,87,89,3,70,36,20,80,19,69,31,27,58,42,16,78,4,39,41,5,28,47,32,13,34,2,96,26,23,99,6,44,83,82,75,84,29,50,7,72,88,0,53,74,62,60,14,17,1,52,81,91,8,59,64,38,67,90,21,40,66,15,12,98,18,94,37,68,54,76,49,46,85,79,77,30,22,9
92,35,10,58,54,55,45,48,25,86,56,63,11,93,73,24,43,51,76,97,33,95,4,96,89,3,70,36,20,80,94,69,31,27,87,42,71,78,88,39,41,5,28,47,32,13,74,2,98,26,23,99,6,44,57,82,75,84,29,50,7,72,34,0,53,8,62,60,14,16,61,52,81,91,79,59,64,38,67,90,21,40,66,15,12,83,18,17,37,65,1,77,49,46,85,68,19,30,22,9
92,22,41,58,54,55,45,38,60,86,56,95,11,93,73,24,43,51,42,97,10,36,4,96,89,3,70,63,20,25,74,69,31,27,87,76,5,78,88,39,66,52,48,47,32,13,26,80,98,28,23,99,6,44,57,82,75,84,29,50,7,72,34,0,53,8,62,35,14,16,61,17,81,91,79,59,64,71,67,90,21,40,2,15,12,83,18,33,37,65,1,77,49,46,85,68,19,30,94,9
92,22,41,81,65,69,45,38,60,16,56,95,11,93,73,24,43,51,42,97,10,84,4,96,89,55,37,63,20,25,74,26,31,27,50,61,5,78,88,39,66,52,48,86,58,13,46,80,98,28,23,32,6,99,44,82,75,33,29,3,7,72,34,0,53,8,62,35,14,57,76,17,70,91,79,59,64,71,67,90,21,40,2,15,12,83,18,36,87,54,1,77,49,47,85,68,19,30,94,9
94,22,41,81,65,0,45,38,60,43,56,95,11,93,73,24,3,51,42,97,10,64,4,96,52,1,37,33,20,25,74,26,31,27,50,61,5,78,88,70,66,39,48,86,58,13,46,80,16,28,23,32,6,99,44,82,75,53,29,98,7,72,89,18,35,55,62,34,14,57,76,63,92,91,79,59,17,71,67,90,21,40,2,15,12,8,83,36,87,54,84,77,49,47,85,68,19,30,69,9
94,22,41,81,65,0,45,38,60,43,86,95,11,93,73,24,78,51,42,3,10,64,4,30,52,1,37,33,47,25,74,26,31,27,50,61,96,21,5,70,66,39,48,49,58,13,46,80,16,28,23,82,6,88,44,67,75,53,29,98,7,72,89,18,35,9,99,34,36,57,76,32,92,91,79,59,17,63,55,90,71,40,2,15,12,97,83,14,87,54,84,77,56,20,85,68,19,62,69,8
94,22,65,81,9,62,45,50,60,43,86,95,11,93,35,24,78,51,42,3,73,5,4,30,52,1,37,33,71,25,74,26,31,27,47,61,96,21,69,70,66,39,48,49,7,13,46,80,16,28,23,82,6,38,64,67,75,53,29,98,63,72,89,18,88,2,99,34,36,57,76,32,92,17,79,59,0,91,55,90,85,40,41,15,12,97,83,14,87,54,84,77,10,20,56,68,19,44,58,8
94,69,65,16,8,62,45,54,60,43,1,95,11,93,35,24,78,51,42,61,73,5,4,22,52,67,50,33,71,3,74,26,31,27,47,2,96,21,68,70,66,39,48,49,7,13,46,80,89,28,23,82,30,81,64,44,75,53,40,9,63,72,37,18,88,25,99,34,36,57,76,32,92,17,79,59,0,91,55,90,85,6,41,15,12,97,83,14,87,29,84,77,10,20,56,38,19,98,58,86
96,69,62,30,8,21,45,54,60,16,1,36,11,93,35,24,78,51,42,20,73,81,4,22,52,67,50,33,71,3,74,88,31,27,47,2,48,53,68,70,66,39,91,49,7,13,46,80,89,28,23,82,90,64,43,44,75,5,40,9,63,72,37,12,18,25,99,34,65,57,41,32,92,17,79,59,0,94,55,95,85,6,76,15,61,97,83,14,87,29,84,77,10,26,56,38,19,98,58,86
96,69,7,30,8,21,54,64,60,16,1,46,11,47,35,24,78,51,42,70,73,81,99,22,52,62,50,67,71,3,74,88,31,27,33,2,48,53,68,95,66,39,91,49,75,45,36,80,89,28,23,82,58,61,43,44,20,5,40,9,63,13,37,12,18,25,4,34,65,57,41,32,92,17,79,59,0,94,55,72,85,6,93,15,98,90,83,14,87,29,84,77,10,26,56,38,19,76,97,86
96,69,77,30,8,21,54,64,28,94,1,46,11,47,35,24,78,51,82,70,73,81,99,22,52,62,50,67,71,3,74,88,31,27,60,2,48,53,68,95,23,39,91,49,75,45,36,80,89,85,40,16,58,61,43,14,20,5,12,9,63,37,66,15,18,25,4,42,65,57,41,32,92,17,79,59,0,98,19,72,13,34,93,55,29,90,83,6,87,33,84,44,10,26,56,38,7,76,97,86
96,69,53,34,8,30,14,64,28,94,81,79,11,47,35,24,78,51,82,70,54,37,99,22,26,62,50,48,71,52,74,88,31,27,60,2,91,46,68,95,23,39,73,49,75,45,36,80,3,85,40,16,58,61,43,98,20,5,12,1,63,67,66,15,18,25,4,42,65,57,41,9,92,21,77,59,0,44,19,72,13,32,93,55,29,90,83,6,87,33,84,89,10,17,56,38,7,76,97,86
38,69,53,34,8,30,14,80,28,94,81,79,11,47,35,24,96,51,82,70,54,37,99,45,33,62,50,48,71,52,74,59,75,27,60,88,91,46,68,95,23,39,90,49,83,12,36,64,3,85,40,16,5,61,43,98,26,58,42,1,63,67,66,15,18,25,4,20,2,57,41,9,92,21,77,87,0,44,19,72,13,32,93,55,78,65,73,6,31,29,84,89,10,17,56,22,7,76,97,86
38,69,53,34,8,30,46,80,28,94,81,79,11,14,35,24,96,51,82,70,7,37,99,31,33,62,50,48,71,32,74,59,75,52,60,88,56,54,68,95,23,39,90,49,83,3,36,64,22,85,40,15,5,61,43,98,26,58,42,45,18,67,66,91,4,25,92,20,1,57,41,9,47,21,77,87,0,44,27,72,13,63,93,55,78,65,2,6,73,29,84,89,10,17,19,16,12,76,97,86
38,69,53,5,8,30,57,16,81,94,50,79,68,14,35,24,96,88,82,70,51,37,99,31,33,62,46,48,41,32,74,59,75,52,60,13,56,28,9,95,23,39,90,49,83,3,36,64,22,71,40,15,86,61,43,98,26,84,42,45,18,67,66,58,4,25,92,20,1,11,80,85,47,21,77,87,0,44,27,72,63,54,93,55,78,65,2,6,73,29,34,89,10,17,19,91,12,76,97,7
38,48,53,5,57,30,90,78,81,15,50,79,26,14,35,24,96,88,82,66,1,37,99,31,33,62,46,29,41,32,74,59,75,52,60,13,56,28,9,95,94,39,72,49,51,3,36,64,22,71,40,8,86,61,43,98,63,84,42,45,18,83,87,58,4,25,92,20,16,93,80,85,47,21,77,23,0,44,27,69,68,54,17,55,70,65,2,6,73,11,34,89,10,67,19,91,12,76,97,7
92,48,53,5,57,30,34,78,81,47,50,79,26,14,35,24,38,88,90,66,1,63,99,31,33,62,46,29,41,32,74,20,75,52,60,13,56,28,82,70,94,39,72,49,51,3,36,64,22,71,8,68,86,61,40,98,9,84,42,45,18,83,87,58,4,25,37,59,16,97,80,85,43,21,77,23,0,44,27,69,15,96,17,55,7,65,2,95,73,11,6,89,10,67,19,93,12,76,91,54
92,26,53,5,57,29,34,78,81,66,50,91,79,14,35,24,38,88,90,47,1,63,61,31,33,62,46,16,41,58,74,20,75,52,60,13,56,28,82,70,96,39,72,49,94,3,36,64,22,71,8,68,86,77,40,98,2,84,12,45,18,83,87,51,4,32,37,59,25,97,80,85,43,21,67,23,0,44,95,69,15,30,17,55,7,65,27,48,73,11,6,89,10,9,19,93,42,76,99,54
92,26,53,5,57,29,34,18,81,66,83,91,22,14,79,24,45,88,90,35,1,63,37,31,33,48,46,42,41,32,25,20,75,52,60,13,56,28,82,70,96,39,72,58,94,3,36,64,61,71,8,68,86,77,40,98,2,84,12,38,49,76,87,51,4,62,23,59,78,97,80,85,16,21,67,43,0,44,95,69,15,30,17,55,7,74,27,65,73,11,6,89,10,9,19,93,50,47,99,54
92,26,53,5,57,32,34,18,81,94,83,91,22,14,79,24,45,88,90,35,20,0,37,43,8,48,46,42,41,44,25,31,75,52,47,13,10,80,82,70,96,39,72,58,1,3,36,64,97,71,29,68,86,77,40,98,60,84,12,38,49,76,87,51,4,62,23,50,78,61,2,85,16,21,67,59,56,63,95,69,15,30,17,55,7,74,27,28,73,11,6,89,33,9,19,93,66,65,99,54
48,26,53,5,28,32,34,18,81,94,83,91,22,14,79,24,45,88,90,85,20,0,92,64,8,67,7,35,41,44,37,31,75,52,66,13,10,80,25,70,96,39,72,58,59,3,36,47,42,71,29,68,86,77,40,98,60,84,12,38,49,76,87,51,4,82,23,50,78,61,2,43,16,21,27,46,56,63,95,65,15,30,17,55,99,74,69,97,73,11,6,89,33,9,19,93,62,1,57,54
48,26,53,5,28,32,34,18,81,96,83,91,17,95,79,24,77,22,90,78,20,0,14,64,8,67,7,35,41,44,37,66,33,52,94,88,10,80,25,70,45,39,72,58,59,3,36,47,42,71,29,68,86,21,40,98,60,84,31,38,49,76,13,51,4,85,75,50,92,61,12,43,16,55,27,46,56,63,82,65,15,30,73,23,99,74,69,97,2,11,6,89,87,9,19,93,62,1,57,54
27,26,6,5,28,82,34,18,81,96,83,91,17,95,79,32,77,22,64,78,20,0,14,31,8,67,7,35,41,44,37,66,33,52,94,55,10,80,25,70,45,39,72,46,59,3,36,47,42,71,53,68,86,21,40,75,60,38,99,84,49,76,13,51,4,85,88,50,92,61,12,43,93,48,29,30,56,63,9,65,24,90,73,23,58,74,69,97,2,11,15,89,87,98,19,16,62,1,57,54
27,26,6,5,28,81,34,18,19,40,83,82,17,41,67,32,77,35,64,78,20,0,14,89,8,22,7,75,99,44,69,66,33,52,94,55,10,80,25,70,45,39,74,46,59,3,36,47,42,71,53,68,86,21,91,37,60,38,95,84,49,76,13,51,4,79,87,50,92,61,12,43,93,48,29,30,56,63,9,65,24,90,73,23,58,57,85,97,2,11,15,88,1,98,31,16,62,96,72,54
27,26,78,10,28,81,34,18,19,40,83,82,17,16,67,32,77,35,64,15,20,0,14,89,62,22,7,75,99,44,69,66,33,52,12,55,39,13,79,70,45,6,74,46,59,3,36,47,42,11,53,68,86,21,91,37,60,38,41,84,49,76,71,29,4,8,87,50,92,61,51,43,93,48,95,80,5,63,9,65,24,25,73,23,58,57,85,97,2,94,30,88,1,98,31,54,90,96,72,56
27,53,78,10,28,81,94,97,19,40,83,82,17,16,37,32,77,35,64,71,20,54,14,89,62,22,7,75,12,44,69,66,33,52,70,55,39,15,79,30,60,67,74,46,59,3,36,47,42,11,6,68,86,21,91,13,26,61,41,84,50,76,96,29,4,8,87,18,92,49,51,43,93,48,95,80,5,63,9,65,24,25,73,23,58,57,85,45,2,0,34,88,1,98,31,99,90,38,72,56
27,25,78,10,28,81,94,97,19,40,83,82,17,16,37,36,5,35,77,64,66,54,14,89,62,22,7,75,12,44,69,29,33,48,41,55,71,15,79,96,60,67,74,46,59,3,53,47,42,11,6,76,86,21,91,68,26,61,70,84,50,13,49,45,4,8,87,18,92,32,51,43,30,52,95,80,85,63,9,65,24,39,73,23,58,57,93,20,2,0,34,88,1,98,31,99,90,38,72,56
27,82,78,21,28,81,94,97,19,40,83,11,17,16,37,36,5,35,77,64,66,54,14,89,80,22,25,75,12,7,69,9,33,4,41,55,71,15,79,96,60,67,74,31,59,62,53,47,29,73,6,76,86,57,91,68,26,3,70,84,50,13,49,65,30,10,87,18,92,32,51,43,46,52,95,42,85,63,44,8,24,39,45,23,58,61,93,20,2,0,48,88,1,98,34,99,90,38,72,56
27,82,78,60,28,81,94,97,19,40,38,11,17,16,37,36,90,35,77,64,66,54,14,89,80,22,25,75,72,7,69,9,33,4,41,55,71,15,45,96,5,50,12,31,59,62,53,79,29,61,6,76,86,84,91,68,26,3,70,74,47,57,49,65,30,10,87,18,92,73,51,43,46,52,32,42,8,63,44,95,24,39,0,23,58,99,93,20,2,21,48,88,1,98,34,13,83,85,67,56
27,82,79,15,53,81,94,60,19,90,93,11,17,16,37,36,38,35,77,34,66,6,14,89,80,22,25,75,72,7,69,9,33,4,67,55,71,26,45,96,5,50,12,31,59,62,74,78,68,61,20,76,86,84,91,41,29,32,70,40,47,57,49,65,30,10,87,18,92,73,51,43,46,52,64,42,8,63,44,95,24,39,0,97,58,99,54,3,2,21,48,88,1,98,23,13,83,85,28,56
27,82,79,69,53,81,94,60,19,90,93,38,15,16,37,36,96,35,77,31,47,6,99,89,80,22,43,75,72,7,95,9,33,4,67,55,71,26,45,14,5,50,12,11,59,62,74,78,68,61,20,76,86,84,91,41,29,32,70,40,66,57,1,65,30,10,87,18,25,73,8,64,46,52,51,42,92,63,44,17,24,39,0,97,23,58,49,3,2,21,48,88,98,54,34,13,83,85,28,56
27,82,51,69,26,81,94,60,30,90,93,38,15,16,37,9,85,34,77,65,47,6,99,89,80,22,43,75,35,7,95,66,33,4,67,55,71,79,53,14,5,58,12,11,59,62,42,78,68,18,20,76,86,84,91,41,29,32,70,72,19,57,1,31,96,10,87,56,25,73,8,64,46,52,36,61,92,63,44,17,24,39,0,97,23,50,49,3,2,21,48,88,98,54,40,13,83,45,28,74
27,82,57,69,81,46,94,60,35,88,16,38,15,56,37,26,85,34,77,80,47,6,99,67,90,22,43,75,0,7,95,66,33,4,59,55,71,79,30,14,5,58,12,11,91,62,42,78,68,18,20,76,86,84,29,51,96,32,70,72,19,41,1,31,74,10,87,65,25,73,8,64,53,52,36,61,92,63,44,17,24,39,93,97,23,50,49,3,2,21,48,9,98,54,40,13,83,45,28,89
27,82,5,69,81,46,94,60,35,88,16,6,50,15,37,26,85,34,67,87,47,86,98,23,90,22,43,75,0,7,95,66,33,4,59,55,71,79,30,14,80,58,12,11,91,62,49,78,68,18,20,76,57,84,29,51,96,32,70,72,19,41,83,31,74,10,92,65,25,73,38,64,53,52,36,99,77,97,44,1,24,39,93,8,17,61,42,3,2,21,48,9,56,54,40,13,63,45,28,89
27,43,5,65,81,46,94,54,35,88,16,6,50,23,37,26,85,34,67,87,47,86,15,29,90,66,38,75,0,7,95,72,52,4,59,96,71,79,30,14,80,58,12,11,91,62,49,78,22,18,20,76,57,84,68,51,98,32,70,33,19,41,83,31,60,10,92,8,25,73,74,64,53,55,36,99,77,97,44,1,24,39,28,42,17,61,63,3,2,21,48,9,56,82,40,13,93,45,69,89
27,43,5,65,81,69,94,54,35,88,16,6,14,23,18,26,85,50,67,91,47,86,15,29,90,70,38,75,0,53,95,25,52,4,59,96,3,79,30,77,80,58,12,11,8,62,49,78,22,72,20,76,57,84,37,51,98,7,45,33,19,41,83,31,60,10,92,68,66,73,74,64,71,55,36,99,28,97,44,1,24,39,32,42,17,87,34,46,2,21,48,9,56,82,40,13,93,63,61,89
27,43,5,65,81,69,94,54,29,12,16,6,14,23,32,25,85,50,67,91,47,59,15,57,90,70,26,75,0,18,87,8,52,4,53,96,3,79,30,77,80,58,38,11,19,62,49,78,22,72,20,76,2,84,37,51,98,7,45,34,99,41,83,31,88,10,92,68,66,73,74,95,71,55,36,9,28,97,44,1,24,39,64,42,17,48,86,46,33,21,35,60,56,82,40,13,93,63,61,89
27,43,5,42,81,69,54,71,29,26,16,6,14,23,32,25,48,46,67,12,99,24,93,57,90,70,85,62,0,18,87,8,96,4,53,80,3,79,30,77,47,58,75,11,19,15,49,78,22,72,20,76,2,84,37,50,98,7,45,34,38,41,83,31,88,10,92,68,66,73,74,95,52,55,36,9,28,97,44,1,59,39,64,91,17,51,86,65,33,21,35,60,56,82,40,13,94,63,61,89
27,43,5,42,81,69,7,71,70,63,20,6,14,23,32,2,48,46,67,36,99,24,93,57,90,10,85,62,0,18,87,35,96,4,53,80,8,28,30,77,47,58,75,11,19,15,49,78,22,72,91,76,66,84,37,50,98,73,45,34,38,41,83,31,88,16,92,68,94,3,74,95,52,55,26,9,29,97,44,1,59,39,64,25,17,51,56,65,33,21,79,60,86,82,54,13,40,12,61,89
99,43,5,75,81,69,7,71,98,21,20,6,14,23,32,2,87,46,67,42,9,24,93,57,0,22,85,62,74,18,36,31,96,4,53,80,8,28,30,77,47,58,70,11,10,15,49,35,38,72,91,90,66,84,37,50,12,73,45,34,78,41,83,63,88,16,92,68,94,3,27,95,52,55,26,48,29,97,44,1,59,39,64,25,17,51,56,65,33,19,79,60,86,82,54,13,40,61,76,89
99,64,5,75,0,69,7,20,98,21,55,6,43,23,32,2,87,46,67,42,9,24,71,57,38,22,85,62,74,18,36,96,76,4,53,80,8,28,30,86,47,58,70,31,94,15,49,35,50,72,91,90,66,27,37,81,12,73,65,34,78,41,83,63,88,16,92,14,77,10,45,95,52,3,26,48,29,97,44,1,59,39,84,25,17,51,56,93,33,19,79,60,68,82,54,13,40,61,11,89
42,64,84,75,25,69,7,20,98,21,55,82,43,23,32,8,87,22,67,19,9,24,71,6,38,5,85,62,31,18,36,96,63,4,53,80,70,27,30,86,47,58,99,46,94,15,49,35,50,72,91,90,66,0,83,57,12,73,65,34,78,41,28,74,88,16,92,14,77,10,45,95,52,3,26,48,29,97,44,1,59,39,81,11,17,51,56,93,33,37,79,60,68,76,54,13,40,61,2,89
42,64,84,75,25,7,23,20,9,98,80,12,43,5,32,8,87,76,67,19,57,21,71,6,30,77,85,62,31,82,36,96,63,4,53,47,70,27,69,86,18,58,99,46,94,15,49,35,50,72,91,90,66,0,83,39,65,73,22,34,78,55,28,74,88,16,92,14,2,10,45,95,52,3,26,48,38,97,44,1,59,29,81,11,17,51,56,93,33,37,79,60,68,24,54,13,40,61,41,89
42,48,84,75,25,7,23,20,9,98,80,12,49,5,32,8,87,44,67,19,57,64,71,6,30,77,85,62,31,82,21,96,73,4,53,99,70,27,69,86,18,52,16,46,94,15,3,35,50,72,91,90,66,0,83,76,65,24,22,33,78,55,28,74,88,36,92,37,2,10,39,95,45,34,26,43,38,97,63,1,59,29,81,61,17,51,56,93,58,11,79,60,68,14,54,13,40,47,41,89
42,48,84,75,25,7,23,47,9,98,80,53,49,5,32,8,45,44,67,19,57,64,71,6,30,76,85,62,31,82,21,96,77,4,0,99,70,27,69,86,18,10,16,46,94,15,12,54,50,14,91,90,66,51,87,72,65,24,22,33,78,55,34,74,88,36,92,35,83,2,39,95,37,3,26,43,38,97,63,1,59,29,81,61,17,93,56,89,58,11,79,60,68,52,20,13,40,28,41,73
1,48,58,75,25,7,23,47,9,98,80,53,49,5,32,85,45,44,67,19,60,64,71,6,30,76,54,62,31,82,21,96,77,4,0,99,70,57,69,86,18,10,16,63,94,15,97,12,50,14,91,41,66,51,87,68,65,24,22,33,72,55,34,74,88,36,92,42,83,2,39,95,37,3,89,43,38,52,27,90,59,29,81,61,26,93,56,84,8,11,79,17,73,46,20,13,40,28,78,35
1,48,77,75,25,0,23,47,9,98,80,53,49,5,94,85,62,82,67,19,7,64,71,6,30,69,54,20,31,45,32,96,38,24,22,60,70,99,29,86,18,10,37,63,16,15,97,12,50,14,91,41,66,51,87,68,65,4,84,33,72,55,34,74,88,36,92,42,83,2,39,95,58,3,89,43,44,52,27,90,59,57,81,61,26,93,56,76,8,11,79,17,73,46,21,13,40,28,78,35
1,48,84,75,25,12,23,47,9,98,20,53,49,5,80,70,94,82,67,19,7,64,76,6,99,69,92,71,31,45,32,54,96,24,22,60,57,38,29,86,18,10,37,63,16,0,97,30,50,14,91,15,62,51,87,68,65,4,41,33,72,55,34,74,88,36,85,42,56,2,39,95,58,3,89,43,44,52,27,90,59,83,81,61,26,93,11,66,8,77,79,17,73,46,21,13,40,28,78,35
1,48,84,13,25,12,23,47,9,98,20,74,75,5,80,50,94,53,67,19,7,64,76,6,99,66,40,71,31,45,8,54,96,24,22,60,57,38,29,88,18,10,86,63,16,0,97,30,33,14,91,15,62,17,87,68,65,4,41,32,82,55,73,70,37,36,85,42,56,2,39,95,58,3,89,43,44,52,27,90,59,49,81,61,26,93,11,69,72,77,83,51,92,46,21,79,34,28,78,35
1,48,84,64,25,12,23,47,9,7,20,74,75,34,80,50,94,53,67,19,22,24,76,6,99,66,40,71,31,45,8,54,95,96,21,60,57,38,5,88,18,10,86,13,16,0,97,15,33,14,35,63,62,17,87,68,65,4,41,32,89,55,73,70,92,36,85,42,91,2,39,56,58,3,29,43,44,52,27,90,30,49,81,61,26,93,11,98,72,77,83,51,82,46,37,59,79,28,78,69
1,48,52,64,25,81,23,47,59,7,20,74,75,34,80,50,4,53,67,19,94,24,76,6,99,66,40,10,31,8,26,54,45,96,21,72,57,38,5,88,97,27,86,13,16,0,84,15,33,14,35,63,62,2,87,68,65,17,41,32,89,55,73,70,92,36,85,42,91,95,39,56,58,3,29,90,44,43,9,12,30,49,18,61,60,93,11,98,22,77,83,51,82,46,37,79,71,28,78,69
75,48,52,64,25,81,68,47,59,7,54,4,83,34,80,50,62,79,67,19,1,53,76,74,99,66,40,94,31,8,26,14,45,96,21,72,57,38,5,88,97,27,86,13,16,0,84,15,33,10,35,63,89,2,87,61,65,17,41,32,6,55,73,82,92,36,23,42,91,95,39,56,58,85,29,90,44,43,9,12,30,49,18,20,60,93,11,98,24,77,46,51,22,70,37,3,71,28,78,69
75,48,52,22,13,81,68,47,16,7,9,64,61,34,80,50,62,79,67,19,1,53,76,74,99,58,40,46,31,8,43,14,45,96,21,72,57,38,5,88,97,27,86,33,25,0,84,15,92,10,35,63,89,2,4,87,65,17,41,59,6,55,18,82,26,36,23,42,91,29,39,56,94,85,83,90,44,66,54,12,30,49,73,20,60,93,11,98,24,77,95,51,32,70,37,3,71,28,78,69
75,48,6,49,13,81,68,47,16,7,9,83,61,34,80,50,62,79,67,1,35,53,76,74,99,58,40,19,31,0,43,14,46,96,21,72,57,38,25,88,97,27,86,33,8,29,84,15,92,45,22,37,77,2,4,87,65,17,41,63,52,55,42,82,26,36,23,54,91,5,39,56,94,85,89,90,44,66,18,12,30,59,73,20,60,93,11,98,24,64,95,51,32,70,10,3,71,28,78,69
90,48,6,49,13,81,68,47,95,7,9,83,61,34,80,50,62,79,70,1,94,53,76,67,99,58,12,19,93,0,43,14,46,40,75,72,57,38,30,44,97,27,35,74,8,29,84,15,92,45,22,37,77,2,4,87,65,17,41,63,52,55,42,82,88,36,23,54,91,21,39,56,71,85,89,26,98,66,18,5,25,59,73,20,60,96,11,16,24,64,31,51,32,86,10,3,33,28,78,69
69,87,6,49,13,81,68,47,95,7,9,83,61,34,80,50,62,79,11,1,56,72,76,92,96,58,12,94,93,0,43,14,46,40,75,67,57,38,30,44,97,27,35,74,8,29,84,15,36,45,22,37,77,2,99,78,65,90,41,86,52,55,26,82,88,48,23,54,91,21,39,42,71,85,89,19,98,66,18,4,25,59,73,20,60,17,53,16,24,5,31,51,32,70,10,3,33,28,64,63
69,87,6,49,5,81,68,18,95,9,42,83,61,34,98,50,62,79,11,1,56,52,76,92,96,58,84,94,47,0,43,14,46,40,75,67,57,38,30,91,97,27,35,21,8,29,12,15,72,45,22,26,93,80,99,78,65,90,41,86,44,55,2,82,88,48,23,54,64,77,39,13,71,85,89,19,74,7,66,4,25,59,73,20,60,17,53,16,24,37,31,51,32,70,10,3,33,28,36,63
69,87,6,49,99,81,68,18,95,9,42,63,61,34,64,50,62,3,11,1,56,52,37,92,96,58,30,94,47,0,43,32,57,40,75,76,5,38,88,91,98,27,35,21,8,79,67,15,72,45,22,26,93,80,82,78,65,90,41,86,44,55,2,4,97,48,23,54,12,77,39,13,71,85,89,19,74,7,66,84,29,59,73,20,60,17,53,16,83,14,31,51,24,70,10,25,33,28,36,46
69,87,98,17,99,81,68,18,95,16,42,63,61,34,64,50,90,3,11,1,56,52,37,51,96,58,30,94,47,89,43,32,57,40,75,76,5,38,88,91,72,27,35,21,8,79,67,15,29,45,22,26,93,80,82,78,65,25,62,86,2,9,41,4,97,48,23,54,12,77,39,71,92,85,0,19,74,7,66,84,13,55,44,6,60,73,53,31,83,14,59,20,24,70,10,49,33,28,36,46
69,87,98,17,99,81,8,18,95,16,42,63,61,34,53,57,90,3,11,4,56,52,37,68,96,58,30,94,47,89,43,32,65,40,75,76,5,38,88,13,72,35,50,21,10,79,67,15,29,45,27,26,93,92,73,78,85,25,62,86,2,9,41,91,97,48,23,54,12,77,80,71,82,51,0,19,74,64,66,84,7,55,22,6,60,20,1,31,83,14,59,39,24,70,44,49,33,28,36,46
69,87,98,17,43,81,50,18,95,16,42,63,61,34,53,57,90,3,11,97,56,0,37,68,96,58,30,7,8,10,85,32,65,33,75,76,5,38,88,13,72,52,4,21,94,79,67,15,29,45,27,46,6,92,73,26,93,25,62,86,2,9,41,91,89,48,23,54,12,77,47,71,82,51,99,35,74,64,66,84,19,55,22,70,60,20,1,31,83,14,59,39,24,78,44,49,80,28,36,40
69,78,98,17,35,81,50,18,23,16,94,27,61,34,53,57,90,3,9,97,56,71,37,68,96,58,30,7,8,10,85,32,65,99,75,82,5,38,88,13,72,52,4,21,48,79,67,15,29,45,43,46,6,92,33,26,93,25,62,86,2,63,41,91,66,11,89,54,73,77,47,31,76,51,12,95,74,64,0,84,19,55,22,70,60,20,1,40,83,14,59,39,24,42,44,49,80,28,36,87
69,78,98,17,35,34,50,10,71,57,94,96,61,74,53,68,90,23,9,97,56,18,37,3,38,58,30,7,8,6,85,32,25,99,75,82,5,65,88,13,24,52,4,21,48,79,67,15,29,45,43,46,81,92,31,26,93,83,2,86,16,63,41,91,66,11,89,54,73,77,47,33,76,51,12,95,72,64,0,84,19,55,22,70,60,27,1,40,20,14,59,39,62,42,44,49,80,28,36,87
69,38,98,55,35,34,50,84,71,57,94,17,61,41,45,68,90,23,9,97,56,18,37,62,3,58,30,7,8,6,85,32,25,99,75,82,5,65,88,13,24,52,4,21,48,79,67,15,10,27,96,46,81,92,31,26,93,29,2,70,16,63,72,91,66,11,89,54,73,77,47,74,76,51,12,95,64,33,0,40,19,83,22,78,60,14,43,1,20,53,59,39,86,42,44,49,80,28,36,87
69,92,98,55,35,19,85,84,71,57,94,17,61,76,45,68,90,23,9,60,53,34,37,62,3,58,30,7,8,18,47,43,25,99,75,82,5,65,88,13,24,52,4,21,48,79,67,15,10,56,96,46,81,49,31,26,0,29,2,70,16,63,42,91,66,11,89,54,73,77,14,74,72,51,12,95,64,33,22,40,97,83,50,78,93,27,41,1,20,38,59,39,86,6,44,32,80,28,36,87
13,17,98,55,35,19,85,84,71,15,94,50,61,76,65,68,90,23,9,60,33,34,70,62,3,20,30,7,29,18,47,43,25,99,8,82,5,87,88,37,48,52,4,21,57,79,67,58,10,28,96,46,24,45,31,26,0,92,2,49,16,63,42,91,66,11,89,54,73,77,14,74,72,51,12,95,64,53,22,40,97,83,75,78,93,27,41,1,69,38,59,39,86,6,44,32,80,56,36,81
13,17,98,1,24,35,85,84,71,15,94,50,61,54,65,68,90,23,55,60,6,34,70,39,3,20,30,7,48,81,47,43,4,99,8,41,5,87,88,37,32,52,33,21,57,79,67,58,10,28,96,46,92,45,51,26,0,25,2,49,16,63,42,91,66,11,89,76,73,77,14,74,72,19,12,95,64,53,22,40,97,18,75,78,93,27,83,82,69,38,59,62,86,9,44,29,80,56,36,31
28,17,98,73,24,35,47,84,71,15,94,50,61,54,65,74,90,23,21,30,6,34,70,39,3,20,66,7,48,81,46,43,4,99,8,41,5,87,88,37,45,0,33,58,57,79,67,80,10,52,96,55,92,32,51,26,95,25,2,59,16,63,42,91,68,11,89,76,31,77,14,1,72,19,12,83,64,53,22,40,97,18,75,78,93,27,13,82,69,38,49,62,86,9,44,29,60,56,36,85
28,17,37,73,24,32,47,84,71,78,94,39,61,54,65,74,90,23,21,30,6,34,50,70,3,20,66,7,48,13,46,43,4,99,8,41,5,87,88,58,45,0,33,75,57,79,67,80,10,52,96,55,11,93,12,26,81,51,2,35,16,63,42,91,92,68,89,76,31,77,14,1,72,59,95,83,64,53,22,40,18,25,97,19,98,27,15,82,69,38,49,62,86,9,44,29,60,56,36,85
28,70,37,73,24,32,47,84,95,30,94,39,61,54,75,74,78,23,21,7,6,34,50,41,3,20,66,89,48,26,46,43,4,99,8,22,58,87,88,33,71,0,13,38,57,79,67,5,10,52,96,55,11,93,12,45,81,17,2,35,65,63,42,91,92,68,90,76,51,77,14,1,72,59,80,83,64,53,36,40,18,25,97,19,98,27,15,82,69,31,49,62,86,9,44,29,60,56,16,85
28,9,37,73,24,32,99,51,95,30,94,39,16,54,75,74,78,23,21,6,79,34,50,41,3,20,66,89,48,26,47,43,4,7,8,22,58,87,88,35,71,0,13,38,57,46,67,5,10,33,96,55,11,93,62,36,81,84,2,61,65,63,42,91,92,68,90,76,52,31,14,1,56,17,80,83,64,53,45,40,18,25,97,19,98,27,15,82,69,70,49,59,86,72,44,29,60,12,77,85
28,56,37,73,24,32,99,52,4,30,94,39,68,16,75,74,78,23,21,6,79,34,50,41,3,20,66,89,48,26,47,43,33,7,8,22,58,92,88,35,71,0,13,38,57,46,67,85,10,2,64,9,11,93,62,36,81,84,29,95,65,49,42,91,1,87,90,76,96,31,14,19,5,17,80,83,55,53,45,40,18,25,97,54,98,27,15,82,69,70,51,61,86,72,44,63,60,12,77,59
28,62,76,73,24,32,99,52,4,30,94,39,68,16,75,74,78,23,21,6,79,34,50,41,3,20,66,63,48,26,92,43,33,7,8,22,58,1,88,35,71,0,13,38,40,46,85,72,10,93,64,9,11,56,95,36,47,84,29,70,65,49,42,91,83,87,90,67,96,57,14,19,5,17,80,31,55,53,45,89,18,25,37,60,2,27,15,82,69,81,51,61,86,54,44,97,98,12,77,59
28,62,76,53,89,32,99,52,4,30,94,20,83,16,75,74,78,23,21,6,79,34,50,41,3,24,66,63,40,26,39,43,33,7,8,22,58,1,88,35,71,84,48,38,82,46,85,77,10,27,64,9,11,56,95,36,68,55,29,70,65,49,42,91,90,87,13,67,96,57,14,19,5,17,80,31,69,60,45,0,18,25,37,93,2,47,15,98,72,81,51,61,86,54,44,97,73,12,92,59
28,72,76,53,89,32,99,77,52,30,94,91,83,59,75,74,78,81,21,6,79,34,50,41,3,24,46,63,40,26,39,57,33,7,8,16,58,1,88,35,71,84,48,38,82,65,85,22,10,27,64,9,11,56,95,36,68,55,20,70,96,66,42,44,90,87,13,67,62,4,14,19,25,17,5,31,69,60,45,0,18,80,37,93,2,29,15,98,23,47,51,61,86,54,43,97,73,12,92,49
28,72,76,74,31,77,99,53,59,30,10,91,83,12,75,8,78,32,21,6,79,34,50,41,3,24,93,63,40,26,39,57,33,7,27,16,58,1,89,35,90,84,54,71,82,65,85,22,38,68,64,9,11,56,95,36,88,55,20,70,96,66,42,44,81,87,13,67,62,4,14,19,25,17,5,48,52,60,45,0,18,69,37,94,2,29,15,98,23,47,51,61,86,46,43,97,73,80,92,49
28,72,76,74,31,77,99,53,59,30,10,91,38,12,75,24,78,44,21,6,79,7,50,41,3,8,93,20,40,65,39,57,33,1,58,16,26,34,89,35,90,84,54,71,82,45,85,22,2,68,64,9,11,56,95,36,88,55,69,70,96,83,42,18,81,87,13,67,62,4,14,63,25,17,5,48,52,60,27,0,61,23,32,94,86,29,15,98,19,47,51,66,37,46,43,97,73,80,92,49
28,72,11,74,31,83,99,90,59,30,53,91,38,12,75,80,78,44,21,6,79,7,55,17,3,8,93,20,40,65,39,57,33,1,96,16,26,34,89,97,24,84,51,71,82,45,85,22,2,60,64,9,98,56,95,36,68,50,69,70,4,10,42,18,81,87,13,67,62,41,58,63,25,54,5,48,52,88,27,0,61,23,32,94,86,29,15,14,19,47,76,66,37,46,43,35,73,77,92,49
28,72,52,34,49,8,26,99,59,30,53,91,38,12,75,77,78,44,36,6,79,7,55,17,3,95,93,20,40,65,39,57,33,1,96,16,54,74,89,97,24,84,51,71,82,45,85,22,2,60,64,9,98,56,31,11,68,50,69,70,4,23,73,18,81,87,83,67,62,41,58,63,25,80,5,48,61,42,27,0,66,90,32,94,86,29,15,14,19,47,76,21,37,46,43,35,88,10,92,13
49,72,52,34,29,8,13,99,59,30,53,36,79,12,75,91,78,44,38,6,26,43,55,17,69,95,93,20,40,65,39,57,46,1,96,28,54,74,89,97,24,3,51,71,82,45,85,22,2,67,64,33,98,56,31,11,68,50,27,70,4,23,73,18,81,87,83,7,62,41,58,63,9,80,77,48,61,60,5,0,66,90,32,94,86,84,15,14,19,47,76,21,37,25,42,35,88,10,92,16
49,72,45,34,29,8,13,52,59,30,53,36,79,12,75,91,78,87,38,6,26,43,55,17,69,82,93,20,41,65,39,95,46,1,96,83,9,74,2,97,24,3,51,71,57,54,85,22,56,67,11,33,28,42,31,99,68,50,27,70,4,23,73,18,81,40,64,7,62,5,58,98,84,80,77,48,63,60,44,0,66,90,32,94,86,61,15,14,19,47,76,21,37,25,89,35,88,10,92,16
49,70,40,34,74,98,13,52,59,30,53,36,79,12,75,91,78,87,38,6,26,43,55,17,69,93,24,32,41,65,37,95,46,1,33,83,9,94,2,97,72,3,51,71,57,54,50,22,56,67,11,85,28,42,31,99,68,66,27,39,4,23,73,18,82,81,64,7,62,5,29,96,20,80,77,48,63,60,44,0,84,90,58,10,86,61,15,14,19,47,76,21,45,25,89,35,88,8,92,16
97,70,40,62,74,98,13,52,59,30,53,44,79,12,49,91,78,87,38,6,32,43,55,45,69,93,24,89,41,23,37,95,17,1,33,94,9,80,2,46,72,3,65,71,57,54,50,22,56,67,11,85,28,42,31,99,68,66,27,39,4,51,73,18,82,81,64,86,26,5,29,96,20,0,77,34,63,60,83,75,84,90,58,10,19,61,15,14,7,47,76,21,36,25,8,35,88,48,92,16
97,86,40,62,77,63,13,52,59,30,53,44,79,83,49,91,78,42,38,6,32,87,55,45,69,93,88,3,41,23,37,95,51,75,33,94,9,80,2,46,72,24,58,71,57,54,50,22,56,67,11,85,28,81,31,99,68,66,27,39,4,98,73,18,82,26,64,17,65,5,29,96,1,0,20,34,74,60,70,89,84,90,43,10,19,61,15,14,7,47,76,21,36,25,8,35,16,48,92,12
97,86,69,62,77,31,13,52,59,30,53,44,79,83,49,91,78,42,38,6,32,29,55,45,68,93,71,3,41,95,37,63,51,14,33,94,9,80,84,46,72,24,58,60,57,54,50,22,56,23,11,85,67,92,8,99,75,66,21,39,4,98,73,18,82,26,64,17,65,5,87,96,1,27,20,34,88,40,70,89,81,90,43,10,19,61,15,28,7,47,76,0,36,25,2,35,16,48,74,12
97,86,69,62,77,31,13,52,59,30,79,53,23,66,49,91,78,42,38,6,64,29,60,45,68,19,71,65,41,95,37,63,51,14,33,94,9,27,0,46,72,24,58,4,57,54,84,22,56,98,11,85,67,92,50,99,83,3,21,39,93,44,73,18,82,26,1,17,88,5,87,96,8,80,20,34,75,40,70,89,81,90,43,10,32,61,15,28,7,47,76,55,36,25,2,35,16,48,74,12
97,86,69,62,77,56,13,52,59,30,16,29,79,66,49,4,78,42,38,6,14,23,60,45,68,19,71,65,41,95,31,63,81,15,33,94,9,44,0,46,51,24,72,26,57,54,84,22,73,98,11,85,67,92,50,99,83,3,21,39,93,64,8,37,82,20,1,17,88,5,87,96,27,80,58,34,53,40,70,89,75,90,43,10,32,61,18,28,7,47,76,55,36,25,2,35,91,48,74,12
97,86,45,62,77,56,93,69,59,85,16,29,79,66,49,4,21,52,38,6,14,23,60,48,68,32,71,65,41,95,31,63,81,15,33,94,30,44,0,46,51,24,72,26,57,98,74,22,73,13,11,2,67,92,50,99,83,3,84,39,42,64,8,19,82,20,54,17,58,5,87,96,27,80,78,34,53,88,70,89,75,90,43,10,9,61,18,28,7,47,76,55,36,25,1,35,40,37,91,12
97,86,45,24,11,65,93,69,59,35,16,53,28,66,49,4,21,52,38,6,14,23,60,48,29,32,71,5,41,95,31,63,81,15,33,94,30,44,92,46,77,98,72,26,57,51,58,85,73,13,22,2,67,56,50,99,83,3,84,39,42,64,8,19,82,20,79,17,7,34,68,96,27,80,78,74,62,88,70,89,75,90,43,10,9,61,18,0,87,47,76,55,36,25,1,54,40,37,91,12
35,86,45,24,11,65,20,69,59,36,16,53,28,66,49,4,21,52,47,6,14,23,60,54,29,32,71,5,90,74,31,63,81,15,33,94,40,44,92,46,77,97,72,26,57,51,58,85,73,13,22,2,67,38,50,99,83,3,84,39,42,98,79,27,82,41,78,17,7,34,8,96,48,80,68,95,62,30,70,89,75,93,43,10,9,61,18,0,87,88,76,55,19,25,1,64,56,37,91,12
41,86,45,90,11,65,3,69,59,36,72,53,28,66,49,4,21,52,47,6,37,23,60,54,29,32,71,5,35,74,88,63,81,15,97,94,30,44,92,46,50,77,0,26,57,51,58,85,73,13,22,2,67,38,16,99,83,8,84,39,42,98,79,48,82,87,78,17,68,34,31,96,27,80,33,95,62,40,70,89,75,93,43,10,9,61,18,20,7,24,76,55,19,25,1,64,56,14,91,12
41,86,45,90,11,91,3,24,59,36,72,92,28,66,49,96,21,52,47,6,37,23,60,54,89,32,71,5,2,74,88,63,18,15,97,94,30,44,73,46,50,77,0,9,57,51,58,85,61,13,22,82,65,38,16,99,26,8,84,67,42,81,35,48,39,87,78,17,68,34,31,69,27,80,33,95,62,40,70,4,75,93,43,10,98,83,1,20,7,29,76,55,19,25,79,64,56,14,53,12
30,86,45,90,11,91,3,24,59,36,72,92,28,12,49,96,21,52,47,6,58,23,60,53,89,32,93,5,2,74,88,18,65,78,66,94,62,44,73,46,50,77,0,9,57,51,71,85,61,13,22,82,1,38,16,99,26,54,97,67,42,63,35,48,39,87,31,17,68,34,37,81,27,80,33,95,98,40,70,4,41,69,43,10,8,83,84,20,7,29,76,55,19,25,79,64,56,14,15,75
30,86,45,53,11,74,3,24,1,36,72,92,28,12,49,96,21,52,47,6,58,48,60,62,89,23,93,5,2,44,88,18,65,78,66,94,91,99,73,83,50,51,0,9,57,64,71,85,27,13,22,82,90,38,16,7,26,54,97,67,42,63,35,32,39,15,31,17,84,34,37,81,46,80,33,95,98,40,70,4,41,69,43,10,87,59,8,20,61,29,76,55,19,25,79,68,56,14,77,75
30,86,45,82,11,74,3,24,61,36,72,90,28,12,73,96,21,52,47,37,58,83,60,62,56,20,93,5,2,44,88,18,65,78,66,53,59,99,68,19,50,51,8,9,57,64,71,85,27,13,22,49,80,38,16,7,26,54,97,67,42,63,35,32,39,15,31,17,84,34,95,81,46,92,33,94,98,40,70,4,41,69,43,10,87,23,48,6,89,29,76,55,91,25,79,1,0,14,77,75
59,86,37,82,11,74,3,24,61,36,72,90,81,12,49,96,21,92,47,58,87,83,60,97,56,20,93,5,2,44,88,40,65,78,66,53,45,99,68,19,50,67,8,9,57,64,71,85,18,29,22,6,80,13,16,7,26,54,27,30,42,63,35,32,39,15,31,17,84,34,95,52,46,70,33,94,98,62,28,4,41,69,43,10,91,23,48,73,89,51,76,55,38,25,79,1,0,14,77,75
41,86,37,82,11,74,3,24,61,36,72,90,81,12,49,96,21,92,47,13,87,65,60,97,35,20,93,5,2,44,88,40,83,78,66,53,45,18,68,19,50,67,8,56,54,77,71,85,39,29,22,6,80,4,16,7,26,52,27,58,42,63,57,32,99,10,31,17,84,51,95,76,46,70,33,94,98,62,28,15,64,69,43,48,91,23,9,73,89,34,59,55,38,25,79,1,0,14,30,75
41,86,43,82,51,74,3,24,61,36,72,90,11,12,49,96,21,85,47,13,87,65,26,97,35,20,93,5,2,94,88,44,83,71,66,53,45,98,68,19,0,67,8,14,60,77,16,56,39,29,22,6,80,4,78,7,54,52,27,58,42,63,57,32,99,10,31,92,84,34,95,76,46,70,40,81,18,62,28,15,64,69,50,48,91,23,9,73,89,33,59,55,38,25,79,1,17,37,30,75
41,7,43,82,51,74,3,24,32,36,72,90,11,12,13,96,21,91,47,62,61,65,26,97,35,20,93,5,2,94,88,44,83,64,66,53,45,98,9,19,0,30,8,14,60,77,16,56,39,29,23,81,80,4,78,68,54,52,27,58,42,63,85,71,6,10,31,92,95,34,57,76,46,70,40,22,18,87,28,15,49,99,50,48,69,86,84,73,89,33,59,55,38,25,79,1,17,37,67,75
43,7,96,82,51,74,57,24,45,36,72,90,11,12,3,39,21,32,47,62,61,65,26,97,98,79,25,5,81,94,88,44,83,64,66,20,2,52,9,19,0,30,8,14,60,77,93,56,41,29,23,10,80,4,78,68,54,53,27,58,42,63,85,71,6,50,31,92,22,34,35,76,46,70,40,16,18,87,28,15,49,99,91,48,69,86,84,73,89,33,59,55,38,95,13,1,17,37,67,75
43,7,96,82,51,74,57,99,45,36,72,90,11,12,3,39,21,32,47,68,61,25,26,4,10,79,70,5,81,94,88,44,83,64,66,20,2,52,9,80,0,30,8,16,60,77,93,56,41,29,23,19,97,98,78,1,46,53,54,58,42,63,85,71,6,50,13,92,22,34,35,76,62,27,40,73,18,24,28,15,49,86,91,48,69,14,84,65,31,33,59,55,38,95,89,87,17,37,67,75
43,7,96,82,51,65,57,99,45,95,72,90,11,12,3,39,21,14,47,68,61,87,26,4,79,18,70,5,81,94,88,44,83,64,66,20,2,10,9,80,0,30,8,16,60,77,93,56,17,29,84,19,97,98,78,1,46,6,52,58,42,63,85,23,28,50,13,92,22,34,37,76,62,27,40,73,74,24,49,15,41,86,91,48,69,25,53,35,31,33,59,55,38,32,36,54,71,89,67,75
57,7,96,82,51,65,43,91,45,95,11,90,38,99,12,39,48,14,47,68,61,87,24,4,79,18,70,5,81,94,88,44,83,64,66,20,3,10,9,80,0,30,8,93,60,2,16,56,17,29,84,19,97,40,78,1,46,6,52,58,42,35,85,23,28,50,13,92,22,34,37,76,62,27,31,73,74,69,49,98,41,86,63,33,77,25,53,26,72,21,59,55,15,32,36,54,71,89,67,75
57,7,96,82,78,65,43,91,45,95,13,90,38,72,12,39,48,14,73,68,61,87,24,83,79,18,70,59,71,94,88,44,27,64,66,20,49,10,9,80,54,30,8,93,60,2,16,56,17,29,84,3,97,40,19,1,46,6,52,58,42,35,85,23,28,50,0,92,22,34,5,76,62,81,55,11,74,69,37,4,41,86,63,33,77,25,53,26,31,21,99,36,15,32,98,51,47,89,67,75
57,7,96,82,78,27,43,36,45,81,62,90,38,72,12,39,48,14,73,68,61,87,24,58,79,18,70,59,71,93,88,44,29,64,66,97,49,10,91,80,54,41,8,76,60,65,16,56,17,94,84,3,20,40,19,13,46,0,52,1,42,35,85,23,28,50,2,92,22,95,5,9,34,30,55,11,74,69,37,83,6,86,63,33,77,25,53,26,31,21,99,4,15,32,98,51,47,89,67,75
44,7,96,82,63,27,43,36,45,81,62,90,88,72,12,39,48,14,73,70,61,33,46,58,79,18,11,59,71,10,86,19,29,64,66,97,49,3,91,80,54,41,8,76,60,65,78,87,17,94,84,57,20,40,38,93,35,0,52,1,42,24,85,23,28,50,16,92,22,95,5,9,34,56,55,2,74,69,13,83,6,37,68,30,77,25,53,26,31,21,99,4,15,32,98,51,47,89,67,75
44,7,96,82,63,15,43,47,45,81,62,90,34,72,12,39,48,14,73,70,61,33,4,53,79,18,11,59,71,93,86,19,29,64,66,97,10,25,91,80,27,41,8,76,60,65,78,87,17,94,84,3,88,40,38,46,35,0,52,1,42,24,85,23,28,50,16,92,22,95,54,9,36,56,20,2,51,69,13,5,58,37,68,6,77,30,83,26,31,21,99,55,74,32,98,57,49,89,67,75
44,7,96,82,63,15,43,47,45,81,54,90,34,72,12,84,16,24,73,70,61,33,4,53,79,36,11,59,71,93,30,91,29,64,66,97,20,25,62,80,27,41,8,76,60,65,78,87,17,94,18,3,88,10,38,46,35,86,52,48,42,83,85,23,28,50,92,57,22,95,40,9,49,56,39,2,51,69,13,5,58,37,68,6,14,19,32,26,31,21,99,55,74,0,98,77,1,89,67,75
44,7,96,82,45,15,43,47,24,81,54,71,5,72,12,84,16,25,73,70,61,33,4,53,79,36,78,59,83,93,34,91,29,64,20,97,63,11,62,80,27,41,48,76,60,65,19,49,17,94,18,3,88,10,30,46,35,86,52,95,42,51,85,23,28,50,92,57,22,8,40,9,90,56,39,89,2,69,13,21,58,37,68,6,14,66,32,26,31,38,99,55,74,0,98,77,1,87,67,75
44,7,96,82,45,15,43,60,24,81,54,53,38,72,12,84,16,25,36,70,93,0,4,33,79,91,78,59,83,98,34,77,29,64,20,97,92,40,62,80,27,41,48,76,17,65,19,49,63,94,18,3,88,10,30,73,71,86,52,95,42,51,85,23,28,50,22,57,1,8,47,9,11,56,39,89,2,69,13,21,58,37,68,6,14,66,32,26,31,35,99,55,74,46,5,90,61,87,67,75
44,7,96,82,45,22,43,60,24,81,54,53,38,72,17,84,16,25,49,70,93,59,4,33,79,91,78,6,83,98,34,77,29,64,73,97,92,40,62,80,27,41,48,76,20,65,19,14,63,9,18,3,88,10,30,31,71,86,35,95,42,51,69,23,28,50,26,12,1,8,47,74,36,94,39,89,2,15,13,21,58,37,68,32,11,66,52,85,57,0,99,55,56,46,5,90,61,87,67,75
44,7,96,24,45,26,43,60,9,89,54,53,40,72,0,84,63,25,49,70,93,14,42,98,79,91,78,6,83,33,34,77,29,64,73,97,92,22,62,3,27,41,48,76,20,65,16,32,82,36,18,80,88,10,30,31,71,86,35,95,19,51,69,23,28,50,59,12,1,8,47,74,4,94,39,46,2,15,13,21,58,37,68,38,11,66,52,85,57,81,99,55,56,17,5,90,61,87,67,75
44,7,96,26,27,76,31,69,42,89,54,53,40,72,41,84,63,25,49,70,93,14,57,50,79,91,78,6,83,33,34,77,29,64,48,97,92,22,62,3,45,32,52,60,20,65,16,66,82,9,18,80,88,10,30,5,71,98,35,95,19,51,36,23,28,0,59,12,1,8,47,74,4,94,39,46,2,43,13,21,58,37,68,38,11,73,15,85,24,81,99,55,56,17,86,90,61,87,67,75
44,7,96,26,27,76,31,69,42,8,54,53,40,72,41,84,63,29,49,9,87,16,57,18,79,91,78,6,83,2,34,77,61,25,48,97,92,22,62,64,45,32,52,60,20,65,93,66,82,68,43,80,88,10,30,5,71,98,35,95,19,51,36,23,28,0,59,12,1,37,47,74,4,50,39,55,94,46,13,21,58,90,33,38,11,73,15,85,24,81,99,75,56,17,86,70,14,89,67,3
44,32,96,26,70,76,31,69,29,8,54,57,40,72,10,84,63,11,27,9,87,16,6,18,79,7,78,53,83,2,5,39,61,25,48,97,92,22,91,64,45,62,52,60,20,65,93,66,82,68,43,42,88,23,41,14,71,98,35,95,19,51,36,21,28,0,59,12,1,37,47,74,4,50,80,55,94,46,13,34,58,77,33,38,30,73,15,85,24,81,99,75,56,17,86,90,49,89,67,3
44,32,96,26,97,1,31,69,29,83,54,57,40,72,10,84,16,11,27,45,87,66,63,18,79,60,43,53,70,2,5,39,61,25,15,55,92,22,91,64,77,62,52,36,20,65,93,8,82,78,86,42,88,23,41,14,71,98,35,95,19,48,9,21,28,0,59,12,6,37,47,74,4,50,80,68,94,46,13,34,58,7,33,38,30,73,76,85,51,81,99,75,56,17,24,90,49,89,67,3
44,32,96,26,73,1,31,69,29,83,54,57,55,72,10,84,16,11,27,45,87,39,63,18,79,60,43,25,70,2,5,51,97,68,15,4,92,22,91,64,77,62,52,36,20,65,93,24,82,42,86,30,88,23,41,14,71,95,35,89,19,48,66,21,28,0,59,12,6,37,47,74,98,50,80,40,94,46,9,53,58,7,33,38,34,67,76,8,13,81,99,75,56,17,78,90,49,61,85,3
44,32,96,26,73,1,31,69,29,83,54,68,55,72,10,84,11,95,27,97,21,39,63,18,79,60,43,25,70,15,5,51,90,87,57,4,92,22,91,64,77,62,52,71,20,65,93,28,82,42,86,30,88,23,41,14,7,75,35,89,19,98,66,16,24,0,59,45,6,37,47,74,40,50,12,48,94,46,9,53,80,58,33,38,34,67,2,8,13,81,99,36,56,17,78,76,49,61,85,3
44,32,96,65,73,1,56,69,29,83,54,68,19,60,10,84,11,95,27,97,21,39,64,18,79,74,43,25,70,55,5,51,90,87,57,37,92,22,91,75,77,62,12,71,20,36,93,28,82,42,86,30,88,23,40,14,7,26,72,89,98,50,66,16,24,0,59,45,15,31,47,4,41,67,6,48,94,46,9,53,80,58,33,38,34,35,2,8,13,81,99,52,63,17,78,76,49,61,85,3
15,59,55,65,73,1,56,69,88,83,54,68,19,60,76,84,11,95,27,97,21,31,64,18,29,74,43,25,70,63,5,51,90,61,57,37,87,78,91,75,96,62,12,71,20,36,93,28,82,42,86,30,92,23,4,14,7,26,72,89,98,50,66,16,44,0,24,45,22,32,10,39,41,67,6,48,94,46,9,53,80,58,33,38,34,35,2,8,13,81,47,52,40,17,79,99,49,77,85,3
15,59,55,65,73,33,22,69,88,86,54,68,19,60,76,84,11,95,27,97,21,31,1,18,29,74,43,62,70,63,5,51,90,61,57,50,87,78,91,75,96,44,12,71,20,36,16,28,82,42,99,30,92,23,89,14,94,26,72,25,98,93,66,3,38,0,24,45,10,32,79,39,41,67,6,48,7,46,9,53,80,58,83,4,34,37,2,8,13,81,64,52,40,17,35,56,49,77,85,47
52,59,55,65,73,33,84,69,88,86,54,68,12,60,76,22,11,95,15,7,21,31,1,18,29,74,27,62,70,63,5,51,90,61,57,50,87,78,91,8,96,44,35,71,20,36,16,28,82,42,56,30,92,23,14,34,94,26,83,25,98,93,66,19,38,0,24,75,10,4,79,39,41,67,6,48,3,46,89,53,80,58,9,45,97,37,2,43,13,81,64,32,40,17,99,72,49,77,85,47
24,59,55,65,73,33,84,26,88,56,54,68,12,60,76,22,11,89,15,7,21,31,69,18,29,25,27,62,70,63,5,51,90,61,57,50,87,78,91,8,96,34,35,71,20,30,16,28,82,42,95,37,92,23,14,44,94,46,83,41,98,93,66,19,47,0,4,75,67,10,79,39,86,1,6,48,3,52,38,53,80,58,9,45,17,36,2,43,13,81,64,32,40,74,99,72,49,77,85,97
24,59,55,65,97,33,84,26,78,56,54,68,34,60,76,22,11,89,15,7,21,31,69,73,58,25,27,62,70,63,5,51,12,90,57,50,96,19,91,18,47,29,35,71,20,30,16,28,82,42,95,37,92,88,64,44,94,46,83,41,98,93,66,8,48,0,4,75,61,10,79,39,86,1,6,87,3,52,38,53,80,67,9,45,17,36,2,40,13,81,43,85,14,74,99,72,49,77,23,32
24,43,55,65,97,89,84,26,75,91,25,68,34,60,76,22,11,58,99,7,21,31,69,73,85,10,27,62,44,63,5,51,78,90,33,50,96,19,9,18,47,29,35,71,20,30,16,28,82,42,15,37,92,88,64,57,94,46,83,41,98,93,66,8,48,70,4,56,61,72,79,39,86,1,6,87,59,52,38,12,80,67,3,45,17,36,2,40,13,81,54,0,14,74,53,95,49,77,23,32
24,43,55,65,97,89,40,26,75,91,92,68,39,60,76,34,11,58,99,7,21,25,73,94,85,10,27,6,69,45,5,51,78,47,33,50,96,19,9,18,31,29,35,71,20,90,16,28,82,22,15,37,83,88,64,57,84,46,30,41,98,93,66,8,48,44,4,56,61,72,79,1,32,63,70,87,59,52,38,12,80,67,3,62,17,36,2,42,13,81,54,0,14,74,53,95,49,77,23,86
24,33,55,65,77,89,40,26,75,91,98,68,39,60,76,34,30,58,99,36,21,7,73,94,85,10,27,6,69,45,43,51,47,97,74,50,96,19,9,18,31,29,93,71,20,90,16,28,82,22,15,37,5,88,64,57,84,46,62,41,11,54,66,8,48,44,4,78,61,72,79,1,32,63,70,92,83,52,38,12,59,67,3,56,17,80,2,42,13,81,35,0,25,87,53,95,49,14,23,86
24,33,55,65,77,89,40,26,75,42,98,96,39,60,66,34,29,58,99,36,21,7,47,94,85,10,27,6,69,45,43,5,92,97,74,50,11,19,9,18,31,62,93,71,20,90,16,54,82,22,15,37,4,88,79,57,84,95,73,41,46,30,0,76,48,44,8,78,61,72,67,1,32,63,70,91,83,52,38,12,59,64,3,56,17,80,2,51,13,81,35,28,25,87,53,68,49,14,23,86
24,33,55,65,0,89,40,26,91,42,98,41,8,60,66,77,29,34,99,36,21,7,47,94,85,10,27,6,69,45,43,5,92,97,74,50,11,19,9,18,16,75,93,71,58,32,51,79,82,22,15,37,4,88,62,57,84,23,73,31,46,30,20,76,48,12,39,78,61,72,67,1,86,63,70,95,83,52,38,96,59,64,3,56,17,80,2,54,13,81,35,28,25,90,53,68,49,14,87,44
0,33,55,65,23,89,40,26,91,42,98,41,1,60,66,69,8,34,24,36,28,7,47,94,22,10,27,6,19,21,43,5,92,97,74,50,11,25,9,18,16,75,93,71,58,32,51,79,82,77,15,20,4,88,29,57,53,56,73,31,46,30,37,76,48,12,39,78,84,72,67,14,86,63,70,95,83,52,38,96,59,64,3,85,17,80,2,54,13,81,35,99,61,90,87,68,49,45,62,44
0,44,55,65,97,89,40,26,91,42,23,41,1,60,16,64,68,34,24,36,28,7,47,94,22,10,27,19,32,21,62,5,92,66,58,98,11,25,74,3,33,75,93,71,43,35,51,79,82,77,15,20,4,88,29,57,53,56,73,31,50,30,37,76,48,12,39,78,84,72,67,14,86,69,70,95,83,52,38,96,59,6,18,85,17,80,2,54,13,81,9,99,61,90,87,46,49,45,63,8
0,99,55,65,97,98,40,60,91,93,23,41,1,19,24,64,68,34,37,36,28,7,47,94,22,10,21,89,32,92,62,5,12,66,58,27,11,76,74,3,33,75,44,71,43,35,51,79,82,77,15,20,4,88,29,42,53,26,73,31,25,30,48,56,57,6,39,78,84,72,67,14,86,69,70,95,83,52,38,96,59,45,18,85,17,80,2,54,13,81,9,46,61,90,87,16,49,50,63,8
0,99,19,65,97,98,63,60,96,93,39,41,46,51,24,64,68,62,72,36,28,23,47,94,22,10,21,89,32,92,42,5,15,66,58,27,11,76,74,3,33,75,44,71,43,35,52,40,82,77,12,20,4,88,29,34,53,26,73,31,25,30,48,56,57,6,79,78,69,7,67,14,86,13,70,95,83,90,38,84,59,45,18,85,17,80,2,54,55,81,9,37,61,91,87,16,49,50,1,8
58,99,19,65,97,98,63,60,96,47,39,41,46,69,24,64,68,62,8,36,51,23,0,94,15,83,93,89,2,92,42,5,28,66,81,90,11,76,74,3,33,75,44,71,43,35,52,40,82,77,22,20,4,88,29,34,53,26,73,31,10,30,48,56,57,6,85,78,79,7,67,14,12,13,70,95,1,86,38,84,59,45,18,32,17,80,27,54,55,72,9,37,61,91,87,16,49,50,21,25
58,99,7,65,97,98,63,5,81,20,38,41,46,69,24,64,68,62,19,36,51,23,0,76,15,83,93,94,2,92,42,8,28,26,96,90,11,79,95,3,33,75,44,71,43,35,52,40,82,77,22,74,4,88,29,34,53,70,73,31,10,30,48,56,57,6,85,78,12,61,67,14,45,13,18,39,1,86,47,84,59,37,60,32,17,80,27,54,55,72,9,89,66,91,87,16,49,50,21,25
58,99,11,65,97,75,63,5,81,20,38,41,46,42,67,21,68,62,19,36,51,23,0,76,15,83,93,94,40,92,72,8,28,26,96,90,54,69,95,3,33,32,44,71,98,35,52,31,43,77,22,74,4,88,29,34,53,70,73,27,10,30,24,56,57,6,85,60,12,61,48,14,45,13,18,39,1,86,82,84,59,37,79,78,17,80,89,47,55,7,9,64,66,91,87,16,49,50,2,25
58,99,11,65,97,75,22,5,81,20,38,41,46,4,64,10,68,62,19,36,78,23,0,76,72,83,32,51,6,40,63,8,28,26,96,90,54,69,95,3,33,74,44,71,94,35,52,31,43,77,42,27,89,88,29,34,53,70,73,15,45,30,24,56,57,21,85,60,93,98,48,14,67,13,18,39,1,86,82,84,59,37,79,92,17,80,61,47,55,7,9,12,66,91,87,16,49,50,2,25
58,99,11,13,97,75,65,5,81,20,59,41,46,4,32,10,68,62,19,36,78,25,22,76,72,83,90,51,6,40,54,64,28,26,96,8,0,69,95,3,33,74,44,71,63,35,52,31,94,23,42,27,89,88,82,34,53,70,73,15,45,30,24,56,57,21,85,60,93,98,77,14,18,43,67,39,1,86,29,84,55,37,79,92,17,80,61,47,48,7,9,38,66,91,87,12,49,50,2,16
58,51,46,13,97,71,65,5,81,31,59,41,73,30,32,10,68,62,19,36,78,25,22,76,72,83,90,1,43,40,74,64,28,26,96,8,0,69,95,3,33,99,44,75,63,24,52,53,94,23,35,27,89,91,11,34,55,70,20,15,45,54,6,56,57,21,85,60,93,98,77,14,18,42,67,39,2,86,29,84,88,37,79,92,17,80,61,47,48,7,9,38,66,82,87,12,49,50,4,16
58,51,97,16,53,71,65,5,81,31,41,29,73,30,32,10,62,9,19,36,78,59,22,76,43,83,90,1,14,40,74,64,28,26,98,8,0,69,3,21,33,99,44,75,63,24,52,80,94,23,35,27,89,91,11,68,55,70,20,15,45,54,6,56,57,96,85,60,93,34,77,95,42,25,67,39,2,86,72,84,88,37,79,92,17,18,61,47,48,7,12,38,66,82,87,46,49,50,4,13
71,51,26,16,53,18,65,58,2,31,41,29,73,30,32,10,62,9,19,36,78,59,22,84,98,83,90,1,14,40,17,64,28,43,97,74,0,69,3,21,33,99,5,75,63,76,52,80,94,23,35,27,89,47,11,68,55,70,79,15,45,54,6,56,57,96,85,60,93,34,77,95,42,25,67,39,12,86,72,81,88,37,44,24,91,92,61,20,8,7,46,38,66,82,87,48,49,50,4,13
71,51,26,16,53,18,3,58,2,31,41,14,73,30,32,10,82,9,21,36,22,59,76,84,98,62,90,1,65,40,17,64,28,43,97,74,37,69,29,87,56,99,81,75,63,83,52,80,94,23,35,27,89,47,11,0,55,70,79,15,45,54,6,19,57,96,46,60,93,34,8,95,42,25,67,39,12,86,72,49,88,33,44,24,91,92,61,20,77,7,5,38,66,78,85,48,68,50,4,13
16,51,26,38,53,18,3,58,2,31,41,14,73,30,32,42,69,9,21,82,57,59,76,84,98,62,90,1,65,44,17,64,28,43,97,74,37,25,89,87,56,99,27,75,29,83,52,80,94,23,35,50,71,47,15,0,55,70,79,77,45,54,6,19,10,96,46,60,93,34,8,95,39,81,67,85,12,36,72,49,88,33,86,24,91,92,61,20,63,7,5,22,66,78,11,48,68,40,4,13
16,56,26,38,53,89,3,58,2,37,41,14,73,30,70,42,69,9,21,82,45,59,76,32,98,62,95,1,65,44,4,64,28,43,63,74,57,25,71,87,18,99,27,75,29,83,52,80,61,23,35,72,55,47,15,0,66,94,79,77,97,54,6,19,10,96,46,60,93,34,8,50,39,81,67,85,12,36,31,49,88,33,86,24,91,92,13,20,90,7,5,22,84,78,11,48,68,40,51,17
42,56,11,80,53,89,3,58,2,37,41,51,73,27,68,46,69,25,21,82,4,59,76,32,30,62,95,1,65,93,70,64,28,43,9,74,57,31,71,87,18,99,45,75,29,83,52,16,61,23,35,72,55,47,15,0,66,94,79,77,97,54,6,19,10,96,44,60,63,34,8,50,39,81,88,85,12,36,98,49,26,33,86,24,38,92,13,20,90,7,5,22,84,78,67,48,91,40,14,17
97,56,11,63,53,31,33,58,2,37,41,51,73,27,68,46,69,88,21,82,4,59,3,32,30,62,95,1,65,93,70,64,10,43,9,74,57,92,71,87,18,99,45,75,29,83,76,16,61,23,35,72,55,47,15,0,66,94,79,77,54,13,6,19,28,96,44,60,67,34,8,50,39,81,42,85,80,5,98,49,26,12,86,24,38,90,25,22,52,7,36,89,84,78,91,48,20,40,14,17
97,28,13,63,53,31,33,17,2,37,41,51,73,27,1,46,69,88,21,82,4,93,3,38,95,64,15,30,56,62,40,87,10,43,9,74,57,86,71,0,18,99,45,75,29,83,76,16,61,23,35,72,55,47,65,78,66,94,79,77,54,58,6,19,59,96,44,60,67,34,8,50,39,81,42,85,80,5,98,49,26,12,32,24,68,90,25,22,52,7,36,89,84,92,91,48,20,70,14,11
97,28,68,15,53,31,33,17,63,37,41,51,25,27,1,46,69,88,21,82,4,93,3,38,95,64,5,30,56,62,40,24,10,83,66,74,57,59,71,0,61,99,45,75,29,86,76,16,90,23,35,72,55,47,65,78,36,94,79,77,54,58,6,19,11,20,44,60,67,34,8,50,2,81,42,85,80,39,98,49,26,12,32,18,43,7,96,22,52,13,87,89,84,92,91,48,9,70,14,73
