0,1,2,3,4,5,6,7,8,9,10,11,12,13,14,15,16,17,18,19,20,21,22,23,24,25,26,27,28,29,30,31,32,33,34,35,36,37,38,39,40,41,42,43,44,45,46,47,48,49,50,51,52,53,54,55,56,57,58,59,60,61,62,63,64,65,66,67,68,69,70,71,72,73,74,75,76,77,78,79,80,81,82,83,84,85,86,87,88,89,90,91,92,93,94,95,96,97,98,99
0,1,2,3,4,5,6,7,34,92,10,11,12,13,14,15,16,17,18,28,20,66,19,23,24,60,26,27,94,29,30,31,32,33,57,35,72,37,38,39,40,41,42,43,44,45,46,47,48,49,50,22,52,53,54,21,56,8,80,59,9,68,62,63,87,65,25,51,67,64,70,71,61,73,74,75,76,77,78,79,69,81,82,83,84,85,86,36,88,89,90,91,58,93,55,95,96,97,98,99
0,1,2,3,4,5,6,7,47,92,10,11,12,49,14,15,16,17,18,28,77,66,19,23,24,60,40,27,94,96,30,31,32,33,57,35,13,37,38,29,74,41,42,43,44,45,46,51,48,78,50,22,67,53,54,21,56,8,80,75,9,39,62,63,87,59,25,93,72,64,70,71,61,73,26,20,98,76,68,52,69,81,82,83,84,85,86,36,88,89,90,91,58,65,55,95,34,97,79,99
0,1,2,3,4,5,66,86,47,92,61,11,94,96,14,15,16,77,18,28,69,83,19,23,24,60,40,27,12,63,30,31,32,33,57,35,74,37,38,29,17,41,42,43,44,45,49,51,48,78,50,22,81,53,82,21,56,8,80,75,9,39,62,46,87,59,25,93,72,64,70,71,54,26,73,20,98,76,68,52,67,6,10,34,84,85,7,36,88,89,90,91,58,65,55,95,13,97,79,99
0,1,2,3,4,5,43,86,90,58,61,11,94,96,14,15,16,99,25,28,69,83,19,23,24,60,40,27,12,63,44,77,32,33,57,66,74,37,75,29,52,41,42,35,39,45,30,51,48,78,50,22,81,53,82,21,54,8,80,47,9,17,62,46,87,59,88,93,72,64,70,71,6,26,73,31,98,76,68,92,67,18,10,34,84,85,7,36,49,89,20,91,56,65,55,95,13,97,79,38
88,1,2,3,4,69,43,71,90,58,61,11,94,96,14,15,16,72,25,28,19,83,87,17,24,60,40,27,12,63,44,30,32,33,0,66,31,37,75,29,52,41,42,35,39,45,77,51,48,20,50,99,81,53,82,21,54,8,89,47,9,57,22,46,23,59,78,93,5,64,70,73,6,26,55,62,98,76,68,92,67,18,10,34,84,85,7,36,49,74,86,91,56,65,80,95,13,97,79,38
88,1,2,3,4,69,43,18,90,58,61,11,94,49,14,15,82,72,16,41,19,83,87,17,24,73,40,27,12,30,44,13,32,33,0,66,31,37,75,67,52,56,42,35,96,91,93,71,48,20,50,99,81,53,51,21,54,8,89,47,9,57,22,46,23,59,63,78,5,64,70,25,6,26,55,62,98,76,68,92,60,29,10,34,84,85,7,36,80,74,86,77,28,65,45,95,39,97,79,38
7,73,2,3,4,69,43,18,90,92,61,11,94,87,14,15,34,72,53,41,19,16,1,17,24,88,77,27,12,30,44,52,32,33,0,66,31,37,75,67,89,56,42,49,96,91,93,71,48,20,50,99,81,13,51,21,54,8,70,47,9,57,22,46,23,60,63,78,5,64,58,40,6,26,55,62,98,76,68,82,79,29,10,25,84,85,83,36,80,74,86,97,28,65,45,95,39,59,35,38
61,73,2,41,4,69,43,18,90,92,33,11,3,87,14,15,34,72,53,79,19,16,1,17,74,88,31,27,7,30,44,52,32,94,0,62,97,37,75,67,36,12,56,49,96,91,93,71,48,77,50,99,81,13,51,21,54,8,70,47,9,57,22,46,89,60,63,78,5,64,23,40,6,26,55,20,86,76,68,82,66,29,10,25,84,85,83,24,80,42,45,98,28,65,58,95,39,59,35,38
61,73,2,41,4,69,19,18,90,17,33,11,91,87,14,15,34,68,53,79,71,16,27,3,8,83,31,92,7,30,44,52,32,94,64,62,97,56,75,67,36,84,1,49,96,37,93,43,48,77,50,99,81,13,51,21,54,38,70,47,9,57,22,46,89,60,63,78,12,88,23,40,6,26,55,20,86,76,0,82,66,29,10,25,72,85,5,24,80,42,74,98,28,65,58,95,39,45,35,59
26,73,46,41,4,69,19,18,90,17,33,10,91,87,14,15,34,68,53,79,71,16,39,72,61,83,31,92,20,30,44,52,32,94,64,62,97,56,75,67,36,84,1,49,96,60,93,43,48,77,50,99,7,13,51,21,54,38,70,37,27,57,22,35,89,5,9,63,12,11,23,40,6,81,55,8,86,76,0,82,66,29,3,25,88,85,47,24,80,42,59,98,28,65,58,95,78,45,2,74
78,73,46,41,33,69,19,66,90,17,3,26,70,87,14,15,67,68,53,79,71,16,39,72,61,83,31,92,20,30,34,23,32,94,64,4,97,56,75,74,36,18,1,49,96,60,93,43,48,77,50,99,7,13,51,21,44,38,84,37,27,57,22,29,40,5,9,52,12,11,63,35,6,81,55,10,86,76,0,82,91,8,54,25,88,85,47,24,80,42,59,98,28,65,58,95,62,45,2,89
78,73,46,41,39,19,47,66,33,17,85,26,70,87,14,15,49,68,53,79,71,16,93,72,61,83,31,92,20,30,34,23,32,94,64,4,97,56,75,69,36,18,1,95,67,60,88,43,48,77,50,99,10,13,51,74,44,38,84,37,27,54,22,29,40,5,3,52,12,11,63,35,6,81,55,90,86,76,0,82,91,8,9,25,96,21,98,24,80,59,42,65,28,7,58,57,62,45,2,89
78,73,46,41,9,19,20,66,33,17,85,26,70,87,14,44,49,68,61,36,71,16,93,30,81,83,31,92,72,1,80,23,32,94,64,4,97,56,27,43,15,18,79,95,67,60,47,53,48,86,50,99,10,13,51,74,0,38,84,37,39,54,22,29,40,5,3,52,12,11,63,35,6,57,55,90,69,76,88,82,91,8,77,25,96,21,98,24,75,59,42,65,28,7,58,34,62,45,2,89
78,73,46,41,9,19,53,66,33,10,85,26,70,87,14,44,49,45,61,36,71,72,3,51,81,83,31,92,16,1,30,23,32,94,64,4,90,56,27,43,15,18,79,95,67,60,47,20,93,86,50,99,69,13,84,74,0,38,97,37,39,54,22,29,35,5,80,52,12,11,63,68,6,57,55,91,88,76,25,82,28,8,77,48,96,21,98,24,75,59,42,65,7,40,58,34,62,17,2,89
78,41,46,32,9,19,53,73,33,10,85,26,70,87,60,44,92,45,49,36,71,72,38,51,81,83,31,48,16,1,30,23,68,94,64,4,90,56,27,43,14,25,79,76,67,66,47,63,20,86,50,99,69,13,28,74,0,15,97,61,39,54,22,29,35,5,80,52,12,11,3,93,6,57,55,91,84,95,18,82,88,8,77,37,96,21,98,24,75,59,42,65,7,40,58,34,62,17,2,89
78,41,46,36,89,19,53,73,33,32,55,60,70,87,10,44,92,45,49,9,71,72,38,51,81,83,31,48,16,1,29,54,68,63,64,4,90,56,27,43,14,25,79,76,67,66,47,30,20,11,50,99,8,13,28,74,0,15,97,61,39,12,42,26,35,22,80,52,6,69,3,93,82,57,5,91,84,95,18,94,88,86,77,37,96,21,98,24,75,59,85,65,7,40,58,34,62,17,2,23
78,41,46,36,25,19,53,73,96,32,55,60,70,87,10,59,92,45,49,6,34,72,44,51,81,83,31,48,61,1,29,54,68,63,64,4,16,56,27,43,14,24,89,76,67,66,47,30,20,33,50,99,8,38,28,74,0,2,97,9,39,12,90,26,35,22,80,52,15,69,3,93,79,57,71,91,84,95,18,94,88,86,82,37,85,21,98,42,75,11,77,65,7,40,58,13,62,17,5,23
78,41,46,22,88,19,53,73,28,32,55,92,70,87,10,59,25,45,49,6,96,72,14,51,81,83,31,48,61,3,29,54,68,63,64,4,16,11,27,43,99,60,89,34,67,66,1,30,20,33,50,44,8,38,76,74,0,2,97,9,84,12,24,26,35,95,80,52,15,69,56,93,79,57,71,91,82,58,18,94,90,86,36,37,85,21,98,42,75,39,77,65,7,40,47,13,62,17,5,23
34,41,46,22,88,19,60,73,28,32,27,92,70,87,10,59,25,45,49,6,96,72,62,85,81,36,31,48,61,3,89,54,83,63,64,4,52,11,80,53,99,5,14,56,67,66,1,30,20,33,50,44,8,38,76,74,0,2,43,9,84,51,24,26,16,95,68,97,15,69,55,93,79,57,71,91,82,58,18,94,90,86,7,37,78,21,98,42,75,39,77,65,35,40,47,13,12,17,29,23
87,41,46,22,88,19,60,73,28,32,65,92,70,13,10,59,21,16,49,98,96,72,62,69,78,36,31,48,61,3,67,54,83,63,99,4,52,11,80,53,64,5,14,56,89,66,1,2,27,81,50,44,8,38,76,74,0,25,43,9,84,51,24,26,30,95,68,97,15,34,55,93,79,57,71,91,85,58,18,94,90,86,7,37,45,20,33,42,75,39,77,82,6,40,47,35,12,17,29,23
87,46,44,22,88,19,60,73,12,32,65,92,35,13,10,59,21,16,49,98,96,72,62,95,1,36,31,48,61,83,67,34,69,63,99,78,52,11,80,53,64,97,14,56,89,68,66,2,27,81,50,42,8,38,76,74,0,25,43,9,84,70,24,82,30,54,51,23,15,26,55,93,79,57,71,91,85,58,18,94,90,86,7,37,45,20,33,41,75,39,77,4,6,40,47,3,28,17,29,5
87,46,44,22,88,19,60,73,12,24,39,81,35,13,10,59,21,16,49,98,96,68,62,38,1,36,31,48,61,83,26,34,69,94,99,78,56,11,80,53,64,97,52,92,89,43,66,2,27,25,3,42,8,65,76,95,0,14,50,9,84,70,67,4,30,54,51,23,15,5,55,93,79,57,71,91,85,58,18,82,90,86,7,37,45,20,33,41,75,32,77,72,6,40,47,74,28,17,29,63
87,46,68,22,88,19,8,73,31,24,39,30,35,13,37,59,21,16,49,98,96,71,62,38,1,36,60,42,61,93,57,34,77,94,99,78,56,11,80,53,64,97,52,92,89,43,7,2,27,25,3,83,76,65,66,95,0,14,12,9,84,70,67,4,69,54,51,23,15,5,55,74,79,44,10,91,85,58,18,82,90,86,81,17,45,20,33,41,75,32,48,72,6,40,47,50,28,26,29,63
87,46,68,22,88,19,64,75,31,24,39,73,35,96,83,56,21,16,49,6,90,71,62,38,1,36,60,74,61,93,57,34,77,94,99,78,8,11,80,53,89,97,52,92,23,43,7,2,27,25,3,13,76,65,66,95,0,14,12,9,84,70,67,4,42,54,51,50,37,5,55,29,79,44,30,91,85,58,18,82,10,86,81,17,45,98,33,59,41,32,48,72,69,40,47,15,28,26,20,63
69,46,71,63,88,19,64,75,31,24,39,73,78,40,83,56,21,16,49,60,90,27,62,38,85,36,1,74,61,22,57,34,77,94,99,93,8,11,80,53,89,97,52,92,96,43,7,2,84,25,3,13,76,65,66,95,50,14,12,9,17,70,67,4,42,54,51,20,37,5,55,29,79,44,30,91,98,58,18,82,10,86,87,0,45,48,33,59,41,32,81,72,35,6,47,15,28,26,23,68
69,89,71,63,88,19,64,29,31,24,7,73,78,75,83,56,21,16,49,60,46,27,62,87,85,36,1,79,61,38,57,34,77,94,99,93,8,11,80,53,76,97,92,39,96,43,42,2,84,25,86,13,90,65,66,95,50,40,12,9,17,70,67,3,22,54,51,20,37,5,55,33,91,44,74,14,98,58,18,82,10,30,52,0,45,48,15,59,41,32,81,72,35,6,47,4,28,26,23,68
69,89,71,63,88,59,73,1,31,24,7,44,78,75,83,16,21,55,49,62,46,27,50,87,85,36,38,79,60,56,57,34,77,94,99,93,29,11,80,53,76,19,92,97,96,43,42,2,84,25,86,13,90,65,66,95,32,39,12,9,17,61,67,3,22,54,51,20,37,5,30,33,91,26,74,14,70,58,18,82,10,8,52,0,98,48,15,64,41,40,81,72,35,6,47,4,28,45,23,68
18,89,71,63,8,59,73,88,31,24,54,44,78,75,83,52,21,55,49,62,30,27,50,79,85,36,38,76,60,56,57,34,77,94,99,2,29,11,80,53,1,19,51,97,96,43,42,72,84,91,86,13,90,65,66,95,32,39,16,9,17,61,67,3,22,7,81,20,37,5,87,33,98,26,74,14,70,58,69,82,10,93,46,0,12,48,15,25,41,40,64,92,35,6,47,4,28,45,23,68
18,89,71,90,8,59,73,0,30,97,54,44,78,75,83,52,21,55,49,62,37,27,63,56,14,36,38,76,60,79,50,34,77,94,99,5,29,11,80,53,1,19,51,17,96,43,42,72,84,91,86,13,41,65,66,95,32,25,16,57,24,61,67,3,4,7,81,20,22,85,87,33,98,26,74,31,70,58,69,82,10,93,46,48,12,9,15,2,88,40,64,92,35,6,47,39,28,45,23,68
62,89,10,90,8,59,73,79,28,97,0,55,78,75,83,84,21,18,49,71,37,27,63,56,14,36,38,95,41,69,50,34,77,94,99,5,29,11,80,53,1,19,51,17,96,43,42,26,60,91,86,57,13,65,66,52,32,25,16,33,24,61,67,3,4,7,81,20,22,85,87,72,98,30,74,31,70,48,58,82,76,93,46,44,12,9,15,2,88,40,64,92,35,6,47,39,54,45,23,68
62,89,10,18,8,93,73,79,83,97,0,55,78,75,26,84,21,99,49,71,37,27,63,56,14,36,4,95,41,69,68,34,77,94,80,5,29,39,48,53,1,19,51,17,50,43,42,96,60,91,86,57,15,65,66,52,32,25,16,33,24,61,67,3,98,7,81,38,22,85,87,35,72,13,74,31,70,11,58,82,76,44,46,28,12,9,30,2,88,40,64,92,90,6,47,20,54,45,23,59
62,89,10,18,8,93,73,79,83,97,14,55,78,75,26,84,40,99,49,27,48,11,63,37,24,36,4,95,56,54,68,34,53,94,80,5,29,39,31,2,1,19,51,17,50,30,42,96,60,91,86,57,15,65,66,52,32,25,16,33,74,61,67,3,71,7,76,38,22,85,87,35,72,13,77,20,70,41,58,82,0,44,46,28,12,9,81,21,88,43,64,92,90,6,47,69,98,45,23,59
62,89,10,18,8,93,73,22,83,97,38,55,78,75,26,84,40,31,49,27,48,11,53,37,71,36,4,95,56,54,68,7,12,94,80,67,29,39,0,2,1,19,34,17,50,30,42,96,60,91,86,88,15,65,66,52,32,25,46,33,74,61,16,24,3,28,76,79,14,5,87,35,72,13,77,20,70,41,58,82,63,44,51,57,85,9,81,99,21,43,64,92,90,6,47,69,98,45,23,59
62,89,98,18,39,93,73,45,83,97,38,26,78,75,90,84,40,31,49,27,48,94,53,37,5,36,2,30,56,54,68,8,12,10,11,67,29,4,0,21,1,19,34,17,50,7,42,76,95,91,86,88,15,65,66,52,32,25,46,33,71,61,16,24,3,28,22,79,14,82,87,35,72,13,77,20,70,41,58,74,63,44,51,57,85,9,81,99,55,43,64,92,80,6,47,69,96,60,23,59
62,89,98,18,81,93,73,42,83,97,70,26,78,75,90,84,40,31,49,0,48,94,59,37,52,36,2,25,56,54,68,8,27,10,11,67,29,13,23,21,1,19,34,17,50,7,3,76,95,38,86,88,15,65,66,28,33,4,46,30,71,61,16,24,91,39,22,69,14,82,87,35,72,79,77,20,12,41,58,74,63,44,51,57,85,9,45,99,55,43,64,92,80,6,47,53,96,60,32,5
62,70,34,18,84,93,73,42,11,98,79,83,78,75,90,43,40,31,49,0,48,94,59,37,52,36,2,99,56,54,68,8,27,10,32,67,29,13,23,21,1,19,26,17,50,60,3,14,95,38,86,88,15,46,66,28,33,4,97,89,71,61,16,24,91,39,22,69,65,30,87,81,72,82,77,20,12,41,58,74,63,44,51,57,85,25,45,9,55,76,64,92,80,6,47,53,96,7,35,5
62,49,34,5,84,93,73,42,77,74,79,83,78,75,90,95,40,31,17,0,48,30,59,37,33,36,58,99,56,54,68,8,27,10,13,67,29,60,23,21,1,19,43,18,50,53,3,14,38,11,86,88,15,46,66,28,26,4,97,89,71,61,16,24,91,39,22,69,65,55,87,81,72,82,94,20,12,41,52,70,63,44,51,57,85,25,45,9,2,76,64,92,80,6,47,7,96,32,35,98
6,49,94,5,84,93,63,42,77,74,79,60,78,66,51,95,40,31,55,92,12,30,59,37,33,36,58,99,56,34,68,8,27,10,13,67,73,0,23,21,1,19,43,18,50,53,62,14,38,11,86,88,15,46,87,28,26,4,97,89,71,61,16,24,91,54,22,69,65,17,39,81,72,82,83,20,47,3,52,70,41,44,75,57,85,25,45,9,2,76,64,90,80,29,48,7,96,32,35,98
6,49,94,3,84,93,63,42,57,74,79,65,78,66,51,95,40,31,69,92,12,60,59,37,33,36,58,99,56,48,68,8,27,50,13,67,73,0,23,21,1,10,43,18,17,53,62,14,38,11,86,82,15,46,7,28,55,4,97,89,88,61,16,24,91,54,22,87,83,30,39,81,72,71,70,20,47,32,52,5,41,44,75,34,85,77,45,9,2,76,64,90,80,29,26,19,96,25,35,98
6,49,94,3,84,67,63,42,57,74,83,65,78,66,51,95,40,31,56,92,12,60,59,37,33,36,82,72,98,48,68,8,27,85,13,55,73,0,23,21,58,10,43,18,17,53,62,14,38,11,86,32,15,46,39,99,7,4,97,89,88,61,16,24,91,54,22,87,75,30,64,81,96,71,70,20,47,28,52,5,77,44,1,34,50,41,45,9,2,76,69,90,80,29,79,19,26,25,35,93
6,49,94,3,84,67,63,42,56,74,85,25,7,66,51,95,40,31,65,83,12,60,59,92,33,36,82,72,98,48,37,57,27,35,78,55,73,99,23,21,58,10,45,18,17,39,8,14,38,11,86,32,15,46,69,43,30,4,97,89,88,61,16,24,91,54,22,87,75,62,64,81,96,71,70,20,47,53,52,5,77,44,1,34,50,41,28,68,2,76,9,90,80,29,79,19,26,13,0,93
6,49,94,3,84,67,34,42,56,74,85,25,7,37,72,95,40,31,82,12,21,60,59,92,33,36,46,19,98,48,55,18,27,61,78,70,35,99,23,79,58,10,45,57,17,39,8,14,38,76,86,32,15,65,69,43,30,4,97,89,88,11,16,66,91,54,22,87,75,62,64,81,96,71,83,20,47,53,52,5,77,44,1,51,50,73,28,68,2,63,9,90,80,29,24,41,26,13,0,93
6,49,94,3,84,67,34,42,56,76,85,25,7,37,72,12,40,32,95,96,59,60,31,92,33,82,46,19,98,48,62,18,55,30,78,70,35,99,23,79,58,10,45,57,17,39,74,14,38,28,86,83,15,65,69,43,27,8,97,89,88,11,16,66,91,54,22,36,75,61,64,87,1,71,24,20,47,53,52,5,4,44,21,51,50,73,81,68,2,63,9,90,80,29,77,41,26,13,0,93
6,49,56,3,84,67,7,42,58,92,85,25,82,54,72,60,40,32,95,96,59,74,31,87,34,99,91,19,98,48,62,18,55,30,78,70,76,73,23,79,37,10,45,57,17,39,1,14,38,28,86,94,15,65,69,43,27,8,97,89,88,11,16,66,35,64,22,36,75,61,46,12,24,71,21,20,47,53,52,5,4,44,83,51,50,33,81,68,2,63,9,90,80,29,77,41,26,13,0,93
6,49,84,3,90,67,7,42,58,92,85,25,82,54,72,60,40,32,56,93,59,74,31,87,34,99,91,19,98,48,62,66,55,30,75,70,63,95,23,57,37,10,35,45,17,39,1,14,38,28,86,76,15,65,69,43,27,8,97,89,61,11,16,46,12,64,22,36,94,73,88,78,24,71,21,20,47,53,52,5,4,44,41,51,50,33,81,79,2,96,9,83,80,29,77,68,26,13,0,18
6,28,84,18,90,67,3,42,58,92,85,25,82,54,72,60,40,32,56,93,59,74,31,87,34,99,91,19,98,38,37,66,55,30,8,70,21,94,33,57,53,10,35,45,17,39,1,14,95,75,86,76,15,65,16,43,27,88,97,89,61,11,63,44,12,64,22,36,69,73,49,78,24,71,9,20,47,23,52,5,4,48,41,51,50,46,81,79,2,96,13,83,80,29,77,68,26,62,0,7
6,28,84,18,90,75,3,42,40,92,85,25,82,56,72,60,22,32,93,53,59,74,31,87,34,99,91,19,41,38,49,66,55,30,8,70,21,94,33,57,67,10,35,45,17,39,1,14,2,46,76,96,15,98,16,43,27,88,97,89,61,20,63,44,12,64,51,36,69,65,73,78,24,71,9,11,47,23,52,5,54,48,86,4,50,37,81,79,58,95,13,83,80,29,77,68,26,62,0,7
6,28,84,75,40,57,31,42,58,16,85,25,82,56,86,60,22,32,18,53,59,74,47,34,90,99,91,19,41,23,49,66,55,30,8,43,21,94,33,92,67,10,35,45,17,39,1,14,2,46,76,96,15,98,70,3,27,88,97,89,61,20,63,44,87,64,51,36,69,65,73,78,24,71,7,11,26,38,52,5,54,48,95,4,50,37,81,79,12,9,13,83,80,29,77,68,72,62,0,93
94,63,84,75,45,57,31,42,74,16,85,72,82,56,81,60,22,32,18,53,59,88,47,34,90,99,91,19,41,23,49,66,71,30,8,43,21,78,33,92,67,10,51,55,17,39,1,14,2,46,76,96,25,98,70,3,27,7,97,89,61,20,69,44,87,64,6,36,58,65,73,40,24,13,95,11,28,15,52,5,54,48,86,4,50,37,38,79,12,9,35,83,80,29,77,68,26,62,0,93
94,63,84,86,49,57,78,42,74,2,85,72,82,56,81,60,22,32,18,53,59,88,44,34,90,99,91,7,41,23,58,66,71,30,8,43,21,83,31,92,67,10,51,55,17,39,33,14,15,46,76,96,25,98,70,3,69,47,97,89,61,20,75,45,87,64,6,36,9,16,73,40,24,65,95,19,28,11,52,5,54,1,38,4,50,37,48,79,12,13,35,27,80,29,77,68,26,62,0,93
6,63,84,91,49,57,78,42,74,2,62,72,82,13,81,60,22,32,86,89,59,88,44,34,90,53,94,7,41,23,58,66,71,30,8,43,21,83,31,92,51,10,14,55,17,39,33,5,15,46,76,96,25,98,11,3,69,47,97,67,61,20,75,45,99,64,48,36,9,16,73,95,26,65,40,19,28,87,52,24,54,1,38,4,50,37,56,79,12,70,35,27,80,29,77,18,68,85,0,93
6,63,84,91,5,57,30,42,74,2,62,72,98,13,81,60,83,96,86,89,59,88,44,65,90,53,32,7,41,23,58,66,71,82,15,43,77,14,31,8,20,10,21,55,17,39,33,27,24,46,76,0,25,49,11,3,69,47,97,67,61,92,75,45,99,64,48,36,9,16,73,95,26,22,40,19,28,87,52,78,54,1,38,4,50,37,56,79,12,70,34,51,80,29,94,18,68,85,35,93
6,3,84,91,5,57,9,42,74,2,62,83,98,13,81,60,66,40,86,89,59,63,10,65,94,53,32,7,72,23,58,96,71,54,15,43,77,14,31,8,20,88,21,55,17,39,47,44,24,46,76,0,25,49,11,69,97,33,90,67,61,92,75,45,99,64,82,36,37,16,73,95,26,22,56,19,28,87,52,78,30,1,38,4,50,27,41,79,12,70,34,51,80,29,48,18,68,85,35,93
6,3,84,91,5,57,13,42,74,2,62,83,98,28,81,60,66,40,86,8,59,63,69,65,94,53,32,7,72,23,58,96,71,54,15,43,77,80,31,56,20,88,21,55,36,39,19,44,24,46,76,64,25,49,11,12,97,33,90,67,61,92,75,45,99,17,82,14,29,16,73,95,9,47,50,89,34,87,52,78,30,1,38,4,22,27,41,79,26,10,70,0,51,37,48,18,68,85,35,93
6,3,84,91,5,57,13,42,74,7,62,83,98,93,81,60,28,56,75,86,59,63,69,65,94,52,32,16,72,23,58,1,71,54,97,43,17,80,31,8,20,88,21,55,36,39,77,44,24,53,76,64,25,49,11,12,46,33,90,67,61,92,40,45,99,27,82,14,48,15,73,95,9,47,50,89,34,87,19,78,30,66,38,4,22,29,41,79,2,10,70,0,51,37,96,18,68,85,35,26
6,3,56,91,51,57,13,42,77,78,62,83,29,93,81,60,74,49,75,86,59,84,69,65,94,52,32,16,72,23,58,1,71,54,97,33,17,80,31,8,20,88,21,55,36,39,99,44,24,53,76,64,25,82,11,12,46,63,7,67,61,92,40,90,95,27,10,14,48,15,73,89,9,47,50,5,34,79,19,98,30,66,38,4,22,43,41,85,2,45,70,0,87,37,96,18,68,28,35,26
24,3,19,63,51,48,13,42,37,78,10,83,97,22,27,60,74,72,75,86,59,84,69,65,94,52,32,16,91,23,58,1,71,54,44,33,17,80,31,8,20,47,21,55,36,39,99,29,93,53,76,64,25,82,11,12,46,88,7,67,61,92,40,90,95,62,28,14,6,15,73,89,9,30,50,5,34,79,77,98,57,66,38,4,49,43,41,85,2,45,70,0,87,81,96,18,68,56,35,26
89,3,19,63,51,48,94,42,4,78,10,83,97,22,27,60,74,72,75,86,59,84,69,55,95,71,32,16,91,23,66,1,8,54,7,33,17,80,31,76,70,47,21,58,36,39,24,29,93,53,92,64,25,82,11,12,46,88,14,67,61,65,40,90,6,62,28,20,99,15,73,41,9,30,50,5,34,79,77,98,57,13,38,52,49,44,43,85,2,45,37,0,87,81,96,18,68,56,35,26
89,3,19,56,51,17,94,42,4,78,43,83,97,22,10,6,74,72,49,86,59,84,63,55,95,71,32,16,91,23,66,1,8,69,7,33,60,80,31,82,70,47,21,58,36,39,93,29,30,53,92,99,25,24,11,12,46,88,14,34,61,65,40,90,67,62,28,20,98,15,73,41,9,13,50,5,76,79,77,27,57,64,38,52,54,44,75,85,2,45,37,0,87,81,96,18,68,35,48,26
89,3,93,56,87,23,4,42,39,78,43,83,97,22,60,6,74,63,49,86,92,84,35,55,95,98,32,16,91,37,66,1,8,69,7,33,71,80,9,82,70,47,21,58,36,19,59,29,30,53,31,99,25,44,11,94,46,88,14,34,61,65,40,90,67,62,28,20,27,15,73,41,12,13,50,5,76,79,77,51,57,64,38,52,54,10,75,85,2,45,24,0,72,81,96,18,68,17,48,26
89,24,93,56,87,23,4,11,39,78,30,83,97,22,43,6,74,63,49,86,9,84,35,55,95,98,32,75,91,37,66,1,8,69,7,42,15,80,3,60,70,47,21,58,36,19,59,29,33,53,31,99,25,44,92,71,46,48,14,34,61,94,85,90,67,62,28,40,27,88,73,41,16,13,50,5,76,79,77,51,57,64,38,52,54,10,0,12,2,45,82,68,72,81,96,18,65,17,20,26
40,47,93,56,87,23,4,11,39,73,30,83,97,22,66,6,74,63,49,86,9,84,35,55,95,98,32,75,91,37,92,1,8,69,7,42,15,80,53,60,70,5,21,58,36,19,78,29,33,59,31,99,25,44,24,48,51,17,14,34,61,94,3,90,67,10,28,76,27,88,46,13,16,85,50,62,89,79,77,96,57,64,38,52,54,43,0,12,2,45,82,68,72,81,41,18,65,71,20,26
40,29,93,56,87,23,4,5,39,73,30,83,97,22,66,6,74,63,49,86,17,84,35,55,95,98,32,53,91,37,92,1,8,69,7,47,15,54,14,60,70,82,21,58,18,19,78,44,34,59,31,80,25,50,24,48,33,51,75,11,61,94,3,90,67,10,28,76,27,88,65,13,16,85,9,62,89,79,77,96,57,64,46,99,36,43,0,12,2,45,38,68,72,81,41,52,42,71,20,26
40,29,93,39,87,23,4,76,53,59,30,83,97,22,66,6,20,5,49,86,17,84,35,55,95,98,9,47,91,37,63,1,8,69,7,92,15,54,14,60,70,32,21,58,18,19,78,44,34,77,31,80,73,50,10,3,33,51,75,11,61,94,56,90,67,16,28,41,27,88,65,13,52,85,26,62,89,79,74,96,57,64,46,99,36,43,0,12,2,45,38,68,72,81,25,82,42,71,24,48
40,29,93,39,87,16,4,76,47,59,30,83,97,5,66,6,20,65,49,86,17,84,35,55,95,98,9,88,91,75,22,1,8,69,7,38,15,23,14,60,70,32,21,52,61,19,78,44,80,77,31,92,73,50,10,3,33,51,37,11,45,12,56,90,67,18,28,41,27,54,58,13,42,85,26,62,89,79,74,63,57,64,46,99,36,43,0,96,2,53,34,68,72,81,25,82,94,71,24,48
24,66,93,39,87,49,4,76,47,84,40,30,97,5,96,6,20,65,44,3,17,83,35,55,95,98,9,88,91,75,22,1,8,43,7,38,15,23,14,60,70,32,21,52,61,19,78,77,80,26,31,92,73,50,10,79,89,51,37,11,45,12,56,69,67,18,28,41,27,54,59,13,42,85,82,62,86,90,74,63,57,64,46,99,36,33,0,94,2,53,34,68,72,81,25,16,29,71,58,48
24,4,65,39,87,49,37,76,69,19,40,30,97,31,96,6,20,5,0,44,17,83,35,55,95,98,9,88,91,75,22,1,8,43,7,38,15,23,14,60,70,32,21,52,61,92,78,77,80,71,72,82,73,50,10,26,79,51,56,11,45,12,84,13,67,18,28,41,27,54,59,3,42,85,93,62,86,90,74,66,57,64,46,99,36,33,81,94,2,53,34,68,89,63,25,16,29,47,58,48
41,4,65,39,87,49,37,28,86,19,75,30,97,31,92,6,20,5,0,44,17,83,35,55,95,98,9,63,91,80,84,1,8,43,7,38,61,22,14,60,24,32,21,52,72,70,78,76,77,71,67,82,73,50,10,26,79,51,56,11,45,12,69,13,96,15,88,25,27,54,59,3,42,85,23,62,93,90,74,66,57,64,46,99,36,33,81,94,2,53,34,68,89,18,40,16,29,47,58,48
41,4,65,39,87,49,37,28,10,19,75,30,97,31,92,17,20,27,0,47,93,51,35,55,95,86,9,63,91,80,84,1,8,43,7,38,32,22,14,60,24,85,21,52,72,70,98,76,77,71,67,82,73,50,45,26,79,78,56,11,44,12,69,13,96,15,29,25,81,54,59,61,42,6,23,62,66,90,74,5,57,68,46,99,36,33,3,83,2,53,34,88,89,18,40,16,64,94,58,48
41,4,3,39,87,49,37,28,10,19,75,30,98,31,92,17,20,27,0,47,93,51,35,55,95,86,9,63,91,80,84,1,8,43,7,88,32,22,58,60,24,85,21,77,72,70,61,29,65,71,67,76,73,50,45,26,44,78,97,11,96,12,69,13,62,15,33,46,81,54,38,59,42,6,64,23,66,90,74,5,57,68,14,99,36,82,25,83,2,53,34,79,89,18,40,16,56,94,52,48
45,4,3,39,87,49,37,28,10,19,75,30,98,31,86,17,20,27,0,47,29,51,35,93,8,9,96,61,91,80,84,1,95,50,7,88,32,22,58,60,24,85,21,77,72,70,38,41,65,71,55,76,73,48,63,26,44,78,46,11,52,12,69,13,62,15,33,18,81,54,67,97,43,6,64,23,66,92,74,5,57,68,14,99,36,82,25,83,2,53,34,79,89,59,40,16,56,94,90,42
33,4,3,39,7,49,15,28,10,19,79,30,98,31,86,17,20,27,0,47,29,51,35,18,8,9,92,61,91,80,84,1,95,50,44,88,32,22,57,60,24,85,21,77,72,70,38,41,65,23,55,76,73,48,63,26,94,78,59,11,93,12,58,13,62,75,37,71,81,54,67,46,82,6,64,52,66,69,74,5,43,68,14,99,36,96,25,83,2,53,34,87,89,97,40,16,56,45,90,42
33,4,3,39,7,49,15,28,10,70,79,30,98,68,86,92,80,31,0,47,29,95,35,18,8,9,38,61,91,77,84,1,63,50,44,88,32,11,57,60,24,81,21,12,72,22,20,41,65,23,51,76,73,48,55,26,94,78,59,53,93,19,58,13,99,75,17,71,27,54,67,46,82,85,64,52,66,69,74,5,43,37,14,6,36,96,25,83,2,62,34,87,89,97,40,16,56,45,90,42
33,41,3,39,7,11,15,28,10,55,79,30,98,48,86,92,89,31,0,47,29,49,95,18,8,9,38,61,80,77,84,1,34,50,44,88,32,72,57,75,24,81,21,12,60,22,20,46,65,23,51,4,73,68,63,94,26,78,59,53,93,90,58,13,99,35,17,71,27,54,67,19,82,85,64,52,66,69,74,5,43,37,14,6,36,96,25,83,2,62,70,91,87,97,40,16,56,45,76,42
33,41,3,39,7,11,15,28,10,55,79,30,98,17,84,92,36,31,87,48,29,49,95,18,8,9,38,61,86,77,57,1,34,50,44,88,16,72,2,75,24,81,21,12,60,22,20,46,65,89,51,94,73,68,63,91,26,90,59,53,93,4,58,13,99,35,40,71,27,54,67,19,82,85,64,80,66,69,74,5,96,37,14,6,70,0,25,83,43,62,52,23,47,97,32,78,56,45,76,42
33,41,3,39,7,11,15,28,76,55,9,30,98,21,84,20,36,31,87,48,29,49,10,79,8,26,92,61,86,77,34,1,38,91,44,88,16,72,2,75,24,81,6,12,57,22,60,95,65,89,51,94,73,46,18,17,70,90,59,53,93,4,58,13,50,35,40,71,68,54,67,19,82,85,64,80,66,69,74,5,96,37,14,0,99,63,25,83,43,62,52,23,47,97,32,78,56,45,27,42
33,41,3,39,7,44,15,75,76,83,9,30,98,21,84,0,36,20,87,48,29,49,10,43,8,26,92,61,86,93,34,1,38,31,17,88,16,72,2,73,24,81,28,12,57,22,91,95,51,89,66,94,77,46,18,56,70,90,59,53,42,4,58,13,50,35,40,71,68,54,67,19,82,11,64,80,60,69,74,5,96,37,14,97,99,63,25,55,79,62,52,23,47,65,32,78,85,45,27,6
33,41,3,39,50,44,15,75,76,83,26,30,98,21,84,77,86,4,87,48,29,49,10,20,8,35,92,88,97,93,34,1,38,31,17,27,36,72,2,73,24,81,28,12,57,22,91,95,51,89,66,94,18,46,56,85,70,90,59,53,42,82,58,13,65,43,40,71,68,54,67,19,79,11,64,80,60,16,74,5,96,37,61,0,99,63,25,55,9,62,52,23,47,14,32,78,69,45,7,6
33,41,85,39,50,55,65,75,76,14,26,30,98,49,84,37,86,4,87,71,29,77,44,20,8,27,92,88,97,35,34,1,38,31,17,48,36,80,2,73,83,81,28,12,57,22,91,95,51,89,66,94,21,15,56,93,70,90,59,53,42,82,58,13,72,43,40,61,68,54,67,19,79,11,64,10,60,16,46,5,96,18,24,0,99,63,25,3,9,62,52,23,47,74,32,78,69,45,7,6
33,4,85,39,29,55,65,75,76,14,26,30,34,49,15,37,86,97,87,71,25,35,89,20,8,27,92,40,69,41,61,1,38,31,17,48,94,60,2,50,83,81,84,12,57,22,91,95,51,88,66,74,21,36,56,93,70,90,59,53,42,82,58,13,72,43,98,44,68,54,67,19,79,11,64,10,77,16,46,5,96,18,24,0,99,63,73,3,9,62,52,23,47,28,32,78,80,45,7,6
33,4,85,39,29,66,65,11,18,14,55,30,34,49,15,75,20,97,5,12,25,35,89,60,88,27,38,40,69,41,61,1,37,31,17,48,94,42,2,50,10,81,84,67,57,22,91,95,51,26,92,74,21,36,56,93,70,90,59,53,8,82,58,13,72,43,98,44,68,54,71,19,79,83,64,76,77,86,46,23,96,87,24,0,99,63,73,3,9,62,52,16,47,28,32,78,80,45,7,6
33,4,21,39,29,66,65,11,18,14,9,87,34,76,30,75,20,36,5,12,28,35,89,85,88,27,38,40,69,41,61,78,71,31,99,92,94,42,48,50,10,81,84,67,57,22,91,95,51,26,2,74,54,49,56,93,70,90,59,53,8,82,58,13,72,43,98,44,68,1,63,19,79,83,64,25,77,86,46,23,96,60,24,0,97,37,73,3,15,62,52,16,47,55,32,17,80,45,7,6
19,4,21,39,29,66,65,17,18,14,9,87,34,76,30,89,20,36,5,12,28,35,91,85,88,27,38,52,69,41,61,78,71,31,99,92,94,42,48,96,10,81,84,67,57,40,93,95,7,26,2,74,54,50,70,22,49,90,59,53,8,11,58,75,72,43,98,44,68,1,51,56,79,83,64,25,77,86,46,82,33,60,24,0,97,37,73,3,15,62,63,32,47,23,13,16,80,45,55,6
19,4,21,69,29,66,65,17,18,14,41,87,1,76,39,89,20,81,67,5,52,35,91,85,88,27,38,16,98,50,61,78,71,31,99,33,94,42,48,96,10,36,84,28,57,40,80,95,7,26,2,74,54,46,70,22,49,90,59,12,8,11,58,75,72,43,92,44,68,60,51,56,79,83,64,25,77,86,53,82,30,34,24,0,97,37,73,3,15,62,63,32,47,23,13,9,55,45,93,6
19,4,21,44,29,31,65,17,18,50,66,87,1,76,39,89,15,81,33,5,52,35,91,85,88,34,38,56,98,92,61,67,71,51,99,90,41,42,48,96,10,36,84,28,57,40,80,95,7,26,2,74,69,46,70,22,49,73,59,12,8,11,58,75,72,43,78,68,20,60,27,24,79,83,64,25,77,86,53,82,30,14,62,0,97,37,54,3,94,16,63,32,47,23,13,9,55,45,93,6
19,95,62,88,29,31,97,27,18,50,66,87,76,45,39,89,15,81,77,5,52,35,91,65,21,34,38,56,98,92,61,67,71,51,99,90,41,42,48,96,10,36,84,28,57,17,80,4,9,26,2,74,69,46,70,1,49,75,59,12,8,11,58,73,72,43,33,68,20,60,14,24,79,83,64,25,40,86,53,85,30,82,22,0,78,37,54,3,94,16,63,32,47,23,13,7,55,44,93,6
19,95,62,88,9,31,59,27,25,97,33,87,76,69,39,89,15,83,77,5,52,35,91,65,21,34,38,56,98,92,96,29,71,51,99,2,41,42,48,16,90,36,74,28,57,17,80,4,10,26,18,23,50,46,70,84,49,75,81,12,8,11,58,73,72,43,66,68,20,60,14,24,79,61,64,1,40,86,53,85,30,82,22,67,78,37,54,3,94,45,63,32,47,0,13,7,55,44,93,6
60,95,62,44,59,31,18,27,49,97,33,87,76,69,92,89,15,83,77,5,52,35,39,81,21,34,38,56,98,47,96,29,71,51,99,2,41,42,48,16,90,36,74,28,57,19,80,4,10,26,25,65,50,46,70,84,88,23,54,12,17,11,58,73,72,14,66,68,20,0,8,24,79,61,64,1,40,86,53,85,30,82,22,75,78,9,37,3,94,45,63,32,43,67,13,7,55,91,93,6
60,90,62,44,59,31,50,27,49,71,33,87,76,69,92,89,15,83,26,5,37,35,39,29,63,99,38,56,98,47,96,80,97,51,36,2,41,42,48,16,79,13,74,28,57,19,95,4,10,85,25,65,86,46,70,84,88,23,54,12,17,11,21,73,72,14,66,68,20,0,8,24,58,61,64,1,40,18,91,77,30,82,22,75,78,9,52,3,94,45,53,32,43,67,34,7,55,81,93,6
60,90,62,44,59,31,50,27,6,61,33,7,76,8,92,89,15,83,26,5,82,35,39,29,63,99,38,56,98,47,96,80,97,51,36,2,41,42,87,16,75,13,74,28,57,19,95,68,21,85,4,65,86,46,70,84,88,25,54,12,17,11,93,73,72,14,66,37,20,0,24,69,58,23,64,1,40,79,91,77,30,55,22,10,78,9,52,3,94,45,49,32,48,67,34,71,18,81,43,53
60,43,53,44,59,31,50,27,6,61,33,7,76,8,15,14,18,83,26,5,82,35,22,29,66,36,38,56,98,47,96,80,97,51,90,48,1,42,87,16,75,13,74,28,57,19,99,41,21,85,4,65,86,46,70,2,88,39,54,12,17,11,93,73,72,63,95,37,20,0,24,69,58,23,64,9,40,79,91,77,30,55,34,10,78,92,52,3,94,45,49,32,68,67,89,71,84,81,62,25
29,43,53,44,59,96,50,27,6,61,33,7,76,8,15,14,18,83,26,5,82,35,36,84,66,22,38,56,98,47,67,80,97,51,88,48,1,42,87,16,69,13,70,28,57,19,99,41,21,85,4,79,86,46,52,2,11,39,54,12,17,72,93,73,65,63,95,90,20,0,24,31,58,23,64,9,40,37,75,77,81,25,34,10,78,92,91,3,94,45,49,32,68,30,89,71,60,55,62,74
29,43,53,44,59,96,50,19,24,77,60,7,76,8,15,14,18,83,26,5,82,35,20,84,28,22,36,66,98,47,67,41,97,51,88,48,93,11,87,16,69,61,70,13,57,30,99,42,21,85,4,79,86,46,52,2,62,39,54,12,9,72,1,73,65,63,95,90,80,0,6,31,58,23,64,27,40,37,75,56,81,25,34,10,78,92,91,3,94,45,49,32,68,17,89,71,38,55,33,74
29,43,53,28,59,73,50,19,44,77,69,7,76,8,15,14,18,83,26,57,5,35,58,84,22,0,36,66,98,20,67,81,97,51,88,48,93,11,87,47,96,61,70,13,55,30,99,42,80,85,4,24,86,46,52,2,41,39,54,12,9,72,1,16,65,63,95,90,25,37,6,31,60,23,64,27,40,62,75,56,21,82,34,10,78,92,91,3,94,45,49,32,68,17,89,71,38,79,33,74
29,43,62,64,59,73,11,19,44,77,69,7,76,65,15,14,13,83,26,57,61,35,58,84,22,0,36,66,98,20,41,81,28,51,88,67,93,80,87,47,96,48,70,18,55,30,99,42,45,85,4,24,86,46,52,2,53,8,54,12,9,50,1,16,63,75,95,90,25,37,6,31,60,23,92,27,40,5,39,56,10,82,34,21,78,72,91,3,94,97,49,32,68,17,89,71,38,79,33,74
29,43,62,64,59,47,75,19,44,14,69,7,76,65,15,77,84,83,26,57,61,35,58,54,22,0,6,10,98,20,60,81,28,51,88,67,93,80,87,66,96,48,70,18,46,63,99,42,45,85,30,24,4,79,52,82,53,8,73,12,9,50,1,16,13,11,95,90,25,37,36,31,86,41,92,27,40,5,39,56,23,2,34,21,78,72,91,3,94,97,49,32,68,17,89,71,38,55,33,74
29,43,62,64,59,47,75,19,2,14,44,10,76,65,69,9,71,83,26,57,89,35,85,15,22,0,6,96,98,20,60,81,28,51,88,67,93,80,61,66,56,48,70,18,46,63,99,42,45,49,30,24,4,79,52,82,53,8,73,12,77,50,1,16,13,11,95,90,58,37,78,31,86,41,92,38,40,5,39,25,23,7,34,21,68,72,91,3,94,97,84,32,54,17,27,36,87,55,33,74
62,43,70,64,59,47,75,19,15,14,69,10,76,65,88,9,71,28,52,57,89,35,85,94,22,0,6,96,45,78,60,81,51,7,38,26,93,80,61,66,56,48,33,18,46,63,99,42,50,49,30,24,4,79,98,82,53,8,73,12,77,83,1,16,13,11,95,90,58,37,21,31,86,41,92,2,40,5,39,25,23,29,34,44,68,72,91,3,87,97,84,32,54,17,27,36,20,55,67,74
70,43,53,55,87,47,75,19,15,25,69,10,44,65,88,38,71,28,52,57,64,35,85,94,22,0,6,80,45,78,60,81,51,7,86,26,93,27,61,66,56,48,33,18,46,63,99,42,50,49,30,24,4,79,98,82,9,8,67,12,77,83,1,16,76,11,95,90,58,96,21,31,37,97,92,14,40,5,39,73,23,29,34,2,68,72,91,3,59,41,84,32,54,17,62,36,20,13,89,74
70,43,4,50,87,94,62,19,15,25,72,52,55,65,88,53,71,28,34,57,64,35,85,78,22,0,47,80,45,56,60,69,33,7,86,26,93,27,61,66,38,48,14,18,46,63,99,42,10,49,30,24,81,79,98,82,9,8,67,12,77,83,1,16,76,11,95,90,58,96,21,31,37,97,92,6,40,5,39,73,23,29,75,2,68,74,91,3,59,44,84,32,54,17,20,36,51,13,89,41
17,43,16,50,87,94,62,19,15,25,70,52,55,65,88,53,71,92,34,57,64,35,85,78,22,0,89,80,45,99,60,69,12,7,86,26,93,27,61,66,56,59,14,47,46,63,72,42,10,4,30,24,81,79,98,82,96,8,67,31,77,83,1,58,76,11,95,90,28,49,9,48,37,97,5,6,40,91,39,73,23,29,75,2,68,74,33,3,38,44,84,32,54,18,20,36,51,13,21,41
17,41,23,50,87,94,71,19,15,25,70,52,55,65,88,75,74,92,57,62,64,35,85,21,22,0,89,80,45,99,60,69,12,7,86,26,93,38,84,66,56,59,14,47,46,63,72,42,10,4,30,24,81,79,98,82,96,8,43,31,61,83,1,58,76,11,95,90,28,37,67,48,27,97,5,6,40,91,39,73,53,29,34,78,68,20,33,3,32,44,2,77,54,18,9,36,51,13,16,49
74,45,23,79,87,94,71,19,15,25,70,52,55,65,84,32,22,92,57,62,64,36,20,21,80,0,89,17,41,6,60,69,12,7,86,26,93,38,33,66,99,59,14,47,46,35,72,42,10,4,30,24,85,50,98,82,96,8,43,31,61,83,1,63,76,11,95,90,28,37,67,48,27,97,5,9,40,91,39,73,53,29,34,78,88,58,75,3,56,44,2,77,54,18,81,68,51,13,16,49
74,39,23,45,93,94,71,19,68,77,70,54,55,65,84,81,22,92,57,4,64,11,20,21,80,0,89,17,41,6,60,69,12,7,86,26,25,38,33,66,99,59,14,16,46,35,72,42,10,96,52,24,85,50,98,82,32,8,43,31,61,79,1,63,13,36,95,90,28,37,67,48,27,97,5,9,40,91,30,73,53,29,34,78,88,58,75,3,56,44,2,51,15,18,76,47,87,83,62,49
74,39,23,45,93,84,71,19,73,77,70,54,55,65,69,85,22,92,57,4,64,11,20,21,80,0,89,34,41,81,61,47,60,7,86,26,25,38,33,66,99,59,2,50,46,58,72,42,10,96,52,24,53,88,98,82,32,8,68,31,17,79,6,63,13,36,95,35,28,37,67,48,27,97,5,9,40,91,30,43,1,29,16,78,94,90,75,3,56,44,14,51,15,18,76,12,87,83,62,49
74,39,23,45,93,84,71,19,73,77,70,54,55,65,17,85,22,92,57,4,31,11,0,38,48,80,64,34,49,81,61,47,50,7,86,26,25,60,33,66,99,59,2,63,69,58,72,42,10,96,52,24,53,88,98,82,32,12,68,41,36,79,6,89,13,20,95,35,28,37,67,97,27,40,5,9,62,21,30,43,1,29,16,78,94,90,75,3,56,91,14,51,15,18,76,8,87,83,46,44
74,82,23,45,93,84,71,19,73,77,70,60,55,65,17,85,22,92,49,4,31,11,0,30,48,80,64,34,38,81,61,90,50,2,26,39,25,7,33,66,99,16,86,63,69,58,54,42,10,96,9,24,28,88,79,52,53,12,68,41,36,59,6,89,13,20,95,35,40,37,67,97,27,72,5,98,62,21,47,43,1,29,32,78,94,57,75,3,56,91,14,51,15,18,76,8,87,83,46,44
74,82,23,26,93,84,71,19,73,77,70,60,55,52,17,96,22,10,49,89,31,11,8,30,48,80,85,34,4,81,61,90,50,2,45,39,25,7,33,66,99,16,86,72,69,58,54,42,0,13,92,24,28,88,64,5,53,12,68,41,94,59,6,83,38,20,95,35,51,37,67,97,27,79,40,98,62,21,47,43,1,29,32,78,65,57,75,3,56,91,14,9,15,18,76,63,87,36,46,44
57,82,23,0,93,16,71,19,73,77,70,60,55,52,17,96,22,10,49,89,31,11,8,30,48,80,27,34,4,81,5,90,40,88,45,39,25,7,33,66,99,37,86,72,13,58,54,42,9,74,92,24,28,20,64,68,94,12,53,41,84,2,6,83,38,50,95,35,51,26,67,61,69,79,85,98,62,21,47,43,1,29,32,78,65,59,75,3,56,91,14,87,15,18,76,63,97,36,46,44
51,82,31,0,93,16,71,19,73,77,70,60,4,52,17,25,22,10,49,89,9,11,8,30,48,80,32,34,12,81,5,90,40,88,45,27,6,98,7,68,39,37,86,96,13,58,54,42,56,74,92,24,97,20,64,57,94,55,53,41,84,2,28,83,38,50,95,35,66,26,67,99,69,79,85,23,62,21,47,43,1,29,72,78,65,59,75,3,61,91,14,87,15,18,76,63,33,36,46,44
51,82,31,0,93,16,71,19,39,77,70,4,83,52,17,25,22,10,49,72,9,11,8,30,48,80,32,34,12,81,5,90,40,87,45,27,6,98,7,91,54,73,1,86,13,36,76,42,56,23,92,24,97,20,64,57,94,55,53,41,84,2,28,37,38,50,95,35,66,26,14,99,69,79,85,62,68,21,47,43,96,29,58,78,65,59,75,3,61,88,67,33,15,18,74,63,89,60,46,44
51,82,31,0,91,16,11,19,39,77,70,4,83,44,17,25,99,10,49,72,87,64,76,30,48,75,8,28,12,65,5,90,40,55,45,27,32,98,7,81,54,73,93,86,13,36,59,42,56,23,92,24,97,20,22,57,94,9,53,41,84,2,34,37,38,50,95,35,66,26,14,6,69,79,85,62,68,21,47,43,96,1,58,78,52,80,29,3,61,88,67,33,15,18,74,63,89,60,46,71
51,22,31,64,91,28,11,19,99,77,70,4,83,44,17,41,89,10,88,72,87,56,76,30,48,75,8,73,12,65,5,90,40,55,45,27,32,98,7,81,54,24,93,68,13,36,59,42,16,38,92,18,97,20,69,57,94,9,53,25,84,2,34,37,60,50,95,35,66,26,14,6,82,79,3,62,86,21,47,43,96,1,58,78,52,80,29,49,61,85,67,33,15,23,74,63,0,39,46,71
51,22,39,36,25,28,11,19,99,77,70,4,83,44,17,41,89,85,88,72,87,56,76,15,32,75,8,14,12,65,5,90,40,55,80,27,96,98,7,81,54,24,59,31,13,33,48,42,16,91,92,64,97,20,69,57,94,9,53,10,84,2,34,37,60,50,95,35,66,73,38,6,82,79,3,30,86,21,47,43,68,1,58,78,52,93,29,49,61,18,67,45,62,23,74,63,0,26,46,71
51,22,39,83,25,28,11,19,99,77,70,4,36,44,17,41,50,85,88,72,87,56,76,10,32,75,8,14,12,65,89,54,40,93,80,27,96,98,7,81,66,24,59,31,86,33,48,42,16,91,92,64,97,20,69,34,94,9,55,90,84,2,45,37,60,15,5,35,57,73,38,6,46,79,71,30,13,21,47,43,68,1,53,78,52,95,29,49,61,18,67,82,62,23,74,63,58,26,3,0
92,22,39,83,25,28,11,19,99,61,89,70,36,44,17,62,32,85,88,72,87,56,76,29,34,75,50,14,12,65,52,54,40,93,80,27,96,98,7,81,66,84,59,31,86,33,48,42,16,91,41,64,97,20,69,79,94,9,82,90,30,2,45,37,60,55,5,77,57,73,38,6,46,24,71,35,13,21,47,43,68,1,10,78,4,95,53,49,8,18,67,15,51,23,74,63,58,26,3,0
92,22,39,83,7,28,11,19,99,61,78,70,36,77,17,62,32,85,25,23,87,56,76,29,13,58,50,15,12,65,52,54,40,93,80,27,96,98,26,81,66,84,59,31,86,33,48,14,71,91,41,64,97,20,69,79,94,9,82,89,30,2,45,53,60,55,5,37,57,42,38,6,46,24,88,35,67,21,47,43,68,1,10,72,4,95,73,49,34,18,90,8,51,75,74,63,44,16,3,0
57,22,39,83,7,28,11,19,99,61,78,70,36,27,23,62,32,85,38,4,87,72,76,29,13,58,50,15,12,65,52,54,40,93,80,30,49,77,26,81,66,59,98,31,86,33,48,14,71,91,10,64,97,20,69,79,94,9,82,89,37,2,45,53,60,55,5,75,56,42,41,6,46,24,88,84,67,21,47,16,68,1,25,17,43,95,73,74,34,18,90,8,51,35,96,63,44,92,3,0
57,22,72,83,7,28,11,33,99,61,78,70,36,27,23,62,32,93,38,4,87,86,76,3,13,58,47,15,12,65,52,54,98,64,42,30,49,77,26,81,66,59,10,29,50,96,48,14,0,91,31,94,97,20,69,79,40,9,82,89,37,2,56,85,60,55,5,75,39,45,41,6,46,24,88,84,67,21,19,16,68,1,25,17,43,95,73,74,34,18,90,8,51,35,53,63,44,92,80,71
57,22,72,83,7,28,11,5,99,61,78,70,36,33,27,96,32,93,38,4,87,86,76,3,13,10,47,15,12,45,52,54,98,23,82,30,49,77,26,81,66,65,0,29,50,64,35,14,42,91,84,94,97,20,48,79,40,9,55,89,37,2,56,85,60,69,6,58,39,59,41,75,46,67,88,62,31,21,19,16,68,1,25,17,43,95,73,74,34,18,90,8,51,24,53,63,44,92,80,71
57,22,72,31,7,28,24,5,99,61,78,70,36,33,27,96,17,93,38,59,87,16,76,3,45,10,47,15,12,71,52,54,98,23,82,30,49,77,21,81,66,65,0,29,50,90,35,14,13,91,84,94,97,20,26,79,40,9,55,89,37,2,56,85,60,11,6,58,95,42,41,75,46,67,88,62,68,80,19,44,32,1,25,69,43,4,73,74,34,18,86,8,51,48,53,63,83,92,64,39
57,22,72,31,26,53,24,5,99,61,78,70,36,33,27,96,17,93,38,59,75,16,76,3,45,10,77,15,12,71,52,54,98,23,82,30,49,29,21,81,66,90,0,4,50,97,35,14,13,91,84,94,65,20,87,79,28,7,55,89,37,2,56,85,60,8,86,62,9,42,41,43,46,67,88,64,68,80,19,44,32,1,25,69,6,39,73,74,34,18,58,11,51,48,40,63,83,92,95,47
57,22,72,31,26,92,38,5,37,56,78,71,90,53,27,96,17,93,61,59,75,16,4,3,45,10,77,15,12,99,52,54,98,23,82,30,64,29,21,81,66,19,0,89,50,97,35,14,70,36,84,94,65,79,87,76,28,7,55,40,91,2,20,85,60,8,86,62,9,42,41,43,46,67,13,33,68,80,88,44,32,1,25,69,6,39,73,74,34,18,58,11,51,48,49,63,83,24,95,47
57,22,72,31,26,92,38,5,37,56,78,69,90,58,27,4,17,93,61,59,75,16,71,54,45,30,77,15,12,99,40,85,98,23,1,86,64,29,21,96,66,19,0,89,50,97,10,14,70,36,84,94,65,79,87,76,28,7,55,88,91,42,20,33,60,8,6,62,9,25,41,43,46,67,13,35,68,80,63,44,32,81,82,52,53,39,73,74,34,18,3,11,51,48,49,2,83,24,95,47
57,22,25,31,26,92,38,5,37,56,78,69,90,58,27,4,17,93,61,79,75,16,72,30,45,14,77,54,12,99,40,85,33,23,1,24,95,29,21,96,66,19,0,89,86,97,55,82,70,36,84,94,65,8,87,76,28,15,64,88,91,42,71,98,60,59,6,62,9,7,83,43,46,67,13,35,68,80,63,44,32,81,10,52,53,39,73,74,34,18,3,41,51,48,49,2,50,11,20,47
57,22,25,31,26,92,38,5,37,56,78,69,62,9,27,4,17,93,53,79,48,16,72,30,45,14,77,54,12,99,40,85,58,23,1,24,95,29,21,94,66,19,0,11,86,97,55,82,98,36,84,33,65,8,87,76,28,15,89,88,91,42,71,90,60,59,96,46,41,20,83,43,67,32,13,35,68,80,63,44,73,81,10,52,6,39,70,74,7,18,3,75,51,64,49,2,50,34,61,47
57,22,25,31,26,92,38,5,37,56,78,69,55,9,27,85,17,93,53,79,48,16,72,30,45,14,77,34,12,99,40,62,58,23,1,24,95,29,21,94,98,19,0,11,86,97,81,82,28,36,7,6,65,33,20,76,87,15,89,88,91,42,71,90,8,59,4,46,41,66,18,43,67,32,83,35,68,80,63,44,73,60,10,52,96,39,70,13,51,3,54,75,84,64,49,2,50,74,61,47
92,21,25,31,6,44,38,5,37,56,80,69,55,34,57,85,17,93,53,59,48,16,72,30,45,14,77,79,12,99,40,62,58,23,1,24,95,29,61,13,98,19,11,94,86,97,81,82,28,36,7,0,65,4,20,76,87,15,22,88,91,42,71,90,8,89,75,46,41,66,18,43,67,32,83,35,68,78,63,33,73,60,10,52,96,39,70,3,51,9,54,26,27,64,49,2,50,74,84,47
92,74,25,31,6,44,38,5,1,56,80,69,55,34,57,13,17,93,53,36,30,89,72,21,45,14,77,79,52,99,40,62,39,23,58,24,95,29,61,27,98,19,48,94,86,97,81,82,28,4,7,0,65,70,20,76,87,15,22,88,91,42,71,90,8,59,75,85,41,66,18,43,46,9,83,35,68,78,63,33,73,60,10,32,96,37,11,3,51,12,54,16,26,64,49,2,50,67,84,47
92,74,25,31,6,44,38,5,1,95,80,69,55,34,57,13,17,93,53,36,30,89,72,21,45,14,77,79,52,71,40,62,39,23,58,10,22,90,61,28,98,19,48,67,86,59,15,82,3,4,7,0,65,70,20,76,87,35,24,88,29,42,91,73,8,66,75,85,41,60,18,43,46,9,83,81,68,78,63,33,99,56,11,32,96,37,94,84,51,12,54,16,26,64,49,2,50,27,97,47
92,74,25,4,6,44,38,5,62,95,59,69,47,34,28,13,17,93,53,36,46,89,37,21,45,14,77,79,52,9,40,19,39,23,58,20,22,90,61,26,98,64,48,67,86,55,15,82,3,31,7,0,65,70,30,71,87,35,24,88,29,42,91,73,8,66,75,76,80,60,18,43,10,85,83,81,68,78,63,33,99,56,11,41,96,57,94,84,51,12,54,16,72,32,49,2,50,27,97,1
78,74,25,61,6,44,38,5,62,95,59,69,66,41,28,81,56,93,53,36,46,91,37,21,50,14,77,79,52,9,40,19,39,23,55,20,22,4,47,26,17,64,48,67,86,98,15,82,3,13,7,0,65,70,10,71,87,32,24,88,29,42,89,73,8,45,75,76,80,60,18,43,34,85,83,92,68,30,63,33,99,35,11,31,96,57,94,84,51,12,54,16,72,58,49,2,90,27,97,1
54,74,25,61,24,44,38,34,62,95,91,69,66,13,86,81,30,93,53,36,46,5,59,21,50,14,77,79,82,9,40,19,39,23,55,20,22,90,47,26,17,64,48,67,41,98,15,28,3,88,7,0,65,70,10,71,87,32,4,73,29,42,89,80,8,45,75,76,56,60,18,43,16,85,83,6,68,78,63,33,99,35,11,31,96,57,94,84,51,12,37,92,52,58,49,2,72,27,97,1
49,86,25,61,24,44,38,34,69,95,91,60,66,13,62,1,30,93,53,36,46,5,59,21,50,14,77,79,82,9,8,19,74,23,55,20,39,90,47,26,80,64,48,78,41,98,54,28,3,88,7,0,65,70,10,52,87,32,4,73,29,42,89,40,6,45,75,76,56,22,17,43,16,85,83,67,2,71,63,33,99,35,11,31,96,57,94,84,51,12,37,15,18,58,92,81,72,27,97,68
49,86,25,61,88,44,38,58,69,95,91,60,16,13,82,26,30,93,53,36,46,5,59,21,66,14,77,79,37,24,8,34,74,97,55,20,39,90,47,23,80,92,48,78,41,98,54,28,3,17,7,0,65,96,10,52,87,32,4,73,29,42,89,40,6,45,75,76,27,22,56,43,51,85,83,67,2,71,63,33,99,35,11,31,9,57,94,84,18,12,64,15,70,1,50,81,72,19,62,68
49,86,25,51,88,22,38,59,58,95,91,35,16,45,82,74,30,93,53,36,46,5,69,21,66,14,77,79,37,24,8,34,60,97,55,20,39,90,7,23,81,92,48,78,41,47,54,28,3,17,44,0,65,96,10,52,87,32,4,43,29,42,61,26,6,98,75,76,27,80,56,40,2,64,83,67,13,71,63,33,99,73,11,31,9,57,94,84,18,12,85,15,70,1,50,89,72,19,62,68
49,86,91,51,21,8,38,59,58,95,85,35,16,45,83,22,90,93,53,36,46,5,69,79,89,14,77,29,37,24,7,34,60,97,55,20,39,10,40,23,81,92,48,78,41,47,54,28,66,17,44,0,65,96,3,52,87,32,4,43,18,42,61,26,6,98,75,76,27,80,56,82,2,64,30,67,13,71,63,33,99,50,11,31,9,57,88,84,94,12,73,15,74,1,25,70,72,19,62,68
3,43,91,51,21,8,38,59,58,95,85,19,16,45,17,22,90,93,53,36,33,5,69,35,89,14,60,29,37,86,7,77,56,97,55,20,39,10,47,23,81,92,9,78,41,82,54,28,66,42,44,0,65,96,34,52,87,32,4,24,18,79,61,26,6,98,75,76,27,49,48,99,2,64,30,83,13,71,63,67,46,50,11,31,80,57,88,84,94,12,73,15,74,1,25,70,72,40,62,68
3,43,85,91,52,67,38,59,58,95,66,87,50,45,17,22,90,93,53,36,33,5,69,35,89,14,60,29,37,82,7,77,56,8,51,20,39,6,47,23,81,92,9,78,41,42,54,28,19,94,55,0,65,96,34,72,21,32,4,24,18,79,61,26,70,98,75,76,27,49,97,99,2,64,44,83,13,71,63,10,46,86,11,31,80,57,88,84,48,12,73,15,74,1,25,16,30,40,62,68
3,43,85,91,52,18,38,41,58,95,66,84,50,45,17,22,90,93,53,36,34,5,67,48,89,14,60,29,37,82,7,21,56,8,51,20,39,6,47,23,81,92,9,77,63,42,54,28,19,94,55,0,65,96,27,69,12,32,78,24,87,88,61,26,35,98,70,76,49,25,97,99,2,64,44,83,13,71,79,10,46,86,11,31,80,57,33,4,59,72,73,15,74,1,75,16,30,40,62,68
3,43,85,91,52,18,38,41,58,95,49,84,50,46,17,25,90,93,53,36,86,5,67,48,89,14,60,80,37,82,7,21,56,8,51,20,39,0,44,23,81,73,9,77,63,42,92,45,19,94,55,61,65,96,27,70,12,32,78,24,87,88,54,26,35,98,69,76,62,47,97,99,2,64,68,83,13,71,6,10,29,66,11,34,28,57,33,4,59,72,31,15,74,1,75,16,30,40,22,79
3,43,84,91,4,18,38,41,58,95,49,85,50,46,23,27,90,80,53,36,86,5,67,48,89,14,60,45,37,82,72,39,56,92,51,20,25,0,44,17,81,73,9,77,63,42,78,16,19,94,55,61,65,96,33,70,12,32,8,24,87,88,54,26,35,98,69,76,62,47,97,99,2,64,68,83,13,71,6,10,29,66,11,34,28,79,22,7,59,93,15,57,74,1,75,31,30,40,52,21
3,43,84,70,4,18,48,39,58,95,49,85,50,56,53,27,90,80,38,91,86,5,67,99,19,14,76,45,37,82,72,75,35,92,51,20,25,0,44,17,81,73,9,77,63,42,78,16,41,94,55,46,61,96,33,1,12,32,8,24,87,88,54,26,64,98,69,6,62,47,97,15,2,36,68,83,13,71,23,10,29,66,11,34,28,79,22,7,59,93,60,57,74,65,40,31,30,89,52,21
3,89,84,70,4,18,48,39,58,95,5,85,11,60,53,27,90,80,38,91,23,77,67,99,19,14,76,45,37,22,43,75,35,86,51,63,25,0,44,17,81,73,9,56,20,42,78,16,41,68,55,46,61,96,33,1,31,32,8,24,87,88,54,26,64,98,69,49,62,47,97,15,2,36,6,72,13,71,83,10,29,66,92,34,28,94,79,50,59,93,7,57,74,65,40,12,30,82,52,21
44,64,84,76,4,18,48,39,58,7,5,85,11,60,82,27,67,80,38,29,23,77,88,99,19,14,47,45,37,22,43,75,35,86,91,63,25,0,51,17,81,73,9,56,20,42,78,74,41,3,55,46,61,95,33,1,31,32,8,24,87,52,54,26,97,68,69,49,62,98,53,15,2,36,6,72,13,71,83,10,30,66,92,34,28,94,79,50,59,93,70,57,96,65,40,12,90,89,16,21
94,64,84,76,67,18,48,56,12,7,5,85,11,60,41,4,97,80,38,29,23,77,88,99,19,14,47,45,22,31,43,75,35,55,91,27,25,0,51,17,81,73,9,39,63,42,78,74,69,3,20,46,61,98,33,1,95,32,8,24,87,52,54,26,58,44,68,49,62,28,53,15,2,36,6,72,82,71,83,10,30,66,92,34,37,86,79,50,59,93,70,57,96,65,40,13,90,89,16,21
94,64,52,84,67,27,37,56,12,11,5,85,48,14,43,4,97,80,38,34,23,77,88,99,19,41,47,45,22,2,90,75,31,68,91,18,25,0,51,17,78,73,9,39,63,42,81,76,69,3,20,46,61,98,33,1,95,32,8,24,87,35,54,26,58,44,7,49,62,28,55,15,74,36,6,72,82,71,83,10,30,66,92,29,53,86,79,50,59,93,70,57,96,65,40,13,60,89,16,21
94,64,52,68,67,27,37,56,12,11,91,85,48,14,43,16,19,80,38,34,23,77,88,99,59,41,47,10,7,2,90,1,31,0,83,18,45,65,22,17,81,73,9,39,63,42,4,84,69,3,20,46,61,24,33,5,95,32,8,98,87,35,54,26,58,44,25,49,62,28,55,15,74,36,6,72,82,71,97,78,30,66,92,29,53,86,79,50,76,93,70,57,96,75,40,13,60,89,51,21
94,64,52,50,67,84,37,56,12,71,21,62,48,14,43,16,61,80,38,34,23,4,88,99,59,41,47,10,7,2,90,1,68,0,83,18,45,65,22,17,70,73,9,39,63,69,20,42,25,3,81,86,27,24,33,5,95,32,8,98,87,35,77,26,58,44,85,49,19,28,55,15,74,36,6,72,82,46,97,78,30,66,92,29,53,31,79,13,76,93,54,57,96,75,40,91,60,89,51,11
52,64,73,50,67,4,37,56,12,3,21,11,48,14,43,16,61,80,38,34,23,71,88,99,59,41,47,10,7,2,90,49,68,30,83,18,0,65,22,17,70,81,9,39,63,69,20,42,25,84,77,26,27,24,33,5,95,32,8,98,87,35,96,44,58,1,85,36,86,28,55,15,74,79,6,62,82,46,97,78,45,66,92,29,53,31,40,13,76,93,54,57,94,75,19,91,60,89,51,72
91,64,73,50,67,4,49,63,12,3,21,11,48,14,43,44,61,80,38,34,25,71,88,99,82,41,47,77,10,2,97,9,68,30,83,18,0,15,22,17,70,81,39,59,90,69,20,56,7,84,55,26,27,24,33,5,95,32,8,98,87,35,96,37,58,1,85,36,86,28,23,16,74,31,6,62,52,46,42,78,45,66,92,29,53,79,40,13,76,93,54,57,94,75,19,65,60,89,51,72
91,64,73,50,67,4,49,28,12,59,21,11,48,14,43,44,61,80,95,0,25,71,88,99,82,10,47,77,5,37,97,9,68,30,83,18,3,15,65,34,70,81,39,84,41,69,20,56,7,96,55,26,93,24,22,17,38,32,8,98,87,33,35,90,58,1,85,36,86,23,2,16,74,31,6,62,63,46,42,78,45,66,92,29,53,79,40,13,76,52,54,57,94,75,19,27,60,89,51,72
91,64,86,50,67,4,49,73,12,69,21,11,48,14,43,44,61,38,95,0,25,71,88,99,82,10,45,77,5,37,97,9,68,30,36,18,3,15,84,34,59,81,39,13,41,70,20,56,93,96,28,26,7,24,22,17,16,32,8,98,87,33,35,90,47,1,85,65,83,23,2,29,74,55,6,62,63,46,42,58,78,66,92,31,53,79,40,19,76,52,54,57,94,75,72,27,60,89,51,80
91,80,86,33,67,22,4,73,12,69,21,11,48,62,43,44,61,38,95,0,25,71,88,15,82,10,45,50,98,37,97,9,68,30,36,64,3,78,41,34,59,81,39,13,77,70,20,56,93,96,28,26,7,24,49,17,16,32,8,84,76,51,5,83,47,1,85,65,35,23,2,29,18,55,6,87,63,46,42,58,90,66,92,31,53,79,40,19,14,52,54,57,94,75,72,27,60,89,99,74
91,80,86,33,83,97,95,73,12,69,21,11,48,13,43,24,61,96,4,44,25,71,88,15,38,10,45,50,98,37,67,9,68,3,36,64,32,78,41,34,59,81,39,60,77,70,20,56,93,30,28,26,7,82,49,17,87,16,8,84,76,51,5,52,47,1,85,65,35,23,2,29,18,55,6,62,63,0,42,58,79,66,92,31,53,19,40,22,14,46,54,57,94,75,72,27,90,89,99,74
91,80,86,97,83,37,95,73,12,69,54,11,60,13,45,24,61,87,4,96,25,71,88,15,38,10,26,50,53,78,67,9,68,3,36,64,32,98,41,34,21,81,39,33,77,70,20,56,93,42,43,92,7,82,49,17,19,16,28,84,76,51,5,52,47,1,85,65,35,23,2,29,18,55,6,62,63,0,48,46,79,66,59,31,30,58,40,22,14,44,8,57,94,75,72,27,90,89,99,74
84,80,86,97,83,37,95,73,12,69,54,11,60,32,9,17,61,87,4,51,25,71,91,15,49,10,19,50,53,78,67,58,68,3,36,64,22,98,41,34,21,81,39,33,77,70,20,56,24,42,43,92,7,82,23,13,88,16,28,94,76,93,5,26,47,1,85,65,38,55,2,29,18,96,6,35,63,0,48,46,79,66,59,31,30,90,40,52,14,44,8,57,62,75,72,27,45,89,99,74
84,56,86,97,81,37,95,73,12,69,54,11,60,32,9,36,61,87,4,51,25,50,71,15,49,10,19,83,53,78,18,58,68,3,42,64,22,98,41,34,21,91,39,33,77,70,20,46,24,26,43,92,66,82,23,13,96,7,28,94,40,93,5,6,47,1,85,88,90,55,2,29,76,80,38,35,63,0,48,17,79,67,59,31,30,65,16,52,14,44,8,57,62,75,72,27,45,89,99,74
84,56,86,97,81,37,95,73,12,69,54,11,60,32,85,36,88,87,4,51,57,50,71,15,35,10,19,25,53,78,82,58,68,3,42,64,9,98,41,34,21,83,39,17,77,70,20,46,24,26,43,92,66,52,18,55,96,7,28,94,40,93,5,76,47,1,14,61,91,90,22,29,13,80,38,6,63,0,48,2,23,67,59,31,30,65,16,49,33,44,8,79,62,75,72,27,45,89,99,74
84,75,86,97,81,37,57,73,12,69,54,11,60,32,85,36,88,87,4,96,55,8,71,95,35,10,19,16,53,78,82,58,79,3,42,64,9,98,41,34,21,83,39,17,25,70,61,46,24,26,43,92,66,52,18,74,51,7,33,0,20,93,5,76,47,1,14,31,91,90,22,29,13,15,38,6,63,28,48,2,23,67,59,68,30,65,80,49,94,44,50,56,62,77,72,27,45,89,99,40
84,41,86,97,81,37,57,73,12,69,54,11,60,32,85,36,88,53,4,96,55,87,71,95,63,10,19,34,79,83,82,58,22,3,42,64,9,98,0,26,21,94,39,68,25,70,61,46,17,47,43,92,66,52,18,74,51,38,33,91,20,7,5,76,8,1,14,31,24,90,16,29,13,15,35,6,78,28,48,2,23,67,75,59,30,65,80,49,93,44,50,56,62,77,72,27,45,89,99,40
84,41,86,97,69,37,57,96,12,73,54,11,60,32,85,9,88,59,4,2,55,87,93,80,63,10,19,34,79,83,82,58,22,3,42,64,44,98,53,27,21,94,39,68,25,70,61,46,17,47,43,92,66,52,18,74,76,38,33,91,20,7,5,36,8,1,14,31,24,90,16,26,13,29,15,6,78,28,48,51,72,67,75,23,30,81,35,49,95,0,50,56,62,77,65,71,45,89,99,40
84,41,86,97,79,20,57,96,12,73,54,11,39,32,85,9,88,59,4,69,55,87,93,80,63,10,19,34,76,83,82,58,22,3,49,64,44,98,53,52,21,77,99,68,25,70,61,46,17,47,43,92,66,42,18,74,29,38,33,91,45,65,5,36,94,1,14,28,24,90,16,26,13,8,15,6,78,27,48,51,72,67,2,23,30,81,35,37,95,0,75,56,31,60,7,71,50,89,62,40
84,87,86,97,79,20,11,96,12,6,54,13,39,67,85,9,88,59,4,69,55,41,76,80,63,30,19,91,73,83,82,58,22,3,34,64,44,98,53,52,21,77,99,68,25,70,61,46,17,47,43,92,66,42,32,74,29,38,33,60,45,65,5,36,94,1,14,28,24,90,16,23,31,8,15,26,27,49,48,51,72,57,2,78,89,81,35,37,95,0,93,56,18,75,7,71,50,10,62,40
84,87,86,64,79,20,11,96,12,6,54,13,39,67,97,9,88,72,4,69,95,41,76,80,63,30,19,91,73,83,82,58,22,37,34,57,49,98,15,52,21,77,99,78,25,40,61,85,17,47,43,55,66,42,32,74,29,38,33,60,45,53,5,36,94,1,44,28,24,90,16,23,31,8,92,26,27,70,48,51,59,46,2,68,65,81,35,89,10,0,93,56,18,75,7,14,50,71,62,3
84,33,86,64,79,20,60,96,12,6,54,13,39,67,14,9,88,72,4,69,95,41,76,85,63,30,19,91,89,83,82,58,22,75,87,57,49,98,55,52,21,77,99,78,37,40,61,73,17,80,43,90,66,42,32,74,29,38,46,68,45,35,5,97,94,1,47,28,24,53,16,23,31,8,92,26,27,70,48,51,59,34,2,62,65,81,25,44,10,0,93,56,18,15,7,36,50,71,11,3
84,26,86,64,79,20,75,59,89,6,47,13,39,50,14,9,88,72,4,69,95,41,76,85,63,30,61,91,32,83,82,58,22,42,87,57,12,98,55,52,21,77,99,78,37,40,34,73,17,80,33,90,66,23,70,74,29,38,46,68,45,35,5,97,94,1,49,28,24,53,16,43,56,8,92,54,27,19,48,51,67,93,2,62,65,81,25,44,10,0,71,60,18,15,7,36,31,96,11,3
84,35,86,64,79,20,27,12,89,6,47,13,39,50,14,9,88,73,4,69,95,41,76,85,26,30,61,91,32,83,82,46,22,42,87,57,59,98,71,52,21,72,99,78,37,40,34,44,17,80,33,90,66,23,1,74,29,38,55,68,96,92,56,97,94,63,49,28,24,53,16,43,5,8,45,54,15,19,48,51,67,93,2,62,65,81,25,18,10,0,60,70,77,58,7,36,31,75,11,3
84,35,86,64,79,20,27,12,89,6,47,13,94,50,37,9,88,73,54,69,95,41,76,49,65,3,44,91,32,80,82,46,22,42,87,26,59,98,71,52,39,72,99,78,21,40,34,68,17,85,33,90,66,23,1,14,29,38,55,30,96,92,31,97,83,63,4,28,24,53,16,43,5,8,45,10,15,19,48,51,67,93,2,62,11,81,25,18,7,0,60,70,77,58,61,36,74,75,56,57
84,35,9,4,79,20,68,12,90,6,47,13,64,30,37,89,88,73,33,69,95,41,50,5,65,3,44,91,98,49,82,46,22,42,87,26,59,52,71,75,86,72,99,78,21,40,32,76,17,85,27,54,66,39,1,14,29,38,55,23,96,92,31,97,83,63,80,28,24,53,16,43,15,8,45,10,34,19,48,51,67,93,2,62,11,81,25,18,7,0,60,70,77,58,61,36,74,94,56,57
84,98,9,4,31,57,68,12,73,6,47,13,64,35,37,89,88,16,33,95,91,41,50,61,25,3,44,69,90,85,82,46,22,42,87,26,59,52,71,75,86,72,99,78,21,30,19,76,17,65,27,54,66,39,1,14,29,38,55,23,96,92,8,97,83,63,80,28,24,53,43,48,15,79,45,10,34,40,49,51,67,93,2,62,11,81,20,18,7,0,60,70,77,58,32,36,74,94,56,5
43,98,9,4,31,57,84,12,73,88,47,13,64,75,37,89,38,81,33,95,91,41,50,45,25,3,44,69,90,85,82,46,22,42,87,26,59,52,71,67,86,56,99,74,21,30,19,76,17,65,68,54,66,16,1,39,29,35,55,23,96,6,8,97,83,63,80,28,10,53,79,48,15,78,0,27,34,40,49,51,14,93,2,62,11,24,20,18,7,72,60,70,77,58,32,36,61,94,92,5
43,30,9,4,31,57,84,72,73,88,47,13,64,75,86,89,25,81,33,95,91,41,50,56,20,3,44,69,60,85,82,46,22,42,87,26,59,52,71,67,29,38,12,74,76,79,19,98,17,65,68,90,66,45,1,39,8,35,55,23,96,6,21,99,83,63,80,28,10,53,37,48,54,78,0,27,34,40,49,51,5,93,2,62,11,24,15,18,7,16,97,70,77,58,32,36,61,94,92,14
43,30,91,4,31,57,84,33,73,88,47,13,64,75,86,89,25,12,38,95,60,78,81,56,20,3,44,69,28,85,82,46,22,42,87,26,59,52,72,67,29,50,45,74,76,79,19,32,17,65,68,90,66,36,1,39,34,8,55,23,96,6,21,94,41,63,80,9,58,53,37,48,54,10,0,27,83,40,49,51,5,93,2,62,11,24,15,18,7,16,97,70,77,35,71,99,61,98,92,14
43,30,33,56,31,57,80,74,3,88,47,13,37,8,86,89,25,12,38,98,84,78,81,29,20,75,44,69,28,85,82,46,22,42,87,26,4,52,72,67,60,50,45,18,76,79,19,32,17,65,59,90,66,36,1,39,34,14,55,97,96,6,21,94,41,63,71,9,58,53,95,48,54,10,0,27,83,23,49,51,5,93,2,62,11,24,15,91,7,16,68,70,77,35,40,99,61,64,92,73
43,30,97,56,31,57,91,5,3,81,47,13,37,19,88,89,25,12,38,61,84,78,94,29,20,35,44,22,28,85,82,46,8,42,54,26,4,52,72,67,60,50,45,18,76,79,74,32,17,65,86,90,66,36,1,39,34,14,55,63,96,6,21,59,41,98,71,9,58,53,95,48,23,10,0,27,83,62,80,51,49,93,2,33,11,24,15,69,7,16,68,70,77,75,40,99,87,64,92,73
43,30,41,26,31,57,91,16,3,40,42,13,37,19,88,69,5,82,38,61,84,78,94,29,81,20,44,22,28,85,47,46,8,54,72,97,0,56,4,67,60,50,45,18,76,79,74,32,17,65,86,90,66,36,1,52,34,14,55,63,96,6,21,59,89,98,71,9,58,53,95,48,23,10,12,27,83,62,80,51,49,93,2,33,92,24,15,25,7,39,68,70,77,75,35,99,87,64,11,73
81,30,41,53,31,57,91,16,50,40,94,13,37,19,88,69,5,3,38,61,84,78,35,82,64,20,54,22,28,85,47,46,8,75,72,97,0,56,93,67,60,26,45,18,76,79,74,39,17,65,86,90,66,36,1,52,34,14,55,63,96,6,21,59,4,98,71,9,58,77,89,43,23,10,12,27,83,62,80,51,49,42,2,33,92,24,15,29,7,95,68,70,73,48,32,99,87,25,11,44
81,30,41,53,31,87,4,16,50,40,94,13,37,19,72,69,5,3,38,61,84,88,35,82,64,20,54,22,28,85,47,46,80,6,79,97,0,56,93,67,60,26,8,18,76,32,39,57,17,65,92,63,66,86,90,52,34,14,45,36,96,75,21,59,78,98,71,9,58,77,89,43,23,10,12,27,83,62,74,51,55,42,2,33,1,49,15,29,7,95,68,70,73,48,24,99,91,25,11,44
51,96,41,53,31,87,4,16,50,40,94,13,37,19,30,69,5,99,38,61,84,88,35,82,64,20,54,22,55,72,47,57,80,6,79,91,85,56,93,67,60,26,24,18,76,81,39,49,17,65,92,63,66,86,90,52,34,14,45,36,97,75,28,59,78,98,71,8,12,77,89,21,23,10,3,27,83,62,74,0,46,42,2,33,1,32,15,29,7,95,68,70,73,58,43,9,48,25,11,44
51,96,41,53,52,87,4,25,47,40,91,13,37,19,30,69,5,99,46,61,84,88,35,82,20,94,54,22,27,26,64,57,80,9,79,60,31,56,93,67,11,0,24,18,76,81,39,49,17,65,92,85,66,86,90,72,34,29,45,36,97,75,28,59,78,98,71,8,12,77,89,21,23,10,3,14,83,62,74,50,55,42,2,33,1,32,15,38,7,95,68,70,73,58,43,63,48,16,6,44
51,96,41,29,52,87,4,25,47,40,91,13,37,19,30,69,5,99,46,61,22,55,88,53,20,94,54,83,59,26,21,57,84,9,79,31,27,56,93,67,11,0,24,18,76,81,39,49,64,65,92,85,66,86,90,72,34,60,80,36,97,75,28,35,82,45,71,8,98,77,89,32,23,78,3,14,10,62,74,50,6,42,2,33,1,12,15,38,7,95,68,70,73,58,43,63,48,17,16,44
51,96,41,29,52,87,69,78,47,40,91,13,37,19,30,20,5,99,46,6,22,55,88,53,61,28,54,83,59,26,21,57,43,9,79,71,27,56,93,63,11,39,24,18,76,81,25,49,64,65,92,85,66,86,90,72,34,60,80,36,97,75,0,67,82,45,68,94,84,77,89,32,23,35,3,14,10,62,74,73,50,42,2,33,1,12,15,4,7,95,8,70,31,58,38,48,98,17,16,44
98,77,83,29,52,87,69,78,74,40,91,13,37,19,30,20,5,99,46,6,22,70,88,53,61,28,31,96,2,26,21,59,43,9,79,71,27,56,93,63,11,39,24,18,76,12,25,49,64,65,92,85,66,86,90,72,34,60,80,36,97,75,73,32,82,45,68,47,84,57,89,94,51,35,3,14,10,62,23,81,50,55,4,33,1,54,15,0,7,95,8,41,67,58,38,48,42,17,16,44
98,77,83,87,52,53,69,78,2,74,91,23,37,19,30,20,5,99,46,1,22,70,88,6,96,28,31,95,18,26,21,0,43,9,79,71,27,56,93,63,97,39,24,66,68,12,76,49,64,65,92,85,13,86,90,72,34,60,80,36,59,75,73,32,82,40,7,47,84,57,89,94,51,35,3,14,10,45,29,81,50,55,4,33,61,54,15,25,11,62,8,41,67,58,38,48,42,17,16,44
31,77,83,80,52,53,69,78,2,74,86,23,37,18,30,20,5,99,46,1,22,70,98,6,96,28,26,95,42,44,21,0,43,3,19,71,27,56,89,65,97,39,24,66,73,12,76,49,72,79,92,85,13,63,90,93,34,60,91,36,87,75,84,32,82,40,7,47,88,57,64,94,51,35,9,14,10,45,29,81,50,55,4,33,61,54,15,25,11,62,8,41,67,58,38,48,68,17,16,59
32,77,83,80,43,53,69,78,52,74,86,31,37,93,30,20,5,99,19,1,22,70,98,6,96,23,26,95,42,44,21,0,54,46,57,63,27,56,89,16,97,39,35,66,73,12,76,49,72,79,92,85,13,29,90,50,34,71,91,36,87,75,84,24,82,40,7,47,88,2,64,4,51,94,9,14,10,45,3,81,28,55,60,33,61,65,15,25,11,62,8,41,67,58,38,48,68,17,18,59
32,77,83,97,26,53,69,67,87,74,23,31,37,93,30,20,5,99,19,1,84,70,98,6,96,48,86,56,42,44,21,18,54,46,75,63,27,22,89,16,36,39,35,66,73,12,76,49,72,79,92,85,13,29,90,50,34,71,91,57,78,61,82,24,17,40,7,47,88,2,64,4,51,94,9,14,10,45,3,81,28,55,60,33,58,65,15,25,11,62,43,41,80,95,38,52,68,8,0,59
32,77,83,97,98,88,69,67,87,74,95,31,27,93,30,20,75,99,19,2,84,70,44,6,96,48,13,55,42,92,21,18,54,46,64,63,82,22,89,16,36,39,35,66,73,12,37,49,72,79,53,85,76,29,90,50,34,71,91,57,78,61,7,24,17,40,23,47,86,26,68,28,51,94,9,14,10,45,3,81,56,5,60,33,58,65,15,25,11,62,43,41,80,4,38,52,1,8,0,59
32,77,83,97,98,88,69,67,87,6,95,31,27,93,30,20,75,18,74,76,84,70,44,19,2,15,13,55,42,92,21,53,54,46,64,63,50,22,10,16,36,39,35,66,11,24,37,49,72,79,99,86,12,29,90,96,34,71,91,48,78,61,7,51,17,40,23,47,73,26,68,28,5,94,9,14,57,45,89,81,56,3,60,33,58,65,85,25,82,62,43,41,80,4,38,52,1,8,0,59
32,77,83,97,2,23,69,67,87,56,95,31,27,93,7,20,75,18,74,76,22,98,21,35,72,15,13,55,91,92,94,53,54,46,64,68,50,5,19,16,36,39,44,66,11,24,37,49,63,79,99,86,12,29,90,96,34,71,85,48,78,61,6,51,17,40,30,47,73,26,42,28,70,88,9,14,57,45,89,81,58,3,60,33,84,65,10,25,82,62,43,41,80,4,38,52,1,8,0,59
32,77,83,27,2,23,74,67,87,56,95,31,3,93,7,20,75,18,57,76,22,98,21,70,72,69,13,61,91,25,94,53,35,46,64,68,50,5,19,16,36,97,44,66,11,24,37,49,63,79,14,39,12,51,90,15,34,71,85,48,78,54,6,58,17,40,30,47,73,26,42,28,82,88,9,99,41,45,89,81,86,29,60,33,84,65,10,92,55,62,43,1,80,4,38,52,96,8,0,59
32,3,83,77,2,23,74,93,87,56,95,78,34,72,7,20,75,65,14,76,22,98,21,70,67,69,13,61,91,27,94,58,35,18,64,68,50,5,19,16,36,97,51,66,45,24,37,49,63,79,46,39,12,57,90,25,44,71,85,31,8,54,6,53,17,40,30,47,73,26,42,28,82,88,9,99,41,1,89,81,86,29,60,33,84,48,10,92,55,62,43,11,80,4,38,52,96,15,0,59
32,67,69,77,2,23,74,93,47,56,95,78,3,72,7,20,75,65,14,94,87,98,21,70,9,58,13,61,91,27,62,42,35,18,64,68,50,5,19,16,36,31,51,66,39,24,37,49,63,79,46,88,12,57,40,83,44,71,85,89,8,54,6,53,17,97,34,76,73,26,59,28,82,90,45,99,41,1,22,81,86,29,60,33,84,48,10,92,55,25,43,11,80,4,38,52,96,15,0,30
32,6,69,77,2,94,74,93,47,56,52,78,3,72,7,25,75,65,14,63,87,98,21,70,9,58,13,61,88,27,62,42,35,18,28,68,50,5,38,16,36,31,51,66,39,24,37,49,26,79,46,23,12,57,40,83,44,10,85,71,8,54,73,53,20,97,34,76,4,60,59,19,82,90,45,99,89,1,22,81,86,29,0,33,84,48,41,92,55,67,43,11,80,95,64,91,96,15,17,30
32,6,42,77,89,61,74,93,47,56,52,78,3,72,7,25,75,65,14,63,87,70,98,24,9,21,92,94,88,27,62,22,35,18,28,68,50,5,38,16,67,31,51,66,39,46,37,2,36,79,13,23,12,53,40,83,44,10,85,71,8,54,73,69,20,97,34,76,4,60,59,19,82,90,45,99,49,1,30,26,86,29,0,33,81,48,41,96,55,57,43,11,80,95,64,91,84,15,17,58
90,83,42,77,59,61,74,93,47,56,52,27,3,72,7,25,75,65,14,63,87,70,64,24,9,21,92,94,88,68,62,60,13,18,28,32,50,5,55,16,67,31,51,66,39,46,37,2,36,20,86,23,12,53,40,33,44,10,85,89,8,71,73,6,38,97,34,76,4,69,30,19,82,22,45,99,49,1,35,26,98,29,0,78,81,48,41,96,54,57,43,11,80,95,79,91,84,15,17,58
90,89,42,77,20,61,74,47,25,56,48,27,3,72,7,83,75,65,14,63,87,70,64,24,53,21,92,94,88,68,62,60,13,0,28,1,54,5,55,16,29,31,51,66,39,46,37,2,36,12,86,23,9,52,59,33,44,10,85,81,8,71,73,18,38,97,34,76,4,69,30,19,82,22,45,99,49,80,35,26,98,93,79,78,50,32,41,96,6,57,43,11,67,95,40,91,84,15,17,58
90,89,42,77,20,53,74,47,25,56,17,2,3,72,7,61,75,65,14,63,87,70,64,24,21,12,92,46,88,68,29,35,13,0,28,1,54,5,55,16,43,31,51,66,41,8,37,62,36,48,86,23,9,52,59,33,44,10,85,81,60,71,73,18,38,97,34,76,4,69,30,19,27,83,45,99,95,80,6,26,98,93,79,78,50,32,94,49,82,57,39,11,67,96,40,91,84,15,22,58
9,89,28,77,20,53,22,47,25,56,17,2,3,76,7,58,42,65,14,63,87,16,64,24,21,12,70,46,59,68,29,61,75,0,35,1,54,5,55,13,43,31,51,66,41,8,37,62,36,97,86,23,90,99,92,33,44,10,85,81,60,71,38,18,74,52,34,72,4,69,30,19,27,83,45,48,95,80,6,26,98,93,79,78,50,32,94,49,82,57,73,11,67,96,40,91,84,15,39,88
