0,1,2,3,4,5,6,7,8,9,10,11,12,13,14,15,16,17,18,19,20,21,22,23,24,25,26,27,28,29,30,31,32,33,34,35,36,37,38,39,40,41,42,43,44,45,46,47,48,49,50,51,52,53,54,55,56,57,58,59,60,61,62,63,64,65,66,67,68,69,70,71,72,73,74,75,76,77,78,79,80,81,82,83,84,85,86,87,88,89,90,91,92,93,94,95,96,97,98,99
81,87,3,21,63,89,76,37,53,22,32,90,26,12,4,54,94,80,47,93,75,42,56,33,97,34,67,28,14,65,78,30,11,5,79,6,45,85,71,7,24,35,70,73,38,9,95,55,83,15,59,17,60,48,57,96,77,51,92,1,0,66,36,39,8,86,41,91,61,29,58,2,82,43,68,46,40,16,44,23,13,74,19,27,50,72,20,99,18,69,10,64,62,52,31,88,98,49,84,25
59,17,94,12,7,40,97,1,15,29,82,77,42,33,46,41,92,37,3,74,50,23,55,26,83,57,18,52,10,80,67,53,22,73,75,36,63,58,8,6,99,79,85,39,96,30,4,9,25,24,27,78,32,14,81,35,16,61,13,65,70,2,11,95,88,28,54,93,60,76,72,91,84,20,38,89,5,43,71,44,0,87,31,51,66,34,47,48,64,56,86,69,90,19,49,21,45,98,68,62
81,8,88,76,39,66,55,30,9,47,50,38,61,22,71,96,64,35,58,77,52,33,56,87,95,70,15,72,82,19,37,43,84,14,40,13,11,53,18,54,91,0,21,99,68,31,32,41,89,62,46,24,20,92,6,45,12,4,98,44,28,51,80,74,69,63,60,1,78,17,2,36,27,65,34,94,29,79,48,10,90,7,42,75,73,49,83,59,3,26,67,93,25,5,85,57,97,86,23,16
89,62,77,61,63,58,79,6,91,88,10,70,1,74,49,45,26,17,78,40,18,69,34,33,44,28,85,52,5,14,23,19,86,37,16,22,94,55,93,60,92,21,97,75,72,84,24,65,0,57,4,96,29,68,43,71,95,51,8,46,59,90,73,83,27,20,67,47,32,50,56,82,42,66,41,87,39,11,53,2,98,35,99,31,9,76,54,13,7,3,25,81,36,30,12,80,38,15,48,64
79,83,47,54,43,89,77,19,84,50,85,98,74,72,30,80,68,49,9,76,24,65,40,17,93,90,69,3,11,18,10,14,1,38,81,62,12,63,99,37,35,41,42,6,31,0,57,78,36,26,55,95,60,29,75,46,16,56,22,96,21,45,61,64,91,34,33,97,4,25,15,23,2,20,32,5,92,82,44,58,8,39,52,51,13,27,88,28,59,67,73,87,86,53,71,66,70,7,94,48
99,20,76,18,27,95,32,41,65,70,66,57,31,33,44,86,78,1,87,15,7,13,37,38,81,8,72,94,17,88,64,29,75,79,24,43,59,35,53,10,84,40,89,16,69,34,56,98,23,47,77,80,25,19,39,5,68,82,3,54,9,51,42,96,22,83,60,91,52,26,6,55,71,97,28,93,74,45,0,46,49,11,92,85,21,4,36,14,67,48,2,63,30,73,61,62,90,58,50,12
62,25,74,90,16,41,18,84,38,8,14,34,94,0,29,24,83,97,43,96,75,64,27,21,88,67,1,92,85,28,66,40,99,37,82,19,44,11,33,39,22,81,55,76,35,52,30,32,73,60,9,15,50,91,5,42,57,71,20,63,53,23,70,4,10,12,86,6,47,87,45,56,7,17,72,46,65,77,31,68,59,78,89,48,54,98,3,93,61,51,80,49,58,69,2,26,79,95,36,13
11,87,77,27,41,78,45,65,67,75,16,85,61,44,47,80,37,56,50,57,59,20,23,64,36,70,32,1,42,79,84,68,13,33,10,48,51,4,30,83,63,3,5,72,38,90,12,34,74,95,82,52,21,88,19,22,39,6,17,94,91,2,73,98,89,28,9,40,93,99,97,96,92,18,58,71,35,81,24,46,7,54,69,62,8,76,60,53,86,29,66,26,43,14,0,15,55,31,49,25
98,57,29,16,13,24,54,56,65,91,12,51,18,11,75,92,69,22,20,9,1,25,46,33,72,21,14,86,82,27,83,4,37,45,74,42,78,62,52,30,79,55,99,40,31,87,90,39,6,50,0,32,58,96,8,70,61,84,97,17,38,34,80,26,43,89,64,23,19,63,73,28,48,71,47,41,68,3,77,93,76,81,66,5,2,94,15,36,53,67,95,88,7,49,85,60,35,59,44,10
8,41,42,48,2,19,74,57,16,64,95,36,7,88,56,94,44,78,31,69,82,43,62,32,79,58,65,5,85,96,97,71,40,30,4,49,39,77,37,10,1,90,28,73,26,63,23,13,51,46,3,66,86,6,34,53,27,24,99,12,67,76,83,17,84,55,20,75,87,38,29,60,81,93,54,91,92,72,70,18,35,47,0,80,45,50,52,15,11,9,22,98,59,25,21,14,33,61,68,89
81,93,45,67,78,70,76,25,98,65,23,69,63,66,50,71,0,44,82,74,95,77,83,60,32,28,91,35,51,84,94,53,47,37,56,20,72,46,14,96,30,54,34,9,8,29,99,92,31,33,38,1,89,39,64,85,13,6,11,97,15,18,52,19,7,24,5,73,2,12,88,79,48,16,59,86,61,26,40,10,58,80,43,4,68,90,22,62,75,55,17,3,27,41,42,57,87,49,21,36
86,5,62,92,41,67,14,71,68,89,22,3,0,12,77,82,49,1,56,37,36,16,66,75,65,10,93,20,39,9,35,21,63,58,61,30,80,45,83,27,40,11,26,42,69,94,46,72,48,53,84,17,24,50,52,19,96,95,13,18,34,59,6,70,64,57,28,85,79,97,43,54,60,7,33,99,73,87,32,44,78,76,91,8,47,29,2,38,81,90,25,23,55,51,4,98,88,15,31,74
66,80,73,59,92,72,35,86,93,63,44,20,26,39,49,28,45,25,81,15,60,24,95,0,33,99,7,32,48,75,17,64,3,76,23,82,58,52,12,90,2,16,69,54,18,85,55,31,41,51,40,19,29,8,27,88,53,57,84,83,4,46,74,94,37,6,42,70,21,77,1,30,98,62,47,71,68,50,56,9,10,87,61,11,36,89,14,13,65,5,67,91,43,34,38,96,79,22,78,97
64,67,24,96,68,46,52,14,95,33,37,18,66,98,69,23,87,50,89,29,53,1,49,91,79,78,74,73,71,85,32,28,81,70,88,5,38,15,16,97,36,47,13,2,9,62,41,34,0,54,94,30,10,42,6,55,63,20,75,26,48,7,19,65,57,59,83,40,17,44,21,90,82,27,84,80,11,3,51,12,72,4,35,99,8,60,43,77,92,31,86,61,22,93,25,39,76,45,56,58
86,29,35,55,3,42,77,75,32,82,14,40,12,64,23,61,30,73,83,21,31,18,78,16,43,88,22,44,2,89,91,79,28,5,96,72,11,7,1,36,65,50,63,57,97,90,4,17,99,74,93,20,37,27,33,67,62,45,46,41,13,19,38,53,56,81,87,85,48,68,25,26,69,52,24,10,94,80,98,60,15,9,71,39,76,47,70,58,95,6,49,34,0,66,59,8,84,54,51,92
62,7,13,51,81,0,82,3,93,9,45,30,44,29,2,21,94,23,73,78,97,74,65,71,89,49,70,47,72,76,63,90,4,10,28,57,98,27,34,11,8,37,60,79,83,58,20,6,66,35,14,85,52,87,64,59,77,69,56,15,48,53,39,42,46,26,95,31,99,17,50,41,36,54,68,75,88,19,32,24,92,16,61,38,5,33,96,91,55,40,80,67,25,22,43,86,18,12,1,84
87,16,82,83,37,47,86,21,2,70,52,90,80,85,96,97,99,15,61,53,79,23,98,46,12,64,68,28,0,71,49,13,30,34,59,54,22,26,20,27,58,11,73,4,32,9,93,25,29,14,6,78,63,24,92,72,56,84,35,42,65,57,5,91,69,48,1,76,36,50,41,33,8,51,40,45,75,66,74,62,31,94,7,95,38,17,10,89,67,60,88,3,43,18,81,39,55,44,77,19
43,91,4,15,82,22,62,53,99,77,46,19,84,11,85,75,97,10,38,20,35,54,21,14,88,71,44,73,61,7,95,33,55,36,9,18,56,81,45,87,41,92,2,64,78,69,12,8,72,49,26,89,37,93,39,94,96,63,68,47,67,98,50,13,59,0,65,23,52,5,83,3,66,17,16,1,90,79,28,32,34,29,25,51,80,60,40,76,31,57,42,6,86,30,74,24,70,48,27,58
66,59,75,39,43,62,96,40,37,72,88,36,76,70,2,91,31,90,0,65,28,18,11,50,81,21,63,46,6,23,49,54,86,14,60,95,73,80,10,58,4,1,82,87,99,34,22,83,38,41,20,29,3,77,53,71,13,27,93,51,47,25,79,17,33,44,74,30,84,32,8,98,19,67,24,7,55,57,85,26,35,89,68,56,45,9,16,15,61,12,94,97,42,78,48,5,92,52,69,64
97,73,39,96,14,6,23,4,5,69,11,22,89,99,9,58,93,27,10,47,52,2,19,31,68,32,3,86,56,8,98,70,37,29,82,77,38,63,46,36,28,48,7,91,16,41,62,51,42,76,49,45,92,43,15,84,57,17,72,53,54,67,65,55,74,83,0,33,81,78,24,25,71,87,35,75,59,94,1,40,61,30,90,20,18,44,12,34,79,85,13,88,60,66,64,26,80,21,50,95
43,19,5,47,37,56,25,6,10,49,14,18,32,81,51,85,0,52,65,27,26,93,48,70,86,35,42,54,92,68,4,23,38,40,89,16,29,67,15,61,72,50,30,98,87,75,11,13,41,21,3,22,58,95,34,62,78,96,31,79,64,99,74,71,63,82,7,55,53,76,91,57,73,84,46,12,69,88,44,45,1,39,2,9,28,90,17,80,97,36,94,83,77,20,59,66,8,60,24,33
57,6,86,35,90,55,20,46,34,29,51,5,54,63,45,43,93,18,89,7,16,97,92,32,3,56,38,39,10,95,17,61,70,98,81,50,77,85,41,12,47,58,0,53,1,23,59,11,15,64,9,65,88,49,78,28,76,82,48,83,25,94,71,62,36,91,30,72,44,8,84,40,79,37,74,19,22,66,67,24,96,31,13,69,60,21,27,42,68,52,2,80,14,87,26,75,73,33,4,99
22,10,82,93,64,96,33,12,18,1,50,55,68,76,30,6,90,52,70,16,19,71,74,77,83,86,28,3,91,99,73,58,26,40,43,49,79,80,94,25,11,9,63,60,14,89,62,5,57,92,23,51,67,88,41,53,36,59,2,66,8,47,45,48,78,44,54,20,95,35,72,37,75,0,56,39,24,85,4,31,42,61,98,65,13,87,15,46,84,27,17,97,21,69,7,32,38,29,34,81
83,38,75,98,19,63,70,43,89,12,17,31,46,86,72,94,24,34,56,65,78,47,60,22,77,1,67,53,5,90,11,48,9,74,28,41,13,62,88,95,29,97,82,8,76,54,26,44,55,73,71,59,32,16,39,61,91,87,6,33,96,51,68,45,80,49,69,7,99,3,15,23,58,64,92,21,18,35,42,10,84,81,52,4,37,30,25,27,50,20,40,57,66,36,85,93,79,2,0,14
74,2,5,54,48,83,26,27,52,21,67,63,32,94,6,29,36,61,55,97,30,78,18,64,28,57,37,82,31,4,86,14,65,91,90,42,38,58,76,46,35,92,62,20,59,15,16,56,24,49,3,98,96,50,60,51,66,81,68,0,69,72,99,85,88,12,75,45,53,13,87,79,80,7,34,22,84,44,43,95,1,70,23,71,41,73,39,89,10,9,47,11,17,8,40,77,19,25,93,33
78,49,13,27,96,5,65,47,23,83,74,18,86,7,90,72,98,53,85,4,61,15,82,42,75,55,68,84,19,9,22,29,58,34,21,10,77,50,69,35,76,0,8,88,80,51,46,2,16,67,92,71,1,24,6,45,99,32,94,97,44,17,73,95,66,37,43,39,87,60,63,26,11,57,91,93,14,52,62,56,31,12,30,33,64,79,81,38,70,20,3,36,48,40,25,54,89,59,28,41
29,54,56,25,74,96,94,62,31,85,60,17,65,23,41,46,89,35,16,73,21,55,40,91,67,26,49,14,81,61,2,86,3,78,98,20,36,12,48,84,9,87,27,24,0,90,10,28,57,30,70,64,88,76,15,58,6,7,95,83,38,8,51,47,50,39,63,34,18,44,45,75,43,4,1,42,92,71,5,19,99,69,52,80,32,11,93,13,59,22,37,72,68,66,79,33,77,82,53,97
27,38,85,64,65,46,8,33,12,92,16,83,5,99,93,73,91,88,80,67,26,10,35,90,62,20,22,78,3,31,42,47,76,66,23,52,44,70,77,96,43,39,19,40,11,97,30,95,34,13,98,94,36,74,2,57,28,89,4,54,86,18,82,15,49,14,21,51,56,1,9,37,45,48,63,79,84,72,71,68,81,24,32,41,50,7,6,60,75,53,58,55,17,61,59,29,69,87,25,0
23,93,57,87,3,99,97,26,16,21,14,92,66,49,42,64,63,85,33,8,56,28,15,43,46,11,62,50,59,13,65,76,40,71,67,36,17,86,41,44,94,61,91,79,38,75,2,84,35,53,5,74,9,52,81,1,60,25,72,82,0,80,29,7,73,48,98,83,12,47,39,69,68,20,58,30,27,51,10,19,70,89,55,34,88,54,78,45,96,24,6,77,95,37,32,31,22,18,4,90
63,3,20,56,86,85,75,10,47,18,54,78,29,7,73,44,42,34,28,61,80,65,76,35,77,2,87,36,23,43,99,92,64,5,1,16,96,48,52,97,93,32,58,19,88,6,51,67,15,24,70,31,83,22,46,94,74,82,81,30,57,27,59,79,38,41,90,60,0,13,69,72,95,53,49,9,71,98,26,33,40,11,66,84,12,55,4,8,39,21,62,14,91,89,17,50,45,25,68,37
1,42,47,86,70,67,36,5,50,69,84,68,21,81,4,87,65,78,72,56,57,83,15,19,24,0,40,7,59,54,61,53,6,10,49,38,46,60,71,89,37,93,94,99,52,18,64,85,45,90,73,20,23,17,11,55,16,58,77,75,74,76,88,2,13,97,92,12,35,14,41,31,43,63,30,79,26,66,28,39,51,62,29,95,98,8,34,25,44,33,96,3,9,91,48,80,27,22,32,82
88,84,73,92,75,29,86,87,55,5,70,58,6,35,50,57,31,98,43,24,56,10,63,89,68,38,16,90,40,32,83,71,46,11,3,81,62,94,33,48,15,95,14,7,61,37,80,53,59,8,34,2,22,64,12,67,39,42,9,77,47,18,76,0,25,45,65,54,4,49,99,36,97,26,96,52,20,23,1,69,93,78,79,13,30,27,82,44,72,17,74,51,19,28,66,91,41,60,21,85
95,67,28,57,97,64,14,74,18,91,58,36,63,32,98,81,71,3,25,12,69,16,52,87,73,55,72,80,96,75,68,21,60,78,90,37,84,4,88,13,77,79,30,47,41,43,49,65,34,19,39,44,59,40,89,85,99,93,20,31,38,94,27,24,66,42,5,82,26,17,33,10,62,86,54,51,8,48,53,7,45,76,22,70,23,83,46,15,11,56,61,0,50,6,2,35,1,9,92,29
70,94,54,66,31,77,89,62,43,30,56,82,37,78,23,27,6,53,34,17,15,11,35,40,51,47,1,87,64,5,57,60,85,9,84,0,21,65,68,42,20,73,86,90,80,44,38,92,75,26,29,55,91,33,96,83,97,69,45,18,46,52,59,7,98,28,22,50,63,16,41,39,24,93,79,32,3,10,14,48,81,36,76,58,49,67,4,2,25,99,72,88,71,12,13,74,95,19,8,61
4,1,22,32,28,52,34,17,24,55,98,66,23,65,77,44,85,51,83,27,87,10,99,48,79,64,74,90,58,16,20,14,63,37,49,35,97,21,81,76,88,45,19,47,12,18,3,80,40,29,7,43,92,68,54,50,33,96,57,36,89,30,70,8,53,11,72,15,5,69,46,84,0,95,42,41,86,38,91,59,78,61,60,94,62,25,2,71,26,73,67,9,13,39,93,56,75,82,31,6
47,34,19,53,48,67,18,39,27,92,20,59,75,80,93,96,32,97,38,99,21,25,95,10,56,44,2,3,5,60,33,57,6,61,14,98,58,51,23,24,79,55,76,69,26,72,74,50,9,84,37,70,85,62,90,68,46,22,66,73,43,11,78,94,89,30,88,86,63,87,81,16,40,41,29,65,17,64,8,77,71,52,31,91,0,7,12,15,42,82,35,54,1,83,13,36,4,28,45,49
84,45,66,89,43,13,34,52,57,47,49,60,53,27,62,38,5,22,6,44,16,96,70,75,90,24,0,72,92,39,76,28,37,80,99,9,98,12,1,50,97,88,58,71,86,54,21,17,83,36,93,55,95,61,67,59,63,19,68,51,79,10,8,40,82,42,91,2,73,33,15,23,11,30,35,87,94,32,26,64,81,20,46,4,48,56,31,74,85,69,41,65,18,77,3,29,25,78,14,7
64,4,55,30,20,1,36,10,90,66,27,23,96,56,80,97,11,77,8,98,41,18,73,99,65,45,84,89,87,21,19,16,86,50,63,91,49,76,70,9,48,29,69,7,38,85,13,39,94,92,22,83,82,93,35,67,37,58,40,62,46,42,52,54,57,34,32,78,14,0,3,72,33,60,47,71,15,12,79,43,17,44,28,95,61,24,74,26,51,68,81,2,25,31,75,59,5,88,53,6
31,43,40,23,8,47,2,1,74,62,51,95,87,49,41,33,28,36,39,42,50,93,67,80,85,30,3,46,63,44,52,38,57,70,76,17,68,26,98,14,20,91,35,9,86,79,81,92,7,77,25,54,16,11,27,75,12,22,58,71,53,82,97,96,72,24,64,19,94,65,6,4,90,21,66,13,78,56,69,84,10,37,59,73,5,15,18,34,88,89,45,99,32,60,29,61,83,0,48,55
55,96,7,13,53,99,48,59,9,91,84,19,65,80,1,66,86,69,15,43,97,90,36,63,23,17,78,57,27,61,31,32,98,75,87,82,24,89,6,33,46,35,56,40,30,42,10,94,22,76,29,12,8,34,58,44,70,88,51,39,41,60,62,92,38,64,18,49,21,45,68,54,72,0,37,73,26,4,28,20,25,11,47,79,85,52,95,81,74,93,14,50,83,67,77,71,2,16,3,5
15,46,22,42,52,86,31,20,0,44,53,41,4,29,84,6,62,72,71,74,58,73,24,88,83,57,87,7,16,79,69,27,34,48,93,77,30,82,5,96,3,99,45,91,32,63,21,80,95,36,51,23,47,49,19,35,1,25,33,66,81,75,78,14,39,18,17,28,54,37,26,11,61,56,9,97,43,68,65,12,94,50,38,90,89,8,59,85,55,92,10,13,98,60,67,2,64,40,70,76
76,86,81,70,67,83,58,5,94,4,57,27,29,35,96,20,30,22,77,62,92,13,48,51,65,1,45,68,52,6,93,71,60,90,28,2,31,23,25,59,73,32,54,42,8,43,66,56,9,41,38,91,84,17,3,98,53,21,10,78,24,11,44,89,33,72,40,95,15,47,55,34,37,12,50,87,64,36,46,7,79,97,19,75,14,26,80,0,82,39,99,18,88,61,49,85,69,16,63,74
47,15,59,82,19,25,73,6,67,29,3,93,51,17,58,71,85,98,89,27,12,92,24,9,46,36,7,26,96,61,57,21,88,70,8,40,63,68,39,64,41,77,72,49,50,87,11,42,74,53,28,31,97,4,99,30,33,76,90,60,54,44,56,94,37,66,0,81,83,78,86,62,23,43,10,75,35,16,34,79,14,91,55,80,13,45,38,52,20,5,18,95,1,2,84,69,65,32,48,22
68,4,12,44,9,90,50,70,59,56,45,48,3,14,52,64,10,67,81,41,72,73,99,21,57,38,62,86,61,95,29,19,13,66,83,22,24,96,8,97,85,78,94,11,28,84,76,53,92,34,2,98,89,71,32,16,5,65,17,58,30,74,88,39,0,49,26,87,63,35,60,47,33,18,42,77,20,23,93,75,46,40,54,43,69,79,36,31,6,91,25,7,82,55,51,15,1,37,27,80
50,51,32,73,95,69,62,58,18,28,9,52,89,77,82,3,97,96,30,34,23,98,45,38,5,17,36,56,90,7,26,74,46,48,0,47,31,44,2,80,25,22,33,39,75,35,13,37,88,54,99,76,68,6,65,19,21,4,83,93,81,29,20,70,64,59,10,41,40,60,63,61,87,91,53,85,15,55,11,71,86,16,27,24,49,8,42,57,84,43,1,79,66,14,92,12,72,94,67,78
66,65,53,45,32,2,82,63,79,10,0,71,93,30,73,99,98,69,9,12,50,94,31,3,15,70,28,52,87,29,86,92,47,76,83,19,21,20,61,46,40,75,41,58,81,74,95,27,4,22,60,35,8,67,97,38,23,84,78,6,16,80,64,14,43,39,49,57,90,54,26,5,1,42,91,44,72,62,13,77,51,36,88,25,59,11,33,48,18,85,17,56,7,24,34,89,37,96,68,55
27,56,88,93,94,5,18,17,20,89,90,1,72,32,71,74,7,50,11,75,23,48,37,25,86,63,98,12,19,3,16,62,4,39,21,77,35,9,57,81,10,40,55,68,53,43,65,66,59,36,34,49,61,0,22,2,47,60,67,84,29,99,73,87,76,26,6,97,45,80,15,52,51,24,95,41,33,64,70,82,96,69,42,38,28,31,8,58,44,78,91,46,85,54,79,30,83,92,13,14
6,92,91,15,28,8,25,0,41,51,52,39,73,99,43,45,32,40,78,1,75,98,89,95,9,38,21,65,36,88,2,31,14,67,69,60,68,23,7,22,86,26,5,12,77,97,71,33,66,24,80,96,82,46,30,19,84,13,93,47,61,18,87,49,44,34,29,90,62,79,85,56,20,74,76,63,59,11,57,83,3,55,50,58,54,53,72,16,17,94,10,70,37,42,35,48,27,64,4,81
78,8,30,89,2,9,47,88,24,61,86,73,75,80,83,5,11,82,90,58,27,7,35,84,51,6,68,48,34,0,18,33,3,14,64,67,55,13,41,79,36,42,95,19,32,72,59,29,39,23,52,77,99,94,65,96,62,49,31,97,16,87,28,22,57,17,25,74,93,4,10,21,54,63,53,56,91,37,98,92,46,81,12,60,43,20,85,40,1,45,38,76,71,66,70,26,50,15,69,44
47,58,68,73,65,86,7,54,2,67,82,93,9,97,74,41,96,17,8,29,81,52,84,56,10,0,44,4,5,92,30,99,59,66,21,80,3,60,20,51,1,28,46,42,25,24,35,38,69,87,16,83,64,32,27,53,26,13,48,79,37,40,61,50,76,14,95,70,71,78,98,49,19,91,85,11,43,31,89,63,45,57,36,90,33,22,12,94,23,15,77,62,55,88,18,34,75,72,39,6
27,90,72,49,75,23,29,3,21,34,57,30,71,35,85,22,53,14,97,67,24,7,19,74,4,96,94,47,9,61,88,59,70,6,87,62,8,44,33,17,66,91,77,93,26,31,10,39,73,56,79,1,38,5,28,51,55,58,20,63,40,95,64,12,36,42,60,76,0,99,18,68,65,45,16,25,11,82,84,98,15,41,69,37,2,83,80,48,92,43,32,46,52,50,54,78,81,86,13,89
40,85,35,84,74,6,41,89,65,54,72,82,3,88,69,37,80,10,43,32,39,94,34,79,97,24,68,29,73,2,12,23,81,38,83,31,60,8,1,0,19,25,99,27,61,21,93,52,22,66,63,20,17,70,57,77,13,59,96,64,33,26,76,14,50,67,55,49,36,92,47,53,75,86,48,90,44,71,87,16,45,11,58,95,18,51,4,5,91,56,9,30,46,78,98,7,42,28,15,62
79,26,95,56,60,42,67,14,81,58,16,71,76,13,11,48,86,65,32,46,54,38,23,62,19,4,77,70,98,94,68,63,7,37,55,43,69,21,53,31,28,75,83,93,17,97,87,89,0,30,29,33,49,61,39,1,85,52,20,18,24,40,41,45,36,51,10,84,25,96,92,2,99,57,27,91,47,80,9,66,22,8,5,88,74,90,35,73,78,12,34,64,15,6,59,72,82,44,50,3
87,15,57,75,65,3,47,36,86,68,8,45,94,78,9,4,7,88,2,67,71,83,10,48,51,69,85,25,82,24,54,55,12,91,22,95,35,50,0,99,61,73,49,66,33,92,18,43,80,58,6,19,98,40,17,81,37,72,32,5,21,63,93,26,1,89,31,41,96,74,70,13,97,34,14,79,62,23,30,59,42,53,77,20,90,84,27,76,16,60,44,29,56,39,38,28,46,64,11,52
78,94,26,89,35,83,42,80,44,61,40,27,74,52,7,91,45,5,31,82,34,18,92,37,16,0,69,62,30,39,13,72,14,71,48,53,55,33,11,66,81,63,25,32,6,73,99,56,86,79,64,21,75,29,98,90,24,70,85,77,51,2,3,87,17,4,41,97,23,8,28,67,20,96,84,1,46,22,93,95,47,10,49,38,50,76,43,58,15,65,54,88,60,9,36,57,59,12,68,19
66,58,21,43,80,91,68,19,28,12,39,63,61,95,45,46,86,70,88,71,31,0,11,22,50,83,3,27,82,77,60,23,20,64,53,76,48,15,75,14,6,36,59,26,97,79,93,17,2,32,41,62,44,4,30,56,9,90,47,51,7,8,92,1,67,25,98,84,96,35,72,24,5,54,16,73,34,52,94,85,33,42,78,81,38,87,55,99,29,10,69,13,40,49,18,74,89,37,65,57
24,13,30,67,4,88,39,91,53,6,11,29,45,51,19,49,93,60,90,86,75,48,70,0,9,34,31,56,66,15,87,7,12,33,25,20,55,23,58,52,54,47,22,2,3,44,79,62,1,8,98,80,27,36,32,21,95,59,84,38,5,97,35,42,85,81,46,71,89,16,77,73,74,96,94,50,92,82,57,99,83,78,14,76,63,68,43,65,26,41,18,28,72,37,64,40,17,61,69,10
40,42,74,51,67,73,65,27,22,11,38,91,82,16,75,83,50,34,87,71,96,57,48,29,26,69,37,4,56,63,32,77,7,44,52,81,76,95,43,2,20,19,28,85,78,5,84,54,14,93,30,17,9,79,1,94,59,31,58,15,88,70,6,66,41,13,92,46,18,61,3,25,10,68,99,0,86,62,23,39,80,36,64,45,49,33,47,90,24,21,98,72,89,12,8,55,97,60,53,35
88,61,28,85,0,72,18,90,53,4,8,34,57,5,64,87,1,43,25,15,29,70,30,27,38,83,44,16,26,13,54,73,37,68,92,98,63,3,86,14,74,39,94,51,99,2,62,10,36,59,58,75,55,48,19,97,69,11,84,47,91,81,50,65,49,79,12,45,24,40,46,6,95,17,31,35,42,80,77,96,23,41,9,52,67,22,89,33,93,71,20,78,66,56,82,32,21,7,60,76
75,67,26,20,32,89,42,4,52,82,10,85,36,9,46,38,63,77,71,48,19,16,83,92,69,78,79,65,81,62,34,87,0,11,84,50,41,64,14,53,29,55,3,8,60,27,40,24,13,94,30,47,59,56,18,22,66,99,21,7,43,15,54,44,72,95,25,33,86,28,6,98,58,5,45,49,88,51,12,80,91,57,61,37,96,90,68,70,73,1,97,39,2,17,35,76,31,74,23,93
82,45,38,84,27,92,87,18,46,79,65,56,12,89,44,25,69,34,41,39,85,66,90,3,24,37,11,59,97,63,60,48,62,96,4,91,5,0,31,23,67,88,50,40,36,21,58,17,80,22,76,81,19,30,61,99,6,68,35,95,8,13,98,28,33,49,55,29,73,94,83,16,74,43,52,53,32,93,14,70,20,72,7,1,10,64,2,78,26,77,75,54,15,42,71,9,57,86,47,51
98,18,88,12,54,13,51,76,58,0,19,77,82,8,70,64,86,48,53,32,87,29,36,92,40,33,81,71,41,38,39,73,50,60,42,25,6,15,78,59,80,30,97,55,23,35,47,69,72,31,91,57,93,96,67,10,63,89,14,84,21,16,46,3,75,90,52,66,27,22,26,79,68,65,44,24,99,37,62,56,49,74,1,28,45,5,85,2,94,17,43,4,20,9,83,61,34,95,7,11
47,82,89,20,14,94,21,5,16,84,23,92,12,68,99,25,52,41,87,71,61,77,85,55,0,51,58,42,57,19,65,24,81,8,72,9,78,66,54,67,95,36,80,29,79,73,49,56,63,48,75,76,15,74,69,17,27,32,93,44,7,35,40,91,64,34,62,28,30,88,38,60,6,53,83,13,50,31,96,3,2,97,10,45,26,90,1,98,11,70,4,86,43,37,46,22,39,59,18,33
54,69,33,75,98,59,80,30,29,25,34,79,35,21,86,43,66,7,97,48,24,57,22,81,27,87,6,95,0,12,45,89,88,50,28,78,9,5,11,55,10,51,26,14,17,72,76,73,71,99,52,1,61,20,85,82,60,47,49,32,40,93,18,2,92,38,64,31,3,91,90,74,16,13,84,83,42,46,68,36,62,23,4,67,96,56,65,58,44,19,41,37,39,63,15,94,53,70,8,77
51,20,54,37,95,87,21,18,19,96,57,29,94,49,30,10,41,24,16,36,71,11,59,4,42,79,26,63,53,84,48,64,85,67,75,44,97,38,9,73,2,99,65,46,82,35,58,43,28,39,25,23,78,55,62,76,86,98,7,5,8,66,56,15,60,88,90,14,92,93,50,45,32,22,27,3,33,74,61,81,6,47,72,31,80,34,83,70,17,68,91,40,0,52,12,89,13,1,77,69
55,92,4,86,42,24,34,74,47,36,60,39,9,44,25,8,54,20,48,80,6,98,75,0,56,64,28,7,2,12,57,35,68,50,18,67,84,72,40,38,52,14,15,85,23,87,93,76,46,31,22,99,13,10,95,11,30,81,96,58,16,45,53,71,66,79,3,65,17,26,69,63,73,49,62,19,94,27,21,89,91,51,1,61,83,41,5,32,88,78,97,33,90,43,82,70,59,37,29,77
81,50,28,96,20,90,56,8,7,65,11,52,71,85,47,3,22,37,88,41,14,16,15,31,1,32,34,62,87,38,43,13,60,25,26,86,97,29,39,79,63,40,30,49,82,33,2,98,74,44,94,53,59,70,92,18,6,91,35,69,83,27,61,78,76,58,21,73,66,89,99,0,93,72,5,46,19,42,9,77,95,23,24,17,10,36,67,84,54,75,57,55,4,80,45,68,48,51,12,64
80,23,35,69,12,75,83,30,32,55,44,48,8,57,24,47,54,64,9,89,91,76,1,49,73,41,59,14,42,5,4,88,90,65,20,28,31,87,46,16,68,71,60,61,38,82,85,18,92,67,15,26,50,51,78,22,99,58,77,81,37,3,11,94,70,7,33,74,34,62,95,72,39,96,6,66,56,43,29,98,19,86,52,79,2,97,40,53,45,63,84,13,21,17,36,27,0,93,25,10
37,45,62,42,9,54,67,91,2,92,35,12,38,7,87,93,29,81,8,13,84,48,10,88,97,60,36,44,14,80,83,50,3,89,96,61,95,19,11,85,72,33,31,21,27,94,53,34,63,32,39,41,78,30,0,24,26,55,28,65,77,5,56,64,47,1,52,66,79,40,46,6,15,86,69,20,99,23,74,70,76,98,51,73,17,59,18,22,90,16,58,57,25,75,4,71,43,68,82,49
10,34,17,41,94,85,26,13,4,91,67,63,24,42,11,27,30,76,82,43,45,93,33,22,5,89,14,53,55,57,81,8,86,39,19,12,52,36,49,61,25,84,46,18,44,38,98,96,54,51,1,23,20,95,6,37,75,47,68,59,7,90,83,16,99,40,64,60,0,29,31,62,50,56,21,72,77,87,80,66,73,74,78,92,9,28,48,58,79,70,35,3,2,97,65,15,88,32,69,71
56,57,31,6,18,20,16,79,9,22,36,72,28,98,35,5,50,74,17,93,59,81,91,82,53,46,26,43,1,32,27,14,54,51,34,58,30,99,21,76,33,68,69,19,80,65,85,94,48,84,15,41,45,67,90,75,25,70,55,39,4,88,7,49,86,0,11,3,89,92,87,95,8,83,23,38,60,24,42,71,52,96,2,63,40,97,62,44,47,12,77,10,13,37,29,61,78,64,73,66
92,63,23,48,30,79,15,73,7,66,33,2,85,8,51,43,11,57,45,22,37,1,95,49,81,9,10,56,55,19,58,4,16,12,77,35,26,91,74,99,68,38,32,27,97,29,0,90,67,83,60,34,13,44,69,86,17,39,75,80,41,62,40,3,46,47,98,54,87,94,76,65,14,25,93,96,6,36,82,53,72,59,20,89,28,42,50,18,31,78,71,21,61,24,5,52,70,88,84,64
86,10,30,38,66,60,4,97,28,37,89,87,40,83,41,79,23,63,16,76,32,8,43,54,19,59,34,20,21,35,68,13,49,46,31,0,69,92,85,29,3,24,2,67,27,62,14,53,80,58,1,70,52,73,82,44,12,84,88,77,61,9,7,96,5,56,6,50,42,26,91,75,64,99,45,71,81,93,98,72,57,36,17,33,39,15,47,94,95,11,74,90,22,55,78,51,65,18,48,25
93,81,22,49,90,5,75,37,27,97,15,78,68,29,18,17,24,2,9,94,4,67,91,70,50,74,65,19,59,69,71,72,54,13,11,1,86,39,42,16,53,83,60,77,25,98,95,47,64,80,10,99,45,56,8,79,61,58,87,82,92,84,41,66,52,0,31,43,88,23,12,73,20,6,32,76,51,46,3,48,38,28,7,21,63,89,62,34,14,35,85,36,55,57,33,40,30,26,96,44
41,23,76,56,71,27,69,11,21,42,84,6,77,87,59,4,51,50,53,0,67,5,39,95,35,18,64,32,68,26,62,22,82,29,10,47,8,60,25,58,19,12,57,1,97,3,93,86,48,81,79,46,55,78,44,38,63,83,33,91,7,73,89,96,61,15,49,45,16,2,17,52,74,66,98,31,30,40,36,9,99,54,88,28,20,72,80,85,43,90,14,92,34,94,24,70,75,65,37,13
24,11,58,39,41,91,40,90,37,38,57,66,98,55,2,28,67,62,6,85,59,92,15,35,43,87,93,76,73,60,56,83,20,34,99,30,18,94,12,25,70,65,96,50,13,21,16,42,52,5,86,95,27,71,64,32,29,17,54,47,89,46,81,82,79,61,22,44,26,31,75,48,72,97,45,23,1,49,77,78,84,63,36,3,51,74,88,8,10,69,53,80,7,4,33,9,68,19,0,14
25,61,5,35,3,0,17,60,13,85,83,16,92,78,89,11,23,49,77,37,87,21,52,73,69,82,80,64,29,39,10,93,32,15,71,43,28,76,33,47,99,1,97,90,19,20,51,54,14,7,50,48,68,67,34,45,41,91,96,57,53,84,40,26,86,24,56,58,31,55,12,8,38,36,94,95,75,63,27,66,72,4,2,79,42,18,74,81,22,98,44,65,6,88,59,46,9,70,30,62
2,70,8,97,73,96,64,21,60,39,26,40,47,71,49,41,50,65,58,54,18,32,61,11,42,88,81,12,94,28,80,66,46,59,57,37,63,62,25,75,67,7,52,78,91,36,82,85,43,23,27,76,31,22,45,10,55,20,9,68,90,83,15,99,13,84,3,74,48,77,35,87,95,72,34,79,24,16,89,14,1,53,69,0,33,56,86,17,29,5,4,93,51,44,30,98,92,19,6,38
46,61,23,89,35,30,97,63,47,8,40,67,93,76,66,19,56,4,42,22,71,84,17,73,24,65,18,34,38,11,81,52,55,2,1,88,74,36,95,80,48,5,57,59,90,75,70,26,32,28,96,27,14,0,43,13,54,87,92,15,50,12,44,98,51,7,39,58,72,6,60,83,91,62,94,45,10,49,31,41,68,25,82,3,69,21,37,78,20,9,64,99,79,16,33,85,29,86,77,53
61,98,67,76,90,69,73,60,18,24,83,28,82,38,68,14,94,79,35,77,63,80,23,31,21,96,32,6,7,56,93,27,33,59,88,13,65,71,9,8,2,58,66,37,75,52,62,20,50,49,5,89,1,84,3,85,44,99,46,19,26,81,29,78,12,92,17,22,54,53,55,40,25,42,10,4,0,15,57,34,48,74,91,86,87,16,39,47,95,36,30,51,97,70,41,64,45,72,11,43
22,97,92,27,77,2,44,63,37,54,46,15,26,42,71,94,58,86,78,60,56,11,0,40,81,99,29,68,21,35,79,95,57,64,53,83,25,7,45,67,47,43,24,91,87,74,55,89,66,16,1,90,80,85,75,84,10,52,32,8,88,9,31,14,33,38,3,39,59,20,23,48,12,34,73,5,61,69,70,96,49,93,19,4,36,18,13,28,17,41,6,98,72,65,82,30,62,50,51,76
98,12,90,10,67,13,7,65,81,96,31,44,62,75,27,91,32,84,21,34,0,38,58,74,85,19,5,4,78,30,15,37,89,80,39,45,41,8,6,52,53,61,63,28,16,77,29,88,68,69,20,9,1,92,55,54,97,59,76,79,47,48,42,26,99,36,33,23,70,73,17,93,56,11,72,86,18,83,46,43,3,49,87,82,24,35,50,22,60,25,57,2,14,71,66,64,40,95,94,51
18,27,2,32,13,3,47,70,52,72,46,38,49,10,68,34,50,4,28,78,74,48,39,73,84,87,82,54,85,53,37,26,23,58,96,42,16,80,9,63,30,99,56,91,36,79,81,69,65,40,1,55,8,97,61,33,15,66,94,0,45,21,67,89,12,71,76,14,19,22,90,95,11,17,62,59,44,25,88,29,98,92,41,51,43,5,64,6,57,35,77,93,20,60,86,75,24,7,31,83
77,57,9,72,89,12,3,42,37,60,0,78,7,95,55,54,39,93,43,63,98,84,92,88,66,25,74,59,2,26,16,87,45,83,14,28,35,94,96,22,46,97,30,13,67,73,53,17,24,80,47,64,29,6,27,99,5,65,44,82,23,68,76,50,56,18,41,36,15,75,8,90,85,71,11,86,38,69,34,79,81,51,48,91,1,10,70,32,33,62,21,40,31,19,49,52,4,58,61,20
51,66,44,80,23,24,33,84,41,76,72,73,98,28,96,68,99,8,3,53,85,60,54,64,65,75,48,79,26,42,97,30,38,15,52,36,40,63,11,61,94,56,21,89,91,83,6,31,74,4,27,22,49,25,86,20,57,93,67,62,29,16,46,45,5,10,58,18,69,87,47,77,92,37,9,88,59,95,82,13,90,0,12,78,7,17,14,1,2,70,55,19,43,32,50,34,71,35,81,39
56,46,57,24,15,72,85,49,68,90,23,7,17,77,51,39,16,5,27,42,89,6,3,74,99,9,86,67,22,82,28,25,98,66,88,81,58,44,69,40,37,54,87,19,50,96,60,65,75,12,62,55,18,31,52,0,79,48,76,33,26,80,93,34,83,91,10,53,92,36,14,29,47,43,45,11,13,1,8,97,38,41,94,59,2,95,20,78,73,61,4,32,63,35,30,71,64,70,21,84
24,40,18,45,88,70,86,21,15,6,39,36,27,32,30,17,81,56,1,51,20,60,29,92,22,89,79,69,59,16,13,80,34,99,65,4,94,42,26,0,62,19,78,58,11,77,8,82,83,44,50,98,49,41,3,52,97,95,7,73,5,10,87,75,46,23,61,64,28,63,54,31,33,93,72,55,48,43,2,35,96,38,91,76,66,84,90,25,57,74,12,53,68,71,85,67,47,9,37,14
38,84,89,75,99,94,46,98,2,13,56,57,67,4,62,53,58,9,86,88,71,39,93,79,48,16,90,87,63,47,76,0,50,54,64,70,74,91,10,17,82,41,52,95,27,55,14,20,34,29,33,22,92,42,21,24,28,83,43,1,72,7,35,69,81,51,31,12,73,15,66,25,36,23,68,3,5,8,37,61,85,11,40,80,26,32,60,77,6,65,19,96,49,44,45,30,97,59,78,18
54,14,88,99,95,74,59,42,84,57,75,40,56,18,90,77,41,19,78,53,9,37,63,71,81,70,39,52,98,15,5,62,93,31,68,0,91,29,61,44,8,86,89,97,96,35,7,58,33,45,65,24,2,32,27,60,83,20,25,64,80,51,11,10,66,67,48,22,69,94,26,17,76,36,1,21,6,79,92,49,28,34,87,13,12,82,4,30,43,47,23,73,46,50,85,38,16,72,3,55
70,39,1,93,55,88,60,47,99,85,50,15,74,38,72,20,62,82,75,77,4,26,25,57,46,44,53,10,36,65,32,98,17,58,14,22,59,64,18,35,68,12,83,43,28,71,41,97,8,81,66,2,6,11,51,90,79,29,87,24,76,9,5,78,86,89,27,13,0,63,92,31,52,67,48,94,56,33,34,37,91,21,69,3,23,84,73,42,96,80,40,61,7,16,54,95,45,19,30,49
24,51,88,73,68,33,93,92,63,67,74,2,52,78,46,41,18,90,61,70,25,82,95,76,23,12,66,15,94,19,72,87,45,22,62,86,60,79,80,3,16,54,55,35,96,47,38,48,11,65,75,81,31,42,4,53,98,27,39,8,1,7,97,36,30,69,29,71,14,83,40,43,37,91,49,34,85,57,44,99,58,9,20,10,89,77,17,6,32,50,64,59,5,84,56,26,21,13,0,28
10,89,0,23,80,18,47,82,34,91,78,53,3,84,7,45,25,77,29,33,12,44,19,74,58,6,31,92,39,95,61,97,94,73,60,2,54,96,67,15,66,17,36,98,64,40,69,26,37,55,63,76,75,46,86,51,81,28,11,27,70,59,13,32,5,1,8,9,20,50,16,72,38,83,68,21,52,90,35,30,41,56,88,57,42,49,71,43,79,93,65,87,14,48,62,99,24,4,85,22
42,56,57,81,78,48,30,33,25,34,0,46,4,69,3,97,74,92,89,47,85,5,9,87,21,66,38,1,76,28,24,79,12,16,90,51,10,23,19,49,95,18,40,35,52,20,17,41,32,98,55,65,96,50,7,91,70,6,71,99,26,60,73,63,67,53,39,2,44,31,22,27,88,72,62,61,36,14,43,58,64,84,45,37,83,11,77,82,68,8,94,80,93,15,75,59,54,29,86,13
31,98,85,97,46,79,99,47,57,3,9,12,90,92,29,74,6,30,82,21,53,50,56,13,88,65,36,93,35,91,89,48,1,84,41,75,94,76,68,58,5,60,62,34,96,15,45,52,4,81,95,18,87,66,72,8,69,70,26,22,7,39,61,27,42,0,11,14,86,67,44,32,49,20,16,51,33,55,24,25,73,71,80,59,54,2,19,83,77,64,37,28,40,78,10,38,23,17,63,43
52,91,69,72,65,99,84,26,43,96,7,85,16,13,86,1,58,11,3,60,62,15,24,82,45,42,9,25,33,64,46,76,63,70,28,10,77,57,48,92,12,53,38,71,93,32,55,0,88,54,94,21,95,8,49,68,22,40,66,87,51,81,83,41,6,35,74,19,2,56,90,31,67,23,17,79,36,44,39,61,50,29,89,98,34,30,18,73,78,5,27,97,14,59,20,80,4,47,37,75
0,32,23,90,63,14,38,65,57,78,85,64,71,76,34,59,70,95,83,19,77,31,22,79,4,18,55,17,5,46,56,67,84,53,40,68,24,58,89,2,29,82,88,92,69,80,62,3,41,73,86,74,27,43,15,35,48,96,20,98,99,60,61,42,54,66,72,94,10,28,39,87,44,30,49,25,1,52,21,97,33,11,9,12,6,51,45,7,26,36,93,50,13,37,8,75,81,16,47,91
72,17,7,29,54,93,92,73,96,85,6,40,97,83,21,57,31,55,78,26,71,10,62,91,35,25,80,11,32,37,94,53,66,60,64,63,41,81,30,79,43,65,75,87,36,1,16,76,59,3,77,38,15,95,49,50,4,58,39,5,27,33,20,89,0,99,45,90,44,42,70,22,52,48,13,88,18,82,14,2,74,34,84,47,8,86,67,28,23,51,56,19,61,98,68,12,46,24,9,69
75,52,98,35,80,44,57,49,85,91,79,45,27,28,73,55,3,8,43,20,70,46,89,63,94,9,6,87,4,81,76,50,26,84,69,37,5,24,41,54,92,74,65,82,22,40,67,30,18,56,60,11,64,0,36,93,16,99,17,68,23,13,72,48,29,66,31,77,38,21,61,95,53,10,42,62,78,96,7,39,14,33,15,71,34,83,32,88,58,86,90,51,25,59,97,47,19,12,1,2
60,71,84,72,36,54,68,9,40,61,34,64,78,87,12,75,52,4,50,6,25,86,65,59,10,38,85,94,32,67,46,99,82,70,55,58,57,44,91,63,49,83,11,73,93,18,76,96,51,14,15,81,37,16,17,80,20,7,62,27,66,31,1,53,79,89,22,21,47,41,39,29,28,5,48,90,8,33,42,92,30,69,77,0,13,45,43,56,98,74,26,2,3,97,19,88,95,23,35,24
59,78,48,11,43,41,92,22,82,90,85,51,2,54,33,12,39,53,34,68,89,26,76,52,87,8,61,55,38,75,6,72,21,10,67,37,9,98,14,80,40,13,62,86,19,94,27,0,66,60,83,31,96,57,50,29,1,56,79,32,91,74,42,69,28,81,7,84,36,45,93,23,95,4,64,65,16,47,44,5,97,49,17,70,25,88,18,63,30,99,73,58,77,20,3,46,35,15,24,71
53,16,31,29,28,6,82,62,72,67,51,32,99,45,76,46,14,78,40,42,95,52,58,10,71,56,63,54,23,35,17,83,1,49,69,7,70,60,8,30,36,44,57,59,13,22,91,64,80,97,19,26,15,77,86,55,48,66,93,18,73,34,24,87,92,11,5,75,9,96,39,33,25,90,38,47,21,84,74,79,50,37,12,68,27,0,65,43,41,89,3,88,61,81,4,94,98,85,20,2
93,36,95,45,48,77,28,15,56,55,57,18,5,11,75,59,47,54,94,9,10,34,33,53,81,39,52,1,92,74,13,85,65,14,87,86,82,23,67,42,49,61,4,91,7,12,58,78,30,63,6,71,26,97,38,32,40,88,51,80,68,46,25,20,73,24,66,31,37,76,17,3,64,0,79,21,69,16,83,50,44,35,72,19,22,99,98,60,89,70,27,2,84,43,96,8,62,90,29,41
48,69,62,13,2,50,84,28,17,29,22,10,23,15,90,5,74,59,8,71,75,96,97,60,45,68,30,43,78,41,92,76,0,25,73,82,35,27,37,40,12,11,95,34,72,61,91,38,52,33,93,56,54,4,6,21,20,67,94,63,19,79,14,80,55,7,99,64,83,88,81,26,1,53,39,58,51,3,18,47,86,16,65,31,70,66,32,57,98,44,87,85,89,9,49,42,36,24,77,46
49,46,98,84,72,31,59,48,16,0,53,52,11,1,55,3,33,27,87,74,13,12,79,70,29,43,61,26,40,90,97,88,5,94,39,67,28,69,30,85,2,92,83,38,21,9,41,66,8,77,95,15,78,22,10,18,36,76,56,4,42,35,23,57,71,51,37,81,65,50,14,73,47,60,75,62,64,6,7,89,58,19,63,99,17,82,25,24,86,45,93,34,91,68,44,20,32,96,80,54
12,69,43,3,46,32,21,45,74,49,25,10,42,38,84,54,85,4,62,50,57,86,92,73,76,65,19,18,82,39,6,9,33,91,0,24,66,31,68,37,14,2,61,56,15,5,98,67,16,59,96,90,20,99,23,48,28,81,78,27,71,77,29,58,22,1,55,26,52,80,87,7,13,89,17,63,83,53,72,40,79,30,11,60,93,8,47,44,64,95,97,75,36,94,41,34,70,35,88,51
88,47,99,38,54,9,0,4,65,27,93,49,18,16,67,19,72,34,23,51,71,1,44,26,13,29,60,81,85,5,66,45,46,97,40,84,57,59,36,94,6,75,80,73,89,2,17,92,21,74,78,31,37,24,3,41,70,79,56,96,91,61,20,25,11,62,32,50,10,22,82,43,12,35,42,7,53,83,48,64,68,58,87,8,77,39,52,69,33,98,55,63,86,76,90,14,30,15,28,95
73,7,18,23,87,74,13,98,32,99,51,43,69,79,50,15,88,97,94,29,58,9,24,89,59,66,44,30,46,4,61,83,27,93,70,14,63,20,8,48,47,37,16,91,41,28,57,3,11,35,34,71,72,64,86,45,19,96,52,31,36,2,67,49,39,40,42,17,12,10,90,60,56,85,21,68,77,38,80,82,25,78,84,95,53,75,33,76,62,5,65,22,55,1,0,26,92,6,81,54
99,0,87,82,72,67,42,55,33,31,17,1,65,68,15,90,44,40,52,48,78,41,14,21,54,16,29,62,18,30,35,81,84,77,74,60,12,70,19,66,28,63,96,89,94,24,39,80,8,4,91,9,97,46,69,43,53,23,13,27,98,5,2,45,3,7,51,64,92,37,38,10,83,93,22,6,71,47,56,59,85,95,36,58,61,57,73,88,34,32,25,76,50,26,75,79,86,49,11,20
47,87,24,25,76,10,23,59,72,1,58,79,67,69,89,68,9,64,42,38,6,15,33,5,21,52,80,95,30,13,82,19,93,74,11,56,96,40,0,7,43,26,29,83,3,65,61,92,17,88,90,44,86,39,73,14,32,66,51,94,71,16,53,50,57,8,99,75,45,41,49,18,2,98,34,36,97,70,78,63,91,54,62,28,81,60,20,77,85,37,12,55,46,4,22,27,48,35,31,84
31,92,57,96,0,14,33,48,65,94,32,60,61,78,39,22,52,28,34,9,10,99,59,85,45,24,11,56,80,69,18,13,30,82,7,79,27,17,54,16,90,68,95,70,88,1,63,36,47,26,43,20,53,89,75,51,42,12,84,91,2,6,21,37,87,73,83,50,8,46,5,49,58,66,72,38,62,81,71,55,29,15,44,25,93,3,35,76,64,40,4,67,19,23,41,97,77,74,86,98
54,55,76,57,37,32,69,12,43,91,95,40,17,38,10,63,34,42,27,8,85,23,24,92,6,56,14,47,62,0,70,50,89,4,94,77,51,44,26,11,36,82,52,5,99,83,53,49,2,25,80,87,67,73,20,28,35,65,60,21,81,98,46,39,96,58,7,84,64,19,22,66,41,9,31,68,79,3,1,29,15,88,72,86,33,61,97,90,78,48,16,30,93,13,71,59,74,45,18,75
85,31,81,84,17,27,78,18,29,14,1,74,42,91,87,77,19,65,35,95,46,73,60,63,3,94,99,9,45,55,4,23,6,80,56,22,36,59,25,64,93,86,47,88,82,44,28,50,13,58,90,7,75,70,12,69,89,68,8,24,72,71,40,79,11,48,34,52,43,51,39,5,30,37,67,96,92,21,32,41,61,16,98,49,76,15,38,33,10,83,2,54,66,26,97,20,57,62,0,53
24,81,75,18,1,48,92,73,56,55,3,20,5,29,96,7,42,59,67,10,17,89,47,72,60,87,79,45,27,65,2,21,38,40,32,99,88,46,63,33,86,70,90,11,58,80,76,35,41,84,34,51,28,37,43,77,71,8,49,68,15,69,82,23,12,52,22,78,85,62,16,93,50,61,39,94,74,54,57,14,66,64,26,91,44,98,83,13,53,97,95,0,19,30,4,31,9,25,36,6
98,77,94,5,23,68,21,63,31,43,66,90,1,55,44,75,26,60,71,64,24,65,7,80,39,97,3,10,16,91,13,22,69,59,34,35,30,83,29,47,67,89,50,4,73,37,32,40,15,12,2,11,51,14,76,49,25,99,20,95,62,45,6,84,8,48,18,70,81,42,87,57,52,28,93,85,36,86,72,17,74,58,54,27,79,56,96,41,78,53,46,61,88,0,38,92,33,19,82,9
1,17,70,91,36,11,49,78,75,73,51,5,15,95,54,19,60,47,65,2,48,82,64,90,44,94,32,61,62,25,55,46,98,22,84,74,7,28,77,37,43,88,59,67,27,23,34,81,83,97,80,68,24,33,86,12,10,76,0,26,21,71,66,29,31,57,14,58,16,79,8,4,41,38,18,63,3,69,89,52,30,53,42,9,87,72,92,99,85,56,96,35,6,50,13,20,93,39,40,45
5,13,88,58,53,87,28,56,73,26,82,78,98,74,30,71,34,99,12,60,47,72,51,97,14,42,44,83,80,81,11,95,17,94,20,1,90,3,0,77,68,55,25,4,39,41,63,86,19,21,2,75,27,61,29,54,79,8,62,35,40,6,67,59,91,50,7,24,96,23,89,38,18,69,52,46,33,43,36,57,66,49,22,85,45,48,65,10,9,93,64,84,37,92,32,76,70,31,15,16
21,9,61,2,56,78,60,45,4,0,81,35,89,39,47,43,38,42,79,51,46,24,18,28,48,54,59,80,26,92,33,64,55,31,29,76,13,82,16,1,85,62,32,57,22,6,69,93,66,12,44,10,74,40,63,75,19,91,70,15,53,83,23,96,5,72,49,65,71,86,95,68,98,41,17,73,87,34,58,88,37,36,90,77,97,27,84,20,50,94,3,7,8,11,30,52,99,14,25,67
28,23,99,82,65,5,51,31,47,32,25,4,93,94,92,2,56,10,19,21,58,42,45,37,57,3,14,75,8,77,40,9,90,24,22,86,0,70,76,16,68,20,17,91,85,62,95,50,1,83,33,35,59,64,79,30,88,84,89,97,6,55,49,69,29,52,66,11,34,72,53,26,63,60,67,87,39,96,44,18,7,48,78,43,74,36,73,61,81,71,46,15,12,98,13,41,38,27,54,80
51,97,71,29,19,4,15,11,78,45,40,13,49,70,87,91,79,8,41,44,26,80,22,47,82,63,57,14,30,23,72,28,81,50,0,31,20,58,92,65,46,76,54,36,73,17,1,89,83,7,24,86,55,32,66,62,96,18,2,69,52,60,38,3,77,53,95,5,37,67,9,35,16,39,27,85,42,6,93,61,12,59,25,48,64,90,10,75,33,68,98,99,21,94,74,34,56,43,88,84
92,84,18,15,72,69,63,90,35,10,53,61,70,8,0,29,82,81,14,86,6,91,32,98,28,45,41,54,73,99,17,9,87,5,44,55,7,48,57,62,23,37,46,25,52,12,71,58,1,39,40,47,83,74,34,66,20,76,3,24,78,80,93,16,11,64,4,43,65,95,13,33,49,97,19,89,77,27,75,31,38,51,56,59,21,85,50,2,26,79,68,30,42,36,67,96,22,94,60,88
57,8,3,34,24,62,85,51,22,77,16,37,38,5,68,56,44,21,75,19,20,4,39,7,74,69,33,99,87,42,81,14,41,67,12,82,10,47,40,31,84,25,11,60,29,61,95,94,90,86,66,48,52,96,97,71,35,26,78,53,30,54,91,76,70,65,23,0,27,50,63,17,2,80,73,59,32,64,92,98,18,36,6,1,58,72,13,28,55,46,79,43,89,15,9,93,83,45,88,49
5,52,95,37,48,23,60,75,76,26,68,77,91,16,86,61,78,39,44,51,63,0,38,92,98,93,36,65,43,41,45,11,32,80,19,21,35,54,88,66,8,24,96,82,70,6,67,89,13,3,20,59,83,64,94,7,47,28,18,12,87,57,99,74,55,10,15,9,62,17,29,69,49,56,31,33,81,58,90,97,79,4,85,46,22,42,84,34,27,25,30,71,40,73,50,72,53,14,2,1
94,87,56,64,82,53,45,22,41,58,38,13,84,1,73,83,96,81,98,46,62,35,54,47,28,15,8,48,49,9,69,85,88,33,68,32,51,11,66,71,63,60,42,40,7,77,78,5,12,23,19,70,26,55,37,39,24,59,89,67,65,50,20,44,80,86,25,14,93,97,57,95,2,10,0,16,76,72,79,6,36,34,52,99,17,18,21,92,31,90,74,27,75,30,4,29,43,91,3,61
37,2,15,76,33,54,27,50,31,9,95,62,29,36,1,24,44,97,53,13,90,23,84,48,49,3,93,25,26,70,61,47,10,43,6,22,56,77,17,88,51,69,91,71,83,39,81,60,98,57,18,11,52,86,20,78,5,82,55,0,68,79,28,59,58,35,67,42,12,89,8,87,75,85,16,65,40,19,64,38,4,7,99,34,41,45,80,72,30,74,14,92,73,96,66,46,21,63,32,94
8,62,16,89,44,82,55,6,68,92,37,54,30,84,2,45,9,56,24,79,95,20,10,94,36,26,19,57,17,69,22,59,28,13,39,23,67,48,3,76,49,41,47,63,99,15,66,71,80,50,40,60,29,96,73,12,1,74,32,65,77,53,97,5,0,4,72,46,11,88,90,35,21,98,51,93,75,86,52,31,43,70,33,18,85,27,81,83,64,25,7,14,61,42,58,38,91,78,87,34
29,22,53,54,77,32,28,96,19,62,42,98,91,81,56,68,43,67,4,76,38,57,89,13,75,94,12,72,88,11,15,7,63,74,50,97,25,27,16,26,41,82,90,33,45,23,20,51,34,73,49,79,87,47,44,64,0,24,21,36,48,10,86,78,83,6,1,65,35,66,99,60,85,84,58,71,52,3,18,92,93,95,69,37,17,80,70,59,14,31,30,5,39,55,2,8,40,9,46,61
58,3,10,12,62,24,34,23,92,52,30,38,77,15,42,29,6,80,86,90,0,2,28,18,39,84,69,89,35,20,50,27,13,67,65,9,5,37,53,60,87,91,63,41,98,93,75,17,88,61,4,78,22,82,32,14,43,1,81,56,72,71,76,11,85,21,96,16,99,57,54,95,70,33,79,66,7,19,44,46,40,31,26,83,94,25,36,68,59,8,97,74,55,49,64,45,48,73,47,51
17,34,6,33,42,93,44,0,2,59,24,70,92,62,48,73,39,65,88,27,60,55,80,19,68,87,95,50,76,56,12,53,41,29,85,16,63,1,20,84,14,66,23,30,35,5,52,28,98,21,78,18,10,8,31,81,32,99,91,15,97,25,96,47,71,4,36,61,22,83,40,45,46,72,3,90,26,49,75,38,7,69,57,79,77,54,86,37,74,94,43,89,13,67,58,51,9,11,64,82
30,16,55,77,44,59,4,24,93,52,1,25,37,40,50,13,90,46,48,94,73,67,64,65,61,72,2,10,35,47,49,99,36,38,51,17,14,26,42,62,41,11,82,60,74,63,96,78,53,8,95,15,28,81,70,0,86,84,89,69,7,39,27,92,87,57,79,56,85,91,98,34,76,54,20,75,32,12,45,71,22,3,6,5,68,18,80,88,83,33,19,29,21,43,97,31,58,9,66,23
77,58,57,82,84,0,1,53,25,16,38,24,51,23,13,56,93,48,65,78,46,12,74,87,86,68,10,69,91,94,79,55,9,21,90,19,64,36,45,67,50,14,75,63,29,88,26,66,37,39,2,30,98,28,20,6,59,60,35,81,80,73,99,85,31,40,22,49,42,54,32,72,27,3,71,34,89,41,33,4,83,92,8,15,11,43,5,52,97,17,96,61,44,7,70,47,95,76,62,18
34,88,85,84,36,66,71,99,45,74,49,33,91,0,48,31,64,21,14,5,30,2,39,6,68,51,13,83,46,8,47,59,26,72,61,79,63,75,96,82,87,89,10,28,98,42,12,4,22,37,58,97,16,9,54,86,24,44,7,76,65,93,50,32,90,53,1,56,43,55,35,20,67,77,23,41,94,81,70,92,15,29,25,17,40,62,3,27,18,69,57,52,80,78,19,38,73,95,60,11
84,96,16,39,27,3,90,95,62,23,89,30,88,66,72,57,36,28,61,31,91,37,33,24,13,52,65,86,71,25,38,43,0,9,42,78,82,58,46,11,64,6,87,4,75,51,79,45,15,17,83,41,55,94,81,1,14,98,76,19,53,97,77,20,93,8,48,49,26,69,40,59,92,44,35,5,12,80,54,10,50,67,63,7,2,22,21,74,56,34,73,85,32,29,60,47,99,70,68,18
25,15,88,1,9,37,32,68,49,38,55,84,62,27,95,79,20,47,13,98,69,11,39,80,43,83,29,60,41,61,36,50,40,97,7,22,99,75,26,92,4,57,85,81,52,54,14,94,30,76,65,58,10,59,2,90,82,93,5,64,34,8,24,91,35,86,63,0,23,53,71,70,73,48,46,96,6,77,66,33,28,89,12,51,67,3,16,17,18,78,74,72,87,45,21,31,19,44,56,42
11,67,81,88,42,20,23,10,71,32,48,93,83,60,4,31,39,18,62,6,72,59,76,24,63,98,3,66,38,40,12,82,46,77,99,30,68,34,37,22,1,44,17,91,0,15,54,41,87,73,43,25,29,95,13,57,86,85,50,52,53,16,36,94,97,49,2,28,51,74,58,78,47,9,69,55,70,79,45,89,14,35,96,5,75,56,80,7,27,92,26,33,21,19,64,61,90,84,65,8
92,16,22,26,58,74,82,11,25,8,84,5,49,1,62,33,18,69,46,60,70,72,55,39,87,48,21,89,98,52,67,23,40,31,4,76,14,66,20,17,38,37,27,96,95,24,80,50,57,99,83,36,0,19,91,12,51,13,43,42,41,75,2,77,3,54,81,86,10,93,79,68,63,90,56,9,44,35,94,59,30,53,65,34,45,7,85,64,6,97,61,28,88,73,15,32,71,78,47,29
23,36,29,2,5,85,71,93,66,95,7,15,18,73,16,54,26,88,62,47,79,56,10,22,33,92,39,8,11,17,87,31,63,76,65,82,51,68,61,28,77,1,86,45,3,57,34,90,41,97,4,83,48,74,35,27,60,24,55,0,43,81,72,59,80,64,99,94,84,46,14,75,78,20,12,21,37,9,58,38,32,13,40,6,52,98,30,89,91,25,50,70,44,19,96,49,67,69,53,42
35,76,62,67,2,78,59,21,98,70,52,23,64,19,5,22,12,41,26,61,37,50,38,86,91,43,85,60,45,8,82,57,92,11,93,4,3,17,65,58,51,96,42,30,77,88,40,14,90,13,81,48,80,20,10,84,83,69,95,9,27,34,32,53,71,0,31,24,47,33,99,97,63,6,49,66,36,72,25,55,7,89,1,46,87,28,74,44,15,79,68,16,39,54,29,56,18,73,94,75
57,0,48,55,22,85,94,58,47,6,26,39,76,11,51,52,82,93,54,29,10,2,78,62,86,68,77,18,83,99,34,43,79,8,88,16,23,98,72,56,5,84,67,21,13,61,12,81,64,7,31,4,91,1,92,15,96,9,87,49,14,97,3,30,40,44,20,37,24,69,35,70,50,25,42,89,80,46,71,27,60,75,65,19,63,53,32,38,95,17,41,45,66,73,36,28,90,74,33,59
17,23,79,84,81,59,43,37,25,20,97,78,57,91,90,39,74,16,12,58,70,10,8,54,45,89,34,92,85,4,64,71,11,32,76,73,9,0,38,41,63,28,21,42,24,44,52,6,61,46,48,18,67,22,33,47,87,95,93,60,27,3,15,66,82,88,51,69,56,77,99,53,5,50,40,29,36,72,2,75,49,65,19,80,83,31,94,96,13,68,98,1,55,26,30,14,86,7,62,35
12,81,92,2,14,17,27,45,8,9,23,87,88,25,15,90,85,20,72,22,32,28,86,66,89,11,75,59,83,37,58,76,95,69,42,35,71,93,41,57,47,60,36,82,55,96,64,70,80,56,4,62,13,39,52,19,30,48,65,43,46,7,18,78,44,61,29,68,53,34,63,31,94,79,84,3,50,54,16,74,51,21,40,99,0,33,10,24,6,26,91,5,77,1,67,49,73,98,97,38
73,87,98,81,91,65,11,89,5,28,34,48,63,21,72,44,74,75,71,83,54,49,57,51,37,35,24,90,97,10,9,25,26,12,41,59,50,27,58,77,29,88,62,30,4,68,69,79,33,96,20,82,19,42,14,43,70,60,32,39,23,85,80,3,6,78,95,8,40,22,76,47,67,38,52,36,94,16,46,45,55,61,64,1,31,66,53,7,84,17,99,2,56,15,0,86,92,13,18,93
35,69,64,98,79,96,13,92,70,39,95,81,99,85,9,48,60,84,65,33,82,71,5,27,7,62,23,97,25,55,46,32,24,26,76,15,3,31,83,17,63,54,28,74,12,34,40,6,42,94,18,53,56,90,0,57,86,43,38,41,4,75,93,16,80,19,14,36,47,59,67,11,44,8,50,52,77,30,2,66,88,10,61,58,29,72,68,51,91,49,22,87,45,20,37,89,78,73,21,1
88,7,76,87,0,3,46,43,83,35,37,55,65,89,58,56,64,8,94,51,79,12,85,4,15,68,91,90,49,81,6,82,33,23,97,93,1,95,61,19,5,84,22,52,26,59,2,32,21,45,74,39,80,73,42,78,28,57,44,18,92,40,67,71,63,34,36,99,62,14,86,10,50,60,27,16,98,24,25,17,75,13,30,38,11,96,48,31,66,70,29,41,53,72,77,20,47,54,69,9
72,5,84,46,92,81,96,28,88,79,86,2,83,76,44,70,13,71,57,58,15,97,89,26,94,69,31,47,6,51,95,66,63,20,36,49,9,45,39,17,24,65,78,67,64,87,50,3,42,7,0,41,82,55,59,10,52,12,27,60,30,54,98,16,68,99,22,40,37,85,43,93,73,35,14,75,8,62,18,1,48,80,11,32,21,34,38,91,77,25,61,4,90,56,23,33,29,53,19,74
8,59,81,57,45,46,71,15,55,4,25,20,68,40,87,19,6,90,94,42,33,21,18,39,95,27,78,52,36,91,0,41,75,30,69,63,10,93,96,79,48,3,73,74,49,26,62,17,58,66,60,23,56,88,70,29,7,72,89,53,22,85,43,99,5,2,82,83,54,84,80,86,92,38,12,77,16,51,64,24,50,44,35,37,76,28,61,32,47,14,9,98,13,31,65,1,97,11,67,34
32,90,64,76,31,92,63,9,66,50,40,28,86,94,12,26,79,13,95,27,6,99,24,88,52,98,42,58,48,78,33,30,74,80,93,72,29,97,69,23,54,53,71,7,41,89,81,37,15,87,4,62,49,8,68,83,1,70,43,17,59,55,56,35,61,14,45,19,10,44,34,36,5,82,39,18,77,73,96,11,65,84,2,0,91,20,51,16,57,22,25,46,38,75,85,67,60,3,47,21
8,21,60,29,99,27,85,94,33,4,93,49,48,43,3,31,92,74,35,39,64,61,70,30,53,52,83,17,69,51,32,68,78,98,57,67,47,2,20,77,24,26,95,76,23,66,19,6,58,44,22,15,36,55,87,82,90,25,96,91,79,72,9,80,46,13,75,42,14,86,97,10,37,50,62,1,5,63,16,81,45,59,41,54,12,84,88,56,7,34,40,28,0,71,18,65,11,73,89,38
16,34,68,14,11,9,5,59,3,47,21,2,70,19,83,25,65,92,86,91,79,71,35,43,73,46,67,31,18,12,39,38,58,51,48,62,26,32,74,54,23,0,57,29,13,50,64,33,10,53,84,6,20,52,42,22,63,61,88,89,72,30,76,95,69,15,60,45,94,97,90,87,80,85,1,77,27,40,49,56,78,82,4,66,17,55,81,99,96,24,8,37,93,98,41,36,28,75,44,7
13,57,71,1,84,8,18,54,0,41,85,31,72,5,78,49,30,37,92,67,81,90,74,36,46,50,22,73,12,15,6,7,59,66,43,83,34,69,55,56,93,44,33,68,96,53,77,45,88,3,19,89,75,10,9,23,65,38,42,79,97,24,40,61,80,35,21,39,4,14,52,82,63,17,47,2,87,26,29,95,32,48,11,16,76,25,94,62,98,20,27,51,28,58,91,86,64,60,99,70
71,20,26,40,19,82,21,70,10,57,16,46,25,72,9,63,86,76,5,24,59,44,42,52,54,73,84,89,13,12,47,33,39,94,85,31,32,79,75,64,87,28,56,69,2,55,50,6,29,0,91,60,96,74,48,49,36,11,7,58,18,8,17,81,43,99,14,34,97,4,53,35,65,61,41,23,88,92,37,66,30,80,62,67,95,77,90,68,93,1,22,78,38,98,45,27,83,15,3,51
37,3,90,95,52,89,83,22,69,78,13,2,75,76,91,48,15,55,25,49,66,77,34,45,29,33,31,21,0,64,92,74,79,67,26,4,1,30,86,19,65,81,36,93,17,59,12,68,16,71,20,57,14,98,43,23,97,70,62,28,88,51,94,40,18,11,42,8,58,38,47,53,10,84,56,46,44,27,96,72,60,5,80,82,41,73,39,6,24,9,32,61,35,85,50,7,87,54,63,99
13,44,2,32,3,33,45,93,0,12,1,59,40,89,98,27,81,99,48,95,21,68,51,16,6,83,8,37,20,26,73,60,18,28,4,5,85,25,70,90,23,71,56,74,38,52,14,36,24,39,10,77,50,61,79,84,58,42,91,54,78,55,22,11,19,94,41,66,35,86,92,17,69,7,96,49,15,34,53,64,72,30,47,76,97,67,31,80,62,88,87,29,82,65,75,46,43,63,57,9
57,20,11,38,54,35,32,40,94,33,90,30,86,49,50,36,78,58,62,72,73,24,81,66,45,10,79,4,59,99,42,26,6,9,16,51,0,68,97,95,22,83,23,92,29,21,98,5,2,19,63,7,43,80,93,75,1,64,34,84,13,52,74,46,14,18,60,41,85,55,17,28,56,53,82,8,87,61,67,70,96,3,39,31,91,76,44,48,69,65,12,77,25,37,15,27,71,88,47,89
12,40,95,72,41,27,87,69,91,53,89,5,80,23,61,86,76,62,84,57,83,21,30,2,54,51,9,1,6,64,19,78,66,98,48,35,70,37,75,28,39,59,50,90,15,52,85,8,79,32,4,0,88,49,33,96,82,43,42,60,97,20,17,56,10,45,77,18,99,16,44,92,94,74,31,7,25,29,93,36,65,68,3,26,63,55,81,24,47,14,11,73,34,22,58,46,67,13,71,38
21,29,49,37,50,60,85,89,42,66,55,7,2,54,47,9,98,59,73,72,74,6,32,68,23,57,82,35,64,10,58,63,28,67,30,15,40,52,95,71,53,8,41,11,45,24,87,80,70,61,75,88,91,36,76,31,46,38,44,12,34,18,13,65,43,83,56,0,79,14,81,33,97,84,77,26,51,17,99,86,16,22,93,48,3,69,94,25,4,19,27,92,39,62,90,78,5,20,96,1
87,75,11,68,7,47,16,23,18,51,48,82,29,85,92,76,13,55,37,21,42,60,84,95,81,27,72,83,6,14,73,10,34,53,24,57,32,90,12,15,17,54,1,0,65,8,94,98,22,69,70,46,96,97,93,74,19,78,40,86,50,36,99,39,62,33,28,43,77,59,49,79,66,25,5,63,67,64,35,4,45,52,89,31,58,88,91,80,71,20,30,3,2,26,61,41,56,38,9,44
6,43,35,55,47,99,98,68,14,89,66,37,21,10,19,42,32,28,18,25,13,78,95,94,75,60,15,29,34,72,38,12,80,49,91,84,85,4,0,61,9,31,24,59,41,76,74,22,65,56,92,50,23,51,5,11,26,58,1,88,87,86,96,69,73,57,20,52,27,8,33,82,81,2,45,64,16,36,71,44,39,77,46,17,30,63,40,3,93,70,53,83,67,48,97,90,62,7,54,79
77,6,54,82,87,78,68,28,95,17,38,7,93,2,70,23,48,52,98,26,73,0,11,45,88,34,24,20,96,76,15,35,39,63,21,13,30,86,80,56,92,40,10,83,51,50,47,12,43,67,27,5,62,46,31,79,90,4,9,19,41,74,33,42,97,44,32,53,14,49,29,64,65,58,61,8,1,89,69,3,71,85,22,36,84,75,37,16,59,18,94,72,57,91,99,55,25,81,60,66
75,24,72,2,82,39,87,47,60,40,35,54,45,16,27,46,85,81,68,23,22,8,57,65,42,88,53,17,31,15,30,89,93,56,13,43,78,90,48,5,6,49,86,76,21,69,71,84,11,79,50,62,91,36,4,29,33,64,38,66,26,41,96,3,55,83,94,99,37,74,67,44,34,51,0,9,70,63,14,92,58,12,20,52,80,73,61,98,77,1,28,32,95,7,59,10,18,19,97,25
11,15,92,19,28,88,23,32,89,9,10,44,20,53,14,6,91,65,42,68,78,64,21,94,26,39,62,61,45,33,98,73,99,96,79,31,40,81,90,2,83,48,70,50,22,52,82,3,29,60,37,51,1,80,5,55,63,34,0,30,56,67,46,66,74,69,47,18,25,8,7,41,77,54,43,59,38,84,86,58,4,71,35,17,97,85,57,12,36,72,76,95,93,75,13,16,27,87,24,49
25,51,22,56,46,20,96,3,68,97,53,40,43,12,93,86,72,5,29,89,48,35,91,76,71,95,64,75,17,19,32,4,6,78,65,33,9,21,27,26,82,84,37,38,45,60,79,28,98,18,7,57,92,52,70,54,1,66,74,10,50,0,58,83,31,14,85,49,42,80,23,36,55,88,87,30,77,59,15,99,90,61,67,73,13,2,94,81,39,34,8,24,11,41,47,69,44,63,16,62
9,8,53,1,86,42,77,15,41,38,97,88,4,24,19,29,61,70,17,64,40,99,65,30,13,82,16,95,50,68,54,34,72,7,87,90,57,25,62,23,56,46,91,60,11,6,67,55,76,98,3,63,74,36,10,20,32,52,18,22,58,49,75,31,71,2,14,0,47,12,43,39,93,84,48,80,35,73,28,33,79,37,51,59,83,96,81,89,69,92,27,94,5,44,66,21,85,45,26,78
85,87,26,53,72,8,30,9,86,42,77,71,54,2,91,21,82,34,93,48,14,75,55,13,43,22,52,41,25,5,84,58,27,57,59,36,35,65,16,97,40,7,37,29,92,90,79,70,20,38,81,60,45,94,80,99,31,1,78,76,83,96,74,61,73,32,68,66,49,88,47,0,17,23,28,12,19,11,3,95,69,63,15,89,33,6,64,39,44,98,4,10,67,24,18,51,56,50,62,46
4,2,21,25,27,64,82,69,49,26,92,16,71,72,55,3,66,68,19,30,88,38,10,95,1,77,89,7,73,33,61,60,94,75,54,14,37,50,44,84,29,23,76,6,13,63,42,98,74,90,91,40,17,51,43,31,22,47,83,53,18,0,5,65,52,87,46,8,34,62,70,86,41,32,24,93,81,85,99,12,67,59,97,78,35,45,39,15,57,20,11,48,28,58,9,56,36,80,79,96
31,49,80,72,65,48,63,22,60,8,74,61,85,88,95,50,86,34,7,1,18,76,15,68,12,9,82,2,90,25,67,16,37,99,51,73,20,75,3,5,19,55,53,39,36,77,58,46,33,92,71,35,32,87,78,94,79,81,40,23,45,84,21,43,47,44,54,91,26,42,56,59,11,24,98,17,4,41,83,10,62,13,69,14,6,97,66,89,38,70,57,64,30,27,52,28,93,96,29,0
98,33,1,36,26,70,34,19,29,39,55,89,91,82,6,44,67,51,22,77,31,57,30,45,86,96,23,47,79,48,32,20,59,85,9,0,64,42,16,60,78,50,27,62,65,74,12,5,46,56,84,69,13,75,35,81,24,38,72,54,41,97,8,94,95,40,66,49,73,80,17,4,3,90,43,14,83,21,93,87,52,92,88,28,61,11,76,99,25,18,10,37,58,7,63,71,15,68,53,2
89,85,74,43,62,65,11,29,16,60,91,38,12,80,9,31,69,55,98,10,0,14,32,13,96,2,52,34,76,15,73,18,67,92,6,94,27,79,81,66,8,4,84,95,50,78,39,22,72,57,82,47,25,3,58,44,37,99,88,33,87,59,26,21,77,46,54,86,24,45,5,42,51,71,75,28,36,40,17,90,68,19,61,7,20,35,30,97,53,1,93,41,63,56,70,64,49,23,83,48
43,0,31,15,38,48,99,4,70,46,7,82,81,41,63,67,83,73,32,45,61,89,18,91,12,3,62,26,33,60,92,75,9,8,76,29,19,94,37,98,64,34,86,30,78,10,2,24,6,52,13,57,22,36,25,28,14,65,69,16,80,88,44,23,90,72,20,55,54,79,53,40,27,77,42,59,35,71,51,97,50,95,17,96,39,74,49,56,1,5,84,85,93,87,66,68,58,47,11,21
47,70,68,36,15,44,29,22,62,42,87,34,96,26,10,69,92,95,25,60,84,73,83,0,21,51,50,86,17,18,31,56,99,61,7,89,76,46,5,91,38,98,27,41,66,3,88,94,9,39,67,4,23,32,16,71,2,8,81,57,24,45,12,82,37,54,74,20,13,59,63,93,19,52,14,35,75,97,28,33,40,78,1,85,72,53,80,79,43,6,64,90,65,30,58,11,49,48,55,77
21,33,3,26,14,83,72,91,17,18,86,16,59,35,6,90,62,57,76,7,80,12,95,31,74,81,49,27,4,24,70,29,11,47,60,46,10,94,64,69,36,93,99,40,23,13,96,51,77,53,97,48,37,82,75,78,63,34,73,85,84,20,71,32,89,38,43,87,45,41,56,92,25,65,28,8,30,66,88,2,55,22,5,19,79,58,15,67,54,50,98,42,44,0,68,9,52,1,39,61
12,98,64,52,62,77,1,44,75,94,28,14,56,0,84,30,47,51,25,79,20,32,40,9,67,3,36,96,10,45,38,76,89,33,78,54,11,69,99,57,41,22,92,4,24,39,29,68,5,87,50,31,70,18,93,72,82,6,26,46,71,86,83,81,34,49,37,15,61,53,90,66,7,95,85,23,73,65,60,21,74,35,42,58,59,91,55,48,13,19,27,17,16,88,43,2,8,80,97,63
73,91,58,0,71,99,10,64,69,9,24,59,6,15,4,78,7,55,76,34,22,80,18,88,51,43,89,75,32,97,25,33,98,52,19,56,94,87,14,12,67,40,8,62,5,54,86,29,96,46,60,27,77,2,48,38,72,74,49,50,26,66,92,63,16,17,11,83,35,85,28,42,21,13,53,79,1,95,39,47,61,30,84,45,57,82,90,44,23,93,37,65,20,31,41,36,3,70,81,68
44,30,18,7,78,53,74,73,48,35,67,41,42,43,69,29,25,60,56,70,80,97,63,77,58,37,66,27,79,61,36,6,90,99,93,10,85,68,24,17,22,75,32,91,1,34,20,96,57,3,15,81,46,71,98,76,94,52,13,39,28,65,14,83,55,38,95,11,64,26,88,50,5,2,21,12,19,16,59,8,72,84,86,82,47,9,4,0,33,62,23,40,31,92,54,87,49,51,89,45
66,61,57,19,9,59,84,20,32,46,43,71,50,38,26,96,36,40,24,3,72,63,15,47,39,97,76,83,94,91,56,80,89,70,85,42,81,65,6,64,93,51,29,22,44,1,4,7,25,67,98,86,88,17,95,33,62,41,73,13,87,8,34,11,5,68,53,75,45,27,82,23,69,77,60,48,79,52,78,58,54,31,99,55,90,0,16,30,74,14,2,49,37,35,18,28,12,21,10,92
64,11,94,60,37,89,93,5,49,42,0,3,86,27,20,26,2,79,78,17,68,66,56,57,28,72,45,99,71,36,74,13,19,75,40,22,52,4,31,46,12,9,21,82,61,55,51,14,39,80,70,87,6,35,44,77,58,1,54,96,88,67,95,83,41,15,7,23,84,33,63,30,10,62,81,34,24,92,18,59,98,8,47,97,29,48,90,50,38,53,91,43,73,69,16,85,25,32,76,65
31,32,95,69,86,57,89,45,75,85,24,53,1,11,18,72,80,48,0,56,25,36,92,94,19,38,2,46,84,60,68,10,97,34,8,27,42,33,50,17,82,55,16,99,28,61,98,44,3,78,93,62,15,29,66,49,77,83,41,59,63,51,81,71,52,26,47,79,76,37,58,6,90,13,43,7,54,39,5,65,91,22,30,23,87,4,70,40,9,64,20,67,12,74,14,21,96,88,73,35
27,94,76,47,96,78,25,8,36,98,63,6,12,66,90,84,10,2,20,18,77,40,16,7,0,32,55,42,54,22,75,1,37,28,73,81,3,39,44,89,88,65,23,64,46,92,70,60,38,41,83,97,45,14,99,91,67,43,33,31,52,19,17,68,50,72,29,9,71,93,30,87,80,24,61,21,49,5,86,11,57,95,51,56,59,58,79,26,48,74,69,35,13,15,34,85,53,4,62,82
61,42,11,8,12,83,29,77,43,64,55,22,3,71,54,4,47,41,49,56,15,27,86,28,60,94,45,34,33,46,35,75,99,14,26,85,95,67,58,7,72,48,97,98,21,30,17,52,57,39,65,24,51,5,68,59,36,78,53,2,13,92,32,0,44,40,66,10,37,89,23,31,87,90,76,16,82,91,73,88,25,18,84,69,9,96,80,93,81,19,74,63,79,62,20,70,50,38,1,6
69,80,81,20,21,27,62,19,89,71,77,63,14,30,84,52,57,32,95,73,7,13,99,93,33,5,17,16,8,3,85,96,91,0,43,65,26,59,51,45,64,36,28,70,22,18,46,88,83,10,67,94,97,25,53,98,23,50,29,6,90,39,60,37,34,68,12,31,38,42,76,9,1,87,48,66,72,40,54,24,44,41,74,49,56,4,92,61,86,82,15,79,58,47,55,2,75,11,35,78
25,41,93,18,64,6,27,46,28,69,98,43,16,39,35,4,71,54,36,10,48,11,8,59,56,94,9,19,60,61,1,65,92,49,85,31,42,5,47,57,66,86,14,2,20,37,33,90,58,87,15,80,30,55,88,40,34,62,97,96,68,79,63,21,22,89,81,0,72,91,75,50,32,7,84,45,51,24,83,38,70,17,23,44,99,82,26,13,53,67,12,95,29,77,73,78,3,74,76,52
20,62,87,60,35,53,91,80,12,6,46,72,8,15,78,26,37,11,21,65,10,73,59,68,36,58,98,66,77,49,81,4,97,93,71,19,39,90,2,70,3,13,96,47,1,56,69,52,82,83,31,50,16,75,32,85,5,79,14,86,74,89,42,7,84,88,51,63,55,23,61,43,67,45,94,95,34,17,92,9,25,76,54,27,28,22,38,44,30,18,48,57,99,24,33,41,29,0,64,40
31,96,78,55,65,70,72,58,44,86,99,83,56,62,69,66,1,39,73,34,22,10,8,42,63,57,60,97,0,80,25,40,3,19,94,4,87,15,92,53,79,76,91,48,9,35,36,17,45,41,81,29,23,32,85,6,68,11,77,54,7,43,12,14,64,67,13,51,49,75,52,26,5,47,59,33,95,24,50,21,88,38,84,20,27,74,82,93,28,37,18,98,61,16,90,30,89,2,71,46
2,12,68,32,39,44,87,4,42,96,92,13,46,78,24,22,61,47,89,69,98,43,71,83,74,49,3,35,60,51,50,75,37,90,55,76,1,53,10,36,95,34,21,14,6,8,26,80,23,77,27,82,40,85,63,64,65,19,88,79,9,30,18,29,93,97,67,20,84,28,54,73,45,56,86,52,15,17,16,11,0,48,81,94,38,62,72,59,66,70,5,7,58,91,31,99,41,33,25,57
73,23,59,39,26,99,27,33,44,88,87,41,66,47,93,83,9,61,69,58,80,14,21,96,84,35,91,43,49,6,77,56,63,11,95,78,64,76,37,34,97,52,42,72,90,30,79,29,50,38,12,18,32,7,17,98,75,16,3,70,25,68,82,67,5,62,2,31,65,20,86,1,15,94,54,13,60,92,57,40,8,28,46,0,81,71,53,48,74,22,36,4,51,85,55,19,10,45,24,89
7,46,61,25,29,59,91,78,1,24,18,49,38,89,80,19,50,2,88,76,27,5,63,93,36,99,41,39,96,30,71,16,23,84,55,0,79,47,35,48,10,86,58,57,52,40,67,94,6,74,60,81,12,83,22,32,37,51,14,45,65,64,42,70,62,53,95,97,4,26,33,87,56,75,34,73,17,66,82,9,21,8,11,31,20,69,43,92,28,3,54,77,90,13,44,98,72,85,68,15
84,24,60,20,42,41,78,47,61,83,85,33,92,98,34,46,94,35,27,75,74,91,32,66,49,40,73,71,51,1,17,48,6,96,8,14,50,69,87,25,5,52,80,29,65,76,18,12,22,15,81,97,59,82,44,58,79,68,26,67,39,62,9,56,77,95,23,13,38,72,36,11,37,0,57,55,16,43,63,90,7,3,30,93,10,31,21,2,19,45,4,99,89,88,28,86,64,54,70,53
88,17,22,29,8,61,26,66,89,77,68,67,62,83,42,38,74,41,50,91,28,94,46,40,70,98,1,97,30,6,4,99,12,76,48,59,47,56,24,65,84,44,16,37,85,73,72,93,87,23,64,54,9,45,11,81,58,5,14,15,49,55,52,43,2,34,96,32,63,31,69,36,19,33,13,25,82,79,75,95,35,7,86,0,80,18,20,92,51,10,60,71,39,3,90,21,57,78,53,27
86,83,17,37,34,99,85,48,4,36,75,54,80,20,1,9,43,27,67,95,33,97,38,30,69,42,16,73,3,92,52,8,35,79,71,74,72,60,7,87,28,25,10,50,45,55,39,21,63,66,44,82,13,46,12,11,26,47,19,2,77,51,61,88,84,22,91,23,68,53,64,0,62,58,94,96,56,89,78,15,81,14,70,31,6,41,32,57,76,59,49,90,18,93,29,65,98,5,40,24
79,36,7,18,13,69,3,53,95,70,21,8,28,98,57,50,41,97,26,75,77,38,4,2,52,39,0,22,45,46,55,89,16,65,10,87,40,34,67,9,78,6,49,14,30,1,51,64,23,99,5,59,54,29,72,56,43,73,91,32,94,90,24,76,74,33,35,82,31,86,71,66,17,25,85,62,88,37,42,63,11,19,60,93,47,96,20,44,83,68,27,81,48,80,84,12,61,58,15,92
82,19,23,25,99,83,71,72,13,10,91,62,30,74,78,44,15,54,24,80,96,8,0,33,76,43,55,85,51,77,12,46,4,11,90,49,21,2,79,88,50,86,35,81,45,26,39,60,27,69,16,41,92,63,5,31,64,20,84,89,66,61,87,1,98,70,42,56,53,97,29,47,9,22,48,68,75,57,58,95,7,38,17,32,37,3,28,93,18,36,34,67,14,65,6,94,40,73,59,52
89,24,41,65,21,39,17,0,10,61,33,80,95,46,87,19,83,97,67,23,12,50,49,55,90,92,51,44,42,66,69,6,77,34,30,94,45,78,74,29,2,43,72,5,14,58,68,28,15,88,54,4,38,31,3,84,40,13,63,62,71,22,20,36,99,86,35,8,75,60,37,26,85,27,53,32,52,16,98,70,48,73,1,76,93,64,11,47,59,56,25,82,57,7,18,96,81,91,9,79
52,84,53,41,90,62,95,50,99,77,89,60,66,80,56,38,25,28,54,39,4,3,67,17,21,30,22,34,68,29,91,16,44,97,19,49,14,10,31,74,48,64,18,20,85,93,59,63,13,83,71,9,8,61,35,46,92,81,75,72,70,12,88,69,23,82,45,33,51,47,55,0,58,24,98,1,40,15,87,5,86,94,27,32,36,57,7,96,2,73,78,26,37,79,42,6,76,11,43,65
87,39,76,6,5,41,91,3,94,36,34,0,30,17,57,43,26,77,98,90,9,31,49,52,56,53,16,83,99,55,13,33,64,24,22,32,45,97,74,89,81,1,82,78,19,72,44,80,59,8,93,28,40,2,86,23,47,73,25,85,10,92,4,54,37,7,61,51,70,63,75,71,48,62,50,11,79,69,60,20,95,29,84,27,12,46,14,68,15,18,21,67,66,58,35,96,88,65,42,38
29,51,96,80,53,68,15,40,4,37,27,31,38,50,69,13,73,3,42,64,30,34,44,10,82,2,72,67,49,25,60,83,26,41,71,45,56,16,22,76,92,52,86,6,14,94,12,55,93,79,5,90,17,95,74,48,85,87,39,8,61,62,36,35,57,20,58,99,24,59,18,11,63,21,78,19,1,0,98,46,23,97,81,66,65,43,54,89,75,9,77,84,28,47,7,33,91,70,32,88
28,9,74,78,24,4,27,18,93,30,38,44,82,2,6,20,97,22,83,53,64,14,91,26,40,1,46,89,33,50,52,41,45,95,11,72,94,10,42,31,16,70,29,90,39,55,59,66,61,71,17,8,88,25,87,80,43,92,76,54,7,84,69,81,98,73,65,51,99,57,19,23,86,60,35,79,67,37,48,12,47,85,32,96,75,77,34,56,5,21,0,13,49,62,68,3,36,15,58,63
88,95,51,49,69,72,23,94,29,10,54,30,90,55,9,40,53,3,98,35,79,11,74,63,47,84,56,85,82,33,24,70,15,2,14,61,86,50,4,83,77,42,36,0,92,26,31,1,18,57,89,66,44,37,81,73,25,48,97,39,21,68,43,34,99,16,64,12,87,7,45,59,6,5,67,38,96,93,62,58,20,65,22,17,19,13,46,52,76,78,91,60,28,8,41,75,27,32,71,80
28,75,83,60,79,17,24,66,52,76,72,81,46,22,4,63,84,73,80,78,74,94,51,71,57,31,41,48,65,99,85,34,6,49,91,39,56,40,30,96,21,32,29,35,44,20,45,47,88,12,0,87,19,69,93,27,70,55,11,58,50,98,89,15,42,3,77,13,92,90,7,16,53,26,68,23,2,95,14,59,86,10,54,9,8,18,97,33,5,82,1,25,38,62,61,43,37,36,67,64
23,84,19,67,37,22,64,60,97,5,0,99,33,59,77,36,24,13,75,95,26,9,82,34,43,86,96,30,78,56,32,65,3,15,20,27,28,2,10,21,54,29,48,88,73,70,76,25,57,11,44,47,46,66,74,52,87,69,58,39,8,61,92,6,45,80,89,71,16,79,40,38,12,50,53,98,91,42,31,35,17,93,14,85,51,83,49,81,63,1,55,62,41,72,90,18,68,7,94,4
36,71,91,3,9,20,23,98,75,19,35,78,89,33,22,80,54,51,74,77,8,25,63,86,92,5,17,40,97,12,46,30,93,37,73,95,32,45,42,41,0,52,26,31,44,57,13,72,38,53,29,21,50,11,62,88,84,83,43,85,59,69,6,15,60,56,49,10,28,87,39,18,27,7,24,82,14,96,61,58,4,47,48,2,1,90,70,67,66,65,68,81,16,64,55,99,34,94,79,76
1,92,32,86,72,65,44,61,87,49,67,19,64,40,82,43,9,24,93,97,10,51,36,4,48,42,18,62,5,3,84,0,70,95,46,58,33,30,22,90,15,23,68,54,63,6,17,74,37,21,69,81,13,14,71,60,25,91,28,78,89,11,96,88,99,55,2,41,59,75,34,98,50,31,8,20,7,35,56,12,76,38,16,45,52,57,47,53,77,26,66,83,94,27,80,29,39,79,85,73
