0,1,2,3,4,5,6,7,8,9,10,11,12,13,14,15,16,17,18,19,20,21,22,23,24,25,26,27,28,29,30,31,32,33,34,35,36,37,38,39,40,41,42,43,44,45,46,47,48,49,50,51,52,53,54,55,56,57,58,59,60,61,62,63,64,65,66,67,68,69,70,71,72,73,74,75,76,77,78,79,80,81,82,83,84,85,86,87,88,89,90,91,92,93,94,95,96,97,98,99
0,1,5,31,30,97,53,7,8,9,10,11,12,85,26,15,16,17,18,19,20,21,22,23,24,66,69,27,28,29,47,2,32,33,34,35,36,37,4,39,40,41,42,81,44,45,46,13,48,49,50,51,52,6,54,25,56,57,58,59,14,61,62,63,64,65,86,67,68,55,70,71,72,73,74,75,76,77,78,79,38,98,82,83,84,43,80,87,88,89,90,91,92,93,94,95,96,60,3,99
0,39,5,31,30,97,53,68,8,10,41,11,12,85,26,15,16,17,18,19,20,21,22,23,77,66,69,1,28,29,27,67,82,33,34,35,36,37,45,75,40,32,42,81,71,4,46,13,48,49,50,51,86,6,54,79,56,57,58,59,14,61,62,63,64,65,2,44,7,55,70,25,72,73,74,93,76,9,78,52,38,98,24,83,84,43,80,87,88,89,90,91,92,47,94,95,96,60,3,99
0,39,5,31,88,97,51,68,8,10,41,11,12,85,26,15,16,17,18,19,20,1,2,23,77,66,69,55,28,29,27,67,82,33,34,35,36,30,45,71,40,32,42,81,38,4,46,13,48,22,92,49,86,61,54,79,56,57,6,37,14,52,96,63,64,65,94,44,7,21,70,25,72,73,74,93,76,50,78,53,59,98,24,83,84,43,80,87,75,89,90,91,58,47,9,95,62,60,3,99
0,39,5,3,55,97,51,68,93,10,41,11,12,85,26,86,16,17,18,19,20,1,2,23,99,66,82,8,28,29,27,67,35,33,34,87,36,78,45,71,40,21,42,81,70,4,46,13,48,22,73,49,31,61,54,79,56,57,6,37,14,52,96,63,64,65,94,44,7,30,92,25,72,77,74,15,76,50,38,53,59,98,88,83,84,43,80,32,75,89,58,91,90,47,9,95,62,60,24,69
82,39,5,34,55,62,51,68,93,10,41,11,12,85,26,86,16,21,18,19,20,1,2,22,99,66,35,17,28,29,27,72,65,33,56,87,36,78,45,71,40,57,42,81,70,4,46,13,48,67,73,49,31,8,54,79,23,89,6,37,14,52,96,63,64,47,77,44,7,30,92,25,3,88,74,15,76,50,38,53,59,98,97,83,84,43,80,32,75,60,58,91,94,90,9,95,0,61,24,69
82,39,5,34,55,17,51,68,93,10,41,11,12,8,26,86,16,78,18,99,20,1,2,22,76,66,35,36,28,29,70,72,65,33,56,87,88,95,45,71,40,57,42,81,92,4,46,13,48,67,73,49,21,15,54,79,23,27,6,14,43,52,96,63,64,47,77,44,7,30,62,25,3,9,74,75,38,50,37,53,59,98,97,83,84,89,80,85,32,60,58,91,94,90,19,31,0,61,24,69
36,39,5,34,55,19,51,68,93,10,41,11,12,8,17,86,80,78,18,99,20,1,2,57,76,66,35,52,28,29,53,72,65,33,56,87,88,95,45,71,16,50,42,81,92,97,46,9,48,67,73,49,21,15,54,79,90,27,6,14,40,96,82,63,64,47,77,44,23,30,62,25,3,22,74,75,38,4,37,43,59,98,84,83,24,89,13,85,32,60,58,91,94,7,70,31,0,61,26,69
84,39,5,4,55,47,51,68,93,10,41,11,25,8,17,27,80,78,18,99,20,1,2,57,76,54,48,52,28,29,86,72,65,33,56,87,88,95,45,71,16,50,94,81,92,97,46,9,62,67,73,49,53,15,35,79,90,59,6,14,40,96,42,63,64,82,77,44,23,37,30,60,3,22,74,75,38,66,19,36,12,98,43,83,24,89,13,85,32,34,58,91,21,7,70,31,0,61,26,69
84,39,5,4,55,47,99,93,70,10,41,11,25,24,68,27,80,78,18,65,32,1,2,71,76,28,35,52,33,29,86,72,57,82,56,87,88,23,45,54,16,50,94,81,92,97,46,9,62,67,73,49,53,15,95,79,90,59,6,14,40,96,42,63,64,48,77,98,51,83,30,60,3,22,74,75,38,66,19,36,12,8,43,20,37,89,13,85,44,34,58,91,21,7,17,31,0,61,26,69
84,74,5,95,81,79,99,93,70,4,47,11,25,49,68,27,80,90,18,65,32,1,2,71,76,28,35,52,33,29,86,72,57,88,56,87,78,23,45,54,39,50,94,60,92,97,46,9,62,7,73,51,53,15,85,41,10,59,6,14,40,96,42,63,64,48,77,98,20,83,30,16,82,22,55,75,38,66,19,36,12,8,24,67,37,89,13,43,44,34,58,91,21,3,17,31,0,61,26,69
19,3,41,95,81,79,99,93,70,4,47,9,25,49,68,27,80,90,18,65,97,1,63,71,88,28,35,52,33,29,86,17,57,26,56,87,78,23,45,54,39,50,94,60,92,61,46,58,84,7,48,51,53,15,85,2,10,59,6,14,40,96,42,76,64,5,77,98,72,83,30,16,82,22,55,75,38,66,32,36,12,8,24,67,73,89,11,43,44,34,13,91,21,74,37,31,0,20,62,69
19,3,6,38,81,94,99,93,89,4,47,9,41,49,57,27,80,90,18,65,97,1,63,71,88,28,48,52,33,29,86,17,46,35,14,87,78,23,45,54,95,25,50,72,92,61,62,58,84,7,75,51,53,15,85,2,10,59,26,39,40,96,42,76,64,5,77,98,70,83,21,16,82,22,55,60,30,66,32,36,12,8,24,67,73,68,11,43,44,34,13,91,56,74,37,31,0,20,79,69
85,3,6,38,81,68,99,93,89,4,65,2,41,49,57,27,80,90,18,0,97,1,63,71,9,88,48,52,14,29,86,17,46,35,82,5,78,23,45,54,95,25,50,72,92,33,62,58,61,7,75,51,53,15,43,87,10,59,26,39,40,21,42,76,64,94,77,98,70,83,79,16,22,96,55,60,84,66,28,36,12,8,24,67,73,19,11,30,44,34,13,91,56,74,37,31,32,20,47,69
85,3,6,38,81,68,99,93,89,4,16,2,41,49,57,39,47,91,23,0,97,1,63,10,9,88,48,52,14,29,86,17,46,98,82,65,78,80,45,54,95,25,50,72,92,33,62,58,28,5,27,51,53,12,43,87,70,59,26,35,40,21,64,76,75,94,77,90,71,83,15,61,22,96,55,60,84,66,42,36,79,8,24,67,73,19,11,30,44,34,13,7,56,74,37,31,32,20,18,69
22,3,6,38,81,25,99,93,89,4,16,2,41,49,57,39,51,91,23,0,68,1,63,77,9,88,48,86,71,69,52,42,46,98,82,65,78,80,45,7,95,10,5,72,92,33,62,58,28,79,27,17,53,12,43,87,70,59,26,35,40,21,97,76,75,94,29,90,14,83,15,61,85,54,55,60,84,66,64,36,96,8,24,67,73,19,11,30,44,47,13,34,56,74,37,31,32,20,18,50
22,3,6,25,70,73,99,27,89,4,16,2,41,49,57,39,51,91,60,7,68,1,33,77,9,88,40,86,46,69,52,42,26,98,82,65,78,80,45,62,95,81,23,72,92,63,10,58,28,79,96,97,53,12,43,87,34,59,5,35,38,21,48,76,75,94,29,90,14,83,15,61,85,54,55,93,84,66,64,36,0,8,24,67,71,19,11,30,44,47,13,17,56,74,37,31,32,20,18,50
22,3,6,25,70,73,99,27,89,4,16,62,41,49,46,39,51,91,15,7,68,1,33,21,9,60,65,86,67,69,84,42,26,98,57,37,78,35,45,90,95,81,23,72,92,63,10,58,28,82,96,97,53,12,43,87,77,59,5,40,38,13,48,76,75,94,29,56,14,83,34,61,85,54,55,93,47,66,64,36,0,79,24,52,71,19,11,30,44,2,88,17,80,74,8,31,32,20,18,50
22,3,6,25,70,34,99,27,89,4,16,62,79,63,46,39,51,91,15,88,68,1,33,21,9,60,65,86,43,69,84,42,10,98,92,37,78,35,45,90,95,7,23,72,13,20,26,58,28,82,96,81,53,49,12,87,77,59,57,40,38,47,48,97,75,94,29,56,14,64,76,61,85,54,83,93,55,66,41,36,0,5,24,52,71,19,11,30,44,2,73,17,80,74,8,31,32,67,18,50
22,3,6,25,89,34,99,27,43,4,16,62,79,63,46,67,5,91,15,88,68,70,33,21,9,0,78,86,31,69,84,38,10,98,92,37,73,35,53,1,95,7,42,72,13,20,26,58,28,82,96,81,51,49,12,87,77,59,57,40,74,47,48,97,75,94,29,56,14,64,76,61,65,54,83,60,55,66,45,36,90,41,24,52,71,19,11,30,44,2,93,85,80,17,8,23,32,39,18,50
22,3,20,25,89,34,54,27,60,4,16,45,79,41,46,40,5,91,15,88,68,70,63,21,9,0,78,86,99,69,84,38,10,98,92,37,73,35,53,1,95,7,42,72,13,47,26,58,28,82,96,81,51,49,12,87,77,33,57,76,18,59,43,97,75,94,29,56,14,64,62,61,65,67,31,48,55,66,17,36,90,93,24,52,71,6,11,83,44,2,74,85,80,30,8,23,32,39,19,50
22,3,20,25,63,9,54,27,60,95,24,45,79,41,28,40,5,82,15,88,68,70,16,21,71,0,78,86,99,69,84,38,10,98,92,37,73,35,53,1,96,7,42,72,13,47,26,58,34,46,31,81,51,49,12,87,77,89,57,76,91,59,65,97,75,94,29,90,14,4,55,61,43,67,18,48,64,66,17,36,32,93,62,52,56,6,11,83,44,2,74,85,80,30,8,23,33,39,19,50
22,3,20,25,63,9,28,58,60,95,24,45,79,41,31,40,61,82,15,57,68,70,6,21,27,47,78,86,99,69,84,38,7,98,8,37,73,71,53,1,34,52,42,72,13,5,26,97,0,46,88,81,51,49,12,87,77,89,35,76,91,59,65,90,75,94,29,10,14,92,55,16,43,67,18,48,64,66,17,36,32,93,62,54,56,4,11,83,44,2,74,85,80,30,96,23,33,39,19,50
48,3,20,25,88,9,28,58,60,95,24,45,79,66,31,40,61,41,15,16,68,70,6,21,27,47,78,86,80,69,84,38,7,98,8,37,72,71,53,46,34,52,42,97,92,5,32,67,0,82,57,81,51,49,12,87,77,89,35,13,91,59,65,90,75,94,29,10,14,73,55,1,43,22,18,63,64,19,17,54,99,93,62,36,56,4,11,83,44,2,74,85,76,30,96,23,33,39,26,50
29,88,95,25,56,9,28,3,60,5,24,45,79,66,31,40,61,41,15,16,68,70,76,21,27,47,78,86,80,69,84,38,7,98,8,37,72,71,53,46,34,52,42,97,92,90,32,35,0,82,57,81,51,49,12,23,77,89,20,48,91,59,18,14,75,94,87,10,13,73,6,1,43,22,30,63,64,67,17,54,99,93,62,36,50,4,11,83,44,2,74,85,58,55,96,19,65,39,26,33
29,88,95,42,56,9,66,3,60,5,47,1,79,48,31,40,61,41,15,45,68,16,76,21,27,87,78,86,80,69,64,38,70,98,8,92,72,71,53,46,34,52,28,97,37,90,32,35,0,73,10,81,51,49,12,23,77,89,20,13,91,59,18,7,75,94,82,6,14,57,24,84,43,22,30,63,93,67,17,54,99,25,62,36,50,4,11,83,44,2,74,85,58,55,96,19,65,39,26,33
29,88,95,77,56,9,66,36,60,5,47,1,72,48,31,46,61,41,15,45,68,39,76,21,27,87,78,64,80,69,16,38,70,3,8,92,96,71,53,43,34,67,28,97,37,74,32,35,0,90,10,81,51,49,12,23,86,89,20,42,91,59,18,7,73,94,82,6,14,40,24,84,79,22,30,63,93,13,17,54,99,25,62,44,50,4,11,83,52,2,75,98,58,55,85,19,65,57,26,33
29,88,95,71,56,3,66,36,92,5,47,60,72,48,31,67,76,41,15,98,68,39,45,21,27,87,78,18,80,57,16,38,70,74,8,11,96,44,53,22,34,69,28,97,37,83,32,35,0,90,10,81,51,49,12,23,86,89,20,42,91,59,43,7,73,94,82,6,14,40,64,84,79,50,30,63,93,13,17,54,99,25,62,77,9,4,46,61,52,2,75,1,58,55,85,19,65,24,26,33
29,88,80,71,56,3,66,36,92,5,47,67,27,84,51,9,76,41,15,98,68,31,45,21,69,87,38,18,57,48,16,1,95,74,8,11,96,44,78,22,34,70,28,97,37,83,32,35,0,90,10,60,64,49,12,23,86,89,20,42,91,59,43,7,72,94,82,6,14,40,73,19,79,50,39,63,93,13,17,54,99,25,81,77,53,4,46,61,52,2,75,30,58,55,85,62,65,24,26,33
40,88,80,71,56,3,66,36,92,5,47,67,27,84,7,29,76,41,15,98,68,31,45,21,69,96,22,18,57,48,16,1,95,74,8,11,4,44,78,53,34,70,10,97,37,83,32,35,0,58,43,60,38,49,12,23,86,89,20,42,91,59,90,94,72,64,93,82,14,28,73,19,79,50,39,63,9,13,17,54,99,25,81,77,87,51,6,61,52,30,75,46,65,55,85,62,2,24,26,33
40,30,80,78,56,3,66,51,92,5,47,67,27,98,7,17,76,41,49,29,68,31,45,21,48,36,64,18,57,96,16,1,95,74,8,11,4,44,59,53,24,70,10,97,37,83,32,35,2,58,43,60,38,15,12,23,86,89,20,42,71,91,90,94,72,22,93,82,14,28,73,19,79,50,39,63,9,13,0,54,99,85,81,77,87,25,6,61,52,34,75,46,65,55,84,62,88,69,26,33
40,30,80,78,46,3,66,51,92,11,47,67,27,2,64,17,89,41,49,29,68,31,45,21,48,90,57,18,82,96,16,53,1,74,8,60,4,44,59,28,24,70,10,97,37,83,32,35,95,58,43,99,38,15,12,23,86,75,20,42,71,62,91,94,72,22,93,73,14,5,98,19,79,50,39,63,9,13,0,54,36,85,81,77,87,25,6,61,52,34,33,76,65,55,84,7,88,69,26,56
40,30,52,23,46,19,66,80,92,11,58,67,27,2,78,17,89,41,49,29,68,31,45,21,48,90,77,18,82,28,16,86,1,63,43,60,4,44,59,97,24,70,10,35,37,83,32,53,95,22,65,99,38,15,12,51,96,75,20,42,71,62,91,94,72,47,93,73,14,74,98,5,79,50,39,57,9,13,0,54,36,85,81,8,87,25,6,61,3,34,33,76,64,55,84,7,88,69,26,56
40,30,57,23,38,33,66,81,92,11,58,67,39,2,78,17,89,41,20,29,68,31,45,21,48,90,77,18,82,28,16,86,1,63,43,60,4,44,35,65,24,70,10,83,27,54,32,53,95,22,37,99,46,15,12,51,96,75,80,72,71,98,91,94,25,47,93,42,14,74,62,5,79,50,73,97,9,13,0,52,36,85,19,8,87,49,6,61,3,34,59,76,64,55,84,7,88,69,26,56
40,30,57,23,32,33,66,16,92,52,58,67,39,0,78,17,55,41,20,35,68,31,43,21,87,90,77,18,82,28,79,86,1,63,2,60,4,44,29,65,24,70,10,83,27,54,3,53,95,22,37,99,46,11,12,51,96,75,80,48,71,69,91,89,25,47,93,42,14,74,62,5,72,50,73,97,9,13,81,94,38,85,19,8,15,49,6,61,45,34,59,76,64,88,84,7,36,98,26,56
40,14,57,23,73,33,66,16,78,30,1,67,39,56,92,17,55,41,20,35,68,31,43,21,87,90,77,62,82,28,79,96,52,63,2,86,4,44,22,65,24,70,10,83,84,54,3,53,95,0,37,99,46,27,12,51,38,75,80,48,71,69,32,89,25,47,93,42,97,74,58,5,72,50,91,64,9,13,81,94,11,85,19,8,15,49,6,61,45,34,59,76,60,88,29,7,36,98,26,18
40,55,57,23,4,33,66,16,78,72,1,67,39,64,92,9,51,97,20,35,68,31,43,21,87,90,77,17,62,75,79,15,52,63,2,86,41,44,22,65,24,70,10,29,84,54,3,14,95,0,37,99,46,27,12,83,38,26,80,48,71,69,32,89,96,47,93,42,30,74,58,5,25,73,91,28,56,13,81,94,11,85,19,8,50,49,6,61,45,34,59,76,60,88,82,7,36,98,53,18
1,55,71,23,4,33,66,16,78,72,63,67,39,64,40,99,68,97,20,35,92,31,43,21,87,90,77,17,62,75,79,36,52,24,53,86,41,7,22,65,85,9,10,29,84,54,3,14,95,0,37,51,46,6,12,83,38,26,80,48,15,69,32,89,96,47,93,42,30,74,58,5,25,73,27,28,56,13,81,94,11,49,19,8,50,91,98,44,45,34,59,76,60,88,82,57,2,61,70,18
1,55,71,23,4,33,66,79,37,78,63,67,39,87,40,91,68,97,20,35,92,31,46,21,15,30,77,17,62,75,99,36,52,24,53,86,41,64,22,65,85,9,10,29,84,54,3,14,95,0,72,51,69,47,76,83,38,26,80,48,34,70,32,89,96,16,93,42,12,74,58,5,25,73,27,28,56,18,81,94,11,49,19,8,50,43,98,44,45,90,59,13,60,7,82,57,2,61,88,6
1,81,71,23,4,33,66,79,37,78,63,67,39,30,40,91,55,97,20,35,92,31,46,21,15,59,77,17,14,75,32,36,52,24,53,49,41,64,85,65,12,9,10,87,84,54,68,62,95,0,72,51,69,47,76,83,38,26,80,48,34,70,22,89,58,16,93,42,45,74,96,5,25,73,27,3,56,18,29,94,11,86,19,8,50,43,98,44,28,90,2,13,99,7,60,57,6,61,88,82
70,81,71,23,4,33,66,79,37,78,63,67,39,30,40,1,55,29,20,35,92,31,75,21,15,59,77,17,14,19,32,36,62,24,94,53,41,82,85,65,12,9,10,87,84,54,68,49,95,99,72,51,69,47,91,76,52,26,97,0,34,48,22,89,58,16,93,42,45,2,96,5,25,73,83,3,56,18,38,27,11,86,80,8,50,43,98,44,28,90,46,13,64,7,60,57,6,61,88,74
18,81,58,7,4,33,66,79,93,78,63,67,39,65,40,1,88,82,20,35,92,31,75,21,15,59,77,17,14,19,32,36,62,24,38,53,41,70,85,0,64,9,10,12,84,54,68,55,95,99,72,51,69,47,91,76,52,26,97,94,34,48,22,89,49,16,30,42,45,2,96,5,25,73,83,3,56,80,37,27,11,86,61,8,13,43,98,44,28,90,46,29,23,50,60,57,6,71,87,74
18,44,62,74,4,33,66,79,93,82,63,67,39,65,40,1,88,10,20,6,92,81,80,17,15,59,77,19,14,91,32,36,78,24,38,53,41,70,85,0,64,9,27,12,84,54,68,55,95,99,72,49,69,47,90,76,52,26,97,94,34,48,22,89,35,16,30,42,45,2,96,5,25,73,58,3,56,83,37,98,11,7,61,8,13,43,75,51,28,31,46,29,23,50,60,57,21,71,87,86
18,5,62,74,4,2,66,79,93,82,63,67,44,56,40,1,88,10,20,6,92,39,80,17,15,32,77,69,14,91,58,36,78,24,38,19,41,70,95,0,64,9,27,12,84,54,68,55,59,99,72,49,71,47,90,76,52,26,97,53,33,48,22,89,35,16,30,94,37,34,96,42,25,73,45,3,65,23,43,98,11,7,61,8,13,81,75,51,28,31,46,29,85,50,60,57,21,83,87,86
21,5,62,89,45,24,66,79,93,82,84,67,11,56,40,1,88,10,20,6,92,39,80,17,15,32,34,69,14,91,58,36,78,46,38,19,41,70,95,0,64,9,54,12,44,2,68,55,59,99,72,49,71,25,90,76,52,60,97,53,33,47,22,4,74,16,48,94,35,27,96,42,63,73,26,3,65,23,43,98,30,7,61,8,13,81,75,51,28,31,37,29,85,50,77,57,18,83,87,86
21,5,62,89,94,26,66,79,65,82,54,67,71,56,40,1,88,10,20,6,92,39,80,93,15,32,34,75,14,91,58,19,78,46,38,27,41,70,95,0,64,9,11,12,44,2,68,55,59,99,72,49,90,25,84,76,52,60,97,53,33,16,22,4,74,57,48,47,35,24,69,42,63,73,98,3,96,23,43,45,30,7,83,8,13,81,17,51,28,31,37,29,36,50,77,85,18,61,87,86
21,5,27,89,94,26,30,79,65,82,54,67,33,56,40,1,88,10,62,6,92,39,80,93,15,32,34,75,14,91,23,19,78,46,38,81,41,70,95,0,64,9,11,97,44,2,68,55,59,99,72,49,90,43,84,76,52,77,20,53,58,66,22,60,74,57,48,47,25,12,69,42,63,73,24,3,16,98,96,45,17,7,83,8,13,37,4,51,28,71,31,29,36,50,35,85,18,61,87,86
47,5,27,89,94,26,83,79,45,82,54,58,33,56,40,1,88,21,15,6,92,39,80,91,23,32,34,75,14,24,50,19,78,46,60,81,41,70,95,10,64,9,11,97,44,2,68,55,59,99,72,49,90,43,84,76,52,77,20,53,38,66,22,0,74,57,48,67,25,30,69,42,63,73,8,3,16,62,96,86,17,7,93,29,13,37,4,51,28,71,31,87,36,98,35,85,18,61,12,65
47,5,27,89,94,63,83,79,96,82,54,58,38,56,40,1,88,21,26,6,92,39,80,91,23,32,24,75,14,9,50,19,57,46,60,81,41,70,95,10,64,69,11,97,93,15,68,55,59,99,72,49,90,43,84,76,52,77,20,30,33,66,22,44,74,87,48,67,25,53,37,42,0,73,8,3,29,62,16,86,17,7,45,2,13,34,4,51,28,71,31,65,36,98,35,85,78,61,12,18
47,72,27,89,94,63,83,79,96,82,57,43,38,56,40,1,88,2,26,6,50,39,80,91,23,70,24,7,14,9,92,19,42,58,60,81,75,41,95,10,64,69,11,97,93,15,68,55,59,99,77,49,90,54,84,76,52,13,20,30,33,66,22,44,74,87,48,67,25,53,37,51,0,73,8,3,29,32,16,86,17,85,45,31,62,34,4,5,46,71,28,65,36,98,35,12,78,61,21,18
47,72,27,89,94,99,83,49,96,82,57,43,38,56,54,1,88,63,26,6,50,39,79,74,23,70,24,7,52,40,14,19,41,58,60,81,75,42,95,16,64,69,11,97,93,92,3,55,59,2,61,91,90,73,84,76,77,10,20,30,33,66,22,44,80,87,48,67,25,53,37,51,0,9,8,68,29,32,15,86,17,85,45,31,62,34,4,5,46,71,28,65,36,98,35,12,78,13,21,18
18,72,27,89,48,99,83,49,96,82,57,43,38,56,54,1,88,9,26,6,11,39,10,74,23,70,24,7,29,40,14,19,41,58,60,81,75,42,53,95,16,69,32,97,50,92,3,55,59,2,73,91,90,47,84,76,94,22,20,30,77,66,61,44,80,87,79,67,25,4,93,51,0,37,8,68,63,64,15,86,17,85,45,31,62,34,33,5,46,71,28,65,36,98,35,12,78,13,21,52
18,72,27,98,39,99,4,32,96,85,57,43,45,56,54,1,88,86,51,67,49,89,10,74,23,70,24,7,29,40,14,19,41,58,60,81,75,42,53,95,16,69,9,97,50,92,3,78,59,2,73,91,90,47,84,76,94,55,20,30,77,66,61,44,80,87,79,38,25,22,93,11,0,37,6,68,63,64,83,34,17,48,8,31,62,26,33,5,46,71,28,65,36,15,35,12,82,13,21,52
18,72,27,45,39,51,4,59,96,85,57,43,52,56,54,1,88,86,55,67,49,16,10,74,84,70,99,7,29,40,34,24,41,58,60,81,75,42,53,95,98,69,9,47,50,92,3,78,97,2,73,91,66,20,90,76,94,62,37,30,77,68,61,44,80,87,79,38,25,22,93,11,0,32,6,19,63,64,83,14,17,48,8,31,89,26,33,5,46,71,28,65,36,23,35,12,82,13,21,15
18,74,27,45,39,51,7,59,96,28,57,43,83,56,54,1,88,86,55,85,49,23,10,94,84,70,99,25,36,26,80,24,41,58,60,81,75,42,53,95,98,37,9,47,50,92,3,78,97,2,73,91,66,20,90,76,16,62,67,30,77,68,61,44,79,87,72,38,69,22,93,11,0,32,6,64,52,63,40,14,17,48,8,31,89,34,33,5,46,71,29,65,19,4,35,12,82,13,21,15
18,44,27,8,39,0,7,59,51,63,57,43,83,56,54,1,88,86,55,85,49,23,10,24,84,70,74,90,36,26,80,47,41,92,60,81,75,42,53,16,98,37,9,5,89,95,45,78,97,2,73,91,66,20,3,76,72,62,67,30,77,68,61,94,79,87,28,38,69,22,25,11,58,32,6,64,52,96,40,14,17,48,99,31,93,34,33,50,46,71,29,65,19,4,35,12,82,13,21,15
18,6,27,8,88,0,7,59,51,63,57,43,83,56,53,66,99,86,55,12,49,23,10,24,13,70,38,90,36,26,80,47,41,92,60,81,61,42,75,16,98,32,9,85,89,95,45,78,97,3,73,91,39,20,72,76,44,62,67,87,77,68,30,94,79,1,28,2,69,22,25,11,58,37,74,64,52,96,40,14,17,48,5,31,93,34,33,50,46,71,29,65,19,4,35,54,82,84,21,15
18,6,27,8,88,0,1,57,51,63,86,43,19,56,59,66,99,73,55,84,10,23,67,24,13,17,38,90,36,26,80,47,41,92,60,81,61,42,75,16,98,32,9,85,89,95,45,25,97,3,44,91,39,20,72,76,12,62,49,96,77,68,30,94,79,74,28,2,69,22,5,11,58,37,87,64,52,48,40,14,70,7,53,31,93,34,33,50,46,83,29,65,71,4,35,54,82,78,21,15
18,79,27,8,88,0,1,57,51,42,86,43,19,28,59,66,99,73,55,84,10,23,67,24,13,45,38,90,36,26,17,47,41,92,60,81,37,91,75,70,98,74,35,85,89,95,80,71,97,3,44,50,39,20,25,76,12,62,49,96,77,68,30,94,87,32,72,2,69,22,5,11,58,63,4,64,52,48,40,14,56,7,53,31,93,34,16,9,46,83,29,65,33,6,61,54,82,78,21,15
18,17,27,8,25,0,1,57,51,42,79,43,19,28,38,66,14,73,55,84,10,23,67,64,86,45,88,90,36,26,99,85,41,96,60,81,49,91,34,70,98,74,35,92,89,95,80,71,97,3,47,50,39,20,24,76,12,62,75,69,77,68,59,94,87,37,72,2,16,22,5,11,58,63,4,44,52,48,40,32,56,7,53,31,93,30,13,9,46,83,29,65,33,6,61,54,82,78,21,15
18,17,58,20,25,43,42,57,51,78,15,22,19,28,83,66,14,73,55,84,10,23,67,64,86,45,88,90,36,1,31,85,41,96,60,81,38,91,34,70,98,74,35,92,89,8,80,71,97,3,12,50,39,75,24,76,0,62,27,69,77,68,59,94,87,37,72,56,16,49,5,11,2,63,4,44,52,95,40,32,48,7,53,79,93,30,13,9,46,26,29,65,33,6,61,54,82,47,21,99
18,17,58,20,25,43,42,57,16,78,15,48,19,60,83,66,14,73,28,84,10,70,67,64,86,45,88,51,36,1,31,85,41,96,47,81,38,91,34,82,98,74,35,92,89,8,80,71,97,94,12,50,39,75,24,76,79,63,27,69,77,68,59,22,87,37,72,56,4,49,5,33,2,3,55,44,52,11,40,32,99,23,53,62,93,30,13,9,46,26,90,65,95,6,61,54,0,7,21,29
63,17,58,52,85,43,12,82,16,78,15,48,19,60,83,66,14,73,28,84,1,70,67,64,77,45,88,51,36,93,31,46,41,96,23,81,38,91,34,11,98,74,35,61,89,20,80,71,97,94,57,50,39,22,24,76,79,86,27,69,10,68,59,8,87,37,47,56,4,49,5,33,2,3,55,44,72,18,40,32,99,42,53,62,25,30,13,9,75,26,90,65,95,6,92,54,0,7,21,29
63,17,75,52,85,43,66,58,16,78,15,91,19,60,82,69,6,73,28,84,1,70,67,64,77,45,88,51,36,93,31,46,41,96,23,81,38,37,34,11,98,48,35,61,89,20,80,71,2,94,57,44,97,22,24,76,79,86,59,39,10,68,12,8,87,14,47,56,4,49,5,33,92,3,83,74,72,18,40,32,99,42,53,62,25,27,13,9,55,26,90,65,7,50,95,54,0,30,21,29
63,17,75,52,85,43,66,58,70,78,13,1,19,92,82,69,6,73,28,84,88,5,67,41,77,45,38,51,36,93,31,46,32,96,23,68,81,37,34,11,98,0,35,61,89,20,80,71,22,94,57,44,97,48,24,64,79,86,59,39,10,95,12,8,87,14,47,56,15,49,2,33,16,4,83,74,72,18,40,3,99,42,53,62,25,27,91,60,55,26,90,65,7,50,76,54,9,30,21,29
63,53,75,52,85,43,2,58,70,78,13,11,19,92,82,69,6,73,28,84,88,5,67,41,29,45,38,49,36,93,31,46,32,96,23,68,81,64,34,26,97,0,35,56,99,30,80,71,22,94,57,44,54,98,24,61,79,86,59,39,10,95,12,8,87,14,47,51,15,17,90,33,16,4,83,74,72,18,89,3,48,42,1,62,25,27,91,60,55,20,66,65,7,50,76,37,9,77,21,40
63,53,75,52,85,43,2,51,70,81,13,11,34,92,39,69,6,73,28,84,88,5,21,41,29,45,38,49,36,93,31,46,32,17,23,79,86,64,68,26,58,0,35,56,99,78,80,71,22,8,57,30,54,98,24,61,66,44,82,97,10,91,12,94,87,14,47,90,15,96,19,33,16,4,83,74,72,18,89,3,48,42,1,62,25,27,59,60,55,20,67,65,7,50,76,37,9,77,95,40
63,53,75,52,7,43,2,51,20,81,13,11,97,92,35,69,6,73,66,84,88,5,21,31,29,45,38,49,36,34,85,46,32,41,23,79,93,64,68,26,58,0,17,56,99,70,80,71,22,8,57,30,54,98,90,61,87,44,78,4,10,91,12,24,42,14,47,40,15,96,19,33,16,62,83,74,72,18,89,3,48,39,1,86,25,27,59,60,55,82,67,65,94,50,76,37,9,77,95,28
63,20,75,52,7,43,2,65,41,81,71,11,97,92,35,16,6,9,66,22,88,5,69,31,29,45,38,49,36,34,53,51,32,15,46,79,93,64,68,26,58,0,17,56,84,70,23,4,24,8,57,30,54,98,90,61,87,44,78,99,10,94,12,50,42,14,47,40,13,96,19,33,91,62,83,74,72,18,89,3,48,39,1,86,25,27,59,60,55,82,67,21,73,85,76,37,80,77,95,28
63,20,75,52,7,49,2,65,41,83,71,11,97,92,35,94,6,9,66,22,67,5,40,31,29,45,38,34,36,59,53,51,32,15,46,79,93,64,68,26,58,0,17,56,84,73,23,4,24,8,57,88,54,98,90,61,87,50,78,27,10,37,12,82,43,14,47,72,13,96,19,33,91,62,69,74,44,18,89,3,70,39,1,86,25,30,77,60,55,48,99,21,42,85,76,81,80,16,95,28
5,20,75,52,7,49,2,65,41,83,71,11,97,92,35,94,6,9,66,22,67,16,25,31,29,45,38,34,44,59,82,23,32,15,46,57,93,64,60,26,58,0,17,56,21,73,30,4,24,8,96,88,27,98,90,61,87,50,84,28,10,37,12,36,43,14,47,72,13,40,19,33,91,62,69,74,77,18,89,3,70,39,1,86,53,78,54,68,55,48,99,79,42,85,63,81,80,76,95,51
5,20,75,52,7,49,2,65,41,81,71,11,25,92,35,44,42,9,66,22,67,63,32,31,29,45,38,14,64,59,8,23,94,15,21,54,93,89,60,26,58,0,51,82,56,73,30,4,24,97,96,88,27,98,90,61,87,50,84,28,10,37,12,36,43,72,47,16,13,40,19,33,91,62,69,74,77,18,34,3,70,39,1,86,53,78,83,68,55,48,99,79,46,85,17,6,80,76,95,57
5,61,75,52,86,49,2,65,67,81,71,11,25,83,82,44,42,9,66,22,92,63,32,31,29,45,38,14,7,59,77,23,94,17,21,54,93,89,60,26,58,0,51,35,48,73,30,4,24,97,96,88,27,98,90,78,87,50,84,28,10,37,12,80,43,72,46,16,8,20,19,33,91,62,69,74,41,18,34,3,70,39,1,56,53,40,95,68,55,36,99,79,15,85,13,6,47,76,64,57
49,61,94,25,86,73,2,65,67,81,71,11,66,83,37,44,70,9,93,22,92,63,32,31,29,8,38,14,7,59,77,23,80,69,75,54,5,89,60,26,79,0,51,35,82,21,30,4,24,97,96,88,27,98,90,78,87,50,84,28,10,55,12,52,43,72,46,16,17,20,19,33,91,62,42,74,41,18,34,3,40,39,1,56,53,58,45,68,48,36,99,95,15,85,13,6,47,76,64,57
90,61,94,59,24,73,2,65,32,81,71,11,33,60,37,92,70,9,93,22,63,44,28,31,55,66,38,14,7,29,77,23,80,25,75,54,5,89,69,26,79,0,51,35,82,21,30,4,8,97,96,49,27,98,68,78,87,50,84,48,10,86,83,52,43,72,46,16,17,20,19,40,91,62,42,74,41,18,34,3,67,39,1,56,53,58,45,88,12,36,99,95,15,85,13,6,47,76,64,57
69,48,94,59,24,77,2,99,25,81,16,11,33,60,37,92,70,9,93,0,63,73,28,31,49,66,38,14,7,29,61,23,80,30,75,54,5,89,65,26,79,71,51,35,82,96,95,4,8,97,32,55,27,98,68,78,87,50,84,44,10,86,83,52,43,72,46,62,17,20,19,40,91,58,42,74,41,18,34,3,67,39,1,56,53,13,45,88,12,36,22,21,15,85,64,6,47,76,90,57
69,48,37,59,24,77,2,99,25,81,16,11,82,19,94,71,70,9,93,0,63,73,96,31,49,7,38,14,33,29,61,6,80,66,75,54,5,89,65,26,50,60,51,35,79,88,95,4,8,97,32,55,27,28,68,78,87,3,84,44,57,86,83,52,43,72,46,74,17,20,23,40,91,58,42,10,41,18,34,64,67,39,1,56,53,13,45,98,12,36,22,21,15,85,62,92,47,76,90,30
69,48,37,59,84,77,88,81,25,36,16,11,82,19,94,71,70,9,93,0,63,73,96,31,49,83,99,14,7,27,61,6,80,20,75,46,5,89,65,26,50,60,51,35,79,57,44,4,8,97,32,72,55,28,68,92,87,3,2,29,24,86,54,52,43,33,66,74,78,17,23,40,91,58,42,10,41,18,34,64,67,39,1,56,53,13,45,98,12,38,22,21,15,85,62,95,47,76,90,30
6,48,37,61,84,3,69,81,71,36,16,33,82,19,18,67,70,9,93,0,63,73,96,31,49,83,99,14,7,27,53,5,80,20,75,46,11,89,65,26,50,17,51,43,79,60,44,4,8,97,32,72,55,28,68,92,87,94,77,29,24,86,54,52,2,58,66,74,78,47,23,40,91,85,42,10,41,25,34,64,35,39,1,56,59,13,45,98,12,38,22,21,15,88,62,95,57,76,90,30
84,48,42,66,93,98,69,81,3,46,16,96,82,19,18,36,70,9,91,0,63,73,71,31,49,83,99,14,7,32,53,5,29,20,75,37,11,89,65,67,33,17,51,43,79,60,44,4,95,97,80,72,55,28,68,92,87,94,77,8,24,86,54,52,2,58,88,74,78,47,23,40,6,85,50,10,41,25,34,64,35,39,1,56,59,13,45,61,12,38,22,21,15,26,62,27,57,76,90,30
84,48,80,66,93,98,69,81,3,46,16,96,82,19,18,57,74,9,91,0,65,73,71,31,49,83,99,14,21,32,53,5,59,20,63,37,11,52,38,67,26,29,51,43,55,60,44,70,95,97,17,39,89,28,68,92,87,94,77,8,24,86,54,33,2,58,88,1,78,47,23,40,6,85,50,10,41,25,34,64,35,79,36,56,4,13,45,61,12,42,22,7,15,72,62,27,75,76,90,30
46,68,15,66,93,98,33,81,3,54,16,96,82,83,18,57,74,9,91,0,65,73,71,31,49,14,99,20,21,32,53,8,59,43,63,27,11,52,38,67,26,29,51,48,55,60,44,35,95,97,17,39,89,28,5,92,87,94,77,4,24,86,84,61,2,58,88,1,78,47,23,40,6,85,50,10,41,25,34,64,36,79,70,56,19,75,45,80,12,42,22,7,37,72,62,13,69,76,90,30
46,68,15,66,93,98,33,81,3,54,16,96,82,7,79,57,32,9,58,0,65,73,71,31,49,74,91,20,21,5,53,8,59,43,77,27,11,52,18,67,26,29,51,48,40,60,44,35,95,97,17,39,89,28,70,92,14,94,69,4,24,1,84,61,2,83,36,99,78,47,23,86,6,85,50,38,41,25,34,64,10,88,87,55,19,75,45,80,12,42,22,63,37,72,62,13,56,76,90,30
46,68,15,72,93,98,33,81,3,30,16,96,82,27,79,57,32,9,58,42,65,73,75,45,49,74,71,20,21,78,0,8,59,43,77,24,11,52,18,67,5,53,51,48,40,60,44,35,95,97,54,39,89,28,70,92,14,29,69,4,85,1,84,61,2,83,36,99,19,47,23,86,6,91,50,94,41,26,34,64,10,88,87,55,25,17,31,80,12,7,22,63,37,38,62,13,56,76,90,66
46,68,3,72,93,98,27,51,64,30,16,88,69,32,33,57,65,9,58,82,1,73,75,45,49,74,71,20,21,78,0,8,59,43,77,24,11,52,18,67,5,53,81,48,50,60,7,35,95,97,54,39,89,28,70,92,14,29,44,4,6,79,84,61,42,83,36,99,87,47,23,86,19,91,2,94,41,26,34,85,10,15,40,55,25,17,31,80,12,96,22,63,37,38,62,13,56,76,90,66
27,68,3,99,93,56,51,24,64,30,16,88,69,80,87,57,65,9,58,82,1,73,75,33,28,95,71,20,21,78,0,8,59,43,77,94,11,49,18,67,5,53,81,48,50,45,90,35,76,97,54,39,46,26,70,92,14,29,44,4,6,79,84,61,42,83,36,72,74,47,23,86,19,91,2,60,41,52,34,85,10,15,40,55,25,17,31,7,12,96,22,63,37,38,62,13,89,32,98,66
27,68,3,18,99,56,51,24,44,30,1,88,69,80,87,57,96,9,74,82,21,73,75,33,28,95,71,41,64,78,0,8,59,43,77,94,11,49,55,67,5,53,81,48,50,45,90,35,76,84,42,39,46,26,70,92,14,29,58,93,6,79,83,86,97,4,36,72,65,47,23,20,61,91,2,60,16,52,34,85,10,15,40,13,25,17,31,7,12,54,22,63,37,38,62,19,89,32,98,66
27,68,3,25,99,28,7,17,44,30,1,88,96,51,87,21,32,9,74,82,80,73,75,93,56,95,11,41,64,67,0,8,59,43,77,94,60,49,55,71,5,84,81,48,78,45,90,35,76,52,42,39,46,26,70,92,14,29,58,50,6,79,83,86,97,4,36,72,65,47,23,20,61,91,2,24,16,33,34,85,10,15,40,13,53,57,31,18,12,54,22,63,37,38,62,19,89,69,98,66
27,68,3,25,99,28,7,17,62,14,1,88,96,51,87,21,89,9,30,77,12,73,33,93,56,95,11,41,74,31,0,8,59,43,23,94,60,49,55,71,5,84,81,48,78,82,36,45,76,52,42,39,46,26,70,92,80,35,58,50,32,79,83,86,97,4,34,72,65,47,38,20,61,91,2,24,16,67,6,85,10,15,40,13,53,57,90,18,75,54,22,63,37,29,64,19,44,69,98,66
28,68,3,25,99,26,7,17,84,98,1,88,96,39,87,11,89,9,30,55,12,73,33,5,56,77,93,41,74,83,0,8,59,43,23,94,60,49,4,71,76,62,81,82,78,27,95,45,48,52,42,2,46,21,70,92,80,35,58,50,32,79,14,86,97,31,34,72,65,47,38,20,61,91,53,24,16,67,6,85,10,15,40,13,36,57,90,18,75,54,22,63,37,29,64,19,44,69,51,66
28,68,3,53,99,12,7,17,70,98,1,88,96,39,87,11,72,9,30,55,69,73,33,5,56,59,93,41,74,83,0,8,19,43,23,94,60,49,84,71,76,62,18,82,78,29,95,45,48,52,42,2,46,21,27,92,89,35,58,50,32,79,14,85,97,31,34,81,65,47,38,25,61,91,40,24,16,67,6,36,10,15,44,13,20,57,90,77,75,4,22,63,37,80,64,54,26,86,51,66
28,68,3,53,51,12,7,17,27,98,1,65,96,39,87,70,72,34,30,55,69,88,33,14,56,59,93,41,32,83,0,8,19,43,23,94,60,49,84,71,76,62,6,73,78,35,95,45,48,52,42,2,44,21,9,92,89,25,58,46,29,67,99,85,97,31,82,81,5,47,38,74,61,91,40,24,16,11,79,36,10,15,50,13,20,57,90,77,75,4,22,63,37,80,64,54,26,86,18,66
28,55,3,47,51,11,7,60,27,98,1,65,96,39,87,36,72,34,30,49,69,88,33,14,56,2,93,41,32,83,0,17,19,43,23,94,53,5,84,71,79,80,6,73,78,35,95,45,99,52,42,10,44,21,9,92,89,25,58,46,67,8,90,85,97,31,82,81,62,76,38,74,61,91,40,24,16,59,48,68,29,15,50,13,20,57,12,77,75,4,22,63,37,70,64,54,26,86,18,66
85,55,3,47,51,11,95,60,27,98,1,65,69,52,87,36,72,34,18,49,25,88,33,14,17,2,56,97,10,83,0,48,19,43,23,94,53,5,84,71,24,80,6,73,78,28,41,45,93,39,42,7,44,21,9,92,89,57,58,46,67,8,90,99,96,31,82,81,62,76,38,74,61,91,40,30,16,59,29,68,32,15,50,13,20,35,12,77,75,4,22,63,37,70,64,54,26,86,79,66
85,55,3,47,51,12,95,60,79,98,1,65,69,52,87,0,72,34,4,49,25,88,33,14,17,2,56,97,24,83,74,48,19,63,43,94,42,5,84,71,21,80,36,73,78,82,41,45,10,39,23,7,44,53,9,92,89,57,58,46,67,11,90,99,96,31,27,81,62,76,38,64,61,91,40,30,16,59,93,68,32,15,50,13,20,35,6,77,75,26,22,28,37,70,18,54,8,86,29,66
85,55,3,47,51,75,95,60,94,98,1,65,90,52,87,71,72,34,4,49,25,88,56,14,17,2,12,97,79,83,74,48,19,63,43,20,42,5,84,30,21,80,36,73,9,50,41,45,10,39,78,7,44,53,11,92,89,57,58,46,67,27,82,99,96,31,70,81,62,24,38,64,61,91,40,33,16,59,22,68,32,15,23,0,69,35,6,77,93,26,13,28,37,76,18,54,8,86,29,66
85,55,3,19,51,75,95,60,94,77,68,65,90,52,87,71,72,22,4,40,25,88,56,14,17,2,93,97,79,42,74,48,1,69,43,20,33,5,84,30,49,80,36,73,9,50,41,45,10,39,78,7,44,53,11,92,89,57,58,46,0,27,82,99,96,31,70,81,62,24,38,47,61,91,12,16,18,59,37,83,32,15,23,34,21,64,6,63,67,26,13,28,35,76,98,54,8,86,29,66
64,55,66,19,51,75,95,60,94,77,68,72,90,52,87,71,15,22,3,40,25,88,56,14,17,2,93,97,79,42,74,45,1,69,43,20,33,23,84,30,49,80,36,73,83,4,41,26,10,11,78,7,44,53,48,85,89,57,58,46,0,27,99,82,96,31,70,81,62,24,65,47,61,91,12,16,9,59,37,38,32,18,39,34,21,50,6,63,67,5,8,28,35,76,98,54,13,86,29,92
44,55,66,19,51,75,95,60,94,77,68,72,90,52,87,71,15,22,96,40,25,88,56,17,61,2,93,41,79,42,74,45,1,58,27,20,33,64,84,30,49,80,36,73,83,4,29,26,10,11,78,7,12,91,48,23,89,57,46,98,0,70,99,82,3,31,5,81,62,24,65,47,14,67,43,16,9,59,37,38,32,97,39,34,21,50,6,63,18,69,8,28,35,76,85,54,13,86,53,92
44,55,66,19,51,75,95,60,94,77,20,13,76,9,87,71,15,22,96,40,25,88,56,17,61,2,93,41,79,42,74,45,1,83,90,43,33,64,84,72,49,80,36,73,81,4,29,26,3,11,78,7,12,91,48,23,89,98,46,30,0,70,99,82,58,31,5,67,62,14,65,47,97,63,57,16,8,59,37,38,32,52,27,34,21,50,6,39,18,69,68,28,35,24,85,54,10,86,53,92
44,55,66,19,65,75,81,60,53,77,20,13,35,9,87,71,3,22,96,40,25,88,56,1,61,2,85,41,79,94,74,45,26,83,27,43,33,64,84,72,49,80,36,51,14,4,29,95,17,11,78,7,12,91,48,42,89,98,46,30,0,70,99,82,58,23,5,67,62,90,54,47,97,63,15,16,8,59,37,38,32,52,57,34,21,50,6,39,76,69,68,28,18,24,93,31,10,86,73,92
44,55,66,41,65,67,49,60,53,77,20,17,35,9,87,71,18,22,91,40,25,88,56,1,61,75,85,84,79,94,74,81,26,29,27,38,19,64,2,72,45,80,36,51,57,4,33,95,83,11,78,7,12,13,48,43,89,98,46,30,0,70,99,82,58,23,5,73,62,90,54,47,97,63,15,16,8,59,37,42,14,52,3,34,21,50,6,39,76,69,68,28,96,24,93,31,10,86,32,92
44,55,66,41,49,67,65,79,53,4,20,17,35,9,33,71,18,22,52,40,25,88,87,1,61,75,85,84,51,94,74,81,26,56,27,38,19,64,2,72,45,29,36,80,57,92,78,95,48,11,6,7,12,24,97,43,89,62,46,30,0,70,99,82,58,23,5,73,13,90,54,47,83,63,15,16,8,59,37,42,14,77,3,60,21,50,34,39,76,69,68,28,96,98,93,31,10,86,32,91
44,55,66,8,49,67,65,79,53,4,62,17,34,9,33,30,18,22,11,40,25,88,87,1,61,75,85,84,51,94,74,81,26,58,27,38,19,64,2,72,45,29,36,80,57,92,78,52,48,15,14,7,50,24,97,43,89,12,46,90,20,0,99,82,32,23,6,73,13,76,54,47,83,63,41,16,35,59,37,42,56,77,3,5,21,70,95,39,60,69,68,28,96,98,93,31,10,86,71,91
44,35,79,8,49,30,51,67,91,4,62,17,34,9,33,81,18,22,11,40,53,88,87,1,61,75,66,84,55,94,10,27,26,58,74,38,19,64,2,85,45,29,36,80,57,92,72,52,23,15,14,7,50,24,97,43,89,12,41,90,20,0,99,82,32,48,6,73,13,76,54,47,83,63,31,25,5,59,37,42,56,77,3,46,21,70,95,39,60,69,68,28,96,98,93,65,78,86,71,16
14,35,79,63,49,30,51,67,58,4,61,17,34,9,80,81,54,22,11,40,53,88,87,1,43,91,66,84,55,94,10,27,26,46,74,38,19,64,2,85,45,29,36,95,57,75,72,52,23,18,97,16,50,24,5,7,89,78,41,90,20,0,99,82,32,48,6,73,13,76,44,47,83,15,31,25,12,59,37,42,56,77,3,8,21,70,92,39,60,69,68,28,96,98,93,33,62,86,71,65
14,20,79,63,49,35,51,13,58,4,61,17,34,9,99,81,54,67,11,1,53,30,84,47,43,91,15,82,55,94,10,27,26,46,93,38,19,64,2,85,87,29,36,95,57,75,72,52,23,18,97,16,50,24,5,7,89,78,41,42,90,0,45,74,32,48,6,76,73,25,44,80,83,66,31,40,12,59,37,22,56,77,3,8,21,70,92,39,60,69,68,28,96,98,88,33,62,86,71,65
14,20,5,59,49,35,51,13,76,4,61,17,34,9,63,81,54,67,11,92,53,30,84,47,43,91,15,87,55,94,10,27,26,46,93,38,19,64,2,85,66,29,36,95,57,1,72,52,23,58,97,16,50,24,37,7,89,82,41,42,78,0,45,74,32,90,6,48,73,25,12,77,83,79,31,40,18,44,75,22,69,56,3,80,21,70,99,39,60,8,68,28,96,98,88,33,62,86,71,65
70,92,5,59,49,35,39,13,86,4,61,17,74,9,63,81,54,67,14,37,53,30,84,47,43,44,91,87,55,94,10,27,26,46,93,38,19,64,2,85,66,33,97,95,76,1,72,52,23,58,11,16,34,24,57,7,82,89,41,42,78,0,45,50,32,90,6,48,73,25,12,77,83,79,31,40,18,15,75,36,69,56,3,80,21,22,99,29,60,8,68,28,96,20,88,51,62,98,71,65
70,92,5,59,49,35,39,13,97,4,61,17,74,9,69,81,54,67,14,37,53,77,84,47,43,44,63,19,55,94,15,27,26,46,93,38,42,64,91,85,30,33,86,95,76,50,72,52,23,58,11,16,6,24,57,7,82,89,41,71,78,0,45,34,32,90,62,48,73,25,80,87,83,79,31,40,20,99,75,36,10,56,3,1,21,22,12,29,60,8,68,28,96,2,88,51,66,98,18,65
70,65,5,59,49,35,39,13,27,4,8,17,74,9,69,81,15,62,30,37,44,77,84,47,43,54,63,29,55,94,50,1,26,46,93,12,42,64,91,85,97,33,86,95,67,53,72,52,23,58,11,16,6,24,57,7,82,89,41,71,78,0,45,34,38,90,36,48,73,25,80,87,83,79,31,40,20,99,92,32,10,56,14,61,21,22,19,75,60,76,68,28,96,2,88,51,66,98,18,3
70,65,8,59,49,35,39,13,27,4,5,17,74,9,69,33,53,62,30,84,44,77,29,47,90,54,79,32,55,94,50,1,26,46,37,12,42,64,91,85,97,6,86,95,67,63,72,52,23,58,11,16,15,24,57,56,82,89,41,71,45,0,7,34,38,22,36,48,73,25,80,87,81,2,31,93,20,99,92,78,10,68,14,61,21,43,19,75,60,76,40,28,96,83,88,51,66,98,18,3
70,65,8,84,49,35,39,13,27,4,5,17,74,23,69,33,53,62,30,24,85,77,29,47,90,45,79,96,55,94,50,1,26,46,59,12,42,64,91,51,19,6,86,44,97,63,72,52,48,58,11,16,15,80,57,56,82,89,37,71,87,0,7,34,38,31,36,32,9,25,22,54,81,2,41,93,20,99,92,78,73,68,14,61,21,43,10,75,60,76,40,28,67,83,88,95,66,98,18,3
70,65,8,96,49,35,39,13,27,4,31,17,25,23,69,33,53,62,92,24,85,77,29,47,2,45,79,50,99,94,5,1,26,46,59,12,42,34,74,95,19,6,86,44,97,55,72,52,87,58,11,16,15,80,57,56,82,89,37,3,90,0,7,30,38,64,36,32,9,84,22,91,81,20,41,93,63,48,71,78,73,68,14,61,21,43,10,75,60,76,40,28,67,83,88,54,66,98,18,51
70,77,37,87,49,35,39,13,16,4,31,17,25,80,69,82,53,62,92,24,85,15,29,47,2,45,79,8,34,50,5,1,26,46,59,97,42,99,74,95,19,6,86,44,96,23,72,52,28,58,11,73,32,55,57,56,27,89,7,3,90,0,94,30,38,12,36,65,9,84,22,91,81,20,41,93,63,48,71,78,33,68,14,61,21,43,10,75,60,76,40,64,67,83,88,54,66,98,18,51
70,77,37,87,49,35,39,74,82,16,31,17,25,96,46,91,53,62,92,24,85,15,95,12,64,45,79,8,34,50,5,1,26,41,59,97,42,99,73,19,58,22,86,44,69,23,13,52,28,57,11,2,32,55,47,56,27,89,7,3,90,0,94,30,38,29,36,65,9,84,20,6,81,80,72,93,63,48,71,78,33,68,14,61,21,43,10,75,60,76,40,4,67,83,88,54,66,98,18,51
5,77,37,87,49,35,29,74,82,70,31,64,25,50,46,21,53,62,92,24,85,79,95,12,99,45,18,8,34,43,60,1,26,41,59,16,32,98,73,19,58,22,86,44,39,23,13,52,28,57,11,2,15,55,96,56,27,89,7,3,69,0,94,30,38,42,36,65,9,84,20,47,81,80,72,93,63,48,71,78,33,68,14,61,90,6,10,75,91,76,40,4,67,83,88,54,66,97,17,51
5,77,37,87,49,35,29,62,82,70,31,64,25,50,74,21,53,84,99,24,85,79,55,12,95,45,18,8,34,43,60,94,26,41,59,16,32,98,73,23,58,22,86,72,39,19,13,52,28,57,11,2,15,68,96,56,27,89,36,3,69,83,63,30,38,42,46,71,92,17,20,47,81,80,44,93,7,48,65,0,33,9,14,61,90,6,10,75,91,76,40,4,67,78,88,54,66,97,1,51
5,77,37,73,49,35,15,62,82,70,78,64,25,50,74,21,31,84,99,24,87,98,55,12,95,45,18,8,36,43,60,94,26,41,59,53,34,0,16,23,58,22,86,72,39,19,13,52,28,57,11,2,32,68,96,1,27,89,79,3,69,83,63,44,38,56,42,71,66,17,20,47,81,80,9,93,7,48,65,54,33,46,14,61,90,6,10,75,91,76,40,4,67,30,88,29,92,97,85,51
5,14,37,73,49,35,15,39,82,70,78,64,25,50,74,61,31,84,99,24,30,98,55,20,95,45,18,57,36,8,60,94,26,41,59,72,34,0,16,23,58,77,86,44,93,19,53,52,28,43,11,2,32,63,96,1,27,10,79,3,69,83,47,21,38,56,42,71,66,17,22,89,81,80,9,12,7,48,65,54,33,46,62,13,90,6,76,75,91,68,40,4,67,87,88,29,92,97,85,51
69,26,99,73,27,35,15,39,14,11,78,64,25,50,74,61,31,84,95,24,30,70,55,20,63,45,18,37,36,8,60,94,57,41,80,72,34,0,92,23,58,77,86,44,93,19,53,13,28,43,82,2,32,85,5,59,81,10,79,3,16,83,47,21,38,56,42,71,66,17,22,89,96,98,9,12,7,48,65,54,33,46,62,49,90,6,76,75,91,68,40,4,67,87,88,29,52,97,1,51
69,26,99,73,90,79,15,41,14,53,78,64,25,50,74,61,31,84,23,43,30,3,55,20,35,45,77,37,22,8,60,94,57,39,80,72,34,0,92,11,58,18,86,44,93,19,2,13,28,27,82,70,32,85,5,59,81,10,51,95,16,83,4,21,38,56,42,71,62,17,63,89,96,98,9,12,7,48,65,54,33,46,36,49,24,6,76,75,91,68,40,66,67,87,88,29,52,97,1,47
69,26,99,31,39,79,15,41,14,53,78,64,25,50,74,61,85,84,23,43,30,9,55,20,35,51,90,3,75,8,60,72,57,73,16,68,34,0,92,11,58,38,86,44,93,19,2,13,77,27,82,70,32,22,5,59,81,10,89,95,94,83,4,21,28,56,42,71,37,17,45,96,80,98,63,12,7,48,65,54,33,46,36,49,24,6,76,18,91,62,40,66,67,87,88,29,52,97,1,47
69,26,99,31,39,79,84,41,14,53,78,13,25,50,74,60,85,34,23,43,30,9,55,20,35,51,90,3,44,8,82,72,57,75,16,68,62,0,56,11,58,64,86,61,93,19,2,42,77,27,38,70,73,22,5,59,81,10,12,95,94,83,71,21,28,89,36,45,37,17,15,96,80,98,63,92,7,48,65,54,33,46,32,49,24,6,76,18,91,29,40,66,67,87,88,1,52,97,4,47
69,95,30,24,31,79,84,36,14,53,78,13,25,87,74,60,65,34,23,43,38,9,55,39,35,51,90,3,44,8,82,72,57,75,16,21,62,0,56,11,58,64,86,61,93,19,99,29,77,27,49,70,73,50,5,20,81,10,12,42,94,83,71,85,28,89,26,45,37,17,15,96,80,68,63,92,7,48,59,54,33,46,32,41,2,6,22,18,91,76,40,66,67,98,88,1,52,97,4,47
69,19,30,24,57,26,84,36,8,28,78,13,85,87,74,60,65,34,23,43,38,9,55,39,68,51,90,3,44,14,82,72,67,75,16,21,95,32,56,11,58,61,86,25,93,64,99,29,77,27,49,70,73,50,79,20,81,10,5,42,66,83,71,7,31,89,53,45,37,17,15,96,80,62,63,92,0,48,59,54,33,46,12,41,2,6,22,18,91,76,40,35,94,98,88,1,52,97,4,47
69,19,30,24,16,26,84,3,8,28,78,76,85,10,11,57,87,34,23,43,38,9,55,39,68,51,90,65,44,14,82,72,67,59,54,21,75,32,56,95,58,61,7,25,93,64,99,29,77,27,49,2,73,50,79,20,81,0,5,42,66,86,71,60,74,89,53,45,37,17,15,96,80,62,63,13,36,48,83,70,33,46,12,41,31,6,22,18,91,98,40,35,94,92,88,1,52,97,4,47
69,45,22,24,16,26,84,3,27,28,78,76,85,71,11,57,87,34,33,43,38,37,55,39,68,51,90,65,44,14,82,72,67,59,54,21,75,32,23,95,58,61,7,25,93,64,99,29,10,9,49,2,73,50,79,20,81,0,5,52,66,86,42,60,74,89,53,63,56,17,15,96,80,1,92,12,36,19,30,70,83,46,77,13,31,6,48,18,91,98,40,35,94,41,88,62,8,97,4,47
69,45,22,24,16,26,50,3,27,28,78,76,85,44,11,47,32,42,33,43,38,37,55,39,68,84,90,65,49,14,51,72,20,59,54,96,75,36,23,95,58,61,7,25,93,64,99,29,10,9,92,2,73,8,79,60,81,87,67,52,66,86,5,21,74,89,53,63,56,17,15,57,80,1,82,12,0,19,30,70,83,71,77,13,31,6,48,18,91,98,40,35,94,41,88,62,97,34,4,46
69,97,22,24,16,26,50,3,27,28,78,76,85,44,11,47,32,38,33,43,9,37,55,39,68,30,66,65,82,41,51,72,20,59,54,96,75,36,23,95,52,61,7,88,14,71,99,29,10,1,92,2,73,8,79,60,81,87,67,64,45,86,5,21,74,56,53,63,93,17,15,57,80,58,49,12,0,19,25,34,83,84,77,13,31,6,48,18,91,98,40,35,94,42,70,62,89,90,4,46
69,97,10,24,91,26,50,3,27,28,78,76,85,44,65,47,32,38,33,43,9,37,55,95,68,30,66,59,82,74,51,20,41,22,54,96,75,99,23,86,52,61,16,88,14,71,31,29,42,1,92,2,73,8,4,60,81,87,67,64,45,35,5,21,7,56,53,63,93,83,15,57,80,72,49,12,0,19,25,34,79,84,77,13,11,6,48,18,39,98,40,17,94,58,70,62,89,90,36,46
44,97,10,24,91,0,50,26,65,28,78,76,85,64,69,47,32,14,33,43,9,3,55,99,68,30,66,48,82,29,51,20,41,22,54,96,75,94,23,86,52,61,16,88,93,71,31,11,42,1,92,2,73,70,4,60,81,87,67,57,45,35,59,21,7,56,53,63,74,83,38,27,80,72,49,12,37,19,25,34,79,84,77,13,8,6,15,18,39,98,40,17,95,58,5,62,89,90,36,46
44,97,10,24,39,0,50,26,65,28,78,76,85,64,69,47,32,14,91,43,9,90,55,99,58,30,20,48,12,29,51,79,41,4,60,96,11,94,23,86,52,61,71,88,93,33,68,7,42,1,92,2,73,54,19,75,81,87,67,57,45,35,59,21,3,56,53,63,74,83,38,27,80,72,49,16,37,66,25,34,82,84,77,13,8,6,15,18,70,98,40,17,31,22,5,62,89,95,36,46
44,97,10,24,39,0,50,26,65,28,78,76,85,64,69,47,32,14,91,25,9,90,55,99,58,30,70,48,12,29,3,51,41,4,60,96,20,21,23,86,52,61,98,88,93,33,68,7,49,1,92,2,73,54,19,95,81,87,74,57,45,35,59,75,42,56,71,67,79,83,38,27,80,72,40,16,37,66,22,34,82,84,89,13,8,6,15,18,63,53,62,17,31,11,5,94,43,77,36,46
44,14,10,24,83,29,50,63,65,28,78,76,57,64,69,47,32,73,98,25,9,94,55,99,58,30,70,48,12,82,3,51,41,4,60,68,20,21,23,45,52,61,1,88,93,33,96,7,86,75,92,2,85,54,19,95,81,87,74,0,26,35,59,56,42,39,71,67,79,90,38,27,80,72,40,16,37,66,22,34,49,84,89,13,8,6,15,91,97,53,62,17,31,11,5,18,43,77,36,46
44,14,63,24,6,29,50,45,96,28,49,47,57,64,69,20,32,41,98,25,9,94,72,85,58,30,70,48,12,82,8,51,79,4,60,68,3,21,23,75,52,61,1,88,93,33,76,7,86,39,92,2,10,65,19,95,81,87,74,0,26,35,59,56,42,55,71,67,99,90,38,27,80,78,83,16,37,66,22,34,73,84,89,13,54,40,15,91,97,53,62,17,31,11,5,18,43,77,36,46
44,14,63,24,97,5,16,45,33,50,49,47,26,64,69,20,32,41,98,25,9,94,72,85,58,30,70,48,12,82,8,51,87,4,60,28,3,21,23,75,52,61,1,88,93,95,76,7,86,39,92,2,10,65,68,90,81,73,74,0,77,19,59,56,42,55,71,67,99,53,38,27,80,78,83,62,6,66,79,34,29,84,89,13,54,35,15,91,37,40,57,17,31,11,96,18,43,22,36,46
44,14,63,24,97,5,16,45,68,50,49,47,26,64,69,20,32,41,92,25,9,94,72,22,58,30,46,48,12,82,2,51,87,4,60,28,3,21,23,75,52,61,81,88,93,95,76,7,86,39,38,55,89,65,98,15,1,73,0,90,77,19,59,56,42,33,71,67,99,53,11,27,91,78,83,62,6,66,79,34,29,84,8,70,54,35,80,10,37,40,57,85,31,74,96,18,43,13,36,17
44,14,63,98,97,5,16,45,72,68,49,47,26,64,69,20,90,36,92,25,9,74,32,22,58,30,40,10,12,82,75,51,2,4,60,28,3,21,23,31,52,61,81,88,93,95,76,7,86,39,38,55,89,65,15,29,1,73,0,37,77,19,59,56,42,33,71,67,99,53,11,27,91,78,83,62,6,41,79,34,66,84,8,70,54,35,80,87,48,24,57,85,17,18,96,94,43,13,46,50
44,14,57,98,97,56,16,45,67,68,49,47,26,63,69,20,90,36,92,79,9,74,32,22,58,30,40,10,12,17,25,52,75,5,60,28,3,21,23,31,71,61,81,88,93,95,51,7,86,39,38,55,89,65,2,29,0,27,82,37,77,19,59,72,76,33,73,83,99,53,11,4,91,78,64,62,6,41,1,34,66,84,8,70,54,35,80,87,48,24,42,85,15,18,96,94,43,13,46,50
72,14,57,98,97,56,16,40,67,68,49,47,26,63,69,34,4,36,92,79,9,74,32,22,58,90,99,10,31,17,25,52,75,5,39,28,3,21,94,1,71,61,88,95,93,12,51,60,86,96,38,55,89,65,2,29,0,27,82,37,77,19,59,81,76,35,73,83,30,53,11,45,91,78,64,62,6,41,7,33,66,84,8,70,54,18,80,87,48,24,42,85,15,23,44,20,43,13,46,50
63,14,57,9,94,56,16,40,67,68,49,47,26,28,69,34,4,36,92,79,45,74,72,22,58,90,99,10,31,17,25,52,75,5,39,98,3,21,53,73,71,61,77,95,93,12,51,60,1,96,38,29,89,65,2,80,0,27,82,37,24,19,59,81,76,35,55,48,30,8,11,97,91,78,64,62,6,41,7,33,66,84,32,70,83,18,23,54,88,87,42,85,15,86,44,20,43,13,46,50
78,14,57,9,95,56,16,40,70,68,33,47,89,28,69,34,4,36,30,79,45,74,72,22,58,90,99,10,31,15,25,52,75,5,6,98,3,21,53,73,71,61,77,85,39,12,51,60,1,96,38,29,48,65,2,80,0,46,82,37,24,19,59,81,76,35,55,32,64,8,11,97,91,67,94,62,63,41,7,43,66,84,27,17,83,18,23,54,88,87,93,42,26,86,44,20,92,13,49,50
78,3,57,9,95,56,16,40,70,68,33,47,89,28,69,34,4,36,30,79,45,10,14,22,58,90,17,39,31,73,25,52,13,5,6,98,85,21,53,75,71,61,77,87,54,96,51,60,1,27,38,29,48,65,2,80,0,46,72,37,63,49,59,81,76,35,55,32,64,8,11,97,91,67,94,62,19,50,7,43,66,84,74,24,83,18,23,99,88,15,93,42,26,86,44,20,92,41,82,12
78,3,57,9,95,56,16,40,70,23,33,47,89,28,68,4,60,36,30,79,45,10,14,22,35,90,17,39,31,73,46,52,13,5,6,98,85,21,59,49,1,61,71,87,54,96,51,69,55,27,38,29,48,65,75,80,0,25,72,37,63,93,20,81,76,82,77,58,64,8,41,97,91,67,94,62,19,50,7,43,66,84,74,24,83,18,32,99,88,15,34,42,26,86,44,53,92,2,11,12
53,3,11,9,95,21,16,40,70,27,33,47,89,28,68,4,60,36,30,79,45,10,14,22,35,90,17,39,31,73,46,97,13,5,6,98,18,57,59,49,50,61,71,87,54,96,26,12,55,29,38,1,48,65,75,80,0,25,72,23,63,93,20,51,76,82,77,58,64,8,81,34,91,67,94,62,19,7,85,43,66,84,74,24,83,41,32,99,88,15,37,69,56,86,44,42,92,2,78,52
53,3,11,9,95,85,16,40,70,27,52,47,89,13,68,4,60,36,41,79,66,67,14,28,35,90,17,64,31,73,46,58,30,5,6,98,18,57,59,49,50,61,71,87,54,96,26,12,55,29,97,1,48,34,75,80,0,25,72,23,63,93,20,51,76,82,77,39,83,8,81,69,91,43,94,62,19,7,86,45,10,84,33,24,38,74,32,99,88,15,37,65,56,22,44,42,92,2,78,21
13,3,11,9,95,22,47,28,32,27,52,24,40,53,68,4,60,36,41,79,98,77,14,65,35,90,17,64,31,73,46,58,30,5,6,50,18,57,59,49,66,85,71,87,51,96,26,12,55,29,97,89,48,34,75,80,0,16,72,23,63,93,20,70,76,82,67,39,83,8,81,69,91,43,94,62,19,7,86,45,10,84,33,1,38,99,54,74,88,15,37,61,56,25,44,42,92,2,78,21
13,3,11,69,95,74,47,28,59,27,52,24,40,53,68,84,60,36,41,79,98,77,87,65,35,90,17,64,31,73,46,4,30,5,6,50,18,57,14,49,66,85,71,78,58,61,26,22,55,29,97,88,45,34,75,80,0,16,9,23,63,93,20,70,76,42,67,39,83,72,81,51,91,43,94,62,19,7,86,92,10,89,33,1,38,99,54,48,82,15,37,12,56,25,44,96,32,2,8,21
13,3,11,69,95,74,47,28,40,27,52,24,87,42,68,84,55,36,41,79,98,77,92,65,35,58,17,64,31,73,71,4,30,83,5,50,18,57,14,49,66,85,20,6,78,61,26,22,90,29,97,88,16,34,75,10,0,32,9,23,46,93,45,70,76,12,67,39,33,72,81,51,91,43,94,62,19,7,86,60,80,89,59,1,38,99,54,48,82,15,37,53,56,25,44,96,63,2,8,21
13,18,72,69,95,74,47,35,40,55,52,1,87,42,73,84,88,36,41,79,98,77,11,65,93,58,92,68,0,28,24,64,30,83,5,50,27,57,14,49,66,85,20,6,78,61,26,22,90,17,97,29,16,34,75,10,37,32,9,23,31,4,45,70,76,12,67,39,33,71,81,51,91,43,94,62,19,7,86,60,80,89,59,56,38,99,54,48,82,15,3,53,46,25,44,96,63,2,8,21
13,18,5,69,95,72,47,35,89,55,52,1,87,68,73,84,88,62,41,79,26,77,11,65,36,58,92,74,0,28,24,64,30,6,25,50,27,57,14,49,66,85,20,51,78,61,93,22,90,54,97,40,16,34,75,10,99,32,9,23,83,4,45,70,98,12,67,39,33,71,81,17,91,31,94,43,19,7,86,60,80,29,59,56,38,42,21,48,82,15,3,53,46,37,44,96,63,2,8,76
13,18,5,69,95,72,47,35,55,25,52,1,87,33,73,84,88,62,41,79,26,53,11,65,36,58,92,74,0,28,60,64,82,89,48,50,97,6,45,49,14,85,20,51,78,61,93,22,90,54,71,40,16,34,57,10,99,32,9,23,83,4,68,70,98,12,67,39,38,24,81,27,66,31,94,43,19,7,86,75,80,29,59,56,77,42,21,91,8,15,3,30,46,37,44,96,63,2,17,76
13,18,5,69,37,72,47,35,8,25,52,1,87,33,73,84,88,83,41,79,26,53,44,65,36,23,55,74,0,28,60,31,82,89,48,50,97,90,45,49,14,85,20,29,78,61,93,22,43,54,71,40,16,34,57,10,99,32,30,58,62,4,68,70,98,12,67,39,38,19,81,27,66,80,94,17,92,7,86,75,51,76,59,56,77,42,21,91,9,15,3,6,46,11,95,96,63,2,64,24
50,18,5,69,37,72,47,35,8,25,52,1,87,33,73,84,88,83,41,79,26,63,80,65,36,23,55,74,0,28,60,31,2,89,48,97,10,90,54,49,14,85,4,29,78,91,93,22,43,53,71,40,16,34,57,44,99,32,20,58,62,95,68,70,98,6,67,39,38,19,81,27,66,30,94,17,92,7,86,75,15,76,59,56,77,42,61,21,9,51,3,45,12,46,82,96,13,11,64,24
79,18,30,69,38,72,47,35,8,25,52,54,87,33,73,84,88,83,41,27,26,63,80,65,36,23,55,74,0,81,60,68,2,89,78,97,22,90,31,5,14,71,4,29,48,91,93,1,49,53,76,40,16,34,57,44,99,32,20,58,62,95,17,70,98,6,67,39,45,19,28,50,66,10,94,85,92,7,86,75,15,43,59,56,77,42,37,21,9,51,3,61,12,46,82,96,13,11,64,24
79,18,30,69,38,68,47,35,15,25,52,54,87,33,73,84,88,83,41,27,72,56,80,65,36,23,55,74,0,81,60,43,2,89,28,97,22,90,64,5,14,71,58,29,48,91,93,82,49,53,76,40,16,34,57,44,26,32,20,62,9,99,17,70,98,6,67,39,61,63,78,50,66,19,94,10,92,7,86,75,4,1,59,95,77,42,37,21,85,51,3,8,12,46,31,96,13,11,45,24
79,12,30,69,38,68,18,35,15,7,52,54,87,33,8,47,84,83,41,94,19,56,80,65,36,72,55,74,0,81,60,43,2,89,32,97,22,90,88,5,73,25,58,28,48,91,93,82,49,53,76,40,16,34,57,44,26,77,20,62,9,99,17,13,98,6,67,39,61,63,78,50,66,71,29,10,92,75,86,64,4,1,59,95,70,42,37,21,85,27,3,14,51,46,31,96,23,11,45,24
79,12,30,21,38,68,54,35,15,7,33,94,87,88,86,47,36,83,41,50,19,56,80,65,16,72,55,69,0,81,18,43,2,89,32,97,22,90,92,5,73,3,58,28,48,91,93,82,49,25,76,60,40,34,57,44,26,77,20,62,9,99,17,13,98,6,67,39,61,63,78,70,66,71,8,10,52,75,74,64,4,1,59,95,29,42,37,46,85,27,31,14,51,53,84,96,23,11,45,24
79,12,30,21,38,68,54,35,55,7,33,94,87,88,86,74,36,83,41,50,19,56,95,65,16,72,69,15,0,23,18,43,2,89,32,97,42,10,25,5,73,3,58,28,48,91,93,82,49,6,22,60,40,34,81,46,26,90,77,62,9,99,17,13,98,57,67,39,61,63,78,70,66,71,8,64,52,75,29,76,4,92,59,44,20,47,37,1,85,27,31,14,51,53,84,96,80,11,45,24
59,12,46,21,38,40,98,35,55,7,33,23,87,88,86,74,36,83,41,79,19,56,95,65,47,72,69,15,0,9,18,43,2,89,32,97,42,25,68,54,73,3,58,28,48,91,93,82,49,6,22,60,29,34,81,1,26,90,30,27,62,99,17,50,5,57,67,39,61,63,78,94,66,71,8,64,52,75,84,76,4,92,16,44,20,13,37,70,85,77,31,14,51,53,10,96,80,11,45,24
55,12,82,21,52,40,98,35,23,7,33,31,87,69,38,74,36,46,41,79,19,0,95,56,47,72,39,15,65,9,18,43,10,89,32,86,42,25,68,54,73,3,58,88,48,91,93,63,49,6,22,60,29,34,81,1,26,90,30,27,62,99,17,50,5,57,67,28,61,8,78,94,66,71,83,64,76,75,84,97,4,59,16,44,20,13,37,2,85,77,70,14,51,53,92,96,80,11,45,24
55,12,82,21,52,40,98,35,23,7,33,31,87,65,38,74,46,26,41,79,19,0,95,59,47,72,39,15,34,9,18,43,56,89,13,86,42,25,68,54,73,3,58,88,48,32,93,84,49,53,4,60,29,16,81,1,97,90,30,27,62,99,94,50,5,57,67,28,61,8,78,66,6,71,83,64,76,75,91,20,63,85,36,44,17,10,37,2,22,77,70,14,51,69,92,96,80,11,45,24
55,12,82,21,52,40,98,35,61,7,65,31,87,23,38,73,46,26,41,79,19,95,92,59,47,72,39,15,13,9,18,68,56,89,86,0,42,25,4,54,48,3,58,88,50,32,93,84,49,53,28,60,29,16,69,1,71,90,30,27,62,99,94,43,5,57,67,10,17,8,78,66,81,97,83,64,76,75,91,20,63,85,36,44,34,6,37,2,22,77,70,14,51,33,74,96,80,11,45,24
55,12,97,21,52,40,98,35,61,11,89,31,30,23,38,22,82,26,41,79,19,95,92,7,47,72,39,46,13,36,18,68,56,9,86,0,42,25,75,54,73,3,58,88,50,32,93,84,49,53,4,60,29,16,69,1,28,90,62,27,65,99,94,43,5,57,67,10,17,8,78,66,81,80,83,64,76,48,91,20,63,15,85,44,96,6,37,2,71,77,70,14,51,33,74,34,87,59,45,24
55,39,97,21,52,40,98,59,61,11,20,33,16,9,38,22,82,26,41,79,19,95,92,7,47,72,67,46,13,36,18,68,56,31,86,12,42,25,75,54,73,3,58,88,50,32,93,84,49,53,4,60,15,30,69,1,28,90,27,96,65,99,94,43,5,57,70,10,17,8,78,66,81,80,83,64,76,48,91,35,63,37,89,23,71,6,29,2,85,77,0,14,62,51,74,34,87,44,45,24
55,39,63,21,52,40,98,59,61,11,20,33,16,9,0,22,82,26,41,79,19,95,92,7,47,72,67,46,24,91,76,68,56,75,86,12,42,25,18,36,73,3,58,38,6,53,93,84,49,64,4,13,15,30,69,1,28,90,27,97,65,99,94,43,5,57,70,10,17,8,78,66,81,80,83,31,32,48,96,74,35,37,89,23,88,60,29,2,85,77,50,14,62,51,44,34,87,71,45,54
15,39,63,21,68,40,98,59,61,11,9,33,16,72,0,13,82,26,41,79,19,95,92,7,47,83,67,20,24,91,76,89,52,75,56,17,42,25,18,36,73,3,58,38,6,53,71,84,49,64,4,80,57,30,69,1,28,90,50,97,65,99,94,55,5,46,70,10,12,8,78,66,81,22,62,31,32,48,96,74,35,37,43,23,88,60,29,2,85,77,27,14,86,51,44,93,87,34,45,54
79,39,63,21,68,40,98,59,82,85,9,33,16,72,0,13,64,58,41,26,19,95,92,35,47,83,61,20,24,31,76,89,81,75,56,17,54,25,18,36,73,3,23,38,52,53,71,84,49,11,4,80,57,87,15,1,28,90,50,97,65,99,94,55,5,46,70,10,12,8,78,66,30,22,62,88,32,48,96,74,42,37,43,7,91,60,29,2,6,77,67,14,86,51,44,93,69,34,45,27
79,99,63,21,68,40,98,59,82,85,9,33,16,72,23,13,64,58,41,26,29,95,92,35,47,83,93,20,24,31,76,39,81,75,89,17,54,25,18,36,66,22,30,38,52,0,71,84,49,11,4,80,57,56,15,1,28,90,50,97,65,19,53,55,61,46,70,10,12,8,78,6,5,37,62,88,32,42,3,74,94,86,43,7,91,60,96,2,87,77,67,14,48,51,44,73,69,34,45,27
79,99,63,21,68,56,9,59,58,74,66,33,16,72,23,81,64,28,20,26,46,95,92,35,47,76,93,85,24,31,70,39,40,98,89,17,41,25,18,36,54,22,30,38,52,0,71,84,49,11,13,80,57,14,15,83,29,90,50,97,65,19,53,55,61,75,82,10,12,8,78,6,5,37,62,88,32,42,3,1,94,86,4,7,91,60,96,2,87,77,67,43,48,51,44,73,69,34,45,27
79,60,63,21,68,56,9,59,58,74,5,93,16,26,23,81,64,28,20,10,46,6,92,35,47,76,90,85,99,31,70,39,40,98,89,17,41,25,18,72,24,22,30,38,52,0,71,55,66,11,13,80,57,14,15,83,94,54,50,97,65,84,53,36,61,75,82,73,12,8,78,95,91,37,62,88,32,42,3,1,33,86,4,49,44,7,96,2,87,77,67,43,48,51,19,29,69,34,45,27
79,55,63,21,68,56,9,59,34,74,5,41,16,26,36,81,78,28,20,10,46,89,92,35,47,76,90,85,15,31,70,39,40,98,19,17,60,25,18,72,24,6,30,38,52,0,23,95,66,11,13,80,57,14,82,83,94,58,50,97,65,84,53,69,61,75,93,73,12,8,7,91,86,37,62,88,32,42,3,1,33,77,4,49,44,22,96,2,87,54,67,43,48,51,99,29,64,71,45,27
18,55,43,21,68,39,9,59,16,40,5,41,81,74,36,12,78,28,20,10,46,95,92,35,47,76,90,85,15,31,70,71,79,98,19,17,60,25,77,72,24,6,30,38,52,0,23,89,66,11,13,80,34,44,82,83,26,58,50,97,65,84,53,69,61,75,63,73,93,8,7,56,86,37,62,88,57,42,3,1,33,91,4,49,14,22,96,2,87,54,67,94,48,51,99,29,64,45,32,27
18,55,43,99,81,39,9,59,88,40,5,41,63,74,22,76,78,97,20,10,46,95,92,35,47,16,90,85,15,31,70,25,79,13,19,17,60,68,77,72,24,94,30,38,3,0,23,89,28,11,36,80,34,44,82,83,26,58,50,54,65,84,53,69,61,75,71,73,93,8,7,12,86,37,62,52,57,42,21,1,33,91,4,49,14,56,66,2,87,98,67,96,48,51,6,29,64,45,32,27
18,99,79,32,81,39,9,59,88,40,61,41,63,74,22,8,78,97,20,51,80,95,92,35,47,62,76,85,15,31,70,25,83,13,19,17,60,68,77,89,24,94,30,38,3,10,23,72,28,11,36,50,58,44,82,34,26,90,21,54,65,84,53,69,14,75,71,73,93,55,7,12,86,37,46,52,57,42,5,1,33,91,4,49,16,56,66,2,87,98,67,96,48,0,6,29,64,45,43,27
18,99,79,38,81,39,17,9,88,40,66,48,63,34,22,8,78,97,69,27,80,95,92,45,70,62,76,85,15,31,51,25,20,13,19,55,60,68,77,89,24,94,30,56,3,10,23,72,28,74,36,50,58,44,82,59,47,90,21,54,65,84,53,6,14,75,71,73,93,26,7,12,86,37,46,52,57,42,5,1,33,91,4,49,16,41,61,2,87,98,67,96,83,0,35,29,64,11,43,32
18,99,79,4,11,81,17,9,88,95,66,38,63,46,22,8,78,34,69,27,80,42,84,33,70,62,24,85,15,31,51,25,20,13,19,55,60,68,77,89,40,94,30,56,3,10,23,72,97,74,36,50,58,44,82,59,47,90,21,54,65,43,76,5,14,75,71,73,93,26,7,12,86,37,45,52,57,48,49,1,39,91,0,53,16,41,61,2,87,98,67,96,83,92,35,29,64,6,28,32
57,70,79,44,11,36,17,9,88,95,66,38,63,5,22,8,78,34,69,27,80,65,84,81,75,62,99,85,15,31,40,25,20,13,19,55,60,68,77,89,33,94,30,56,18,4,23,72,97,74,61,59,58,46,82,24,47,90,21,54,83,43,76,2,14,10,71,73,93,26,7,12,86,37,45,52,51,48,49,1,39,91,0,53,16,41,92,50,87,98,67,96,3,42,35,29,64,6,28,32
57,70,79,44,18,36,17,9,88,95,6,85,97,5,22,8,78,0,69,27,80,65,4,81,75,62,99,20,15,31,40,25,11,13,19,55,60,34,77,89,33,66,30,56,10,38,23,72,49,74,61,59,58,42,82,24,47,90,52,54,39,43,76,2,14,63,71,73,93,26,7,12,83,37,45,46,51,48,86,1,84,91,94,53,16,41,92,50,87,98,68,96,3,21,35,29,64,67,28,32
57,70,67,44,47,36,17,9,11,95,6,85,97,5,52,8,54,55,22,84,80,65,24,81,75,62,99,20,15,31,40,25,79,13,19,27,60,34,77,89,33,66,30,56,10,38,23,72,49,74,61,0,69,42,82,4,78,90,73,63,39,88,76,2,14,58,71,92,93,26,7,12,83,37,43,46,51,48,86,1,18,91,94,53,16,41,59,50,87,98,45,96,3,21,35,29,64,68,28,32
57,70,67,41,47,36,17,9,78,95,6,85,97,5,52,30,54,55,22,7,80,65,24,81,75,84,99,20,4,31,40,25,79,14,19,98,60,15,11,89,33,66,91,56,10,38,23,72,49,74,3,0,69,42,82,29,86,90,73,63,39,88,76,2,77,58,71,92,93,26,12,13,64,37,43,46,51,48,8,1,18,44,94,53,16,34,59,50,87,83,45,96,61,21,35,62,27,68,28,32
1,70,87,41,47,57,17,9,78,95,6,85,97,21,52,36,15,55,22,7,71,80,24,81,75,84,99,20,4,31,32,25,79,14,19,98,60,83,11,89,33,66,91,56,10,5,23,72,49,74,26,0,69,42,82,29,86,90,73,63,39,30,76,92,77,58,65,54,93,88,12,13,64,37,43,46,51,48,28,68,18,44,94,53,16,34,59,50,2,38,45,96,61,3,35,62,27,40,8,67
1,90,87,41,47,57,17,9,29,95,6,70,97,21,52,83,15,55,46,7,71,80,24,14,99,84,81,20,77,75,32,56,44,86,19,98,60,26,11,89,33,66,91,27,10,5,23,72,49,74,79,0,69,42,82,78,36,4,73,63,39,30,76,92,28,58,65,54,93,88,12,13,64,37,43,85,51,48,3,68,18,22,94,53,16,34,59,50,2,38,45,96,61,31,35,62,25,40,8,67
83,81,87,41,47,57,17,9,29,95,60,70,97,1,52,58,15,55,46,7,71,80,24,14,99,84,96,20,77,75,32,56,44,86,19,98,43,26,11,89,33,66,91,27,31,5,23,72,49,74,79,8,85,2,82,78,36,4,73,63,39,42,76,92,28,13,65,54,93,88,12,67,64,37,6,53,51,48,3,10,18,22,94,68,16,34,59,50,69,38,45,0,61,21,35,30,25,90,62,40
83,57,87,41,59,64,17,40,29,95,60,70,97,1,52,58,31,55,9,7,71,80,24,14,99,84,96,86,19,75,20,56,44,46,15,98,43,26,11,89,33,66,47,27,2,5,23,72,49,74,79,22,85,81,82,78,36,4,73,63,39,42,76,92,28,13,65,93,50,77,12,67,48,37,6,53,51,88,3,10,18,8,94,68,16,34,32,54,69,38,45,0,61,91,35,30,25,90,62,21
83,57,87,41,59,64,17,12,29,95,60,70,97,1,15,58,66,78,9,7,33,68,24,14,99,84,62,80,19,69,20,56,44,53,46,98,43,26,11,89,22,52,47,27,2,86,23,72,49,74,79,31,85,81,82,5,36,4,73,63,39,42,76,92,28,13,75,93,50,77,40,71,48,37,6,94,51,88,3,10,18,8,96,65,16,34,32,55,67,38,45,0,61,91,35,30,25,90,54,21
90,57,87,13,43,64,6,12,29,95,60,70,97,1,15,58,59,73,9,7,33,68,82,14,99,10,62,80,19,69,52,56,44,53,46,98,27,26,11,89,22,24,47,5,2,78,23,20,49,74,79,31,85,81,84,83,36,8,17,63,39,42,76,92,28,3,75,93,50,77,40,86,48,37,72,94,51,88,71,66,18,4,96,65,16,34,32,55,67,38,45,0,61,91,35,30,25,41,54,21
90,57,87,13,43,51,6,12,56,83,60,70,29,97,15,58,59,23,9,7,33,68,1,10,99,62,98,80,19,69,52,37,41,53,46,82,27,26,11,89,22,24,47,5,2,78,64,20,49,93,79,31,85,81,72,25,36,8,17,63,39,42,76,92,28,3,75,65,50,77,40,84,48,95,74,94,14,88,71,66,18,4,96,44,16,34,32,55,67,38,45,0,61,91,35,30,73,86,54,21
60,57,87,13,43,21,6,8,47,83,71,70,29,97,15,58,62,23,9,7,33,49,1,10,99,56,98,42,19,36,38,37,41,53,46,82,27,26,11,89,22,24,65,5,2,78,64,20,68,93,96,31,85,81,72,25,51,12,17,63,39,14,18,92,28,3,75,59,50,77,40,84,48,95,74,94,69,88,79,66,76,4,52,44,16,34,32,55,67,90,45,0,61,91,35,30,73,86,54,80
4,57,78,13,43,77,6,50,47,83,71,70,19,97,15,27,62,23,22,61,33,49,1,10,99,56,98,42,75,36,38,37,41,53,46,82,80,26,11,9,74,24,31,30,2,29,64,20,68,93,96,39,85,81,72,25,51,12,17,63,5,14,18,92,28,3,21,59,65,60,40,84,48,95,89,94,69,88,79,66,76,8,52,44,16,34,32,55,67,90,45,0,58,91,35,7,73,86,54,87
4,57,78,13,81,77,6,50,47,83,33,70,19,88,61,27,62,93,22,58,12,49,1,10,99,56,98,42,75,36,38,37,41,53,23,82,43,26,32,9,85,24,31,30,2,29,64,68,11,97,96,39,46,15,72,25,51,91,17,63,5,14,18,92,28,3,80,59,65,60,40,84,48,71,21,94,69,74,79,66,76,8,89,44,16,34,52,55,67,90,45,0,20,95,35,7,73,86,54,87
4,57,78,13,81,7,6,50,0,83,33,65,19,88,35,27,54,43,30,58,12,38,22,10,99,56,98,42,75,36,93,37,77,53,23,82,1,26,41,9,85,24,31,45,2,29,64,68,70,97,96,39,46,15,72,25,51,32,17,63,40,14,18,92,28,3,80,59,61,60,16,84,48,71,21,94,69,74,79,66,76,8,89,44,49,34,52,55,67,90,5,62,20,95,91,11,73,86,47,87
98,22,78,13,57,7,6,50,0,83,33,65,89,88,35,27,54,43,30,58,12,38,53,10,99,56,32,42,75,36,93,37,77,25,23,81,1,26,41,9,34,24,31,46,2,29,64,68,70,97,96,39,84,15,72,14,51,91,17,63,69,18,19,86,28,3,80,59,61,60,16,76,48,71,21,94,92,74,79,66,40,8,62,44,49,45,52,55,67,90,5,4,20,95,85,11,73,82,47,87
98,22,14,13,57,77,80,50,0,83,92,65,89,88,35,7,6,43,30,58,12,78,53,10,99,56,32,9,75,36,62,37,71,25,23,81,1,26,41,97,34,24,31,46,2,29,64,27,70,15,42,39,73,54,72,96,51,91,17,63,69,18,19,86,28,3,84,59,61,60,16,76,48,40,21,94,38,74,79,66,68,8,93,44,49,55,52,33,67,90,5,4,20,95,85,11,45,82,47,87
53,21,14,13,59,77,80,50,92,83,6,65,89,88,57,7,62,43,30,58,12,0,98,10,99,56,32,9,75,36,51,37,71,25,60,81,97,26,41,35,34,39,1,46,2,29,64,27,70,15,42,78,73,54,72,90,68,91,17,63,69,18,19,86,28,3,84,44,61,96,16,76,48,40,94,23,38,74,79,66,22,8,93,24,49,55,52,33,67,31,5,4,20,95,85,11,45,82,47,87
53,27,14,13,59,77,80,69,92,83,6,50,98,88,57,38,62,93,46,58,12,0,73,10,99,56,32,9,41,36,51,89,71,25,60,81,97,26,37,35,34,39,1,21,2,29,64,65,70,15,42,78,43,54,72,5,68,91,30,63,52,18,19,86,28,3,84,44,61,96,16,76,17,40,94,23,90,74,79,66,20,8,75,24,49,55,22,33,67,31,48,4,45,95,85,11,7,82,47,87
53,27,29,13,59,77,80,69,92,95,6,50,98,88,57,17,62,93,46,58,12,0,73,10,81,34,4,9,41,99,38,89,71,25,60,56,97,26,37,35,48,39,45,21,51,32,64,65,70,15,42,78,43,54,72,5,68,91,47,63,52,18,19,86,28,82,84,44,61,96,16,76,30,40,83,23,90,74,79,66,20,8,75,2,49,55,22,33,67,3,94,24,14,31,85,11,7,36,1,87
53,27,29,52,59,77,80,69,92,95,6,50,28,14,57,17,62,93,46,87,88,0,73,1,81,34,4,9,41,99,38,89,71,12,60,56,97,26,37,35,48,39,45,90,10,32,64,98,70,15,42,78,43,54,72,5,68,91,47,63,58,18,19,22,65,82,84,44,85,96,16,76,30,40,21,23,3,74,51,66,20,8,75,2,49,55,79,83,67,86,94,24,31,25,61,11,7,36,13,33
53,27,29,52,59,77,95,97,92,32,6,50,28,14,57,17,62,93,46,87,88,0,73,1,81,19,4,9,41,99,38,89,71,12,60,56,51,26,37,91,48,39,45,90,10,44,64,98,70,15,42,78,43,54,86,5,68,65,20,63,24,18,11,22,47,72,84,82,35,96,16,76,30,40,21,23,3,74,55,66,8,58,75,2,49,83,79,80,67,69,94,36,31,25,61,34,7,85,13,33
87,27,29,52,59,70,24,97,92,32,6,46,23,14,57,17,95,93,61,62,88,51,34,1,82,19,4,9,41,99,49,89,71,12,60,56,68,26,37,91,48,39,45,90,77,44,64,98,80,15,42,78,43,54,86,5,53,65,94,63,81,18,11,22,47,72,84,50,35,96,16,76,30,40,21,10,3,74,55,66,8,58,75,2,0,83,79,20,67,69,38,36,31,25,73,28,7,85,13,33
