0,1,2,3,4,5,6,7,8,9,10,11,12,13,14,15,16,17,18,19,20,21,22,23,24,25,26,27,28,29,30,31,32,33,34,35,36,37,38,39,40,41,42,43,44,45,46,47,48,49,50,51,52,53,54,55,56,57,58,59,60,61,62,63,64,65,66,67,68,69,70,71,72,73,74,75,76,77,78,79,80,81,82,83,84,85,86,87,88,89,90,91,92,93,94,95,96,97,98,99
0,1,2,67,26,5,94,20,77,9,10,11,12,92,14,86,16,17,83,4,72,21,25,35,24,3,23,27,28,29,30,31,32,18,34,45,36,37,19,87,33,41,42,22,44,51,46,84,50,7,58,15,52,53,54,49,56,93,13,59,60,65,62,43,61,47,66,98,68,69,70,71,8,73,74,64,38,76,78,79,96,55,82,80,57,85,81,6,88,89,90,91,99,48,39,95,40,97,75,63
0,39,2,44,93,5,13,20,77,34,10,11,12,92,87,3,16,17,9,69,72,27,47,35,82,68,23,1,28,29,79,31,32,18,50,45,36,37,33,63,43,41,49,6,75,51,46,42,84,86,26,15,52,53,54,7,56,24,71,59,60,65,62,25,73,81,66,98,61,4,70,57,8,88,74,64,38,76,78,58,19,55,14,80,48,85,94,91,30,89,90,67,99,21,96,40,83,97,95,22
51,63,2,44,3,5,13,20,77,4,10,11,48,18,87,6,54,17,9,69,72,80,47,98,93,68,23,71,27,14,79,31,32,85,50,39,36,37,59,8,43,41,35,64,75,16,66,19,88,86,26,15,52,53,67,7,56,24,95,12,60,76,62,25,84,81,82,0,28,1,70,45,46,49,74,89,38,65,61,97,29,55,73,90,34,33,94,91,30,58,57,92,99,21,96,40,83,42,78,22
51,63,54,44,3,5,88,20,87,82,10,21,48,13,4,18,0,61,9,25,72,80,65,98,93,68,23,62,27,14,79,92,97,2,74,39,71,37,59,99,57,41,86,64,28,16,35,53,32,50,11,15,52,85,67,7,33,24,95,40,19,76,69,75,84,26,30,12,8,1,70,45,46,49,73,89,38,36,81,43,29,55,6,90,34,22,94,91,17,58,60,66,47,56,96,77,83,42,78,31
51,63,54,44,58,5,41,73,87,45,10,34,11,84,4,18,0,61,9,25,72,80,37,98,93,68,66,62,19,47,88,92,24,2,74,39,60,23,59,99,55,97,77,56,28,71,35,53,32,50,83,15,13,20,67,57,79,86,95,40,82,21,3,64,33,26,30,12,8,1,70,46,75,49,7,89,38,36,16,27,96,29,69,90,14,22,94,91,6,52,81,17,76,43,78,65,85,42,48,31
18,63,54,44,58,75,17,45,11,42,7,34,19,67,4,2,14,73,9,25,72,80,60,98,93,84,90,62,55,47,64,92,79,15,65,39,69,51,59,99,5,13,77,56,28,71,23,53,32,37,83,3,35,88,50,57,41,86,95,74,16,21,38,0,33,26,30,24,8,1,70,61,40,49,29,82,46,36,87,89,96,27,12,10,97,22,94,91,6,52,81,66,76,43,78,68,85,20,48,31
60,63,7,44,76,75,17,56,11,42,87,31,19,45,88,70,14,84,9,73,72,68,98,85,93,69,90,39,4,47,64,48,79,15,65,67,55,51,59,80,5,13,20,18,28,54,49,53,32,99,83,58,3,74,50,57,41,86,95,62,16,34,2,0,33,26,94,24,8,1,21,46,40,71,29,82,37,61,97,89,96,27,12,38,43,22,35,91,6,52,81,10,23,66,78,36,30,77,92,25
50,38,7,99,76,6,52,4,11,42,51,26,48,45,3,70,14,84,9,73,72,68,98,19,93,69,77,39,85,47,12,71,87,30,65,67,59,17,13,80,5,79,20,22,28,54,64,53,61,10,63,58,32,74,16,57,27,86,95,62,15,34,2,0,88,89,37,24,8,66,21,90,40,1,29,82,31,56,97,92,96,44,46,33,43,41,35,91,94,55,81,83,23,60,78,36,75,49,18,25
50,38,17,76,81,6,13,4,11,93,51,92,48,54,3,19,14,84,9,73,72,68,98,30,26,55,77,49,85,47,8,71,83,78,66,67,59,24,52,80,5,94,20,22,28,70,95,53,42,10,21,74,57,36,16,60,27,86,25,62,15,79,2,0,88,89,34,63,75,1,69,90,56,32,29,82,31,64,97,37,40,99,46,33,43,41,35,91,7,39,44,65,23,61,87,96,45,58,18,12
72,38,70,80,76,18,13,4,17,93,27,92,48,69,0,19,77,22,9,73,32,34,58,30,26,55,79,49,85,47,54,71,68,78,66,59,24,14,83,67,91,99,20,21,28,94,95,53,42,10,63,74,64,36,50,60,89,86,6,62,61,5,2,51,88,11,31,82,7,1,90,52,56,75,29,3,57,81,97,37,40,16,46,33,43,41,35,8,98,39,44,65,23,84,87,96,45,25,15,12
72,74,70,83,76,18,13,4,80,48,59,16,56,69,0,47,62,22,9,73,32,38,35,99,26,55,79,49,85,34,54,71,87,78,66,12,24,25,11,67,92,88,8,77,28,63,95,29,42,2,46,44,64,36,50,68,89,86,3,17,61,5,60,27,94,51,31,82,7,1,90,52,45,75,6,58,57,84,41,37,40,10,20,33,43,93,30,14,98,97,91,65,23,19,81,96,21,39,15,53
72,74,93,77,76,18,13,85,80,91,59,16,81,69,44,47,48,22,9,2,32,38,35,49,70,55,45,5,28,34,36,71,15,89,1,12,24,25,11,27,92,88,99,39,86,30,65,29,42,78,46,57,64,94,50,68,8,87,3,17,61,66,60,37,79,51,31,83,7,62,90,52,26,75,6,73,67,84,63,41,20,10,53,33,54,58,4,14,98,97,96,40,23,19,0,82,21,56,95,43
72,16,43,52,76,14,75,85,80,91,59,19,81,69,44,17,48,36,9,45,41,38,71,25,70,55,24,94,28,34,96,13,15,74,89,22,35,57,11,27,92,30,99,39,86,21,65,29,42,78,7,5,0,37,50,1,8,87,3,64,49,66,60,56,79,46,31,12,18,62,90,54,77,10,6,82,67,84,63,26,20,61,53,33,32,58,4,68,98,97,83,40,23,88,51,73,2,93,47,95
72,61,46,83,76,14,75,85,70,91,78,7,16,69,47,17,48,27,9,99,3,38,71,52,19,55,24,94,28,13,96,82,15,67,89,22,39,63,11,60,31,30,25,80,86,21,65,29,62,90,81,5,0,37,50,1,32,45,44,64,74,36,12,56,92,43,49,59,18,57,8,54,77,10,4,87,95,84,6,26,20,58,53,33,79,66,40,68,98,97,41,2,23,88,51,73,42,93,34,35
1,72,36,83,76,64,16,85,31,91,15,7,6,69,47,17,9,27,82,95,3,38,71,29,61,84,66,94,28,13,22,19,60,21,86,98,39,67,75,52,14,30,25,80,44,24,65,20,62,11,90,89,0,37,50,58,63,18,12,88,35,96,92,56,5,43,49,59,74,57,8,54,77,10,4,87,32,70,81,26,78,48,53,33,79,99,40,68,45,97,41,2,23,46,51,73,42,93,34,55
1,86,99,6,48,0,36,92,26,91,42,7,67,69,63,17,2,27,82,95,3,83,59,29,18,87,66,72,28,13,9,44,60,21,70,98,39,64,75,23,49,52,25,80,58,24,65,20,56,19,90,89,62,37,50,61,15,84,12,88,35,47,51,34,5,43,14,77,74,57,8,54,10,11,4,30,32,22,81,45,78,16,53,33,79,41,40,68,76,97,31,85,71,46,94,73,96,93,38,55
41,86,23,2,48,74,36,33,26,91,42,7,43,69,54,56,13,27,82,95,67,83,59,29,18,17,66,70,21,93,80,44,8,49,60,98,9,64,75,16,76,52,25,72,58,24,65,90,88,19,14,0,62,37,12,61,15,89,46,28,35,47,51,34,5,71,87,77,50,73,3,6,10,94,4,97,32,22,81,45,78,84,53,99,57,30,40,68,1,79,31,85,63,96,20,11,39,92,38,55
41,86,23,2,27,32,44,8,49,48,42,7,43,37,54,56,13,83,66,50,74,14,58,39,91,17,84,70,87,93,1,24,25,63,60,98,9,33,75,16,76,52,82,72,47,20,65,90,88,19,51,0,62,69,12,61,15,89,46,28,34,30,59,26,45,71,94,5,80,73,3,36,10,31,4,97,6,22,81,95,78,64,53,99,57,11,40,68,77,79,96,38,35,67,21,29,18,92,85,55
76,86,23,2,27,62,58,8,49,48,42,99,21,61,54,56,13,83,17,50,53,14,95,39,22,37,84,70,87,93,1,24,68,57,19,41,9,33,75,16,45,90,82,72,6,20,91,59,88,77,30,94,44,69,12,89,7,25,65,28,60,51,78,26,46,71,34,5,80,73,74,36,10,31,4,97,3,18,81,47,92,64,96,63,11,98,40,43,66,79,55,38,15,67,0,29,32,35,85,52
76,86,23,26,27,33,83,34,63,48,2,99,89,40,42,56,13,87,32,50,53,14,95,43,0,37,84,70,9,93,1,24,68,57,19,41,21,49,59,98,97,90,54,72,5,20,82,80,58,77,30,94,44,88,12,91,7,25,65,45,69,6,78,60,46,55,11,62,16,61,74,36,10,31,4,71,3,8,81,47,92,64,15,18,35,39,85,96,66,79,29,38,75,67,28,22,51,73,17,52
82,86,52,64,27,89,83,34,87,43,2,6,74,46,42,81,13,11,80,79,96,56,95,54,0,37,84,70,62,7,1,93,68,57,19,48,21,76,32,59,98,90,50,65,49,20,26,10,58,77,30,94,44,88,53,91,9,63,45,72,69,41,78,23,99,55,92,36,33,61,40,14,5,31,4,71,3,8,12,47,39,16,15,18,35,25,85,97,66,24,29,38,75,67,28,22,51,73,17,60
94,3,52,64,27,42,83,34,87,43,2,6,74,89,10,81,73,11,80,49,70,18,95,4,21,33,84,90,79,45,1,93,68,61,91,51,17,77,92,38,98,24,22,65,57,88,26,76,58,86,30,56,44,85,53,7,9,96,54,72,62,41,78,66,99,55,20,36,48,46,0,14,5,31,13,71,37,8,12,47,39,16,15,23,35,25,63,97,69,82,29,59,75,67,28,19,40,50,32,60
94,72,13,59,27,42,8,34,87,22,2,97,74,56,10,81,49,11,80,44,70,51,43,4,21,90,84,17,79,35,1,93,89,61,91,98,33,77,47,64,95,24,15,65,55,88,26,76,19,9,30,66,62,3,53,7,75,63,54,45,73,41,25,29,99,83,20,36,23,46,0,14,5,31,92,71,37,18,48,78,39,16,85,82,57,52,68,86,69,96,12,38,58,67,28,6,40,50,32,60
94,5,97,59,91,42,19,92,11,77,2,25,63,56,74,1,87,32,80,44,70,51,43,18,21,90,84,78,27,35,41,93,34,61,17,98,33,62,76,64,85,24,88,65,55,39,26,8,72,9,30,66,49,15,53,7,75,47,95,73,81,13,54,29,22,45,20,79,23,10,0,99,36,71,68,14,46,37,48,3,31,16,89,82,57,52,4,86,69,96,12,38,58,67,28,6,40,50,83,60
94,95,47,76,60,6,19,92,66,77,25,38,63,56,78,1,87,14,80,44,86,51,43,18,21,90,3,53,27,35,71,93,34,61,85,98,96,23,39,28,70,89,88,65,55,83,41,8,72,4,30,97,49,64,84,7,5,17,59,73,74,13,79,29,22,45,20,54,52,10,0,99,36,50,68,81,46,37,48,75,62,16,91,82,26,33,11,32,69,42,12,9,58,67,31,15,40,24,2,57
94,95,47,97,88,90,79,61,10,77,25,38,63,56,78,1,87,14,92,44,86,51,43,18,82,75,52,69,98,28,45,49,60,89,85,33,96,23,39,46,6,58,22,65,3,40,41,8,72,71,76,66,53,64,84,7,5,17,59,73,74,13,54,29,19,30,27,37,0,20,4,35,36,50,68,81,67,70,48,55,62,16,91,80,26,83,11,34,32,42,12,57,21,9,93,15,31,24,2,99
94,41,47,97,60,50,79,65,10,11,25,42,63,77,78,40,87,55,92,1,93,51,43,37,56,28,52,69,98,80,66,49,6,89,85,33,96,23,39,46,61,90,57,62,3,24,81,8,72,71,16,82,53,22,0,7,20,27,59,73,17,18,54,88,19,30,86,74,83,35,4,44,36,5,84,29,67,70,48,76,38,64,91,58,26,45,14,34,32,75,12,95,21,9,13,15,31,68,2,99
94,41,26,47,60,50,79,51,10,71,25,42,58,77,63,56,87,55,92,1,93,46,78,9,82,68,52,69,97,43,66,49,0,91,38,48,28,7,39,34,61,65,57,62,3,24,30,8,72,4,83,98,45,22,59,44,20,27,90,73,17,18,54,88,19,96,86,74,11,35,99,36,85,5,84,29,67,70,13,16,6,64,80,21,40,81,14,37,32,75,12,95,89,76,23,15,53,31,33,2
94,23,41,47,19,50,67,15,10,69,25,80,57,26,63,56,87,55,58,1,93,46,78,9,82,68,52,2,97,43,66,8,72,92,38,48,7,79,39,91,61,65,60,0,3,24,88,34,84,4,83,98,6,22,59,44,77,27,90,73,36,13,17,45,16,49,86,74,11,35,99,32,85,5,28,12,18,37,30,29,51,64,75,71,40,31,14,21,33,70,96,95,89,76,20,81,53,54,42,62
39,23,45,7,85,16,67,15,86,19,2,47,65,78,63,97,87,79,58,1,93,46,17,9,20,68,52,27,48,21,66,8,72,92,38,42,13,31,99,91,61,18,14,0,3,26,88,34,94,4,83,62,6,22,59,44,37,10,25,73,36,70,43,77,12,98,55,74,11,35,84,32,41,5,69,82,90,54,30,29,51,64,75,71,40,24,57,56,33,60,96,95,89,76,80,81,53,49,50,28
79,54,45,31,85,48,8,44,16,19,2,91,75,78,68,63,38,94,58,1,28,93,17,9,20,30,52,27,22,21,66,96,55,92,23,42,13,12,99,97,61,26,65,0,43,57,88,34,24,69,83,62,6,50,59,72,37,10,25,73,36,70,67,77,46,60,84,74,14,35,18,32,41,5,51,82,90,47,86,39,98,64,4,71,3,29,81,56,33,11,40,95,89,76,80,7,53,49,15,87
79,54,45,31,90,48,8,72,16,19,2,10,37,1,68,63,38,94,58,70,14,0,17,61,20,71,25,21,22,78,9,96,55,95,41,3,46,12,99,97,62,76,7,80,43,57,88,34,24,69,83,15,91,50,33,51,44,92,59,73,36,39,67,77,6,60,84,42,74,35,52,32,82,5,23,40,4,47,93,13,98,64,86,27,85,29,81,56,75,11,18,30,89,28,65,66,53,49,26,87
79,54,17,31,25,48,59,29,16,51,19,65,4,1,68,72,38,90,99,5,14,0,2,61,20,71,96,21,22,78,70,7,44,95,41,75,35,85,94,97,23,76,43,80,84,57,88,34,12,69,83,15,91,46,33,3,82,92,58,74,36,55,81,6,45,60,28,42,77,39,73,32,67,24,50,40,9,47,93,13,98,37,86,27,10,63,64,56,62,8,18,30,89,11,52,66,53,49,26,87
67,4,79,58,36,48,59,29,16,83,19,26,46,8,68,72,38,90,7,5,14,3,2,97,20,71,96,33,13,91,70,62,11,95,41,99,35,85,31,0,86,54,87,76,84,57,88,34,73,69,39,93,25,75,44,65,82,92,22,1,74,55,81,6,45,60,28,42,77,10,32,64,47,24,50,40,9,78,12,80,98,37,17,27,23,63,15,56,61,51,18,30,94,43,52,66,53,49,89,21
67,66,43,36,17,48,59,35,77,83,19,26,46,42,22,72,76,90,58,5,45,3,2,97,20,89,14,33,13,15,70,62,11,95,79,99,44,41,96,50,86,54,6,18,84,57,88,34,4,69,39,73,29,75,37,93,31,52,16,49,74,32,81,0,38,60,28,91,82,10,7,64,47,24,1,40,9,78,12,80,98,71,25,68,21,63,27,56,61,51,94,30,65,8,23,92,53,87,85,55
67,85,43,91,17,48,13,35,77,97,83,26,3,79,92,25,0,90,58,5,96,93,2,87,20,89,14,33,51,15,70,62,11,95,12,47,66,41,9,24,84,50,44,18,71,57,37,34,40,69,39,73,29,75,32,54,31,52,16,49,42,61,88,81,38,60,28,76,46,23,7,64,30,74,1,45,10,78,4,80,98,22,86,68,21,99,27,56,82,72,94,6,65,63,59,36,53,19,8,55
6,85,52,91,54,21,13,35,77,25,83,26,50,97,92,93,0,90,58,5,96,59,41,29,20,89,14,33,51,8,38,62,11,57,12,16,23,15,9,95,87,1,4,18,76,45,37,34,44,69,39,17,2,75,32,40,31,79,48,10,42,61,88,81,36,60,28,67,46,47,7,71,30,74,49,53,82,78,63,64,98,22,94,68,86,99,84,56,80,72,3,70,65,73,66,24,27,19,43,55
99,59,52,27,88,21,85,35,77,79,9,26,50,93,92,67,0,90,58,5,96,60,3,29,1,18,14,33,51,78,38,62,13,89,12,39,23,15,2,6,87,20,4,74,76,45,37,34,24,95,19,10,84,75,91,40,31,56,16,49,42,61,41,81,7,57,28,94,46,32,83,71,30,64,47,53,82,43,63,54,98,22,70,68,86,97,48,8,80,72,69,25,65,73,66,44,11,17,36,55
8,59,52,27,88,21,85,90,68,79,1,26,69,93,49,67,0,91,58,5,96,60,99,29,24,75,43,14,13,16,35,62,51,89,12,39,18,38,54,6,19,20,4,74,80,45,37,30,46,95,81,10,84,92,34,40,31,42,63,97,32,48,41,9,7,57,28,94,83,3,15,71,98,78,47,53,82,25,23,76,64,22,70,50,86,2,17,56,77,72,61,11,65,73,66,44,87,33,36,55
54,85,52,27,88,21,60,90,64,56,59,26,69,93,92,22,13,91,58,4,70,1,99,55,24,67,43,61,0,16,76,62,51,89,12,39,45,38,7,6,41,20,30,14,80,95,37,86,5,84,81,9,75,33,8,50,96,42,63,74,32,48,68,2,47,57,28,94,83,3,15,49,98,78,31,53,82,25,23,34,10,18,46,97,66,71,17,19,77,72,79,11,65,73,35,44,87,40,36,29
54,53,52,50,88,76,60,90,64,23,19,26,62,93,92,27,13,91,58,4,70,44,99,55,30,67,21,61,38,82,22,85,75,0,37,39,45,25,24,6,73,20,84,14,28,95,36,63,5,69,65,9,81,33,8,46,96,42,11,87,41,48,72,2,16,57,80,94,83,15,43,49,98,78,31,47,59,7,68,34,10,18,89,97,66,71,17,51,12,32,79,74,3,1,35,56,86,40,77,29
1,89,52,83,88,76,9,90,64,23,19,26,62,78,79,54,13,37,36,4,70,92,73,55,30,67,21,59,38,63,22,85,75,0,29,31,45,25,69,6,49,20,50,2,28,80,27,84,5,96,65,53,81,16,66,46,91,95,44,87,41,48,93,72,56,57,58,94,35,15,43,14,98,8,86,24,33,7,68,34,60,18,47,97,10,71,61,51,12,11,82,74,3,17,32,39,42,40,77,99
1,45,54,83,88,76,9,90,11,21,19,26,0,65,79,40,13,60,25,4,67,32,61,55,30,78,96,59,38,22,23,85,75,98,29,31,72,42,66,6,36,20,50,94,28,80,27,84,5,69,49,53,81,16,2,7,91,95,71,87,41,8,93,39,56,64,43,58,35,57,37,70,47,15,86,24,33,52,68,34,63,18,48,97,10,77,74,51,12,89,82,46,3,17,73,44,92,14,99,62
67,8,45,83,88,76,9,22,6,21,39,96,0,65,79,40,13,60,25,4,17,32,91,58,30,78,82,59,94,20,23,85,75,36,29,31,77,42,66,54,49,18,50,19,28,15,72,1,5,68,41,84,81,69,16,7,26,95,46,87,64,55,93,47,56,34,53,86,35,57,37,70,97,27,61,11,33,43,14,90,63,2,48,38,10,71,80,51,12,89,98,74,3,52,73,44,92,24,99,62
12,8,58,83,71,56,9,65,6,21,39,96,67,69,79,40,13,60,25,52,17,99,66,24,30,64,70,59,94,20,50,85,7,98,29,86,77,42,31,54,82,11,22,19,28,89,72,1,84,68,41,49,81,23,16,91,26,95,43,10,38,55,93,0,62,34,53,46,35,57,37,47,75,27,61,87,15,18,14,90,88,2,48,5,73,32,80,78,45,33,51,74,3,97,63,44,92,36,4,76
12,8,35,19,71,23,9,73,44,21,33,65,67,69,79,40,68,38,25,86,17,99,66,24,30,64,26,59,94,57,95,85,7,98,52,75,11,55,31,39,82,97,28,42,58,13,72,1,6,32,41,49,81,83,91,56,70,43,20,10,62,77,29,0,89,34,53,54,47,16,37,90,14,27,93,87,15,18,96,84,50,2,48,5,61,22,80,78,46,45,51,74,3,88,63,60,92,36,4,76
3,8,73,19,60,6,9,89,62,21,15,65,68,96,79,58,91,39,25,86,17,99,18,24,35,64,26,43,94,57,95,85,69,98,52,75,11,61,33,48,82,97,28,42,30,34,72,1,66,32,7,49,41,83,63,56,77,88,20,23,31,12,10,0,67,54,44,81,47,16,4,90,14,27,93,87,55,70,13,84,50,2,59,5,22,36,38,78,80,45,51,74,46,71,40,53,92,37,29,76
3,8,54,86,60,18,9,89,62,0,15,94,33,96,21,58,91,39,25,42,71,99,69,24,35,64,26,78,87,93,95,70,27,98,45,47,85,61,74,73,82,97,28,11,30,34,5,1,66,32,7,49,41,22,43,56,77,14,20,23,38,12,10,57,67,17,84,16,92,51,4,90,6,52,29,72,55,37,13,65,50,2,59,48,68,36,83,44,80,31,88,53,46,81,40,63,75,19,79,76
3,16,30,29,60,42,9,22,62,0,15,94,33,36,21,58,91,39,25,89,93,99,71,24,32,2,88,78,47,50,95,10,27,98,45,38,85,61,28,73,82,90,87,74,97,11,5,76,81,66,7,83,8,54,67,56,69,14,20,23,86,12,40,57,35,17,96,41,92,51,4,84,6,77,43,44,55,37,13,65,18,72,59,48,68,26,1,79,70,31,49,53,46,34,64,63,75,19,52,80
30,21,28,29,60,79,9,22,62,34,15,94,43,5,6,58,91,67,25,89,36,18,50,24,59,2,78,61,47,99,95,46,27,98,45,38,85,88,10,96,82,74,4,71,97,33,53,76,32,66,37,84,8,54,39,56,69,14,20,83,86,42,40,7,35,44,26,93,92,51,73,12,19,77,3,16,55,11,13,65,81,72,90,48,68,0,41,17,70,31,49,1,87,23,64,63,75,57,52,80
84,10,54,29,74,79,52,22,62,34,72,19,43,18,91,92,96,67,25,89,36,69,50,15,59,2,78,95,47,99,56,46,27,98,94,20,85,1,6,38,90,81,4,17,97,60,35,76,32,66,37,40,58,61,39,45,82,14,57,83,86,42,28,7,51,26,88,93,48,21,73,12,44,77,3,16,55,11,71,65,31,64,9,8,68,0,41,53,24,33,49,5,87,23,13,63,75,70,30,80
73,19,54,56,75,79,52,22,76,66,88,18,43,50,46,92,90,97,62,89,33,69,59,93,23,2,78,95,0,99,37,29,27,98,94,20,28,70,6,38,3,81,16,17,87,60,71,85,32,35,15,40,74,84,39,45,82,14,41,83,86,42,4,7,51,26,58,25,21,96,1,12,44,77,34,48,55,11,67,65,31,57,10,8,68,9,61,53,24,72,49,5,91,47,13,63,36,64,30,80
73,19,54,56,95,79,9,22,21,91,57,69,10,50,46,76,87,97,62,6,18,52,83,93,23,2,0,68,84,99,37,29,27,98,94,20,28,26,1,38,92,39,16,25,78,60,8,85,48,66,15,40,74,72,90,45,82,14,41,3,5,42,4,7,12,71,58,43,96,89,64,34,44,77,88,47,55,11,67,65,31,81,75,70,30,53,61,32,24,51,49,59,17,35,13,63,36,86,33,80
25,79,98,56,95,2,9,22,10,75,51,69,88,60,46,76,87,97,62,6,81,52,23,93,53,71,0,66,33,24,41,50,27,12,94,20,28,26,1,38,92,77,37,85,78,7,86,70,48,8,84,68,74,72,90,21,82,99,30,3,14,42,4,39,16,91,58,43,49,45,64,34,44,54,18,47,55,73,67,65,31,83,15,19,89,5,61,32,11,96,40,59,17,35,13,63,36,57,29,80
74,67,70,56,95,2,91,22,57,75,39,69,34,8,46,12,87,32,62,52,81,65,51,93,53,11,0,66,33,13,41,50,61,14,88,20,28,21,27,38,92,77,37,85,24,7,86,40,48,55,84,68,79,72,89,44,47,99,30,3,42,71,97,60,16,1,58,43,98,45,64,4,18,54,36,82,15,73,25,78,31,83,10,19,76,5,17,49,26,96,90,59,6,35,94,63,9,23,29,80
74,67,70,51,95,82,91,22,57,75,39,69,34,8,46,12,87,32,62,99,31,6,15,52,1,47,0,66,77,17,41,50,61,14,88,20,28,21,24,56,81,83,37,85,65,78,7,40,30,4,38,72,43,27,89,11,93,64,10,3,73,71,97,2,16,13,58,68,98,44,92,79,48,54,42,33,84,18,25,86,60,36,53,19,45,5,80,55,26,96,76,59,90,35,94,63,9,23,29,49
43,67,89,2,95,82,91,47,87,75,49,69,86,8,30,12,54,7,98,39,23,6,62,52,1,90,0,66,58,17,41,50,45,14,22,4,28,21,24,56,61,83,37,85,65,78,74,88,57,53,38,19,32,27,99,11,93,64,10,96,81,71,97,40,16,13,70,46,31,42,92,26,48,68,79,33,84,18,25,20,60,36,73,34,77,5,80,15,51,72,76,9,35,3,94,63,44,55,29,59
43,67,62,31,95,44,91,47,14,75,6,34,86,8,30,12,41,79,33,39,81,99,76,82,46,88,0,69,16,17,58,50,45,71,54,4,28,36,24,56,61,83,37,21,65,73,74,23,87,53,22,19,32,27,20,68,93,64,10,96,57,1,97,40,55,13,70,7,38,42,92,26,48,51,2,94,84,18,25,63,89,78,52,5,77,98,80,15,49,72,90,35,60,3,66,11,9,85,29,59
20,25,62,31,95,44,91,47,53,30,6,34,86,8,66,12,51,79,45,64,97,99,93,82,46,98,94,69,16,17,72,50,68,71,74,67,13,36,24,0,61,83,37,21,56,73,11,14,87,43,39,29,32,28,76,65,84,38,10,96,88,1,49,40,55,33,70,7,4,27,92,23,48,58,18,35,54,59,75,63,89,78,52,5,77,26,80,15,22,19,90,9,60,3,42,57,41,85,81,2
20,58,75,28,95,44,91,25,87,30,6,31,86,8,50,5,64,79,45,83,82,84,60,9,0,1,94,69,16,17,27,72,68,71,74,99,13,36,24,43,61,62,34,21,56,73,11,81,47,77,39,10,32,97,76,65,40,38,37,12,88,46,53,96,55,33,70,52,66,22,92,7,15,85,18,29,54,59,48,63,89,78,49,14,98,26,80,93,23,19,90,67,51,3,42,57,41,4,35,2
20,58,75,9,95,96,72,25,59,30,6,52,86,5,50,28,64,79,35,83,88,32,60,89,61,1,63,69,82,33,27,76,68,26,12,0,13,2,15,43,71,62,84,21,92,91,11,81,47,42,87,10,98,97,16,65,40,38,77,7,17,46,53,14,55,66,70,99,45,22,44,31,56,85,18,29,54,94,48,74,37,73,39,8,78,24,80,93,23,19,90,67,51,3,36,57,41,4,34,49
20,58,75,9,4,90,39,95,59,25,6,62,0,5,50,61,64,26,78,83,30,35,60,89,91,43,19,69,82,74,18,76,68,98,63,32,13,99,2,44,38,96,71,21,55,72,11,81,47,42,40,10,56,27,16,85,88,66,77,7,17,46,53,14,86,92,70,87,45,22,12,31,84,97,52,29,54,94,48,1,37,73,15,8,79,80,67,93,23,33,24,65,51,3,36,57,41,28,34,49
78,91,75,9,44,90,39,82,59,0,6,62,99,12,50,61,20,58,54,22,11,35,40,89,5,43,19,69,72,74,33,76,68,98,63,92,13,86,2,51,29,96,71,81,55,52,26,17,47,42,18,10,56,27,16,87,45,8,77,97,4,46,53,14,3,66,70,31,25,88,41,30,84,23,7,73,21,94,48,1,37,67,38,64,79,80,83,93,85,60,24,65,15,95,36,57,32,28,34,49
71,11,75,86,44,90,30,82,59,9,6,62,99,12,33,91,20,58,50,22,46,25,81,57,5,76,19,54,72,39,8,35,63,97,94,92,13,84,78,15,29,96,89,85,55,52,26,17,47,95,18,10,28,27,40,87,45,65,61,83,4,69,53,67,14,66,70,31,3,88,41,34,42,23,7,73,51,21,48,1,37,0,38,64,79,77,74,93,24,60,98,56,68,16,36,2,32,43,80,49
88,12,75,86,44,5,30,82,59,9,6,62,48,11,33,91,43,17,29,22,46,25,79,90,57,24,19,42,72,39,50,69,20,97,94,89,52,84,78,15,63,13,37,21,55,47,26,58,54,36,18,76,71,27,40,87,45,1,61,83,4,41,53,67,14,66,70,31,96,32,99,34,3,23,0,73,56,7,8,95,35,81,38,65,28,77,74,93,51,60,10,85,68,98,92,2,16,64,80,49
88,81,63,86,44,11,30,78,59,9,6,62,48,36,15,91,74,23,29,25,61,80,26,41,57,24,19,8,43,16,60,17,85,97,79,89,5,84,75,90,82,13,37,21,55,69,14,18,47,92,50,76,71,27,40,46,45,73,72,83,4,94,53,67,52,66,39,31,96,3,99,34,93,35,0,54,56,7,12,95,32,42,38,65,28,77,33,70,51,22,10,87,68,98,1,2,20,64,58,49
90,81,63,86,44,88,30,70,59,17,14,48,32,36,15,91,11,23,29,25,61,98,26,51,57,24,19,94,66,16,74,65,89,97,79,60,64,84,75,4,82,13,83,21,55,8,80,20,47,9,69,76,41,37,85,46,27,73,72,87,50,43,53,28,52,6,39,31,96,10,54,34,93,35,0,71,56,7,12,38,3,42,18,62,92,77,33,40,58,22,68,95,67,78,1,2,45,99,5,49
90,86,63,14,44,88,32,98,34,17,39,48,81,73,20,82,91,23,29,25,64,65,13,51,57,9,71,94,66,16,74,24,92,15,79,11,87,84,75,56,47,77,83,21,55,8,80,96,4,36,69,76,41,37,85,46,60,2,10,26,50,43,53,28,6,22,30,31,52,68,89,0,93,35,72,97,61,7,12,38,3,42,18,62,33,70,27,40,58,19,59,95,78,1,54,67,45,99,5,49
90,86,63,10,68,88,76,98,82,17,67,48,95,73,84,75,91,20,83,25,64,65,33,22,32,9,12,94,66,16,89,53,92,27,79,11,87,44,29,57,47,77,36,21,69,55,80,96,4,56,13,37,41,51,85,46,60,2,93,26,34,43,38,52,6,18,71,31,74,40,78,0,15,35,28,97,61,7,24,5,3,42,50,62,81,70,14,8,58,30,19,23,72,1,54,39,45,99,59,49
90,86,38,10,68,88,37,74,82,51,67,48,18,70,46,75,49,41,29,25,80,65,33,22,13,9,12,94,66,20,89,53,92,4,79,11,35,64,16,56,17,62,52,21,14,55,69,96,32,44,72,84,97,85,78,27,19,73,2,26,34,43,60,36,6,93,71,31,76,40,83,0,15,28,45,47,63,7,24,5,3,42,50,61,81,87,57,8,58,30,91,23,95,1,54,39,77,99,59,98
13,9,38,79,89,88,37,49,21,32,67,48,18,12,23,3,95,41,55,75,80,45,33,35,87,71,30,94,63,20,85,53,92,4,59,11,65,64,16,0,84,62,51,68,14,56,69,97,26,44,72,15,27,82,78,58,19,73,2,96,22,43,60,36,70,93,34,31,76,40,25,1,29,28,83,47,46,7,24,5,17,42,50,61,81,10,57,8,86,66,91,52,74,90,54,39,77,99,6,98
69,64,85,79,33,88,37,49,60,59,34,82,63,44,23,30,95,41,55,75,80,45,43,35,87,71,3,68,14,21,42,53,18,4,92,11,65,83,26,0,84,62,51,97,38,56,61,16,70,67,72,15,27,28,78,58,19,47,81,96,22,99,89,36,13,93,86,31,76,40,25,1,29,48,94,90,32,7,24,20,12,46,57,9,17,10,73,8,74,50,91,52,66,5,54,39,77,2,6,98
29,79,85,47,61,88,37,38,33,59,34,23,71,44,74,30,72,64,55,20,35,66,96,60,87,4,3,68,14,21,26,53,18,92,75,57,65,83,80,0,84,32,15,97,36,56,13,10,70,67,1,81,27,28,78,76,11,69,41,45,22,99,89,49,42,93,86,31,12,40,25,77,51,48,94,90,63,7,24,16,19,46,50,58,17,8,73,9,82,62,91,52,43,5,54,39,95,2,6,98
29,90,85,53,61,88,37,38,15,59,21,23,71,44,74,39,72,64,55,20,54,8,96,60,87,4,3,62,14,33,26,50,86,92,34,57,52,31,80,0,28,84,73,97,36,32,13,10,47,43,7,77,67,16,78,76,11,69,99,63,1,18,89,41,70,75,81,66,12,40,25,51,65,48,94,35,93,30,24,83,19,56,79,58,17,98,6,9,82,27,91,68,46,5,45,49,95,2,42,22
90,62,85,95,61,88,37,38,15,1,12,4,71,44,63,39,72,64,22,45,55,8,77,60,87,19,20,53,74,96,26,92,86,69,11,57,52,31,80,0,24,93,73,97,27,32,13,10,47,43,7,40,17,16,68,76,28,58,99,94,78,18,89,41,70,75,81,66,54,65,42,51,50,48,14,35,56,83,98,25,30,29,79,84,21,59,6,9,82,91,34,36,46,5,23,49,33,2,67,3
90,62,30,95,87,92,37,38,15,1,12,4,71,46,63,39,72,33,64,84,55,22,77,60,23,88,20,53,73,3,26,6,67,69,25,57,75,19,80,0,24,8,81,31,56,47,32,10,52,43,83,44,17,16,85,13,28,58,99,94,78,18,34,5,70,66,93,89,54,65,42,51,50,48,96,35,2,7,98,76,36,29,79,45,41,59,11,9,82,91,14,27,86,74,40,49,97,21,68,61
90,1,30,95,87,69,26,38,15,54,65,4,71,50,63,98,72,33,64,76,55,22,34,60,12,88,52,41,56,3,47,21,67,36,25,57,23,74,40,0,24,8,81,17,62,31,32,10,6,75,43,44,92,16,96,2,28,58,27,94,99,18,84,5,37,66,93,39,48,77,42,51,85,70,13,20,89,7,73,46,45,29,79,78,35,59,11,9,82,91,14,53,19,86,83,49,97,80,68,61
90,1,34,95,5,77,81,7,15,22,65,4,96,50,63,21,26,33,25,76,55,72,78,60,66,91,52,41,12,3,69,39,67,36,18,48,23,74,40,46,24,73,20,17,62,47,32,2,56,75,29,44,92,16,51,61,28,58,27,94,30,98,84,93,38,97,88,99,8,0,42,70,85,37,13,43,10,64,57,89,54,71,79,87,35,59,11,9,82,45,14,53,19,86,83,49,31,80,68,6
90,93,31,75,5,49,81,7,6,43,65,27,32,42,63,21,26,33,25,34,55,72,4,29,80,0,52,41,12,3,69,50,67,54,18,1,23,74,59,88,24,73,20,17,40,47,76,78,36,45,39,82,92,16,2,61,11,14,22,94,30,98,57,48,38,96,97,99,8,95,91,56,85,37,62,84,10,64,15,89,46,71,79,87,35,51,28,9,60,66,13,53,19,86,83,44,58,70,68,77
70,24,43,58,5,95,25,80,99,94,67,27,87,11,63,21,75,33,37,3,50,76,4,26,42,34,52,41,12,51,69,90,55,54,18,1,23,74,59,88,39,73,15,17,40,46,20,31,36,45,78,82,29,16,2,61,7,93,81,32,30,98,57,48,22,96,97,0,49,28,91,56,85,65,6,84,10,64,44,89,38,71,13,8,35,72,14,9,60,66,92,53,19,86,83,79,62,47,68,77
70,24,43,58,5,47,83,38,99,63,67,27,77,51,94,21,75,80,37,3,74,76,93,18,42,34,26,57,60,11,69,90,55,54,98,25,23,15,59,50,6,52,4,17,40,46,96,31,36,45,78,82,29,22,87,61,7,95,81,32,30,56,9,72,92,33,49,0,86,84,91,97,85,65,13,1,10,64,44,2,39,88,89,8,35,71,14,12,62,66,41,53,19,28,16,79,20,73,68,48
70,9,43,49,5,47,81,28,99,63,67,27,77,6,94,21,50,23,74,75,3,34,93,91,95,38,26,57,51,11,69,30,48,54,98,20,29,15,59,72,83,52,4,17,40,73,18,31,55,45,78,80,56,22,87,61,7,13,90,32,36,82,71,25,62,85,33,0,86,58,60,97,89,65,92,1,10,64,44,53,39,88,24,8,35,41,14,12,37,66,79,42,19,46,16,76,96,84,68,2
53,9,43,49,99,47,70,28,27,63,64,14,30,61,3,21,42,44,74,8,69,34,93,91,52,38,26,15,51,25,76,6,77,54,98,20,31,57,59,72,23,96,75,50,40,73,18,94,55,45,78,0,56,33,87,17,7,13,48,32,36,85,71,22,62,4,90,67,37,58,60,97,89,65,92,95,10,66,12,81,39,88,24,11,35,41,1,19,86,82,79,2,83,46,16,80,5,84,68,29
49,43,93,28,15,47,70,33,20,53,64,96,30,61,3,21,66,86,74,8,69,34,38,91,52,41,26,62,51,25,76,6,11,54,46,88,31,71,0,4,23,27,57,35,40,73,18,97,55,45,78,48,56,79,89,17,7,59,75,32,68,85,37,22,72,13,90,67,44,58,60,99,50,65,39,95,10,92,63,81,94,42,24,36,14,9,1,19,87,82,77,2,83,12,5,80,16,84,98,29
49,43,93,48,15,47,70,33,20,53,59,8,36,96,3,21,66,86,74,9,69,34,72,91,52,60,84,62,51,12,76,28,11,54,78,67,31,71,61,37,75,64,90,35,50,73,0,38,85,30,89,26,56,79,83,17,7,68,55,88,58,27,4,22,97,13,41,81,44,23,45,99,19,65,24,95,10,39,63,5,94,42,40,92,14,18,1,57,87,82,25,2,46,32,77,80,16,6,98,29
49,43,69,48,1,9,7,96,20,53,59,47,58,92,3,21,95,86,74,77,35,70,72,91,42,60,84,62,13,12,29,28,11,54,71,98,31,19,61,37,75,25,90,85,50,67,0,8,15,30,89,26,55,79,83,17,24,68,52,46,57,27,4,33,65,22,41,81,73,23,45,99,56,82,78,2,88,39,63,5,44,16,40,51,14,18,10,64,87,34,36,76,93,32,94,80,97,6,38,66
30,43,79,12,69,52,68,96,20,53,59,47,58,92,25,77,56,8,74,37,21,70,72,95,6,60,84,49,13,90,54,87,11,71,23,98,31,19,61,48,51,17,81,66,50,67,0,80,39,24,89,45,55,85,83,86,75,7,94,32,57,27,4,33,65,9,41,35,73,15,3,99,91,82,78,62,88,2,63,5,44,16,40,42,14,26,10,64,29,34,36,76,93,18,46,1,97,28,38,22
30,59,84,12,69,52,68,96,99,82,94,66,58,92,55,3,56,8,74,37,21,48,72,78,6,60,73,49,11,13,54,87,79,71,41,77,47,43,61,76,51,17,81,80,65,67,0,62,39,53,24,45,70,85,83,89,75,7,46,32,35,33,10,57,16,9,4,63,18,28,90,86,91,25,50,31,88,20,23,5,44,27,40,42,14,15,95,64,29,34,36,26,93,19,98,1,97,2,38,22
30,90,84,27,94,52,68,19,39,82,40,23,58,57,55,3,56,8,74,78,22,48,43,4,66,12,73,49,11,13,54,87,79,69,17,5,47,86,97,62,51,88,81,80,77,67,0,76,95,53,24,26,70,85,21,89,75,7,96,32,35,33,28,46,16,9,42,63,72,50,65,61,91,25,36,31,83,45,92,99,44,20,60,41,14,18,37,64,29,34,71,59,93,6,98,1,15,2,10,38
63,90,84,27,94,24,68,19,25,82,39,22,43,57,55,1,56,8,74,23,45,48,85,62,66,96,73,49,88,13,54,37,26,69,17,5,36,86,93,78,51,79,87,38,77,67,11,21,95,44,4,91,47,80,58,89,75,7,34,32,35,33,29,3,0,9,42,71,72,50,65,61,46,28,52,30,83,10,92,99,40,20,60,41,76,18,31,70,14,16,97,59,53,6,98,81,15,2,12,64
63,90,48,72,34,24,40,19,94,51,39,22,43,57,55,32,23,31,21,47,45,8,56,62,66,96,73,49,91,36,85,27,26,14,17,10,87,86,93,42,35,79,99,38,77,67,84,69,95,97,12,4,74,80,58,89,13,59,75,71,68,33,28,3,0,9,7,11,29,50,52,61,46,78,82,30,83,88,92,1,5,20,60,41,76,18,54,70,25,65,44,37,53,6,98,81,15,2,16,64
88,90,48,72,34,24,5,38,84,51,39,22,43,57,56,50,12,31,21,0,19,8,67,62,66,46,77,49,41,36,58,54,45,94,17,23,87,86,93,68,35,79,99,25,69,6,47,83,95,97,27,4,74,80,85,89,91,59,75,71,42,63,28,7,96,9,13,11,29,40,52,61,32,78,65,30,64,16,70,1,55,20,60,44,76,18,14,10,73,81,92,37,53,3,26,33,15,2,82,98
76,36,48,83,34,26,5,38,84,18,32,52,43,29,96,50,30,31,21,0,19,78,58,62,66,46,77,89,6,57,97,54,8,94,22,23,93,86,45,68,35,79,87,25,99,63,74,75,88,69,27,24,14,80,85,56,91,59,4,71,42,12,28,7,95,9,13,11,92,15,3,61,72,1,65,47,64,16,70,90,55,20,60,44,39,98,40,10,73,41,67,37,53,49,51,33,17,81,82,2
76,36,48,83,34,26,5,38,55,57,90,52,32,29,96,12,30,4,21,0,19,78,58,20,31,46,88,8,6,63,97,54,62,73,11,9,93,27,45,68,44,79,66,14,99,61,74,43,2,69,82,24,47,80,85,35,91,7,17,92,23,65,28,75,95,71,13,59,25,56,89,50,72,1,94,42,64,16,70,18,81,15,60,77,39,98,40,10,87,41,67,37,51,49,22,33,3,53,86,84
76,33,48,83,34,26,55,38,91,57,90,52,32,58,44,85,18,4,12,8,73,78,47,20,31,19,88,1,71,63,95,54,62,84,60,9,93,27,15,68,98,35,66,14,99,77,74,0,2,69,82,24,45,80,96,41,11,46,29,92,23,65,36,70,21,61,13,59,86,56,89,50,72,67,94,17,43,16,37,6,7,79,5,30,39,75,40,10,87,42,97,28,51,49,22,81,3,64,25,53
5,33,80,83,34,64,77,21,58,68,39,52,76,62,78,85,18,4,67,91,65,92,47,51,31,6,56,1,2,7,95,54,45,20,57,9,93,27,15,90,98,35,30,14,99,0,74,82,17,69,88,24,96,22,11,41,19,46,29,12,13,71,36,70,63,61,84,59,86,66,89,50,72,23,94,26,43,16,37,44,32,79,48,38,60,75,40,10,87,42,97,28,55,8,49,81,3,73,25,53
5,20,80,83,70,3,43,21,95,68,89,47,76,62,94,85,18,58,67,78,26,92,17,51,31,6,38,1,52,13,8,54,45,96,57,66,93,7,9,56,98,72,30,14,99,0,74,82,34,69,88,24,16,22,11,2,19,46,29,12,63,71,41,79,64,61,42,59,86,27,55,50,53,23,77,44,49,84,37,15,32,81,48,33,87,75,39,10,40,60,97,28,36,35,91,65,4,73,25,90
44,34,93,30,70,3,43,74,95,65,21,47,76,1,13,83,27,51,67,78,26,92,49,96,31,14,38,2,52,94,8,46,45,37,90,66,56,7,9,24,98,72,41,99,62,75,54,55,28,69,88,16,20,22,11,58,19,57,53,12,63,71,68,79,64,61,23,59,86,50,18,29,80,17,77,39,10,84,89,15,32,81,48,33,87,6,82,5,40,60,97,0,36,35,91,42,4,73,25,85
32,34,42,18,70,59,79,74,95,44,90,31,43,15,20,83,27,51,58,78,26,25,46,96,28,14,38,2,45,94,30,50,10,37,1,72,56,92,9,24,98,60,41,12,54,99,48,55,3,69,87,16,88,65,11,13,19,57,53,66,63,71,68,7,64,61,23,49,86,62,47,29,52,17,77,39,82,84,89,6,76,81,75,33,91,80,93,5,40,8,97,0,36,35,22,73,4,21,67,85
79,34,80,99,96,71,16,35,95,85,17,31,30,15,20,83,36,51,58,44,26,33,46,0,24,14,21,74,2,94,45,50,29,37,1,72,56,92,9,25,48,19,41,12,98,60,63,55,47,69,87,43,88,65,6,13,70,57,18,66,11,54,68,7,64,3,23,49,86,62,91,75,52,61,77,39,82,84,89,53,76,81,67,8,10,32,93,59,40,78,97,27,90,38,22,73,4,42,28,5
79,34,80,21,87,71,16,96,95,8,17,31,30,15,62,29,36,51,58,14,75,0,46,22,69,93,89,82,2,94,45,24,6,52,27,72,56,11,9,25,48,19,41,98,99,60,3,67,47,81,90,43,88,97,50,13,70,5,18,66,65,54,68,7,64,37,12,49,86,38,91,26,63,74,77,20,33,84,83,53,76,92,57,39,10,42,55,59,40,78,35,23,1,85,44,73,4,61,28,32
79,83,80,21,87,71,81,61,95,86,17,69,30,25,62,29,36,51,58,14,60,0,46,22,57,93,40,89,34,94,88,97,78,85,27,12,56,11,9,6,48,82,52,98,99,28,41,96,31,72,90,2,49,3,91,13,70,5,16,66,65,26,68,7,64,37,42,77,39,38,43,75,63,74,35,84,45,15,47,53,76,92,4,8,10,24,55,59,20,67,50,23,1,54,44,73,33,18,19,32
79,29,33,69,42,68,81,61,95,86,49,83,27,25,62,28,38,51,58,14,30,73,46,22,85,92,43,64,34,4,88,97,78,0,96,74,56,59,32,87,20,82,52,98,23,12,41,35,31,11,90,2,89,3,57,13,70,5,16,66,65,26,93,7,40,37,60,77,39,17,63,45,72,9,21,84,36,75,47,53,76,15,94,8,10,24,55,91,99,67,50,48,1,54,71,44,6,18,19,80
79,29,1,65,42,68,81,61,95,41,49,83,27,25,62,28,38,11,58,57,30,73,46,74,6,92,15,75,34,4,85,97,78,12,96,71,56,33,32,87,67,82,52,98,23,86,59,35,39,17,84,2,89,3,69,72,70,5,10,26,63,31,91,7,8,90,60,77,36,37,0,43,44,64,9,66,14,13,47,51,76,53,94,45,55,24,20,93,99,80,50,48,40,54,88,21,22,18,19,16
44,54,87,65,42,68,63,15,27,2,49,77,86,75,62,61,38,11,58,57,30,73,46,74,99,92,1,96,34,4,84,25,78,35,29,32,56,33,90,85,67,82,28,98,23,76,59,48,71,89,53,39,94,3,69,6,14,5,10,26,83,41,91,7,37,9,60,31,36,70,0,43,79,80,81,66,8,13,12,51,47,52,17,45,55,95,20,93,64,72,50,97,40,24,88,21,22,18,19,16
45,34,84,10,8,68,63,15,27,50,49,77,86,42,62,83,25,11,54,57,30,73,46,74,99,75,1,96,20,80,35,7,2,38,90,32,12,91,33,92,67,98,56,4,23,76,59,48,71,89,65,39,94,82,69,29,14,60,9,64,78,41,36,52,97,61,26,31,85,70,0,3,79,44,81,66,58,13,43,51,47,93,17,53,55,95,40,5,37,72,28,6,87,24,88,21,22,18,19,16
28,23,71,34,90,36,63,86,62,59,49,77,54,42,80,83,25,11,60,57,30,10,46,74,95,75,85,96,66,67,35,7,99,38,81,32,12,9,69,16,73,98,33,4,29,76,15,53,41,89,65,39,47,82,27,91,14,92,5,64,48,44,43,52,97,61,26,31,13,70,0,3,79,78,84,21,58,94,56,45,68,93,17,51,55,50,40,2,37,72,1,6,87,24,88,8,22,18,19,20
28,53,71,13,21,66,63,86,56,59,49,61,54,42,70,62,34,80,60,57,72,10,52,74,95,36,85,92,90,17,35,7,30,69,81,73,33,9,96,37,0,98,5,4,29,76,32,2,11,89,83,39,47,82,15,65,99,23,8,64,48,46,43,91,97,25,77,31,26,79,44,3,40,78,84,75,58,94,67,45,68,93,20,51,55,50,12,27,41,38,1,6,87,24,88,14,22,18,19,16
28,53,23,89,18,66,91,86,47,59,39,79,92,42,70,62,52,21,60,57,30,10,45,54,32,36,85,25,90,11,35,7,48,69,15,73,56,94,77,96,34,71,76,4,29,80,97,2,49,31,0,74,33,82,61,99,95,83,8,64,65,46,43,81,37,17,63,5,26,16,44,98,40,78,84,75,58,72,67,3,6,93,20,51,55,50,12,27,41,38,1,13,87,24,88,14,22,9,19,68
60,53,42,5,18,66,76,75,96,2,39,97,92,6,70,62,52,87,13,91,30,10,20,46,89,36,85,25,90,4,35,7,48,69,83,73,57,94,77,49,34,82,28,55,74,79,45,37,40,38,51,15,33,29,61,99,95,78,8,64,65,1,43,50,80,17,63,0,26,16,44,59,14,86,84,32,58,72,67,3,21,93,54,81,56,31,12,27,41,23,71,98,47,24,88,11,22,9,19,68
27,52,6,5,18,66,76,30,39,17,60,97,59,28,70,62,63,87,13,91,21,10,53,46,8,36,85,24,90,80,35,74,48,92,83,84,58,4,77,49,34,79,69,55,75,95,45,37,40,38,7,31,25,29,61,99,81,78,50,64,65,94,26,42,12,98,51,0,57,16,44,56,14,86,96,32,2,72,20,3,67,93,73,33,1,89,15,43,82,23,71,41,47,54,88,11,22,9,19,68
16,92,95,52,18,73,76,11,39,33,62,97,59,50,70,40,27,55,13,91,21,10,53,46,69,6,85,24,90,8,74,28,48,96,60,80,58,2,66,49,34,79,5,4,75,65,45,37,32,54,22,31,25,83,61,77,81,78,29,64,15,86,43,42,12,98,51,0,57,72,44,56,14,17,84,1,35,94,20,3,67,93,36,88,71,89,30,99,82,23,26,41,47,87,63,38,7,9,19,68
73,67,25,52,18,30,22,11,39,33,62,97,59,50,70,40,27,55,60,26,21,43,17,46,36,37,85,24,90,8,31,28,34,96,57,80,58,2,66,88,56,14,92,95,75,79,65,93,32,3,74,1,13,54,61,4,69,78,89,64,15,42,5,29,12,98,51,0,45,72,44,38,16,9,91,77,35,94,48,83,49,84,81,86,71,53,10,99,82,23,76,41,47,87,63,20,7,6,19,68
55,67,25,79,7,5,22,11,23,33,62,97,83,65,70,40,52,72,60,26,82,43,89,39,10,37,85,24,69,48,42,28,34,27,6,80,58,16,66,64,21,14,92,95,17,31,71,2,32,36,74,1,13,54,61,4,8,78,19,90,15,56,18,29,12,51,68,46,45,30,59,38,93,81,91,77,3,94,57,75,49,84,9,86,44,53,96,99,98,50,76,41,47,87,63,20,88,0,35,73
55,67,33,79,7,5,99,85,25,59,1,97,49,60,92,40,52,11,63,36,82,37,89,75,10,6,98,26,69,13,47,28,34,83,74,3,66,16,80,64,24,14,27,95,58,31,71,19,32,77,22,18,54,86,61,4,8,78,42,90,15,45,65,94,12,51,68,46,0,30,21,38,93,81,91,29,39,62,57,70,2,84,9,17,44,53,96,48,72,50,76,41,56,87,43,20,88,23,35,73
75,6,33,79,7,39,25,85,76,55,56,97,49,21,36,35,26,89,63,31,5,68,59,65,10,8,98,11,69,23,95,60,34,90,78,3,66,74,80,64,24,14,53,46,58,93,71,19,32,77,22,18,99,86,61,13,16,67,91,81,15,45,52,94,12,51,27,9,0,30,28,38,20,82,42,29,92,62,57,70,2,84,4,17,44,83,96,48,72,50,40,41,54,87,1,43,88,47,37,73
89,96,33,79,30,39,25,66,76,55,37,6,49,21,70,35,17,78,63,86,5,68,59,65,36,56,98,11,69,94,95,60,34,90,57,28,97,83,1,64,3,14,53,85,42,88,71,19,22,87,23,18,99,77,61,80,46,67,91,81,15,45,52,58,32,7,27,51,29,12,26,72,20,82,31,74,92,62,16,0,2,84,4,48,44,24,13,38,8,50,40,41,54,75,47,43,9,93,10,73
89,65,33,21,30,36,25,39,76,88,37,13,84,79,70,35,75,78,63,7,5,68,80,71,6,56,98,97,69,95,18,60,34,90,57,28,50,8,1,64,77,14,53,85,73,43,19,3,58,17,23,55,99,42,61,93,46,67,83,81,15,16,87,52,32,86,27,66,91,12,26,72,20,94,31,74,62,22,45,0,2,82,4,11,44,24,59,38,49,10,40,41,54,51,47,92,29,9,48,96
77,65,74,51,62,36,25,87,76,38,37,13,84,72,78,86,75,9,63,7,43,68,80,71,92,56,98,57,69,95,18,60,34,90,79,41,50,8,96,64,44,14,53,85,1,22,19,3,33,17,23,21,99,42,61,93,46,39,83,20,15,55,94,26,47,40,27,66,91,12,73,54,29,11,97,35,81,59,67,0,2,82,4,70,58,24,6,89,49,10,88,5,31,28,52,16,45,30,48,32
77,65,74,82,49,57,75,87,76,38,37,13,71,84,78,86,1,9,59,7,43,68,25,96,92,56,52,19,69,36,6,70,60,51,79,89,46,16,93,64,15,8,53,85,42,22,28,20,33,41,23,21,99,24,61,3,18,39,83,34,10,30,17,26,47,40,27,66,94,12,73,54,29,55,97,35,81,11,67,0,2,95,80,48,58,50,62,91,44,4,88,5,31,72,63,14,45,90,98,32
15,65,51,31,49,57,82,9,86,38,80,71,81,12,78,77,1,59,44,68,43,69,25,96,92,56,52,98,60,40,6,70,29,37,79,89,46,16,87,64,41,67,53,7,90,22,28,20,33,63,23,21,99,24,61,3,27,17,83,34,10,19,13,26,30,36,72,66,94,97,8,54,85,55,42,35,93,11,50,0,2,95,74,48,58,4,62,91,18,76,88,5,14,32,47,39,45,73,84,75
5,13,12,59,40,61,43,9,86,74,51,71,81,39,78,93,1,3,4,68,56,69,25,96,83,26,67,98,60,80,38,36,92,37,79,89,49,16,87,64,41,44,53,7,90,22,28,20,33,63,6,15,47,70,21,82,31,42,0,34,10,19,46,18,30,99,72,66,57,97,8,54,85,55,94,35,17,62,50,24,2,95,65,48,58,77,29,27,14,23,88,91,76,32,11,52,45,73,84,75
5,13,12,59,51,91,43,9,60,84,8,97,42,39,78,28,1,3,4,40,61,69,25,96,92,26,67,54,31,80,11,36,71,37,79,64,49,32,63,38,17,87,41,7,18,22,53,20,33,66,6,44,47,74,21,57,82,85,0,88,10,19,83,86,30,14,72,70,15,68,56,46,81,55,94,35,90,62,16,24,2,95,65,89,58,77,99,27,48,23,34,93,76,98,29,52,45,73,50,75
5,6,12,59,77,4,43,9,78,17,90,62,42,64,99,96,1,3,34,40,61,69,79,22,68,73,57,54,31,80,11,36,71,0,25,23,49,32,63,38,30,93,41,7,18,97,53,20,33,19,87,44,84,74,21,66,82,56,27,88,10,91,83,86,76,14,72,70,85,94,8,15,81,67,28,60,46,65,16,26,13,95,35,89,58,51,24,2,48,37,39,47,92,98,29,52,45,55,50,75
96,82,19,68,77,4,10,0,95,12,17,62,42,64,99,34,16,78,66,13,61,44,79,1,84,18,57,54,31,80,11,92,71,29,20,23,49,25,63,14,30,93,41,7,32,97,53,37,5,46,87,33,94,74,21,3,40,56,27,88,65,91,83,86,76,22,72,70,43,36,8,60,75,67,38,45,73,90,59,26,85,6,35,89,58,51,24,2,48,69,39,47,9,98,15,52,50,55,28,81
96,32,19,68,77,13,10,0,95,12,17,60,35,99,39,65,16,14,66,29,61,44,79,1,84,55,57,4,31,6,11,90,71,2,20,23,49,46,26,63,30,64,36,7,34,97,21,37,22,52,87,33,93,74,86,42,40,83,27,50,45,91,28,82,18,53,72,56,43,5,8,78,75,67,38,62,73,81,59,3,85,54,98,70,58,51,24,76,48,69,92,47,9,89,15,80,94,88,41,25
90,61,30,68,77,13,10,27,95,12,17,96,8,99,57,65,16,4,67,39,84,44,14,60,24,55,37,32,31,75,11,35,71,2,20,23,49,15,7,63,74,64,36,34,42,97,83,18,19,52,87,33,58,1,79,85,40,70,88,50,82,91,28,22,6,53,45,56,69,5,89,78,43,26,38,62,73,81,59,3,92,54,98,29,93,51,21,76,48,66,46,47,9,72,25,80,94,0,41,86
60,18,30,26,77,13,21,17,95,12,49,96,8,99,89,28,74,63,67,65,58,44,14,66,24,55,37,22,31,10,7,35,43,97,20,61,2,15,57,23,39,64,36,34,42,85,83,1,86,52,87,33,98,54,79,16,40,70,88,0,9,91,59,68,90,53,45,56,50,5,78,72,19,71,38,62,73,81,75,6,92,3,11,29,93,51,80,76,48,27,46,47,82,32,25,4,94,84,41,69
60,18,94,26,77,13,21,17,95,12,34,96,8,1,89,76,32,20,67,74,58,44,75,33,24,29,31,22,9,10,51,91,71,56,39,61,2,15,37,23,93,64,36,45,42,85,83,70,86,52,63,14,98,0,50,16,40,97,88,84,49,35,59,68,57,53,54,99,90,5,82,3,19,65,38,62,78,81,79,6,92,73,11,69,4,28,80,43,48,27,46,47,7,55,30,72,87,66,41,25
17,18,94,47,77,75,21,70,95,12,34,96,8,54,4,88,32,20,29,14,58,44,72,33,31,80,76,86,9,10,51,91,89,1,39,61,27,24,41,23,0,64,36,45,42,85,99,93,48,78,13,43,98,52,26,16,82,97,37,84,60,35,71,68,57,53,62,11,90,74,49,3,19,65,30,15,56,81,79,6,92,73,2,69,63,28,83,5,46,59,67,38,7,55,50,40,87,66,22,25
58,86,55,47,77,80,82,70,95,12,30,16,8,31,4,88,32,34,29,56,17,44,72,33,2,92,38,75,9,10,51,79,21,54,78,61,71,24,45,0,69,94,20,96,42,23,99,93,48,39,13,43,98,52,26,85,14,97,37,84,60,35,64,68,91,15,62,11,90,74,22,3,49,65,5,1,57,81,53,6,76,73,46,7,63,28,87,41,89,59,67,19,27,83,50,40,18,66,36,25
58,31,55,40,95,80,82,70,92,12,30,16,8,67,4,32,3,87,29,56,17,61,62,66,47,1,38,98,96,89,51,75,21,79,78,83,71,24,45,35,69,94,23,28,42,50,53,93,48,39,13,43,0,52,54,86,14,97,37,84,60,74,18,85,91,15,72,11,90,44,22,88,6,9,68,33,57,81,25,77,76,73,46,7,65,34,49,41,10,59,63,19,27,2,99,26,20,5,36,64
75,31,95,40,74,88,82,70,17,0,30,16,53,56,4,32,3,87,59,81,94,61,62,66,47,2,11,10,96,51,72,1,21,79,78,83,71,14,45,35,69,28,37,20,42,50,41,93,48,39,13,43,12,24,54,86,80,52,18,63,60,55,98,85,91,15,58,92,90,44,22,6,23,9,73,97,57,33,25,8,76,68,46,38,36,34,77,49,67,19,29,65,27,89,99,26,84,5,7,64
42,31,93,80,74,88,53,70,86,17,30,16,14,56,4,68,3,87,59,81,11,49,51,26,97,2,62,10,96,71,72,13,41,79,78,83,39,61,45,21,69,7,66,20,94,50,54,24,48,1,37,15,75,6,40,76,28,52,82,0,60,55,98,85,91,95,58,92,35,44,90,27,23,43,73,22,12,33,25,8,67,32,46,38,36,34,77,57,9,19,29,65,18,63,99,47,84,5,89,64
42,10,93,80,74,88,53,70,86,16,15,97,75,49,24,2,3,66,5,81,27,68,51,17,82,31,62,22,78,71,72,13,85,83,64,40,39,61,45,67,69,55,98,20,94,50,54,95,19,60,63,41,36,6,32,76,28,87,11,0,1,59,37,34,91,26,58,92,35,52,90,14,21,43,73,96,12,33,25,8,44,7,46,38,30,4,77,57,9,79,29,65,18,23,99,47,84,56,89,48
42,12,93,80,45,88,98,70,91,68,15,97,75,6,24,7,3,16,5,73,96,4,51,17,82,23,49,29,13,71,72,65,44,83,2,40,64,61,46,67,69,55,43,20,53,50,54,95,26,60,63,41,78,28,32,76,74,99,22,0,36,59,37,94,85,56,58,92,35,52,11,14,62,39,81,87,19,33,25,47,66,38,27,21,30,86,77,57,9,79,10,90,18,1,8,31,84,34,89,48
42,65,14,80,45,88,98,70,41,59,95,21,75,60,24,76,5,16,54,73,7,18,51,85,82,23,66,29,13,71,72,96,44,90,67,48,64,8,99,2,69,55,43,15,53,50,6,46,26,97,63,52,78,1,3,32,28,62,22,0,36,61,37,94,89,40,58,87,35,12,11,79,56,39,81,74,19,33,25,47,92,38,27,91,30,68,77,57,9,31,10,86,20,17,49,93,84,34,4,83
54,65,14,7,2,88,98,26,95,59,76,35,75,80,71,9,21,92,17,73,36,46,32,58,34,23,66,29,13,97,72,96,44,90,67,24,45,8,52,53,85,41,43,15,64,50,6,48,57,82,5,19,78,63,99,27,28,62,22,0,16,61,37,94,89,40,91,87,60,12,11,79,83,39,81,74,42,33,3,1,31,38,25,51,30,68,77,56,69,70,10,86,20,18,49,93,84,55,4,47
7,88,24,39,57,58,93,26,95,59,52,14,75,80,71,84,21,51,78,73,36,20,66,34,92,35,76,29,13,97,72,5,44,90,42,10,96,53,32,9,85,41,2,15,64,67,6,18,0,82,40,19,46,63,99,27,28,62,22,54,65,61,8,74,89,50,91,87,60,12,11,79,83,17,56,94,45,33,3,1,31,38,25,37,30,23,77,16,69,70,81,43,68,86,98,49,48,55,4,47
7,6,24,32,57,70,59,55,39,90,52,92,33,47,71,43,21,51,61,73,36,38,94,34,25,35,76,86,19,97,87,80,44,40,54,10,74,58,31,14,85,41,2,15,64,53,13,18,0,82,78,11,46,63,99,67,28,62,22,75,65,96,8,88,66,50,91,27,60,12,26,79,5,17,56,68,45,42,3,1,20,95,81,37,30,23,77,16,83,9,69,84,93,29,98,49,48,89,4,72
7,6,24,51,57,47,59,55,92,46,16,39,33,81,71,43,21,19,61,73,32,54,97,49,25,26,31,86,75,70,87,4,74,40,80,10,23,58,13,14,85,41,2,15,64,53,38,11,45,98,78,44,77,63,99,88,28,56,22,62,65,96,67,68,35,0,91,27,90,12,8,48,89,17,5,79,34,42,3,1,20,95,50,37,30,52,18,82,83,9,69,84,93,29,66,60,36,76,94,72
24,13,0,50,57,47,37,90,55,61,45,53,33,46,97,11,21,98,10,73,18,54,12,84,25,26,39,86,75,70,87,4,51,40,80,7,93,58,81,59,23,41,2,15,64,71,65,49,20,74,78,44,99,63,94,88,28,56,22,62,52,96,85,68,35,67,91,31,6,82,8,48,89,17,5,79,34,42,3,1,30,38,27,77,66,14,32,92,83,9,69,16,43,29,95,60,36,76,19,72
24,66,0,93,57,13,37,90,55,17,45,54,64,46,97,63,21,98,34,49,18,77,73,84,28,26,23,86,75,43,87,4,74,94,80,7,39,58,81,6,76,41,2,33,47,51,65,59,15,88,78,56,99,42,20,44,10,70,22,62,50,53,85,68,35,67,91,31,96,82,27,48,89,8,25,79,11,12,3,40,71,38,61,5,1,14,32,92,83,9,95,16,60,69,29,52,36,30,19,72
44,66,0,93,97,98,37,90,6,17,45,54,70,57,9,63,21,72,64,83,41,77,73,91,28,24,34,40,75,43,87,4,84,94,55,7,67,58,81,76,86,51,2,33,47,61,65,59,15,26,78,56,99,42,20,69,8,13,23,32,50,31,52,80,35,68,88,11,96,82,27,48,74,89,25,79,46,12,3,53,71,16,39,38,1,14,18,92,30,22,95,5,60,36,29,10,62,49,19,85
8,66,59,42,97,98,37,90,72,89,45,54,93,57,9,47,21,43,4,56,41,77,3,91,28,99,34,40,75,87,39,60,84,94,19,69,6,58,81,76,86,51,2,20,73,83,65,67,15,12,25,95,30,22,17,24,63,13,61,32,50,31,52,80,35,49,88,11,96,82,27,64,48,16,0,79,5,26,44,23,71,7,78,55,1,14,18,92,38,74,46,53,70,36,29,10,62,68,33,85
8,19,70,1,75,98,59,90,72,89,45,22,93,16,3,47,61,27,88,6,7,77,92,91,84,44,34,40,79,87,39,60,37,94,42,69,21,97,81,65,86,51,58,20,73,57,9,67,15,12,25,95,30,28,32,82,63,13,4,99,50,31,52,80,41,49,17,11,96,43,85,35,48,10,0,29,5,66,24,23,71,2,78,55,26,14,18,38,54,83,46,53,74,36,56,62,76,68,64,33
8,86,37,1,24,98,70,90,48,11,45,93,20,16,3,27,4,2,88,47,39,77,92,56,84,89,34,40,79,87,72,6,7,19,42,69,21,60,57,65,95,32,58,83,43,52,31,67,53,12,25,59,30,28,91,82,63,13,68,99,50,15,46,80,41,33,49,54,96,51,85,35,44,10,0,29,94,66,76,23,71,75,78,55,26,14,18,38,17,62,5,97,74,36,9,73,22,81,64,61
46,8,42,98,84,12,70,33,48,11,45,69,32,24,3,81,4,58,88,47,79,77,92,54,15,76,34,61,55,90,72,5,22,19,75,51,21,16,57,27,95,99,60,89,43,52,31,67,6,93,1,40,30,28,26,82,63,13,68,74,50,83,86,80,41,91,49,59,96,7,85,35,44,10,0,87,94,66,39,23,71,2,78,25,65,14,18,38,17,62,20,97,53,37,9,73,36,56,64,29
78,8,94,98,47,12,70,33,48,20,18,69,28,96,30,11,4,58,88,24,79,77,40,1,15,76,34,61,55,41,72,5,42,93,53,51,19,16,57,14,92,99,45,89,62,52,31,87,6,95,56,43,67,44,26,82,46,13,68,74,21,0,84,80,59,32,49,3,91,7,85,35,54,10,75,73,86,83,39,23,64,2,50,25,65,66,63,38,17,22,90,97,27,37,9,71,36,60,81,29
78,55,12,98,16,79,90,33,48,93,73,95,39,62,66,11,4,58,88,50,56,20,64,47,45,1,34,61,36,76,60,65,42,51,9,3,19,40,57,14,92,24,99,89,70,52,94,23,6,72,5,43,67,44,26,82,46,13,68,74,21,0,15,80,59,32,49,41,91,7,85,35,54,10,75,28,86,83,38,69,18,2,71,25,77,97,63,87,17,22,8,31,27,37,96,53,29,30,81,84
78,55,94,98,16,79,90,33,48,82,73,95,39,62,23,11,4,35,88,50,74,20,34,32,45,1,29,21,36,49,15,65,56,42,80,3,19,52,57,87,92,24,99,2,70,26,51,72,27,61,5,44,67,43,76,96,89,13,64,60,9,0,83,68,6,37,18,41,85,7,93,14,54,10,75,58,86,59,38,69,46,71,28,25,77,97,63,8,12,22,91,31,17,40,47,53,66,30,81,84
37,53,94,85,16,79,90,44,48,82,73,36,18,62,23,51,41,35,88,99,74,20,96,32,45,1,11,87,60,49,15,65,34,4,80,19,9,52,50,38,92,91,89,2,70,95,56,72,27,17,66,57,67,43,76,29,28,13,64,71,30,33,26,68,21,98,6,3,24,47,93,14,54,10,75,39,86,59,58,69,46,78,83,25,77,97,63,8,12,61,81,31,42,40,5,0,55,22,7,84
28,81,93,85,16,25,94,78,99,82,73,14,48,61,23,29,41,35,88,84,74,7,96,32,45,43,39,87,40,49,15,31,34,4,11,53,9,2,50,38,92,91,89,65,18,62,56,72,27,17,66,20,95,55,76,44,24,75,64,90,30,51,60,68,21,36,37,3,71,70,47,98,54,10,13,67,86,59,58,69,46,6,80,79,77,97,63,8,12,83,57,52,42,19,5,0,33,22,26,1
28,49,58,15,16,31,44,42,63,82,73,99,64,27,48,29,19,12,61,84,79,7,53,34,45,43,39,94,40,85,67,32,87,4,11,81,9,37,41,17,23,91,35,24,96,62,56,72,90,38,66,20,95,55,76,50,65,88,78,70,30,51,60,68,21,18,2,3,71,89,47,98,54,14,13,92,86,59,57,69,46,6,80,74,77,97,25,8,75,83,0,52,10,36,5,93,33,22,26,1
88,69,65,60,95,31,44,42,27,82,28,99,64,67,3,91,19,58,61,84,79,7,59,93,45,43,39,94,40,85,66,92,1,35,11,49,12,37,41,17,23,86,13,0,33,62,56,96,90,38,20,16,98,55,57,50,34,24,78,70,76,51,10,68,21,18,2,63,71,89,81,4,54,14,8,87,30,73,15,53,46,48,80,9,77,97,25,32,75,72,74,52,6,36,5,47,83,22,26,29
35,28,99,90,95,31,29,42,27,82,34,7,73,84,87,76,19,21,61,98,79,49,8,93,45,43,39,59,40,91,66,92,1,22,58,44,12,37,94,17,23,36,5,0,64,62,86,88,13,11,20,16,65,55,51,97,50,24,18,70,3,78,10,68,96,69,47,63,71,89,81,4,54,14,56,2,30,38,15,53,46,85,52,9,77,67,25,32,75,72,74,33,6,41,60,80,83,48,26,57
35,28,1,90,66,26,50,42,27,47,34,89,73,84,13,76,19,21,61,49,79,95,4,7,39,8,12,22,86,5,82,92,36,58,29,44,77,37,45,17,23,54,83,0,99,62,74,88,64,97,20,16,65,55,51,43,70,24,18,98,91,78,10,68,96,71,80,63,69,15,81,11,6,14,56,2,30,38,87,53,46,85,94,9,40,59,25,32,67,72,93,33,3,41,52,60,31,48,75,57
35,28,93,90,46,26,50,42,14,77,34,89,73,84,13,76,19,39,61,66,45,95,4,36,62,53,12,68,86,82,8,16,92,58,29,44,43,20,37,17,23,10,91,83,80,33,74,94,64,97,3,75,65,55,51,98,70,24,18,60,57,78,27,0,96,71,72,63,81,15,47,31,6,32,56,2,30,38,87,88,59,85,79,9,40,49,25,22,54,21,69,67,11,41,52,7,5,48,1,99
39,2,37,90,42,78,57,50,14,10,63,0,73,84,13,76,19,77,61,35,52,95,82,4,28,53,15,89,41,55,8,16,92,58,29,44,43,20,36,66,23,62,91,65,80,74,6,94,64,97,3,75,12,56,51,98,70,40,18,54,1,83,26,60,96,71,72,25,81,27,47,31,85,32,86,59,17,38,87,88,30,69,79,9,33,49,24,22,68,21,5,67,11,93,46,7,34,48,45,99
39,2,61,18,42,78,57,50,82,10,63,72,73,84,83,76,19,60,87,35,45,95,28,4,46,53,7,26,64,9,8,16,31,58,66,44,43,20,36,75,23,62,91,65,80,22,6,90,96,0,33,74,12,56,51,98,11,40,27,3,1,70,25,97,81,71,77,59,47,92,14,89,85,32,67,17,37,38,99,88,30,69,86,29,79,49,24,41,68,21,5,55,13,93,15,94,34,48,52,54
40,69,61,18,42,78,72,24,82,28,63,19,73,84,15,93,83,20,87,71,45,39,29,4,46,53,98,26,64,9,8,3,31,11,66,35,43,80,36,10,23,62,91,44,27,22,2,90,96,77,33,74,12,56,51,48,47,76,89,60,0,70,25,97,58,6,21,75,50,49,14,7,85,57,67,17,37,92,99,81,95,30,86,38,79,32,1,41,68,16,5,88,13,94,55,65,34,59,52,54
40,69,2,38,42,78,55,24,82,86,63,19,73,61,57,93,83,20,44,71,76,45,99,0,46,22,98,34,64,16,8,88,31,62,66,35,43,39,72,10,23,74,91,36,26,1,65,90,96,77,92,9,12,56,51,48,47,18,67,60,70,13,25,5,58,6,21,75,7,49,14,27,85,79,87,17,97,15,80,81,37,33,30,89,4,32,53,41,68,50,29,3,28,94,11,95,84,59,52,54
40,17,2,38,42,78,31,24,23,7,63,16,73,61,1,93,41,10,37,71,76,6,28,0,46,81,98,18,64,94,8,66,3,62,33,35,43,95,72,68,45,48,91,36,26,22,65,84,39,13,92,9,12,34,51,20,47,44,67,60,70,82,57,88,90,53,21,75,86,49,14,27,85,79,87,74,97,15,5,77,54,50,30,89,4,96,83,69,32,56,29,80,19,99,11,58,25,59,52,55
40,17,42,38,75,99,31,63,28,95,50,16,73,7,11,93,41,90,37,71,76,26,72,0,46,78,62,18,86,10,8,5,3,34,51,35,43,23,48,68,1,56,83,36,88,91,65,84,39,13,92,9,19,33,66,20,47,87,44,60,70,82,22,12,2,53,21,52,67,49,14,27,15,64,85,24,97,32,79,77,54,57,30,89,4,96,81,69,61,6,29,80,45,98,94,58,25,59,74,55
40,17,37,38,70,99,41,63,33,32,50,16,75,7,18,79,98,81,28,73,76,26,31,0,71,78,44,87,29,10,8,4,3,34,51,35,46,97,72,42,1,56,5,90,43,91,95,84,39,13,36,86,11,19,66,20,47,23,54,89,27,60,22,88,2,53,21,52,67,49,62,68,15,64,85,24,83,77,65,9,14,48,30,96,57,93,12,69,61,6,82,80,45,92,94,58,25,59,74,55
40,35,62,38,70,99,20,67,33,64,22,54,19,83,30,79,59,81,28,73,76,26,31,87,37,78,44,25,63,10,8,4,29,34,47,90,46,97,93,14,1,56,5,77,43,72,95,84,39,13,36,60,11,98,66,3,42,23,50,86,27,58,41,0,2,89,21,7,91,49,61,16,15,17,53,24,88,68,71,9,52,48,65,51,57,85,12,69,75,6,82,80,45,92,96,94,32,18,74,55
40,85,62,38,5,7,22,4,69,64,0,63,58,19,30,67,59,81,34,28,13,26,31,87,37,78,44,25,55,10,97,88,32,21,47,90,46,2,93,50,1,56,79,77,43,72,29,84,39,18,24,60,11,98,66,82,42,23,70,36,27,14,41,83,54,89,95,8,86,49,61,16,15,96,53,20,99,91,71,57,52,48,65,33,9,76,73,51,75,68,17,80,45,92,6,94,12,3,74,35
58,85,62,38,75,91,22,81,69,64,0,70,5,19,30,67,32,7,34,28,13,95,31,87,37,78,44,51,55,92,61,88,99,66,47,53,82,2,6,50,1,97,79,77,43,35,29,84,42,3,24,60,4,98,73,27,26,89,56,36,39,14,8,25,54,90,80,16,86,49,23,12,15,59,93,20,18,83,71,57,52,48,65,33,46,76,11,63,17,68,96,72,45,41,40,94,9,10,74,21
26,9,23,38,41,91,22,81,69,64,0,13,52,61,30,67,32,7,34,19,28,88,48,87,37,78,44,95,47,92,59,18,89,66,27,53,74,58,6,79,70,97,1,77,31,49,82,84,99,43,83,60,4,98,73,2,42,40,56,36,39,14,8,25,54,90,80,16,86,57,3,46,15,85,93,35,50,63,71,75,55,72,65,33,12,76,11,45,17,68,29,96,20,5,24,94,62,10,51,21
26,40,23,75,41,91,89,12,28,51,79,13,43,30,25,55,32,7,80,47,78,88,48,87,37,0,44,99,46,22,63,18,93,66,9,53,74,58,67,5,70,97,56,77,16,49,52,86,1,6,83,60,4,98,73,2,42,45,34,36,39,27,8,19,35,90,64,76,69,57,3,61,15,85,54,20,50,59,71,81,31,72,65,33,68,82,11,14,17,95,29,96,84,38,24,94,62,10,92,21
26,0,84,75,96,98,81,12,28,51,91,13,11,30,31,55,32,7,64,47,16,88,48,87,37,25,44,99,22,59,63,18,19,66,9,90,74,39,1,5,4,53,78,50,79,49,56,86,43,6,83,60,93,82,73,2,97,45,34,80,58,27,8,23,35,36,41,76,69,57,40,95,61,85,54,20,89,46,71,42,14,72,92,33,67,15,70,3,52,38,29,77,68,65,24,94,62,10,17,21
85,0,84,75,96,98,81,12,97,76,91,14,20,26,27,55,32,7,64,90,16,88,52,53,37,25,44,42,22,36,13,18,19,66,99,31,45,10,1,5,47,11,78,50,79,87,56,86,43,6,49,60,15,73,28,2,83,93,34,69,58,48,80,23,72,59,41,30,39,82,40,95,67,35,54,46,89,21,71,63,61,51,92,65,62,8,70,3,4,38,29,77,68,9,74,94,33,24,17,57
85,0,84,75,14,77,81,12,10,5,54,55,20,26,27,30,32,18,64,97,25,44,67,23,98,39,90,42,22,36,13,19,4,66,68,83,45,74,1,69,47,11,78,24,28,53,56,61,43,6,49,60,15,37,87,2,88,50,34,89,76,48,80,40,58,59,99,95,16,93,73,79,82,35,7,46,96,21,71,63,31,51,92,52,62,8,70,3,65,38,29,91,86,9,72,94,33,41,17,57
1,0,84,66,14,43,2,13,10,5,54,24,91,99,27,30,32,26,64,97,25,45,38,23,9,63,90,98,22,36,12,19,78,95,68,35,88,74,85,18,47,40,8,93,28,53,56,61,57,11,49,60,15,6,37,86,87,42,34,89,76,48,80,67,58,59,79,4,16,7,20,83,44,55,81,46,96,21,71,3,31,51,69,52,62,75,70,50,65,17,29,77,73,92,72,94,33,41,82,39
47,0,11,3,52,43,2,13,10,5,54,90,91,99,71,30,62,26,32,14,28,45,38,98,9,63,56,64,22,36,12,57,27,76,81,78,88,74,23,18,50,87,8,93,21,53,84,61,29,95,49,60,15,6,37,86,44,58,34,89,24,48,80,67,7,96,17,4,35,20,40,83,79,59,66,77,46,1,41,42,31,51,69,25,19,75,70,55,65,92,16,85,73,97,72,94,33,68,82,39
47,0,41,3,99,16,2,13,10,5,54,76,55,94,53,79,40,70,32,14,29,45,38,98,82,18,56,9,22,36,12,95,27,43,81,96,88,74,23,30,75,63,8,58,21,26,84,61,44,91,49,28,77,57,37,90,15,64,34,89,24,48,50,67,7,60,52,4,6,20,87,1,80,68,66,17,83,35,62,42,31,51,69,25,19,11,71,78,65,46,92,85,73,97,72,93,33,86,59,39
8,52,60,3,99,16,2,13,10,31,54,76,55,87,53,79,40,88,32,0,51,45,38,41,82,93,56,46,22,36,12,95,78,43,23,28,27,74,9,30,19,63,97,58,21,26,84,61,98,91,4,96,77,57,37,80,15,89,34,94,35,48,50,67,7,39,5,47,6,20,85,1,90,68,64,33,17,75,18,42,72,24,69,25,83,49,62,59,66,44,92,65,73,71,70,11,14,86,29,81
8,74,94,30,36,23,71,89,3,31,54,12,97,87,53,79,40,88,16,0,51,45,38,41,33,93,80,81,22,57,90,29,78,43,42,10,61,82,70,76,19,32,85,58,21,86,27,46,50,91,25,96,77,20,37,64,15,55,34,63,35,48,4,95,7,39,5,47,6,69,52,1,67,9,2,99,17,75,18,98,72,24,13,60,83,49,62,59,66,44,92,65,73,26,56,11,14,84,68,28
8,9,94,50,36,32,74,87,3,31,54,12,83,67,61,65,40,66,16,0,70,45,38,64,33,93,80,79,22,57,90,29,96,43,2,88,63,41,81,76,19,73,85,11,21,86,27,78,71,91,25,55,77,58,37,53,15,89,47,10,35,48,4,95,59,39,5,13,44,69,62,1,52,17,84,99,30,75,18,98,72,24,42,60,34,49,6,97,23,20,92,51,7,26,28,56,82,46,68,14
8,9,47,50,90,43,74,87,3,31,54,15,83,67,61,48,40,42,94,97,70,45,38,64,33,93,17,79,37,66,75,72,71,32,2,88,52,41,81,13,19,69,85,11,12,25,27,34,53,91,14,92,77,76,63,78,68,89,24,96,35,73,4,95,59,62,5,80,44,55,16,1,60,21,58,65,84,10,18,98,57,39,86,36,0,49,6,29,23,20,30,51,7,26,28,56,82,46,22,99
8,67,40,50,32,12,73,53,22,87,21,97,83,48,61,31,52,57,94,54,85,45,38,28,33,93,17,74,37,66,5,29,47,80,2,88,98,79,81,3,75,36,16,11,84,25,27,71,13,64,14,19,77,76,63,78,68,89,24,43,35,34,4,95,91,62,41,72,44,55,96,1,60,69,58,65,26,10,18,92,9,39,86,15,0,49,70,6,23,20,30,51,7,46,42,56,82,90,59,99
8,45,40,92,57,27,17,53,22,87,6,97,83,48,95,31,63,2,94,54,74,14,38,28,33,34,86,21,9,66,5,85,47,80,11,65,98,99,81,3,62,36,16,69,93,64,12,71,91,25,88,19,77,76,61,84,29,89,24,43,35,73,7,26,68,13,41,72,44,32,96,1,60,78,58,10,79,90,18,55,37,50,42,15,0,49,4,52,23,20,30,51,67,46,39,56,82,70,59,75
8,85,40,27,57,66,80,53,2,22,6,97,99,48,95,31,92,83,94,74,13,64,38,49,33,34,86,21,9,76,5,88,47,63,45,70,98,60,81,44,71,36,14,69,93,30,12,96,91,58,87,19,59,52,61,11,29,89,78,43,35,73,7,26,68,4,75,72,84,24,77,65,62,28,41,10,79,90,17,55,37,50,42,15,0,25,54,82,23,3,20,51,67,46,39,1,56,18,32,16
8,62,40,27,58,66,3,53,2,22,6,29,0,48,36,31,92,97,94,74,75,64,38,49,33,34,25,21,9,76,32,88,47,63,59,85,18,70,68,54,71,93,14,69,83,81,45,96,44,28,12,19,39,80,61,90,7,89,78,43,35,13,56,26,5,4,11,72,84,17,77,65,16,99,41,87,79,98,73,46,37,50,60,15,42,52,57,82,23,24,95,51,67,10,91,1,55,30,86,20
8,67,35,27,58,66,3,5,54,69,77,30,0,92,36,31,53,97,94,74,16,52,55,47,33,34,37,21,41,76,32,88,17,63,59,85,18,79,68,65,84,23,14,12,83,81,45,96,44,28,19,56,73,80,39,90,64,2,78,43,25,13,40,26,75,4,11,72,9,48,24,87,49,99,50,29,71,98,22,70,89,46,60,15,42,6,61,82,38,57,95,51,93,10,62,1,91,7,86,20
8,5,35,27,3,62,6,41,33,46,37,30,0,92,49,51,31,97,52,42,16,53,26,47,19,34,69,21,83,76,32,88,95,87,58,85,18,9,54,65,84,90,93,14,70,81,17,96,44,73,22,68,59,80,39,75,64,2,78,43,25,13,28,23,77,4,11,72,55,48,24,40,12,99,50,29,45,98,74,63,89,71,60,15,56,61,94,82,38,57,79,66,36,10,67,1,91,7,86,20
36,5,32,70,29,62,6,12,15,46,11,30,0,92,49,51,31,97,52,43,16,45,87,47,19,34,69,21,83,76,33,88,14,42,58,35,53,37,40,65,84,90,56,86,75,81,17,96,44,73,22,74,85,80,13,24,94,2,78,18,25,64,1,23,77,4,89,3,41,59,66,48,50,99,39,91,93,98,68,63,9,71,60,82,8,61,26,72,38,57,79,55,28,10,67,7,27,95,54,20
36,5,32,87,93,43,97,0,15,69,11,91,53,92,49,45,31,30,52,88,16,17,22,64,19,34,67,18,75,76,77,7,14,42,58,35,62,37,40,65,86,90,29,55,54,24,51,96,38,73,83,74,47,80,13,25,26,2,78,12,85,70,1,23,44,4,89,3,95,59,66,48,50,99,39,21,33,27,56,63,9,71,28,82,8,61,41,72,84,57,79,94,68,10,46,98,81,60,6,20
54,65,32,87,76,95,7,0,15,59,11,91,68,92,49,45,31,55,3,88,41,17,22,64,19,34,67,36,83,30,77,33,40,70,58,10,62,37,35,8,51,90,29,85,75,24,57,96,38,73,53,44,47,89,46,63,14,2,78,12,42,25,1,23,56,4,74,21,52,99,66,48,50,28,39,80,69,27,93,26,9,60,71,82,18,61,13,72,84,86,79,94,43,16,5,98,81,97,6,20
51,83,6,87,76,39,7,0,13,47,11,88,71,92,49,91,24,12,3,44,45,17,22,64,19,34,67,36,94,40,77,33,95,56,58,10,62,32,35,93,8,28,29,85,98,31,57,23,81,50,53,65,54,69,46,1,14,2,78,73,42,25,89,68,37,72,74,21,52,75,66,48,41,4,82,80,55,27,90,26,9,60,30,15,18,61,38,59,84,86,79,96,43,16,99,70,63,97,5,20
51,83,71,40,76,35,69,77,13,47,11,61,4,92,63,91,29,12,3,44,88,38,0,64,93,34,67,59,81,21,20,33,95,56,39,97,62,31,32,87,8,28,18,85,58,24,57,23,99,7,53,94,54,48,46,1,14,86,49,65,10,25,89,68,17,72,74,37,52,75,66,73,41,42,82,50,55,27,90,26,9,60,30,15,78,22,43,19,84,98,79,96,45,16,80,6,5,70,2,36
0,53,71,40,76,31,69,57,4,48,35,61,47,92,63,91,29,97,3,59,46,38,33,14,62,34,67,41,81,21,6,90,95,85,39,64,84,73,56,87,8,28,51,44,30,24,18,23,11,7,88,94,54,37,58,1,60,32,49,86,10,25,15,68,17,99,74,83,52,75,93,55,20,72,89,42,65,27,13,26,9,12,66,77,78,22,43,19,45,98,79,96,82,16,80,50,5,70,2,36
0,53,13,65,26,31,69,57,4,98,35,28,27,92,39,61,29,97,3,85,94,2,14,11,62,34,64,19,36,21,6,90,58,95,83,63,84,73,56,25,8,87,51,44,30,33,18,23,75,79,88,38,54,93,59,1,60,32,49,86,68,91,15,72,17,99,74,76,42,10,37,24,96,41,89,67,71,48,66,47,9,12,52,77,78,22,43,40,45,81,46,7,82,16,80,50,5,70,55,20
45,53,13,65,26,31,2,57,71,98,78,28,27,56,70,61,29,35,38,85,5,44,76,50,11,34,64,19,36,21,24,90,58,92,68,63,84,73,75,25,8,62,97,55,37,33,93,96,0,79,52,86,54,41,59,1,60,32,49,87,4,81,15,69,6,99,10,39,42,18,30,23,51,94,89,67,14,48,66,47,9,12,74,77,17,22,43,40,3,82,46,7,72,88,80,83,95,16,91,20
45,91,31,15,33,21,2,57,56,98,73,10,27,28,70,59,29,43,93,85,66,3,76,75,11,13,64,19,36,74,24,6,58,65,68,63,84,99,49,38,35,62,30,16,37,77,22,90,0,79,52,5,54,41,17,1,60,32,72,71,97,81,55,69,86,87,4,39,42,18,96,23,51,67,89,25,14,48,94,47,9,12,44,61,92,26,34,40,53,82,46,7,78,88,80,83,95,50,8,20
15,91,31,93,53,21,2,57,56,98,32,20,27,22,86,59,29,70,58,85,61,78,76,75,3,68,64,17,36,74,41,6,71,65,1,63,84,99,49,43,35,60,0,90,37,77,38,28,34,79,52,5,44,39,95,62,46,42,13,10,97,81,30,69,45,73,4,24,48,18,72,33,51,67,89,25,14,12,94,47,9,19,96,11,92,26,54,40,16,82,55,7,88,23,80,83,87,50,8,66
9,91,43,80,44,21,39,57,56,17,32,20,92,22,86,67,15,70,58,85,10,78,76,75,3,68,64,27,36,74,41,12,34,65,1,63,81,99,42,29,35,60,0,90,37,98,61,28,45,79,2,5,50,71,49,84,46,69,11,89,23,88,95,82,24,73,25,31,48,18,72,6,51,55,59,52,14,13,62,47,38,19,96,33,4,26,54,40,16,77,30,53,7,94,93,83,87,97,8,66
66,85,43,5,44,30,39,36,56,54,32,6,92,64,86,67,11,70,47,69,10,63,76,75,3,68,78,27,53,17,95,38,34,65,1,94,81,99,42,77,60,79,0,90,61,98,31,28,45,58,33,35,50,71,49,84,46,14,96,93,23,2,55,82,24,73,25,15,37,62,88,12,51,72,59,52,22,13,57,9,74,19,80,18,4,26,29,40,16,41,21,20,7,89,91,83,87,97,8,48
18,85,43,89,81,30,74,36,65,78,42,6,92,64,86,88,15,70,47,69,50,76,91,11,80,94,10,4,53,17,95,38,34,75,44,67,63,99,32,84,77,79,0,73,54,98,31,28,27,58,33,35,68,90,49,71,46,14,96,24,23,2,55,82,7,41,39,20,37,62,56,12,51,72,59,52,3,1,45,9,21,19,66,22,93,26,29,40,16,5,13,61,57,60,87,83,25,97,8,48
18,85,43,26,97,30,5,36,65,12,8,6,92,21,86,88,15,59,47,58,50,94,4,22,80,71,10,44,53,17,95,70,74,31,82,67,63,99,0,84,77,79,72,73,33,16,14,28,27,34,89,35,68,90,49,56,46,66,96,24,23,76,42,87,9,38,29,20,37,98,62,2,51,32,55,52,69,1,45,11,78,19,3,54,93,7,75,40,91,13,39,61,57,60,81,83,25,41,64,48
