0,1,2,3,4,5,6,7,8,9,10,11,12,13,14,15,16,17,18,19,20,21,22,23,24,25,26,27,28,29,30,31,32,33,34,35,36,37,38,39,40,41,42,43,44,45,46,47,48,49,50,51,52,53,54,55,56,57,58,59,60,61,62,63,64,65,66,67,68,69,70,71,72,73,74,75,76,77,78,79,80,81,82,83,84,85,86,87,88,89,90,91,92,93,94,95,96,97,98,99,100,101,102,103,104,105,106,107,108,109,110,111,112,113,114,115,116,117,118,119,120,121,122,123,124,125,126,127,128,129,130,131,132,133,134,135,136,137,138,139,140,141,142,143,144,145,146,147,148,149
80,76,104,16,3,133,118,69,112,62,32,25,17,117,128,124,149,81,19,146,110,20,67,26,38,83,91,4,22,18,49,123,24,140,106,107,92,139,58,135,148,57,2,87,47,72,103,141,29,142,77,94,59,144,97,102,60,111,64,71,9,74,44,0,39,66,65,137,43,96,113,37,12,116,41,122,42,40,14,131,6,85,1,120,143,63,108,86,130,7,132,101,23,70,109,79,55,27,93,89,68,95,53,75,10,8,28,88,52,147,136,51,31,45,15,61,119,78,34,73,114,100,46,121,134,129,33,50,127,13,84,54,5,36,56,126,105,115,30,11,99,48,145,125,21,82,35,98,138,90
60,84,94,119,113,90,24,73,68,56,29,107,16,114,15,46,116,102,7,96,39,69,108,27,1,71,111,28,77,19,127,72,78,85,11,137,12,33,64,98,45,110,14,118,91,105,65,21,143,32,48,149,66,17,79,93,129,126,49,120,103,139,37,147,4,74,87,40,99,13,76,75,104,81,123,51,142,47,100,106,54,122,146,88,43,35,124,130,26,132,6,125,44,63,148,36,0,95,115,3,8,97,131,140,58,57,9,52,141,34,86,20,144,42,134,92,30,112,89,121,22,83,67,135,25,136,23,41,59,2,109,38,128,55,80,70,145,31,101,82,53,18,10,62,133,138,61,50,117,5
52,9,147,13,137,45,141,107,131,12,88,40,82,101,90,83,10,114,149,106,21,54,27,44,76,7,120,30,51,33,74,62,17,105,127,140,118,53,55,58,57,122,15,109,97,81,126,124,60,139,134,67,78,142,4,59,0,133,95,42,65,68,79,56,119,132,92,49,98,110,19,8,26,125,135,91,128,93,75,64,61,48,28,6,14,96,136,73,2,85,23,129,102,22,143,70,46,80,71,111,20,89,37,112,29,3,77,16,87,36,24,50,18,5,25,84,121,69,103,144,47,130,115,38,113,100,34,148,99,145,41,39,138,31,86,104,43,63,66,123,108,146,11,94,72,32,117,35,1,116
142,14,145,51,58,52,130,44,78,148,13,4,146,103,55,28,117,111,76,119,32,104,120,89,77,81,131,93,87,102,91,53,109,74,15,138,68,16,88,50,30,134,17,122,20,66,7,83,2,56,123,45,19,140,36,24,95,94,98,59,29,65,63,126,121,31,137,101,135,26,64,100,107,1,5,105,62,48,38,41,115,12,97,67,46,92,21,129,8,37,110,9,6,23,43,99,133,143,75,57,54,0,116,85,125,112,42,11,80,144,72,47,124,86,3,118,128,108,114,73,113,96,71,149,136,139,141,132,18,27,70,34,33,82,106,49,40,147,60,25,61,22,127,90,79,10,39,69,35,84
106,92,65,37,91,121,133,50,93,62,135,136,17,20,36,48,2,138,35,126,56,108,80,45,115,99,68,87,54,122,67,10,137,82,144,18,49,71,13,86,38,142,30,90,107,21,11,28,141,119,143,125,26,46,81,100,103,128,64,147,132,59,73,33,51,32,61,85,58,14,7,29,57,3,114,52,44,79,101,42,117,41,95,70,130,53,110,75,89,40,24,19,5,69,127,123,84,6,111,1,116,39,131,139,12,105,113,145,25,97,43,120,72,124,77,109,63,8,88,148,23,78,98,4,96,112,31,140,0,134,149,74,83,129,15,16,104,27,94,118,102,60,22,9,76,55,34,66,47,146
74,4,81,40,71,35,147,67,121,142,82,123,84,107,1,101,133,116,52,115,15,149,22,12,131,128,46,100,49,45,31,144,148,13,19,134,135,51,88,29,127,33,44,14,136,11,24,117,47,140,30,96,56,72,79,6,113,95,20,94,7,106,132,99,97,104,8,77,146,80,108,23,122,34,70,138,118,18,120,9,17,55,137,37,43,87,62,145,58,112,129,111,41,54,60,83,50,139,75,3,73,68,93,39,59,98,92,69,125,63,38,42,109,102,78,143,90,25,141,5,110,0,119,105,86,85,124,10,126,65,32,28,16,130,57,91,61,89,21,2,36,114,103,48,66,53,27,64,26,76
20,69,135,4,109,36,79,34,28,52,38,133,35,56,92,97,72,136,43,141,123,27,80,100,26,116,0,22,84,68,148,146,140,106,64,91,66,21,6,37,45,94,96,46,87,13,124,113,50,142,143,110,95,15,51,16,129,61,114,32,8,10,122,3,120,60,39,5,59,18,42,12,121,102,33,134,101,17,67,76,81,130,86,31,57,14,108,105,47,29,73,63,90,78,53,19,144,93,25,23,58,127,128,131,88,54,24,107,75,41,30,48,83,119,139,82,1,103,138,77,104,65,70,44,132,74,149,62,49,125,99,55,115,11,126,40,117,111,112,9,98,7,147,89,85,137,118,145,71,2
49,45,48,51,91,12,26,46,57,14,44,136,59,71,144,23,133,34,132,53,4,33,121,61,79,113,112,129,141,66,37,16,31,75,67,103,58,130,68,30,93,39,98,135,29,32,145,74,87,126,64,81,88,100,80,17,119,106,21,134,99,116,131,140,111,142,20,10,127,13,69,40,82,115,38,36,9,108,25,22,92,96,35,85,72,18,84,2,0,83,120,128,123,50,62,56,63,114,73,54,125,118,138,65,78,76,137,77,41,11,124,149,139,19,27,15,109,122,5,24,28,107,117,146,97,7,55,6,47,143,90,101,110,102,42,105,43,147,89,104,148,60,94,1,95,52,86,8,70,3
82,54,37,6,115,119,3,73,10,0,36,12,81,104,28,149,65,109,5,67,72,32,144,95,126,8,97,83,78,100,52,57,85,68,43,76,117,90,136,64,11,4,45,15,77,63,84,134,96,16,114,22,49,19,47,34,48,111,1,42,20,102,89,88,133,91,9,75,56,116,99,132,125,145,130,70,71,123,120,131,18,80,55,135,122,148,129,61,69,50,86,24,98,94,39,101,25,7,106,59,141,137,93,62,2,118,103,147,31,46,33,112,26,146,127,66,121,30,139,124,60,142,87,41,21,105,29,58,143,138,79,35,108,113,23,110,107,38,40,53,13,140,17,14,44,128,27,51,74,92
2,59,31,51,132,53,49,79,56,88,127,136,52,138,95,23,72,50,118,115,16,94,32,77,8,96,103,47,104,42,135,142,141,45,65,27,102,20,146,125,26,90,64,93,83,129,109,149,148,33,7,63,62,6,38,60,78,55,39,11,76,101,105,66,134,28,37,117,18,0,34,58,40,116,89,43,91,128,35,24,98,54,22,30,10,9,57,75,17,12,144,143,41,99,124,111,3,82,97,107,131,81,123,5,112,36,67,80,100,106,46,61,114,113,71,133,73,120,85,130,70,21,19,4,1,84,110,14,139,86,13,69,147,87,25,140,119,126,74,122,108,15,48,121,92,68,137,44,29,145
20,68,145,107,35,105,40,135,24,74,131,38,127,5,138,115,73,75,43,11,22,25,72,128,81,137,146,45,54,84,64,112,93,49,2,50,83,27,119,3,23,140,55,129,63,80,8,9,46,56,26,86,57,100,76,106,12,143,116,118,136,142,99,134,77,117,4,102,60,14,29,71,139,70,85,37,113,101,0,79,78,13,132,104,30,91,123,17,47,82,34,62,65,148,21,31,67,59,130,1,18,10,36,52,141,16,61,87,41,44,111,125,6,97,19,149,33,133,15,39,114,58,147,98,124,121,90,120,48,92,53,109,28,66,122,96,69,7,51,94,95,103,32,110,42,144,126,89,88,108
24,32,73,148,102,132,136,14,87,110,42,22,79,104,114,37,81,40,118,120,18,29,140,144,4,143,25,108,130,111,147,7,15,26,99,84,109,31,50,35,85,98,19,83,123,2,1,127,61,89,131,39,16,128,112,64,72,63,58,103,97,69,44,93,0,28,27,17,62,100,65,9,6,53,76,126,13,52,57,51,119,92,55,125,20,66,23,34,71,113,70,5,135,107,116,48,80,86,129,96,3,59,21,82,134,90,124,10,95,138,122,11,133,75,142,88,121,12,45,74,49,105,38,8,46,106,146,67,139,33,77,149,68,101,60,137,54,43,41,117,91,30,47,115,56,141,36,145,94,78
139,148,105,93,140,113,106,145,108,42,62,91,117,125,12,80,115,41,31,102,77,95,35,136,43,63,27,67,37,47,94,85,8,16,131,90,146,123,39,116,2,54,138,101,14,46,135,142,36,32,19,83,127,58,109,97,56,99,10,110,111,96,144,38,120,23,50,112,57,25,86,70,26,92,60,75,134,89,119,79,15,68,100,9,61,44,66,74,104,24,129,141,73,72,17,51,114,20,84,53,126,118,48,64,7,122,87,30,98,33,133,132,121,65,81,45,103,4,137,40,29,71,18,49,128,5,130,0,55,149,22,147,28,124,6,88,78,107,143,69,52,59,11,1,21,3,76,82,34,13
73,128,60,140,80,55,130,11,105,106,72,107,10,58,110,63,114,98,78,34,142,64,146,39,65,127,117,120,88,116,126,94,52,20,5,68,0,144,89,27,53,66,56,3,7,131,43,67,85,132,50,59,100,22,36,91,103,139,54,37,40,25,92,8,41,77,112,93,108,49,9,125,122,28,111,69,45,21,42,4,138,26,95,99,102,109,44,23,145,57,79,32,124,14,149,6,38,134,133,19,24,16,141,46,101,136,12,1,147,84,2,31,17,83,76,30,87,62,96,35,97,82,51,71,137,113,33,90,119,115,143,123,13,47,15,61,104,86,135,148,29,18,129,48,121,81,74,70,75,118
106,138,107,21,146,121,84,58,108,57,101,25,88,5,79,12,30,33,130,38,65,17,32,59,44,29,74,34,46,63,47,37,48,85,111,40,96,103,112,8,92,23,132,142,128,134,53,97,82,71,13,66,67,0,105,18,49,120,147,129,45,11,61,10,114,56,24,9,140,6,139,50,78,19,64,113,141,91,135,55,39,110,118,143,14,42,69,60,26,54,20,102,122,4,36,73,95,119,145,98,123,99,76,62,109,35,51,70,137,100,7,52,81,117,68,90,41,77,149,16,27,22,43,133,28,131,124,126,127,15,115,87,116,136,75,80,72,89,1,144,104,2,3,83,94,148,125,93,86,31
90,36,71,44,112,15,58,26,132,59,57,115,86,92,136,141,10,65,122,54,120,43,66,149,56,134,145,110,49,77,39,6,46,147,103,35,51,62,83,126,87,68,64,75,143,139,137,121,79,40,119,31,34,148,8,114,128,9,20,133,4,106,117,18,5,144,63,146,113,2,7,11,116,50,76,98,93,85,73,123,30,89,25,74,72,67,104,48,17,78,138,23,61,130,14,81,53,109,41,55,127,0,45,16,100,118,108,38,125,131,32,107,97,135,88,1,99,37,13,84,91,33,3,52,60,96,47,124,140,105,70,28,69,19,102,94,22,24,82,80,111,142,12,101,27,42,21,29,129,95
38,112,5,135,126,103,7,147,9,104,80,61,146,66,145,51,73,46,90,15,53,136,99,49,45,108,30,21,40,63,116,111,69,119,130,124,142,134,32,76,102,47,20,28,72,62,79,83,44,89,121,118,141,52,1,127,86,18,13,96,81,139,82,125,67,129,3,12,23,97,138,140,101,105,92,144,88,27,75,84,43,26,117,77,8,98,122,132,22,109,87,148,59,115,113,34,16,85,39,78,100,14,93,2,6,0,60,65,107,56,29,54,149,35,37,57,48,91,123,24,114,106,25,120,64,94,42,131,74,110,128,11,33,17,31,19,68,36,71,95,133,70,41,10,143,4,50,55,58,137
1,132,115,85,16,130,69,28,127,47,111,2,88,140,52,129,101,136,147,67,17,72,63,114,66,14,68,5,108,73,142,93,80,107,40,133,120,125,34,60,122,141,32,50,137,131,19,59,18,82,53,94,91,31,8,86,100,4,145,0,58,117,6,139,103,128,102,57,44,56,105,119,76,123,70,30,78,55,83,12,45,92,24,21,95,148,11,49,51,3,135,25,113,22,27,65,84,74,89,48,75,7,118,15,96,79,26,98,38,42,134,99,9,20,146,116,29,110,36,104,64,10,43,35,144,46,109,39,41,62,106,33,126,23,149,124,13,37,121,97,81,90,71,77,61,138,54,112,143,87
22,96,30,29,102,112,45,129,39,104,124,127,70,14,27,115,55,128,143,100,53,31,122,20,40,146,89,67,111,65,79,149,26,33,84,32,103,73,148,135,97,2,98,60,13,38,52,130,147,101,8,118,119,94,58,51,15,137,132,107,117,62,50,87,80,34,114,83,142,90,110,9,6,133,63,23,48,12,46,41,0,49,120,11,99,3,86,7,74,123,113,54,131,17,61,64,85,68,76,25,93,66,5,4,105,57,42,134,71,121,10,28,126,95,19,75,138,44,88,47,35,145,37,24,106,144,78,77,21,18,16,116,136,82,59,36,92,125,141,69,109,81,91,72,140,108,43,139,1,56
81,51,13,118,5,77,149,57,135,121,41,84,125,99,68,2,129,44,16,39,115,109,117,147,116,1,75,107,97,108,76,42,45,144,105,46,24,111,48,89,65,71,30,20,74,0,26,3,134,91,119,140,141,28,83,132,94,25,7,15,101,4,69,114,137,110,124,139,32,126,113,73,49,98,52,148,56,61,87,63,103,92,23,102,146,138,38,53,14,90,95,34,43,80,131,17,58,66,60,85,122,27,145,40,136,100,11,55,18,120,37,93,6,54,112,104,86,82,47,133,36,127,29,35,142,10,123,33,143,21,67,72,106,31,22,9,12,8,79,70,78,50,88,96,64,62,130,128,59,19
46,64,38,143,132,25,29,106,129,62,71,63,6,100,96,0,42,123,78,3,22,121,53,34,82,133,115,85,148,11,130,20,37,113,10,146,88,45,122,41,2,75,104,118,15,149,21,19,116,32,8,105,24,18,141,135,59,43,91,56,9,110,54,137,112,14,51,92,48,58,23,103,52,7,66,107,81,55,39,127,142,84,67,93,27,83,125,69,72,98,68,114,139,140,13,61,120,26,128,134,35,79,111,119,101,126,4,57,90,89,50,97,145,31,36,99,124,17,73,47,109,108,12,30,131,60,40,136,44,117,87,65,1,94,138,147,74,76,80,28,5,33,144,70,86,16,49,77,102,95
141,28,135,18,58,65,14,105,79,23,72,48,95,75,133,57,100,121,34,117,126,84,76,3,24,149,136,0,143,55,43,67,69,115,110,148,37,83,74,52,138,66,45,32,9,129,122,134,73,64,140,51,99,123,96,88,12,107,89,46,40,82,94,7,128,68,16,80,53,111,35,63,124,147,11,90,144,87,114,10,26,49,70,106,42,98,8,113,5,4,91,116,132,1,19,13,21,38,71,20,41,127,30,36,103,56,39,130,59,47,125,22,81,6,108,142,120,29,118,31,137,112,78,33,104,101,60,146,25,17,85,109,50,131,139,2,15,86,119,54,61,145,27,97,44,62,93,92,77,102
67,82,68,28,129,120,111,41,92,137,10,57,79,132,18,107,148,51,86,124,70,44,42,78,66,7,20,9,134,69,94,80,81,122,63,142,5,97,32,119,0,133,96,125,84,59,100,95,123,47,121,105,38,88,46,71,90,136,60,26,103,36,117,149,76,23,24,64,93,4,58,83,87,34,141,106,61,143,140,40,147,145,53,39,109,75,50,101,113,31,135,98,127,73,1,85,99,126,56,74,144,49,43,17,110,108,15,16,21,25,8,114,146,35,12,45,33,30,102,116,115,55,11,72,118,2,139,6,29,65,128,13,138,22,54,27,48,130,104,52,19,112,37,14,91,131,77,89,62,3
59,26,140,17,41,136,29,144,10,2,146,106,60,78,133,124,63,35,83,115,51,56,121,6,21,102,14,43,16,101,34,122,64,104,143,126,116,137,131,68,75,37,141,130,93,87,91,123,79,125,66,117,4,94,32,148,28,112,92,99,119,120,5,24,111,54,20,13,98,89,0,25,22,138,129,90,107,61,109,52,62,69,128,47,114,49,74,42,147,100,73,53,142,80,108,88,85,71,110,33,76,139,67,15,50,36,46,96,135,70,113,19,11,7,18,86,27,3,84,134,40,81,149,132,82,12,8,77,97,30,57,1,23,95,58,127,9,55,118,103,72,45,44,48,39,38,105,31,145,65
42,80,44,83,2,25,71,142,107,10,132,85,92,46,9,11,90,122,21,97,48,113,144,20,117,81,106,63,69,84,86,141,123,100,75,146,52,57,53,12,74,24,119,19,67,64,26,149,103,36,6,109,59,82,127,13,125,14,99,105,31,73,136,130,62,76,120,65,89,95,39,55,68,145,47,34,128,54,131,114,147,0,66,51,72,27,138,126,22,111,108,23,7,37,79,49,104,33,77,87,58,134,5,61,15,135,3,30,1,40,32,70,129,148,110,38,121,116,102,88,35,78,18,101,50,60,43,98,137,124,56,133,41,140,118,139,115,93,143,4,96,28,29,94,45,8,16,91,17,112
7,50,140,115,75,52,110,40,146,73,89,46,54,39,31,122,15,49,87,47,114,103,91,130,48,56,101,143,67,117,8,139,105,79,29,1,27,41,78,33,24,43,100,66,28,109,55,20,93,111,36,88,60,85,92,84,14,137,147,126,123,61,4,136,80,70,0,5,116,6,145,125,59,53,121,144,108,12,57,74,44,95,124,2,135,76,127,65,72,133,62,9,106,82,90,30,81,83,96,113,22,37,77,98,58,138,149,132,35,16,119,63,69,26,10,97,131,86,141,34,21,120,129,107,17,94,134,99,112,42,64,118,68,51,23,25,45,32,104,18,19,102,71,38,128,11,13,148,3,142
102,124,146,1,20,88,38,10,143,99,136,44,60,51,5,55,93,142,3,13,14,69,85,97,118,138,63,66,40,94,27,65,76,16,70,78,74,4,0,61,140,128,35,96,141,12,125,127,113,41,26,91,115,30,95,28,129,119,17,45,15,92,6,36,33,56,32,18,100,79,87,126,2,132,131,110,67,137,117,9,123,120,52,105,114,83,82,103,109,134,43,42,101,7,73,49,21,135,64,104,47,57,34,111,112,31,145,147,75,139,53,148,98,24,48,86,108,106,11,107,37,68,46,122,62,144,149,54,89,71,39,25,8,121,58,22,19,29,50,116,72,130,84,77,23,80,59,90,133,81
106,48,134,55,130,73,11,69,136,122,132,126,5,75,31,17,24,94,145,111,81,125,70,32,49,29,77,8,38,54,65,21,67,50,148,56,9,113,80,23,108,7,84,66,1,89,42,88,52,123,20,68,71,72,119,59,46,137,2,57,87,60,63,116,117,103,62,78,86,100,3,4,0,133,97,40,44,138,14,118,149,131,45,95,90,104,37,30,142,34,139,18,26,124,92,47,98,115,83,6,15,109,28,135,82,114,12,128,146,35,33,102,13,129,85,105,110,96,101,19,147,74,93,76,22,99,36,141,58,120,27,53,91,61,107,39,127,112,41,51,25,79,16,64,144,121,140,43,143,10
36,108,135,97,107,114,50,99,15,11,6,54,16,78,79,71,98,93,119,75,65,30,132,73,47,138,115,129,120,105,134,140,37,131,42,122,121,104,49,20,46,116,130,41,12,60,57,102,34,74,142,87,1,125,77,144,14,61,69,146,19,83,91,85,39,133,118,44,70,48,25,94,22,113,10,76,89,51,67,3,106,68,110,43,112,128,18,66,40,96,109,13,126,2,27,149,0,136,21,45,80,5,141,56,139,23,88,95,62,52,32,145,53,24,72,124,111,123,137,59,90,55,143,86,82,4,84,26,148,58,101,100,103,117,92,81,9,64,17,28,31,7,29,38,127,147,63,35,8,33
88,67,125,126,109,16,3,8,118,94,116,15,103,147,137,78,127,141,42,128,22,27,9,14,92,43,57,29,28,59,105,24,136,49,100,123,44,102,82,66,17,95,139,145,74,40,62,83,99,106,60,134,84,77,37,129,26,81,0,68,149,111,108,140,93,117,130,34,91,90,63,50,131,73,18,80,85,35,31,2,5,107,53,98,121,58,7,48,124,79,4,1,146,21,54,87,64,144,97,41,114,112,135,25,72,12,71,104,133,23,38,122,101,32,86,46,142,6,30,51,55,10,113,96,132,13,11,89,143,75,120,69,39,56,115,36,45,33,20,76,148,70,61,47,119,52,110,19,138,65
84,118,41,1,126,129,108,131,121,42,54,47,130,74,64,127,45,69,58,135,3,19,138,80,68,112,7,11,5,106,85,71,81,48,143,21,147,43,136,57,115,142,28,50,60,79,99,15,52,70,91,87,53,113,111,102,82,14,77,98,137,67,20,6,141,18,22,122,132,145,27,76,46,104,78,38,75,62,125,26,0,96,44,88,72,94,139,37,116,101,61,92,4,65,134,148,8,51,103,149,32,100,114,107,29,89,10,12,59,17,39,110,16,49,23,40,119,109,9,24,128,97,35,66,56,133,124,95,25,83,63,105,34,36,117,144,86,90,93,55,140,30,13,123,73,33,31,120,2,146
17,129,31,10,20,144,74,88,132,44,60,100,69,122,8,111,32,99,40,89,71,113,81,121,86,135,66,97,23,43,117,30,38,52,110,67,133,16,93,104,138,46,131,15,116,102,48,55,36,35,5,29,85,115,92,106,109,51,62,124,22,65,57,95,7,21,119,75,39,127,96,120,50,82,103,61,72,77,34,12,147,14,26,59,94,128,6,41,2,3,18,54,0,148,114,112,47,53,63,13,58,149,24,137,83,4,78,105,45,145,142,101,91,64,98,42,1,79,73,19,143,90,25,11,139,56,126,134,141,107,9,108,49,123,68,136,125,28,80,37,146,70,33,87,140,76,27,84,118,130
79,144,113,106,82,14,127,98,5,10,22,40,96,56,42,29,30,118,115,9,6,69,25,3,97,123,59,136,73,91,34,114,70,90,16,37,78,85,104,146,12,131,68,137,124,62,55,33,4,7,147,39,102,100,101,0,43,149,128,60,133,80,94,31,125,84,57,41,65,1,48,121,138,130,110,2,76,103,89,141,11,92,27,108,26,81,95,20,45,61,105,71,119,107,21,72,129,109,46,50,111,135,23,18,58,35,99,117,38,44,49,53,145,143,140,74,148,13,28,63,36,87,19,47,120,66,139,116,134,83,32,64,132,52,88,17,15,8,86,77,126,67,75,142,24,51,54,112,93,122
141,8,144,133,116,34,26,87,113,92,131,53,148,13,18,117,76,88,22,10,77,9,138,129,68,128,19,50,136,33,93,91,66,97,57,69,14,32,107,79,112,109,16,60,28,143,1,102,106,37,5,100,0,2,135,86,108,130,81,48,147,54,56,145,105,27,63,95,75,62,70,104,149,35,89,64,24,36,7,43,123,74,83,139,46,103,125,78,44,90,59,110,146,142,85,132,55,45,41,6,15,98,80,30,111,72,118,29,101,21,126,140,67,61,137,114,96,58,49,82,39,4,11,25,127,20,38,65,120,115,121,119,52,84,17,71,124,47,134,122,42,73,99,94,31,40,23,51,12,3
9,71,62,87,64,107,128,30,144,50,19,67,116,119,7,86,22,122,126,88,20,110,49,142,109,42,74,149,148,16,105,100,134,118,103,40,43,65,135,137,104,84,32,91,6,145,38,80,72,0,97,28,85,93,2,12,55,58,52,108,51,26,82,14,133,37,8,34,13,63,29,90,39,59,69,99,114,75,68,76,132,21,127,130,140,5,24,60,25,41,73,61,48,78,36,92,70,77,115,125,46,113,81,111,35,106,89,136,138,47,17,101,94,33,15,31,131,11,27,139,141,54,23,120,95,123,4,1,147,102,45,129,56,83,121,10,143,57,96,44,18,3,124,117,79,146,98,112,53,66
62,50,131,45,31,70,95,16,98,33,64,25,26,122,124,11,47,94,107,66,101,12,72,3,42,35,88,79,52,20,40,57,32,133,81,132,117,100,111,138,116,19,29,68,59,74,86,110,90,108,60,76,103,13,15,6,130,2,136,144,78,5,92,38,71,139,106,120,96,128,126,89,85,30,54,73,125,27,143,34,48,24,134,51,145,55,112,44,114,4,1,137,69,99,149,109,115,87,56,123,7,21,140,23,142,37,14,63,102,148,53,104,36,82,41,77,58,18,0,121,97,118,43,10,141,93,46,129,146,75,61,84,65,147,67,80,135,49,113,39,91,28,119,127,9,17,8,83,22,105
136,120,31,63,65,149,37,26,108,93,44,2,64,71,75,89,87,45,20,102,104,0,147,1,51,43,98,78,40,4,28,79,144,73,95,67,135,70,91,90,54,69,101,105,8,118,110,56,27,5,131,100,134,76,11,113,127,121,14,96,42,66,137,48,41,68,117,59,138,62,148,49,123,126,116,9,46,21,47,23,25,112,55,92,30,7,15,119,22,124,107,19,106,97,35,143,57,80,13,99,52,94,114,17,16,3,18,60,128,85,142,111,29,115,53,146,133,34,83,122,125,74,130,145,10,129,81,50,38,141,39,132,139,86,103,33,36,12,140,6,58,84,24,61,77,109,32,82,72,88
31,53,125,128,7,148,135,28,78,29,133,129,58,102,26,25,5,70,36,61,9,130,62,84,113,147,38,105,76,118,72,44,134,15,55,93,14,74,56,8,101,107,115,52,57,142,1,119,6,103,16,140,35,98,27,132,30,117,42,79,80,141,39,75,40,73,17,137,88,100,69,22,3,19,66,37,51,104,138,109,116,124,136,126,146,10,24,82,46,81,122,90,114,108,34,139,45,33,49,131,43,77,127,85,99,59,94,121,2,67,97,87,120,23,50,89,145,11,91,111,13,12,0,48,4,83,149,96,95,143,144,65,71,112,54,106,110,21,63,123,20,47,68,18,64,32,92,41,60,86
67,149,120,20,0,71,6,124,136,112,125,107,61,81,147,74,17,42,56,94,12,82,2,143,103,35,65,59,89,128,97,140,129,5,34,69,80,63,105,77,44,87,134,33,75,46,137,7,145,96,53,68,146,127,144,11,131,70,73,51,4,50,16,95,62,113,99,19,23,25,85,92,121,21,114,39,141,28,139,38,123,100,83,3,54,115,78,18,84,10,91,110,148,24,130,93,102,26,90,36,108,40,14,31,86,45,138,72,27,117,30,118,119,32,48,58,55,135,88,60,122,52,13,9,98,76,43,116,15,29,106,66,142,133,79,1,49,101,37,111,104,64,57,47,41,132,8,126,109,22
121,135,28,104,110,140,27,130,22,47,85,69,18,93,124,25,30,144,55,98,5,36,101,147,91,49,108,41,15,106,17,1,133,74,119,95,102,65,45,23,115,136,103,88,143,99,8,40,39,122,111,0,21,44,123,12,126,145,66,113,117,31,105,128,82,131,46,33,141,129,68,50,139,60,86,26,148,61,2,43,79,34,107,52,96,59,81,77,48,16,149,24,29,78,62,73,89,14,56,92,72,67,13,53,42,37,63,94,35,75,90,112,87,116,109,83,57,125,19,132,7,114,71,118,20,70,120,54,3,10,80,11,138,38,76,84,6,64,146,4,142,32,137,97,9,134,58,51,127,100
40,21,63,46,94,12,57,129,131,6,32,97,119,75,45,31,42,23,114,8,106,47,108,11,59,37,65,137,83,71,9,56,17,99,135,104,68,53,98,41,130,69,142,7,115,140,143,79,128,125,122,5,64,93,25,77,92,44,15,112,103,133,110,105,26,138,109,117,76,127,144,29,70,132,84,60,54,0,85,111,118,96,78,27,10,3,13,19,116,147,134,113,39,49,102,101,88,36,100,139,136,90,149,123,61,1,34,80,73,72,14,28,24,52,67,107,141,55,145,120,89,58,16,30,50,82,18,4,35,33,38,81,95,74,124,146,2,48,121,87,66,86,91,148,51,20,43,22,126,62
118,141,11,90,98,17,146,44,75,142,93,79,87,4,88,120,6,1,132,61,21,70,116,105,147,149,12,86,72,49,102,40,140,138,82,37,71,128,96,3,85,99,139,45,148,119,19,100,95,24,80,15,144,76,62,0,134,10,122,84,55,34,43,89,68,36,83,29,13,131,135,51,133,114,66,125,46,127,7,57,121,73,65,58,103,117,33,9,41,107,59,42,67,20,74,123,52,53,14,2,130,25,92,91,69,112,5,77,38,32,115,106,18,124,26,136,50,35,111,145,8,109,28,63,54,22,27,39,94,143,23,64,78,81,110,113,30,60,97,137,126,16,108,104,47,101,56,31,48,129
30,103,89,56,33,66,17,38,72,54,12,83,136,145,35,96,102,14,59,126,121,42,0,26,78,6,140,29,142,60,71,125,146,64,69,130,127,32,5,87,111,37,110,113,11,128,148,86,22,70,149,75,9,132,47,46,138,61,45,94,62,100,10,98,7,68,39,79,63,19,43,122,147,57,20,95,109,2,25,134,88,65,82,52,48,4,81,105,51,141,76,124,114,107,18,21,84,31,80,23,131,44,99,13,53,90,97,58,133,77,85,16,8,116,108,101,123,119,106,143,93,120,3,104,50,92,129,55,117,41,135,34,73,112,74,40,118,115,28,139,1,91,49,36,137,27,67,24,144,15
125,10,107,113,148,131,128,134,89,50,14,103,27,90,23,144,46,86,82,116,111,12,95,13,102,41,97,109,8,55,85,110,38,28,25,37,133,77,88,76,91,40,16,20,4,149,61,123,139,146,17,2,70,45,34,80,54,60,73,101,124,135,117,39,141,35,22,75,3,96,93,48,26,126,56,140,78,68,99,0,52,87,69,1,24,114,9,94,58,137,81,130,115,106,132,59,108,51,145,127,44,30,138,83,136,47,143,42,36,142,119,71,66,19,7,21,72,43,64,63,33,112,29,31,100,65,6,105,120,74,18,11,104,32,15,57,84,121,67,98,62,49,79,5,92,147,53,129,122,118
147,103,10,36,145,76,134,37,80,2,114,0,148,41,1,13,84,139,138,35,16,63,143,115,21,46,20,123,74,99,107,130,104,86,135,22,89,45,68,50,112,28,32,90,108,93,121,100,81,4,64,83,25,85,40,119,71,120,96,137,3,24,88,128,105,9,29,72,127,95,18,132,75,17,27,8,109,47,133,42,124,82,51,144,56,69,73,43,38,58,53,129,7,26,70,34,14,102,131,118,94,117,65,48,79,113,91,77,11,52,31,62,23,78,54,149,67,57,116,55,136,146,106,140,60,33,101,44,125,111,98,6,59,142,126,87,49,61,39,15,97,110,122,141,66,12,5,19,30,92
32,6,123,77,125,121,88,86,78,7,141,21,130,50,0,83,117,66,134,79,10,94,99,30,143,19,64,146,72,4,9,119,55,92,149,63,61,103,41,43,25,29,104,20,84,23,45,57,69,140,147,111,87,102,116,118,128,136,76,129,47,98,1,115,113,53,74,46,52,107,90,16,15,5,51,135,48,139,44,133,91,80,73,148,71,114,3,12,93,81,65,127,11,24,13,31,106,126,17,85,59,28,26,138,124,82,22,68,56,33,34,109,58,54,137,27,35,100,112,39,105,108,145,38,101,36,75,95,49,62,142,120,37,122,96,97,60,14,18,110,144,131,8,42,40,67,132,89,2,70
61,132,6,20,102,42,34,121,124,71,115,86,134,51,48,47,41,60,50,80,107,109,144,64,9,99,57,29,16,139,74,8,105,95,44,90,13,52,138,101,65,88,23,63,25,62,110,55,91,122,145,4,97,123,73,82,0,5,94,14,128,32,72,54,79,113,130,112,149,120,56,116,85,133,1,69,137,118,108,3,11,26,143,19,93,39,117,66,126,104,40,30,141,78,119,87,70,46,131,140,96,68,148,59,22,36,33,17,12,147,114,67,45,135,103,76,49,38,43,142,35,58,77,10,136,37,15,75,111,31,28,7,2,21,125,27,100,84,83,24,89,98,129,106,92,146,53,127,81,18
139,35,141,87,23,44,65,143,50,28,136,4,11,131,14,13,92,113,83,2,6,94,56,100,129,39,25,9,62,15,0,57,109,82,111,98,7,108,130,42,99,59,75,124,79,78,97,119,53,88,86,70,48,69,76,1,103,93,135,138,66,55,8,115,10,122,137,3,77,89,60,73,133,147,71,43,80,110,38,24,81,45,105,149,52,29,30,40,41,37,148,125,144,132,46,33,22,116,142,146,90,84,47,85,19,128,64,117,16,95,74,102,112,121,68,126,63,127,32,145,107,123,36,31,96,51,5,26,140,21,49,104,134,54,61,18,101,91,58,120,118,20,12,17,72,67,106,27,34,114
129,31,63,144,68,86,136,24,128,145,59,72,5,37,147,126,74,82,78,4,13,107,127,81,57,51,134,41,53,99,132,67,62,110,16,120,66,79,104,91,21,47,36,116,118,23,105,14,130,15,140,100,96,131,98,8,113,12,108,117,56,95,45,39,76,88,44,33,27,48,143,94,125,141,60,73,38,109,55,142,65,149,106,1,49,30,119,101,42,122,92,103,102,133,32,135,114,87,90,18,9,34,70,0,10,54,58,7,146,61,137,123,11,84,35,115,71,64,19,75,28,93,25,17,6,97,89,40,46,77,43,22,26,85,111,20,148,69,50,80,124,52,121,138,139,112,3,29,2,83
32,40,94,103,138,28,50,149,39,87,30,19,146,15,120,148,145,88,23,52,62,57,140,20,43,113,144,35,82,64,141,54,1,27,9,95,125,36,117,111,97,48,65,100,133,104,60,91,116,142,46,56,83,12,122,5,58,55,106,59,61,33,81,129,102,3,26,21,86,127,85,108,136,37,80,44,74,41,115,66,135,42,45,14,130,126,89,134,29,109,128,121,7,79,75,0,105,112,4,47,63,49,25,70,107,72,96,92,22,18,139,38,8,34,78,77,84,16,93,10,17,99,143,124,98,132,24,13,11,110,2,67,53,119,69,131,73,51,68,71,31,101,6,90,137,118,123,147,76,114
20,41,83,149,21,4,117,73,42,79,142,128,38,72,90,8,64,68,28,39,94,55,49,1,5,87,127,145,65,80,25,30,44,45,111,89,116,29,119,109,9,26,125,92,100,10,146,131,14,19,143,114,78,67,6,77,82,99,23,135,3,43,48,104,115,141,37,112,31,47,13,35,108,93,33,22,16,69,134,106,76,84,105,71,7,50,53,2,61,123,129,88,74,17,34,75,32,124,81,122,60,132,85,95,11,91,98,66,139,118,0,97,136,102,40,133,86,12,126,15,58,24,54,46,27,56,140,138,137,63,103,107,110,57,96,121,62,144,18,101,120,113,148,130,59,52,51,36,70,147
112,6,144,126,37,140,47,120,11,78,27,125,131,23,5,50,40,96,122,46,2,39,3,0,41,138,34,13,119,42,43,48,135,146,31,99,64,35,100,70,111,15,1,136,147,94,51,87,97,75,57,68,79,107,7,105,32,24,9,92,95,29,128,63,137,102,86,44,18,149,45,85,60,49,89,38,98,81,84,133,109,19,90,33,145,59,14,17,21,134,66,76,91,148,118,132,142,25,16,62,116,22,77,36,101,80,52,115,74,65,61,103,123,10,56,55,4,83,106,93,12,108,69,30,53,67,114,20,110,141,72,71,54,113,124,8,121,143,130,88,117,82,129,28,127,104,139,73,26,58
0,147,59,45,67,115,1,13,72,35,32,68,74,36,142,99,113,29,124,79,58,144,141,110,24,60,145,88,89,126,138,4,14,75,106,112,57,97,104,122,105,61,43,103,42,131,64,71,125,56,134,15,111,9,2,65,46,66,140,49,18,149,77,94,119,109,100,54,3,95,87,51,129,90,73,39,96,23,76,70,21,146,123,19,37,121,55,8,30,107,148,38,85,80,102,5,31,98,91,63,139,53,11,10,132,41,27,84,47,128,83,114,136,17,26,6,69,108,50,135,120,143,12,40,48,130,25,7,92,116,101,33,82,20,93,133,44,62,81,86,137,127,28,22,16,52,118,78,117,34
85,107,68,43,101,127,116,49,95,111,59,131,128,28,16,87,31,0,139,12,73,118,109,89,104,69,93,106,54,27,132,99,137,29,74,108,48,52,138,60,4,21,82,130,146,57,144,96,105,140,145,37,119,1,117,6,123,53,32,120,19,64,15,76,122,38,86,72,61,25,77,65,78,18,51,149,40,30,103,92,67,126,136,147,115,34,35,46,66,83,22,3,33,114,148,56,79,112,135,26,11,113,94,84,9,7,41,100,10,55,125,129,133,36,20,2,90,5,97,88,58,39,141,23,124,110,98,50,142,14,24,42,8,71,62,80,45,70,134,13,143,47,91,121,75,102,44,81,63,17
4,19,50,53,99,132,135,76,126,14,29,110,93,81,79,83,6,103,10,89,52,20,127,92,11,88,69,12,49,44,48,18,91,39,128,36,1,141,147,41,112,31,101,0,67,27,42,117,74,86,64,146,143,60,133,122,25,47,118,62,108,35,85,87,100,138,23,17,104,30,16,7,46,123,58,142,139,61,33,98,65,72,95,80,13,54,70,105,145,116,63,97,34,113,66,82,59,121,119,114,90,136,131,24,43,15,77,129,22,32,55,111,140,106,102,3,8,137,144,5,71,94,40,120,51,109,149,26,38,84,37,45,68,73,56,21,28,9,96,134,125,115,124,148,2,75,107,130,78,57
56,47,110,80,89,27,58,122,104,68,128,137,77,144,0,130,107,124,69,40,51,41,61,103,65,114,105,149,53,126,26,43,34,8,120,59,35,117,143,36,141,129,145,78,88,37,48,32,134,52,1,85,12,9,111,13,136,23,44,60,75,45,97,18,39,11,123,46,54,93,82,90,57,55,147,135,70,49,72,142,15,148,4,5,50,92,67,21,83,73,101,14,119,116,138,16,81,140,146,98,133,91,108,113,7,66,127,96,30,74,125,109,63,33,20,87,84,25,94,64,79,10,106,28,29,112,6,132,3,100,71,17,19,42,24,131,115,102,62,95,38,22,118,2,31,139,76,86,121,99
132,114,79,90,74,15,33,56,140,38,86,118,31,87,106,20,144,80,149,103,70,63,24,78,5,127,18,124,99,102,111,32,17,40,73,51,48,68,39,25,2,21,41,46,94,147,29,128,62,72,129,6,47,119,64,77,23,141,69,98,58,143,142,85,1,133,81,116,135,134,45,19,148,13,126,83,4,34,139,35,121,105,0,30,117,123,138,59,65,145,3,37,115,8,10,84,109,125,28,136,92,100,89,146,101,12,95,120,104,110,61,66,43,50,137,75,67,88,108,107,76,22,53,82,54,97,130,49,57,16,55,11,9,93,26,52,96,113,112,122,42,14,131,27,44,71,60,7,36,91
11,90,22,25,1,114,2,45,138,112,82,104,120,53,56,141,111,34,3,113,95,61,129,51,118,144,14,7,36,88,108,72,145,31,132,71,75,98,84,97,137,83,29,149,135,17,106,122,20,64,110,18,42,130,79,73,68,99,78,28,70,0,143,26,107,126,38,59,77,16,24,27,92,63,134,101,47,35,133,12,48,81,52,55,127,60,8,136,15,94,105,76,91,124,57,39,116,87,66,9,89,147,49,32,140,65,139,121,46,19,13,67,54,146,102,40,4,43,6,5,109,37,123,128,62,21,142,30,115,148,119,93,69,33,103,80,86,100,131,41,44,125,117,10,58,96,85,23,74,50
130,24,48,102,100,71,136,97,61,25,29,70,32,85,4,52,9,57,86,119,117,144,116,121,3,106,68,15,19,72,39,77,64,35,7,141,6,113,98,127,91,123,131,125,88,8,134,115,17,65,120,36,83,132,138,122,21,74,112,107,20,67,62,12,11,118,16,38,30,51,76,89,145,53,92,135,59,2,43,75,31,1,22,111,110,99,37,42,73,137,147,49,60,93,41,140,55,101,40,90,108,28,103,148,139,94,124,44,82,33,149,26,46,133,34,10,5,50,95,69,0,128,63,56,129,47,23,146,14,84,54,104,13,105,114,58,87,109,81,18,126,66,96,27,45,80,78,143,142,79
96,132,125,14,149,108,92,52,82,72,129,29,11,66,64,119,18,101,105,59,43,109,113,34,81,80,133,124,31,106,15,74,85,77,121,122,37,47,51,104,5,53,110,16,50,40,71,3,98,79,44,118,146,17,116,41,32,134,126,103,148,20,38,115,10,128,147,26,137,91,57,28,62,84,127,131,60,65,13,86,107,140,130,39,73,1,25,36,117,114,76,0,88,12,54,19,63,33,46,22,55,112,90,75,56,67,35,48,135,95,144,24,139,9,93,2,100,143,136,102,145,69,8,120,61,4,142,21,89,49,141,27,58,42,94,7,78,30,138,111,99,70,6,83,23,87,68,45,97,123
52,6,110,128,122,44,100,49,112,66,5,97,81,40,21,45,98,4,32,144,17,75,89,90,86,30,63,83,1,36,42,16,14,123,64,138,87,105,104,70,146,126,113,9,132,135,54,58,67,35,55,57,80,142,109,20,27,85,50,82,94,56,33,46,96,147,107,149,53,3,108,25,139,125,8,29,130,73,65,106,72,59,114,78,77,68,101,38,119,137,62,15,76,117,103,136,60,127,141,111,124,93,10,74,2,145,95,24,48,0,34,88,118,79,133,41,19,26,69,131,51,71,120,22,84,43,99,37,102,11,23,116,18,148,140,47,92,61,91,7,143,129,31,115,28,13,121,12,39,134
60,97,7,54,9,107,143,80,72,78,64,136,40,14,36,42,6,28,125,17,93,148,76,74,29,75,91,131,11,50,10,146,117,27,33,34,51,128,53,86,39,149,5,135,81,115,110,103,19,120,130,73,147,37,3,69,44,87,24,88,46,48,52,113,18,22,47,96,43,63,89,77,1,65,61,105,133,132,106,114,59,15,62,123,66,108,41,4,70,116,32,92,21,90,30,118,129,38,137,98,68,55,20,79,122,16,104,99,95,121,142,140,45,101,102,82,141,134,126,49,58,139,124,138,56,111,145,12,23,2,119,112,67,144,100,94,13,57,71,127,31,8,84,25,83,26,0,35,85,109
76,95,43,85,120,112,133,141,127,107,69,134,109,56,50,100,79,2,46,35,126,97,140,94,108,98,42,41,64,106,136,32,47,16,59,19,15,80,102,66,44,116,12,40,34,5,90,111,14,117,29,37,13,105,63,60,89,145,139,30,28,0,88,67,52,83,101,45,17,86,138,125,68,70,71,91,36,84,143,1,22,25,6,122,78,10,58,53,65,142,81,149,57,38,147,77,8,3,24,33,87,74,114,51,49,82,123,144,54,55,146,75,26,61,99,131,93,72,115,110,124,18,92,129,9,27,96,39,21,135,4,104,23,48,103,130,132,113,148,20,118,7,62,31,128,11,119,73,137,121
115,11,34,40,33,93,107,31,101,83,128,56,108,126,6,0,57,125,36,144,88,110,129,4,67,10,89,27,134,7,60,18,71,80,37,103,141,64,97,2,41,84,16,38,3,133,124,22,19,111,15,12,14,131,69,77,45,24,98,142,32,137,9,21,86,145,52,35,91,147,44,20,90,102,48,132,74,96,130,123,119,79,148,54,75,30,106,146,109,39,58,122,143,62,49,118,17,95,72,42,26,61,51,29,138,112,94,136,5,78,82,85,66,13,23,127,43,68,65,140,117,81,47,120,55,50,139,70,25,99,73,113,105,59,149,28,76,116,121,63,135,87,1,100,46,114,92,8,104,53
143,80,50,71,90,83,17,28,65,86,43,39,29,116,97,45,93,127,123,145,13,66,27,47,34,88,48,141,102,121,96,52,130,2,16,72,6,31,10,107,60,44,110,76,100,142,101,38,41,21,125,135,124,147,109,18,30,12,105,37,115,20,63,137,78,108,64,112,103,3,99,134,148,82,40,98,119,117,87,133,15,32,114,57,106,132,146,67,25,94,128,73,69,58,56,139,36,84,91,14,144,111,42,70,11,5,59,131,95,138,122,55,92,81,75,126,149,89,35,46,104,85,23,9,22,136,1,68,118,79,62,61,77,19,24,74,33,4,54,53,7,51,140,129,8,120,113,26,49,0
35,99,75,147,55,22,49,142,96,117,132,149,58,62,119,27,108,72,134,7,31,86,144,107,48,4,115,68,45,53,14,39,2,138,112,50,124,15,90,61,104,33,79,145,0,69,135,105,122,140,40,13,101,8,82,29,114,97,67,23,54,118,73,52,100,66,88,106,146,36,93,109,81,38,141,125,80,102,95,71,127,51,78,30,83,59,34,56,32,44,130,137,12,143,123,120,64,20,148,42,19,113,28,21,126,18,10,74,87,92,17,77,129,103,133,70,63,5,43,89,11,84,37,85,131,1,46,16,91,25,111,110,116,26,76,9,128,3,65,24,41,98,139,136,94,121,47,6,57,60
106,27,105,8,67,128,130,14,137,75,139,16,56,24,113,43,93,53,42,134,84,13,108,132,79,109,3,116,114,123,70,37,101,147,73,64,10,9,141,7,36,26,80,83,60,98,144,68,143,4,41,59,86,119,146,50,69,47,77,91,126,97,30,140,58,19,31,54,0,87,120,65,135,66,63,110,17,55,38,61,62,148,48,118,57,82,138,45,133,78,117,111,72,32,21,11,129,142,74,49,33,127,94,124,23,92,125,71,145,100,44,115,76,121,35,51,95,96,20,81,99,103,12,89,85,149,107,131,90,15,104,28,1,34,112,29,6,88,52,22,136,2,39,122,46,102,18,5,40,25
29,112,91,55,93,116,7,109,2,73,6,144,137,142,9,110,147,56,129,30,61,46,10,105,25,100,87,68,78,35,26,50,115,17,85,89,23,32,36,117,118,107,139,20,119,138,111,135,140,86,15,3,4,145,18,40,76,122,121,99,74,92,141,13,81,79,62,8,103,82,41,5,42,124,97,43,19,67,66,72,71,84,104,94,83,11,149,63,114,123,102,96,120,57,60,53,64,148,88,131,44,101,127,134,133,52,37,59,33,12,75,136,80,98,16,24,132,70,38,21,126,48,45,77,1,95,128,108,0,125,14,22,58,27,106,113,130,49,90,54,69,39,31,47,34,143,51,65,28,146
64,36,63,143,8,15,93,69,135,114,122,116,20,35,92,101,40,52,103,12,140,48,97,148,109,84,73,129,2,57,83,111,125,59,41,25,77,131,65,113,24,11,107,38,31,145,5,87,60,72,115,75,9,4,47,6,121,144,71,102,78,17,66,30,80,91,118,50,100,124,142,81,7,74,136,14,147,106,56,141,61,146,10,126,112,27,94,68,76,33,134,18,62,16,54,21,90,123,104,19,22,28,34,137,119,42,89,55,23,88,79,51,46,13,98,49,3,82,53,1,85,70,105,58,37,32,99,86,128,45,138,29,139,67,149,44,43,120,96,130,110,133,0,39,132,26,117,95,127,108
54,11,12,10,27,100,34,112,14,103,134,69,123,38,62,5,48,78,83,102,97,70,51,113,140,61,138,139,56,117,67,95,37,18,74,22,65,80,29,81,17,47,106,104,2,129,88,116,143,43,121,107,91,64,19,15,111,130,68,0,63,28,9,137,16,120,3,99,94,122,33,55,8,101,126,114,40,131,52,6,60,96,105,26,89,75,142,133,21,36,108,73,72,49,20,4,39,127,93,144,118,23,58,124,146,57,90,45,76,46,132,128,13,119,85,41,149,35,30,25,71,53,31,32,50,136,109,24,82,77,44,42,84,59,110,87,148,135,7,86,98,92,115,66,125,141,1,145,79,147
5,94,36,73,9,28,70,140,68,56,54,132,142,137,100,84,120,65,96,80,87,113,66,24,91,71,139,37,125,48,105,130,23,123,60,51,108,141,38,146,133,126,136,13,138,4,75,118,10,50,30,59,112,147,116,144,6,92,134,69,72,11,25,31,81,52,149,102,128,63,53,39,0,89,49,135,124,76,44,58,122,42,109,93,45,88,79,2,34,55,78,90,114,110,46,86,20,14,18,43,7,26,99,127,62,97,82,61,35,40,67,1,8,32,3,143,64,29,115,117,129,98,95,27,41,77,85,131,107,106,104,74,145,16,148,103,21,111,121,57,83,17,33,101,19,119,22,12,15,47
66,13,88,62,114,4,81,30,138,49,120,61,25,14,36,105,19,46,33,143,26,116,34,93,20,64,112,54,139,77,0,24,39,79,74,122,124,129,146,38,56,101,131,140,8,52,21,59,3,91,133,29,50,126,5,45,51,75,78,7,85,102,82,135,110,121,31,69,11,17,42,43,32,15,40,84,119,10,70,6,100,98,125,53,76,55,23,83,22,1,118,130,86,58,97,28,142,90,128,89,18,137,141,109,107,2,63,65,145,99,144,115,68,60,104,94,12,44,127,96,106,92,103,16,149,37,87,148,136,73,57,9,147,108,113,117,134,48,41,47,95,71,132,72,27,80,123,67,35,111
133,11,98,44,69,97,125,142,17,141,67,140,91,36,123,7,120,57,131,27,147,61,87,59,84,55,53,76,124,28,18,40,43,58,42,63,135,71,114,12,66,21,134,139,73,108,72,45,146,22,5,34,107,13,77,24,46,137,109,56,20,79,3,65,51,96,32,60,38,37,105,122,121,47,149,144,14,75,85,54,26,111,128,70,64,90,81,145,68,127,4,49,9,112,62,23,74,113,89,95,10,50,119,88,16,29,39,78,116,115,129,100,117,31,25,1,102,2,0,33,110,19,93,6,35,8,130,143,82,94,126,15,148,103,104,86,101,132,83,136,48,52,30,41,80,92,99,106,138,118
24,54,62,75,19,135,39,88,1,90,60,120,2,144,9,58,4,105,6,67,87,89,125,129,136,76,26,106,7,130,145,92,16,103,15,44,82,25,18,101,104,147,13,77,68,117,114,111,138,95,122,0,86,133,53,126,14,30,93,73,139,134,8,72,5,70,55,27,149,110,38,109,20,94,61,143,118,43,100,33,96,102,59,66,97,83,113,132,10,80,146,34,127,115,11,57,91,21,3,28,56,142,128,69,41,52,47,49,137,71,23,141,51,81,46,64,32,31,107,35,45,119,131,74,112,37,36,121,42,123,65,12,63,148,116,99,85,22,50,140,40,17,79,108,78,84,29,48,98,124
142,145,127,27,89,138,16,19,11,43,24,73,40,87,131,56,102,47,110,64,117,48,53,91,103,9,76,18,125,21,36,144,62,7,75,99,65,61,71,146,42,106,111,119,15,104,69,12,109,122,136,20,37,35,98,38,126,14,44,22,67,83,132,134,78,148,60,80,68,70,90,140,50,74,96,0,93,30,41,118,5,52,72,28,130,85,58,3,116,123,97,57,49,79,46,4,141,100,113,6,120,51,77,17,55,26,66,84,114,139,124,81,137,129,143,101,86,25,108,13,147,135,59,88,63,82,10,2,32,54,29,23,1,31,8,121,149,128,105,107,34,133,45,94,92,112,115,95,39,33
140,43,13,134,60,57,100,2,28,33,105,86,30,107,46,113,0,19,111,125,91,49,14,132,27,84,31,15,101,92,53,147,41,72,54,1,21,36,136,45,82,17,81,70,51,47,137,52,48,119,78,25,87,8,38,138,12,50,76,149,128,127,116,37,4,58,62,23,133,59,32,65,3,117,26,44,115,121,22,66,114,5,90,95,93,102,69,130,9,80,96,143,124,39,145,131,109,74,40,129,35,141,6,24,16,77,110,126,73,29,108,148,71,135,34,67,79,42,144,99,104,63,75,103,11,88,83,122,18,61,56,7,123,85,120,142,55,64,118,97,98,20,68,139,94,89,10,106,112,146
42,110,91,29,45,115,78,97,13,96,38,75,76,82,51,59,99,20,114,22,15,25,71,101,127,44,47,58,85,4,54,128,43,149,1,120,11,62,67,23,133,70,102,90,125,95,21,3,111,48,31,126,103,64,106,107,123,121,61,83,7,50,104,144,72,92,10,117,30,39,77,36,9,19,35,56,136,80,27,0,60,122,109,113,100,34,112,94,17,8,49,40,73,6,86,69,28,66,139,84,41,46,53,134,37,129,16,148,88,65,98,116,137,118,68,52,5,145,24,141,81,138,18,63,135,105,33,2,130,32,26,124,146,131,55,89,57,142,147,87,79,140,74,132,119,108,93,14,143,12
106,120,68,96,131,125,3,134,45,27,0,100,102,112,115,74,24,31,149,34,6,66,81,67,126,30,29,122,44,139,83,60,58,21,90,80,20,136,65,148,117,109,53,140,142,55,144,33,8,15,141,119,64,40,10,114,11,38,91,116,132,69,147,113,50,130,85,98,99,9,86,42,101,25,145,61,72,88,26,133,105,51,17,78,39,103,124,52,107,104,137,7,14,18,84,89,92,12,143,62,1,75,110,93,46,13,128,16,129,23,22,5,97,95,47,77,82,76,57,121,48,35,54,19,2,28,56,123,32,41,108,63,49,73,37,43,4,36,70,138,59,127,87,111,79,135,146,94,71,118
94,56,129,99,50,9,48,44,2,146,24,125,73,98,97,122,69,25,144,74,115,106,32,102,42,57,58,96,117,116,101,20,95,81,10,141,124,72,84,108,0,4,86,16,67,41,49,83,35,46,131,37,18,91,68,40,60,30,59,31,70,29,105,132,147,110,23,53,75,36,136,111,112,128,148,43,45,109,103,87,66,118,92,114,137,54,145,138,76,15,13,77,55,22,143,6,63,17,90,12,107,3,135,14,52,19,139,149,5,64,62,1,33,61,88,7,119,21,127,47,126,89,104,113,133,130,65,26,27,11,120,93,78,100,39,142,85,8,28,71,80,79,121,82,134,38,123,140,34,51
39,91,112,120,38,87,34,45,14,105,125,40,109,104,32,90,28,110,68,92,42,114,13,15,128,9,148,127,74,133,75,24,23,96,56,18,10,93,71,59,41,85,8,83,100,118,135,1,27,89,63,67,143,33,48,69,132,16,35,11,142,107,17,108,44,5,0,119,138,73,25,12,131,49,47,65,76,19,55,2,149,80,57,139,126,102,29,88,130,78,26,43,121,37,4,79,103,64,145,72,123,52,147,81,113,6,129,136,117,61,82,94,137,84,54,58,36,86,77,46,98,140,99,101,134,60,51,106,21,97,31,22,122,62,141,66,116,30,124,53,146,95,20,115,3,111,144,7,50,70
58,111,115,82,39,13,24,141,146,106,14,132,135,124,46,83,33,7,76,88,121,55,54,29,6,112,108,62,100,34,27,103,129,142,130,137,98,143,91,119,125,97,110,68,30,80,69,65,78,59,95,131,43,134,31,67,101,17,64,127,117,148,107,147,48,9,50,85,63,21,94,19,4,89,40,36,57,114,18,51,49,52,3,109,133,120,32,93,86,71,72,26,96,145,22,41,138,118,10,75,15,45,105,8,25,0,73,74,113,139,87,102,38,12,16,149,136,84,92,104,60,77,126,28,37,1,42,20,44,47,140,23,99,56,90,35,79,116,70,61,122,11,123,128,2,5,53,81,144,66
126,68,37,1,98,94,60,88,32,46,22,19,136,16,28,49,140,124,117,129,54,139,2,128,41,47,107,7,132,101,93,123,143,67,31,130,91,81,84,23,50,115,4,73,13,15,51,56,61,17,40,114,26,9,43,72,110,66,45,97,38,70,134,109,20,10,29,58,14,111,77,92,48,133,35,27,96,59,138,118,112,39,146,30,76,90,121,148,149,131,120,69,99,44,144,86,103,82,33,127,122,42,137,11,80,85,74,65,142,78,104,36,21,119,135,18,100,55,57,102,79,24,71,34,25,64,108,141,113,89,83,63,145,52,106,105,75,125,62,95,87,8,12,147,116,0,3,53,5,6
72,106,21,43,12,139,80,100,20,134,58,141,53,127,33,34,56,147,3,49,39,71,99,41,97,54,50,149,138,19,66,133,91,113,10,14,115,30,145,76,5,9,116,108,146,68,90,122,62,87,67,119,38,63,136,114,96,13,81,69,86,107,105,22,77,142,0,26,42,121,16,73,85,103,104,36,130,131,18,110,23,78,65,143,45,46,124,29,75,6,112,84,64,52,101,1,89,57,51,118,47,70,55,95,123,2,24,74,79,48,102,60,7,40,137,94,93,117,4,32,59,8,140,44,109,148,35,15,132,31,11,125,98,83,82,25,135,144,88,61,92,27,28,120,37,17,129,128,111,126
130,111,60,29,17,42,33,81,149,118,145,11,117,93,51,28,66,27,135,108,32,137,113,12,92,22,132,142,104,134,8,143,71,70,26,123,98,120,140,112,100,10,20,133,57,88,9,3,107,97,76,115,126,62,50,49,23,85,83,14,63,79,103,91,43,4,122,39,56,119,69,44,74,75,146,48,147,90,61,5,38,141,36,72,54,41,102,67,110,52,95,64,53,89,94,6,124,34,109,0,24,80,144,114,116,139,121,131,148,105,46,138,73,15,86,96,65,16,136,129,7,47,125,37,2,68,101,55,127,25,13,30,106,58,87,35,45,99,82,40,31,21,78,128,1,18,59,19,77,84
120,23,40,88,39,139,54,13,142,8,53,27,69,41,141,2,110,148,86,61,105,43,126,144,26,134,22,116,127,19,72,42,17,51,143,117,107,85,137,145,1,24,65,102,98,100,146,9,111,119,80,18,73,21,149,28,140,52,96,47,32,76,130,30,6,62,94,60,57,93,46,132,5,7,78,136,81,133,37,14,55,95,12,108,122,103,15,29,99,59,50,82,45,79,35,66,91,16,48,135,68,84,121,75,128,106,58,10,11,56,74,125,124,25,83,36,147,131,104,123,112,129,33,109,64,87,0,44,20,114,63,92,118,3,89,4,101,67,71,138,113,97,115,77,31,38,49,90,70,34
1,45,12,114,117,64,46,27,66,82,124,93,87,130,147,120,20,80,37,43,83,24,144,38,95,18,116,128,85,108,112,72,30,131,142,107,81,32,78,110,100,126,73,11,3,92,141,71,94,63,98,122,49,40,41,5,55,136,50,54,13,104,65,140,103,133,52,34,42,10,99,89,59,86,137,115,79,134,84,8,101,118,88,75,14,96,47,22,123,77,35,105,58,23,2,135,145,119,106,146,132,25,56,143,31,44,68,74,29,60,102,9,57,149,39,127,121,125,4,138,48,6,76,0,21,33,15,36,69,90,62,97,26,67,53,7,109,129,17,16,61,19,91,51,148,113,111,28,139,70
44,78,3,16,108,4,109,14,6,96,135,70,77,82,99,106,29,10,85,5,102,13,143,12,76,28,58,126,43,65,132,56,31,142,7,105,145,74,62,61,21,115,20,67,17,120,94,107,146,119,118,2,71,32,40,1,100,116,97,55,72,117,30,103,131,134,124,129,88,11,86,8,18,80,47,22,26,68,123,50,59,49,87,137,63,24,83,75,48,73,42,19,90,148,41,51,27,104,36,34,101,93,92,39,37,128,52,91,121,15,25,69,89,144,110,66,112,138,141,139,98,140,9,46,64,60,81,57,33,0,136,114,111,133,23,149,38,125,122,35,54,84,53,130,95,79,113,147,45,127
143,140,116,40,104,0,48,44,52,117,145,105,82,16,53,29,89,43,45,125,70,147,27,102,93,111,75,10,149,31,91,73,57,88,64,92,66,106,80,72,141,146,39,26,14,35,136,127,128,6,129,59,20,37,118,148,74,33,32,50,121,107,120,97,28,24,115,101,98,13,58,126,81,87,119,9,19,137,109,113,18,131,139,5,23,30,68,122,123,132,96,12,54,49,7,114,63,71,2,86,65,34,4,55,133,8,85,62,56,79,77,130,15,69,17,112,124,84,103,138,67,25,78,99,94,3,38,42,100,1,61,142,46,110,134,21,83,95,90,108,60,47,135,76,11,41,36,51,144,22
120,97,110,2,70,116,119,59,143,92,82,85,55,140,50,104,114,131,124,137,35,58,144,135,19,118,63,94,64,86,47,146,112,77,132,80,7,16,75,96,62,37,142,122,126,111,133,84,54,17,46,1,99,20,14,91,3,42,68,18,29,95,28,36,49,48,102,105,83,30,108,39,65,51,32,69,138,73,45,125,76,27,145,43,53,26,117,52,25,12,141,115,66,44,103,57,71,130,8,5,38,129,121,148,61,149,33,79,0,22,31,23,13,40,139,9,11,107,41,60,128,72,147,134,113,106,81,109,127,78,74,21,4,24,10,15,89,90,56,101,100,98,87,88,136,123,93,6,67,34
132,42,20,102,81,24,56,29,94,18,99,119,59,129,13,33,68,54,144,46,38,21,118,78,66,26,85,105,111,76,101,32,130,115,89,91,51,113,148,45,114,142,12,136,25,137,146,87,30,52,120,79,112,103,40,35,2,57,149,82,27,74,125,139,50,147,44,134,106,104,14,0,1,28,126,60,7,107,75,10,36,86,41,123,108,121,71,5,8,34,48,77,55,138,58,110,135,43,131,100,17,92,39,67,16,109,11,128,96,53,140,122,72,73,84,143,145,80,83,69,64,19,98,6,90,65,70,62,124,63,31,141,23,9,4,133,49,15,97,117,93,61,22,116,37,127,3,88,47,95
137,138,90,74,36,1,73,77,149,49,116,39,43,96,37,15,94,121,113,64,2,63,32,5,93,136,123,114,134,34,0,56,47,53,69,112,87,8,71,107,82,144,127,54,80,95,61,100,101,62,60,147,118,117,125,17,58,98,38,97,35,51,120,42,142,85,110,9,41,131,55,10,31,20,14,24,45,7,140,146,67,139,52,105,75,3,126,141,88,29,26,40,22,12,130,86,84,108,25,103,44,78,99,143,81,46,115,129,122,128,106,4,145,23,68,21,50,109,89,33,28,57,132,18,79,59,13,19,27,70,91,135,48,16,83,104,72,119,111,66,65,92,148,76,6,133,30,102,11,124
40,55,17,10,88,122,41,134,99,98,35,78,108,56,29,138,64,36,135,45,126,0,5,3,38,133,13,116,50,39,141,8,85,106,93,115,81,47,107,7,92,9,42,51,65,49,120,74,60,148,142,24,129,100,58,143,34,52,59,149,83,82,19,46,73,96,20,131,128,110,72,118,2,63,67,112,123,101,111,70,31,140,121,12,18,26,16,127,1,32,23,48,103,95,68,130,21,102,77,11,147,62,25,137,144,30,114,75,125,54,136,28,15,146,44,97,87,89,22,79,86,90,145,71,117,113,6,94,80,43,119,91,33,105,27,14,109,104,124,57,37,53,66,139,76,132,69,84,61,4
38,33,29,71,37,87,117,101,70,20,126,100,145,30,18,16,115,105,141,138,51,53,67,137,43,107,34,133,44,72,55,6,23,75,83,62,121,64,122,21,81,144,49,140,96,98,25,86,32,40,48,135,109,63,31,146,69,41,3,97,61,52,35,66,139,136,78,68,92,103,120,91,42,112,85,119,114,123,148,9,77,36,58,102,74,60,7,12,13,19,56,147,24,111,143,59,39,106,132,22,131,95,1,47,46,28,5,57,50,134,27,113,65,125,84,149,76,124,93,128,108,142,26,99,10,8,45,104,14,15,129,82,80,0,88,94,4,90,11,79,130,54,2,118,116,73,17,110,127,89
106,149,82,44,55,92,134,116,41,147,148,143,9,40,89,1,28,70,54,141,15,108,129,66,71,87,90,11,67,58,64,26,31,95,45,10,3,93,83,27,69,124,105,56,5,12,94,114,132,130,76,42,22,107,115,29,135,125,62,73,59,118,97,121,78,46,91,16,21,123,20,8,133,117,126,75,65,37,96,119,4,7,34,142,79,68,52,53,137,2,144,109,100,18,33,80,131,24,146,85,88,60,57,38,35,77,140,19,36,61,74,63,145,111,81,113,25,101,0,99,110,138,49,102,136,103,120,39,112,50,98,17,127,43,139,122,30,86,23,48,51,104,47,128,14,13,6,84,32,72
123,71,131,62,102,4,120,19,105,134,6,29,146,112,34,27,41,51,92,124,67,32,81,14,140,136,68,12,99,11,117,128,106,79,119,5,63,3,116,54,59,74,138,42,60,133,87,53,24,86,49,55,61,70,47,137,148,118,52,18,0,39,69,98,38,125,147,31,56,115,141,75,78,111,142,43,109,143,139,40,93,65,135,16,121,30,90,85,100,9,127,20,101,21,44,17,113,28,88,77,13,66,76,26,122,145,58,84,82,37,1,8,97,80,110,104,45,149,25,126,144,2,130,36,7,72,107,15,33,10,73,96,48,46,83,57,64,103,91,35,94,129,50,23,132,108,22,89,114,95
31,54,94,141,93,90,97,73,119,47,75,89,33,4,85,12,53,127,61,113,136,69,149,8,41,146,29,76,108,130,116,58,102,34,39,140,1,133,6,36,15,95,115,30,22,143,16,135,86,42,32,79,35,96,105,52,13,48,56,46,134,17,0,91,128,147,49,67,18,70,74,5,98,124,10,27,123,132,77,80,43,11,99,23,51,45,7,82,120,19,25,103,111,78,142,126,81,148,92,72,100,131,104,21,3,20,26,14,59,101,62,88,57,37,117,50,129,121,125,63,38,87,106,137,109,9,139,60,2,84,138,44,112,71,110,114,66,83,68,145,55,118,24,122,64,144,107,40,28,65
145,126,23,142,144,114,113,68,63,61,133,121,94,25,64,11,104,130,76,95,139,38,123,77,2,110,129,24,34,43,89,148,67,136,78,88,141,101,147,71,37,5,19,107,59,119,143,70,29,69,131,115,62,42,8,132,41,73,97,15,12,53,17,0,108,140,21,52,54,35,58,10,31,7,30,134,65,105,102,60,56,72,86,18,83,112,122,149,6,32,99,48,137,33,146,87,80,27,117,138,26,93,20,57,13,16,55,81,92,85,116,84,4,82,74,98,90,106,47,44,66,135,3,45,49,120,79,91,9,22,75,14,50,109,127,36,46,28,124,103,118,96,1,51,39,40,125,111,100,128
15,121,62,17,112,29,8,138,146,122,76,46,37,133,106,52,137,56,23,6,120,2,134,82,41,111,35,93,48,72,54,115,53,51,1,104,132,79,73,94,116,78,26,63,109,77,130,19,89,97,60,84,148,74,68,47,50,103,4,107,30,39,92,9,66,144,16,139,149,71,110,0,90,117,18,7,123,13,91,40,22,61,20,108,125,98,5,21,43,126,136,81,12,28,95,3,44,113,11,102,145,10,100,99,142,114,24,59,67,135,65,128,127,140,38,129,33,55,141,58,124,86,34,14,143,96,105,36,87,49,57,45,147,118,70,25,42,131,32,119,69,83,101,85,80,31,27,88,75,64
89,84,30,52,50,38,59,72,143,1,83,10,27,132,40,115,71,105,7,96,110,44,57,21,104,139,77,3,106,149,60,28,29,68,88,73,87,113,107,67,101,32,126,43,114,122,55,48,46,138,90,129,75,108,100,45,39,8,23,56,81,134,53,94,31,91,79,64,124,76,26,142,119,111,144,63,12,109,102,19,93,36,135,11,5,13,42,58,133,98,86,130,6,41,112,103,37,137,92,85,146,148,47,121,82,49,65,62,4,18,70,51,0,117,24,145,20,17,54,9,61,74,2,141,116,78,131,16,136,127,35,14,125,15,128,66,118,33,99,25,97,34,69,120,140,80,147,22,123,95
62,47,74,20,15,119,135,136,59,80,118,44,102,126,9,53,117,131,84,146,46,133,69,2,101,25,42,91,79,88,45,32,36,26,40,147,78,105,24,66,6,107,50,67,34,106,93,114,148,54,76,23,128,3,95,56,143,77,124,130,94,21,141,129,10,104,8,139,72,145,65,115,49,81,57,33,63,112,89,123,144,97,116,14,41,38,5,127,48,28,30,55,83,27,73,120,16,64,37,82,11,13,87,103,39,31,122,12,29,35,90,92,96,138,68,58,75,137,98,85,108,0,60,51,99,132,125,22,18,142,4,140,121,111,149,86,52,19,71,7,43,17,61,100,70,109,1,134,110,113
101,40,38,90,102,17,1,144,0,77,93,39,79,78,149,124,48,111,55,6,43,100,94,119,2,125,104,56,97,147,65,132,53,91,137,16,62,54,123,70,103,74,129,23,92,134,26,121,67,131,88,28,36,52,25,75,61,120,145,109,71,118,7,126,29,63,20,81,115,3,14,76,80,83,10,66,15,9,117,12,31,139,108,44,27,73,32,34,105,112,148,69,57,45,136,68,42,5,99,133,98,60,49,85,24,41,89,22,35,138,51,114,143,141,128,72,59,11,127,142,46,107,113,110,140,30,13,87,95,96,58,106,130,47,64,146,116,86,4,8,135,84,18,37,33,82,122,21,19,50
21,19,88,124,66,139,25,54,42,20,95,103,94,131,59,49,24,86,70,39,2,146,145,22,98,91,126,81,47,142,43,128,143,138,100,119,118,12,99,112,4,77,28,76,74,44,117,137,64,75,120,115,82,55,121,35,68,71,51,144,3,26,148,38,6,130,8,72,101,15,45,96,56,147,134,123,61,50,87,92,63,14,40,46,127,107,60,48,97,16,69,105,110,32,33,53,1,113,109,140,0,79,65,34,41,114,129,125,106,18,84,36,93,116,23,10,73,108,83,89,133,7,136,78,104,85,9,111,31,37,52,57,27,149,29,62,141,13,132,135,102,30,122,90,58,11,17,80,5,67
48,41,75,126,78,87,30,14,3,125,149,146,47,15,35,46,29,137,135,115,77,79,89,91,103,70,32,131,5,22,106,141,1,21,6,45,44,4,119,110,0,51,43,94,38,107,71,37,69,83,118,105,113,16,143,148,117,64,114,140,92,128,102,34,36,90,95,129,66,26,100,142,138,81,24,13,11,93,39,80,58,57,18,112,88,2,124,134,59,73,61,23,109,60,84,49,67,108,96,121,20,145,62,65,25,28,85,147,97,52,40,53,56,7,27,12,98,136,17,127,99,133,130,123,31,132,86,101,120,33,76,74,55,68,82,54,42,19,144,63,10,9,50,104,116,111,122,72,8,139
134,137,39,119,70,66,49,34,123,72,22,73,138,43,148,0,106,37,18,145,101,6,59,35,24,56,143,7,19,131,105,118,124,57,78,79,103,27,87,122,117,2,63,107,130,121,113,114,109,108,54,17,129,89,84,65,26,100,68,132,112,52,120,20,9,141,55,77,74,75,99,104,142,33,80,127,98,95,5,111,36,29,92,4,140,81,76,135,93,1,83,11,50,86,85,14,30,69,90,82,10,149,110,44,71,139,42,12,147,51,136,16,96,8,91,47,28,94,45,64,115,88,60,48,38,32,67,102,128,46,41,13,58,133,3,144,40,21,31,53,15,146,116,61,97,125,25,62,126,23
113,101,43,84,9,87,105,25,57,70,10,119,108,30,134,121,138,145,40,78,128,41,72,118,64,109,22,63,98,86,42,49,67,143,37,5,53,114,77,15,110,47,21,91,90,111,19,102,75,4,125,85,0,99,45,93,79,32,71,26,107,31,139,122,6,29,96,112,52,124,82,142,103,74,56,35,129,80,24,58,62,83,18,135,17,48,104,54,66,65,137,39,59,69,1,60,13,95,141,117,136,46,16,133,34,33,51,23,146,38,126,94,81,11,115,100,2,20,44,36,14,97,132,120,92,7,116,8,131,88,89,28,68,127,140,148,61,149,55,144,147,73,27,50,130,3,12,106,123,76
86,103,81,50,43,138,39,7,58,146,123,69,18,133,124,98,72,34,15,20,16,109,80,142,38,37,139,96,19,6,11,94,77,82,47,23,127,65,93,40,60,106,55,128,95,75,66,111,131,97,134,10,114,30,89,70,28,107,21,120,29,125,84,41,64,76,32,115,61,27,126,25,42,17,104,79,90,26,132,121,88,2,0,59,46,52,62,92,122,147,68,49,74,51,110,143,56,116,130,67,149,148,135,22,44,24,36,1,73,117,13,71,35,102,63,144,78,53,54,100,137,141,31,91,14,105,48,4,85,8,112,136,119,12,5,57,83,101,118,140,145,33,45,99,108,9,87,3,129,113
72,70,118,114,54,101,33,85,121,119,14,80,15,108,94,24,65,64,58,107,60,116,89,53,97,17,47,81,41,40,115,36,27,56,77,4,37,45,137,96,134,69,123,18,10,143,104,59,16,19,86,12,66,148,8,49,22,29,39,1,91,122,111,6,71,144,128,43,125,138,140,135,46,26,23,38,84,42,110,92,142,112,149,63,9,3,141,73,139,78,83,25,90,88,103,105,131,106,7,99,117,126,113,61,57,62,145,129,102,55,95,146,68,44,2,32,87,50,100,34,11,109,120,5,132,30,67,82,35,76,124,74,75,147,31,51,79,52,93,0,98,130,133,13,127,48,28,20,21,136
47,93,14,23,71,31,105,33,22,95,56,62,133,4,32,65,75,124,112,17,128,92,142,54,46,58,131,141,85,125,127,146,74,20,41,117,101,108,67,42,110,122,3,52,103,149,63,102,104,79,21,11,109,37,135,81,114,69,6,96,48,147,50,115,88,113,68,91,144,87,80,98,138,45,64,35,28,36,13,27,137,129,18,77,0,40,57,59,9,43,16,19,139,118,2,106,130,7,82,25,44,119,84,70,76,86,5,61,1,72,26,66,97,55,12,132,121,83,51,148,24,78,136,120,107,134,123,29,90,100,89,99,53,143,38,8,49,73,111,145,10,94,126,34,15,30,39,140,116,60
18,127,140,74,57,83,67,102,82,28,116,12,45,80,123,118,8,122,103,84,25,69,51,108,126,20,142,55,4,79,117,95,46,130,90,71,41,132,85,16,78,56,10,63,32,26,91,137,42,133,64,135,31,14,24,33,104,72,27,131,11,110,52,144,37,101,115,138,47,145,109,121,113,119,1,81,15,22,129,36,99,0,100,35,141,62,105,87,75,136,147,3,65,89,48,76,120,40,96,124,134,17,66,128,88,50,93,5,39,34,77,30,58,59,97,146,73,19,7,38,94,6,43,23,44,98,114,2,29,21,13,111,125,148,53,112,54,106,86,68,92,9,70,60,139,107,143,149,61,49
36,14,16,27,95,25,145,116,117,115,29,67,33,106,114,83,119,17,113,109,118,74,94,126,12,138,18,50,61,24,96,100,108,46,142,40,111,43,31,131,148,97,22,9,49,81,11,77,123,88,149,137,8,26,102,1,93,84,0,105,63,101,4,139,30,80,147,6,53,48,37,54,69,89,55,34,141,52,44,3,38,136,107,15,45,57,82,132,62,103,13,21,60,135,58,5,70,42,91,127,47,110,98,130,41,85,35,144,112,7,2,121,72,66,10,140,87,90,51,134,78,99,28,143,120,92,71,59,122,76,86,39,128,73,56,64,75,20,146,124,19,125,23,79,68,104,129,133,32,65
63,52,7,98,57,105,117,14,119,102,103,93,36,97,64,32,15,23,134,37,56,33,132,124,146,92,66,129,39,139,44,68,110,24,111,113,94,71,65,116,31,120,45,8,101,6,148,35,87,69,29,58,137,90,131,43,13,2,95,141,142,89,144,84,126,100,55,20,107,135,76,143,109,127,16,49,11,0,50,122,130,74,59,123,40,19,121,138,136,48,75,91,46,81,88,77,22,108,38,128,9,21,1,114,112,25,47,17,82,72,104,3,30,60,28,41,73,26,145,5,61,42,147,79,70,96,115,18,51,118,67,86,27,80,53,125,149,54,99,83,78,34,12,10,85,106,140,4,62,133
19,86,95,25,30,37,14,8,114,34,92,46,124,64,29,21,17,75,13,94,110,6,56,35,131,51,50,105,119,31,47,58,132,126,97,67,24,9,53,144,52,44,112,91,128,108,16,66,28,83,122,99,33,87,12,7,71,81,26,1,73,82,43,107,104,116,85,120,146,115,133,23,123,63,113,142,109,11,102,77,101,22,39,139,68,32,65,59,5,103,27,135,20,149,125,74,78,3,36,42,134,137,127,147,88,40,76,140,145,57,0,55,4,84,49,138,54,62,79,10,129,45,70,69,60,38,117,93,121,141,130,2,15,106,18,143,90,48,98,96,61,100,72,41,80,118,136,111,148,89
84,29,18,64,148,123,112,52,62,33,138,95,73,124,131,31,92,74,20,103,66,51,26,143,108,55,21,87,135,49,113,71,89,111,4,116,76,75,79,37,25,97,127,80,133,86,6,101,34,16,19,36,17,67,3,122,117,115,12,141,99,65,120,68,35,24,30,96,0,22,114,54,125,70,128,82,28,91,48,134,5,85,90,47,105,98,149,145,104,45,94,39,100,63,81,57,40,42,58,59,140,13,102,9,126,27,56,78,118,50,93,46,60,8,88,107,130,2,132,137,77,147,109,53,14,146,144,41,72,83,61,121,44,129,11,7,119,38,10,110,136,139,142,32,106,69,15,1,23,43
117,140,37,19,66,137,23,125,96,146,128,83,103,105,8,149,79,98,124,91,15,29,131,7,97,136,84,13,93,143,108,27,34,89,12,4,17,20,59,113,82,104,110,48,139,46,77,129,120,75,43,56,132,40,22,106,141,16,5,1,138,95,115,44,122,107,25,135,112,94,61,62,67,123,76,32,85,73,148,10,35,49,63,42,109,50,134,14,26,2,58,18,28,87,55,68,51,45,126,111,24,53,70,147,60,65,78,99,9,102,30,142,80,121,144,133,0,3,6,21,71,130,47,145,88,86,38,114,39,52,118,33,127,72,41,116,31,11,64,69,74,101,81,100,119,92,90,54,36,57
144,39,82,90,149,108,17,115,103,67,23,130,60,89,27,136,12,61,26,7,65,87,56,95,93,14,10,100,91,13,44,35,55,127,41,63,134,106,5,105,148,112,52,147,83,92,113,59,72,123,21,146,81,143,69,29,48,1,24,16,118,135,43,51,15,19,38,74,131,116,137,22,139,70,28,140,18,40,94,132,3,34,71,57,88,62,47,45,104,119,49,78,138,58,0,32,125,2,20,9,86,66,107,124,145,30,11,36,42,98,129,96,128,109,77,84,54,4,33,73,53,101,79,120,97,68,102,126,8,75,122,31,25,111,142,6,37,64,133,76,50,85,46,80,99,121,141,110,114,117
28,81,133,45,122,32,21,65,52,134,124,24,82,119,20,22,27,16,110,33,0,147,59,98,100,31,108,120,92,61,50,99,38,138,29,68,131,88,148,141,55,94,149,35,132,75,123,117,87,86,4,7,115,66,64,26,46,60,130,103,93,23,104,3,40,126,139,5,36,54,6,116,41,105,121,8,102,15,9,137,89,11,114,79,51,74,12,146,69,109,67,19,118,73,143,80,97,47,107,70,95,96,76,13,83,112,58,37,85,10,1,56,72,49,53,18,144,2,113,145,42,84,17,78,30,14,142,43,39,101,25,57,77,91,71,140,128,135,136,44,63,48,111,34,90,62,127,125,106,129
147,96,47,50,109,5,146,122,107,10,38,53,93,142,123,83,11,44,143,66,36,138,49,20,134,43,81,135,51,63,76,8,1,58,120,85,39,115,22,124,74,73,90,68,17,24,56,6,117,128,52,87,112,106,23,65,54,21,59,101,94,137,145,77,48,119,97,45,55,130,132,88,149,126,118,140,62,67,136,42,86,33,41,70,111,80,57,4,95,99,114,60,82,113,139,127,34,79,91,13,108,0,32,40,2,104,69,27,26,103,98,31,144,29,78,89,84,125,105,148,12,116,14,28,71,75,46,7,19,110,18,61,25,121,35,16,129,3,131,133,15,30,92,72,9,141,64,37,100,102
131,126,60,137,8,96,76,86,149,145,92,130,3,124,38,30,28,129,93,123,69,58,2,88,46,110,63,5,136,17,23,94,31,52,114,70,34,98,121,75,21,33,97,13,40,56,140,142,106,139,119,26,20,11,128,132,133,134,41,122,95,0,74,83,64,138,104,120,42,81,116,9,53,35,16,117,19,84,27,135,68,18,4,71,47,102,62,99,141,12,29,146,39,22,112,36,91,103,14,6,65,118,144,1,87,73,115,82,125,77,79,67,89,147,45,10,44,148,15,143,37,90,32,25,80,85,61,50,108,127,49,24,109,51,105,54,107,113,100,111,78,43,57,66,72,101,7,48,55,59
127,92,139,42,22,123,65,136,126,32,78,61,73,60,84,115,53,57,63,1,8,80,104,66,106,74,71,97,2,147,111,95,135,76,33,29,54,50,83,67,24,137,28,119,103,72,62,46,16,109,101,44,36,118,93,107,43,100,88,26,41,105,11,89,117,142,20,7,9,19,75,51,141,143,31,90,94,47,23,112,134,148,15,140,138,79,5,37,144,14,21,149,121,55,114,81,68,40,128,145,130,3,85,0,129,113,38,120,133,110,45,30,12,39,56,70,34,4,6,25,96,125,77,108,10,49,87,59,64,48,17,132,52,27,124,58,35,146,13,99,82,116,91,69,131,122,98,86,102,18
51,49,90,60,109,96,117,77,1,108,82,44,22,111,119,92,106,133,27,71,94,126,15,124,128,139,25,100,118,13,112,102,41,101,98,56,72,120,123,144,61,35,10,70,129,127,8,30,103,18,39,76,137,57,74,37,38,43,146,79,122,66,9,5,95,20,145,34,93,116,6,54,21,85,12,31,16,36,65,14,2,73,50,63,84,104,69,52,99,53,105,91,148,47,3,28,143,42,114,33,55,23,125,138,135,107,67,149,17,134,58,131,97,29,64,88,80,141,46,147,40,24,59,19,87,130,26,86,132,75,142,11,110,62,81,89,32,48,121,7,115,0,68,136,78,45,4,140,83,113
128,37,96,134,122,64,136,104,76,18,135,77,133,42,1,5,92,99,47,36,13,145,97,0,82,87,111,110,103,50,86,31,102,46,20,100,69,91,41,35,93,19,94,118,65,56,132,59,68,2,14,49,116,10,24,101,89,78,124,3,75,146,140,125,21,143,17,85,38,137,34,57,27,149,52,131,25,45,83,114,119,30,15,72,40,63,84,70,60,127,112,6,8,142,148,120,29,130,129,48,16,61,58,23,108,67,74,139,11,95,53,73,98,117,4,55,79,80,22,32,90,81,33,121,26,106,39,105,88,12,115,51,147,66,7,126,138,54,113,141,28,62,44,123,43,107,109,144,9,71
58,20,135,140,114,40,95,44,36,125,68,16,122,98,67,34,109,1,113,65,116,73,66,119,6,37,59,128,106,102,132,41,52,70,11,22,43,126,100,14,146,76,104,99,115,60,108,42,56,79,31,19,3,143,85,8,97,32,57,29,15,72,83,53,78,13,90,46,17,127,111,112,131,147,96,45,139,51,103,54,62,120,2,148,141,82,92,86,30,38,24,50,110,55,123,39,61,117,84,77,136,129,145,33,144,27,9,75,80,121,10,149,28,48,26,91,138,71,124,4,49,94,69,133,0,25,101,12,89,130,63,81,21,47,64,23,134,142,87,93,105,74,88,35,5,137,107,18,7,118
29,64,118,131,2,112,91,145,148,65,86,80,15,21,81,94,83,137,62,105,90,126,143,132,33,25,127,8,125,124,84,58,88,10,71,117,27,76,37,79,67,95,107,42,48,98,53,45,101,104,122,52,46,40,92,7,47,39,136,123,134,73,103,34,75,24,96,16,111,77,149,19,61,70,4,138,12,128,135,31,32,57,28,87,114,26,74,106,113,35,3,109,133,68,108,13,147,44,142,63,120,97,78,9,85,51,20,59,22,14,0,99,130,43,100,115,82,55,5,110,146,23,121,116,1,89,102,119,129,41,139,140,93,56,60,50,54,18,49,30,17,66,69,36,38,72,144,11,141,6
84,74,119,117,43,57,25,109,68,96,82,33,99,90,129,70,81,59,118,138,87,125,135,17,66,144,98,19,71,34,6,16,86,136,20,5,97,89,105,123,24,22,93,41,46,10,42,29,75,126,78,128,2,26,53,58,0,137,35,106,146,148,63,65,100,64,3,108,4,142,1,80,120,8,127,28,140,55,44,51,67,115,110,149,12,11,14,21,54,111,104,18,113,130,60,124,39,122,83,101,72,23,121,95,112,56,45,48,38,131,31,9,92,91,141,139,69,73,50,32,76,114,102,147,134,49,7,61,13,47,62,143,107,77,145,15,85,132,30,79,52,40,103,133,37,116,27,88,36,94
61,144,102,41,92,81,16,97,74,56,30,103,23,67,72,11,109,51,111,91,36,44,58,14,137,73,21,18,80,10,57,33,31,123,94,0,26,84,19,83,48,66,27,63,116,88,1,40,62,52,5,118,59,120,76,85,9,35,20,131,130,101,87,32,45,69,12,139,8,99,142,90,98,82,3,49,128,100,129,107,43,122,104,64,15,4,47,28,71,148,38,29,117,114,89,138,136,50,110,42,86,93,108,96,55,13,24,135,134,39,112,132,25,105,77,22,149,79,126,133,75,7,46,95,60,143,140,115,141,65,78,127,147,145,68,6,125,106,121,53,2,124,113,70,54,17,146,34,37,119
88,115,149,141,7,24,139,70,20,136,100,29,77,32,133,80,135,65,60,121,85,4,142,39,117,101,44,66,9,122,90,72,27,99,10,8,125,120,82,19,97,41,53,58,94,86,51,34,3,107,68,30,113,36,31,92,137,69,6,47,95,103,55,128,148,131,138,40,87,52,112,108,21,62,56,146,1,63,2,33,79,106,127,22,28,129,43,17,134,118,15,50,54,84,45,0,74,59,57,110,81,114,126,78,48,116,105,14,12,132,91,13,38,119,83,143,73,89,147,5,23,104,35,93,16,111,75,61,145,49,25,46,144,11,42,64,130,96,109,102,76,18,140,124,98,37,123,26,71,67
124,137,121,127,114,134,43,141,54,68,108,82,63,118,28,55,9,3,57,32,48,99,84,97,95,146,21,106,5,18,16,46,120,13,22,45,135,4,67,23,133,144,98,39,29,136,69,81,101,117,20,110,129,123,60,103,102,6,94,107,64,62,14,2,38,125,58,112,139,92,126,7,44,19,119,132,73,83,75,49,1,89,116,52,74,42,59,0,104,50,111,26,140,33,15,53,91,34,128,11,100,87,47,145,79,70,37,72,51,27,122,131,85,77,113,78,130,147,56,61,25,31,17,10,109,41,36,76,90,24,88,30,40,96,93,80,12,149,142,35,65,143,115,71,138,86,105,8,66,148
118,117,89,16,143,11,26,40,27,67,104,124,47,10,95,99,135,106,75,110,21,77,0,13,137,103,125,34,142,60,141,63,29,68,114,146,12,129,144,98,22,140,20,65,91,51,107,79,3,74,128,64,127,36,76,100,101,28,136,48,80,58,116,31,139,88,4,33,8,138,14,9,87,57,59,2,112,134,70,25,69,61,37,115,66,132,42,46,84,6,105,120,17,71,145,148,55,30,96,109,147,43,85,113,5,35,32,1,54,130,83,53,90,73,78,49,23,81,41,131,121,56,72,7,123,38,39,149,126,19,93,24,62,82,18,50,111,52,133,15,122,97,45,119,44,108,92,102,86,94
112,103,121,88,33,46,77,93,143,16,137,106,45,69,127,123,131,99,20,107,142,115,32,68,65,44,116,79,100,70,5,0,2,92,1,10,74,64,55,22,149,71,133,60,58,52,34,113,25,29,3,27,31,62,28,4,84,89,85,23,39,138,146,30,67,96,18,141,14,117,140,111,109,91,147,12,63,126,42,49,9,110,40,95,56,72,97,80,8,59,82,134,128,21,15,43,53,38,83,120,76,19,36,57,144,125,50,86,47,17,114,94,26,61,81,124,87,24,119,139,11,108,104,78,37,66,135,129,75,51,98,13,35,90,48,54,122,118,130,148,105,132,101,145,7,73,6,136,41,102
114,8,60,125,37,130,28,89,46,15,135,79,110,63,83,39,65,104,49,86,72,29,101,98,24,50,62,100,117,5,69,120,70,122,129,93,26,119,54,32,34,14,2,31,109,6,102,33,53,4,111,138,21,103,84,0,44,41,145,121,1,144,94,75,42,127,123,48,81,88,38,11,35,96,74,52,108,61,3,22,55,132,51,147,59,27,77,126,78,143,128,115,71,141,19,12,10,137,47,87,90,18,149,17,43,113,20,64,118,30,133,13,36,139,9,67,7,57,40,80,105,25,112,106,82,146,107,134,97,95,142,136,58,148,91,116,76,56,92,124,45,16,68,85,73,131,140,66,99,23
65,58,129,87,66,131,121,147,92,141,41,13,32,9,2,135,76,52,38,124,149,31,70,5,10,33,18,3,61,101,107,109,79,123,69,113,40,115,44,74,95,1,16,50,42,140,130,55,62,142,78,53,17,105,102,46,25,60,138,97,94,54,51,100,143,110,106,27,15,75,4,132,90,81,23,116,146,34,133,119,45,114,47,118,57,117,28,67,98,64,14,89,126,19,128,96,145,103,37,7,72,8,71,36,11,73,77,63,35,80,122,91,148,136,24,48,20,120,125,21,49,137,26,139,6,88,59,68,30,127,134,112,86,85,12,84,93,83,144,29,22,43,0,111,56,99,104,108,82,39
19,79,15,111,62,128,61,40,39,97,4,27,96,94,66,142,88,140,7,148,129,138,29,95,37,103,32,127,92,99,134,84,139,48,56,10,76,42,110,75,119,65,118,141,25,90,67,72,31,133,52,86,43,30,114,8,137,102,41,44,13,143,123,9,145,113,24,6,105,60,18,124,149,57,101,22,80,26,53,121,117,63,98,126,89,87,16,144,122,23,12,69,73,28,46,107,130,146,71,116,21,135,83,136,120,68,104,51,109,100,115,64,147,2,132,91,112,1,3,34,125,45,82,50,11,55,36,78,93,58,17,33,14,106,5,74,81,54,0,49,47,77,108,38,85,59,131,20,35,70
72,107,83,143,102,56,86,44,93,24,63,147,116,53,99,134,29,20,142,71,92,117,112,109,68,97,121,31,51,34,1,9,124,108,8,122,28,19,16,129,148,48,146,119,58,55,87,125,5,70,18,110,52,41,145,113,75,74,141,89,60,30,85,115,114,23,127,61,47,67,96,6,128,94,78,136,104,43,33,66,135,45,0,25,90,76,118,15,98,139,54,42,59,138,130,50,21,37,84,88,26,132,38,137,13,62,120,36,123,12,111,105,101,69,144,39,27,149,103,32,11,14,49,100,140,46,95,10,3,2,73,79,35,40,77,131,133,4,17,80,81,106,64,65,7,57,126,91,22,82
103,86,59,112,97,5,72,102,87,64,134,0,1,26,79,83,130,108,4,145,68,51,96,113,110,95,119,34,49,40,30,92,141,12,25,80,88,20,117,38,21,120,44,98,127,70,124,52,61,123,135,60,125,29,18,27,31,100,116,41,146,7,104,136,10,8,121,42,15,11,76,94,3,66,75,118,109,90,99,147,45,67,19,13,35,140,137,139,22,149,23,55,93,48,142,69,73,91,77,82,57,39,33,81,54,17,24,78,47,6,84,144,111,138,50,9,89,53,129,106,148,133,28,36,43,37,114,107,46,32,105,131,74,101,63,58,16,65,85,56,128,115,126,71,62,14,132,122,2,143
121,145,70,59,68,51,67,131,97,60,140,53,146,65,106,94,1,116,71,12,143,7,30,26,83,144,73,38,111,110,15,134,142,93,23,114,24,28,138,33,42,137,115,128,16,104,9,61,84,35,105,136,36,125,5,85,78,13,76,129,132,113,39,89,6,103,119,69,11,147,31,55,48,4,80,82,66,139,46,52,148,118,32,120,126,91,109,102,21,122,95,75,37,141,135,43,0,99,54,40,63,47,22,98,14,87,2,18,17,86,27,3,20,44,58,112,100,133,57,130,90,34,41,62,56,25,96,19,88,10,50,64,101,92,72,45,81,8,79,107,123,77,49,74,108,127,117,149,124,29
60,65,58,69,100,39,63,137,41,108,77,128,129,74,20,53,78,1,114,46,15,127,142,93,36,91,22,80,10,34,38,101,130,135,19,30,95,44,28,42,102,79,83,82,107,113,98,140,112,4,16,90,141,24,66,47,97,118,131,29,27,149,96,145,84,121,117,50,89,62,6,17,21,3,125,0,45,52,109,94,99,64,110,111,92,32,9,143,120,54,146,68,81,87,115,123,5,106,37,59,73,67,134,139,18,12,105,136,148,2,88,51,33,119,7,86,61,40,126,31,57,85,56,122,147,70,14,75,104,8,35,49,124,103,48,23,76,144,13,11,25,132,72,133,116,43,55,26,138,71
24,35,52,144,56,16,132,36,33,97,10,84,102,148,29,104,122,67,74,22,37,49,4,137,45,46,89,78,53,75,115,39,149,95,43,101,0,127,63,124,83,86,110,107,121,106,142,88,114,146,21,135,31,91,55,48,119,68,77,128,60,1,11,81,54,109,79,28,108,6,73,58,44,123,50,27,90,136,42,117,131,5,118,70,2,62,61,76,94,72,14,139,138,141,143,57,140,96,98,32,30,85,82,17,113,120,69,59,8,125,19,41,134,34,66,71,13,3,87,25,20,64,93,23,99,129,26,47,145,40,126,105,100,15,51,147,12,18,133,112,103,130,116,80,9,65,7,38,92,111
42,109,19,100,116,28,25,13,9,60,90,134,140,93,48,47,30,113,98,114,6,119,75,63,2,121,145,102,146,133,52,138,65,88,39,124,96,37,38,32,135,21,58,33,128,44,91,137,7,127,125,66,34,87,61,69,117,20,40,55,101,46,79,132,36,82,5,139,147,78,10,27,53,95,106,68,15,3,54,24,43,144,22,122,105,1,83,112,81,126,84,148,115,14,31,123,74,85,49,111,18,8,45,62,110,71,77,143,107,70,57,50,142,80,64,120,89,73,136,103,118,94,0,35,51,86,149,76,97,92,99,72,141,108,29,129,104,41,67,26,130,131,12,59,23,4,17,56,16,11
126,89,92,31,27,47,51,33,52,96,2,116,100,65,139,95,39,58,125,81,34,25,3,64,134,137,57,15,76,35,148,68,71,10,123,21,29,83,136,63,24,55,104,91,87,70,42,118,114,74,112,37,18,122,49,97,72,78,121,66,99,109,54,80,128,144,106,117,69,138,119,1,94,46,0,28,142,61,23,9,17,101,62,48,16,141,133,88,6,90,19,93,129,43,120,77,111,4,40,12,13,41,149,75,38,36,135,53,98,44,115,59,124,102,103,56,130,50,105,20,73,26,84,85,67,107,14,60,30,86,113,8,22,5,7,145,11,127,147,82,45,146,132,32,131,79,143,110,140,108
30,45,96,40,129,16,149,137,62,110,56,76,93,32,66,73,52,120,63,109,88,106,117,98,65,39,8,72,97,94,21,27,141,31,48,146,26,55,142,124,46,42,134,143,36,49,75,131,14,89,128,59,107,116,74,17,5,87,83,3,12,103,67,70,1,38,51,0,139,82,115,108,121,23,132,145,92,50,112,25,18,118,6,99,140,13,43,58,10,126,105,60,2,20,53,125,147,78,22,84,9,54,136,119,4,71,77,41,80,35,81,104,148,69,113,91,7,34,90,44,86,11,19,95,29,37,135,85,102,138,111,144,101,61,127,64,122,24,28,79,123,15,114,100,130,33,68,57,133,47
82,101,74,86,95,7,127,89,28,63,24,78,13,123,43,140,12,97,116,73,17,98,129,119,3,53,15,133,148,126,19,57,31,44,102,42,90,147,144,117,72,16,46,108,49,100,136,118,80,10,131,33,104,142,122,45,23,2,70,20,32,29,79,6,87,50,5,130,9,77,84,107,137,134,1,62,135,64,35,81,91,4,138,83,25,99,139,85,56,65,18,76,88,113,59,51,21,110,61,27,58,8,66,14,22,93,47,36,111,121,55,114,96,67,71,124,132,141,48,149,40,143,128,39,146,38,105,68,115,26,54,30,41,69,106,94,37,75,103,34,109,0,92,125,145,52,11,120,112,60
78,146,31,100,52,80,6,14,49,61,68,53,76,51,105,95,125,63,110,132,134,91,44,20,109,5,46,89,74,97,12,58,90,84,75,39,92,106,131,66,117,135,16,121,22,27,42,139,98,136,116,43,37,143,34,60,21,26,13,8,127,7,114,128,133,32,3,104,96,130,122,103,24,140,77,29,15,0,1,25,55,33,73,93,38,9,35,36,94,50,69,99,137,23,19,118,120,79,119,64,54,129,67,62,141,88,147,108,10,4,45,83,40,30,72,85,115,149,148,142,81,102,113,47,18,28,107,144,57,138,112,123,17,59,56,101,70,86,87,145,65,71,41,111,126,2,48,11,82,124
128,8,89,66,16,97,74,115,45,91,96,87,105,21,98,33,135,103,130,138,50,109,9,82,68,84,101,90,86,141,110,126,72,125,124,59,35,67,116,43,95,148,99,134,37,32,140,108,121,137,24,133,132,119,26,49,146,23,36,14,143,51,142,12,123,44,129,4,2,46,47,93,19,58,117,17,147,18,85,56,7,25,1,54,65,88,10,94,131,57,27,20,122,0,112,30,62,38,114,92,52,5,64,31,113,69,40,22,53,15,3,100,28,104,80,41,71,34,107,144,13,39,106,77,111,76,102,83,81,6,60,70,127,11,63,120,118,48,29,139,145,78,149,73,55,42,136,61,79,75
25,110,62,34,100,0,46,42,136,51,61,79,9,22,81,143,112,63,24,105,20,59,135,15,137,10,115,97,114,60,106,93,28,117,3,53,50,116,45,52,11,19,6,132,13,124,103,140,127,54,89,148,121,130,14,77,96,26,87,71,21,83,139,32,119,147,36,149,55,72,120,30,38,98,44,90,66,91,43,111,108,7,56,86,74,17,95,99,145,109,125,29,113,101,58,146,40,31,23,73,48,64,49,75,85,118,78,57,4,35,70,128,76,67,88,144,18,133,8,94,102,47,69,131,68,142,2,82,39,104,33,16,141,27,134,138,122,1,41,92,80,37,12,129,123,5,65,84,126,107
147,16,52,86,129,126,123,145,133,28,134,82,51,91,44,12,144,25,130,14,32,63,128,13,106,97,96,8,35,38,49,94,113,114,65,54,100,69,131,3,19,77,79,83,23,127,24,121,6,34,11,7,48,27,141,139,47,40,18,72,64,61,45,90,9,148,124,41,31,116,137,146,110,120,104,95,81,108,107,105,89,138,80,39,15,42,88,68,87,1,85,59,103,58,46,115,70,117,53,22,73,135,142,26,112,50,136,118,62,74,57,84,93,125,102,21,149,17,2,10,76,33,36,98,60,132,119,0,5,140,55,122,20,4,99,92,67,78,43,143,37,56,30,111,71,66,109,101,29,75
79,9,128,38,83,85,112,93,125,4,33,31,40,90,115,25,28,120,44,54,67,23,136,3,37,119,19,87,17,134,57,2,16,35,111,10,147,55,71,89,43,14,121,47,84,45,39,86,146,124,70,143,53,1,81,96,104,18,76,36,52,135,30,99,29,118,0,144,77,7,126,59,80,113,26,5,20,139,75,21,51,110,122,62,56,91,60,13,129,46,61,88,92,133,123,131,72,103,63,82,98,102,65,27,49,142,41,69,138,106,42,32,149,140,116,6,132,97,64,78,109,107,34,137,24,48,68,117,105,66,127,74,94,11,15,141,12,101,108,130,50,8,95,100,73,22,114,148,58,145
109,35,79,76,146,73,20,47,19,15,136,26,101,72,120,11,37,92,107,96,68,87,22,137,55,44,69,39,95,118,41,31,27,140,36,7,81,113,145,28,114,141,13,49,18,93,134,138,10,3,88,46,139,65,144,98,125,56,142,130,75,52,51,147,6,143,74,129,45,105,62,94,112,67,103,53,116,8,43,127,111,102,5,122,33,99,58,34,115,80,78,89,71,29,9,82,121,14,30,124,64,100,85,110,70,84,117,97,23,133,83,66,77,2,60,57,54,21,108,106,86,128,4,38,40,126,91,17,149,119,131,42,24,148,61,0,104,132,50,135,25,48,1,32,12,90,123,59,63,16
117,76,42,115,122,14,89,137,51,83,131,88,149,9,25,70,121,95,26,81,109,135,110,46,92,114,22,129,50,21,90,141,116,33,102,140,78,91,7,73,128,145,139,127,105,136,16,100,35,23,112,107,75,38,147,58,120,48,101,93,69,19,53,132,56,71,133,106,57,37,85,28,40,82,124,60,27,67,34,125,113,68,4,138,36,11,104,44,6,108,130,96,13,52,59,123,1,86,111,84,62,118,0,98,17,39,20,87,54,66,63,97,12,146,148,64,94,5,80,41,126,72,3,10,30,65,55,31,79,74,49,134,143,103,45,18,47,142,15,99,144,61,24,119,43,8,77,29,32,2
23,87,131,105,98,96,27,146,11,40,136,32,53,121,10,26,18,36,113,117,63,134,58,31,28,141,112,88,66,2,46,118,94,76,20,133,72,100,123,25,84,43,33,124,55,127,122,149,129,99,115,75,145,54,130,47,82,126,71,6,42,103,91,83,85,77,132,60,142,92,128,15,69,67,109,73,101,17,111,107,0,49,148,79,138,97,90,48,78,12,44,102,119,9,139,135,38,62,3,13,24,4,74,137,16,104,34,7,93,147,108,21,68,19,64,114,22,51,125,39,30,1,5,140,52,29,110,59,120,106,65,41,14,61,8,35,89,57,56,70,37,45,95,116,144,80,50,81,143,86
126,116,3,35,59,39,37,131,96,47,2,73,32,46,89,118,13,145,29,45,106,40,142,85,108,80,149,6,110,56,55,124,61,82,66,4,139,25,64,88,138,38,129,87,109,146,72,22,52,81,135,74,17,67,94,143,50,136,21,111,120,65,24,7,92,102,86,119,130,100,99,105,36,63,140,133,18,9,78,48,144,141,23,28,90,27,60,53,122,91,16,98,33,71,0,70,104,77,12,5,54,14,8,69,34,26,20,128,114,19,62,79,76,10,125,41,101,103,51,121,134,68,15,44,84,11,31,43,112,93,137,97,49,75,30,132,1,58,57,147,123,148,117,42,95,83,115,127,107,113
134,83,105,39,81,64,51,35,117,74,76,7,91,32,119,59,118,98,17,141,144,116,30,16,43,34,82,146,75,147,89,18,70,130,108,6,129,94,28,9,103,8,71,61,101,121,104,99,0,78,125,149,127,114,20,122,90,97,109,123,124,56,36,60,54,77,132,85,58,66,21,42,25,52,41,46,69,1,49,107,12,29,72,44,133,68,65,148,139,3,14,142,136,84,100,24,140,15,33,22,88,143,2,102,53,79,138,47,95,106,37,50,131,4,5,26,128,126,11,92,13,111,62,19,137,110,57,93,31,96,112,48,67,113,38,135,27,115,73,45,120,23,80,63,86,145,10,87,40,55
90,56,55,121,70,35,37,15,106,27,131,63,61,14,76,130,0,52,21,46,74,119,126,33,110,120,103,99,58,123,132,5,113,114,13,29,51,30,36,25,18,80,43,7,23,137,96,57,149,140,144,49,142,60,1,93,129,75,59,127,40,32,122,141,145,105,146,97,89,100,11,9,34,92,83,47,139,3,24,66,48,4,78,45,10,85,26,82,107,28,2,17,147,124,6,12,31,42,104,77,67,19,84,135,50,53,118,87,115,41,109,98,133,73,72,64,38,65,88,116,125,95,86,117,44,91,54,20,136,22,94,8,79,62,138,39,102,134,101,16,71,81,143,148,69,128,111,112,68,108
126,1,43,114,98,85,36,131,45,82,9,42,7,145,15,57,23,110,25,124,50,84,112,52,8,122,92,70,121,16,100,71,6,55,37,108,59,148,102,24,130,66,91,74,68,141,47,125,127,90,137,81,31,53,103,77,94,128,62,26,13,54,60,86,111,87,14,48,120,51,19,95,80,89,2,33,40,136,104,116,39,140,79,20,123,115,109,129,96,17,3,22,149,27,99,147,29,132,64,41,58,83,76,107,133,38,73,146,61,144,138,88,63,75,135,93,67,105,106,11,65,134,5,4,0,69,143,21,49,117,139,101,119,72,78,12,46,44,28,113,118,30,34,10,97,32,56,18,35,142
116,103,32,92,96,51,5,79,147,119,81,53,18,42,99,149,111,66,46,19,93,43,144,41,56,3,14,22,98,127,88,29,17,134,123,44,1,2,38,71,91,73,145,105,25,120,16,9,82,60,58,121,97,132,37,65,20,137,90,125,138,74,64,135,94,131,57,140,4,128,107,45,54,104,118,10,13,76,39,84,112,115,133,100,85,33,47,83,129,70,28,24,113,34,130,49,141,12,139,77,67,40,78,0,36,87,62,102,89,69,124,30,23,15,35,55,80,27,26,63,7,61,6,8,95,143,126,31,148,142,109,110,48,11,72,68,21,106,59,136,117,50,52,75,122,101,108,86,146,114
52,102,59,57,129,70,38,118,94,58,108,34,14,97,138,66,132,78,1,5,146,24,115,45,98,30,60,87,122,29,26,126,114,105,62,42,55,120,43,2,32,31,143,141,4,51,83,54,75,22,71,8,117,95,77,101,28,112,65,116,79,84,6,139,85,103,148,50,40,81,68,110,137,123,145,127,63,10,76,82,96,27,41,18,11,91,142,100,140,56,144,23,17,88,0,149,121,90,19,25,135,21,12,86,46,80,131,49,64,53,93,136,61,47,104,130,20,15,36,99,119,3,109,44,16,37,73,147,111,89,113,67,106,107,7,69,125,39,35,72,92,33,9,134,128,133,48,124,13,74
111,63,32,5,142,89,146,75,76,145,120,64,127,110,101,131,86,112,125,71,104,52,65,77,28,134,50,30,140,7,24,55,51,91,21,137,95,100,73,66,136,99,37,139,148,41,36,98,141,67,126,57,85,6,69,128,46,49,118,138,133,31,108,109,113,26,72,56,53,39,25,122,117,8,144,29,115,88,79,87,123,121,74,96,97,40,94,92,17,38,132,19,68,143,44,20,47,12,102,78,107,54,84,83,93,70,11,2,106,129,82,90,1,0,58,15,3,45,60,10,14,124,135,35,33,27,147,16,9,119,61,62,130,59,13,22,103,48,34,149,116,80,4,81,18,43,42,114,105,23
11,23,104,93,45,140,112,55,74,48,91,126,96,76,58,123,65,129,115,110,145,19,103,17,7,54,52,148,119,43,6,57,37,3,32,14,94,13,100,116,89,108,106,20,98,122,85,2,142,99,38,114,133,121,12,102,78,88,30,118,42,1,149,5,136,73,79,21,117,84,29,86,47,92,35,134,0,125,105,144,109,90,137,24,62,8,113,143,27,135,66,34,53,25,49,36,16,77,130,69,9,60,50,141,67,131,147,18,70,33,81,68,46,41,128,72,101,40,59,138,82,127,4,146,28,31,97,83,71,111,132,87,95,120,51,15,80,64,56,63,39,44,124,10,22,75,26,139,61,107
138,90,148,56,111,58,132,84,66,73,44,70,119,50,85,52,69,17,11,108,7,74,37,40,97,114,146,103,48,131,142,63,41,42,12,91,54,79,75,86,49,144,129,18,4,135,64,61,1,3,99,92,141,10,126,123,72,115,130,120,46,110,136,47,57,94,117,31,35,134,145,128,140,89,107,102,118,116,30,124,71,51,26,8,25,33,96,22,137,93,82,59,121,43,21,87,13,32,98,139,27,113,45,23,36,15,67,105,147,125,101,60,28,95,0,81,55,62,112,77,133,14,68,19,78,5,53,109,104,106,80,65,9,39,20,29,76,2,122,24,16,100,34,38,6,143,88,127,149,83
49,98,56,132,38,13,102,40,118,63,143,119,83,19,14,18,104,94,26,121,99,92,68,37,22,82,97,86,78,114,120,9,101,17,7,60,111,30,74,136,66,140,105,95,70,134,116,28,59,64,23,109,137,47,5,115,91,147,112,43,89,21,124,54,42,138,65,79,149,45,103,39,77,135,31,29,133,72,141,144,73,87,88,48,122,129,15,107,131,61,55,128,127,75,146,8,35,27,32,71,20,58,44,113,76,0,142,25,51,80,90,24,93,100,11,84,81,85,139,125,130,46,110,123,126,34,106,62,50,67,3,117,96,52,1,57,6,41,53,10,148,33,108,145,12,2,16,69,36,4
34,129,121,96,112,33,61,7,125,91,32,95,16,104,47,42,139,69,37,73,35,120,135,106,88,45,20,59,126,108,71,58,53,142,22,55,51,105,12,84,122,130,132,103,98,29,23,145,118,4,66,40,116,70,146,54,101,31,38,26,92,143,144,119,14,10,117,138,75,3,57,140,124,2,99,137,136,64,76,0,90,94,68,77,30,46,79,44,17,74,62,8,148,50,149,86,133,89,111,18,97,28,41,131,82,21,48,114,72,43,83,27,113,67,15,81,39,56,85,49,5,147,115,102,128,1,127,6,110,141,13,93,78,25,100,134,63,123,9,36,24,19,107,60,80,65,11,52,109,87
132,106,34,136,113,121,105,27,58,49,103,96,108,64,83,40,59,97,12,98,68,114,89,53,110,124,48,21,123,82,45,102,80,130,23,57,20,9,91,16,72,142,70,104,135,24,129,100,31,42,90,81,112,134,137,76,71,138,62,33,99,85,109,101,144,19,35,74,88,52,131,86,78,15,17,116,93,143,92,55,50,133,37,111,149,51,39,2,29,22,13,84,18,38,94,25,141,30,69,139,67,36,148,44,119,65,87,128,115,120,56,41,61,0,107,79,7,126,3,118,26,47,28,43,127,117,54,11,146,73,60,4,145,32,95,125,1,140,10,8,75,6,147,46,63,122,5,14,77,66
23,7,62,15,65,122,142,113,27,6,31,131,111,135,101,137,26,147,114,112,102,72,130,76,18,28,50,12,54,22,56,16,21,2,92,141,40,74,3,0,73,64,43,5,63,97,46,29,34,49,116,17,98,125,42,126,140,106,67,100,144,24,86,85,10,87,20,149,70,107,146,118,139,51,120,80,119,19,148,57,93,69,127,11,59,38,37,99,133,90,83,35,77,104,78,53,13,88,44,136,68,33,9,60,66,123,81,115,128,117,145,45,39,32,96,52,25,105,36,103,132,48,61,55,124,108,84,79,89,58,1,8,14,129,94,138,71,30,121,41,134,95,82,143,91,4,110,47,109,75
103,118,131,47,25,22,149,137,108,3,136,31,127,46,111,26,81,107,68,13,145,16,27,52,112,99,130,17,45,60,133,5,70,63,126,11,9,8,100,1,92,76,119,20,10,148,82,34,96,78,146,93,44,69,97,19,98,0,83,140,54,59,90,142,75,116,121,143,102,101,120,49,32,12,35,58,80,147,30,74,56,144,21,14,66,87,79,24,7,115,42,23,128,105,110,86,91,141,38,67,77,114,41,94,104,109,135,129,48,125,37,106,65,2,89,40,39,84,73,64,124,122,28,57,138,88,15,95,6,43,51,4,62,139,18,113,85,61,33,50,55,29,72,123,132,36,117,53,134,71
14,71,126,54,135,85,148,43,88,96,89,79,74,81,149,39,97,12,26,76,108,22,86,110,138,140,37,11,75,124,99,103,29,144,100,30,45,78,70,101,122,77,3,92,49,1,63,66,113,94,8,46,133,36,52,38,7,147,51,20,112,104,15,120,139,16,91,116,114,31,115,117,0,80,2,57,47,102,111,127,62,34,129,118,56,59,109,40,121,17,142,146,48,27,87,18,13,50,60,90,33,67,65,24,61,58,136,42,35,132,125,134,25,130,72,19,106,5,95,128,123,23,84,32,44,64,9,55,10,98,28,143,119,68,21,141,6,82,41,73,105,69,145,137,131,53,4,107,93,83
97,88,10,85,12,79,13,123,61,21,106,81,6,19,68,80,7,98,42,94,142,96,139,105,120,112,89,4,72,104,138,33,143,137,47,38,1,17,22,122,77,64,60,113,149,110,141,20,99,54,5,84,28,109,116,27,71,119,133,50,87,26,75,43,29,117,36,66,16,130,91,121,92,46,132,83,86,37,145,108,93,70,78,131,32,144,51,111,67,101,95,35,118,31,107,52,74,135,14,136,128,44,147,23,34,126,146,114,76,103,127,57,65,41,45,53,148,129,49,102,15,58,134,9,62,140,82,39,90,18,69,63,25,8,124,56,3,11,125,100,2,73,30,40,0,115,24,59,48,55
107,84,81,11,99,40,30,62,22,88,110,29,63,87,91,114,132,67,26,92,5,119,41,50,111,21,23,115,44,27,80,25,83,52,51,10,66,6,145,19,121,59,124,140,28,20,90,69,97,135,55,131,58,18,93,137,24,102,38,68,32,108,36,48,123,94,101,2,125,104,79,105,122,118,3,103,149,139,141,12,127,143,144,64,15,60,7,146,113,106,116,9,112,47,39,120,65,17,89,35,76,129,33,54,73,31,138,70,133,43,109,71,0,13,147,49,16,98,82,86,74,117,130,46,4,37,128,77,136,14,45,95,134,42,75,8,78,142,72,85,148,100,34,61,53,1,126,56,57,96
91,24,15,77,21,112,10,71,105,52,148,56,129,125,111,86,123,101,68,51,39,33,100,6,17,136,74,109,37,60,114,130,19,9,127,121,106,29,8,5,98,141,55,83,38,57,147,66,132,46,14,143,12,118,67,104,94,78,119,138,64,73,28,75,144,116,47,41,4,69,85,139,140,16,84,87,93,31,120,102,92,18,107,128,58,61,97,27,149,36,62,32,0,113,88,49,135,145,30,72,50,34,99,48,131,3,95,35,137,2,70,79,23,82,133,115,108,54,80,110,42,11,142,63,124,26,146,96,134,103,13,76,25,1,40,22,44,90,43,89,53,20,45,59,122,81,7,126,65,117
101,67,8,109,107,57,111,14,26,40,87,144,53,58,30,72,65,0,38,22,6,85,36,76,25,2,47,104,113,59,66,42,103,37,129,96,121,62,122,11,75,15,132,110,147,79,124,91,82,133,71,95,74,52,88,44,86,33,120,19,136,80,73,54,61,118,83,1,16,123,146,106,17,89,69,99,78,5,115,60,84,141,126,142,105,108,45,41,23,128,68,9,138,127,50,46,27,10,64,92,145,21,32,24,70,97,43,18,4,51,131,116,49,3,39,119,34,130,125,28,29,117,77,90,81,112,56,63,7,94,114,48,93,98,20,12,13,102,135,55,148,35,137,140,134,149,139,31,100,143
108,96,68,131,22,53,112,28,16,97,58,15,43,30,101,92,137,57,65,125,79,146,104,135,141,49,80,134,35,84,7,11,70,75,95,13,20,19,105,106,147,142,78,86,82,136,54,55,139,85,138,10,23,27,51,111,91,81,140,116,99,126,52,48,73,18,129,109,12,113,89,74,34,40,61,144,76,46,120,83,71,67,8,149,102,119,69,132,26,5,88,123,77,21,33,45,118,122,36,93,4,50,14,110,124,63,31,47,0,127,100,103,60,90,128,143,94,39,62,117,133,17,148,32,114,87,9,59,25,130,6,72,121,2,44,42,145,3,115,38,56,1,37,29,41,66,24,64,98,107
36,109,52,12,78,71,7,129,45,124,90,41,135,110,63,149,24,8,14,27,93,62,18,28,72,75,32,10,116,102,107,122,114,57,88,127,73,76,64,61,94,60,31,97,87,11,43,141,49,1,46,3,38,99,29,66,82,131,148,120,143,53,103,37,100,67,77,6,34,101,104,91,30,68,146,138,21,111,86,42,85,4,74,98,40,44,89,65,147,121,137,106,95,20,132,26,96,115,139,142,84,55,123,136,134,128,17,140,112,22,79,145,59,13,113,50,54,25,70,48,2,58,0,144,23,105,16,15,69,118,133,119,81,126,92,130,51,35,125,56,117,39,80,9,47,33,108,83,19,5
29,137,115,109,39,19,24,33,95,0,16,90,124,50,26,65,144,126,145,20,8,139,99,112,25,142,14,23,123,54,97,106,37,69,120,92,129,134,52,114,3,27,89,17,146,28,18,40,111,103,141,127,104,31,113,5,57,22,125,136,128,63,51,32,88,110,2,116,44,148,133,71,132,78,7,68,46,149,85,49,73,30,60,79,118,6,72,13,61,1,96,35,43,140,108,135,147,98,131,21,138,143,58,117,4,53,74,15,107,48,76,38,121,64,80,56,45,75,67,66,42,119,81,10,55,9,70,91,34,102,84,86,59,105,122,47,36,130,93,41,82,12,100,11,83,77,94,87,101,62
59,138,140,108,2,13,6,80,106,72,39,12,82,142,87,78,89,104,37,118,32,8,29,54,126,53,36,125,91,76,75,25,28,101,84,134,88,148,58,49,123,69,60,115,65,129,121,55,35,71,16,96,11,64,94,131,17,56,97,120,124,74,149,62,70,144,107,113,21,79,112,98,24,95,102,117,85,83,43,136,119,90,110,5,93,146,31,14,27,9,73,99,34,133,19,7,61,105,81,20,30,0,92,45,18,47,141,50,48,66,22,128,63,132,52,41,1,139,103,26,135,137,111,42,114,130,77,143,68,3,86,40,147,109,15,44,100,122,116,38,10,33,23,145,67,57,51,46,4,127
66,13,102,119,99,32,56,39,88,17,109,14,90,62,49,23,74,40,83,43,57,117,64,139,38,1,137,142,144,44,108,132,131,51,58,110,130,69,126,60,71,59,78,45,89,2,20,75,148,9,15,53,146,81,125,77,10,36,67,98,5,80,73,145,76,8,22,85,25,149,147,54,30,52,103,63,96,68,124,133,34,141,111,100,3,11,42,94,47,106,16,101,50,29,135,79,72,33,97,46,128,26,112,65,140,127,55,105,123,93,37,12,91,27,82,48,0,41,24,18,86,21,19,95,121,28,115,118,31,87,4,104,134,84,113,116,143,138,7,70,114,92,35,107,61,129,122,6,120,136
102,84,16,94,42,20,82,136,137,96,3,121,50,0,81,149,53,45,4,32,67,77,141,116,9,128,105,114,38,112,97,54,111,126,107,63,103,119,43,132,118,127,5,71,79,41,78,73,93,24,34,1,64,135,29,37,39,40,131,110,58,76,56,80,85,106,129,31,90,101,123,144,125,21,14,143,147,142,66,130,75,33,148,57,48,87,89,55,140,120,115,35,98,61,133,12,69,72,36,60,139,104,113,100,46,65,59,62,7,49,146,138,124,92,70,2,18,15,122,10,19,68,108,28,145,11,22,17,86,74,27,30,6,95,99,52,83,25,109,26,91,88,134,13,47,8,117,23,44,51
97,5,118,35,7,140,50,60,87,59,42,24,120,26,13,127,99,10,1,55,114,125,121,111,15,41,27,21,23,122,110,74,33,104,72,92,147,93,2,30,112,128,137,36,90,138,134,96,75,105,98,20,67,70,43,40,3,88,113,136,28,86,106,135,65,57,31,19,108,12,143,131,80,109,48,119,47,73,16,4,78,130,62,146,52,14,61,116,77,34,133,124,58,117,115,103,139,66,68,126,51,29,83,32,49,54,39,79,63,81,8,37,148,25,95,141,46,132,53,38,17,9,89,44,102,56,84,64,149,129,123,0,45,69,145,144,82,71,6,142,94,101,76,18,85,11,100,107,22,91
17,143,93,96,81,148,5,122,48,79,45,57,62,27,9,33,41,31,90,53,22,107,144,80,19,140,0,7,61,47,16,36,24,12,10,56,51,113,43,126,38,121,100,83,66,128,120,109,72,142,71,85,8,50,131,141,149,20,98,11,84,114,139,26,101,106,89,52,110,147,102,132,119,129,3,130,25,42,37,69,23,34,76,127,4,137,32,70,92,15,91,35,125,99,105,117,78,103,88,82,116,58,104,55,46,124,65,60,133,134,13,94,39,40,87,63,108,123,49,59,77,54,64,2,21,1,115,136,145,138,28,6,97,30,67,111,95,146,118,73,74,29,135,68,86,14,44,18,112,75
55,31,101,49,98,69,34,119,74,105,6,47,38,147,143,43,122,141,20,109,37,14,125,142,86,126,139,48,68,72,23,53,83,87,144,36,136,4,60,30,13,123,81,33,116,93,113,77,57,67,27,84,130,56,133,10,146,134,90,3,96,78,145,103,52,75,5,39,124,12,64,44,92,137,88,51,58,148,1,45,135,65,104,70,73,41,42,18,32,140,110,7,54,129,66,108,132,100,35,17,85,50,115,97,89,131,25,91,106,63,95,0,40,107,71,28,80,99,16,24,46,29,118,21,9,121,114,120,8,15,62,2,111,94,19,61,22,117,127,128,138,11,112,149,79,102,76,59,26,82
79,99,15,106,57,63,58,83,139,36,97,126,75,31,71,89,95,55,74,11,112,19,108,25,131,130,102,141,103,2,107,120,82,23,35,76,38,12,87,149,125,91,86,41,10,122,42,39,117,0,22,127,62,104,110,46,29,144,142,77,80,72,116,52,37,40,24,121,114,30,143,85,124,8,66,133,27,73,129,18,51,59,84,56,128,43,109,136,47,92,146,54,100,32,78,113,88,111,1,64,61,105,44,16,50,147,132,98,148,3,81,90,134,138,140,34,53,21,118,101,96,119,20,67,135,33,70,145,5,69,60,17,49,14,115,9,137,13,4,6,93,65,26,28,48,94,68,7,123,45
39,44,20,149,67,35,124,140,105,34,75,101,106,134,139,145,78,7,80,53,104,95,3,38,18,131,60,47,76,43,10,23,129,42,57,142,141,63,26,16,64,9,30,122,82,8,31,126,54,108,94,130,32,33,88,77,110,133,146,147,107,25,111,48,132,0,36,103,71,1,21,123,109,138,119,102,74,83,116,70,89,85,27,115,137,61,41,15,99,86,12,128,49,79,62,56,121,28,144,120,6,45,118,143,66,135,52,113,5,59,58,84,117,73,19,127,29,90,50,69,51,112,96,87,24,93,17,148,11,22,13,65,37,92,100,81,68,72,136,40,91,114,125,46,14,4,55,98,97,2
11,93,62,97,17,19,15,109,60,65,53,108,133,142,31,118,135,8,55,24,112,21,85,148,91,126,61,40,52,111,2,86,16,103,14,74,32,6,106,88,146,63,119,110,34,64,70,59,115,56,124,143,144,0,5,100,39,89,139,50,3,48,90,43,26,46,81,37,116,12,114,95,42,128,132,10,120,92,33,54,9,30,84,94,104,138,58,127,22,113,66,36,4,41,45,71,80,68,137,75,35,49,83,18,13,123,140,20,99,28,121,141,77,78,107,149,130,105,147,27,73,69,122,79,1,51,129,76,101,87,131,25,72,23,57,29,7,82,117,145,134,96,102,38,47,98,125,67,136,44
72,43,89,81,143,71,0,40,113,130,137,65,61,25,133,117,119,104,45,36,95,82,141,121,86,124,115,15,8,64,147,58,83,50,11,18,56,78,88,101,107,27,128,118,29,54,111,12,22,114,68,92,42,38,51,9,75,76,136,93,131,59,123,145,24,138,33,2,127,41,1,129,69,79,103,52,14,34,70,35,102,90,140,48,37,23,99,91,132,47,148,94,135,3,57,17,28,44,108,109,31,100,112,20,30,53,149,85,32,62,126,77,105,139,84,55,146,16,63,73,66,60,96,125,80,144,5,97,39,120,98,106,6,26,116,10,67,46,142,21,49,87,122,19,4,13,134,74,7,110
118,122,94,93,90,16,124,58,144,3,81,69,41,23,6,89,14,33,117,57,115,40,108,37,114,107,18,105,73,28,17,61,26,135,52,143,53,142,119,21,128,111,49,131,46,24,140,106,136,5,29,13,82,65,12,121,83,112,34,138,87,72,51,100,134,19,2,77,8,67,55,74,97,133,116,126,129,102,127,63,22,99,68,4,78,98,110,71,15,145,113,48,103,11,36,95,45,31,80,7,84,123,101,75,66,25,96,1,54,0,59,70,146,38,50,9,60,109,139,141,30,20,91,76,85,56,42,86,120,43,125,35,149,39,62,79,47,104,88,92,10,32,147,132,137,27,130,44,148,64
108,31,147,117,40,102,77,137,63,83,18,111,86,132,149,113,145,3,69,42,59,20,21,48,67,29,131,66,106,33,15,110,80,12,122,30,105,7,75,56,116,81,36,65,6,98,127,74,72,112,99,22,13,91,44,60,89,129,114,76,51,101,93,146,27,50,37,92,53,16,73,121,104,109,2,124,133,19,35,54,55,82,10,139,0,17,118,140,107,128,138,85,90,52,32,45,4,11,34,8,26,70,87,25,78,123,95,57,43,115,49,119,125,144,94,38,143,24,1,88,97,41,14,84,96,142,126,79,62,135,136,61,47,103,100,141,71,39,134,28,130,148,46,23,120,64,9,68,5,58
107,60,51,118,61,141,127,54,90,101,48,108,92,59,2,56,99,145,112,37,82,57,73,12,81,26,89,13,35,149,120,86,148,114,133,134,71,77,147,123,64,39,14,117,122,88,31,104,66,121,138,109,63,46,132,142,136,74,6,95,69,146,47,87,96,4,28,68,29,20,111,5,70,55,80,115,1,119,79,58,143,42,30,130,41,91,16,137,27,135,0,43,15,131,7,3,84,19,8,103,72,44,53,93,32,38,83,36,9,65,23,40,76,21,126,25,139,85,22,105,113,75,97,94,49,110,10,102,124,78,24,98,11,144,140,128,52,62,18,125,116,17,106,100,129,45,50,67,34,33
12,36,15,62,47,48,50,71,1,21,57,11,116,142,4,135,87,132,37,67,29,103,66,105,9,5,43,27,41,99,42,83,44,35,8,149,124,121,45,75,140,0,25,17,30,138,81,95,77,19,40,69,139,58,70,23,86,73,78,51,31,38,65,101,119,82,128,54,53,6,93,112,114,137,120,104,131,2,98,74,141,134,110,60,52,84,117,3,56,20,22,127,7,89,92,79,55,59,63,146,111,136,34,126,143,115,90,68,96,118,32,46,91,133,39,107,123,10,94,16,18,33,147,113,129,28,26,109,13,80,106,148,88,125,108,64,145,122,100,49,97,72,130,61,102,14,24,76,85,144
129,77,3,34,24,11,99,67,35,84,36,40,38,16,142,109,28,29,112,30,132,48,119,93,54,61,45,51,107,97,91,41,76,63,98,127,21,88,69,22,50,110,31,82,32,53,86,75,17,5,143,116,131,85,81,10,15,114,118,25,44,56,108,7,139,62,146,42,19,64,121,47,83,58,124,130,79,55,73,12,90,147,95,135,74,66,71,89,87,106,120,80,37,27,123,145,105,13,0,52,43,115,6,101,8,144,133,134,72,125,2,96,126,26,103,60,65,70,140,117,68,39,46,149,49,78,136,137,20,9,59,4,23,100,138,148,113,33,122,128,1,94,102,104,18,111,141,57,92,14
123,89,118,127,109,86,50,90,60,40,43,66,39,41,22,107,81,33,99,97,96,120,13,67,24,83,134,15,119,106,76,79,77,74,28,129,49,110,88,105,21,75,144,45,63,51,73,146,31,1,26,101,145,7,48,46,132,2,92,80,56,70,126,18,47,133,3,85,59,114,138,52,42,103,128,95,78,137,36,116,139,32,25,53,61,65,140,57,98,121,16,71,143,30,108,149,147,142,82,19,148,0,72,91,131,58,20,55,5,111,34,38,141,29,94,69,9,68,12,64,62,11,27,35,100,93,4,87,6,130,117,124,122,14,104,125,54,8,44,23,84,17,112,37,136,10,113,102,135,115
17,133,65,80,120,112,97,39,30,21,58,117,50,20,61,10,6,52,132,149,32,7,127,11,42,19,94,66,63,83,26,85,135,105,38,92,62,73,91,108,25,46,15,99,136,47,145,129,35,22,51,60,49,131,109,48,95,82,64,34,5,59,13,102,122,54,88,0,147,84,67,3,121,128,1,74,69,126,24,53,71,75,119,90,33,29,36,77,106,89,81,76,4,44,78,123,93,72,41,142,40,100,110,96,118,23,148,130,55,144,137,9,16,113,101,125,18,8,70,134,28,87,56,31,141,43,107,104,45,143,2,114,86,140,103,116,115,27,37,98,146,124,57,111,138,12,14,79,68,139
35,148,98,7,17,100,50,68,11,38,149,3,18,41,30,13,137,81,82,52,118,93,90,67,136,141,58,12,70,46,24,21,19,109,8,102,0,5,71,115,14,22,27,146,88,138,134,142,28,40,126,104,78,94,32,16,36,140,80,73,62,65,143,99,79,116,57,120,89,61,124,64,60,10,139,110,43,44,6,129,103,2,37,131,76,23,130,122,9,1,66,145,95,111,20,47,48,113,125,123,55,135,53,112,108,26,106,85,144,121,54,69,51,77,39,91,4,117,87,127,83,105,132,49,72,29,34,96,97,25,63,84,45,86,56,59,114,31,92,107,101,75,74,128,33,119,133,15,42,147
20,118,90,72,109,5,80,120,139,134,42,50,11,123,87,55,114,36,126,54,47,99,7,69,78,59,44,1,113,33,41,82,21,137,49,74,51,70,94,85,30,89,46,22,136,68,8,17,43,91,103,67,119,97,128,62,75,14,10,111,73,83,13,149,53,64,133,117,60,38,48,135,66,107,15,77,56,96,71,79,121,32,125,29,138,93,31,63,57,102,40,112,100,9,19,45,65,116,122,92,140,16,76,6,115,104,25,124,106,132,0,129,39,26,146,27,3,58,24,37,143,131,84,23,18,35,147,4,88,130,127,108,141,142,110,2,81,34,148,101,145,95,144,86,12,98,28,105,61,52
122,135,0,21,143,108,12,31,15,146,141,91,23,59,104,5,111,119,8,9,78,34,128,36,118,92,103,18,97,81,20,7,10,52,37,100,129,79,73,130,47,56,68,74,115,113,67,142,22,105,19,123,43,58,61,16,35,38,26,63,44,137,80,3,134,33,65,125,75,120,30,149,114,90,138,107,132,27,139,55,96,29,24,101,140,45,57,25,89,49,145,148,83,147,28,112,6,72,84,71,86,54,48,121,117,53,60,106,32,77,51,127,95,131,69,50,124,1,39,82,94,4,66,13,98,109,93,64,62,133,88,2,46,70,17,136,126,102,14,144,110,116,85,87,99,76,41,11,40,42
4,133,117,147,60,101,38,40,1,22,137,72,33,44,69,27,42,63,14,28,66,104,120,74,103,78,37,11,3,31,30,95,82,12,127,128,64,85,100,34,91,15,51,65,123,62,5,131,112,135,77,121,20,76,108,2,124,70,109,26,35,55,16,111,25,0,45,142,67,110,132,113,118,61,50,36,129,56,17,115,19,59,102,52,21,81,106,97,49,80,139,136,144,134,23,68,75,90,138,92,126,32,130,24,141,116,88,10,9,8,48,122,107,41,84,29,146,143,98,149,53,94,93,140,99,71,87,105,43,47,13,54,125,83,145,148,96,89,39,18,46,119,7,58,6,86,114,57,73,79
48,37,1,73,94,7,18,115,109,139,89,148,120,50,59,22,33,99,84,105,75,137,114,47,15,76,31,39,67,129,24,51,98,96,82,119,141,14,126,44,29,125,45,55,112,145,17,12,118,28,54,68,143,103,97,32,61,20,108,8,49,79,30,110,62,6,57,58,131,64,86,149,0,21,100,127,134,113,122,135,16,70,124,102,27,40,92,66,78,60,128,95,87,4,140,36,72,106,3,91,101,56,74,53,104,11,46,81,142,35,34,136,65,9,5,146,93,63,117,147,38,69,132,13,10,116,80,133,26,121,107,23,43,90,111,52,19,85,144,42,77,123,25,41,138,71,130,88,2,83
117,115,26,47,88,91,149,125,45,114,119,77,48,39,142,126,134,122,82,30,143,18,14,137,147,31,35,44,104,89,85,9,110,108,136,103,46,15,141,92,97,83,123,7,93,106,79,116,84,49,121,66,62,6,51,33,21,2,144,78,132,112,99,20,96,148,56,105,109,98,41,38,11,43,90,61,60,64,145,42,36,27,16,22,75,127,54,80,128,94,69,86,24,111,124,25,140,113,146,52,28,13,81,12,34,5,3,37,0,139,32,133,95,23,10,68,129,102,19,138,70,87,74,101,71,4,58,17,120,1,67,57,59,100,73,63,107,135,65,76,130,131,53,50,29,8,55,118,40,72
140,114,54,50,7,29,83,72,133,113,39,141,25,143,27,23,145,2,34,33,18,15,102,57,30,144,1,134,89,67,76,105,52,110,12,74,111,13,17,80,21,78,63,100,73,42,85,149,98,3,116,61,96,45,44,69,26,5,108,38,81,75,62,82,46,70,51,132,55,91,60,127,130,37,0,31,84,71,28,59,68,79,129,115,32,104,146,16,20,8,53,101,6,22,147,136,88,49,125,118,119,142,41,19,121,122,92,126,4,135,90,120,94,11,24,138,93,112,97,40,107,14,95,47,109,128,137,106,77,117,131,9,48,35,87,58,36,86,123,66,65,43,139,56,103,148,10,99,124,64
85,144,70,137,146,30,121,25,142,110,41,21,95,133,45,64,29,84,65,72,134,108,8,94,28,36,114,117,145,24,3,18,6,46,131,40,82,73,1,102,90,100,96,101,86,118,57,136,47,60,31,53,37,51,22,135,107,63,61,43,39,35,66,79,38,42,2,120,49,87,109,83,11,115,5,103,111,77,56,119,149,76,69,122,105,33,93,91,112,14,75,26,19,68,4,113,148,13,89,99,147,44,7,125,67,88,139,127,116,129,97,62,9,80,124,59,15,92,52,71,20,10,34,32,132,140,27,54,106,143,98,74,104,141,17,48,12,128,78,16,0,138,130,55,50,58,81,123,23,126
57,121,53,92,124,50,69,144,72,25,109,130,58,90,52,123,14,85,126,8,43,105,68,63,42,18,91,70,66,94,127,30,0,80,96,54,89,27,76,11,49,103,107,56,83,61,55,44,41,86,87,142,79,3,62,120,75,145,17,122,134,129,64,98,148,31,135,102,38,95,7,99,5,136,118,34,116,82,71,147,146,2,35,74,106,125,77,93,141,133,26,119,24,59,78,21,81,100,32,137,1,115,4,149,60,140,23,16,28,128,48,104,117,65,139,113,131,110,112,39,51,97,22,36,46,73,84,101,132,138,19,67,40,45,108,47,20,15,114,143,6,29,13,111,10,9,33,88,12,37
145,25,100,136,72,118,67,18,31,143,82,7,128,21,49,75,131,12,81,107,104,141,117,50,97,111,36,13,109,95,99,110,130,40,126,43,114,102,137,42,108,11,24,74,139,123,142,106,4,70,29,26,93,37,19,20,105,27,10,52,122,121,135,5,14,127,65,78,60,1,33,64,46,120,23,17,8,115,63,80,129,147,148,73,87,3,32,22,54,55,15,113,34,61,57,9,71,133,48,144,53,119,30,79,16,69,149,83,85,146,47,91,6,68,38,96,35,103,124,0,66,39,125,88,94,2,112,77,116,90,101,92,59,89,84,44,76,134,51,138,140,58,45,41,86,28,98,56,132,62
120,140,139,46,79,8,75,123,72,98,113,143,19,93,83,12,103,41,54,16,45,73,132,55,136,97,43,109,124,81,104,62,85,84,105,147,20,126,70,141,4,15,10,146,17,116,102,1,51,133,53,39,108,21,91,112,47,22,63,121,27,110,99,9,129,44,35,24,94,49,88,92,117,11,100,50,0,58,106,29,30,69,31,5,89,18,76,33,48,28,119,144,40,131,66,80,52,37,111,42,122,137,74,148,6,90,86,25,68,64,67,138,95,107,142,14,3,7,78,34,57,87,60,149,59,130,118,56,134,77,36,32,96,2,127,65,26,82,71,145,61,125,13,23,128,115,114,135,38,101
149,23,125,95,2,9,96,81,30,58,121,109,132,116,87,10,67,136,126,131,43,123,12,70,3,44,117,11,78,24,80,38,141,19,72,100,101,75,130,15,119,69,26,76,73,48,54,135,88,79,28,45,144,37,74,66,39,89,105,18,6,17,7,27,34,77,40,145,1,65,16,21,113,128,36,29,14,118,25,86,148,137,68,133,41,108,50,64,46,84,112,124,97,122,92,0,82,120,56,115,22,139,4,138,93,60,8,71,32,90,42,61,83,111,47,31,63,110,13,140,147,114,52,102,55,33,127,106,94,59,99,85,107,104,142,146,20,51,35,49,134,91,103,53,98,57,5,129,62,143
