0,1,2,3,4,5,6,7,8,9,10,11,12,13,14,15,16,17,18,19,20,21,22,23,24,25,26,27,28,29,30,31,32,33,34,35,36,37,38,39,40,41,42,43,44,45,46,47,48,49,50,51,52,53,54,55,56,57,58,59,60,61,62,63,64,65,66,67,68,69,70,71,72,73,74,75,76,77,78,79,80,81,82,83,84,85,86,87,88,89,90,91,92,93,94,95,96,97,98,99,100,101,102,103,104,105,106,107,108,109,110,111,112,113,114,115,116,117,118,119,120,121,122,123,124,125,126,127,128,129,130,131,132,133,134,135,136,137,138,139,140,141,142,143,144,145,146,147,148,149
69,1,118,3,4,5,6,65,8,9,10,11,103,13,14,15,16,17,18,31,20,19,22,23,89,25,26,27,28,57,30,129,32,33,34,35,36,88,38,110,84,46,42,43,44,45,116,47,105,49,50,51,52,132,54,55,56,112,58,59,60,61,62,63,64,21,66,67,68,37,70,71,0,73,24,81,109,77,78,79,80,48,82,83,90,85,86,87,75,72,7,91,92,93,94,95,96,97,98,99,100,101,102,74,104,41,106,107,108,12,40,111,39,113,114,115,125,117,76,119,120,121,122,123,124,2,126,127,128,29,130,131,53,133,134,135,136,137,138,139,140,141,142,143,144,145,146,147,148,149
69,1,118,98,4,140,6,65,8,135,28,142,103,13,14,15,16,17,18,31,39,19,22,23,89,25,26,99,67,57,30,129,32,33,34,35,42,88,38,110,84,46,86,132,44,122,54,47,105,49,50,0,52,143,10,55,56,112,58,59,60,61,111,63,64,11,66,3,68,37,70,71,114,73,24,81,109,77,36,79,80,48,82,83,90,85,20,87,45,72,7,91,92,93,94,95,96,97,43,138,100,21,102,74,104,41,9,107,106,12,40,5,27,113,62,115,125,117,76,119,120,121,108,123,124,2,126,127,128,29,130,131,53,133,134,144,136,137,116,139,51,141,78,101,75,145,146,147,148,149
69,127,118,98,1,140,6,65,8,135,122,142,103,13,14,15,96,17,18,31,91,37,35,23,89,25,26,99,67,57,30,129,32,28,34,33,42,88,38,110,16,46,86,132,44,19,54,47,105,49,50,43,52,143,10,55,56,113,58,9,60,139,111,63,64,73,66,3,141,95,70,0,108,11,114,81,109,77,36,79,80,48,82,83,90,85,20,87,45,72,7,71,92,93,94,133,39,97,27,138,100,21,102,68,104,22,107,112,106,12,40,5,61,4,62,115,125,117,76,119,120,121,41,123,74,2,126,24,128,29,130,131,53,59,134,144,136,137,116,124,51,84,78,101,75,145,146,147,148,149
45,127,118,98,71,17,56,65,81,100,122,142,103,137,14,15,96,117,18,31,91,85,35,23,97,25,26,99,67,126,30,129,32,28,34,33,42,5,38,110,16,46,86,132,145,70,112,47,88,49,69,43,52,143,89,37,140,113,58,9,60,139,57,63,44,73,66,3,141,95,13,0,108,11,114,22,109,77,36,79,80,48,82,83,90,50,20,87,19,72,7,10,92,93,94,133,39,105,27,6,8,21,102,68,104,135,107,1,106,12,40,138,61,4,54,115,125,55,76,119,120,121,41,123,74,2,111,24,128,29,130,131,53,59,134,144,136,64,116,124,51,84,78,101,75,62,146,147,148,149
126,127,118,55,71,4,56,65,81,100,122,142,103,137,14,15,96,117,18,31,91,85,35,23,97,25,26,116,67,12,2,129,32,28,34,33,42,44,38,110,16,46,86,132,145,70,112,47,139,49,69,90,52,143,105,84,140,20,58,9,64,30,104,63,89,73,6,3,141,95,5,0,108,11,114,66,109,77,36,79,113,48,82,83,106,50,22,87,19,72,80,13,92,93,94,133,39,10,27,43,8,21,102,68,45,135,107,1,57,149,40,138,61,17,54,115,125,98,76,119,120,121,41,123,74,99,111,24,128,29,144,131,53,59,134,88,136,37,60,124,51,130,78,101,75,62,146,147,148,7
92,127,118,55,71,4,56,65,81,100,122,142,103,137,139,16,96,104,8,31,18,85,35,23,97,25,26,116,67,12,47,129,140,28,34,33,117,44,38,110,78,111,86,95,145,46,112,51,126,49,69,90,52,143,105,84,144,20,58,9,64,83,37,63,89,73,6,3,106,66,5,0,108,11,114,146,109,77,36,79,113,48,82,30,15,50,22,87,19,72,80,13,70,93,94,133,39,10,27,43,41,21,29,68,45,135,76,1,57,91,40,138,61,17,54,115,125,98,32,119,120,121,132,123,74,99,107,24,128,149,130,131,53,59,134,88,136,102,60,124,42,141,14,101,75,62,2,147,148,7
54,127,118,55,71,4,56,65,81,30,122,142,103,107,139,16,96,104,8,31,18,78,116,23,97,25,26,44,67,12,47,129,140,28,34,33,117,2,38,91,110,111,86,95,145,46,112,51,126,49,69,13,52,143,105,84,144,20,58,9,64,83,93,63,89,73,19,3,106,43,5,0,85,11,114,146,92,77,36,79,113,48,149,75,137,50,22,87,90,72,80,35,70,61,94,133,39,10,27,128,131,21,29,68,45,108,76,1,57,66,40,138,82,17,42,115,125,98,32,119,120,121,132,123,74,99,135,24,41,6,130,60,53,59,134,109,136,102,15,124,100,141,14,101,148,88,37,147,62,7
148,127,62,55,118,4,56,65,81,30,122,142,103,113,139,16,96,104,54,12,18,78,116,89,97,135,26,44,67,143,90,129,140,28,34,33,117,2,38,91,110,111,86,25,145,46,112,51,126,49,69,13,52,24,121,84,40,20,58,9,64,83,93,63,107,73,19,3,72,43,5,0,85,11,114,146,92,31,36,79,68,48,149,75,137,50,22,87,27,14,80,35,105,8,94,133,39,10,77,144,131,109,29,128,45,108,76,1,57,66,71,138,82,17,42,115,125,61,32,119,120,100,21,123,74,99,70,132,41,6,95,60,53,59,134,23,136,102,15,124,106,141,47,101,98,88,37,147,130,7
148,114,62,55,117,4,56,65,81,30,122,142,103,61,139,39,50,94,54,12,18,78,116,89,104,135,26,44,67,143,90,106,140,105,34,33,19,2,38,91,101,111,86,25,145,46,17,96,74,49,69,13,52,24,121,84,40,20,58,9,64,83,93,63,97,73,126,3,110,43,113,0,85,11,131,146,92,31,72,79,127,48,149,75,137,102,53,87,27,14,80,35,22,8,118,133,5,10,16,144,77,109,29,128,45,108,76,1,57,66,71,138,82,68,42,115,125,112,32,36,120,100,21,123,28,99,70,132,41,6,95,60,129,59,134,23,136,107,15,124,119,141,47,147,51,88,37,98,130,7
148,114,62,55,117,4,56,65,81,30,122,142,103,118,66,86,50,94,54,12,18,78,116,89,104,135,26,20,67,143,90,40,140,96,19,24,132,2,38,91,101,111,61,44,127,46,17,58,74,49,69,87,52,72,121,84,33,145,79,9,64,83,93,63,97,73,35,3,110,43,113,0,85,11,131,146,92,60,144,105,126,48,149,139,31,102,53,39,27,14,13,80,22,129,138,133,5,10,16,8,77,109,29,128,45,108,76,1,57,47,71,25,82,68,42,115,125,112,32,36,120,100,21,123,28,99,70,106,41,6,95,141,75,59,134,23,136,107,15,124,119,137,34,147,51,88,37,98,130,7
148,132,62,52,81,4,56,121,100,30,122,142,36,110,66,86,50,127,54,12,44,78,116,89,104,135,26,72,67,143,20,40,140,96,103,24,124,2,38,91,101,111,61,77,94,46,17,58,74,49,69,87,76,19,84,23,33,70,79,9,64,83,93,63,97,73,35,3,146,43,113,0,85,11,131,147,92,60,144,145,126,48,149,139,31,102,53,39,117,14,13,80,22,129,138,133,5,10,16,8,90,109,29,128,45,108,47,105,57,118,71,25,82,68,106,115,125,112,120,32,18,65,21,123,28,99,42,27,41,6,95,141,75,59,134,114,136,107,15,1,119,137,34,55,51,88,37,98,130,7
148,132,62,52,81,4,41,63,100,30,122,142,36,110,53,86,50,127,54,12,44,131,42,71,104,135,26,72,67,143,20,40,27,96,103,24,80,2,56,91,101,111,61,77,23,46,17,94,121,49,69,87,76,19,84,16,97,70,79,9,64,83,93,33,22,73,35,3,146,43,113,0,65,11,68,147,92,60,144,145,126,48,149,139,31,102,85,39,117,14,13,116,78,129,138,133,55,10,95,8,89,38,29,128,45,108,47,105,57,118,25,124,66,58,106,115,125,112,120,32,18,109,21,123,28,99,140,5,90,6,7,141,75,59,134,114,136,107,15,1,119,137,34,74,98,88,37,82,130,51
148,132,62,52,81,4,41,63,100,30,122,142,36,110,53,86,50,127,123,12,44,131,42,71,104,135,26,72,67,15,20,40,27,96,103,24,73,2,56,91,116,111,61,77,23,46,17,94,121,49,69,102,76,19,84,16,97,70,79,105,64,83,93,33,22,145,35,3,25,43,5,0,65,11,87,147,92,140,144,38,126,48,149,139,31,124,85,39,117,125,13,89,78,129,138,133,55,10,95,8,113,120,88,128,45,108,58,47,57,118,60,146,9,101,106,115,6,112,143,51,18,109,21,74,54,99,68,141,90,28,7,80,66,59,134,114,136,107,75,1,119,137,34,32,98,29,37,82,130,14
122,132,62,52,27,4,41,63,40,30,88,142,36,58,53,86,50,127,123,12,44,131,42,71,104,135,26,72,31,15,20,67,70,96,22,24,75,111,130,91,116,148,61,77,23,46,78,94,121,49,69,100,76,19,84,16,97,146,79,105,64,83,93,149,1,145,35,3,25,43,5,0,65,56,147,32,81,140,144,38,126,48,17,11,99,73,92,39,117,125,13,89,102,129,138,133,55,10,95,8,113,57,87,128,45,108,124,47,120,118,60,2,9,101,106,115,6,112,143,51,18,109,21,74,54,85,68,141,90,28,7,80,66,59,134,114,136,107,33,110,119,137,34,103,98,29,37,82,139,14
122,8,62,52,27,4,41,63,40,145,88,142,36,58,53,86,50,127,123,34,44,131,67,71,132,135,45,72,31,15,43,70,130,143,22,24,75,111,104,91,96,148,61,65,23,46,78,94,121,128,69,100,76,19,84,16,97,146,79,105,64,112,93,149,1,56,35,3,25,26,5,0,126,138,147,32,81,30,144,38,21,48,17,11,99,73,42,39,117,125,13,89,102,129,80,133,55,10,95,49,113,57,124,59,12,108,14,47,120,118,60,2,9,101,116,115,6,83,106,51,20,109,92,74,54,85,68,141,18,28,7,140,66,90,134,114,136,107,33,110,119,137,87,103,98,29,37,82,139,77
122,8,62,142,27,4,41,63,40,145,88,149,36,58,98,86,13,38,123,17,44,131,99,71,132,135,45,72,31,15,43,67,130,143,127,0,94,111,104,91,96,148,61,65,23,46,78,137,121,128,69,100,76,75,84,16,97,146,79,105,64,112,93,21,1,56,35,3,25,26,5,20,126,138,147,32,81,80,144,6,70,48,66,11,34,73,42,39,117,125,22,89,55,129,52,133,54,87,95,49,28,57,124,59,12,108,14,47,120,118,101,2,9,114,116,115,24,83,106,51,53,109,92,74,113,85,68,141,18,60,7,140,102,90,134,82,136,107,33,110,119,30,50,103,10,29,37,19,139,77
122,8,62,142,70,4,15,63,40,145,88,149,36,58,98,86,13,38,123,17,44,0,99,125,74,135,45,72,31,132,43,67,130,46,71,24,94,22,97,113,73,148,61,65,23,129,78,137,121,128,69,100,76,75,84,16,39,146,79,143,64,112,27,21,1,56,35,3,25,26,5,20,126,93,42,32,81,114,144,6,131,48,66,11,34,91,77,147,117,127,49,89,55,104,52,41,54,87,95,51,28,57,124,59,12,108,14,111,120,118,101,2,9,138,116,115,105,83,106,96,53,109,92,82,80,85,133,141,18,60,7,140,102,90,134,47,136,107,33,110,119,30,50,103,10,29,37,19,139,68
122,8,50,142,70,4,15,13,40,77,88,149,36,58,98,86,80,109,123,45,44,0,99,125,74,135,71,72,31,47,127,67,130,46,17,24,94,22,97,113,37,148,61,65,23,129,100,137,121,7,69,42,76,75,84,16,39,128,79,143,64,112,27,49,1,56,35,3,25,26,5,20,126,93,78,110,81,85,144,6,131,48,66,11,34,91,145,106,117,141,29,89,55,104,52,41,54,87,95,51,28,57,124,59,12,108,14,111,120,63,101,2,9,138,116,115,105,83,21,96,53,43,30,82,92,38,133,103,18,60,146,140,102,90,134,62,136,107,33,73,119,132,32,147,10,114,118,19,139,68
122,93,146,142,70,143,15,13,40,77,88,131,36,53,98,86,80,109,123,45,44,0,99,125,74,135,71,72,47,4,127,139,94,20,17,46,24,22,32,113,37,148,61,65,23,129,100,137,121,7,69,42,76,75,84,16,39,128,79,31,64,112,27,49,1,56,6,3,25,26,5,52,126,107,78,8,38,85,144,115,28,48,66,11,34,91,145,106,117,141,29,89,55,110,82,41,54,87,95,51,62,81,111,59,124,108,14,12,120,63,101,2,9,138,116,130,105,83,21,96,67,43,30,50,92,149,133,103,18,60,104,140,102,90,134,35,136,57,33,73,97,132,119,147,10,114,118,19,58,68
40,93,72,142,70,143,15,13,48,77,88,131,36,53,98,86,80,83,123,22,44,5,99,125,74,110,71,14,149,45,127,139,94,20,17,46,24,114,32,148,37,119,61,96,23,129,100,137,121,7,39,42,76,75,84,16,26,128,79,27,64,112,132,49,1,56,6,3,25,12,90,52,126,107,78,8,38,85,113,115,28,31,66,11,34,91,109,106,117,141,29,89,146,144,82,41,54,87,95,51,62,81,111,59,124,108,0,122,120,63,101,2,9,138,133,130,105,55,21,47,67,43,30,50,92,116,73,103,18,60,104,140,102,4,134,35,136,57,33,19,97,145,135,147,10,65,118,69,58,68
40,93,72,142,70,143,107,13,48,144,88,131,64,53,98,86,15,36,123,100,103,5,146,62,74,59,71,14,149,45,127,139,94,20,17,117,24,114,32,148,6,119,61,96,23,129,108,37,22,7,39,42,90,81,84,16,26,128,79,27,83,137,132,49,1,56,91,3,25,12,80,52,126,75,78,8,38,85,113,115,28,31,66,11,34,65,30,106,46,141,29,89,112,118,82,41,54,87,95,51,125,99,120,44,124,67,0,122,77,63,101,2,9,138,133,130,105,55,21,47,109,43,111,50,92,116,73,76,18,60,104,140,102,4,134,35,136,57,33,19,97,145,135,147,10,110,121,69,58,68
114,93,75,142,70,98,107,13,48,144,88,131,64,3,113,86,15,36,123,100,103,5,63,62,108,49,71,14,149,45,127,139,94,20,17,117,53,30,32,148,6,72,61,96,23,129,35,37,22,7,39,74,90,42,84,16,26,128,19,27,83,137,132,34,1,56,91,55,25,12,31,52,126,67,78,8,38,85,109,115,28,112,66,11,136,65,79,106,46,89,29,116,41,118,82,58,54,119,95,51,125,99,120,44,124,59,0,122,77,80,101,2,9,138,133,130,105,81,21,47,87,43,111,50,92,40,73,76,18,60,104,140,102,4,134,24,143,57,33,141,146,145,135,147,10,110,121,69,97,68
114,93,75,142,100,103,107,13,48,144,88,131,112,104,85,86,30,64,41,110,94,5,63,62,108,49,71,14,149,45,127,42,118,123,17,117,53,20,32,148,145,72,61,96,23,129,35,37,22,7,39,74,90,132,84,68,26,134,19,27,83,137,121,34,1,56,91,55,6,12,31,52,128,67,78,16,38,36,109,115,28,47,66,11,136,65,79,106,46,89,29,116,105,3,82,25,54,119,95,51,125,99,120,44,124,59,0,122,77,80,101,2,9,138,133,130,15,81,21,58,87,43,111,50,92,40,73,8,126,60,70,140,102,4,139,24,143,57,33,141,113,146,135,147,10,18,76,69,97,98
114,64,75,126,142,103,107,13,48,144,59,131,88,104,85,86,30,55,70,110,94,5,63,62,108,125,44,14,149,96,127,42,113,123,17,117,98,20,84,148,47,72,61,53,23,129,35,37,22,7,39,74,90,132,95,68,26,134,19,27,83,97,121,34,1,56,91,89,6,12,31,52,128,67,78,16,38,36,109,115,28,101,66,11,136,65,71,106,46,100,118,116,105,3,82,25,54,119,40,51,145,99,41,45,124,143,112,122,137,80,93,2,9,138,133,130,15,81,21,58,87,43,111,50,92,0,73,8,77,60,29,140,102,4,139,24,79,57,33,141,76,146,135,147,10,18,49,69,120,32
26,64,75,126,142,103,107,13,48,89,59,131,88,116,85,14,30,55,70,110,94,5,63,62,108,125,137,67,149,96,127,42,58,123,17,35,98,20,84,7,47,72,86,53,23,129,101,117,22,44,39,74,90,36,95,68,135,134,19,27,83,97,121,34,1,56,91,24,6,12,132,52,128,141,78,16,38,31,147,115,28,144,114,11,60,65,71,106,46,100,118,37,105,3,82,25,54,119,66,51,145,99,41,45,124,143,73,122,148,80,93,2,9,138,133,130,15,81,21,113,87,43,111,50,29,0,140,8,77,18,112,61,102,4,139,109,79,57,33,104,76,146,92,40,10,136,49,69,120,32
26,64,72,134,142,103,107,13,48,89,50,131,88,102,85,14,30,55,70,110,94,5,63,62,108,125,137,67,149,122,127,42,58,123,22,43,98,20,84,7,117,120,91,51,23,129,101,82,106,44,39,74,90,36,95,68,135,139,19,27,83,97,121,34,1,56,2,24,96,12,132,52,128,141,78,16,40,31,47,115,28,144,114,11,105,65,71,59,46,100,118,37,113,3,17,25,54,119,66,99,145,81,53,45,124,143,73,6,41,80,93,35,9,138,133,130,15,38,21,116,87,61,111,60,29,0,140,8,77,18,112,147,126,4,86,148,79,57,33,104,76,146,92,109,10,136,49,69,75,32
26,64,94,134,142,103,107,13,48,89,50,131,88,102,85,77,23,55,70,110,41,5,63,62,108,125,137,67,149,122,127,42,58,123,99,43,78,20,95,7,117,120,45,51,68,129,101,82,136,44,39,74,90,36,38,59,112,139,19,27,22,97,121,34,1,56,2,37,96,106,132,52,128,113,111,16,40,31,47,115,28,144,84,11,105,65,71,14,46,100,118,114,98,3,17,25,54,119,66,29,145,81,53,126,124,143,73,6,61,80,93,35,9,83,133,130,15,135,21,116,87,72,49,141,91,0,140,8,148,18,12,147,24,4,30,86,79,57,33,104,76,146,92,109,10,60,138,69,75,32
26,64,94,134,142,37,122,13,48,89,50,131,88,102,55,77,18,113,70,110,41,5,63,10,108,125,137,67,149,44,127,42,58,60,107,43,78,20,95,3,117,120,45,51,68,129,101,82,136,100,56,74,90,36,38,59,112,139,15,27,22,97,103,34,1,9,52,53,96,62,47,99,128,85,111,16,138,31,40,12,123,144,84,11,105,65,71,14,46,39,118,114,98,19,17,25,54,119,66,29,145,81,106,126,124,143,73,6,61,80,93,35,115,83,133,23,104,135,21,116,87,72,49,141,91,130,140,8,148,2,0,147,24,4,30,86,79,57,33,121,76,146,92,109,132,7,28,69,75,32
26,64,94,134,142,37,8,13,149,89,130,131,88,102,55,77,18,113,70,39,41,5,63,48,108,125,137,67,82,44,127,42,78,60,58,43,122,20,110,3,92,120,45,51,68,129,101,145,136,66,6,95,90,36,38,59,31,139,15,27,22,50,87,34,1,9,52,140,96,62,47,99,121,49,111,16,138,117,40,12,123,144,84,11,97,65,71,135,46,74,118,114,98,19,17,25,54,119,112,29,2,81,106,126,124,143,73,103,61,128,93,35,115,83,133,23,104,14,21,116,10,72,105,141,91,107,53,100,148,85,0,147,24,4,30,86,79,57,33,80,76,146,56,109,132,7,28,69,75,32
26,64,94,134,142,37,119,13,60,89,84,131,27,102,55,77,18,113,110,8,41,5,10,48,108,125,137,67,82,44,127,42,78,68,58,91,122,117,121,3,92,120,45,51,49,129,101,145,104,66,6,95,90,36,38,59,31,139,100,7,22,50,87,34,1,9,52,19,96,62,47,99,39,88,111,16,43,15,40,12,130,144,63,11,97,65,71,135,46,74,20,114,98,123,17,25,54,128,112,29,2,81,141,126,124,143,140,103,61,33,93,35,73,83,133,23,136,14,21,116,118,72,105,115,148,107,53,106,24,85,0,147,149,4,30,86,79,57,70,80,76,146,56,109,132,138,28,69,75,32
26,64,94,134,32,37,135,13,60,89,84,72,27,102,2,119,11,113,75,8,108,5,10,48,50,125,137,67,110,19,127,99,77,68,58,91,122,117,121,3,92,120,45,53,49,129,101,145,104,66,6,95,90,36,38,59,31,44,100,7,22,86,87,34,1,71,138,74,96,62,47,131,39,88,111,16,43,15,40,12,130,144,63,57,97,65,142,78,46,82,20,114,98,123,51,25,54,128,139,29,76,81,141,126,124,143,140,103,61,33,93,35,73,105,133,23,136,14,21,116,118,18,17,115,148,107,70,106,24,85,0,147,149,4,30,112,79,83,41,80,42,146,56,109,132,9,28,69,52,55
26,37,94,134,49,46,25,135,60,89,84,72,27,22,2,119,11,110,75,8,108,5,10,48,50,125,58,67,74,131,127,99,77,68,53,91,122,117,121,3,92,120,45,137,87,64,101,145,104,47,6,95,90,36,38,59,31,44,100,7,33,86,19,34,1,12,138,115,55,62,96,66,39,88,111,16,43,15,40,82,130,144,63,57,56,65,142,78,20,113,18,114,98,123,51,102,54,128,24,29,76,81,141,126,124,143,140,103,61,129,93,35,73,105,133,23,136,14,21,116,118,28,17,97,148,107,13,106,32,85,71,147,149,4,30,112,79,83,41,80,42,146,139,109,132,9,70,69,52,0
21,86,101,134,49,46,72,135,60,89,67,75,27,22,2,119,11,110,84,8,108,5,39,48,50,125,58,24,74,131,127,99,106,68,25,91,122,117,121,3,0,120,45,126,87,64,92,145,104,47,6,36,90,80,38,59,31,44,100,7,116,18,19,57,1,12,138,115,55,62,96,66,40,88,111,16,43,139,137,82,130,144,63,102,56,65,142,78,37,113,10,114,98,123,51,20,54,128,42,29,33,81,141,77,124,143,140,103,61,129,93,35,73,105,133,23,136,14,34,94,118,28,15,97,148,107,13,76,32,85,71,95,149,4,30,112,79,83,41,53,147,146,26,109,132,9,70,69,52,17
116,86,101,84,49,46,33,135,58,89,67,75,145,17,2,134,11,110,34,8,108,54,39,48,50,125,74,24,113,131,98,99,106,68,25,91,122,117,70,3,0,120,45,126,87,64,92,129,104,47,6,36,90,80,38,59,31,44,100,7,119,18,19,57,1,12,148,115,55,62,96,79,60,88,111,16,43,139,137,82,130,26,27,102,56,65,142,78,37,143,121,72,10,66,51,20,124,128,42,29,138,81,141,77,69,22,140,103,61,21,93,35,73,105,133,23,136,14,123,94,118,28,15,97,114,107,13,76,32,85,71,95,149,4,127,112,5,83,41,53,147,146,63,109,132,9,40,30,52,144
11,86,101,3,49,116,33,135,58,89,67,75,130,17,105,134,139,84,74,8,108,83,39,48,50,125,100,136,113,131,98,99,106,68,25,91,122,43,70,62,118,120,45,126,87,64,92,129,104,47,6,148,2,80,46,59,31,44,0,7,119,18,19,72,1,12,145,115,55,127,96,79,60,88,111,16,102,82,137,63,34,26,27,146,56,65,142,78,37,94,121,22,10,66,51,57,124,128,42,29,138,81,141,77,69,54,140,103,61,21,93,35,73,24,133,23,143,14,123,36,110,28,15,97,114,107,13,76,32,85,71,95,149,4,38,112,5,117,41,53,147,90,20,109,132,9,40,30,52,144
11,86,101,3,49,116,41,135,58,38,67,68,130,17,4,134,100,84,74,8,108,83,39,48,109,125,82,66,19,131,80,43,106,59,25,91,122,128,70,62,118,120,45,111,87,64,92,129,104,144,6,148,2,147,50,105,31,44,0,139,119,18,136,72,1,12,145,115,55,127,96,79,60,88,140,99,102,98,137,63,34,26,27,146,56,47,142,78,124,94,121,22,10,28,51,57,65,126,42,29,138,81,141,77,69,53,54,103,61,21,93,35,73,24,133,23,143,14,123,36,110,33,15,97,114,107,13,76,32,85,71,95,149,7,16,112,5,117,46,113,75,90,20,89,132,9,40,30,52,37
102,86,101,19,49,116,41,135,58,141,67,68,83,38,4,134,100,84,74,119,108,73,39,48,109,125,82,11,62,131,80,43,31,59,25,64,122,5,70,66,118,120,45,111,87,92,35,129,104,144,6,8,2,147,50,105,57,44,0,139,128,18,47,72,1,12,81,115,55,127,96,79,60,88,140,91,17,98,137,63,34,13,27,146,56,148,142,78,124,94,121,22,10,3,51,26,65,126,42,29,138,61,54,77,69,53,28,103,99,21,93,130,97,106,133,23,143,14,123,24,110,33,15,7,114,107,36,76,32,85,71,95,149,136,16,112,145,117,46,113,75,90,20,89,132,9,40,30,52,37
102,44,101,26,75,116,41,135,49,141,86,68,83,37,4,134,130,84,74,119,108,73,39,62,109,125,82,11,47,131,8,67,31,59,25,64,12,5,70,66,118,120,45,111,87,92,35,129,104,140,6,100,2,65,50,105,57,58,48,139,96,18,9,122,1,121,81,115,55,127,0,79,40,88,147,91,17,98,137,63,34,13,27,146,56,148,142,78,124,94,36,22,10,3,144,43,38,126,42,128,138,103,54,77,69,53,28,19,99,21,93,61,97,106,133,23,143,14,123,24,110,33,15,7,114,107,72,76,32,85,71,95,149,136,16,112,145,117,60,113,29,90,20,89,132,80,51,30,52,46
102,44,101,26,75,116,41,135,49,141,4,68,83,37,14,134,130,84,74,119,108,139,39,54,109,106,82,11,47,131,8,67,31,64,25,46,12,6,70,66,65,120,45,111,87,92,35,2,104,140,133,100,137,62,50,105,56,58,48,59,21,18,9,60,1,121,122,115,55,127,0,79,52,88,147,91,17,98,72,63,34,13,40,5,123,96,142,78,125,94,36,22,10,3,144,43,38,126,42,128,138,103,27,77,69,53,28,19,99,32,93,61,97,146,129,23,143,86,148,24,110,33,15,7,114,124,73,76,57,85,71,95,149,136,16,112,107,117,118,113,29,90,20,89,132,80,51,30,81,145
25,125,101,26,75,142,41,1,97,48,4,68,83,37,14,134,130,72,135,119,108,139,87,54,109,106,82,11,47,131,8,67,31,63,147,44,12,6,70,66,57,120,39,111,116,84,35,2,104,140,110,100,137,62,50,105,56,58,38,59,21,18,9,60,81,121,46,115,55,127,0,79,52,88,74,22,17,98,122,141,34,13,40,5,123,96,49,78,45,94,36,91,10,3,133,43,92,126,42,24,138,103,27,77,69,53,28,19,99,32,93,61,64,146,20,23,143,86,148,149,144,33,15,7,114,124,73,76,102,85,71,95,128,136,16,112,107,117,118,113,29,90,129,89,132,80,51,30,65,145
25,125,101,26,75,142,41,1,97,48,4,98,86,37,14,134,130,72,135,20,108,139,83,54,70,106,73,11,47,131,8,57,31,63,147,85,12,6,28,66,50,120,61,128,116,84,82,2,104,140,110,100,129,62,102,105,56,58,38,59,21,18,9,137,81,121,46,115,55,127,0,79,52,88,60,22,17,68,148,74,34,13,40,5,123,96,49,78,45,94,36,91,10,3,133,146,92,126,42,24,138,35,27,44,65,53,39,19,99,32,93,29,64,69,87,23,143,77,103,149,144,33,15,109,114,124,141,76,119,67,71,95,43,136,16,112,107,117,118,113,111,90,7,89,132,80,51,30,122,145
25,125,63,53,75,142,41,26,18,48,4,91,86,37,14,134,130,112,135,20,108,139,83,54,70,106,73,11,47,131,8,51,107,60,147,85,12,6,28,144,50,120,61,128,116,92,82,2,57,140,110,100,129,79,77,105,56,58,38,59,21,117,66,137,31,121,101,115,55,127,0,9,102,88,143,22,17,68,148,74,34,13,40,98,123,96,49,78,45,94,36,93,10,3,133,146,141,126,1,24,138,35,27,44,65,42,39,19,99,32,84,29,64,69,87,23,5,111,103,72,104,33,15,109,114,124,97,76,119,67,71,95,43,136,16,113,46,62,118,52,81,90,7,89,132,80,149,30,122,145
25,68,93,3,79,142,41,83,92,48,4,91,86,37,88,134,130,112,135,20,108,139,7,54,70,106,73,11,47,131,8,51,107,60,147,85,12,6,28,144,50,120,61,128,116,124,82,2,57,140,110,100,75,129,104,105,56,58,38,59,21,117,52,137,31,121,101,115,55,127,0,113,102,29,143,22,17,35,148,74,34,13,40,98,123,96,63,44,45,94,5,53,10,77,133,146,141,14,1,24,138,145,27,26,65,42,39,19,99,32,84,78,64,69,87,23,46,111,9,72,118,33,15,109,114,49,97,76,119,67,71,95,43,125,16,89,66,62,18,36,81,90,149,126,132,80,136,30,122,103
25,65,93,3,92,142,41,83,85,48,110,77,86,37,88,134,130,124,135,20,108,139,7,49,70,106,73,11,47,131,8,51,107,13,17,141,12,6,4,144,145,120,61,128,116,60,82,2,57,140,68,100,75,129,104,105,54,58,38,59,21,117,52,137,31,121,101,50,99,127,0,113,71,29,143,22,46,35,148,74,34,95,40,98,123,96,63,44,45,126,5,53,10,102,133,146,94,14,1,69,138,79,55,26,147,42,39,19,115,32,84,78,64,18,87,23,30,111,9,72,118,33,15,109,114,56,97,76,119,43,27,24,28,125,16,89,66,62,112,36,81,90,149,67,132,80,136,91,122,103
25,65,135,3,77,142,19,145,85,48,110,139,32,37,88,134,130,124,140,20,108,93,7,49,70,132,73,86,47,79,8,51,107,144,17,141,12,6,4,66,118,120,61,128,116,60,82,2,57,28,68,100,75,129,104,105,54,58,38,127,21,117,14,137,31,121,101,50,99,36,0,83,71,29,143,22,46,10,148,74,34,87,40,98,123,96,63,44,59,126,5,53,52,102,133,146,94,45,1,69,138,113,55,26,147,42,39,81,115,35,95,78,64,18,11,23,30,111,9,72,27,33,15,109,114,56,97,76,119,43,16,24,92,125,122,89,84,62,112,106,131,90,149,67,13,80,136,91,41,103
25,65,135,3,77,142,8,145,85,48,110,139,32,94,88,134,130,124,140,90,73,93,102,49,70,132,43,29,47,144,127,51,107,79,53,141,12,6,4,66,118,120,34,128,116,60,82,2,20,17,68,100,75,129,104,105,54,58,19,61,21,117,14,137,31,121,101,50,99,125,0,78,71,38,143,22,46,10,148,126,35,87,40,98,123,96,149,44,59,111,5,114,52,83,133,74,36,45,1,69,138,113,55,26,147,42,39,81,115,37,95,146,64,18,11,23,30,63,9,72,27,33,15,57,62,56,97,76,119,109,16,24,7,86,122,89,84,28,112,106,131,92,108,67,13,80,136,91,41,103
25,65,28,3,77,142,52,145,131,48,110,139,32,94,100,95,56,124,140,90,73,93,103,49,55,31,43,29,143,144,127,51,107,79,53,141,12,6,4,132,118,120,115,86,116,60,82,2,20,17,68,8,75,135,134,105,54,58,19,61,21,128,14,137,102,121,101,45,99,125,0,78,13,38,50,22,70,10,148,126,35,87,40,98,123,96,149,44,59,111,5,114,104,83,133,74,36,88,1,69,138,113,119,26,7,42,39,81,47,37,46,146,64,18,11,23,30,63,9,72,92,33,15,57,62,71,97,76,117,109,16,24,34,85,122,89,84,130,112,106,66,147,108,67,129,80,136,91,41,27
119,65,28,3,77,142,8,9,131,48,110,139,32,94,100,95,56,123,140,90,73,93,103,49,54,78,43,29,143,34,127,144,107,112,53,141,12,6,4,132,118,51,115,76,58,60,82,2,136,17,68,74,75,135,134,105,121,81,19,61,91,128,14,137,102,31,124,45,99,125,0,55,13,38,50,22,70,10,148,126,35,87,40,98,41,96,149,44,59,111,46,114,104,83,133,79,36,88,1,69,138,113,57,26,7,42,101,130,47,37,5,146,64,18,11,23,30,21,106,72,92,33,15,86,62,71,97,20,117,109,16,24,145,85,122,89,84,120,116,25,66,147,108,67,129,80,52,63,39,27
119,48,28,3,77,142,8,9,131,29,20,139,121,94,74,1,56,49,140,90,73,93,84,17,54,55,43,34,143,53,127,144,107,112,103,138,12,6,4,132,118,51,115,76,58,60,82,2,136,57,68,120,141,135,100,105,96,81,19,61,91,128,14,50,102,36,124,45,99,31,0,110,13,38,137,22,125,10,148,126,35,87,40,98,52,134,149,95,59,111,46,114,104,83,133,79,5,88,41,69,32,113,70,26,7,42,101,130,47,37,78,146,64,18,11,23,30,21,44,72,92,33,15,86,62,71,97,123,117,109,16,24,145,85,122,89,75,106,116,25,66,147,108,67,129,80,65,63,39,27
131,48,28,23,77,142,8,9,7,29,20,139,121,75,67,1,56,49,140,90,73,93,84,17,137,55,43,34,21,53,127,144,107,45,79,106,12,6,4,132,118,65,0,76,58,112,115,68,33,57,54,120,141,135,100,105,96,136,19,138,91,128,14,50,102,36,124,86,2,31,60,110,13,38,16,22,125,10,148,126,35,51,40,98,52,89,149,95,59,111,46,114,61,83,133,143,5,88,41,69,32,113,70,26,94,42,101,130,47,37,78,146,64,18,11,134,30,3,44,72,92,74,15,82,62,71,97,123,117,109,87,24,145,85,122,119,99,81,116,25,66,147,108,104,129,80,103,63,39,27
131,48,28,52,77,142,8,9,78,29,20,139,121,0,50,67,56,49,140,90,73,93,84,17,137,55,132,136,21,53,74,144,107,45,79,106,12,6,4,14,7,65,3,76,58,112,115,68,33,130,54,40,141,135,120,105,96,118,19,138,91,128,57,1,102,81,124,86,2,31,60,110,13,38,16,25,59,10,148,126,35,51,75,98,41,89,149,95,43,111,46,114,61,83,133,143,5,88,34,117,32,113,70,26,94,42,101,15,47,85,127,146,64,18,11,134,97,23,44,72,92,147,36,82,62,71,125,123,100,109,87,24,145,37,122,119,99,30,116,22,66,69,108,104,129,80,103,63,39,27
131,92,28,52,84,142,8,9,78,29,20,139,124,0,50,122,56,49,140,90,73,93,121,104,137,55,132,136,30,53,74,144,48,40,79,106,12,6,4,14,7,65,3,76,58,112,115,75,33,130,54,36,141,135,120,105,96,118,19,138,91,68,57,72,102,81,127,77,2,31,60,110,13,38,16,25,59,10,100,126,35,51,5,99,41,89,1,95,149,111,46,114,61,83,133,107,80,88,34,117,45,113,70,26,94,11,69,15,47,85,148,146,64,18,128,134,97,23,44,32,67,147,42,82,62,71,125,123,17,109,87,24,145,37,98,119,103,21,116,22,66,101,108,43,129,143,86,63,39,27
131,57,28,148,2,149,8,9,84,29,20,0,124,17,11,122,56,79,140,90,73,93,121,104,137,55,132,136,30,53,139,144,48,40,109,106,12,19,4,14,7,65,78,76,98,112,141,146,33,130,54,36,58,135,120,105,96,118,133,138,91,68,31,72,102,81,127,77,3,128,60,110,49,38,16,25,59,10,100,126,35,51,5,99,41,89,87,95,50,74,46,114,61,83,113,107,80,62,34,117,45,115,70,26,94,52,69,15,47,85,142,1,64,18,123,134,97,23,44,32,67,147,42,82,6,71,125,92,13,75,111,24,145,37,88,119,103,21,116,22,66,101,108,43,129,143,86,63,39,27
131,128,28,148,15,108,8,9,84,29,31,0,124,105,11,122,56,79,140,90,73,115,111,104,137,55,132,136,102,53,139,144,48,40,46,106,12,19,4,14,143,65,112,76,98,20,141,146,33,72,54,36,58,49,120,110,62,118,81,138,91,68,89,61,42,57,127,77,96,30,60,37,7,38,16,25,59,10,100,126,35,51,5,99,93,3,87,95,50,74,133,109,41,83,113,107,80,114,34,117,45,149,70,26,94,52,69,2,47,85,142,1,64,18,123,134,97,23,44,32,67,147,78,82,6,71,125,92,13,75,135,24,145,130,88,119,103,21,116,22,66,101,17,43,129,121,86,63,39,27
66,128,148,80,15,108,8,9,84,29,31,0,124,105,11,122,56,79,140,90,73,115,111,104,24,57,132,136,55,53,139,144,48,40,46,106,34,19,4,14,143,65,112,76,98,27,141,6,33,72,54,36,58,129,120,110,62,118,52,138,91,68,89,61,42,82,127,77,96,30,60,37,7,38,16,25,59,10,100,41,35,51,5,99,93,3,87,95,50,74,133,109,146,47,113,107,131,114,81,63,45,149,70,26,94,32,69,2,126,78,142,1,64,44,123,121,12,97,20,137,67,147,86,134,117,71,125,92,13,75,135,18,145,130,88,119,103,21,23,22,49,101,17,43,85,102,116,28,39,83
28,128,148,80,15,83,8,9,56,29,31,0,113,60,11,122,55,79,140,90,73,115,149,104,24,57,132,136,25,53,139,144,12,40,46,106,34,19,95,33,66,65,112,76,98,143,141,6,94,72,54,36,58,129,120,110,84,118,52,138,91,68,89,61,42,82,127,77,96,30,97,37,7,105,16,48,59,10,100,43,35,4,5,99,93,3,87,74,50,67,124,109,146,47,51,107,86,114,81,63,45,27,70,26,41,32,69,2,126,78,108,1,64,44,123,121,88,71,20,137,117,147,38,134,131,133,125,92,13,75,135,18,145,130,142,119,103,21,23,22,49,101,17,14,85,102,116,62,39,111
28,128,36,88,15,83,115,145,56,29,31,0,113,60,11,137,55,79,7,90,73,81,149,44,24,57,139,1,25,53,2,144,12,40,46,106,122,19,95,33,66,65,112,76,59,143,141,54,94,72,136,91,38,129,127,110,84,118,52,131,138,68,9,61,42,82,58,77,96,30,97,37,8,105,16,48,148,10,100,43,35,4,5,99,93,3,87,74,50,67,124,109,146,47,51,107,86,133,6,98,45,27,70,26,41,32,69,80,126,78,108,140,64,13,123,121,132,71,20,63,117,147,125,134,34,120,89,92,114,75,135,18,104,130,142,119,103,21,23,22,49,101,17,14,85,102,116,62,39,111
75,24,36,88,15,83,115,145,56,29,31,0,113,60,94,137,55,79,10,90,73,81,149,44,66,57,139,1,25,53,2,144,12,40,46,106,122,19,95,33,114,65,108,76,59,143,141,54,111,52,136,91,38,129,146,110,97,124,64,131,138,68,9,11,42,82,58,72,26,30,7,37,8,105,16,48,28,128,100,43,35,4,5,99,93,3,87,74,50,67,120,109,77,47,51,107,86,133,69,98,45,27,70,61,41,32,140,80,126,78,96,127,104,13,123,121,132,71,20,34,117,147,125,84,92,18,89,6,134,112,135,63,148,130,142,119,118,21,23,22,49,101,17,14,85,102,116,62,39,103
75,24,23,88,15,83,115,145,37,121,31,0,113,60,94,137,55,79,10,90,73,11,149,44,102,57,139,1,25,144,2,9,12,50,46,106,122,45,81,53,114,65,33,76,59,143,141,39,111,52,136,91,38,129,148,56,128,124,64,77,138,68,95,19,40,61,58,72,42,30,7,26,8,120,16,48,28,29,100,43,35,4,5,99,93,3,66,74,97,67,110,109,108,47,51,107,86,133,69,98,62,27,70,146,41,32,140,105,126,78,96,127,104,13,123,54,132,71,20,34,117,147,125,84,92,18,89,6,134,112,135,63,36,130,142,119,118,21,131,22,49,101,17,14,85,82,116,80,87,103
75,24,59,88,15,83,121,145,37,3,31,0,93,60,94,137,18,79,10,90,73,11,149,44,21,53,139,1,25,13,2,9,12,50,46,106,122,45,81,57,114,65,40,76,107,143,141,39,23,52,136,14,38,129,148,56,128,124,64,77,138,68,95,19,98,61,43,72,42,49,7,26,8,120,16,48,28,29,100,58,55,4,5,33,115,109,66,74,97,63,110,99,108,130,51,113,86,127,69,30,62,27,70,146,41,32,140,105,126,78,96,89,104,91,123,54,132,47,20,34,117,147,125,35,92,144,71,6,134,112,135,67,36,102,142,119,118,111,131,22,84,101,17,133,85,82,116,80,87,103
18,24,59,88,15,83,67,7,37,3,136,0,93,60,94,137,14,79,10,90,73,132,149,44,116,26,75,121,25,13,2,9,148,50,46,106,122,45,81,57,114,65,40,53,107,143,141,39,23,42,69,17,38,129,11,56,128,124,47,77,138,68,95,19,98,61,43,72,31,49,1,51,8,120,16,145,28,29,21,58,55,4,5,33,115,109,66,74,97,63,110,99,108,130,147,12,86,127,103,30,62,27,70,146,41,32,140,105,126,139,96,89,104,91,123,54,133,48,20,52,117,76,125,35,71,144,134,6,92,112,135,100,36,102,142,119,118,111,131,22,84,101,78,64,85,82,34,80,87,113
18,85,59,81,19,83,67,7,37,24,54,0,93,40,94,117,14,88,32,91,73,132,149,90,116,26,75,121,25,13,2,9,148,50,46,10,119,45,106,57,114,65,97,53,107,143,141,39,23,42,69,17,38,129,11,56,128,31,47,77,138,68,95,89,98,61,16,72,41,49,1,51,8,120,60,15,28,29,21,58,55,4,5,33,115,109,66,74,105,63,110,99,108,130,147,12,86,127,103,30,87,27,62,146,136,3,140,70,126,139,96,124,104,145,123,137,133,52,20,122,101,76,125,35,71,144,134,6,92,44,135,100,36,102,142,43,118,111,131,22,84,112,78,64,48,82,34,80,79,113
18,85,59,76,19,83,70,7,37,24,54,0,93,40,94,117,14,88,62,91,73,132,149,90,116,26,75,121,25,13,2,102,148,50,46,10,119,136,103,57,114,65,97,53,107,143,141,39,35,42,69,17,38,129,11,56,100,31,47,77,138,32,68,89,98,61,16,106,41,34,1,51,92,120,60,15,28,29,21,87,55,4,66,33,115,109,128,74,105,45,110,137,36,130,147,12,86,127,135,30,95,27,58,146,8,3,140,67,126,139,81,124,104,145,63,9,133,52,20,122,101,108,125,96,99,144,134,6,123,44,23,111,64,71,142,43,118,72,131,22,84,112,78,49,48,82,5,80,79,113
18,85,59,76,19,116,70,88,37,24,54,117,96,40,94,146,140,145,62,91,73,132,97,90,93,26,75,121,25,13,2,102,148,8,46,10,0,136,103,57,114,65,47,53,112,143,141,39,35,42,69,17,38,129,11,56,100,31,36,29,138,32,68,89,98,61,95,134,41,34,1,51,92,120,60,15,28,123,7,87,55,4,66,33,115,109,128,74,105,45,110,137,119,130,147,12,86,127,135,30,107,77,58,21,149,3,83,111,126,139,20,124,104,81,63,9,133,52,113,122,101,108,125,22,99,144,67,6,44,27,23,14,64,71,142,43,118,72,131,106,50,84,78,49,48,82,5,80,79,16
18,85,92,76,19,47,70,88,37,61,54,117,96,40,94,146,140,79,62,101,73,132,97,90,93,123,75,121,25,13,82,103,148,8,46,10,0,74,49,57,114,65,20,53,112,143,141,56,35,42,69,17,38,129,11,147,100,31,36,29,138,32,68,89,98,91,95,142,41,34,1,51,102,120,60,15,28,111,7,71,55,4,66,33,115,109,26,134,105,45,110,137,119,130,39,12,86,127,135,30,107,77,58,122,149,87,83,24,126,139,2,124,104,81,63,72,133,52,113,16,145,108,125,22,99,144,67,6,3,27,23,44,64,116,78,43,118,128,131,106,50,84,136,9,48,21,5,80,14,59
18,22,92,76,19,47,70,88,37,61,54,117,107,40,94,20,140,79,62,101,73,132,97,90,93,123,3,121,25,108,82,103,148,8,46,10,13,74,49,57,114,65,149,53,50,143,141,56,35,42,69,17,38,0,105,116,100,31,36,29,139,32,68,89,110,85,147,142,41,34,1,112,102,120,64,15,28,111,7,71,55,4,66,33,115,109,125,134,39,45,95,75,119,130,98,12,86,135,96,30,122,77,146,60,118,87,83,24,126,91,2,124,104,81,63,72,133,52,113,16,145,137,51,58,99,144,67,6,11,27,23,44,129,127,78,43,138,128,131,106,14,84,136,9,48,21,5,80,26,59
18,22,92,76,52,47,135,88,37,61,49,117,107,40,94,20,140,79,55,99,73,16,97,90,93,123,3,121,25,108,82,103,148,8,101,10,96,74,43,115,114,27,149,53,50,143,141,110,35,42,69,32,38,0,105,116,100,31,36,137,139,119,68,89,102,85,147,70,129,34,1,112,26,120,64,15,28,111,7,71,77,4,66,33,56,109,125,134,39,45,95,75,17,130,98,12,86,122,41,30,29,124,146,60,118,87,83,24,126,91,2,65,104,81,5,72,133,57,113,144,145,54,51,58,132,13,67,6,11,62,23,44,46,127,78,63,138,128,131,106,14,84,136,9,48,21,142,80,19,59
18,49,92,76,52,47,135,88,37,61,122,117,107,40,145,27,140,79,23,99,73,16,97,90,93,123,3,20,114,108,82,103,148,8,131,10,96,74,43,115,83,101,149,53,50,143,141,110,35,126,69,32,38,0,33,116,100,31,36,137,139,119,68,89,102,85,147,7,22,34,1,112,26,12,42,15,28,111,25,71,77,4,66,64,62,109,125,134,39,56,95,75,17,130,98,45,46,104,41,30,29,124,146,60,118,105,133,24,91,51,2,65,121,81,5,72,11,57,113,144,55,54,86,58,132,13,87,6,120,67,94,44,19,127,78,63,138,128,129,106,14,84,136,9,48,21,142,80,70,59
41,49,92,16,52,47,38,88,37,61,149,117,107,40,145,78,140,101,23,99,73,62,42,90,134,123,3,20,114,10,82,103,148,8,93,80,96,74,43,48,102,18,122,53,50,143,142,110,35,126,69,32,5,0,33,116,100,31,36,137,139,119,68,89,83,85,147,7,22,34,1,112,26,9,55,15,124,111,141,71,77,4,66,64,115,109,125,54,39,56,25,75,17,130,98,45,46,104,97,30,29,76,146,60,118,27,133,24,91,51,2,65,121,81,67,72,11,57,113,144,131,105,86,58,132,13,87,6,120,95,94,44,19,127,28,63,138,128,129,106,14,84,136,79,108,21,12,135,70,59
41,29,92,16,52,47,38,88,37,10,81,61,107,141,145,95,63,101,23,99,73,62,65,90,39,123,3,20,114,80,82,103,6,8,93,111,96,74,43,48,102,18,122,53,50,143,142,110,36,126,69,32,5,0,33,116,100,31,42,137,139,119,68,89,83,85,147,7,70,34,57,112,26,9,55,15,124,30,148,71,40,4,66,49,115,109,22,54,45,56,25,78,17,130,98,27,46,135,97,104,149,76,146,60,118,64,133,24,91,51,2,125,121,134,67,140,11,105,113,144,131,35,86,58,132,13,87,1,120,75,94,44,19,127,28,117,138,128,129,106,14,84,136,79,108,21,12,72,77,59
41,29,97,76,104,47,114,88,37,10,81,113,107,141,145,95,49,101,51,55,73,62,143,90,69,123,3,20,13,56,82,103,6,8,93,111,52,74,43,48,102,18,122,53,50,0,142,110,36,126,34,32,5,63,33,116,100,31,42,137,139,119,68,89,83,85,147,7,70,130,134,112,26,9,38,15,124,30,148,71,77,4,66,40,115,109,22,54,45,39,16,78,17,92,98,27,46,135,146,86,149,57,96,60,118,64,133,24,91,25,58,125,121,65,67,140,11,105,128,144,131,2,23,80,132,35,87,1,120,75,94,44,19,127,28,117,138,99,129,106,14,84,136,79,108,21,12,72,61,59
41,29,97,76,104,47,5,88,37,10,81,113,107,141,50,95,49,101,15,114,73,86,127,90,69,94,132,20,13,56,135,3,31,8,93,111,52,74,43,48,102,18,1,53,72,12,130,51,36,126,34,32,59,122,33,82,123,145,42,137,139,119,68,89,62,85,147,7,98,64,134,112,26,9,38,83,124,30,148,71,77,4,66,40,115,109,22,54,45,39,16,78,17,92,110,27,46,103,146,144,149,57,96,60,118,55,133,24,91,25,58,125,121,65,67,140,11,105,128,143,131,2,6,80,23,35,87,142,120,75,70,44,19,100,28,117,138,99,129,106,14,84,136,79,108,21,0,116,61,63
41,29,97,58,104,47,5,88,37,10,81,30,107,141,98,60,22,101,123,102,70,86,127,90,69,17,132,20,13,56,135,3,31,8,93,111,52,74,43,48,94,149,1,42,72,12,130,51,36,126,34,32,59,122,33,82,76,145,113,137,139,119,68,89,133,85,147,7,64,62,129,112,24,9,38,83,124,118,96,71,77,4,66,40,115,109,50,54,45,39,16,78,57,92,134,15,46,103,55,144,26,49,114,148,146,27,25,95,91,73,18,125,121,65,67,140,11,105,128,143,131,2,6,80,23,35,87,142,120,75,110,44,19,100,28,117,138,99,53,106,14,84,136,79,108,21,0,116,61,63
41,29,97,84,104,47,5,88,37,10,81,148,107,141,98,60,22,101,123,102,70,86,96,135,69,17,132,144,13,56,71,3,31,90,108,111,52,74,43,48,94,68,1,42,72,12,130,51,36,44,127,95,59,122,33,82,76,145,129,137,139,119,80,89,133,93,147,7,64,62,55,112,124,9,38,83,121,118,46,20,77,126,66,134,115,109,40,54,45,39,16,78,57,92,24,15,105,113,58,8,26,49,114,34,146,27,25,120,91,73,18,125,32,65,67,140,11,85,149,143,131,2,6,50,23,35,87,142,128,75,110,103,19,100,28,117,138,99,53,106,14,4,136,79,30,21,0,116,61,63
90,29,97,84,104,47,100,88,10,5,81,148,107,141,98,60,22,101,123,102,70,79,96,135,69,17,132,139,13,56,8,3,31,92,108,117,52,74,43,16,94,68,1,42,72,12,130,73,36,44,71,85,59,122,9,82,86,145,129,137,121,119,80,89,133,93,147,7,64,62,55,112,124,58,38,83,51,118,46,95,77,126,66,134,115,109,40,54,45,39,76,78,24,48,33,15,37,113,106,57,26,49,114,34,65,27,25,120,91,105,18,125,32,146,67,140,11,128,149,143,131,2,6,50,23,35,87,142,41,75,144,103,19,21,28,127,138,99,53,111,14,4,136,116,30,20,0,110,61,63
90,29,34,142,104,47,100,88,10,129,81,65,107,110,98,60,22,146,123,102,70,79,96,135,69,17,132,139,13,56,8,3,31,92,64,117,57,74,43,16,94,68,1,42,72,38,130,114,148,44,71,85,54,122,9,30,86,145,108,49,121,119,80,89,133,93,6,7,73,62,128,112,124,58,147,83,51,18,36,95,77,126,66,134,115,109,40,149,45,39,76,78,24,48,33,15,37,113,106,84,26,4,97,12,55,27,25,120,91,105,138,125,32,141,67,140,11,46,14,143,131,2,82,50,23,35,87,5,41,75,144,103,19,21,28,127,101,99,53,111,137,52,136,116,59,20,0,118,61,63
94,29,34,142,104,47,132,88,10,79,81,65,107,110,98,60,22,127,123,102,70,27,96,33,69,17,61,139,103,56,8,3,31,92,84,117,11,57,26,16,90,68,124,42,72,38,74,114,148,44,125,85,54,122,48,30,86,145,108,49,121,119,80,89,133,149,6,7,73,62,128,4,141,58,147,83,51,18,36,95,67,126,66,134,115,109,40,43,45,39,76,78,24,64,93,15,37,113,106,1,71,112,97,12,55,101,25,120,91,105,138,20,32,130,116,140,77,46,14,143,131,2,82,50,23,35,87,5,41,75,144,129,19,21,28,9,100,99,53,111,137,52,136,13,59,135,0,118,146,63
94,69,34,142,104,47,132,88,10,79,63,65,107,22,148,60,20,127,123,102,70,27,96,33,98,141,61,139,103,56,120,3,31,92,84,117,11,57,26,137,90,68,124,145,72,75,133,114,119,44,51,85,54,122,81,30,86,38,108,49,45,48,80,89,118,149,42,7,73,62,128,83,106,58,147,134,4,18,36,95,67,126,66,125,115,109,40,43,5,39,76,78,24,64,93,112,37,113,130,1,71,6,97,12,55,101,25,110,91,105,138,15,32,29,116,140,77,46,14,143,131,2,82,50,23,35,16,121,41,17,144,129,19,21,28,9,100,99,53,111,8,52,136,13,59,135,0,74,146,87
103,69,34,57,104,47,94,88,10,79,63,65,107,22,148,99,118,127,123,102,70,27,16,33,98,143,61,76,37,40,120,3,31,92,84,117,11,49,26,137,132,6,124,145,72,75,133,114,119,44,51,85,54,122,81,30,86,20,108,135,67,48,80,89,56,149,28,23,73,60,83,141,106,58,147,134,4,18,36,95,96,126,66,125,115,109,139,43,5,39,45,78,24,136,93,112,42,113,130,1,71,128,97,12,55,101,25,110,91,105,138,15,32,29,116,140,77,46,121,38,131,2,82,50,142,35,62,68,41,17,144,129,19,21,7,9,100,90,53,64,8,52,14,13,59,111,0,74,146,87
23,69,42,57,116,47,43,88,10,79,63,65,107,22,148,99,118,127,34,94,70,21,16,33,98,143,61,139,103,40,120,3,25,92,84,117,11,49,26,19,132,6,124,145,72,75,133,114,119,44,51,85,54,105,81,30,86,20,108,135,67,48,76,37,56,149,28,80,73,60,83,141,106,58,147,134,4,18,36,95,96,17,66,125,97,109,39,52,5,1,45,78,24,136,93,104,89,113,130,59,71,128,31,12,50,101,137,123,91,122,138,15,32,29,131,140,77,46,121,38,115,2,82,126,142,35,8,68,41,55,144,129,112,62,7,9,100,90,53,64,110,102,14,13,27,111,0,74,146,87
23,69,121,57,74,47,43,88,10,102,63,65,107,22,148,41,30,127,34,94,70,21,16,33,98,143,61,87,103,40,120,3,25,92,84,42,11,49,26,19,72,117,118,145,24,75,133,114,119,60,51,85,54,105,81,80,86,20,108,135,67,48,76,37,56,149,138,99,73,139,46,52,53,58,147,134,4,18,36,95,96,17,66,125,97,109,39,137,5,28,45,78,116,136,6,79,89,113,130,59,71,128,31,12,50,101,32,123,29,122,106,15,141,91,131,140,77,83,44,38,115,2,82,126,1,35,8,68,93,55,144,129,112,62,132,9,100,90,104,64,110,124,14,13,27,111,0,142,146,7
49,69,121,91,74,47,133,88,10,102,63,65,107,22,148,41,30,127,34,94,70,21,16,33,139,143,61,92,93,40,120,3,25,57,84,42,29,103,26,12,72,117,58,145,24,75,51,114,119,60,28,85,82,105,81,80,86,20,108,135,67,48,76,37,56,149,138,147,73,62,46,52,53,98,116,134,4,18,36,95,96,17,66,43,97,109,39,137,5,106,45,11,79,136,6,77,89,113,130,59,71,111,31,19,50,101,32,123,54,115,23,15,141,0,131,140,122,83,44,38,99,2,7,126,1,35,8,68,125,55,144,129,112,110,132,9,100,90,104,64,118,124,14,13,27,128,78,142,146,87
49,69,121,103,74,36,133,88,10,102,20,65,107,22,148,123,30,127,34,41,129,21,111,33,1,19,81,92,29,40,120,3,25,57,84,42,61,47,26,12,72,117,58,79,24,75,51,114,119,60,28,85,82,143,17,80,86,39,108,135,67,48,76,37,56,149,138,147,73,126,46,52,53,98,94,134,4,18,62,95,96,27,66,43,97,109,93,137,5,106,45,11,63,136,6,77,89,113,16,59,9,7,31,15,50,101,32,146,54,115,23,91,141,0,131,140,122,83,44,38,99,2,145,118,139,35,8,68,125,55,144,71,112,110,105,132,100,90,104,64,116,124,14,13,130,128,78,142,70,87
49,10,121,103,74,36,107,88,17,102,20,65,104,22,148,123,30,127,34,41,129,21,111,106,142,19,57,42,29,40,120,3,81,45,84,87,77,47,133,12,72,93,58,79,24,25,35,114,119,60,28,85,82,143,89,80,86,39,108,135,14,48,76,37,56,149,138,147,73,126,46,51,53,98,94,134,4,18,62,95,96,67,66,43,97,109,2,137,5,33,0,11,63,136,6,27,52,113,16,59,9,7,31,15,50,101,32,146,54,115,23,91,141,71,131,140,122,83,132,38,99,92,145,118,61,44,8,68,125,55,117,78,112,110,105,69,100,90,26,64,116,124,1,13,130,128,75,139,70,144
49,10,53,103,74,36,90,88,17,102,80,65,104,22,148,123,30,127,99,41,129,21,111,106,142,19,57,42,60,40,120,3,35,34,84,105,77,47,133,12,72,93,58,13,24,25,128,114,9,46,28,85,82,143,89,45,86,39,83,135,14,48,76,37,56,149,138,147,73,126,55,51,27,98,94,11,4,18,110,95,96,67,66,43,97,109,2,137,5,33,0,44,63,107,62,136,20,113,16,59,117,7,31,15,6,101,32,146,54,81,29,91,141,71,131,140,122,115,132,38,50,92,145,118,87,52,8,68,125,134,61,78,112,121,119,69,100,23,26,64,116,124,1,108,130,79,75,139,70,144
49,25,53,103,74,36,142,88,17,102,80,65,104,22,148,123,30,110,99,127,60,21,52,19,126,94,57,42,35,40,77,3,50,34,84,105,87,47,133,12,100,93,58,13,24,90,128,114,45,46,28,85,82,83,89,38,86,141,134,135,14,48,76,41,56,149,138,147,112,32,55,51,27,98,136,11,4,18,129,95,96,67,66,43,97,109,2,137,5,33,0,73,63,107,62,72,20,113,16,59,117,7,31,15,6,101,10,146,54,81,29,91,120,71,131,140,122,115,132,75,78,92,145,118,106,9,8,68,125,111,61,39,44,121,119,69,143,23,26,64,116,124,1,108,130,79,37,139,70,144
49,25,53,103,74,36,142,21,17,102,80,68,104,22,148,134,30,92,99,127,60,143,52,19,126,94,57,42,35,40,77,3,50,130,84,105,87,47,133,12,100,93,58,56,24,122,128,114,45,46,28,137,82,83,89,38,8,141,5,135,14,48,76,41,119,149,138,145,112,32,147,51,27,98,136,65,4,18,129,95,96,67,66,43,97,109,2,146,0,33,37,73,63,107,62,72,9,113,16,85,117,7,31,15,6,101,10,120,54,125,29,91,123,71,81,140,88,110,13,75,90,55,34,118,106,132,78,59,115,111,61,39,44,121,20,69,11,23,26,64,116,124,1,108,131,79,86,139,70,144
46,49,53,103,88,93,142,21,17,102,80,68,104,22,148,52,30,92,4,127,60,143,25,19,126,94,57,42,26,40,79,36,50,130,84,105,87,47,133,12,100,114,58,56,24,122,128,95,45,35,28,137,82,113,83,38,77,144,89,135,86,48,76,41,140,149,138,96,112,32,147,51,27,98,136,65,8,18,129,141,119,67,66,43,97,109,2,146,0,33,37,73,63,107,91,72,9,3,16,85,117,7,31,15,6,101,10,120,99,125,29,131,123,71,81,54,78,110,13,75,90,55,34,118,106,132,62,59,115,74,61,5,44,121,20,69,11,23,14,64,116,124,1,108,39,134,145,139,70,111
133,49,146,103,25,93,88,21,17,102,110,68,104,22,148,52,30,18,4,127,60,143,80,87,149,116,57,42,26,40,61,36,142,130,84,105,138,47,19,12,100,97,58,56,24,122,128,95,45,35,28,115,82,53,83,38,77,144,89,135,86,48,76,121,140,114,65,96,112,32,147,51,11,98,136,79,8,85,129,141,119,67,66,43,137,109,2,39,118,33,37,73,63,107,91,72,41,3,9,46,117,7,31,15,6,101,10,120,99,125,29,131,123,71,81,54,78,23,13,75,90,55,34,113,106,132,62,59,92,74,0,5,44,126,20,69,16,50,14,64,27,124,1,108,94,134,145,139,70,111
133,49,146,111,25,93,88,21,17,102,110,68,104,140,100,52,30,18,4,127,108,143,80,87,149,116,57,42,119,40,61,59,142,130,84,105,138,47,19,145,26,97,58,56,55,122,66,103,45,35,28,115,76,38,83,12,77,144,89,135,86,60,95,121,131,114,65,96,112,32,147,51,11,98,136,79,8,85,129,141,23,67,22,43,137,109,132,39,118,33,37,73,0,107,91,72,41,3,9,46,117,7,31,15,6,101,10,71,99,125,29,78,123,53,81,54,128,82,48,75,13,148,34,16,106,90,62,63,92,74,120,5,44,126,20,69,113,36,14,64,27,124,1,2,94,134,50,139,70,24
133,49,30,111,29,93,88,21,25,102,110,42,104,140,47,13,122,18,4,36,108,143,80,87,149,145,57,33,119,40,61,59,142,130,84,105,138,124,19,67,26,97,58,56,55,132,24,17,45,50,28,115,76,38,83,12,77,144,116,134,14,127,95,121,131,114,65,96,112,32,147,51,11,98,136,79,8,118,129,141,23,71,22,43,137,135,86,39,85,109,35,73,0,107,91,72,41,3,9,46,117,7,31,15,63,101,10,100,99,125,52,78,123,53,81,54,128,82,48,75,60,148,34,16,106,90,62,37,92,74,120,5,44,126,20,69,113,68,66,64,27,6,1,2,94,103,89,139,70,146
133,49,30,111,62,93,122,85,106,102,41,136,29,140,131,13,142,18,4,36,108,143,80,87,149,145,57,33,119,40,54,105,47,130,84,11,138,124,19,67,26,97,25,56,55,132,24,109,45,50,28,115,76,65,146,12,77,144,116,134,68,83,95,59,21,114,9,96,112,32,147,51,127,110,104,79,8,118,129,121,23,71,22,43,137,135,86,39,141,38,35,88,0,107,91,72,17,3,58,46,117,7,31,15,63,101,10,100,99,125,52,78,123,53,81,14,128,82,48,70,60,148,34,16,75,90,61,37,92,74,120,5,44,126,20,69,113,73,66,64,27,6,1,2,94,103,89,139,98,42
133,49,30,111,62,93,79,85,118,134,91,0,141,140,131,13,142,18,20,36,108,143,80,101,149,145,57,11,119,40,54,105,47,130,84,122,138,124,19,67,26,97,25,41,55,132,24,56,45,50,98,115,76,136,146,12,77,144,116,14,68,83,95,59,21,114,9,96,112,32,147,51,127,110,104,33,8,109,129,28,23,71,82,43,137,65,72,39,135,38,35,88,103,107,5,102,17,3,58,46,117,7,31,22,63,66,10,100,99,125,86,78,123,53,81,15,128,106,48,70,60,148,34,16,121,52,61,37,92,74,120,75,44,126,29,69,113,73,139,64,27,6,1,2,94,87,89,90,4,42
133,49,22,111,62,24,79,2,14,134,91,0,12,140,131,104,142,34,20,36,108,143,80,101,149,145,57,92,119,95,54,105,47,85,141,122,138,124,19,67,26,97,25,41,55,132,84,56,45,50,98,115,76,136,146,30,114,144,112,35,68,83,125,59,21,5,9,96,88,32,147,51,127,110,77,13,8,109,116,28,23,71,82,43,137,65,72,39,135,38,102,118,103,33,4,113,58,3,129,46,117,7,31,48,63,66,10,100,99,11,86,78,123,53,81,17,128,106,93,70,60,148,107,16,121,52,61,37,130,74,120,75,44,126,29,69,15,73,139,64,27,6,1,40,94,87,89,90,18,42
96,49,44,111,62,24,5,2,139,134,65,0,12,120,131,104,14,34,27,36,108,143,80,101,39,145,13,92,119,95,54,105,47,85,141,122,138,124,19,67,26,97,25,29,55,132,84,56,45,50,98,115,76,89,100,30,114,144,112,35,68,83,125,59,21,79,9,140,88,32,41,51,127,110,77,136,8,109,116,28,23,71,82,43,102,31,46,137,135,38,75,118,103,33,4,18,58,72,129,147,117,7,3,48,63,66,10,57,99,11,86,78,123,53,81,17,128,106,93,70,60,148,107,16,121,91,61,87,130,74,133,22,52,126,37,69,15,73,20,64,149,6,1,40,94,146,142,90,113,42
43,49,6,111,62,24,119,139,8,134,65,0,1,120,57,104,14,41,27,36,108,44,80,101,39,145,13,92,95,117,54,105,47,85,141,122,138,124,19,67,26,51,25,97,63,132,84,56,143,50,98,115,76,89,100,30,114,144,128,12,55,83,125,59,112,79,9,140,88,32,34,2,127,110,77,136,5,109,116,28,23,42,82,70,29,31,46,137,135,38,75,118,72,3,131,18,58,102,129,147,103,7,33,48,71,66,10,21,99,11,86,78,123,53,81,17,4,106,93,45,60,148,107,16,121,91,61,87,130,74,133,22,52,126,37,69,15,73,20,64,149,35,96,40,94,146,142,90,113,68
43,49,6,57,126,24,119,139,8,134,9,42,1,120,60,104,14,41,27,77,108,44,80,65,39,145,13,92,0,78,54,100,47,85,141,21,96,124,19,67,26,51,25,97,63,132,84,56,143,105,98,115,76,62,45,30,114,144,128,12,55,94,125,59,112,79,111,140,88,32,34,2,127,110,66,136,131,109,116,28,23,89,82,90,29,31,46,137,135,38,75,118,72,3,70,18,58,102,129,36,103,7,33,48,71,95,10,101,99,11,138,122,147,53,83,17,4,106,93,81,117,148,107,16,121,91,61,87,130,74,133,149,52,86,37,69,15,22,20,64,50,35,5,40,73,146,142,123,113,68
43,49,66,57,126,24,21,69,119,121,9,42,1,8,60,104,14,55,27,77,90,19,80,65,39,145,13,92,18,78,111,100,47,85,141,53,96,124,109,67,26,51,74,97,63,132,84,56,143,105,25,115,76,62,48,30,114,144,128,12,6,94,125,59,131,79,139,140,88,32,34,2,127,110,0,136,108,135,116,28,23,73,82,120,29,31,46,137,33,38,75,118,72,3,70,4,58,102,129,36,103,45,113,7,71,95,10,101,99,11,138,122,112,54,83,17,98,106,93,81,117,148,107,16,147,91,61,87,130,44,133,149,52,86,37,5,15,22,20,64,50,35,89,40,41,146,142,123,134,68
43,49,66,57,126,24,21,74,119,25,9,42,1,8,60,104,105,73,18,77,90,19,80,65,39,145,13,92,56,78,111,100,47,85,141,53,96,124,99,102,122,16,76,97,63,132,84,59,143,51,11,115,82,62,48,45,114,144,128,12,6,94,125,118,131,30,139,140,95,32,34,2,127,110,113,136,108,135,116,28,23,70,14,120,29,31,79,137,33,38,109,44,72,3,26,4,58,75,129,36,103,46,133,7,71,27,121,101,55,67,138,69,112,54,83,17,98,106,93,81,117,148,107,0,147,91,61,87,10,88,130,149,52,86,37,5,15,22,20,64,50,35,89,40,41,146,142,123,134,68
43,49,66,149,126,24,21,74,119,70,131,58,57,8,15,104,105,73,18,78,90,19,80,65,39,145,13,92,0,1,25,100,47,94,141,53,96,124,99,102,122,16,76,97,63,132,84,59,143,51,11,115,82,62,48,45,114,144,5,12,6,116,125,118,38,32,139,93,95,120,140,2,127,110,30,136,108,135,113,28,23,60,88,77,29,83,79,137,33,37,109,44,72,3,26,4,14,75,129,36,103,46,133,7,71,27,121,101,55,67,138,69,112,54,123,17,98,106,22,81,117,148,107,111,147,91,61,87,56,128,130,9,52,86,64,85,34,42,20,31,50,35,89,40,41,146,142,10,134,68
43,49,66,149,126,133,21,74,119,70,131,58,57,8,54,104,105,73,18,78,144,19,80,65,93,145,13,92,15,1,25,100,47,94,103,53,96,124,99,102,122,16,82,97,63,132,39,59,143,51,11,115,90,62,48,45,114,52,5,12,17,116,67,37,38,32,22,33,95,120,140,2,127,110,30,68,4,135,50,28,23,60,88,77,29,83,79,137,136,108,109,44,72,36,0,113,14,75,130,26,141,46,139,7,71,27,121,34,55,84,138,69,112,101,123,129,98,106,76,81,117,118,107,111,147,91,61,87,56,128,148,9,6,86,64,85,3,42,20,31,24,35,89,40,41,146,142,10,134,125
78,49,51,149,126,133,21,74,119,70,131,58,8,84,54,104,105,73,61,146,95,18,80,57,93,145,13,92,15,1,25,100,64,144,103,59,96,47,99,102,122,7,82,97,63,132,124,19,16,6,62,115,90,4,48,43,114,52,5,12,17,116,67,37,38,32,22,33,137,120,140,2,127,110,30,68,28,94,50,77,23,60,88,125,29,83,79,66,136,108,109,39,72,36,0,113,14,75,130,26,141,46,139,65,71,27,121,34,55,44,138,69,112,143,123,129,98,106,76,81,117,53,107,111,147,91,45,87,56,128,148,9,101,86,11,85,135,42,20,31,24,35,89,40,41,118,142,10,134,3
78,127,51,149,126,133,65,23,119,70,131,58,8,84,54,104,125,73,61,105,95,18,146,102,93,145,13,108,15,1,25,100,64,144,103,59,96,47,45,142,89,7,82,97,63,21,124,76,16,6,62,115,74,4,48,43,114,52,49,90,132,116,67,37,38,32,22,33,137,120,140,2,80,110,30,68,28,94,27,77,17,60,88,41,29,83,79,66,136,19,109,39,72,36,111,113,14,75,130,26,141,139,99,85,71,134,121,31,55,44,138,69,112,143,123,129,98,106,5,81,117,53,107,50,147,91,34,87,56,128,148,9,101,86,11,92,122,42,20,0,24,35,135,40,46,118,12,10,57,3
78,127,51,149,126,133,65,23,19,70,84,58,8,80,54,104,125,73,61,105,119,18,146,102,27,145,0,41,15,1,25,100,64,144,103,59,91,47,121,142,89,7,82,14,63,21,124,76,16,116,29,115,57,4,48,95,114,52,49,90,96,108,67,37,38,32,22,33,137,120,140,2,34,98,113,132,28,94,74,77,17,60,88,43,66,83,79,13,136,141,109,39,72,36,111,46,110,138,130,26,30,139,99,85,71,134,93,31,55,44,6,69,131,143,123,129,97,106,5,81,117,53,107,50,147,62,112,87,56,128,148,9,101,86,11,92,122,42,20,45,24,35,135,40,68,118,12,10,75,3
78,127,51,149,126,133,65,23,19,70,34,58,8,80,54,104,125,73,129,105,119,18,146,102,27,145,0,41,15,1,25,100,64,144,103,59,91,47,121,142,89,95,82,14,63,43,124,76,16,116,29,115,57,131,96,85,48,84,49,5,147,108,67,37,38,21,22,33,137,120,140,2,32,98,113,132,28,123,74,107,17,60,88,7,66,83,114,13,136,141,109,39,72,36,111,3,110,138,130,26,46,139,99,77,71,31,93,69,55,44,6,30,94,143,79,24,97,117,42,81,4,11,53,50,61,62,112,87,56,128,148,9,101,86,134,92,122,90,20,45,75,35,135,40,68,106,12,10,118,52
78,127,51,149,126,133,77,23,19,144,34,58,8,80,54,104,16,73,117,105,95,18,146,102,107,145,0,41,15,1,25,100,64,112,103,59,91,47,119,142,89,121,82,14,63,43,99,76,129,108,29,115,57,131,27,85,125,84,49,24,53,52,67,37,38,21,22,96,137,120,124,2,88,98,113,87,28,123,74,147,17,60,116,7,66,83,114,13,136,141,109,39,72,36,111,3,110,138,130,26,46,139,134,148,71,31,93,69,55,44,6,65,94,143,79,45,97,132,5,81,4,11,48,50,61,62,140,33,30,128,70,9,101,86,32,92,122,90,20,35,75,56,135,40,68,106,12,10,118,42
78,127,51,129,126,133,77,23,19,144,34,148,8,80,85,102,16,73,117,105,104,95,146,18,36,145,0,41,15,1,25,100,64,76,103,59,91,47,67,142,89,121,82,107,63,43,99,112,42,108,29,149,57,131,106,62,125,116,49,24,53,52,17,37,38,21,22,96,137,120,124,2,88,74,84,87,5,27,123,147,136,60,119,7,66,83,114,13,109,141,113,54,72,50,111,3,110,138,130,26,46,75,58,139,71,31,93,69,55,44,6,65,94,143,79,45,97,132,39,81,4,11,48,28,61,115,140,33,30,128,70,9,101,86,32,92,122,90,20,35,134,56,135,40,68,98,12,10,118,14
78,127,51,129,4,133,2,23,19,144,34,148,8,80,85,102,16,73,117,105,104,95,9,18,140,145,0,31,49,1,25,100,64,113,103,59,91,47,124,142,69,121,82,107,63,43,99,112,42,108,29,149,57,131,106,62,114,116,21,24,53,52,17,37,38,96,22,77,137,86,139,40,15,76,120,126,5,27,123,147,136,60,119,7,66,83,88,65,109,141,41,54,72,50,111,3,143,138,130,26,74,75,58,110,71,32,93,84,55,44,6,125,94,46,79,45,97,132,39,81,13,11,48,28,61,115,20,67,30,128,70,87,101,33,36,92,122,90,146,35,134,56,135,89,68,98,12,10,118,14
78,127,51,33,4,5,2,23,19,144,34,148,88,80,85,102,16,73,117,132,104,72,128,18,140,145,0,31,133,39,25,53,120,15,64,59,75,47,124,142,69,121,82,107,63,100,99,112,42,108,29,149,57,131,106,62,114,66,21,24,116,52,17,37,38,96,22,77,126,87,139,86,105,76,103,20,9,27,123,147,136,60,119,7,26,83,6,65,109,141,41,54,10,50,111,3,143,138,130,95,74,8,58,110,71,32,93,84,55,44,125,137,91,46,79,45,97,40,129,81,13,11,48,28,61,115,94,67,30,43,70,113,101,49,36,92,122,90,146,35,134,56,135,89,68,98,12,1,118,14
78,127,51,39,4,5,2,23,19,43,34,148,88,80,85,102,16,73,117,132,22,72,128,37,140,145,0,107,122,82,25,53,120,95,64,59,75,47,31,142,115,121,6,65,63,100,99,50,42,116,29,149,57,81,112,62,114,66,21,24,98,52,17,124,38,96,123,30,126,87,104,86,105,76,103,20,9,27,131,147,136,15,119,7,108,139,60,18,109,141,26,54,10,144,111,3,143,138,130,8,74,77,58,110,71,32,93,84,55,44,125,137,91,46,79,45,97,40,129,33,13,11,48,28,61,69,94,67,83,41,70,113,101,49,36,92,133,90,146,35,134,56,135,106,68,89,12,1,118,14
78,127,51,39,4,56,2,23,142,43,34,27,88,80,87,102,16,73,5,117,22,72,128,63,140,65,0,107,122,28,25,53,120,95,90,132,75,47,31,38,115,121,6,64,85,100,99,50,42,12,59,149,57,81,92,62,114,66,21,24,98,52,17,124,67,96,123,46,126,112,104,86,105,76,103,20,9,144,131,147,136,15,119,7,82,139,60,18,109,141,26,54,10,129,111,3,143,138,130,8,74,61,58,110,37,32,93,84,55,44,125,137,91,146,79,45,33,40,116,29,13,11,48,36,30,69,94,77,83,41,70,113,101,49,19,145,133,108,71,35,134,97,135,106,68,89,148,1,118,14
78,127,51,39,104,56,2,23,90,83,34,25,88,80,141,102,16,137,5,4,22,72,128,63,140,65,7,107,122,86,123,38,125,106,92,132,75,47,67,85,115,121,6,64,147,100,99,50,42,12,59,149,57,81,28,31,27,66,21,24,98,52,17,124,142,96,94,46,126,112,53,117,105,76,103,20,9,144,131,87,136,15,119,97,82,139,60,18,109,89,26,54,114,129,111,3,143,8,130,73,74,61,58,110,37,32,93,84,55,44,0,62,91,146,79,45,33,40,116,29,13,11,48,36,30,69,43,77,10,41,70,113,101,49,19,145,133,108,71,35,134,120,135,138,68,14,148,1,118,95
78,101,67,39,34,56,2,30,90,94,79,25,88,80,104,102,16,27,5,17,22,72,128,14,140,65,7,107,122,86,123,38,125,106,92,132,75,47,120,85,8,121,6,64,147,100,73,50,42,12,59,149,0,81,28,31,20,66,21,57,98,52,99,124,77,96,142,46,63,112,53,117,119,76,103,91,9,144,131,87,136,15,4,97,82,139,60,18,109,89,26,54,114,129,111,3,143,24,130,118,74,61,58,110,37,32,93,84,55,44,62,115,105,11,23,45,33,40,116,29,13,51,48,36,141,69,43,83,10,41,70,113,137,49,19,145,133,108,127,35,134,126,135,138,68,71,148,1,146,95
24,101,67,95,34,56,112,30,90,94,79,25,88,80,104,48,16,27,5,17,22,72,128,14,140,65,7,107,135,31,123,38,49,106,92,132,75,47,120,21,82,121,6,64,147,100,13,50,42,12,85,149,40,3,28,26,20,66,2,57,98,52,99,124,77,144,142,46,63,35,53,117,119,76,103,125,9,78,131,129,122,15,4,97,136,139,60,18,109,89,143,54,114,39,111,87,8,91,81,118,74,61,58,110,37,32,93,84,55,44,62,115,105,11,134,45,33,145,116,29,96,51,59,36,141,69,43,83,10,41,70,113,137,0,19,130,133,108,127,102,23,126,86,138,68,71,148,1,146,73
24,101,67,95,16,56,112,0,90,94,79,135,88,80,104,48,40,27,5,17,22,131,18,14,140,65,7,107,119,31,123,38,49,106,92,132,75,47,120,21,82,121,6,66,147,100,13,50,42,12,85,149,64,3,28,76,20,96,2,108,86,52,99,1,77,144,45,26,63,35,118,53,146,117,103,125,9,78,141,129,122,15,4,97,98,30,60,34,134,89,139,54,114,39,111,87,8,91,81,109,74,61,58,110,37,32,93,84,55,44,62,115,105,11,124,128,33,145,116,29,143,51,72,36,46,69,43,83,10,41,70,113,137,130,19,136,133,25,127,102,23,126,142,138,68,71,148,59,57,73
24,101,67,95,16,56,112,0,119,94,79,18,109,80,104,48,40,27,5,52,22,131,57,14,140,6,7,107,43,87,123,38,49,106,92,132,75,47,88,58,82,120,37,66,135,134,13,50,42,12,85,149,68,3,28,76,20,96,2,108,86,21,46,78,77,30,45,143,63,35,118,53,146,117,103,125,136,147,141,129,122,15,4,97,98,17,60,34,100,89,144,54,114,39,65,105,8,91,81,9,74,61,26,110,111,32,93,84,55,44,62,115,139,11,124,128,33,145,116,29,99,51,72,36,121,69,1,83,10,41,70,113,137,130,19,90,133,25,64,102,23,126,142,138,31,71,148,59,127,73
24,101,67,95,16,56,112,0,142,94,33,18,109,80,104,48,40,27,42,119,22,131,57,79,140,6,7,107,85,87,123,38,49,106,14,132,113,70,97,58,75,120,111,66,135,47,13,50,68,12,37,32,88,3,28,76,20,96,2,108,86,21,46,78,77,30,45,143,63,35,118,53,146,117,133,125,136,130,52,129,122,82,4,81,98,147,60,34,100,89,144,54,114,39,65,105,8,91,138,9,74,61,26,110,149,115,93,84,55,44,62,17,139,11,124,128,15,145,92,29,99,51,116,36,121,69,43,83,10,41,134,72,137,90,19,5,1,25,64,102,23,126,141,103,31,71,148,59,127,73
2,101,67,95,16,142,112,0,25,125,33,18,94,80,104,35,40,27,42,119,115,131,57,79,140,6,7,107,64,87,123,38,49,106,14,132,113,70,97,58,75,56,111,66,135,139,13,50,68,12,37,32,88,3,28,76,20,96,22,108,86,21,46,34,77,47,45,143,63,15,118,98,146,126,133,1,24,130,52,129,122,117,4,81,102,147,53,30,100,89,144,54,114,39,65,105,8,109,138,9,74,61,26,110,149,136,93,84,128,44,127,17,71,11,124,78,62,145,92,29,99,60,116,36,121,69,43,83,10,41,134,72,51,90,19,5,55,82,137,48,23,85,141,103,31,91,148,59,120,73
2,101,67,95,16,142,112,0,25,18,32,3,94,80,104,35,40,27,42,137,115,131,57,79,140,6,130,107,64,87,22,38,114,106,99,132,113,100,81,55,75,56,111,66,135,139,13,7,68,12,133,50,88,37,28,76,20,96,58,108,86,21,46,34,49,97,45,143,63,15,118,98,146,126,147,1,24,90,52,129,122,117,4,77,102,53,33,69,123,89,144,54,125,39,65,105,8,109,138,9,74,70,30,110,149,136,47,84,128,44,127,17,71,11,124,78,62,61,92,29,119,60,116,36,5,145,43,83,10,14,134,72,51,93,19,26,41,82,121,48,23,85,141,103,31,91,148,59,120,73
2,101,67,95,16,142,135,0,25,18,32,112,94,107,75,4,40,27,42,137,115,131,57,85,17,104,130,35,64,87,71,38,114,106,105,132,141,100,81,55,122,56,111,66,12,139,13,7,68,79,133,50,88,37,28,76,20,96,58,145,86,21,46,34,49,97,45,143,63,15,118,98,146,83,147,1,113,11,52,129,3,39,140,80,102,53,33,69,123,89,144,54,110,127,65,22,8,109,138,9,74,70,30,108,24,136,47,84,128,44,77,149,117,103,124,78,62,61,92,29,119,60,116,36,5,51,43,6,10,14,134,72,125,93,19,26,41,82,121,48,23,99,90,126,31,91,148,59,120,73
2,101,67,95,16,142,10,0,26,107,123,53,102,43,75,4,97,27,42,137,115,141,57,85,17,104,130,35,64,87,71,38,114,106,62,94,140,100,81,55,125,56,111,108,12,139,18,7,68,79,133,112,88,37,28,76,20,96,58,25,86,131,46,34,49,98,14,143,63,15,118,40,146,83,147,1,113,11,52,129,3,39,122,80,9,90,33,69,5,45,144,54,110,127,65,105,8,109,138,66,74,70,30,132,24,136,47,84,128,44,77,149,117,103,124,78,145,61,92,29,119,60,116,36,50,51,21,6,32,23,134,72,13,93,19,135,41,82,121,48,89,99,22,126,31,91,148,59,120,73
79,101,2,95,16,142,10,0,26,107,123,53,102,43,75,138,97,27,42,137,115,83,80,85,17,104,130,35,64,87,71,38,114,31,62,94,140,100,81,55,125,56,111,108,41,139,18,28,68,93,120,32,88,37,12,76,20,96,58,4,86,131,46,34,49,112,13,143,63,15,118,40,146,7,127,1,113,11,52,129,3,39,122,147,9,90,33,69,5,45,144,77,14,67,54,105,8,109,133,66,74,132,30,110,24,136,47,84,128,44,98,149,57,103,124,78,145,25,92,29,119,60,116,61,50,51,21,91,19,23,134,72,141,70,65,135,6,82,121,48,89,99,22,126,117,36,148,59,106,73
79,101,74,117,16,145,10,0,26,107,24,133,96,43,75,138,97,148,42,2,115,83,80,12,17,104,130,35,64,87,71,38,114,31,62,94,140,100,81,55,125,56,111,108,67,139,18,28,68,103,120,32,88,37,127,76,65,142,58,4,86,131,46,34,49,5,13,143,63,15,118,40,146,7,9,1,113,11,52,129,3,39,122,147,137,90,33,112,41,45,93,77,14,72,54,105,8,109,149,66,69,132,30,110,85,95,47,84,135,44,98,102,57,136,124,78,123,27,92,29,119,60,116,61,50,51,21,91,19,128,134,144,141,53,20,23,6,82,121,48,89,99,22,126,25,70,36,59,106,73
56,101,96,117,16,145,73,148,4,107,24,0,10,43,75,138,97,54,42,45,115,83,80,12,17,104,130,35,64,81,71,38,114,48,62,94,140,100,26,55,125,79,111,108,67,139,18,28,87,113,37,32,103,58,127,76,65,31,142,143,7,131,46,34,49,135,13,136,63,15,118,40,146,27,9,1,88,11,52,129,3,39,122,147,137,90,33,112,41,25,93,77,14,72,121,105,8,109,149,66,69,132,30,110,85,86,47,84,95,44,98,102,57,74,124,78,123,20,92,29,119,60,116,61,50,51,21,91,19,128,134,144,141,5,133,23,6,82,68,120,89,99,22,126,2,70,36,59,106,53
56,101,11,117,108,145,73,148,4,107,24,26,10,43,59,138,119,69,42,45,115,83,80,12,17,104,130,35,64,81,71,38,131,48,62,94,140,100,124,113,102,79,111,18,67,139,110,6,54,3,37,32,103,58,127,105,65,31,142,143,7,114,46,34,49,135,13,28,63,15,96,76,146,27,9,1,88,129,52,136,87,75,122,147,137,90,33,112,41,25,93,77,14,72,121,30,8,109,149,66,125,132,47,0,85,86,97,84,95,44,98,118,57,74,40,78,123,20,92,29,55,36,116,61,50,51,21,91,19,128,134,144,141,5,16,23,60,82,68,120,133,99,22,126,2,70,39,89,106,53
12,101,11,117,108,145,73,148,4,120,24,74,10,93,60,138,119,69,42,126,115,83,80,100,56,104,130,35,64,40,45,38,131,48,62,107,71,1,124,81,102,79,111,18,67,137,110,6,54,3,59,32,103,58,99,105,65,31,142,143,7,114,46,34,49,135,13,28,63,15,57,76,146,113,9,147,88,129,52,136,87,75,17,26,29,90,33,112,41,97,94,77,14,72,121,30,8,109,149,66,53,132,47,0,85,96,5,84,95,44,98,118,37,125,140,78,123,20,92,25,55,36,116,61,50,51,21,91,19,128,134,144,141,86,16,23,43,82,68,27,133,139,22,127,2,70,39,89,106,122
116,101,11,117,107,145,73,148,4,120,46,77,10,93,60,138,119,69,42,5,43,106,80,100,56,19,39,35,64,40,45,38,48,108,62,87,71,1,124,81,102,79,103,18,67,136,110,6,54,3,59,32,74,58,99,105,20,31,142,96,7,114,9,34,49,135,13,28,63,15,57,76,146,83,131,147,104,129,143,52,140,75,17,26,29,90,33,112,126,97,94,130,14,72,121,30,8,109,149,66,53,132,47,0,85,12,113,65,95,115,98,118,37,125,92,78,123,41,137,25,55,36,84,61,50,51,21,91,24,128,134,144,141,86,16,23,88,82,68,27,133,139,22,127,2,70,44,89,111,122
116,101,11,117,107,110,73,148,4,120,88,77,10,93,60,108,140,69,42,36,43,106,80,100,56,19,39,109,64,40,45,38,48,112,62,87,71,81,124,115,102,123,103,2,67,136,63,6,54,3,59,32,74,58,99,105,20,31,142,96,7,114,9,34,49,90,5,28,126,15,57,79,146,83,131,111,144,129,143,52,97,75,17,26,29,145,33,66,138,95,94,130,14,72,121,30,8,135,149,132,53,21,47,91,85,12,113,65,119,1,98,118,37,125,92,78,22,41,137,25,55,13,84,61,50,51,46,76,24,128,134,0,141,86,16,23,18,82,68,27,133,139,35,127,147,70,44,89,104,122
116,101,11,117,107,78,73,148,12,120,57,77,10,93,60,31,140,69,42,131,43,128,80,88,56,81,39,109,64,40,45,38,48,112,62,0,71,7,124,115,99,123,103,2,67,136,63,6,54,61,59,32,74,58,104,105,26,100,142,96,110,114,9,34,20,90,5,28,126,15,75,108,146,83,127,111,144,129,143,52,97,98,17,36,29,145,3,66,138,95,94,130,14,72,121,30,8,135,149,132,53,21,47,91,85,49,113,65,106,119,79,118,37,125,92,1,22,41,137,25,4,13,44,24,50,51,46,76,87,33,134,16,141,86,84,23,18,82,68,27,133,139,35,19,147,70,102,89,55,122
69,101,11,117,107,78,73,148,12,120,57,77,10,93,60,31,140,141,42,131,43,128,81,88,53,41,39,18,64,25,45,29,102,112,40,0,62,7,124,115,49,123,103,2,67,136,63,6,144,61,59,32,74,58,104,105,26,22,142,80,110,114,83,34,20,90,5,100,126,15,75,99,146,56,127,111,108,95,143,96,54,98,17,36,48,145,3,66,138,79,94,130,14,72,121,30,8,135,149,132,13,21,47,91,85,87,113,65,106,119,109,118,37,125,92,1,129,52,137,68,4,116,44,24,50,51,46,28,97,33,134,16,9,86,84,23,71,82,38,27,133,139,35,19,147,70,76,89,55,122
69,101,5,117,107,78,73,148,92,110,57,77,10,93,60,31,140,48,63,11,43,128,81,88,53,41,39,8,64,25,45,29,102,55,40,0,9,7,124,115,1,76,103,2,67,119,126,6,141,61,59,32,74,58,104,105,26,113,142,80,108,114,83,34,149,90,18,100,44,62,75,99,146,56,127,111,49,95,143,96,54,98,17,36,22,145,130,66,138,79,94,87,14,72,121,30,15,135,20,132,13,21,47,91,85,37,33,65,106,12,109,118,120,125,131,139,129,52,137,68,4,116,3,24,50,51,46,28,97,144,134,16,136,86,84,23,71,82,38,27,133,123,35,19,147,70,42,89,112,122
69,58,5,117,107,141,73,148,92,44,57,77,10,93,80,31,39,61,63,11,82,128,81,88,53,41,20,90,64,25,45,29,102,55,40,0,9,7,124,109,1,76,103,2,67,119,126,6,72,43,59,32,74,115,60,105,26,113,142,68,108,114,22,139,42,104,18,101,78,62,75,99,146,56,127,111,49,95,143,96,34,98,17,36,33,145,129,66,138,79,8,87,14,110,121,94,15,135,23,132,13,21,47,91,85,37,140,65,106,12,130,137,120,125,131,30,48,52,149,118,4,116,3,24,50,51,46,28,97,144,134,16,136,86,84,100,71,54,38,27,133,123,35,19,147,70,83,89,112,122
69,108,2,117,107,141,73,148,92,44,57,77,48,93,80,31,39,61,63,11,82,128,50,96,53,41,20,90,40,25,45,29,102,55,37,0,119,7,124,16,1,43,103,138,67,8,126,6,72,10,59,32,35,14,60,105,84,113,142,68,19,114,22,139,42,104,18,101,109,75,76,99,125,56,127,111,49,95,143,62,34,81,17,36,33,145,129,66,78,79,74,87,64,26,121,94,15,135,23,132,13,21,47,91,85,110,140,65,106,12,98,137,120,70,131,30,88,52,149,118,4,116,3,24,38,51,46,28,97,144,134,5,136,86,9,100,71,54,115,27,133,123,58,130,147,146,83,89,112,122
69,108,57,138,107,141,73,148,92,44,97,77,48,83,80,31,111,61,63,11,82,128,50,96,53,41,20,90,36,25,45,29,102,55,37,0,49,7,123,16,147,43,47,13,67,75,126,6,72,10,40,66,35,14,60,105,84,113,142,68,132,114,22,139,42,104,18,101,109,119,76,99,125,56,127,8,4,95,143,62,39,81,17,19,33,145,129,5,78,79,74,87,64,26,121,94,15,135,54,124,93,21,137,91,23,110,140,65,106,12,98,34,120,70,131,30,88,52,103,118,133,116,3,24,32,51,38,28,1,144,134,46,136,86,9,100,71,59,115,27,117,149,58,130,85,146,2,89,112,122
69,108,57,138,123,27,73,26,92,44,97,77,48,83,80,71,111,120,63,11,82,128,50,20,36,41,6,90,31,39,148,29,102,55,37,0,49,81,118,16,147,43,47,13,67,75,132,25,72,10,40,141,35,45,60,105,84,70,142,68,7,114,22,53,42,104,18,101,137,119,76,99,125,56,127,8,4,95,143,62,109,121,61,19,33,145,129,5,78,79,74,87,85,113,126,94,15,135,54,124,93,21,38,91,23,139,140,65,106,12,98,34,17,66,131,30,88,52,103,107,133,116,3,24,32,51,96,28,1,144,134,46,110,86,9,100,115,59,64,14,117,149,58,130,136,146,2,89,112,122
12,108,58,8,123,27,73,26,92,44,4,77,48,83,80,71,111,120,63,10,82,128,50,129,36,41,138,90,31,39,148,29,102,55,37,6,49,81,118,89,147,43,47,13,67,75,132,25,72,119,40,141,35,33,60,105,0,22,142,46,7,114,23,53,42,104,18,101,137,69,76,99,125,56,84,1,135,136,143,62,109,121,61,19,112,145,45,5,140,79,74,87,11,113,126,94,15,95,54,124,93,21,38,57,91,139,20,65,106,78,98,34,17,66,131,30,88,52,103,107,133,116,3,24,85,51,96,28,32,144,97,16,110,127,9,100,115,59,64,14,117,149,86,130,134,146,2,70,68,122
12,99,106,8,123,140,73,26,92,117,4,77,48,83,80,71,93,120,63,10,27,128,50,129,36,0,42,90,31,82,148,47,41,55,37,6,49,81,118,89,147,43,67,13,125,75,132,25,72,119,40,141,35,33,60,105,18,22,142,46,7,114,23,53,111,104,78,101,137,69,76,19,24,56,84,1,135,136,143,62,109,121,61,94,138,145,45,5,44,79,74,87,11,113,126,39,15,124,54,68,58,21,38,57,91,108,20,65,131,9,98,34,17,66,103,30,116,52,112,107,133,29,3,149,85,51,96,28,32,144,97,16,110,127,102,100,115,59,64,14,70,139,86,130,134,146,2,88,95,122
12,99,106,8,123,140,73,126,52,117,4,77,48,83,80,71,93,120,63,10,27,128,50,129,36,0,42,90,31,82,148,47,41,134,86,6,49,81,17,89,147,43,115,13,125,75,132,102,72,119,40,57,35,33,60,105,18,22,26,46,7,114,131,111,56,61,78,101,100,37,76,19,24,84,85,98,135,136,143,62,109,121,130,94,138,145,66,5,44,79,74,87,11,113,69,39,15,124,54,68,58,21,38,25,91,23,20,65,118,9,67,34,142,104,103,30,144,53,112,107,133,29,3,149,137,51,96,28,32,116,97,16,110,127,45,141,1,59,92,14,70,139,64,108,55,146,2,88,95,122
12,99,106,8,123,140,117,126,52,131,72,46,48,83,80,71,93,43,136,10,27,94,50,129,36,0,42,90,31,82,148,47,41,134,86,145,4,81,17,89,147,77,40,65,125,49,132,102,144,119,109,6,59,33,60,105,18,22,26,45,7,114,104,111,56,61,78,101,143,37,76,19,24,84,85,98,135,92,120,62,13,121,130,55,138,115,141,5,44,79,74,87,11,113,69,39,15,124,54,68,58,21,38,25,91,23,20,75,118,66,67,34,142,128,103,35,63,100,112,107,133,29,3,149,137,51,96,28,57,116,97,16,110,127,9,53,1,32,30,14,70,139,64,108,73,146,2,88,95,122
12,45,66,8,123,25,117,126,52,131,72,85,24,83,80,71,93,77,136,10,27,94,50,6,36,120,42,90,91,82,148,47,41,134,86,17,105,81,48,113,147,53,40,38,125,49,132,102,144,119,109,43,59,33,60,31,18,22,26,46,7,114,104,111,56,61,78,101,143,37,76,19,39,84,89,98,135,92,65,62,13,121,3,55,138,115,141,5,44,79,74,87,11,67,69,106,15,124,54,68,58,21,70,145,110,23,20,75,118,130,133,97,142,128,103,35,63,100,140,107,129,29,4,149,137,51,96,28,57,116,34,16,88,127,9,99,1,32,30,14,0,139,64,108,73,146,2,112,95,122
149,45,66,8,123,25,117,126,52,70,72,85,24,83,80,71,98,77,136,10,36,94,50,6,27,113,42,90,91,82,148,47,41,134,86,17,105,81,48,101,147,53,40,67,125,49,122,102,144,119,109,19,59,33,60,31,124,22,26,46,7,114,141,111,93,61,78,75,143,37,62,89,39,84,103,69,135,92,65,43,13,121,3,55,138,115,131,5,110,79,74,87,11,15,63,106,12,76,54,68,58,108,88,145,18,23,20,118,130,21,133,97,142,128,38,35,132,100,140,107,129,29,4,104,137,51,96,28,57,56,34,16,116,127,9,99,1,32,30,14,0,139,64,44,73,146,2,112,95,120
149,45,19,32,123,25,117,95,52,79,72,85,24,22,80,71,98,77,64,66,36,118,50,6,59,113,35,94,91,82,148,47,41,134,86,43,105,81,70,101,147,53,40,67,125,49,122,102,144,119,109,126,5,90,60,68,124,31,26,46,7,114,141,48,93,61,78,108,143,37,62,89,39,84,103,69,135,92,65,27,13,121,3,55,138,115,131,83,110,56,74,87,11,15,63,130,12,76,58,54,8,17,88,145,33,23,20,129,111,21,133,75,142,128,38,106,132,100,140,107,136,29,4,104,137,51,96,28,57,10,34,16,116,127,9,99,1,18,30,14,0,139,42,44,73,146,2,112,97,120
149,45,19,32,123,25,103,95,117,98,72,85,24,22,80,81,144,77,64,66,36,118,50,48,59,113,35,71,91,84,148,47,102,134,86,87,105,83,70,101,147,37,40,67,61,49,122,53,125,82,109,126,5,90,60,68,124,31,26,46,7,79,141,88,93,41,78,108,143,76,62,89,39,142,138,137,135,92,65,27,13,121,3,55,8,114,131,115,110,56,74,52,11,15,63,130,12,17,58,54,94,10,21,145,33,23,20,129,43,69,133,75,111,128,38,106,132,100,140,107,136,29,4,104,6,51,96,28,57,30,34,16,116,127,9,99,1,18,120,14,0,139,42,44,73,146,2,112,97,119
149,45,101,32,123,25,95,96,117,148,72,85,24,22,82,81,144,60,130,66,36,118,50,48,59,113,35,71,91,84,147,47,102,134,86,119,105,0,70,34,16,37,40,67,61,7,122,53,125,87,109,126,5,98,107,68,124,31,26,46,13,79,141,88,93,137,78,108,143,76,62,64,39,74,138,38,135,92,65,27,49,121,3,55,8,114,131,115,110,56,58,52,11,15,63,77,12,17,80,33,94,10,21,145,142,23,20,129,43,69,133,75,111,128,127,106,132,100,140,139,136,29,4,104,6,51,41,28,57,30,44,83,116,90,9,99,1,18,54,14,89,120,42,103,73,146,2,112,97,19
5,45,120,32,123,25,95,96,9,148,72,85,10,22,82,66,144,60,74,42,36,118,50,48,30,113,35,106,119,84,147,47,102,134,99,86,105,0,70,62,16,37,40,149,61,15,122,34,125,87,109,126,83,98,107,68,124,31,53,46,13,79,141,88,93,137,78,108,143,65,91,64,39,71,138,38,135,92,146,27,49,121,3,55,8,114,101,115,110,56,58,52,11,26,20,77,12,17,80,33,94,63,81,145,142,23,54,129,43,69,133,75,111,128,127,21,132,100,140,139,136,29,4,117,6,51,41,28,57,130,44,76,116,90,24,59,1,18,131,14,89,104,67,103,73,7,2,112,97,19
5,45,120,1,148,40,95,96,9,80,114,85,10,22,82,32,144,67,74,137,36,118,50,48,30,113,35,60,119,84,147,47,72,134,78,86,105,0,64,62,16,37,123,149,61,15,102,34,125,87,109,126,83,98,107,68,124,31,53,46,13,79,141,88,99,106,110,108,143,65,91,112,39,71,18,38,2,92,135,27,49,121,3,28,8,89,101,115,131,56,58,93,11,26,42,77,12,17,52,33,94,63,66,145,142,23,54,129,43,69,133,75,111,128,127,21,132,100,140,14,136,29,4,117,6,51,41,146,57,130,44,76,116,90,24,59,139,122,138,70,25,104,55,103,73,7,20,81,97,19
5,33,120,1,148,40,95,96,9,80,38,85,10,91,37,32,144,67,74,137,98,118,50,17,139,113,13,60,119,84,147,47,72,134,78,86,143,0,64,62,16,36,123,31,89,15,102,34,125,87,69,126,83,70,107,68,30,22,53,46,109,79,141,88,99,106,110,108,11,65,149,142,39,71,18,8,2,92,135,27,49,112,105,28,61,121,101,115,131,56,58,93,124,26,42,77,12,55,52,117,94,63,48,145,136,23,54,129,43,116,133,75,111,128,127,21,132,100,140,14,114,29,4,76,6,51,41,146,57,130,44,45,82,90,24,59,3,122,138,66,25,104,35,103,73,7,20,81,97,19
127,5,120,1,148,40,95,96,126,65,38,23,10,91,37,32,144,67,74,137,98,118,145,17,139,113,94,60,84,116,85,47,72,134,36,86,147,0,30,9,16,77,123,31,33,15,70,34,19,87,69,78,83,80,107,68,99,22,53,46,109,79,141,88,132,106,110,108,11,89,149,142,39,71,18,8,2,125,135,27,49,112,105,28,61,121,140,115,131,56,58,13,21,26,42,62,12,55,52,117,93,63,48,101,136,143,54,129,43,92,133,75,111,128,64,50,130,100,119,14,114,29,4,76,6,51,41,146,57,124,44,45,82,90,24,59,3,122,138,66,25,104,35,103,73,7,20,81,97,102
127,5,125,48,148,40,65,96,119,60,38,23,10,122,37,32,30,69,74,141,98,118,145,17,139,57,94,64,84,116,85,100,72,134,36,86,147,75,73,47,16,77,123,31,33,15,120,34,19,87,4,78,83,80,107,68,99,22,53,46,109,79,71,143,132,106,110,28,11,89,149,142,39,135,18,8,2,76,88,27,144,112,105,70,61,121,140,115,131,56,58,13,21,26,0,62,12,55,52,117,93,63,113,101,136,42,54,129,43,92,133,91,111,128,95,50,130,137,67,14,114,29,9,1,6,51,41,146,49,124,44,45,82,90,24,59,3,126,138,66,25,104,108,103,35,7,20,81,97,102
72,129,22,48,90,40,38,96,119,60,34,23,10,122,37,32,30,69,74,141,98,61,15,17,139,57,94,64,95,116,85,31,148,134,36,86,127,75,73,47,16,77,123,84,46,147,120,145,19,87,4,78,83,80,107,68,99,105,53,43,109,79,71,100,132,106,110,28,11,89,39,142,103,5,18,8,2,76,88,143,144,118,111,70,29,121,140,115,131,56,58,13,21,26,0,62,12,55,52,117,93,33,113,101,136,42,7,54,125,92,133,91,45,128,149,50,130,137,67,14,114,82,9,1,6,51,41,146,49,124,44,135,65,27,24,59,3,126,138,66,25,104,108,63,35,112,20,81,97,102
54,129,63,48,141,40,38,96,119,50,34,23,10,122,76,21,30,69,121,37,98,61,15,17,139,57,88,64,95,116,85,31,110,134,36,109,66,75,73,47,16,13,123,84,46,58,120,145,19,87,4,78,32,80,107,68,99,105,53,43,149,79,71,100,132,106,60,28,11,89,39,142,59,148,18,8,2,5,127,143,144,118,111,70,29,82,140,115,131,56,14,103,94,26,0,62,74,55,52,117,12,147,113,101,136,42,7,86,125,92,133,91,45,128,130,90,22,137,67,93,114,33,9,1,6,51,41,146,49,124,44,135,65,27,24,138,3,126,83,77,25,104,108,72,35,112,20,81,97,102
54,97,63,48,141,9,38,24,119,34,108,23,10,122,76,21,50,69,121,37,6,61,64,17,139,57,88,98,95,96,85,31,22,134,14,109,66,75,71,47,16,13,123,84,46,58,120,145,19,87,143,78,32,40,107,68,99,126,53,43,149,79,27,100,132,112,60,28,11,80,39,106,59,148,18,8,2,5,116,127,144,118,111,70,29,82,140,104,131,56,90,103,94,26,0,62,74,55,52,117,12,147,113,101,136,42,7,86,125,92,129,91,45,128,130,77,133,137,67,93,114,33,115,1,89,51,41,146,49,124,44,135,65,36,4,138,15,3,83,105,25,110,73,72,35,142,20,81,30,102
80,97,63,48,141,9,38,24,119,34,108,23,10,122,76,21,50,14,121,37,6,61,91,17,139,57,88,98,95,96,85,31,123,134,22,109,66,75,71,47,16,13,74,84,46,58,120,147,0,87,29,78,32,137,107,68,99,126,53,43,149,79,27,44,132,112,60,28,54,40,39,106,124,148,18,8,3,5,116,127,33,64,111,70,138,82,140,104,114,83,90,103,94,26,65,62,45,55,52,117,12,145,113,101,136,42,7,86,125,92,129,56,118,51,59,77,133,128,67,93,143,2,115,1,89,144,41,146,49,30,130,135,11,36,4,19,15,69,100,105,25,110,73,72,35,142,20,81,131,102
80,97,63,48,141,9,38,24,119,34,108,23,10,16,106,21,50,14,139,37,6,137,91,17,72,78,88,98,95,96,31,143,123,134,22,109,66,75,71,1,146,13,61,84,46,58,120,147,0,87,29,27,32,51,107,68,99,126,53,43,149,47,122,44,132,112,60,28,54,40,39,76,124,148,18,128,85,5,116,89,33,64,111,70,138,82,140,131,36,121,90,74,94,26,65,41,45,55,52,117,12,145,113,101,136,42,7,86,125,92,129,56,118,3,59,77,144,100,67,93,104,2,115,8,20,114,83,57,49,30,130,135,11,103,4,19,15,69,62,105,25,110,73,79,35,142,127,81,133,102
80,97,62,48,79,9,38,24,103,34,114,23,10,16,125,21,106,14,139,37,6,137,91,17,72,77,88,98,12,96,31,143,123,134,73,94,66,75,71,1,146,13,61,84,46,58,120,147,119,87,29,127,32,51,107,68,99,126,53,43,81,47,122,44,26,112,60,28,54,40,108,76,39,148,18,128,85,5,116,89,33,64,50,70,141,82,140,138,36,121,90,74,105,63,101,41,45,55,52,22,35,131,113,117,136,42,7,86,0,92,129,56,118,3,59,65,144,100,67,93,104,124,115,8,20,95,83,57,49,30,130,135,11,78,4,19,15,69,111,132,25,110,109,27,149,142,2,145,133,102
80,97,86,82,79,7,38,24,103,34,114,23,10,16,125,21,121,14,139,33,6,137,91,17,72,77,88,89,12,96,31,143,123,134,73,94,66,75,71,126,146,141,61,84,49,58,46,22,119,63,48,127,32,51,1,68,99,132,53,43,81,47,122,67,26,112,60,28,54,40,108,76,39,148,18,128,85,133,120,147,5,64,50,70,9,13,140,138,36,8,90,74,105,113,101,41,62,55,52,45,35,131,37,117,136,42,116,29,0,92,106,56,118,3,59,65,144,98,102,93,104,124,115,107,44,95,83,57,20,30,130,135,11,78,4,19,15,69,111,129,25,110,109,27,149,142,2,145,100,87
121,97,86,82,79,7,38,20,103,34,114,98,10,16,125,21,108,14,83,33,44,40,91,17,72,77,88,89,12,126,31,143,123,134,80,94,66,75,71,24,104,141,61,84,49,58,46,22,119,62,127,23,27,51,1,68,99,132,53,144,81,47,73,67,26,112,60,28,54,8,48,76,39,148,102,128,85,93,120,147,5,64,50,70,9,13,140,138,36,63,90,74,105,113,101,41,42,55,137,45,56,131,37,117,136,18,116,29,0,92,106,96,122,3,59,65,32,35,52,139,43,124,115,107,133,95,118,57,6,30,146,135,11,78,4,19,15,69,111,129,25,110,109,130,149,142,2,145,100,87
121,142,86,82,79,48,38,59,103,34,114,98,53,16,125,21,108,14,83,33,44,40,65,17,72,77,4,89,12,126,31,22,123,134,80,94,66,75,71,24,104,87,61,84,49,58,46,10,119,62,127,23,27,51,1,68,99,132,140,107,81,3,144,67,26,76,20,28,54,8,47,60,143,148,102,128,85,93,120,147,5,64,50,70,7,69,2,138,36,63,90,74,105,113,101,97,42,55,137,45,56,131,37,88,136,13,116,29,149,92,106,96,122,0,9,117,32,6,52,139,43,124,115,19,133,95,118,57,141,30,146,135,11,78,41,35,15,91,111,129,25,110,109,130,18,112,73,145,100,39
102,145,108,82,20,48,38,74,103,119,114,98,96,16,122,21,115,144,83,33,44,40,65,11,72,77,4,86,12,126,41,22,123,134,80,34,66,75,142,31,104,87,61,84,49,58,46,10,81,62,127,23,27,51,1,68,99,132,140,107,59,3,14,67,26,71,54,28,121,8,47,60,17,148,138,128,85,93,120,147,5,64,50,70,7,69,2,125,36,91,90,105,76,113,101,97,42,55,137,45,56,131,37,88,136,13,116,29,149,92,106,0,53,94,9,117,32,6,52,143,79,124,24,19,133,95,118,57,141,30,146,135,139,78,89,35,15,63,111,129,25,110,109,130,18,112,73,43,100,39
47,145,108,82,20,48,38,74,103,22,46,24,96,16,122,21,130,144,83,2,44,40,65,42,72,77,4,86,12,126,41,118,123,61,120,34,66,75,142,31,104,87,134,93,88,58,143,10,81,62,127,23,27,51,98,68,99,132,140,107,59,3,14,67,26,71,1,28,121,8,56,60,17,148,138,128,85,49,80,54,5,64,50,19,7,114,39,115,119,91,90,105,76,113,101,97,69,55,137,45,92,131,37,70,136,13,116,29,149,89,106,0,53,94,9,117,32,6,52,125,147,124,36,95,133,33,79,57,141,30,146,135,139,78,102,35,15,63,111,129,25,110,109,11,18,112,73,43,100,84
47,145,114,28,20,86,38,7,103,22,21,24,96,16,135,67,130,144,90,2,44,40,65,42,72,77,4,59,12,126,48,118,123,61,54,36,66,75,142,31,104,87,134,93,88,83,143,10,81,62,68,23,27,51,98,100,99,132,140,107,119,3,14,108,26,71,1,82,121,8,56,60,17,148,138,128,85,49,80,41,5,64,50,19,95,58,39,115,74,129,105,34,113,84,101,46,69,55,137,45,92,131,37,70,136,13,116,29,149,89,106,0,53,127,9,117,32,6,52,125,147,124,91,110,133,33,79,57,141,30,146,63,139,78,102,35,15,122,111,76,94,25,109,11,18,112,73,43,97,120
115,145,114,28,20,86,38,7,103,22,21,91,96,143,135,67,47,142,90,2,44,40,65,42,72,77,4,59,12,24,48,31,123,61,3,54,66,75,36,139,104,87,134,93,88,83,130,10,81,41,105,23,27,51,98,100,99,132,122,107,119,53,14,108,26,71,1,82,62,8,56,60,17,148,138,128,85,49,80,112,5,68,50,19,95,58,126,64,74,129,13,34,55,84,101,46,69,121,137,18,39,131,37,70,136,111,116,29,149,78,106,0,45,127,9,117,32,6,52,125,147,124,144,110,133,33,79,57,141,30,146,63,118,140,102,35,15,16,89,76,94,25,109,113,120,11,73,43,97,92
115,145,27,28,78,86,38,7,65,22,57,91,96,143,135,31,47,142,90,2,44,40,10,42,68,84,4,59,12,24,48,77,123,100,3,54,66,75,36,61,104,87,134,93,88,83,130,80,81,41,105,23,20,51,98,114,99,132,141,107,119,139,63,103,26,127,1,82,62,8,56,60,17,148,138,128,85,49,35,112,5,122,50,19,95,58,126,64,14,129,13,34,55,102,101,46,74,11,137,18,39,131,37,70,136,116,71,29,149,111,106,0,45,72,9,117,32,6,121,125,53,124,144,110,133,33,79,67,52,30,146,147,118,140,108,69,15,16,89,76,94,21,109,113,120,25,73,43,97,92
115,145,27,28,80,72,100,7,65,22,8,91,96,143,135,31,41,142,90,2,58,129,10,42,139,84,4,59,12,24,48,104,123,94,3,54,66,75,36,61,149,87,134,93,88,83,130,105,81,125,40,68,20,86,51,55,99,132,141,107,119,122,63,103,26,127,1,108,62,78,56,18,17,148,138,128,85,49,35,112,5,14,50,19,44,126,95,64,25,57,13,34,23,102,101,46,74,11,137,38,39,131,37,70,136,116,71,29,98,111,106,114,45,77,9,117,32,6,121,0,53,124,144,110,133,33,79,67,52,30,146,147,118,140,47,69,15,16,89,76,97,21,109,113,120,60,73,43,82,92
45,145,44,28,80,72,7,132,65,22,8,91,144,143,135,31,133,142,90,2,58,63,10,42,139,16,4,59,12,24,48,104,123,94,3,54,46,75,36,61,66,87,134,93,88,83,130,105,81,125,40,68,20,86,51,55,99,39,141,107,119,122,15,103,41,127,120,108,62,78,56,18,147,148,138,128,85,49,35,112,5,14,50,100,26,129,95,38,25,57,13,17,23,102,101,149,74,11,19,137,97,131,70,33,136,116,71,29,98,111,106,114,47,77,9,117,32,6,121,0,53,124,126,110,34,109,79,67,52,30,146,96,118,140,82,69,1,84,89,76,115,21,64,113,27,60,73,43,37,92
45,145,44,28,80,72,7,132,65,22,8,91,144,143,10,31,133,142,90,70,5,63,3,42,139,41,43,59,12,24,48,104,123,112,69,14,46,75,36,61,66,87,134,93,88,83,130,105,81,125,103,68,20,86,51,55,99,39,141,107,119,122,15,85,131,82,120,108,149,78,56,18,147,148,37,128,124,96,35,49,54,62,50,100,26,4,95,38,25,57,13,17,71,102,101,40,74,11,19,137,97,16,117,33,136,116,77,29,98,111,106,110,47,129,9,23,32,6,121,0,53,135,126,113,34,109,79,67,52,30,146,89,118,140,138,2,1,84,94,76,115,21,64,114,27,60,73,127,58,92
45,145,44,28,144,72,7,82,65,64,8,91,51,92,10,31,22,142,90,62,5,63,3,37,139,41,43,59,12,24,48,104,123,112,69,14,46,75,131,61,66,134,42,70,88,83,130,105,81,125,23,126,20,86,80,55,99,39,141,107,119,122,15,85,146,133,120,93,149,78,56,18,147,148,17,128,124,96,36,49,54,143,50,100,26,4,95,38,102,57,13,103,71,115,25,108,74,11,19,101,97,34,117,33,136,116,77,29,98,111,106,110,16,129,9,40,32,6,121,137,53,135,47,113,87,109,79,67,52,30,132,68,118,140,138,2,1,84,94,76,89,21,0,114,27,60,73,127,58,35
45,145,44,28,111,72,7,82,88,30,137,91,77,92,10,31,22,142,90,62,73,63,3,37,139,122,43,59,12,138,48,104,123,112,69,81,128,75,131,8,66,134,42,70,51,83,143,21,26,125,23,126,110,86,80,55,99,39,141,103,119,105,15,85,146,133,120,93,149,78,13,18,147,148,17,20,124,96,36,49,54,113,50,100,65,56,95,38,102,57,52,130,71,115,25,108,74,11,19,101,97,34,117,33,136,116,4,29,98,47,106,5,16,129,9,40,32,6,121,35,53,135,64,41,87,109,79,67,144,58,132,68,118,140,61,2,1,84,94,76,89,14,0,114,27,60,46,127,24,107
44,145,138,28,111,72,7,82,88,30,137,91,77,92,10,31,22,142,90,62,73,74,3,132,139,122,43,59,12,63,48,104,123,112,23,134,110,75,131,8,68,127,42,121,51,83,69,21,26,125,66,126,1,86,80,19,15,39,141,103,119,105,143,85,55,133,120,93,149,78,13,18,147,148,17,20,124,96,45,49,54,113,50,100,65,0,81,38,102,57,52,95,71,115,79,108,144,11,6,101,97,34,117,33,136,116,4,29,98,47,106,5,130,99,9,40,32,16,128,35,53,135,64,41,87,109,129,70,36,58,146,56,118,140,61,2,67,84,94,76,89,14,114,37,27,60,46,25,24,107
44,145,138,28,45,72,7,82,88,38,137,91,77,92,10,31,22,142,90,62,20,107,112,134,139,122,43,59,12,63,3,104,123,89,23,132,110,75,141,8,68,127,42,121,51,83,39,41,26,125,66,126,25,21,80,19,15,147,70,103,119,105,143,85,55,133,120,93,149,78,1,18,111,148,33,13,124,96,146,49,54,60,86,100,65,0,81,29,56,57,52,95,71,115,79,108,144,11,6,101,97,34,117,50,136,116,2,73,98,47,106,5,130,99,9,40,32,16,128,35,53,135,64,4,87,109,129,17,36,58,48,69,118,140,61,30,67,84,94,76,131,14,114,37,27,74,113,46,24,102
44,145,138,28,45,72,7,82,88,38,135,2,77,92,125,31,22,142,90,62,20,21,57,134,139,66,43,59,12,123,3,104,84,89,23,132,110,75,141,115,91,127,112,121,51,83,39,41,143,137,136,126,25,144,80,19,5,147,10,103,119,105,128,85,55,133,120,93,107,78,1,18,111,148,33,13,124,96,146,49,54,60,86,63,65,0,81,29,56,15,52,95,71,122,79,8,68,11,6,101,97,34,117,50,26,116,129,73,98,70,106,46,130,99,9,24,32,16,149,35,53,47,64,4,87,109,108,17,36,58,48,69,118,40,61,30,67,37,94,76,131,14,114,27,42,74,113,140,100,102
44,145,138,28,60,72,93,82,88,139,135,2,50,92,125,31,52,142,90,7,20,21,68,134,108,66,43,59,12,123,3,104,84,89,23,69,129,75,141,115,91,127,112,121,51,83,117,41,143,137,136,126,25,144,80,19,5,147,10,103,33,105,128,85,110,133,120,109,107,78,1,18,111,148,149,13,124,96,54,49,22,38,86,63,65,0,77,29,56,15,40,95,71,122,79,8,32,11,6,101,97,34,81,119,26,116,17,73,98,70,146,46,130,35,9,24,45,16,55,67,53,47,64,4,99,57,62,27,36,58,48,106,118,132,61,30,87,37,94,76,131,14,39,114,42,74,113,140,100,102
44,145,138,28,60,72,93,86,88,139,48,2,50,92,85,31,42,142,90,7,82,21,68,134,129,66,120,123,12,40,3,104,84,89,136,69,125,75,95,115,91,141,112,121,51,83,23,33,143,137,70,41,25,4,80,19,5,147,10,105,117,116,135,101,110,133,63,109,107,78,1,18,111,126,149,13,124,96,54,49,22,38,11,46,65,0,77,29,103,15,56,108,71,122,79,8,32,144,6,52,97,34,81,119,26,59,17,73,98,148,146,20,130,35,9,24,45,16,55,67,53,47,64,127,99,57,62,27,36,58,128,106,118,132,61,30,87,37,94,76,131,14,39,114,43,74,113,140,100,102
44,49,82,68,60,72,93,86,88,99,48,2,50,92,116,31,42,142,90,7,69,91,21,134,129,66,120,28,12,40,3,104,84,51,136,26,125,75,95,39,139,141,112,121,144,83,23,33,25,137,70,41,18,4,80,19,5,147,10,105,117,133,135,101,77,59,63,109,107,78,1,138,71,126,118,13,124,52,145,9,22,38,11,46,65,0,110,29,103,15,56,108,96,122,79,8,32,111,6,85,97,34,81,119,149,143,17,73,98,148,146,20,54,35,127,24,45,16,55,67,89,47,64,115,53,57,62,27,36,58,128,106,123,132,61,30,87,37,94,76,131,14,130,114,43,74,113,140,100,102
44,77,82,3,31,72,93,86,88,99,48,2,50,92,116,105,42,70,90,7,69,142,21,134,129,66,120,28,12,122,16,104,68,49,136,26,125,75,95,39,139,141,112,121,144,83,23,33,25,94,0,41,18,4,80,19,76,147,10,22,65,100,135,101,91,123,63,109,107,78,1,138,71,24,118,13,124,52,145,9,133,38,11,46,84,60,110,29,103,15,56,108,96,117,79,40,32,111,98,85,97,34,20,73,149,143,17,126,5,148,146,51,54,35,59,43,45,8,55,67,89,47,64,115,53,57,62,27,36,58,128,106,119,132,61,30,87,37,6,137,131,14,130,114,127,74,113,140,81,102
44,77,37,3,31,72,12,86,48,124,29,2,50,92,116,105,42,68,90,7,69,142,21,134,129,66,120,28,93,122,16,104,137,49,136,99,15,88,95,1,139,141,112,121,79,36,23,33,25,94,0,41,18,4,80,19,76,147,10,22,65,100,97,101,118,125,63,109,103,78,47,70,71,24,135,13,26,39,145,107,133,38,11,46,84,60,110,138,9,128,56,82,96,117,143,40,32,111,98,85,123,34,20,73,149,108,17,126,5,148,146,51,54,35,59,43,45,8,55,67,89,144,64,115,53,57,62,27,52,58,130,106,119,132,61,30,83,91,6,75,131,14,87,114,127,74,113,140,81,102
44,77,37,38,31,72,12,86,48,124,59,2,50,71,116,91,42,68,90,20,69,142,92,134,129,66,120,28,93,65,16,104,137,49,24,99,15,88,95,1,139,141,112,121,79,36,78,7,25,33,0,41,18,4,80,136,76,108,10,22,114,58,97,101,118,125,105,109,103,81,47,70,63,94,135,46,26,39,145,107,133,144,11,19,84,60,122,138,9,128,56,82,96,117,143,40,32,111,98,85,123,34,61,73,149,21,17,126,5,148,146,51,23,35,127,43,45,8,3,67,29,89,64,100,53,57,62,27,13,55,130,106,119,132,54,30,83,147,6,75,131,14,87,110,52,74,113,140,115,102
12,77,37,38,31,72,122,86,48,124,59,2,50,17,116,91,42,68,90,20,69,142,39,134,35,66,129,28,93,65,16,104,137,49,24,99,15,88,95,18,139,141,82,92,71,36,23,7,25,64,0,41,44,4,80,136,76,108,140,22,114,58,79,101,118,125,105,109,103,43,47,70,63,94,135,46,26,6,145,107,133,144,11,19,84,60,78,138,9,33,56,40,96,117,143,120,128,55,98,85,123,34,111,61,73,32,106,126,5,148,146,51,1,132,127,21,45,8,3,67,29,89,97,100,53,57,62,27,13,121,130,112,119,10,54,30,83,147,149,81,131,14,87,110,52,74,113,75,115,102
12,77,118,38,31,72,122,86,48,124,59,2,127,17,120,91,42,68,82,20,69,142,84,134,35,66,108,28,116,126,9,104,137,49,24,99,15,78,95,18,139,105,88,92,71,36,23,34,25,64,33,41,44,4,80,136,76,8,140,22,114,58,79,101,39,0,138,109,103,60,47,70,63,94,135,46,26,6,145,107,133,144,11,19,51,117,16,141,53,93,56,40,96,113,143,81,119,55,98,85,123,50,111,61,73,32,106,128,5,148,146,43,1,132,90,21,45,125,3,67,29,89,97,100,27,57,62,129,13,121,130,112,65,10,54,30,83,147,149,7,131,14,87,110,52,74,37,75,115,102
12,77,41,38,31,72,122,86,54,124,59,2,105,17,120,61,42,28,82,20,69,142,84,79,35,66,108,83,116,36,9,104,137,49,24,109,15,78,95,18,139,126,88,92,71,40,23,34,75,60,33,16,44,55,91,136,76,8,140,22,114,58,141,101,39,0,138,5,103,48,127,45,63,87,135,46,26,6,145,107,133,144,11,19,51,117,10,13,53,93,56,64,96,68,143,81,119,4,98,85,123,50,111,3,73,32,106,128,94,148,146,43,1,132,90,21,118,125,25,67,29,89,97,100,27,57,62,129,99,121,130,47,65,113,80,30,70,147,149,7,131,14,134,110,52,74,37,112,115,102
39,77,41,102,45,72,122,86,54,124,5,2,105,64,120,61,42,28,82,20,69,142,133,79,97,15,108,83,116,36,9,104,137,49,0,19,59,78,95,18,139,126,88,92,71,40,23,7,75,60,33,16,44,55,100,136,76,8,140,22,114,58,12,118,101,141,138,4,103,85,127,144,63,87,135,46,26,6,145,107,29,34,27,24,51,117,10,13,53,93,11,91,31,68,143,35,119,56,98,50,123,38,111,3,73,32,106,128,94,148,146,43,1,132,90,21,84,125,25,67,96,89,17,81,48,57,62,129,99,121,130,47,65,113,80,30,70,147,149,109,131,14,134,110,52,74,37,112,115,66
39,77,41,102,45,72,122,86,132,124,5,55,105,64,49,24,35,28,82,113,69,142,133,79,97,67,108,83,116,36,9,104,21,0,81,19,59,109,95,18,139,126,88,92,71,52,23,117,75,60,33,16,44,99,100,136,76,8,140,22,110,58,12,118,101,85,138,4,103,31,61,144,63,87,135,46,20,6,145,107,2,34,141,127,51,120,10,13,53,93,11,91,42,68,143,29,119,56,98,50,123,137,111,3,38,32,106,128,94,148,146,43,1,40,90,30,84,125,25,115,96,89,17,26,48,57,62,129,73,121,130,47,65,27,80,15,70,147,149,78,131,14,134,7,54,74,37,112,114,66
39,22,41,9,45,72,122,86,25,87,5,145,105,64,49,24,35,28,103,15,69,142,55,79,97,67,108,83,116,36,133,104,21,0,139,19,146,109,95,18,77,126,88,92,71,52,6,102,75,60,33,125,44,99,124,136,12,8,140,132,110,58,59,118,101,85,138,4,16,31,61,144,63,23,56,46,20,82,34,107,117,57,141,127,51,120,10,13,53,76,11,91,42,100,143,29,119,147,98,50,123,137,111,3,38,32,106,128,94,148,2,43,1,40,90,30,84,113,112,115,96,89,17,26,48,93,62,129,73,135,130,47,65,27,80,121,70,54,149,78,131,14,134,7,81,74,37,68,114,66
39,22,41,135,45,72,122,86,25,97,5,37,105,119,49,24,35,96,27,15,128,142,55,79,11,67,99,83,116,36,64,104,21,0,139,19,146,109,95,18,77,126,88,38,71,52,6,102,75,60,78,23,44,141,124,136,12,8,140,132,110,58,59,118,92,85,138,4,111,31,145,144,63,100,56,46,20,82,34,107,117,108,28,127,103,120,10,13,53,76,148,91,42,133,143,29,9,147,98,50,123,137,94,3,51,32,106,16,87,101,2,43,1,40,90,57,84,113,112,115,7,89,17,26,48,93,69,129,73,62,130,47,61,65,80,121,70,54,149,125,131,14,134,33,81,74,30,68,114,66
39,22,41,135,45,40,122,110,25,97,5,37,105,119,49,136,35,96,27,15,128,142,118,79,44,67,99,60,116,36,64,104,21,0,139,19,146,102,95,18,16,109,88,38,71,52,6,72,75,7,78,23,138,141,124,125,12,8,140,55,50,58,59,68,92,85,143,126,111,31,145,62,63,100,56,24,20,82,144,4,117,108,28,127,132,120,10,17,53,103,148,91,42,133,107,29,9,147,98,13,123,61,94,3,51,32,106,65,87,101,2,43,1,137,90,57,84,113,112,115,34,89,46,26,48,93,69,129,73,47,130,83,77,86,80,121,70,54,149,11,131,14,134,33,81,74,30,76,114,66
41,116,49,135,45,40,122,110,25,97,28,37,105,114,29,42,35,96,27,15,128,142,118,79,44,112,99,145,5,36,64,104,21,0,139,19,146,102,73,18,16,109,88,38,71,52,108,72,75,7,78,56,138,141,124,125,12,8,140,55,98,58,59,68,92,85,143,126,111,31,50,62,63,100,61,24,20,82,144,4,117,51,129,127,132,22,10,39,53,103,148,91,81,133,107,84,9,147,33,13,123,17,94,3,87,32,106,120,48,101,2,43,1,137,90,57,86,113,60,115,119,89,46,26,23,93,69,67,34,47,130,83,77,6,80,121,70,54,149,11,131,14,134,65,95,74,136,76,30,66
41,116,49,135,45,40,122,110,25,97,28,73,121,114,133,42,35,61,14,15,128,142,118,79,44,112,113,115,5,36,64,104,21,0,139,19,129,102,67,18,16,109,88,136,71,105,108,72,75,7,146,56,138,141,124,134,12,8,20,99,98,58,59,51,92,85,143,126,57,31,50,62,63,100,29,24,37,82,144,4,52,77,117,127,132,22,27,39,53,103,148,91,81,38,107,84,9,147,33,13,1,17,94,3,87,145,106,120,48,101,2,43,86,137,90,140,96,68,60,95,119,89,46,26,23,93,69,123,34,47,130,83,32,6,80,125,70,54,149,11,131,55,10,65,111,74,78,76,30,66
41,116,49,135,45,42,99,110,30,17,72,73,121,97,133,28,113,61,14,31,128,142,58,79,44,112,114,127,5,36,64,104,21,0,139,19,129,40,98,106,16,109,88,136,71,105,108,35,75,7,146,56,138,118,124,134,12,8,20,70,141,24,59,51,92,85,23,126,57,74,50,62,63,100,29,25,39,87,144,4,52,77,117,95,122,22,27,18,53,103,148,91,81,37,107,84,9,147,33,13,1,82,94,3,102,145,15,120,48,101,67,43,86,137,90,140,96,68,60,115,119,89,46,26,38,93,69,123,34,47,130,83,32,6,80,125,132,54,149,11,131,55,10,65,111,2,78,76,143,66
75,116,49,87,45,42,21,34,30,146,72,73,121,97,108,28,113,61,14,31,128,142,58,79,12,112,114,127,5,36,64,104,141,0,139,19,129,40,98,106,16,109,41,136,7,105,118,35,135,47,57,56,138,39,124,134,37,8,20,70,17,24,59,51,92,85,23,126,83,15,50,62,63,100,29,99,89,74,144,4,1,77,117,95,122,22,131,18,88,123,148,91,81,103,107,84,9,147,33,13,71,82,94,3,102,145,25,120,48,110,67,43,86,137,90,140,96,68,60,115,119,52,46,26,38,93,69,101,149,53,133,44,32,6,80,125,132,54,130,11,27,55,10,65,111,2,78,76,143,66
75,116,49,87,45,42,21,26,30,146,72,109,121,97,119,28,113,73,7,31,128,1,58,79,12,112,114,127,5,36,64,67,141,0,139,19,129,40,98,106,16,101,41,136,145,105,108,110,135,47,57,56,138,39,124,134,76,8,104,70,17,24,59,51,92,85,23,126,83,15,50,62,63,96,29,99,66,74,144,4,91,55,103,95,122,22,131,44,88,123,148,77,81,149,107,84,9,147,33,13,71,82,94,3,102,61,25,117,48,53,35,43,86,137,90,140,143,68,60,115,18,52,46,132,38,93,69,32,100,14,133,142,118,6,80,125,37,54,130,11,27,34,10,65,111,2,78,20,120,89
75,89,49,87,45,42,21,26,30,146,72,109,121,127,119,28,113,73,7,31,128,101,83,79,12,112,114,110,5,36,47,67,141,0,80,90,129,40,64,106,16,145,41,136,58,105,46,95,135,134,57,139,138,39,55,8,76,19,104,70,17,24,59,51,147,13,56,126,88,98,50,62,63,96,116,99,66,74,144,4,91,27,103,71,122,22,131,44,23,123,148,77,81,149,107,124,9,85,33,15,1,82,94,3,84,61,25,117,48,53,35,43,86,137,92,140,143,68,60,115,18,52,29,132,38,93,69,32,100,14,133,142,118,6,102,125,37,108,130,11,97,34,10,65,111,2,78,20,120,54
75,89,10,87,45,42,26,119,30,146,72,148,132,29,144,28,113,73,7,31,128,101,134,79,12,63,114,110,5,36,47,109,141,0,80,4,129,40,64,14,70,145,41,136,58,105,46,95,135,126,57,139,111,39,55,8,76,85,104,21,17,112,59,51,147,13,56,83,67,98,50,62,121,96,116,99,66,74,125,19,91,27,3,71,122,22,131,44,23,123,43,77,81,149,107,124,9,138,33,15,1,82,94,86,84,61,25,117,48,53,35,106,16,90,92,140,143,68,60,115,18,52,49,130,38,93,69,32,100,24,133,142,118,6,102,103,37,108,127,11,97,34,120,65,88,2,78,20,137,54
75,89,10,87,45,42,26,119,30,146,72,148,132,102,76,28,11,73,145,31,128,101,134,79,12,63,114,110,5,36,47,136,149,0,19,4,129,68,113,15,70,64,41,43,109,105,46,95,135,126,23,139,111,39,55,8,82,85,104,21,17,61,141,51,147,13,56,83,67,98,50,62,121,96,116,99,54,74,125,40,91,27,3,71,122,22,131,44,103,123,124,57,144,58,107,97,7,138,33,81,1,52,94,86,84,66,25,117,48,53,35,106,16,90,92,140,143,14,38,115,18,112,49,130,29,93,69,32,100,24,133,142,118,6,60,80,37,108,127,77,9,34,120,65,88,2,78,20,137,59
4,89,10,87,45,42,26,97,81,146,9,148,132,102,76,123,11,73,145,31,128,101,134,79,12,63,114,75,5,36,47,136,149,99,19,0,129,68,113,15,70,64,41,43,109,119,46,95,135,126,104,139,111,39,55,8,29,110,1,21,17,61,141,51,147,13,56,83,67,98,50,62,121,96,116,66,54,105,125,40,80,27,3,20,122,22,131,44,103,92,124,57,144,58,107,71,7,138,33,106,133,52,94,86,48,65,25,117,49,53,35,74,23,90,82,140,143,14,38,115,18,112,91,85,6,93,69,32,100,24,72,142,118,16,60,130,37,108,127,77,30,137,120,34,88,2,78,28,84,59
4,89,122,87,45,42,105,76,81,146,9,148,132,102,131,128,11,73,145,31,134,101,39,79,12,140,114,149,5,36,84,117,10,91,19,0,129,68,135,15,113,64,41,43,109,119,46,95,50,126,104,139,111,83,55,8,29,110,1,21,17,61,47,51,147,13,56,97,67,98,136,62,121,96,116,66,54,107,125,40,80,144,3,75,133,22,35,44,103,92,124,57,70,58,24,71,7,138,33,106,20,52,94,23,48,65,25,123,49,53,26,74,63,90,27,141,143,14,38,115,18,112,86,85,6,93,69,32,100,99,72,142,118,16,60,130,37,108,82,77,30,137,120,34,88,2,78,28,127,59
4,89,122,87,45,42,69,76,146,80,9,148,132,70,131,96,144,140,145,31,134,101,39,79,12,72,114,149,5,36,84,66,10,91,19,0,129,68,135,90,113,64,41,43,109,119,46,95,50,126,104,139,111,83,55,15,29,110,1,21,17,61,47,51,147,13,56,97,67,81,136,62,121,124,116,98,120,107,33,40,11,58,54,75,133,22,35,44,103,92,73,118,3,105,24,71,7,138,123,8,20,52,94,117,48,65,25,127,49,53,26,74,63,102,27,34,143,14,38,115,18,112,28,85,6,93,57,32,100,99,128,86,142,16,60,130,37,108,82,77,30,137,141,125,88,2,78,106,23,59
69,89,122,27,45,42,87,76,146,80,43,9,114,70,131,123,144,140,53,31,134,101,39,32,12,72,147,149,5,36,84,71,47,91,44,0,129,68,135,90,10,64,41,106,109,119,46,95,50,126,104,139,111,83,55,15,113,110,1,21,17,61,3,51,148,13,56,97,67,81,136,62,121,124,116,98,93,107,33,40,11,58,65,75,133,22,35,125,103,78,73,118,79,105,24,127,7,138,54,8,20,52,94,37,48,132,25,4,49,99,26,74,63,102,92,34,143,14,38,66,18,112,28,85,6,145,57,29,100,120,128,86,142,16,60,130,115,108,82,77,30,137,141,117,88,2,19,96,23,59
69,89,122,139,45,42,56,16,146,80,43,9,121,70,131,123,144,140,53,31,134,101,25,32,1,72,85,149,5,36,84,6,87,114,44,0,129,68,135,115,10,64,41,106,109,119,71,95,50,126,76,52,111,125,55,15,113,110,12,21,17,61,3,51,148,13,104,97,67,81,136,62,48,124,116,98,93,107,33,40,11,58,65,75,133,22,24,19,103,78,73,118,142,105,92,127,7,138,54,8,20,83,94,37,4,132,27,130,49,99,26,74,82,102,23,34,143,14,38,66,18,112,28,47,29,145,57,46,100,120,128,86,35,90,60,91,63,108,147,77,30,137,141,117,88,2,79,96,39,59
69,89,122,39,90,42,56,134,146,80,43,86,121,70,131,123,144,140,53,63,99,112,25,102,1,72,85,149,5,36,84,6,79,114,135,0,129,68,8,115,10,64,41,106,109,119,71,95,50,126,76,52,111,38,82,9,113,110,12,21,17,61,94,51,148,13,104,97,145,81,136,62,48,124,116,98,93,107,33,40,11,15,65,59,133,22,24,19,103,78,20,118,142,105,92,127,7,138,54,101,18,83,73,37,67,132,27,130,49,58,26,74,16,44,23,34,143,14,55,66,125,75,28,47,29,87,57,46,100,120,128,32,35,31,60,91,139,108,77,147,30,137,141,117,88,2,45,96,3,4
69,89,122,39,28,42,56,134,146,80,98,86,121,70,108,123,144,81,131,63,99,112,25,27,1,72,26,149,5,36,84,6,79,114,135,0,129,68,53,94,10,64,41,106,140,119,71,95,50,126,76,52,111,90,82,73,113,9,12,67,17,61,21,37,148,109,104,97,13,43,136,62,48,124,116,105,93,107,33,8,11,15,65,59,133,22,74,145,103,78,20,118,142,29,38,127,77,138,54,101,18,83,110,19,115,132,92,130,49,58,125,87,16,44,23,34,143,14,55,66,40,75,24,47,51,102,57,46,100,120,128,32,35,31,60,91,139,7,85,147,30,137,141,117,88,2,45,96,3,4
