0,1,2,3,4,5,6,7,8,9,10,11,12,13,14,15,16,17,18,19,20,21,22,23,24,25,26,27,28,29,30,31,32,33,34,35,36,37,38,39,40,41,42,43,44,45,46,47,48,49,50,51,52,53,54,55,56,57,58,59,60,61,62,63,64,65,66,67,68,69,70,71,72,73,74,75,76,77,78,79,80,81,82,83,84,85,86,87,88,89,90,91,92,93,94,95,96,97,98,99,100,101,102,103,104,105,106,107,108,109,110,111,112,113,114,115,116,117,118,119,120,121,122,123,124,125,126,127,128,129,130,131,132,133,134,135,136,137,138,139,140,141,142,143,144,145,146,147,148,149
96,75,114,74,4,1,62,36,139,117,93,11,103,91,31,15,135,32,100,19,39,21,22,64,140,118,25,38,138,69,113,13,106,41,68,146,134,0,108,65,40,81,5,43,145,56,70,47,48,49,50,132,52,66,126,29,18,57,27,59,8,124,28,111,33,123,90,109,14,137,63,127,54,9,72,128,55,51,67,79,95,16,20,83,136,30,60,87,88,89,121,82,53,71,92,131,58,97,98,12,34,101,102,149,24,105,6,107,26,45,110,133,112,77,3,115,116,84,35,85,120,10,122,86,61,7,46,73,2,129,130,94,23,99,125,42,76,141,17,80,78,37,142,143,119,144,44,147,148,104
96,75,41,79,112,92,62,71,82,37,128,72,121,91,50,15,135,32,99,61,132,51,74,39,109,31,63,134,138,149,8,127,115,25,147,110,81,131,64,56,40,94,67,43,1,139,44,18,126,49,5,123,52,6,59,29,148,57,27,20,98,124,66,12,33,146,90,84,14,19,122,36,55,9,95,100,7,73,26,145,48,77,97,83,136,30,60,87,142,141,108,46,53,78,11,4,58,34,88,70,103,101,102,129,68,105,47,22,93,137,116,106,17,35,113,120,140,111,89,85,130,16,45,86,21,3,65,133,2,10,119,104,23,69,54,28,76,0,24,80,13,42,118,143,125,144,114,107,38,117
86,85,0,79,112,62,66,105,82,60,72,17,13,22,50,94,12,137,126,70,15,51,74,68,61,2,28,134,138,27,34,122,111,64,147,127,81,4,7,110,40,39,47,21,71,139,44,73,25,1,118,23,52,123,8,93,148,57,144,11,6,124,121,125,33,146,115,35,14,10,135,76,54,9,95,80,19,91,88,58,18,16,97,117,77,30,120,87,142,132,55,46,36,78,108,102,59,41,100,63,103,48,131,129,149,83,90,109,42,106,107,98,104,56,99,3,140,26,89,116,130,145,45,67,24,20,65,133,128,38,119,113,101,69,32,92,75,96,5,49,37,141,114,84,29,31,143,43,136,53
116,147,86,62,123,23,66,67,82,128,119,17,135,110,105,60,133,42,113,70,71,51,74,68,87,95,7,16,76,112,94,50,24,64,114,127,81,4,124,2,93,55,47,21,15,29,11,73,25,53,52,129,54,125,142,109,19,57,48,46,6,130,27,103,126,146,32,35,83,12,44,28,111,9,38,80,79,91,78,58,18,41,115,39,72,92,120,108,136,132,117,104,102,89,106,10,59,26,100,118,148,61,65,85,149,144,90,122,36,139,107,98,77,40,138,131,140,5,45,88,3,145,137,49,0,43,134,33,8,84,1,99,63,69,14,20,75,96,30,13,101,56,141,31,37,34,143,97,22,121
117,2,86,62,135,31,130,67,82,72,44,69,55,59,24,60,6,68,9,92,71,66,144,8,87,111,128,89,112,14,103,34,56,17,0,32,142,4,124,91,93,36,47,74,46,50,10,51,25,21,122,37,54,125,57,1,96,131,48,123,16,81,27,52,42,127,39,143,107,12,136,11,13,95,38,133,83,88,79,58,121,109,115,132,94,147,40,108,116,113,61,104,102,22,18,64,120,3,100,138,148,63,78,43,119,15,134,70,118,139,110,98,137,5,33,114,140,146,45,85,35,145,77,49,106,19,80,149,7,84,129,99,126,28,105,20,75,53,29,30,101,23,141,65,26,41,73,97,90,76
111,23,18,129,135,26,77,97,100,72,103,115,147,9,24,47,6,122,46,74,25,66,11,125,113,2,70,89,51,14,84,71,56,68,0,32,27,4,133,82,149,55,108,144,121,50,10,146,106,21,60,37,54,63,57,139,29,131,17,123,16,81,127,93,34,136,140,143,62,12,148,87,58,85,119,96,3,88,101,78,31,109,20,39,94,52,15,64,8,38,61,86,102,22,99,44,92,28,73,138,107,41,30,90,134,116,105,33,1,98,137,36,19,5,110,114,83,130,76,69,35,49,13,79,126,112,80,128,120,67,7,132,91,117,48,124,75,53,118,145,59,43,141,65,42,104,40,95,142,45
111,79,131,76,108,6,90,97,4,133,132,140,147,49,149,43,33,37,75,65,87,71,98,77,145,135,53,89,51,141,41,1,56,81,2,40,27,93,46,82,110,74,72,144,121,8,25,146,100,21,142,118,54,125,47,139,106,137,116,67,16,29,127,14,114,136,19,104,59,50,148,83,58,85,122,96,105,88,69,57,31,109,112,91,94,107,15,68,36,38,61,30,102,80,143,44,17,28,26,138,103,32,10,129,134,42,113,20,86,66,123,52,55,12,11,39,0,126,115,34,23,101,13,24,92,84,7,128,9,22,119,73,5,117,120,124,62,130,95,70,35,18,78,64,3,48,63,60,99,45
51,13,83,49,111,6,90,12,4,133,18,140,29,9,0,62,141,11,41,98,55,71,20,32,146,89,53,40,99,112,94,95,106,117,2,138,66,65,1,82,110,74,72,144,16,52,25,121,119,21,7,118,54,125,8,75,101,96,77,126,45,87,127,145,137,80,79,46,59,50,15,33,28,85,122,108,26,39,104,91,135,109,147,67,24,149,131,93,36,37,148,78,102,34,114,44,134,143,130,69,103,116,10,129,30,5,113,61,43,60,47,100,73,57,136,42,64,123,115,17,23,139,76,31,92,84,88,128,97,56,68,105,124,132,142,107,70,38,120,63,35,86,14,58,81,48,22,27,3,19
51,32,125,139,55,14,34,6,46,144,120,140,29,128,89,31,148,47,13,74,73,49,121,88,117,133,147,124,99,112,70,95,5,9,146,25,122,41,20,109,110,141,58,97,16,18,52,17,7,118,115,75,54,93,8,130,101,96,40,104,45,66,114,145,137,50,77,11,59,1,15,80,113,85,81,21,142,39,28,91,68,35,53,67,24,136,119,92,36,37,134,78,43,90,116,127,10,33,132,3,103,72,79,129,30,42,62,108,44,149,131,0,71,83,65,12,87,123,19,26,23,82,76,60,69,84,102,61,100,56,4,135,111,38,105,2,138,106,64,63,94,86,143,107,57,48,22,27,126,98
51,29,67,41,93,13,34,6,15,117,120,62,107,128,89,138,72,100,42,39,125,27,46,112,60,133,147,142,99,127,70,37,5,9,7,25,122,77,108,109,80,139,38,110,126,102,52,0,129,82,65,116,12,119,124,50,101,115,57,104,96,141,20,145,71,111,56,35,137,144,134,146,74,85,61,123,11,43,28,91,16,118,53,121,24,136,36,130,86,75,23,78,21,90,14,95,10,114,63,3,105,19,79,17,30,88,31,59,47,132,149,97,106,103,131,94,87,44,73,18,143,49,76,40,140,32,84,148,54,45,4,135,83,48,81,2,64,66,113,55,92,26,1,69,33,8,22,58,68,98
51,62,104,41,93,85,121,146,130,111,48,36,117,128,140,98,27,9,40,99,125,43,46,112,109,136,126,34,19,74,70,108,8,24,107,127,106,77,120,66,80,54,100,59,50,102,6,58,129,118,115,21,122,30,86,64,18,139,67,84,29,141,20,134,71,105,2,4,101,17,96,76,78,5,61,123,11,56,28,91,75,31,53,79,137,10,16,44,138,116,23,82,0,90,57,144,15,1,63,13,39,72,88,12,35,133,32,49,37,145,149,97,3,60,131,94,25,87,73,124,143,83,132,38,110,95,68,148,7,45,65,135,81,103,47,119,42,113,52,147,92,26,114,69,33,14,22,55,142,89
100,61,142,104,93,37,131,68,3,116,16,36,22,23,140,120,148,149,96,7,48,43,54,135,114,65,129,34,19,74,31,147,98,35,139,127,106,143,95,66,79,94,17,59,145,146,78,133,30,83,51,47,122,130,86,64,113,55,10,84,1,141,20,134,115,105,26,103,69,44,88,91,85,77,125,123,118,21,28,8,75,97,70,9,101,112,62,136,128,25,87,5,0,121,57,144,15,117,124,13,109,80,29,81,110,67,32,49,53,126,90,99,82,60,108,2,76,92,73,11,58,119,132,38,102,41,137,50,72,45,6,107,18,4,24,12,42,138,56,52,63,39,40,46,33,14,71,111,27,89
47,111,53,124,5,37,131,78,80,96,16,36,35,72,140,120,148,57,8,142,9,139,12,138,114,61,40,19,129,74,44,147,77,95,20,105,106,48,29,92,79,23,81,84,91,21,112,133,30,145,46,137,69,130,86,64,113,54,97,83,1,66,26,33,98,43,85,103,135,32,88,127,136,118,52,110,28,7,71,34,75,104,70,82,22,50,62,119,31,25,93,45,0,121,51,144,141,38,27,49,123,13,99,59,107,67,117,65,115,126,90,116,132,60,15,73,108,94,17,2,128,24,55,101,56,41,58,146,3,125,6,102,18,4,14,149,87,122,39,143,63,10,109,134,76,100,42,68,11,89
108,92,53,82,112,4,131,101,80,96,84,139,97,31,140,120,76,5,8,71,137,16,129,100,69,87,111,106,68,74,114,54,77,95,36,105,19,49,28,148,46,23,20,135,63,41,43,2,30,149,78,55,66,130,27,26,113,57,44,83,86,147,15,65,141,25,72,10,138,134,88,127,35,59,85,22,146,7,51,14,122,119,70,24,126,50,62,1,142,91,143,45,67,40,47,144,48,38,79,117,123,13,99,109,115,121,136,133,0,93,90,116,104,60,125,37,81,94,17,39,73,110,145,132,56,128,34,103,12,9,6,102,18,52,21,107,89,118,64,29,3,124,42,61,32,33,58,98,11,75
108,70,111,2,95,4,41,71,80,22,26,34,74,31,36,109,144,97,96,145,137,82,129,100,69,92,8,38,59,114,55,16,43,124,13,66,19,52,28,120,60,128,40,135,121,64,5,46,119,149,20,99,81,130,103,87,113,57,44,83,86,116,6,112,126,25,72,148,138,24,93,139,33,32,118,10,134,142,73,30,122,17,117,106,146,48,62,1,11,98,143,45,102,63,85,76,125,7,88,94,123,115,133,35,140,65,136,68,37,101,90,105,104,0,141,110,47,53,84,39,131,67,79,132,3,27,147,127,12,42,58,23,18,9,50,15,89,56,54,29,78,107,77,61,51,91,49,14,21,75
122,70,111,2,51,4,48,107,80,143,0,10,74,31,36,101,7,138,97,109,137,45,71,61,6,35,95,14,59,22,32,16,92,63,104,41,79,64,27,82,121,100,40,135,134,54,5,139,147,123,148,99,52,98,21,142,113,57,44,26,110,116,33,69,126,25,53,12,46,24,93,89,75,43,13,50,1,133,73,30,127,17,28,130,146,124,62,87,11,114,15,149,37,91,140,76,86,88,120,29,77,119,65,115,132,108,84,68,94,19,9,105,56,39,141,103,34,3,106,112,131,67,117,38,128,47,125,136,8,102,60,66,18,96,118,83,144,90,85,129,78,55,23,72,81,42,49,20,145,58
122,121,140,71,132,68,9,40,142,39,0,4,76,31,107,11,147,74,139,104,137,97,5,143,101,60,109,14,59,115,34,90,63,25,45,41,145,116,27,127,42,100,82,148,20,136,102,141,26,135,69,99,35,117,16,120,57,19,44,138,6,134,77,94,126,89,53,65,46,3,93,144,128,43,13,95,1,133,75,129,32,17,28,110,24,124,33,64,52,114,15,149,72,91,21,80,92,88,112,79,56,119,73,70,130,29,87,106,38,50,84,36,30,98,10,103,66,113,78,118,131,67,37,108,61,123,125,51,105,12,96,2,18,47,54,48,86,62,85,146,111,55,23,83,81,22,49,7,58,8
149,43,32,71,132,17,75,137,44,94,118,145,113,31,107,88,125,144,139,138,143,98,80,111,101,1,142,74,55,131,34,90,38,25,51,41,127,122,36,62,99,117,82,148,20,121,7,8,18,39,97,6,35,26,50,85,135,19,12,116,68,5,77,45,91,123,108,14,46,3,93,115,133,21,13,72,58,124,29,66,100,89,28,110,104,134,11,64,52,112,0,130,141,79,65,22,92,128,140,2,56,119,73,70,42,147,87,30,67,37,86,15,69,61,63,103,126,120,78,96,10,9,102,33,109,136,129,60,105,16,24,27,53,57,54,48,76,84,114,146,81,59,23,4,83,47,49,40,95,106
70,43,32,115,51,120,117,104,44,94,74,80,64,125,135,36,139,29,33,17,10,7,61,23,102,93,69,124,86,131,95,45,38,123,96,41,65,46,141,62,99,144,107,50,105,21,103,101,31,48,137,6,35,26,63,112,77,19,68,28,143,39,78,118,91,129,108,82,76,56,138,127,59,58,13,3,71,20,18,132,100,89,11,47,24,134,121,42,52,92,114,130,133,79,136,75,149,128,57,2,5,119,8,110,83,147,25,30,140,37,12,106,87,16,27,34,126,67,98,97,113,9,53,111,109,1,90,60,148,146,116,14,145,15,54,122,22,84,85,142,81,73,66,4,88,55,49,40,0,72
57,43,93,134,10,12,141,62,145,53,96,54,64,119,73,120,133,29,9,17,22,117,61,46,121,52,123,31,100,15,41,45,42,36,19,94,65,1,110,21,108,79,58,135,105,86,115,130,142,7,25,6,48,11,63,71,147,127,33,28,143,84,102,97,47,129,78,82,76,51,38,80,50,104,13,103,69,77,18,60,39,37,146,118,89,124,59,107,114,92,56,40,3,95,136,87,128,68,91,74,5,139,8,32,83,30,149,75,140,131,109,106,20,26,27,34,126,112,98,2,113,70,35,101,144,88,111,23,148,14,67,90,138,132,44,122,24,137,85,125,81,4,66,99,16,55,49,116,0,72
24,94,104,134,44,101,99,62,145,135,69,92,36,14,116,108,133,29,141,136,11,88,83,50,121,52,66,106,146,38,77,45,42,49,27,126,65,9,93,13,79,0,58,51,64,86,127,130,90,131,5,25,148,22,54,33,147,55,143,57,149,15,100,105,28,30,78,7,76,16,119,80,97,19,56,103,41,98,75,40,89,37,132,34,2,124,59,81,114,110,39,125,3,73,129,87,6,68,91,74,47,139,48,17,46,61,31,53,96,63,109,118,20,26,107,95,84,144,4,32,113,70,35,128,112,123,111,23,117,43,8,115,82,18,60,138,142,102,85,12,1,122,10,21,140,120,67,137,71,72
131,62,86,41,30,114,68,125,145,135,22,16,51,63,50,66,47,91,70,65,11,133,20,38,121,108,31,28,94,139,43,105,35,52,58,123,4,59,93,6,79,118,12,128,64,143,127,130,90,102,46,25,148,69,54,80,3,55,1,136,142,36,100,126,84,147,10,7,27,19,137,98,97,119,73,89,83,99,18,5,120,37,76,45,57,124,101,42,141,110,39,113,29,44,129,87,103,140,33,74,88,78,13,146,67,111,40,53,96,34,0,104,75,26,107,17,56,144,61,32,48,138,85,77,112,81,106,23,117,95,8,9,82,132,60,109,92,115,24,2,134,15,49,122,14,149,116,21,71,72
93,76,86,8,30,6,99,112,145,135,61,96,38,114,7,66,143,91,3,0,11,59,140,89,85,2,115,80,35,29,107,137,79,68,72,148,4,109,131,111,149,65,121,105,101,50,127,75,90,42,46,146,44,69,51,125,108,52,1,94,64,36,100,74,144,147,123,63,27,133,87,67,126,17,73,124,117,136,70,20,120,37,129,40,57,28,95,41,102,82,39,113,119,21,142,130,103,33,60,49,31,78,58,13,88,84,25,53,48,34,132,104,19,26,54,138,10,45,139,18,23,97,14,77,43,5,106,47,56,32,98,9,16,118,128,110,92,12,24,71,134,15,22,122,81,141,116,62,55,83
96,90,86,8,7,6,99,113,116,12,32,28,56,104,105,30,143,141,3,0,138,144,15,11,60,98,115,73,35,121,53,100,79,137,55,131,4,59,127,103,9,29,39,43,120,68,1,88,27,31,5,146,44,10,51,130,108,52,83,94,78,36,118,145,112,87,123,63,21,95,33,67,126,17,42,65,74,107,34,20,46,24,142,110,97,77,2,41,102,80,57,124,136,149,135,139,25,37,40,84,72,148,101,13,69,75,140,62,48,114,61,89,16,66,54,119,117,45,82,18,38,91,14,132,58,111,106,47,26,133,147,76,109,19,128,93,50,125,64,71,134,49,85,70,81,122,92,23,22,129
124,82,25,8,61,45,48,113,52,139,84,28,17,30,88,111,143,141,40,33,64,27,15,18,119,56,110,73,60,36,129,145,41,0,70,37,4,59,42,103,31,29,39,43,51,68,130,117,81,9,115,19,105,78,101,10,11,98,83,94,121,137,118,86,112,87,93,85,114,108,102,67,32,91,50,65,53,125,138,20,79,24,142,5,99,133,100,104,55,80,90,58,35,149,135,136,131,3,123,144,72,148,57,13,69,126,47,16,74,76,54,23,89,66,62,116,140,95,1,127,92,34,14,38,26,21,122,106,44,63,147,120,109,134,128,7,2,49,6,71,46,96,12,132,107,146,97,77,22,75
130,137,51,8,134,45,125,112,94,5,108,148,124,119,88,111,143,101,97,32,48,27,57,18,23,73,75,60,140,36,145,105,26,29,70,117,4,144,42,38,128,74,39,79,123,24,55,6,139,43,100,19,141,78,96,58,11,98,82,22,81,20,1,86,87,92,40,56,66,25,102,41,118,28,50,120,90,76,138,52,68,15,14,64,49,95,93,104,129,142,135,35,99,3,53,136,34,91,67,103,72,61,65,13,69,126,47,37,109,84,54,59,107,9,62,83,115,30,113,127,44,121,17,149,147,21,122,33,0,63,114,116,133,131,16,7,2,89,46,71,132,85,12,31,10,146,77,106,110,80
140,105,106,39,8,34,125,27,50,110,88,128,124,117,111,76,143,66,97,60,48,101,57,72,23,73,53,4,33,94,10,93,90,44,80,47,75,61,16,19,149,74,55,35,133,78,54,6,139,59,100,46,108,120,96,92,130,64,25,86,141,15,70,116,58,148,82,21,145,29,102,24,118,65,28,11,87,42,121,52,83,3,26,63,49,95,31,14,129,30,135,38,40,81,126,20,112,142,67,103,36,41,45,13,69,56,131,7,136,84,127,37,107,9,62,99,32,1,98,123,18,115,17,104,147,22,122,12,0,134,114,51,85,113,119,144,79,89,68,71,132,5,43,138,91,146,77,109,2,137
0,129,104,39,132,13,140,9,33,18,56,112,72,65,111,76,101,66,11,60,121,130,143,23,73,49,102,27,75,88,55,42,63,113,89,12,29,124,16,26,62,57,24,91,25,78,48,45,139,90,61,46,108,120,96,81,34,64,15,86,141,52,74,116,114,148,82,109,20,4,40,54,118,7,43,10,47,21,97,68,51,145,92,100,85,53,37,3,128,30,135,99,8,50,126,147,94,110,67,103,36,41,70,22,107,93,1,35,14,84,106,115,32,80,142,131,87,144,98,123,59,79,17,44,122,28,69,83,58,134,95,136,105,6,119,133,125,31,5,71,38,127,117,138,19,146,77,149,2,137
80,137,104,144,61,49,4,9,129,98,120,115,72,123,111,76,39,66,11,79,59,102,143,23,38,138,94,27,75,25,31,139,83,26,10,88,114,124,16,57,78,122,146,91,18,131,128,8,60,133,130,22,6,87,13,106,145,1,45,32,136,96,74,69,53,84,103,109,20,125,121,54,118,41,43,0,47,21,52,116,147,46,92,100,3,85,17,105,48,112,19,12,67,132,126,30,113,110,141,37,7,97,34,56,107,93,50,35,14,29,58,86,149,40,70,95,142,36,82,42,62,89,33,44,71,28,73,99,24,134,140,64,15,81,119,63,90,55,68,148,135,127,117,5,101,65,77,51,2,108
48,16,104,27,124,137,5,139,129,19,79,30,72,75,111,133,47,35,142,4,59,6,143,22,38,138,61,0,70,14,105,73,86,87,10,149,55,102,62,118,115,32,44,71,76,11,132,77,131,57,110,98,92,116,109,101,20,121,114,66,136,96,74,69,53,84,128,36,18,145,91,54,13,41,43,78,25,106,46,1,89,117,3,33,23,34,17,112,100,83,120,135,67,29,126,56,113,21,147,37,7,97,9,63,107,40,50,49,45,99,125,60,39,65,130,95,85,88,82,80,134,127,12,144,94,28,15,141,24,108,140,64,8,146,119,31,90,52,68,148,42,26,122,2,81,123,58,51,103,93
122,117,65,92,124,15,5,105,129,148,79,75,68,146,25,112,97,121,42,4,131,1,94,22,38,73,61,0,93,14,58,10,110,87,76,139,143,126,49,118,115,108,31,71,80,104,132,77,138,113,2,57,120,116,85,101,83,109,21,66,102,59,74,69,137,84,16,123,52,33,91,99,60,41,11,78,67,34,46,135,43,64,3,103,6,54,56,95,40,125,106,30,70,107,145,27,149,128,19,72,7,36,89,114,44,127,50,24,63,37,12,13,90,47,130,48,111,28,142,29,134,53,55,144,32,45,35,141,23,9,133,20,8,98,119,86,147,18,62,96,140,26,17,82,81,136,88,51,100,39
135,99,65,30,124,15,5,139,129,91,63,75,130,50,138,21,29,121,77,4,47,107,94,57,126,73,11,96,72,14,58,70,61,32,69,62,143,38,141,110,81,108,102,144,120,104,25,27,49,113,2,1,117,66,19,40,35,147,18,12,48,36,46,22,137,84,16,109,118,33,128,17,45,131,53,114,67,133,34,71,43,88,60,103,6,85,97,95,3,115,106,112,125,10,101,105,116,87,59,68,7,132,0,42,134,74,76,24,140,37,83,92,44,54,98,93,111,28,13,149,80,56,55,148,82,52,39,51,142,9,23,86,8,26,119,64,145,89,79,123,90,146,31,20,41,136,122,127,100,78
19,112,65,78,67,71,5,127,139,32,90,75,130,95,109,91,120,11,18,46,17,138,30,14,126,31,56,63,72,61,89,58,122,40,27,135,1,21,79,48,69,128,84,144,140,104,33,123,6,146,70,125,92,66,121,96,86,94,149,12,85,36,57,73,107,93,16,141,118,0,131,100,45,29,53,35,108,62,34,26,43,143,60,105,102,113,147,88,3,9,106,142,81,10,101,77,38,15,116,68,24,49,7,42,47,74,117,99,114,37,83,4,44,54,23,2,111,98,110,124,50,25,55,115,80,52,8,134,148,39,13,87,82,28,119,64,145,59,97,129,22,137,103,20,41,136,76,133,132,51
19,75,6,78,65,35,54,31,26,93,90,134,130,125,20,89,120,11,18,67,17,59,30,68,80,16,55,136,72,61,8,58,64,40,27,81,32,52,56,116,69,144,84,38,103,91,132,148,128,94,137,112,119,22,121,96,135,95,146,127,1,118,57,104,21,46,82,36,33,139,122,71,45,23,42,107,138,77,108,123,43,143,92,51,102,113,4,10,3,115,106,88,13,98,101,66,70,41,44,15,85,49,7,83,47,34,114,105,79,37,62,24,48,29,12,2,111,131,0,149,50,124,141,74,100,86,28,147,126,39,145,110,142,87,60,99,63,53,5,129,25,97,117,140,9,14,76,133,73,109
85,110,6,96,105,69,54,127,33,107,133,111,68,125,20,47,49,106,0,71,145,59,89,119,57,16,55,92,114,112,130,99,64,40,8,81,32,34,56,116,100,67,84,37,103,118,11,63,136,95,137,94,30,22,58,126,128,72,78,38,52,87,108,18,91,31,17,135,14,139,29,66,45,88,42,4,122,77,65,134,43,143,21,97,80,35,75,10,46,27,23,113,13,123,70,98,120,41,24,15,104,1,115,83,73,48,82,26,124,121,62,138,149,140,109,36,50,131,93,12,44,2,129,51,61,86,7,74,79,39,147,132,142,3,28,141,53,60,5,102,25,90,117,101,9,144,76,146,19,148
89,37,126,2,32,84,50,149,33,35,133,27,12,95,20,63,60,137,101,71,124,59,44,119,99,4,41,143,117,76,130,100,116,40,87,81,145,23,56,93,110,69,3,29,131,127,111,114,136,140,14,105,83,121,85,1,128,78,49,38,55,21,108,104,91,31,30,112,42,64,94,66,46,88,96,107,122,77,65,134,43,129,0,36,45,16,75,70,24,52,10,79,13,123,141,57,120,34,54,74,61,68,115,58,80,103,47,26,6,53,51,138,132,90,142,109,15,18,67,19,106,73,22,17,144,86,7,11,118,39,147,62,82,97,48,8,72,98,5,139,25,135,148,28,9,102,92,146,113,125
72,37,132,61,91,44,50,130,33,76,54,131,12,11,101,34,85,111,97,95,36,70,15,119,96,84,41,140,114,143,83,100,148,147,87,106,4,116,24,7,110,99,77,29,25,127,52,138,39,134,14,105,64,93,56,88,124,78,49,48,55,89,90,103,60,31,30,112,144,53,94,139,46,145,81,107,122,9,28,38,135,129,79,16,133,23,117,35,69,21,10,71,13,115,82,57,47,109,141,66,22,68,123,120,80,59,32,128,3,102,51,1,58,6,142,8,104,18,86,42,2,73,92,43,137,67,20,27,118,113,0,62,17,149,75,65,63,98,5,146,19,45,74,136,126,26,121,40,108,125
72,59,132,34,116,94,50,130,61,76,7,27,22,51,75,26,54,92,78,95,36,70,55,119,96,16,125,140,121,2,42,100,148,89,53,147,15,62,11,85,110,93,9,124,19,127,52,138,128,48,97,117,64,136,56,88,142,120,49,90,58,115,112,43,122,31,30,20,114,131,134,139,123,145,149,107,111,144,86,82,1,129,141,38,18,118,87,35,28,21,77,91,14,33,46,126,47,71,39,66,106,13,17,41,74,5,63,99,68,105,83,133,3,32,80,8,101,29,69,67,113,57,109,143,137,135,146,44,24,79,0,104,81,10,84,65,12,98,4,108,37,45,102,73,6,25,23,40,103,60
53,59,132,62,113,94,102,130,13,33,118,75,22,37,104,80,147,73,116,97,27,145,148,8,143,34,96,2,121,105,11,117,125,89,99,10,41,127,76,31,3,43,9,86,16,60,103,134,128,110,85,141,137,63,56,93,142,72,35,111,58,21,112,44,122,38,57,20,114,131,12,124,92,70,5,52,42,50,32,82,49,139,36,30,47,55,4,81,28,66,146,91,107,61,87,126,15,71,39,54,65,108,17,88,74,84,136,26,68,95,101,133,83,106,24,14,1,29,77,67,98,123,109,140,149,135,51,69,90,79,0,19,120,144,115,138,100,129,18,7,46,45,48,119,6,25,23,40,64,78
15,1,14,52,43,142,102,37,141,38,85,28,18,93,95,41,145,30,116,5,3,98,136,53,67,56,94,146,130,47,8,11,125,89,99,140,73,44,26,59,31,97,64,86,119,60,57,111,129,46,113,49,42,84,80,16,76,72,22,117,135,21,112,96,40,87,48,20,148,131,12,124,109,70,58,134,143,50,27,127,101,139,36,144,45,55,33,17,77,82,68,51,115,61,107,126,121,13,147,54,65,108,114,88,10,103,34,118,35,110,137,133,83,106,24,92,69,29,6,66,120,62,128,123,149,81,91,71,90,104,0,19,2,138,122,100,32,79,4,7,63,75,74,39,9,25,23,132,105,78
77,143,112,53,0,84,48,56,54,148,37,57,80,11,117,36,145,42,91,5,10,98,136,18,144,90,28,146,13,149,2,130,125,50,99,15,39,127,26,1,44,111,6,86,139,102,129,20,89,46,66,49,17,55,87,16,72,132,93,88,135,21,30,71,29,40,8,38,95,131,65,124,109,92,58,140,64,75,27,35,12,118,34,113,123,85,33,100,22,96,9,114,97,51,142,126,121,79,122,47,67,108,76,41,141,103,134,73,4,110,137,70,68,138,24,82,31,94,106,61,120,62,128,107,133,81,7,83,3,104,45,19,59,25,119,74,32,14,147,52,63,116,60,115,101,69,23,43,105,78
29,61,112,140,38,23,136,71,54,37,56,60,70,11,85,53,145,67,91,55,132,98,141,18,25,13,28,35,105,22,82,41,2,50,8,15,48,127,26,1,122,19,148,111,101,7,73,106,27,134,124,49,17,149,65,80,72,20,93,118,39,21,46,79,102,40,63,87,95,142,103,59,45,30,16,99,78,146,34,88,119,69,89,113,64,36,92,57,75,58,129,96,108,51,9,90,97,109,77,6,117,33,76,135,144,4,107,10,86,110,42,126,68,138,24,123,84,94,131,66,120,62,128,43,130,81,104,83,3,125,114,147,115,31,100,74,47,14,143,52,5,116,12,121,139,32,133,0,44,137
40,58,112,25,75,94,147,71,100,136,59,36,70,11,37,122,83,21,91,55,20,2,141,131,114,15,57,33,113,35,82,41,62,43,118,13,30,61,34,22,0,121,117,140,68,7,73,106,95,16,18,44,17,149,65,120,127,23,66,46,111,26,74,109,124,105,63,104,8,132,103,47,45,12,29,108,24,146,54,88,130,6,89,90,86,67,137,139,148,142,69,119,102,51,9,145,126,5,72,98,87,39,76,135,123,96,107,10,27,110,14,129,19,138,38,48,1,78,31,79,144,53,128,77,56,81,28,85,3,64,97,93,115,4,125,80,99,50,143,52,84,116,101,60,92,32,133,42,49,134
13,58,134,25,137,78,147,91,92,149,123,129,70,32,142,33,145,44,85,106,136,1,76,87,26,29,57,124,113,30,89,41,144,95,97,61,127,128,71,5,118,121,82,64,68,109,73,24,83,16,48,2,11,14,65,120,104,130,66,46,111,69,74,47,10,105,146,53,3,60,103,8,45,84,101,27,34,98,54,88,18,6,12,90,86,67,36,139,110,148,7,49,51,4,114,119,138,112,122,141,96,55,102,20,143,23,117,140,39,9,40,132,19,15,17,94,31,135,22,79,131,35,37,115,38,81,28,43,126,108,107,93,21,0,125,80,99,50,56,63,42,116,62,77,52,72,133,75,100,59
54,36,134,18,78,82,147,91,81,149,133,20,66,123,25,145,43,10,79,60,136,45,96,87,38,34,31,17,83,30,119,102,63,95,70,76,111,128,71,116,104,124,110,64,109,68,73,107,1,140,32,59,11,2,139,97,8,130,94,41,126,69,74,49,105,16,142,53,4,99,35,90,50,84,52,27,58,98,103,22,21,115,12,88,86,67,65,40,48,148,39,6,7,0,3,125,100,112,122,141,85,55,14,51,143,61,117,101,9,137,15,132,19,5,108,144,26,135,93,29,92,24,37,131,121,127,114,129,77,46,23,33,28,146,44,80,47,138,62,118,42,89,57,120,113,72,13,75,56,106
21,36,127,29,70,90,147,91,81,25,133,51,66,4,10,145,11,2,18,98,31,45,131,141,64,149,53,83,61,105,119,50,63,111,103,47,134,126,71,22,104,112,124,41,135,68,73,14,1,75,32,110,20,34,87,143,24,6,82,59,49,138,74,0,140,16,17,109,132,99,35,72,89,96,52,9,19,146,78,8,86,115,60,69,121,67,139,102,48,95,23,130,123,43,3,92,107,5,54,42,84,55,113,97,137,37,117,101,76,100,7,79,38,142,108,88,26,129,85,148,12,58,65,93,128,136,114,125,77,46,80,33,28,15,44,106,62,144,27,118,13,40,56,120,57,30,116,94,39,122
42,122,87,29,70,30,104,91,88,25,19,45,72,83,123,26,128,7,69,148,63,2,147,141,55,149,53,137,61,105,76,50,100,130,145,47,51,126,54,142,129,127,21,41,135,68,136,38,1,75,0,14,20,34,78,143,86,80,82,59,97,144,74,107,140,9,52,49,134,99,95,131,15,85,71,31,64,46,66,8,24,101,60,56,121,116,57,102,48,27,23,115,39,44,3,35,124,5,37,10,84,139,77,4,133,114,117,93,112,111,110,28,125,33,81,73,22,16,132,58,90,119,65,98,120,109,12,113,32,89,103,92,146,67,6,18,62,96,17,79,13,11,106,43,94,118,36,40,138,108
131,2,112,33,70,147,18,91,13,26,104,93,63,3,146,75,141,82,69,148,125,78,117,20,55,132,48,49,84,115,76,0,80,130,145,47,29,109,128,122,129,88,140,111,135,126,92,38,1,114,36,83,39,34,9,137,86,87,120,59,97,50,4,98,64,118,65,144,7,95,35,108,100,77,71,30,68,46,66,127,24,101,43,23,121,116,25,74,110,134,31,139,17,44,27,61,79,5,37,72,90,6,16,102,99,10,15,51,85,149,45,143,8,96,81,73,22,124,133,41,107,89,105,123,54,14,142,113,32,53,103,60,136,67,56,19,62,11,42,58,12,52,106,28,94,21,40,57,138,119
90,2,23,101,70,50,65,42,103,15,143,18,147,59,145,98,109,82,5,83,1,91,36,135,107,132,21,49,84,128,110,96,80,130,22,45,121,87,117,122,118,127,112,148,133,126,12,57,92,14,93,95,39,26,24,60,86,114,67,88,38,51,141,115,64,106,28,144,41,97,35,137,100,37,71,123,53,46,120,8,29,9,33,102,34,13,131,74,108,52,6,139,17,44,27,61,79,66,19,72,30,78,111,47,99,10,63,0,85,149,75,43,73,16,81,48,136,124,7,55,69,105,113,31,77,129,142,140,125,146,89,32,54,68,56,138,62,4,25,58,134,3,20,104,11,116,40,76,94,119
141,15,13,28,70,2,127,76,125,44,115,46,147,89,24,56,29,51,5,139,75,90,91,135,61,73,43,114,84,27,110,131,96,130,22,34,121,87,117,128,41,66,112,11,45,4,12,124,25,14,8,95,39,97,23,60,148,57,67,53,38,35,143,54,64,134,122,144,120,88,102,137,100,79,21,30,145,99,103,77,81,123,109,48,32,108,42,118,126,52,6,94,17,93,36,82,132,136,119,72,138,78,74,47,149,65,71,59,37,106,16,146,92,86,19,62,18,107,7,55,49,129,113,31,133,101,69,140,10,9,80,142,98,68,105,20,83,63,1,58,85,40,33,104,111,116,50,0,26,3
43,140,77,142,12,112,2,1,16,44,115,46,34,125,102,84,91,81,70,55,139,28,141,118,61,95,131,72,100,27,36,110,60,138,22,9,99,130,75,89,37,18,50,11,71,4,126,124,67,14,8,147,96,97,23,64,137,57,149,52,48,35,3,38,136,6,78,13,148,121,119,76,53,79,123,32,127,135,41,20,117,145,17,63,26,108,42,88,49,98,105,94,107,93,82,134,132,24,114,120,143,54,90,47,29,113,104,25,39,65,45,56,92,86,19,73,128,15,31,103,7,129,87,144,133,101,69,33,10,51,80,21,85,68,106,122,83,62,74,58,66,40,146,59,111,116,109,0,5,30
33,140,50,110,12,109,2,82,103,42,115,55,133,53,24,142,91,70,119,48,139,34,58,49,26,79,38,72,100,28,36,45,56,113,128,9,81,77,75,27,23,40,8,11,71,4,104,80,67,18,125,105,96,97,122,130,137,7,74,126,145,141,120,68,14,44,95,15,148,60,78,76,121,131,123,13,134,118,41,127,94,1,108,135,22,111,73,106,114,98,6,10,84,93,149,63,132,66,99,129,85,54,90,47,87,117,29,25,5,20,83,136,92,102,19,101,62,52,31,143,17,89,3,144,61,138,37,107,59,51,112,21,57,43,30,39,69,88,147,16,64,35,146,32,86,116,65,0,46,124
6,140,112,16,50,109,2,71,103,115,26,106,40,56,13,142,62,70,119,41,139,94,117,12,52,79,33,72,81,101,36,45,60,3,34,8,116,77,93,27,42,138,65,145,53,118,127,80,83,18,54,4,31,97,35,98,137,7,59,126,129,141,67,100,43,131,120,49,55,96,78,144,74,121,123,132,134,147,104,21,1,111,86,73,9,92,95,44,114,22,11,76,122,149,23,108,107,66,10,29,85,57,47,75,87,128,125,25,148,20,32,105,84,102,28,17,58,24,14,143,38,89,46,68,48,19,37,5,135,39,0,113,91,130,30,110,69,124,63,88,64,136,146,15,82,133,61,99,90,51
59,108,8,16,50,109,60,71,2,115,26,96,136,77,110,142,105,28,141,41,146,107,13,48,88,94,67,21,93,57,36,6,43,3,34,118,58,117,84,62,121,138,53,114,1,0,104,7,131,124,54,12,31,97,85,98,130,80,126,29,56,51,101,100,127,15,11,49,23,44,78,144,66,102,123,120,133,35,42,4,135,116,45,63,33,92,95,74,140,148,14,91,122,149,83,82,87,73,37,30,90,9,47,75,61,128,24,38,111,145,32,70,143,55,76,17,40,86,10,65,137,89,46,68,64,19,25,5,79,39,139,134,119,27,113,132,69,129,72,22,52,106,18,103,112,20,81,99,147,125
15,99,96,16,101,109,76,64,2,48,132,21,47,52,110,142,105,28,80,125,3,98,81,74,88,14,70,128,107,57,53,117,26,95,144,30,58,56,84,143,121,37,82,13,1,137,12,97,34,33,87,114,126,111,139,116,31,112,60,29,45,123,67,93,72,79,146,50,23,44,78,135,46,102,62,63,133,55,27,106,7,41,119,36,120,43,140,108,141,148,86,6,122,149,83,59,131,130,92,113,90,68,118,32,61,54,24,42,8,145,40,136,77,66,91,17,104,75,134,38,0,89,69,10,127,19,25,5,49,39,94,71,11,124,100,85,65,138,73,22,129,115,18,103,51,20,9,35,147,4
134,99,96,16,8,61,139,142,2,85,132,65,79,137,95,101,105,28,149,138,13,98,81,34,88,7,146,115,107,108,77,123,26,89,112,72,40,92,56,143,70,30,82,27,103,66,25,144,128,24,22,39,54,5,48,125,74,120,52,29,121,135,67,106,41,102,114,90,38,44,64,140,1,36,49,63,133,118,117,3,57,21,60,11,130,43,31,62,104,148,86,93,10,78,111,59,58,84,4,113,122,68,69,76,37,20,33,42,18,145,110,136,15,124,91,17,129,75,32,50,0,80,109,19,55,46,53,131,9,94,45,71,141,47,100,116,126,97,73,6,119,83,87,14,51,12,23,35,147,127
134,101,148,119,38,61,70,76,2,85,132,65,145,69,95,9,113,34,147,135,25,90,115,106,67,7,146,121,110,122,77,96,36,52,120,56,123,144,40,51,105,30,94,109,17,66,3,78,74,133,126,89,54,57,48,108,102,59,138,79,16,82,60,83,41,24,114,49,45,44,64,130,1,131,6,93,124,149,117,97,91,13,50,11,86,43,31,92,104,32,88,73,81,27,75,10,58,84,18,29,98,62,28,103,14,20,33,46,137,125,15,0,39,63,26,4,129,5,8,42,72,118,99,136,19,128,53,55,21,112,80,140,141,47,22,116,100,111,139,107,143,142,87,71,37,12,23,35,68,127
87,26,148,23,53,106,105,80,130,18,132,89,145,131,95,9,123,83,139,140,25,19,64,24,6,41,146,79,47,111,33,7,54,16,120,52,142,112,67,17,65,128,2,121,90,66,14,61,110,133,126,5,11,57,135,15,43,59,45,31,34,82,100,38,96,60,114,49,44,40,141,74,1,102,76,93,147,85,92,48,91,37,50,28,86,149,119,69,104,32,88,94,81,27,4,56,124,73,134,78,98,97,75,103,10,20,39,46,77,122,13,58,29,63,70,71,68,127,8,125,72,51,108,136,36,22,12,118,21,62,3,99,138,0,144,116,137,55,84,107,143,42,35,115,113,117,129,30,109,101
87,26,49,125,33,106,105,69,52,126,138,71,81,58,41,116,123,83,147,140,60,19,95,40,6,130,146,79,64,94,74,112,121,133,111,44,139,39,93,17,132,104,109,137,90,66,14,61,120,24,113,5,13,57,141,25,43,59,45,29,34,86,102,127,144,75,31,84,8,128,67,53,145,99,124,62,108,7,73,77,91,129,50,20,21,32,96,37,72,101,131,0,27,18,4,103,142,9,134,28,16,100,63,65,10,47,78,48,82,122,119,136,35,11,70,85,42,2,92,149,89,51,38,1,36,22,12,118,88,80,68,3,115,76,148,46,110,55,97,23,143,98,135,54,15,117,114,30,107,56
101,100,63,48,33,137,112,136,52,126,138,120,110,92,59,32,17,117,64,47,60,103,95,35,71,94,146,79,116,86,74,37,61,133,111,149,140,39,13,68,73,57,1,31,90,114,14,24,2,4,113,125,119,128,141,42,132,67,93,29,15,41,25,46,56,16,9,84,130,22,97,53,145,99,69,6,81,34,105,127,85,77,148,20,21,118,96,144,147,51,131,0,27,18,142,80,104,106,134,129,5,40,109,38,70,88,50,83,82,122,30,87,75,45,123,139,91,3,28,78,98,26,49,143,121,65,12,55,102,7,124,72,115,76,44,66,89,8,62,23,58,11,135,54,19,36,10,43,107,108
18,103,63,118,64,137,112,129,148,8,23,51,42,92,120,138,83,117,121,102,84,33,111,125,48,128,94,124,59,7,74,135,19,147,88,86,30,141,13,81,24,57,1,31,32,114,101,85,2,73,113,37,79,52,29,91,132,67,66,4,149,41,25,95,56,104,9,115,130,20,119,45,145,15,36,6,100,22,116,127,82,77,35,126,16,53,96,46,93,14,44,11,71,140,142,65,99,106,39,139,108,47,78,109,21,122,50,98,40,17,43,87,76,134,123,68,54,3,110,38,80,72,49,28,75,144,12,55,136,69,34,61,58,5,131,133,89,146,62,70,0,27,90,26,143,97,10,105,107,60
112,137,17,118,115,92,83,148,143,87,53,2,42,58,147,23,31,19,37,15,141,52,123,125,25,128,1,10,59,84,74,135,136,146,88,30,90,48,47,81,100,57,41,97,116,66,101,85,12,105,131,56,64,44,149,91,120,20,9,6,5,138,102,95,49,130,86,132,114,124,119,45,145,107,93,142,70,60,144,127,33,67,61,103,16,62,126,46,109,14,140,32,71,36,122,65,72,106,80,11,108,94,79,104,21,39,50,98,40,0,43,3,76,28,133,8,54,13,117,113,4,134,99,129,75,96,7,55,111,73,34,68,38,18,29,82,89,69,121,63,110,27,78,26,139,35,51,24,22,77
82,33,72,91,115,32,101,148,26,56,53,143,34,113,9,67,52,19,136,119,116,30,107,49,79,128,124,42,141,58,74,112,103,146,20,8,90,31,47,81,23,68,41,97,6,12,122,71,139,135,14,36,54,149,45,44,17,62,75,38,114,138,102,13,117,92,104,132,85,134,129,63,106,109,21,142,88,93,144,127,76,131,61,1,16,46,126,99,137,96,140,15,110,25,57,65,86,70,80,87,84,105,83,4,29,27,50,98,18,0,43,3,5,28,133,69,10,94,48,95,11,40,123,100,64,118,145,55,111,73,51,120,108,2,59,89,147,7,121,66,39,125,24,60,130,35,37,78,22,77
116,33,111,119,45,68,115,51,85,138,108,143,41,113,42,3,52,19,136,26,135,70,147,97,59,128,93,53,1,58,74,48,103,65,64,8,118,46,137,11,92,61,120,124,101,141,21,96,132,78,47,20,54,39,79,44,149,62,146,38,94,83,107,6,28,99,104,139,82,134,129,23,106,145,40,12,88,7,144,71,76,27,81,89,100,142,34,122,117,14,140,63,16,57,37,90,30,36,80,87,91,105,50,148,131,126,4,98,49,0,84,31,110,22,13,69,109,86,56,95,10,60,123,15,114,75,102,55,18,73,25,112,133,17,72,32,35,9,121,66,5,2,24,127,130,43,125,29,67,77
89,79,98,119,23,96,102,110,50,0,108,130,149,113,137,3,97,38,66,26,135,124,42,95,91,128,136,43,138,103,105,16,36,19,64,14,118,116,62,87,65,78,81,10,141,39,21,18,132,15,86,4,54,67,147,125,49,2,101,104,31,90,107,6,28,99,139,82,61,134,111,55,106,145,40,100,120,7,88,13,144,27,123,92,46,83,34,52,11,94,140,115,53,44,60,77,30,93,74,117,58,142,45,148,131,126,51,69,71,5,84,129,41,22,8,70,35,9,56,68,12,63,1,112,114,75,73,33,72,146,25,133,85,17,20,47,59,143,121,37,122,109,24,48,32,127,57,29,76,80
72,9,7,119,57,96,20,90,5,110,108,107,132,25,68,3,97,142,78,26,19,124,50,67,91,39,109,1,17,145,105,66,36,138,64,69,42,14,62,34,123,112,81,30,141,118,21,28,44,15,86,76,149,117,60,104,41,129,8,6,13,137,99,111,58,115,139,133,61,134,27,59,106,32,31,37,126,82,88,51,102,56,43,87,116,83,33,52,22,94,95,144,125,47,101,77,75,10,74,71,49,35,45,148,131,18,24,98,40,65,84,92,23,89,53,140,93,38,114,2,12,46,103,136,130,54,73,85,127,146,120,100,147,121,122,4,135,143,79,63,128,16,70,48,55,0,11,29,113,80
51,113,7,10,110,17,34,78,114,64,97,95,20,139,68,67,48,142,27,115,100,37,50,30,135,47,109,112,105,49,87,66,36,118,128,129,42,26,11,46,123,59,81,5,141,84,21,107,136,24,44,76,149,117,116,131,130,90,8,33,13,137,99,38,6,132,102,56,104,134,94,89,125,29,55,138,80,82,91,96,1,88,43,4,72,83,58,62,22,101,85,148,144,77,103,120,75,19,74,61,12,9,45,60,69,18,124,39,127,65,41,0,23,28,121,140,32,98,86,2,111,63,92,133,57,108,93,3,126,146,14,119,147,52,122,73,54,143,79,25,53,40,70,16,31,106,71,35,15,145
48,113,137,77,56,78,34,104,73,27,97,127,99,51,102,71,32,69,66,96,76,9,59,30,135,47,5,114,118,131,90,107,123,94,58,64,100,141,11,46,4,17,92,111,117,84,15,142,8,1,44,16,149,95,116,110,80,75,81,33,13,14,130,35,7,60,6,45,57,147,65,128,143,29,55,112,124,136,22,20,39,88,43,52,72,86,50,24,40,101,85,125,144,83,103,120,93,19,91,61,134,82,63,67,148,18,133,106,38,62,41,42,0,28,121,115,10,98,140,2,37,23,138,26,132,89,68,108,109,146,74,36,3,54,122,105,129,12,49,25,53,70,79,119,31,126,87,21,139,145
136,139,105,145,140,128,27,120,73,98,97,127,14,51,102,71,21,129,34,96,76,46,149,30,78,20,5,80,124,131,58,6,95,113,138,93,100,141,45,133,104,72,92,111,43,135,94,88,47,67,79,75,15,60,57,110,142,112,146,132,13,42,130,4,7,31,90,85,70,118,41,24,40,22,55,143,8,116,19,86,39,69,16,35,107,54,50,17,49,101,63,115,144,123,99,56,65,36,91,61,134,126,3,11,32,18,125,106,38,114,89,48,0,64,37,33,12,1,148,52,83,23,68,82,10,26,44,108,109,66,74,29,28,121,122,84,117,2,103,137,53,62,147,119,87,81,59,9,77,25
102,55,105,145,138,128,141,34,133,75,63,130,14,142,140,71,21,129,112,79,1,125,44,91,29,20,5,49,24,65,101,6,97,41,57,8,131,70,45,96,104,3,121,111,149,25,86,88,134,30,98,10,109,60,56,110,139,84,38,52,32,135,136,93,119,39,27,85,31,18,116,113,40,118,127,143,62,95,19,144,92,47,122,46,13,54,50,17,103,2,64,72,137,90,99,51,123,36,117,16,120,23,61,11,37,4,100,132,15,114,80,42,107,58,83,94,89,35,148,68,33,12,67,146,48,73,124,108,106,66,74,78,28,126,82,115,26,0,53,22,43,7,147,69,87,81,59,9,77,76
76,85,95,145,138,66,141,99,130,113,63,110,133,115,35,94,148,129,127,79,25,119,100,33,13,4,5,49,74,101,51,73,12,55,125,31,108,81,71,96,104,3,121,111,10,45,39,88,36,30,107,147,131,60,86,54,112,140,27,120,21,134,83,93,146,128,75,53,135,70,116,139,11,118,29,91,62,149,123,144,92,47,26,46,56,89,137,0,103,23,64,9,105,2,17,97,122,28,52,16,32,98,8,40,37,19,1,132,15,114,102,42,38,58,72,43,142,50,126,78,80,14,67,57,48,68,124,18,20,136,61,117,41,22,106,82,7,109,6,90,77,24,69,44,87,34,59,65,84,143
8,85,39,86,18,136,31,99,130,58,63,97,104,98,17,3,47,129,33,148,40,119,100,133,117,4,5,50,128,101,127,73,30,88,80,48,7,81,146,74,26,143,66,77,10,57,61,49,36,34,123,134,41,60,22,42,141,140,27,120,137,145,115,93,14,16,11,53,38,70,116,19,12,118,135,75,23,149,35,6,20,105,1,29,112,89,147,21,56,142,78,72,0,65,94,95,122,28,52,108,131,102,59,91,37,82,46,13,15,32,25,68,2,103,121,106,125,113,83,138,110,54,67,126,71,51,124,92,79,96,107,24,9,43,111,114,139,109,132,90,144,76,69,44,87,55,45,64,84,62
8,32,114,86,18,139,93,99,71,65,10,138,26,129,97,74,121,49,67,38,141,87,100,133,64,147,70,25,6,34,48,73,5,124,112,37,7,81,2,44,47,143,66,77,3,36,31,11,96,56,21,0,148,103,88,92,41,140,27,120,83,145,115,33,118,16,94,53,128,43,116,19,104,117,60,75,23,35,46,110,84,52,76,105,95,89,12,106,22,142,78,17,14,80,85,131,55,61,57,146,29,149,59,91,30,134,42,13,28,20,135,68,72,4,1,50,40,113,39,98,54,119,136,62,58,127,82,130,79,63,107,24,126,144,111,15,132,109,108,90,137,122,69,125,123,51,9,45,101,102
69,115,114,83,18,60,93,99,12,3,1,118,40,143,52,136,132,110,67,38,72,62,57,137,64,131,123,25,6,74,125,73,5,112,95,82,90,133,146,44,8,81,139,31,70,88,24,97,21,2,84,0,50,28,128,87,41,140,76,120,124,145,91,142,129,16,86,53,37,79,116,19,63,117,101,59,148,65,46,147,119,43,130,141,144,71,77,106,22,138,51,17,35,23,85,98,122,78,58,113,89,66,80,49,30,7,42,134,55,20,36,68,108,75,48,54,56,121,61,135,11,4,45,47,26,127,34,39,104,29,107,149,103,13,111,15,92,109,96,10,126,32,27,94,100,33,9,14,105,102
81,115,92,83,10,0,140,99,12,50,1,118,32,90,70,136,132,52,122,38,4,62,95,88,64,104,123,35,111,19,24,67,98,6,49,82,94,5,146,8,130,119,139,60,126,72,147,131,34,14,143,116,128,28,51,44,149,36,69,7,89,79,114,142,129,91,86,31,37,102,41,33,63,43,3,65,40,59,109,61,117,74,97,9,21,56,141,105,22,57,120,17,58,23,85,106,121,73,15,125,2,78,80,138,110,53,144,134,16,20,26,68,75,76,48,55,66,103,30,77,11,107,45,47,87,127,18,39,71,96,46,137,113,13,108,101,84,145,25,42,148,93,27,29,100,124,112,133,54,135
16,97,147,114,142,72,140,20,92,94,1,127,112,90,28,136,132,87,122,38,107,62,91,81,64,52,17,35,39,99,37,68,98,139,110,5,117,22,42,40,130,58,54,95,56,7,85,77,34,14,101,121,149,67,57,44,135,146,116,137,10,125,88,51,143,133,86,31,29,123,41,33,63,80,24,65,76,102,128,36,79,0,12,49,6,106,141,105,73,66,109,89,11,23,148,126,83,113,118,111,129,25,75,78,138,53,144,27,2,74,50,47,108,104,48,13,18,103,30,15,134,26,45,3,32,61,59,131,71,96,46,4,8,82,69,21,84,145,9,70,119,93,43,115,100,124,120,19,55,60
9,115,125,114,112,118,105,20,92,147,15,124,134,58,28,144,7,21,122,38,62,55,91,85,138,110,27,35,1,5,37,68,100,140,71,127,48,111,42,109,130,0,54,93,89,99,3,60,39,14,136,103,149,141,56,44,66,139,132,96,17,64,72,51,143,120,10,31,106,123,41,69,135,61,80,57,76,102,128,36,137,133,59,49,6,107,25,116,145,87,131,74,88,23,70,119,146,113,108,97,129,79,75,24,2,53,12,33,126,94,50,26,142,77,46,13,18,117,30,34,86,43,45,11,52,101,29,73,104,22,90,148,84,82,95,16,63,32,19,4,47,40,121,78,8,67,81,65,83,98
146,88,54,114,112,99,105,113,92,148,43,40,134,58,32,64,44,21,122,1,106,119,91,85,95,65,47,101,16,110,37,133,6,109,111,127,22,20,81,90,130,72,140,31,89,50,41,3,39,121,84,103,97,141,86,94,9,139,132,19,30,15,120,51,143,7,96,57,138,63,34,38,135,79,48,68,124,56,128,36,137,66,62,67,42,73,25,74,2,87,145,82,45,23,8,49,117,123,108,70,35,147,104,24,60,0,12,33,76,69,53,93,142,149,75,18,71,126,125,144,116,102,136,11,52,129,29,27,61,14,118,55,46,80,100,10,59,5,115,107,98,4,28,78,131,13,77,17,83,26
101,80,35,42,112,114,131,78,64,56,96,132,71,0,89,45,94,7,136,76,66,79,118,85,109,130,58,74,103,34,119,104,123,142,111,145,1,110,40,92,125,72,146,31,39,47,41,144,68,121,84,107,44,19,29,120,9,139,82,33,16,15,32,148,57,63,106,105,22,26,113,91,135,90,48,70,124,28,128,4,137,122,62,38,143,73,138,27,18,88,127,149,102,23,8,49,117,25,81,53,141,17,36,24,6,30,12,21,87,69,133,93,147,10,75,14,77,126,51,54,116,65,55,11,52,95,60,86,61,108,59,3,46,134,100,67,43,129,115,97,98,37,140,20,50,13,2,5,83,99
101,108,123,95,28,114,131,83,1,148,76,73,115,58,129,32,94,7,146,0,66,79,18,63,109,130,96,74,25,3,119,104,78,142,111,126,139,5,40,92,132,72,87,19,124,147,41,6,140,136,68,107,85,112,145,149,9,44,46,33,16,15,45,134,36,56,29,47,137,61,64,91,54,113,48,70,37,116,86,35,22,122,26,38,125,23,133,100,77,88,90,39,102,93,118,103,110,57,81,51,2,75,8,17,106,121,59,11,117,49,60,62,144,10,143,14,71,98,120,80,67,65,31,13,141,4,82,12,53,42,34,24,21,138,105,52,43,135,127,69,84,97,27,20,50,55,30,89,128,99
50,38,30,19,36,61,76,9,1,77,95,73,40,119,129,131,49,7,54,0,22,79,127,140,13,130,91,29,123,46,116,85,112,141,18,126,139,147,17,92,132,72,87,62,101,31,41,66,3,108,68,82,142,115,57,107,148,113,135,53,34,15,45,134,136,56,5,122,137,20,35,63,26,42,81,99,37,74,124,117,133,58,118,109,125,65,78,28,55,88,69,16,39,32,27,12,146,111,96,51,2,90,145,10,144,121,59,11,105,128,21,4,114,6,143,14,71,98,120,80,67,106,8,102,110,75,86,103,83,94,104,149,100,138,24,52,64,93,33,97,47,43,60,70,44,23,84,89,25,48
50,12,30,56,36,21,76,9,1,130,95,122,145,46,129,131,123,81,54,92,22,38,127,49,33,64,43,29,65,32,23,96,42,141,75,28,121,55,110,82,60,20,98,146,101,148,100,31,3,107,68,93,45,115,66,134,116,113,135,143,48,69,4,15,136,0,47,133,19,89,35,63,6,125,86,99,34,74,124,73,11,27,39,109,84,26,114,149,53,88,132,41,106,147,16,77,137,111,62,126,2,90,17,10,144,61,59,7,105,67,120,58,71,108,112,119,140,91,51,79,52,85,97,128,102,83,8,57,72,25,104,103,13,138,24,5,14,44,37,70,87,117,94,118,80,78,142,40,139,18
34,67,145,15,61,91,72,7,1,78,131,79,105,46,117,112,106,123,13,39,22,38,94,108,33,64,120,115,86,32,23,99,55,141,97,28,63,71,110,82,12,20,118,70,2,134,100,142,130,149,93,36,45,102,40,4,116,53,135,143,48,146,56,10,138,0,125,44,19,89,51,95,14,43,50,144,133,74,124,122,76,73,66,109,96,26,148,103,139,75,132,16,62,101,87,98,84,111,80,54,81,41,29,92,126,107,37,49,113,68,27,58,47,9,31,77,140,114,129,42,6,88,18,128,69,83,8,57,147,25,104,119,137,65,24,5,136,60,59,121,11,30,85,127,52,17,3,21,90,35
113,5,123,40,61,121,32,127,19,2,111,75,52,87,138,85,49,96,48,83,22,125,98,108,33,64,6,124,67,94,23,99,65,141,97,105,44,60,72,82,41,20,7,0,21,1,100,142,3,149,93,38,17,130,26,112,28,53,135,143,36,69,55,10,27,91,116,81,31,89,80,118,14,43,84,144,133,140,77,122,71,95,136,50,30,46,62,90,139,37,70,104,45,15,66,134,86,146,13,54,68,4,115,119,8,56,117,12,107,148,29,58,74,9,34,51,102,114,73,42,63,57,129,128,132,101,110,106,147,131,92,39,137,103,24,78,145,120,59,47,11,88,79,16,76,109,18,25,126,35
46,102,127,140,61,51,104,145,91,16,111,119,52,42,138,28,49,63,131,83,22,125,116,108,88,136,8,124,67,62,113,99,109,75,0,4,44,95,135,21,41,9,134,141,78,1,139,69,3,24,120,86,17,37,26,112,60,27,58,92,149,98,6,114,142,130,19,18,55,38,34,14,77,73,84,97,64,106,36,29,71,82,79,50,23,30,94,90,144,25,70,10,45,105,2,101,103,107,66,54,68,121,53,20,12,56,87,32,39,148,100,31,74,5,7,40,132,146,35,93,13,57,129,128,122,133,110,43,147,85,33,65,137,118,47,80,89,48,117,72,15,59,143,81,76,96,123,115,126,11
149,65,127,110,3,51,5,54,21,128,90,61,108,114,111,77,49,63,131,58,119,26,12,146,88,56,98,34,116,60,113,35,109,75,62,4,23,85,115,13,135,45,101,141,78,1,22,71,42,24,124,104,19,37,9,48,8,53,25,47,68,73,6,69,142,130,134,18,16,100,132,38,139,87,136,97,112,106,55,29,81,82,41,50,105,30,96,133,15,44,102,94,144,17,7,64,103,122,95,66,84,121,2,79,86,43,145,20,126,148,123,31,57,80,27,40,52,14,76,74,140,10,39,0,107,138,70,129,147,92,33,83,137,118,67,46,89,28,117,72,11,120,143,59,36,32,125,91,93,99
5,14,127,110,41,148,78,143,97,76,72,140,15,43,80,61,101,95,44,131,52,26,12,33,9,139,98,34,141,82,113,59,19,87,107,49,20,35,67,13,91,57,18,47,32,1,73,4,129,24,124,106,79,37,30,142,75,53,25,119,111,118,133,116,51,130,55,137,16,85,121,36,68,23,136,11,146,65,83,29,81,8,122,50,145,109,96,45,135,39,149,92,144,17,21,64,103,48,54,66,84,94,3,108,86,117,2,22,126,7,62,31,58,63,27,105,42,60,46,114,71,10,88,40,77,138,90,56,147,125,123,6,74,128,93,0,89,28,69,112,132,120,134,115,102,70,104,100,38,99
74,122,101,110,118,120,117,15,141,85,57,124,48,134,51,103,35,86,41,96,21,26,79,121,149,139,0,52,28,88,61,81,78,56,107,49,20,114,67,27,148,91,18,60,32,1,116,127,9,24,65,106,12,92,30,133,14,95,25,119,111,4,43,44,2,34,55,137,16,72,50,39,38,23,143,83,33,76,75,37,68,59,144,89,99,47,8,45,131,62,140,5,19,17,142,87,69,115,54,29,7,77,3,58,130,93,147,22,126,64,128,31,53,63,145,135,42,94,46,73,71,10,125,40,108,90,36,13,129,138,104,6,82,113,80,136,123,109,98,112,132,105,100,11,102,70,146,97,66,84
74,121,103,110,118,0,107,17,141,134,61,84,138,52,69,91,129,98,102,33,21,26,79,13,23,49,120,5,109,9,54,132,6,64,144,111,78,133,51,89,148,38,44,50,32,1,59,127,135,113,65,85,12,3,30,96,62,126,67,105,14,29,43,104,34,39,108,137,15,119,80,41,48,88,19,55,149,76,72,57,68,86,145,18,122,124,8,115,99,101,140,2,4,66,10,16,7,28,40,24,82,35,139,58,130,147,20,22,83,53,128,31,92,106,70,63,42,94,46,73,116,93,125,143,47,90,36,56,87,131,27,37,45,77,25,136,123,75,71,112,142,81,100,117,114,60,146,97,95,11
74,121,65,86,35,110,107,17,87,8,61,85,71,59,30,91,129,124,108,33,21,109,112,13,131,52,120,80,40,36,104,46,6,53,69,111,128,147,51,90,148,134,44,50,0,4,136,77,72,113,39,37,12,88,47,106,62,16,42,10,25,29,122,139,34,116,141,41,143,119,127,102,140,114,19,55,56,78,38,57,15,101,3,126,123,66,125,63,99,142,31,2,45,83,76,132,43,68,96,130,82,105,24,58,115,93,20,133,5,48,145,9,118,98,23,22,11,89,32,73,67,54,97,49,1,14,64,135,92,26,27,144,84,146,137,138,103,75,7,18,94,81,100,117,70,149,28,79,95,60
113,31,70,148,86,114,107,17,127,23,92,53,69,65,30,118,129,43,126,52,11,128,12,89,79,16,120,80,51,9,101,88,6,18,19,133,131,73,125,39,0,121,63,50,119,48,33,139,72,26,5,56,109,138,87,59,108,104,42,10,13,134,122,35,146,116,141,25,143,20,110,102,91,147,21,140,124,24,15,57,66,47,3,117,123,62,41,36,99,77,142,55,45,75,111,132,106,76,96,130,61,105,83,4,115,93,98,144,46,8,145,2,27,67,85,58,22,149,68,81,37,54,97,49,1,14,64,135,90,100,34,7,84,112,40,32,44,136,137,78,94,29,82,74,60,103,38,71,95,28
84,149,70,15,129,31,107,17,16,69,53,108,58,65,3,57,88,43,126,48,62,128,127,125,11,95,98,74,122,9,51,42,28,36,19,86,131,94,73,39,10,44,52,50,143,89,33,139,72,26,5,56,83,81,87,77,20,104,92,32,13,134,100,135,12,90,82,97,37,75,4,102,138,147,68,118,124,24,25,121,41,112,66,117,123,137,34,132,145,96,142,115,113,78,63,110,106,146,105,21,61,93,8,60,18,27,91,6,67,109,111,23,99,14,85,45,119,55,47,148,141,40,71,49,1,46,79,133,76,80,120,7,140,114,22,59,54,136,116,101,35,2,130,0,64,103,38,144,29,30
84,138,61,15,8,120,107,17,134,69,110,108,105,115,118,125,54,75,126,32,127,21,24,9,56,1,98,74,79,102,0,82,29,26,106,149,97,25,58,39,65,3,88,136,143,16,33,73,72,50,5,139,83,130,87,28,109,89,7,31,13,145,77,135,12,64,66,34,35,90,38,36,57,147,68,11,124,132,81,121,41,117,113,116,137,4,46,100,63,59,140,99,104,94,129,91,52,123,92,70,37,93,42,60,148,51,86,6,19,96,48,23,49,53,85,80,119,45,20,14,141,47,71,133,18,55,112,122,76,95,128,142,40,114,30,43,27,44,62,101,22,2,78,131,67,103,111,144,10,146
84,135,36,35,8,7,136,122,120,18,109,108,110,104,118,125,130,75,126,22,127,21,128,92,12,103,80,39,37,116,57,82,17,111,140,149,100,51,58,115,121,26,105,40,143,16,33,73,129,50,34,64,113,29,46,72,41,89,48,31,13,55,102,53,1,25,6,117,62,141,66,98,30,28,87,52,60,132,54,93,78,56,106,114,137,4,67,5,65,59,79,99,61,94,97,138,77,123,44,70,19,139,42,145,0,133,146,24,2,96,68,43,74,119,85,69,20,134,95,32,112,47,71,23,15,63,131,76,3,148,11,142,124,49,147,88,27,107,45,101,14,91,38,90,83,86,81,144,10,9
101,23,28,73,144,7,116,49,38,126,77,148,84,104,112,125,131,75,110,86,97,87,105,135,12,103,122,39,37,149,92,82,17,111,6,21,119,137,85,115,16,66,128,130,20,61,55,33,99,81,27,127,72,29,46,90,50,34,106,31,141,80,102,22,83,53,108,25,62,67,13,98,109,78,68,89,32,120,54,93,71,56,94,114,147,117,70,5,65,59,79,44,35,136,134,26,19,52,142,124,145,139,58,2,113,133,146,24,64,8,143,129,74,107,1,69,51,4,118,57,30,95,47,48,15,63,91,11,42,132,96,76,18,0,3,88,140,43,121,138,14,36,41,40,60,123,45,100,10,9
108,0,68,34,60,135,64,38,67,54,47,65,84,113,44,125,45,130,121,86,97,87,63,134,12,116,37,139,23,149,21,82,105,99,144,92,41,137,101,4,16,50,9,69,52,30,55,22,20,122,27,85,72,53,73,138,115,103,106,126,11,39,102,136,33,145,10,111,62,146,142,98,1,78,132,26,75,112,147,66,43,90,13,46,8,104,77,133,61,93,71,59,140,70,100,80,19,94,29,124,141,128,58,2,49,35,32,24,25,131,119,110,74,107,48,56,51,83,17,57,114,118,120,7,15,89,91,143,42,31,96,5,18,95,3,88,109,76,6,117,14,36,148,40,127,123,28,81,129,79
109,0,92,100,91,59,105,84,67,68,76,128,129,4,44,35,75,38,121,47,50,49,6,93,12,116,37,139,62,144,110,25,10,141,17,97,22,137,107,86,54,60,78,64,29,8,55,41,66,14,2,136,72,53,106,69,115,90,103,46,11,132,56,70,33,145,77,32,23,146,142,94,1,85,16,26,112,80,7,118,39,101,43,5,82,104,123,133,61,125,111,36,134,126,74,27,19,114,102,124,21,63,117,108,45,52,147,51,120,131,119,71,122,79,96,81,24,83,87,20,40,57,98,13,34,48,149,143,42,31,15,58,18,95,3,88,113,138,65,30,99,9,148,130,127,89,28,73,135,140
109,0,64,100,124,59,125,27,76,68,94,47,146,4,54,126,40,38,24,127,50,1,111,93,85,62,14,149,10,84,105,117,90,141,17,99,22,110,44,86,89,23,78,116,29,143,98,7,66,49,2,145,118,96,128,21,115,80,34,45,88,130,71,11,33,28,35,123,37,129,142,120,132,95,16,18,48,119,69,53,137,82,92,5,106,65,56,97,112,122,70,36,26,144,51,104,46,114,102,81,113,39,43,77,133,52,147,74,58,60,101,72,139,79,41,108,55,83,131,20,32,57,12,13,87,42,61,134,103,31,15,30,107,138,3,91,75,136,6,8,19,9,63,135,25,121,148,73,67,140
11,18,121,17,23,68,69,40,74,89,62,64,107,146,115,22,28,38,127,85,50,144,46,77,29,31,78,42,15,70,105,117,101,65,145,148,75,110,113,86,3,103,4,51,95,91,123,7,92,32,26,149,14,96,128,41,16,80,104,45,88,136,94,109,33,131,35,100,37,55,142,120,1,8,137,135,48,119,72,71,126,82,43,5,59,129,140,134,25,122,118,54,138,97,57,106,76,114,124,81,27,39,6,53,61,52,147,0,12,60,30,98,139,79,21,108,133,83,34,20,125,19,116,13,87,58,132,47,66,143,2,93,10,56,99,90,49,24,73,84,111,9,63,102,130,112,141,44,67,36
8,127,142,135,40,17,129,45,74,89,62,64,63,125,94,12,18,32,61,22,85,128,46,77,39,133,117,80,2,29,105,132,101,146,145,50,75,110,49,114,5,3,36,93,138,91,23,7,67,71,37,149,68,65,59,41,16,60,102,27,11,136,79,109,33,84,55,112,115,98,96,24,124,47,144,1,86,119,103,48,113,82,43,126,20,31,140,134,137,139,118,90,9,58,88,35,92,15,28,81,38,97,6,56,83,52,147,0,100,13,106,69,107,54,4,30,53,51,34,143,108,21,116,95,87,78,111,26,66,44,148,141,10,57,99,76,42,19,73,70,104,25,123,14,130,122,72,131,121,120
106,127,142,82,40,17,58,118,21,54,130,119,32,78,129,96,18,81,43,22,26,88,46,77,25,90,74,80,10,29,83,38,64,146,126,50,131,35,37,51,68,3,110,6,23,144,85,7,102,71,61,105,135,65,53,134,100,67,55,107,128,28,79,59,33,11,143,120,115,98,114,149,124,145,5,1,2,112,45,48,113,62,92,89,125,4,140,60,137,8,20,56,93,97,12,94,139,47,15,101,122,84,75,103,39,52,19,117,30,87,132,148,16,13,49,36,14,133,34,111,57,27,116,95,138,9,31,63,66,44,104,141,136,147,99,76,91,42,86,70,108,24,0,73,69,41,72,123,121,109
41,5,43,82,106,139,58,62,22,123,83,117,87,94,129,143,50,70,34,60,73,138,137,120,141,90,33,80,46,15,147,38,64,146,148,76,2,57,89,99,68,104,17,21,81,35,144,96,86,71,9,19,0,65,112,134,39,67,29,91,128,110,79,59,114,119,54,131,11,92,116,149,103,145,78,1,72,140,53,95,27,115,10,16,125,102,37,8,32,48,20,56,93,26,40,97,6,107,18,101,122,84,75,51,77,23,142,25,30,28,7,45,98,13,105,111,14,135,85,124,113,4,36,118,49,74,31,63,133,44,130,121,136,52,69,127,55,42,47,12,108,24,126,61,3,66,88,132,100,109
17,27,43,104,26,139,58,108,61,126,124,147,87,32,49,138,22,144,121,60,127,31,64,140,141,33,82,34,70,102,48,38,149,93,81,25,2,113,146,99,68,24,28,74,114,35,145,3,110,71,107,15,0,94,54,45,90,16,29,106,72,118,44,55,89,119,53,73,11,137,116,10,103,50,78,14,120,148,96,95,135,41,132,67,125,91,4,86,117,65,109,52,59,57,37,97,80,56,7,13,79,84,75,51,77,18,142,105,30,83,20,62,98,128,6,111,122,46,21,5,9,69,101,143,134,115,12,63,112,85,130,92,136,8,1,133,76,42,47,129,23,36,40,123,39,66,88,19,100,131
26,27,43,58,34,139,9,108,86,126,71,66,67,45,85,80,62,107,77,60,106,120,133,140,141,94,82,138,89,102,73,65,149,124,81,129,101,113,69,19,29,24,121,40,114,49,68,3,110,6,50,15,135,5,51,111,132,16,35,28,144,103,42,145,25,38,119,57,11,56,53,10,93,125,61,14,123,148,72,131,75,41,127,74,70,142,146,21,96,32,1,2,59,137,37,95,7,12,48,104,88,44,20,54,147,99,143,105,64,83,100,116,76,128,46,78,122,97,52,17,87,18,98,79,134,22,118,84,0,13,130,63,136,8,92,117,4,30,47,115,23,36,33,112,39,91,109,90,31,55
26,27,40,58,78,81,9,124,80,128,76,20,41,70,85,19,149,107,143,140,106,75,89,133,141,64,82,11,102,119,73,130,39,121,49,17,126,138,2,5,105,24,122,147,114,71,65,3,28,59,50,129,135,117,46,103,132,110,35,7,113,60,42,104,51,38,127,15,62,56,53,33,93,137,91,25,45,88,63,29,118,12,115,74,52,139,68,131,96,101,1,14,94,144,95,57,111,79,10,21,77,112,44,54,30,6,123,125,86,83,100,116,18,31,69,61,72,43,145,142,87,97,34,4,134,16,92,48,0,13,136,67,22,8,36,120,98,148,108,84,23,66,37,32,146,99,109,90,47,55
146,27,49,18,36,144,123,125,80,87,115,20,45,70,76,40,65,66,120,134,11,75,67,62,141,14,60,128,102,136,47,130,39,121,137,101,63,138,2,5,105,24,0,111,3,96,4,29,79,59,50,28,122,117,91,93,17,35,81,7,68,84,15,12,51,38,127,107,13,26,52,10,86,33,58,133,42,126,41,19,118,142,55,143,116,88,30,131,31,106,54,44,94,83,95,57,129,132,139,78,77,148,23,99,82,16,73,108,22,53,100,110,103,113,69,61,135,124,145,32,6,97,34,21,1,119,92,74,98,85,46,104,149,8,56,140,89,72,43,48,109,25,37,71,9,114,112,90,64,147
98,27,49,131,40,144,56,62,129,67,111,97,45,147,76,51,19,66,120,90,117,75,77,139,24,135,60,36,12,4,47,142,81,50,8,126,63,41,2,30,65,143,105,17,25,96,141,86,119,59,115,28,122,38,44,3,15,35,103,121,95,84,72,48,118,6,127,74,13,146,83,70,7,108,101,138,130,125,61,145,80,33,55,87,31,78,88,148,22,106,79,52,37,85,137,57,71,136,9,20,113,134,23,99,82,16,73,58,10,53,100,110,21,42,69,107,112,124,64,32,1,89,34,91,94,26,133,128,39,29,14,93,149,104,68,132,92,18,11,5,109,140,116,102,43,114,54,123,0,46
44,111,49,131,39,7,139,128,129,102,59,114,37,120,107,51,133,66,60,90,26,72,77,148,24,42,96,87,117,41,47,126,119,99,97,4,50,149,30,9,65,143,0,79,109,91,89,86,12,142,94,18,112,104,83,78,15,35,110,21,48,84,6,8,19,113,127,67,57,146,36,70,25,63,140,138,13,125,2,54,130,33,123,144,82,40,92,145,22,98,80,52,29,85,17,11,118,137,105,32,71,134,23,116,31,16,38,58,10,53,103,43,81,3,69,115,101,124,100,5,1,28,34,108,95,14,64,136,55,62,122,93,106,20,68,132,45,76,135,56,27,73,61,147,141,88,75,74,121,46
57,52,93,76,146,105,2,141,20,26,86,50,133,1,107,131,77,66,60,126,59,29,112,111,24,16,96,69,44,92,97,135,119,99,15,116,79,108,30,9,114,143,7,95,40,0,89,125,94,104,37,33,142,21,12,130,102,35,78,53,82,84,120,8,19,54,49,70,127,31,36,38,14,63,140,71,48,81,117,17,106,47,123,74,90,61,43,145,88,98,137,58,129,85,4,39,13,134,25,32,110,23,62,72,118,91,55,42,87,138,103,11,109,128,65,115,101,124,100,68,41,28,80,149,67,45,64,136,51,83,122,5,148,18,3,132,34,147,139,56,27,73,46,113,10,144,75,6,121,22
57,51,93,134,146,76,84,141,50,103,78,17,133,49,107,131,80,66,32,20,59,97,112,140,116,16,89,14,29,68,62,135,11,69,53,109,23,13,91,143,94,39,7,95,35,121,52,96,106,79,22,127,101,24,12,44,19,3,1,145,61,48,40,8,75,25,27,70,56,31,73,87,144,63,41,71,99,46,105,30,147,120,142,74,90,119,43,102,123,36,110,21,98,85,0,10,92,34,26,58,2,100,128,72,104,81,55,42,37,111,28,129,82,54,65,115,6,4,5,113,136,137,139,149,67,45,64,86,47,83,122,114,148,18,108,132,9,15,118,124,126,60,130,88,125,138,77,38,33,117
24,51,93,57,102,41,142,141,50,146,53,38,133,43,67,103,31,120,63,74,10,86,122,45,116,134,89,115,145,129,1,22,82,105,85,131,107,13,92,147,94,34,128,26,35,121,3,16,108,79,144,68,7,88,12,28,97,138,84,112,36,30,60,20,75,23,6,70,40,29,73,87,27,114,42,71,99,46,61,4,117,78,96,17,90,62,139,49,123,126,137,14,100,19,8,127,55,32,39,58,101,124,106,72,104,81,54,109,37,111,69,9,119,33,59,44,52,25,5,132,136,64,143,149,140,135,77,80,47,83,48,11,148,21,91,65,113,15,118,95,56,98,130,2,125,76,18,110,66,0
24,41,141,20,102,28,38,3,50,146,1,94,67,44,136,8,31,43,111,2,10,18,33,26,116,66,143,78,87,59,144,4,108,90,85,62,103,32,92,147,110,118,74,46,55,21,137,100,131,45,96,89,7,88,12,145,63,138,84,35,36,30,60,130,75,119,93,70,53,29,13,57,86,124,114,121,113,22,40,14,117,56,6,115,27,11,139,49,23,77,99,101,134,19,15,127,82,132,39,97,72,122,106,133,104,71,54,98,91,51,81,17,95,42,79,135,52,120,5,48,34,129,73,25,140,128,16,64,47,83,69,125,148,105,149,65,37,126,112,58,76,61,142,123,68,80,107,9,109,0
34,147,96,103,102,138,38,3,20,32,43,111,67,77,93,54,31,7,106,72,10,33,80,26,82,8,51,85,45,122,144,76,40,48,24,136,135,30,62,87,110,22,6,46,5,75,137,100,131,41,65,70,60,88,58,145,79,17,84,89,66,108,115,121,92,119,29,139,1,13,35,57,141,132,148,36,27,4,44,14,90,114,78,126,124,94,113,21,23,74,99,95,134,19,112,91,28,50,63,83,9,101,39,2,120,15,143,11,61,18,81,98,55,130,69,125,52,71,0,97,12,129,73,25,140,128,16,146,64,149,104,56,86,105,127,59,37,47,133,116,117,49,142,123,68,118,107,42,109,53
34,118,122,63,5,40,69,64,130,8,43,56,68,79,42,54,31,115,127,142,30,96,133,71,119,23,149,36,124,12,134,26,101,110,24,52,65,106,62,87,10,107,114,46,4,16,6,100,76,41,33,70,60,47,136,145,81,17,111,89,74,147,39,53,86,22,29,139,9,13,128,57,37,95,148,121,27,58,80,116,1,113,3,88,38,141,14,21,32,98,82,44,59,67,112,91,104,66,90,48,83,51,75,2,120,15,143,11,61,18,85,105,50,49,19,125,126,84,0,97,137,129,28,146,140,72,25,108,7,73,78,131,94,144,132,138,20,135,123,45,117,102,92,55,77,99,93,35,109,103
34,118,38,63,43,40,69,12,35,4,122,98,68,19,28,42,79,115,102,121,48,96,131,56,119,23,116,10,52,29,50,58,39,31,141,91,86,13,62,87,137,107,126,46,14,149,127,113,138,143,144,2,71,100,136,18,124,106,111,120,17,57,60,53,130,135,88,139,99,70,128,72,32,82,148,145,16,22,103,1,134,76,3,94,36,123,25,85,47,30,20,44,147,37,112,55,132,129,90,108,83,51,67,80,81,5,89,11,61,105,133,78,65,74,64,125,33,84,0,97,117,93,15,146,140,110,142,101,7,73,59,104,54,9,75,109,8,21,24,45,92,26,95,49,77,114,27,6,41,66
91,118,38,140,22,76,69,12,19,4,122,35,15,129,28,48,2,21,102,135,137,11,105,96,0,23,24,54,58,10,46,88,68,34,117,108,29,89,62,87,99,86,126,79,42,73,85,141,111,50,138,14,71,67,84,18,47,143,75,120,17,57,52,70,107,74,144,33,3,60,27,26,63,65,110,103,139,98,72,115,134,92,8,116,36,123,25,56,121,30,20,44,32,142,66,148,40,82,45,1,83,51,95,106,81,5,113,119,16,13,133,78,61,55,112,124,128,100,125,127,147,77,109,146,131,136,64,101,39,37,43,104,145,9,97,130,90,80,132,53,94,93,7,49,149,114,31,6,41,59
91,51,105,112,22,93,144,12,69,72,6,82,58,129,17,48,2,5,60,139,71,11,24,110,143,65,18,54,131,103,66,98,68,62,0,108,119,102,109,87,125,21,146,79,42,140,44,123,29,50,1,138,45,63,84,52,90,117,75,120,128,31,35,70,92,113,122,149,135,14,15,81,136,38,95,46,26,115,130,89,134,34,40,116,36,49,25,56,4,30,99,104,96,142,126,111,78,47,127,147,73,19,27,106,20,39,64,8,16,10,133,9,137,77,32,124,41,100,88,83,85,148,74,55,132,57,13,101,141,3,43,107,145,23,97,67,76,61,86,53,94,80,28,121,33,114,37,7,118,59
57,51,71,90,55,30,144,12,96,31,94,98,72,132,13,48,2,5,60,25,107,32,1,146,42,68,130,134,131,103,70,37,129,81,0,110,34,102,126,148,125,21,139,44,119,69,9,28,29,50,17,138,149,140,27,64,76,117,75,59,105,19,14,49,92,127,35,22,112,39,15,142,124,38,95,23,16,85,120,89,141,10,24,116,36,114,62,11,7,113,93,6,58,111,122,52,78,47,104,66,73,145,3,128,20,87,26,91,136,18,133,80,123,77,118,43,137,100,8,83,135,65,99,63,79,4,84,101,74,45,108,86,115,46,97,67,106,82,147,53,143,109,61,88,33,41,54,121,56,40
57,12,71,108,55,37,144,30,20,126,131,32,72,132,13,48,90,87,84,24,107,135,1,54,61,86,49,15,7,136,56,53,133,94,0,110,42,34,146,9,101,83,51,100,36,69,145,139,112,44,70,148,75,123,27,64,11,74,130,59,147,19,14,103,92,127,3,22,66,141,104,50,25,38,21,119,121,2,106,117,17,10,113,82,102,114,43,134,138,85,116,6,29,111,45,52,68,88,39,60,78,80,109,128,91,140,26,118,122,18,28,115,89,98,5,31,137,67,8,125,58,35,142,149,79,4,23,77,81,120,47,16,76,65,62,129,97,96,95,99,143,93,73,105,33,41,124,63,46,40
57,12,1,28,139,31,46,86,92,126,35,33,72,132,13,94,81,87,84,127,146,39,111,64,40,52,49,137,7,61,56,67,141,95,77,138,6,110,80,3,98,106,51,101,100,140,143,116,115,47,70,128,9,136,93,129,11,74,5,59,99,20,14,114,66,53,54,97,48,22,108,79,25,107,21,103,8,105,145,131,125,10,113,69,130,42,43,134,65,109,73,23,29,102,45,44,85,82,30,88,78,90,15,83,91,75,119,37,122,18,0,38,123,89,144,55,62,41,26,19,58,34,142,149,71,4,148,120,27,118,112,16,76,2,24,117,104,96,68,50,32,60,17,36,121,147,124,63,133,135
125,44,11,58,84,31,110,86,17,90,93,33,136,9,13,28,81,4,30,127,146,149,111,59,80,117,100,137,7,0,56,120,64,95,37,138,115,133,118,89,38,55,51,113,99,140,130,116,91,131,26,15,73,123,16,71,148,109,46,121,24,20,14,114,66,78,2,97,48,144,108,96,25,107,50,103,8,105,43,62,10,104,12,21,57,68,29,134,92,27,102,6,98,54,45,39,94,82,126,42,132,23,79,83,124,5,72,139,74,122,34,69,36,53,18,22,41,61,35,3,65,67,142,49,101,77,40,85,88,143,119,106,75,112,145,1,52,47,129,87,32,60,128,76,141,147,19,63,70,135
136,44,11,54,100,8,97,32,17,65,93,129,138,87,20,6,16,126,23,127,124,143,7,59,146,141,24,137,86,0,102,120,64,41,37,78,115,61,103,89,38,49,60,108,99,140,35,52,149,131,26,46,122,123,71,82,148,109,4,121,112,63,14,114,66,21,13,19,53,81,92,125,9,31,10,43,106,73,135,57,75,72,12,2,48,68,144,29,77,80,134,142,98,130,96,39,145,91,110,42,132,107,79,119,94,116,28,139,104,25,117,69,95,118,40,50,74,56,101,62,3,67,15,85,83,47,22,18,58,27,55,51,45,113,133,30,33,84,5,1,105,70,128,76,90,147,36,34,111,88
62,44,17,54,47,104,79,4,149,129,18,142,118,117,115,25,22,137,110,127,124,147,57,20,107,114,130,86,76,87,146,97,37,41,24,78,16,112,6,77,38,101,60,108,7,33,35,52,43,56,26,128,103,73,71,98,148,121,0,58,82,63,14,123,66,21,3,19,94,29,8,53,64,122,10,36,133,81,135,12,106,72,46,2,48,68,144,95,85,109,134,31,5,9,96,23,61,91,105,15,69,75,93,39,132,140,11,139,90,131,1,100,49,55,74,50,80,89,102,34,51,67,113,92,65,125,116,99,119,27,143,13,45,83,136,42,28,84,32,30,40,70,120,145,138,141,59,126,111,88
81,144,117,128,99,42,26,4,149,129,115,8,127,39,60,46,142,86,92,41,124,147,119,83,80,114,130,125,87,131,146,97,65,107,24,78,139,79,6,31,18,101,75,108,62,112,49,82,36,23,58,40,103,134,27,137,148,98,77,61,72,30,14,21,54,34,135,19,94,38,118,47,138,120,11,109,133,28,16,12,106,29,25,44,48,71,53,17,136,2,73,100,57,122,20,43,89,91,105,15,69,126,93,10,90,140,13,64,104,35,7,3,0,121,74,50,143,5,102,45,51,33,141,132,55,95,116,37,63,68,123,145,1,110,85,96,32,84,76,113,9,70,66,52,56,22,59,88,111,67
81,40,0,92,134,102,64,4,96,110,140,8,148,11,60,46,48,112,7,125,121,147,98,83,80,114,109,55,93,43,111,149,117,74,24,78,139,61,27,31,44,90,75,108,94,120,15,135,36,3,136,6,122,39,118,137,2,127,144,65,116,88,42,21,119,141,54,89,38,126,124,28,138,146,47,103,35,107,123,12,101,14,71,32,57,59,53,129,29,58,49,128,30,23,20,62,82,91,105,22,69,79,19,37,67,5,13,95,104,41,142,100,25,45,73,77,143,34,26,132,51,33,68,106,86,97,84,10,63,1,16,131,115,133,17,50,130,145,76,113,9,70,66,52,56,18,85,99,87,72
80,40,95,21,44,77,127,4,83,64,140,49,149,50,71,104,24,96,111,85,121,147,98,55,41,81,109,56,73,144,122,17,94,74,146,78,70,61,54,97,1,115,16,51,108,43,120,135,36,134,136,99,7,15,30,137,38,106,11,138,117,32,42,58,119,37,101,76,45,141,89,28,5,92,47,145,35,26,123,33,66,9,75,142,82,59,53,31,29,116,148,3,124,8,93,62,69,91,105,20,143,57,19,128,23,125,13,68,129,139,48,100,25,6,72,46,126,0,14,60,65,67,90,102,86,18,84,10,63,12,114,131,22,133,103,2,130,118,112,113,27,79,110,88,107,52,87,34,132,39
26,40,0,21,128,51,28,86,83,103,37,45,149,73,97,124,3,96,111,65,38,122,136,127,44,81,94,56,5,130,138,17,120,62,41,121,70,47,54,140,114,78,22,4,23,53,18,135,36,76,143,31,102,10,30,101,27,131,147,116,117,132,100,144,107,34,91,146,139,42,89,80,16,92,98,145,126,133,119,106,66,20,75,142,123,58,11,48,29,59,148,108,35,85,50,71,69,46,1,77,112,57,19,25,90,61,7,68,32,125,64,15,6,137,72,49,9,109,134,60,99,8,33,82,105,63,141,93,52,12,14,129,13,95,24,2,55,118,74,113,115,79,110,88,67,104,87,43,84,39
106,26,1,51,73,98,124,145,83,107,37,45,102,21,97,79,3,57,89,88,140,47,105,40,119,31,149,56,19,17,138,33,120,60,5,142,0,74,109,70,122,78,22,4,55,100,81,76,130,44,23,80,32,10,29,35,114,131,62,116,77,132,15,52,82,34,91,113,134,20,94,125,16,139,58,11,103,133,127,101,24,86,75,36,59,41,115,48,129,54,148,108,30,9,50,85,69,99,117,147,126,123,92,25,39,63,7,68,128,12,64,18,110,61,72,49,14,121,71,95,8,93,66,6,38,112,141,42,111,144,118,135,27,53,136,2,13,46,96,65,90,146,143,137,67,104,87,43,84,28
22,90,14,15,17,98,116,147,23,77,69,3,82,21,26,75,114,128,33,88,121,74,105,40,131,32,43,92,138,42,20,107,101,60,70,109,67,58,25,142,124,139,36,4,104,103,146,143,10,44,149,46,52,62,123,0,37,63,72,99,5,2,119,24,79,141,91,64,134,100,113,125,16,111,80,73,129,133,127,61,41,86,95,12,59,31,1,9,53,54,148,108,30,106,50,85,96,97,117,51,145,35,93,48,144,94,7,120,34,11,57,18,110,140,19,49,29,102,71,45,8,137,66,6,87,112,78,55,39,118,83,135,27,115,81,132,13,136,38,65,47,126,76,56,68,130,89,122,84,28
88,90,14,105,41,96,81,140,28,69,120,93,82,99,46,75,146,128,73,123,40,44,144,21,131,23,148,18,109,76,20,107,110,60,70,53,67,58,25,142,54,114,145,8,125,30,83,143,94,22,149,141,111,77,34,26,104,1,33,3,5,15,119,24,17,68,91,4,130,122,92,71,13,62,89,112,72,147,80,49,2,56,63,115,59,65,51,139,36,31,10,108,55,106,47,85,7,61,0,129,29,35,117,48,136,95,132,87,27,11,57,50,52,42,19,37,126,98,9,45,43,86,66,6,79,113,78,64,39,118,32,135,102,97,134,137,121,133,38,103,74,116,101,100,124,12,127,138,84,16
88,90,97,105,20,36,75,140,24,69,120,78,82,145,46,96,18,2,81,123,10,149,144,76,52,23,146,28,21,127,77,43,79,1,84,121,67,30,66,40,11,3,27,8,125,53,104,5,94,22,37,141,55,45,142,26,57,31,138,92,14,63,116,119,17,68,114,110,41,139,44,6,111,59,13,80,124,147,29,49,72,71,95,25,143,56,51,132,128,86,64,137,134,60,107,85,7,61,131,129,101,35,62,106,136,42,0,135,100,15,47,117,93,54,19,65,126,50,9,34,58,108,73,38,48,113,33,39,130,118,32,16,89,70,87,83,98,133,91,103,99,109,4,115,122,12,112,74,102,148
139,109,97,37,0,66,127,64,24,69,2,78,63,137,129,96,135,57,81,68,36,108,144,9,52,23,43,29,3,32,83,45,1,138,35,54,46,30,75,67,89,12,126,8,125,11,149,5,21,22,16,123,80,147,113,134,55,132,10,92,65,119,116,84,17,70,51,121,41,136,44,6,111,114,105,143,133,28,101,49,72,40,95,90,73,110,59,56,19,86,94,14,48,146,107,85,7,61,131,26,31,76,62,140,106,82,42,124,25,15,47,58,93,39,112,128,13,148,145,34,117,104,130,27,142,74,33,100,18,20,71,118,60,77,87,38,120,103,99,98,50,79,122,115,141,91,88,102,4,53
139,109,97,37,141,66,127,95,55,69,45,113,48,122,129,72,67,27,87,86,64,1,85,138,52,23,43,9,3,149,25,36,75,136,6,54,46,61,130,134,108,144,77,8,47,26,80,5,56,33,126,81,42,111,0,104,12,128,140,121,65,119,49,84,110,73,51,60,35,39,10,102,103,19,30,143,120,59,53,135,99,131,71,18,114,58,137,148,63,28,96,14,124,146,93,142,21,105,16,133,31,76,62,123,24,82,118,70,34,147,83,90,29,38,112,116,13,17,145,44,117,68,32,22,41,74,15,7,11,20,57,115,125,89,132,94,91,78,106,98,50,79,107,100,101,2,88,92,4,40
5,109,76,95,141,35,135,43,59,128,45,51,72,60,67,115,105,71,74,25,8,31,16,79,27,23,44,88,3,6,70,106,119,56,127,54,46,63,18,83,108,37,65,26,104,4,47,80,137,33,53,68,118,114,11,111,12,132,90,94,143,134,0,84,110,73,97,75,142,39,52,102,103,124,57,9,120,145,136,101,99,140,121,107,30,89,113,138,15,28,32,14,122,146,93,139,21,41,77,133,148,69,62,123,24,82,149,116,91,13,2,129,29,38,96,19,64,17,86,10,61,36,98,22,55,1,131,117,147,20,66,42,125,7,126,100,58,78,130,85,50,81,144,87,48,49,34,92,112,40
17,31,112,20,94,12,70,43,81,141,44,51,74,64,123,115,29,97,128,102,8,145,16,79,95,126,36,88,133,6,18,129,87,56,140,57,27,146,142,125,147,2,65,148,104,50,34,48,143,84,73,68,118,114,26,111,54,59,28,105,0,4,5,72,77,139,92,10,116,39,52,90,108,45,124,69,13,63,109,35,99,23,137,107,103,89,22,80,120,3,53,83,122,71,58,9,78,134,41,75,135,14,67,85,24,82,149,96,101,30,113,11,25,38,15,19,76,33,86,93,61,42,98,47,55,1,131,117,138,132,66,136,110,7,60,127,46,121,130,40,37,91,144,32,100,49,62,21,119,106
9,14,111,38,102,65,70,81,66,141,28,51,73,105,48,119,147,97,52,121,96,145,89,8,26,10,19,43,62,114,18,93,34,86,1,132,21,35,142,125,53,55,30,148,67,45,12,101,83,84,104,100,116,137,139,75,54,98,140,68,0,109,5,72,77,49,39,90,57,4,41,22,3,130,124,42,13,16,24,133,99,23,88,129,103,126,71,143,79,117,94,128,56,46,2,69,78,134,87,50,135,61,76,122,63,82,149,92,7,29,113,17,25,108,15,32,95,123,36,27,31,107,59,47,138,58,131,118,37,80,6,136,110,20,60,127,85,74,11,40,120,91,144,33,64,115,112,44,146,106
68,15,70,79,56,65,31,148,122,135,28,71,7,50,48,116,147,125,52,121,96,16,89,93,95,126,110,29,76,27,43,145,138,86,1,115,62,47,141,123,88,55,30,133,114,18,12,101,82,131,113,100,13,137,38,75,54,98,35,99,134,3,59,72,105,32,39,143,11,4,34,21,127,129,69,42,83,128,142,60,85,57,17,104,14,111,19,22,149,117,94,5,136,46,139,26,78,20,87,40,23,61,109,140,49,2,37,103,77,102,146,130,25,6,81,9,8,41,90,108,66,107,73,74,36,58,144,118,33,80,24,51,106,91,67,45,92,10,0,119,120,97,63,124,64,53,112,44,132,84
21,15,70,89,31,65,88,148,0,19,77,29,79,51,48,135,105,6,142,121,10,104,22,130,37,92,38,52,69,83,57,78,138,68,18,76,62,41,141,84,16,55,9,46,136,102,115,101,95,85,25,100,13,12,63,75,54,98,35,23,47,3,59,72,11,32,125,107,116,117,134,36,43,94,147,7,73,118,93,30,143,99,17,40,50,112,34,113,149,124,106,5,128,14,139,122,27,20,87,137,114,61,109,140,58,2,56,74,4,145,146,39,67,24,81,129,126,110,45,90,66,127,91,133,131,111,82,42,123,60,8,49,44,103,132,80,1,119,108,28,120,97,144,96,64,53,71,26,33,86
21,114,108,30,86,65,97,84,92,23,77,40,43,51,136,135,105,7,138,121,9,112,139,61,109,55,80,78,22,141,134,42,131,100,144,4,91,41,127,26,72,145,54,126,132,102,44,147,95,85,60,93,13,12,63,107,83,98,28,119,73,3,133,118,99,62,125,57,116,59,79,36,66,94,27,38,115,117,81,106,143,50,17,18,15,56,34,75,149,140,11,137,128,14,142,122,120,20,87,33,2,52,37,24,31,8,1,70,64,16,68,19,67,76,32,129,0,110,45,90,5,48,71,96,101,89,39,74,123,146,88,49,58,103,46,69,104,124,113,130,82,29,47,35,25,53,10,148,111,6
116,114,121,51,86,65,72,84,4,62,108,64,23,142,27,43,99,44,41,31,147,30,139,74,92,55,47,145,54,34,40,42,131,80,138,35,91,48,100,26,68,13,7,8,132,102,104,125,39,148,52,149,37,14,63,88,81,98,28,87,73,124,133,127,105,136,110,21,24,16,15,36,126,45,118,10,12,50,56,106,143,123,17,18,57,22,119,75,112,29,77,70,3,144,134,83,120,20,19,33,2,141,11,1,59,135,128,9,25,78,109,60,85,76,32,122,111,115,67,97,38,129,71,96,61,89,93,82,53,146,107,49,140,103,66,69,94,101,113,130,117,95,58,79,90,6,46,137,0,5
33,131,118,51,116,65,72,84,0,81,110,7,82,1,27,94,99,44,79,137,147,145,139,74,45,55,42,127,92,97,105,114,129,80,77,35,76,29,100,26,68,13,69,112,75,86,6,125,8,40,135,133,37,132,63,17,57,109,28,141,101,124,78,23,11,136,34,95,32,36,91,48,148,54,39,10,46,120,56,106,43,123,50,38,88,22,25,143,98,102,31,115,5,87,134,67,83,53,142,18,30,111,12,89,59,4,128,2,117,3,104,60,85,130,16,58,144,73,20,103,126,61,71,96,62,19,121,107,70,9,14,49,108,93,66,64,146,122,113,140,21,138,24,149,119,90,47,41,15,52
49,96,118,51,122,113,19,117,18,98,89,7,129,36,27,1,125,123,14,66,70,73,139,74,47,90,42,79,15,97,105,69,13,80,83,35,76,29,4,110,124,32,20,112,75,109,142,146,57,126,34,54,9,132,63,17,23,104,130,78,65,106,103,145,11,53,71,77,91,33,114,37,21,135,39,59,46,43,56,55,107,95,25,38,86,81,138,143,28,102,30,115,5,87,94,45,101,82,12,85,0,31,48,88,16,92,128,2,147,148,62,60,10,26,120,58,119,131,111,72,93,61,67,6,134,133,121,40,144,8,137,68,108,99,136,149,64,52,50,140,141,127,24,44,116,84,100,41,3,22
16,113,118,24,100,13,2,111,137,52,45,7,114,36,27,1,12,19,59,9,46,73,108,66,3,6,34,29,119,0,33,49,117,21,83,65,76,90,79,104,96,15,71,112,75,109,142,31,74,126,95,44,99,145,91,38,23,125,41,105,55,4,42,144,11,78,139,148,143,88,18,50,82,135,39,149,132,43,56,130,107,136,20,47,140,85,138,86,28,81,80,115,5,37,94,32,57,141,60,68,70,8,48,134,40,92,128,110,123,84,124,17,10,26,51,97,30,58,62,89,93,122,67,63,69,133,121,120,72,54,106,14,147,146,77,129,64,102,53,35,131,127,98,103,116,25,101,61,87,22
96,129,104,61,71,16,100,80,7,65,1,97,34,22,27,70,28,66,83,68,46,92,72,119,3,85,140,82,5,18,6,122,0,21,110,11,116,90,79,55,74,15,17,112,98,109,117,76,111,144,145,81,114,58,24,38,62,29,41,105,135,4,107,113,127,78,136,148,133,91,63,12,141,89,50,95,132,57,56,130,2,128,42,47,39,108,138,103,31,99,115,43,52,37,94,14,67,86,60,143,106,8,142,32,40,53,139,44,59,84,23,134,146,26,51,75,30,126,20,54,73,137,118,19,69,147,121,48,45,93,124,123,88,13,77,120,64,102,10,35,49,36,149,9,33,25,101,125,87,131
107,43,104,147,30,109,97,110,76,65,1,37,125,77,9,62,28,51,83,106,117,81,115,119,149,94,140,82,73,0,139,7,17,21,102,44,46,87,79,105,23,138,64,22,135,134,68,26,92,122,145,99,131,35,74,38,52,29,6,25,60,4,89,33,127,13,53,148,133,100,90,98,141,40,50,95,42,72,85,114,2,132,63,113,39,20,130,41,31,11,18,93,16,70,47,14,67,86,36,57,143,80,48,32,142,136,27,112,59,108,118,111,146,66,55,45,137,78,24,54,12,56,71,19,69,5,121,34,15,101,124,61,88,128,84,120,126,3,10,123,49,144,103,96,8,75,58,129,91,116
141,10,44,147,30,109,97,59,76,90,143,62,125,89,122,130,124,51,83,106,21,95,60,7,9,94,73,15,103,0,138,46,120,116,102,115,113,87,135,119,34,54,58,72,80,134,68,26,91,111,145,146,32,63,74,64,6,22,99,142,140,86,48,35,43,13,53,39,66,1,67,128,121,50,108,20,4,104,85,77,2,132,117,24,45,55,96,41,148,38,127,93,56,70,47,112,16,107,81,71,98,133,31,18,12,136,27,28,101,78,118,110,33,105,36,17,52,57,139,23,79,114,123,19,69,3,92,100,131,29,49,8,88,37,84,137,126,11,82,65,40,144,61,42,5,75,25,129,149,14
141,34,44,3,135,125,30,137,120,73,100,15,24,142,122,130,124,11,89,37,92,129,60,38,9,2,112,22,103,59,21,116,126,28,35,80,113,51,85,94,106,75,149,79,10,134,0,26,56,111,70,18,82,63,74,107,64,104,99,114,108,101,76,41,66,136,33,115,20,138,67,84,121,50,36,148,52,81,86,77,146,6,117,143,45,58,139,83,47,119,127,93,78,39,88,8,16,25,43,71,49,133,31,98,12,1,27,65,29,23,118,132,57,105,4,55,68,53,48,69,144,5,123,19,128,54,95,96,131,7,72,17,13,32,90,97,140,62,46,147,40,87,61,42,110,145,91,102,109,14
141,56,114,146,53,125,98,137,106,65,100,48,71,112,122,87,134,105,93,27,92,69,43,52,9,131,1,76,89,47,136,16,51,28,99,78,113,13,129,6,54,75,88,79,46,36,0,26,117,111,81,124,95,59,74,126,64,133,147,63,123,101,102,66,5,80,39,29,20,138,67,110,121,90,10,21,109,135,143,2,107,23,84,18,50,58,139,83,149,37,127,42,144,97,30,119,8,103,130,142,49,38,148,31,12,7,86,85,96,60,118,132,35,19,4,22,68,45,116,91,24,108,55,14,128,57,11,25,77,33,3,82,104,32,41,94,140,62,115,34,40,15,61,72,44,145,120,70,73,17
147,80,89,138,51,125,2,33,39,45,111,48,55,97,5,75,7,143,93,27,38,21,32,79,13,121,1,106,90,47,136,105,53,28,109,98,113,65,22,70,11,56,108,8,35,36,120,26,117,58,78,34,17,20,74,129,103,3,73,110,123,116,102,107,16,88,141,29,44,124,67,133,71,46,52,118,43,69,94,9,85,23,100,18,101,135,15,54,149,104,127,131,63,41,30,66,6,62,37,142,49,96,86,76,12,130,0,10,77,60,99,132,4,19,59,122,68,42,114,139,24,92,137,14,140,57,61,25,91,144,83,82,112,95,126,128,146,87,115,81,40,84,31,72,119,145,64,148,50,134
147,80,105,138,51,125,2,126,110,76,117,111,72,5,19,25,33,12,39,14,38,11,89,42,13,109,65,35,70,47,24,75,34,79,29,97,116,4,22,98,55,137,108,149,71,118,103,91,146,104,48,102,143,20,69,46,123,15,73,86,78,7,107,140,17,88,6,92,44,8,74,36,142,45,136,43,144,58,100,61,85,23,66,141,101,135,40,54,145,16,120,21,63,139,30,1,133,62,37,10,49,96,9,60,32,130,99,56,113,114,3,41,26,121,59,27,68,127,82,94,67,50,122,124,106,28,90,148,93,31,129,134,112,95,83,128,52,87,115,81,53,84,132,57,119,131,64,0,18,77
110,63,24,138,51,113,126,16,143,76,58,90,145,123,89,25,54,95,106,122,73,48,114,5,56,109,65,116,14,3,108,47,141,8,102,97,50,35,42,98,59,132,45,149,71,118,23,91,146,119,124,67,17,22,69,94,13,86,79,68,105,7,107,140,70,15,6,99,55,12,103,36,81,44,101,43,78,88,100,77,85,96,144,46,93,135,137,34,75,64,147,9,33,139,30,57,41,115,37,120,49,121,111,60,19,130,4,27,20,1,21,125,26,131,31,117,62,127,2,38,61,18,142,32,29,104,28,148,80,39,129,134,112,74,0,128,52,92,87,40,53,66,10,83,84,133,72,11,82,136
51,49,30,37,41,131,125,16,96,76,3,105,12,123,149,25,39,54,126,142,144,48,97,132,56,98,65,58,13,103,108,130,19,8,117,120,62,91,61,35,4,113,134,79,71,106,7,138,81,133,124,67,42,118,69,28,43,86,66,63,140,18,107,94,70,143,6,47,116,146,141,145,22,44,101,89,139,88,100,9,73,15,26,135,14,33,137,93,23,2,147,110,111,17,68,10,84,45,27,46,75,24,59,121,5,109,102,21,34,1,83,85,60,87,31,127,20,64,78,40,114,32,57,115,29,104,50,148,122,36,129,77,112,74,0,128,52,92,99,80,82,90,119,95,53,38,72,11,55,136
6,42,2,37,85,145,95,4,146,3,14,135,12,129,140,1,75,25,126,114,16,48,43,113,56,108,112,81,13,103,35,138,7,8,117,120,17,54,61,58,62,89,134,77,98,137,84,52,109,143,124,21,101,118,83,148,123,51,67,110,70,87,107,115,147,80,133,47,39,59,63,96,36,76,142,27,139,91,100,121,73,15,104,93,88,60,149,49,23,79,30,78,128,74,68,10,26,45,94,46,18,24,22,33,5,136,102,69,34,71,105,97,41,19,31,53,55,106,9,111,57,32,50,64,127,116,132,130,122,119,20,131,29,40,0,125,28,92,99,66,82,90,38,44,65,144,86,11,72,141
111,146,30,54,42,145,95,40,114,26,81,143,133,87,140,135,35,18,126,74,108,48,123,88,56,3,137,65,13,91,39,9,7,0,117,58,98,70,17,107,118,61,71,138,132,45,11,52,109,20,127,21,66,37,124,113,130,51,67,43,29,77,80,115,147,141,131,102,34,59,10,96,36,76,116,84,125,90,100,122,73,136,104,93,63,60,149,49,1,79,4,83,31,112,55,75,53,128,94,8,105,23,22,142,62,2,99,38,33,110,5,97,101,19,92,72,32,103,85,89,57,134,50,120,25,148,6,68,69,119,41,121,15,14,64,47,129,46,24,28,82,78,12,44,27,139,86,106,144,16
83,0,69,132,119,50,118,138,10,61,19,70,72,90,41,135,108,18,29,57,133,48,73,36,43,15,127,65,13,124,39,26,7,109,71,58,6,139,17,102,4,98,126,81,44,45,11,52,107,14,60,21,111,37,55,113,115,117,56,16,20,77,80,140,147,89,40,27,88,76,125,106,78,130,103,5,2,143,100,85,35,136,104,91,59,30,131,49,1,114,123,53,84,112,46,75,128,129,122,8,105,23,142,82,22,68,97,38,79,110,33,99,101,87,92,67,66,32,96,25,137,145,3,120,34,9,63,62,146,94,28,95,93,54,64,47,74,134,148,51,31,42,12,141,116,149,86,24,144,121
83,97,109,89,119,80,61,139,43,51,19,147,92,39,41,135,11,140,33,57,125,129,73,72,21,15,127,65,110,124,148,138,37,67,71,58,35,64,17,69,54,29,74,149,44,45,75,12,38,63,60,102,111,10,8,84,115,94,96,133,86,77,117,70,88,13,40,36,113,114,76,90,25,130,143,32,7,50,121,52,6,108,126,91,59,30,131,106,112,55,123,22,20,0,85,120,28,107,122,146,105,47,46,100,26,1,98,78,79,4,132,101,103,87,62,82,66,81,14,23,18,49,2,16,142,9,48,144,5,31,56,68,93,53,34,118,128,134,99,104,136,42,145,141,116,137,24,27,3,95
5,97,22,101,76,58,60,103,43,51,84,67,108,39,113,36,48,140,33,92,98,86,73,114,21,94,127,28,110,136,12,93,143,52,71,29,146,115,17,95,30,37,20,149,79,88,75,126,41,16,63,69,55,10,8,112,135,96,34,133,148,77,13,27,122,87,100,139,74,142,47,128,26,11,91,32,38,50,121,81,6,119,89,1,102,137,7,106,44,40,123,72,64,131,23,0,107,109,147,19,90,66,54,124,59,118,45,117,25,4,130,65,116,78,134,82,105,129,125,68,62,49,2,99,9,111,15,144,80,31,56,61,35,53,132,14,83,18,138,104,57,42,145,141,70,85,24,120,3,46
36,44,22,120,82,33,1,35,67,51,145,24,14,39,131,71,48,140,42,92,126,86,73,17,21,108,113,118,84,136,128,133,91,23,15,83,8,142,141,46,30,49,119,31,79,12,75,127,101,16,58,98,68,10,38,62,111,144,56,106,107,34,89,27,122,99,138,146,74,18,47,69,26,11,97,32,4,93,3,100,6,5,90,104,112,137,7,77,109,114,123,102,40,37,117,57,60,80,45,19,72,66,96,124,135,54,149,55,88,87,76,65,116,78,29,143,28,129,125,13,0,134,70,53,9,103,147,59,52,148,2,61,121,105,132,43,139,25,81,64,20,95,94,115,110,85,63,41,130,50
41,30,22,120,82,33,1,50,69,32,5,24,137,102,141,71,76,34,144,59,126,10,106,52,91,42,113,118,20,63,86,11,146,23,15,115,13,142,119,46,14,133,62,31,19,39,129,127,61,17,58,40,132,149,38,56,70,67,18,8,122,48,89,7,68,81,43,87,74,140,73,0,26,77,97,108,117,93,3,100,6,124,90,64,60,105,79,99,49,47,148,112,131,128,135,66,101,80,4,36,107,65,35,54,45,123,84,55,88,92,75,114,116,72,111,53,51,28,125,44,136,134,147,139,9,143,27,145,138,57,2,104,83,25,103,96,98,95,110,12,109,121,94,16,78,85,37,21,130,29
101,93,22,120,76,24,125,50,69,68,27,92,108,136,141,25,117,34,44,81,55,46,47,43,121,39,10,37,90,63,126,20,142,52,134,116,70,6,119,91,14,64,1,31,139,128,2,123,88,8,79,118,135,137,62,56,65,67,145,122,85,42,115,7,129,51,148,87,74,33,105,60,140,19,97,106,9,66,3,100,102,124,5,12,38,35,73,131,49,0,4,32,127,48,41,17,15,80,113,36,107,30,23,53,45,149,61,86,72,77,59,114,40,75,144,111,109,28,58,13,11,112,147,26,71,54,133,130,138,57,132,99,83,89,103,96,98,95,110,18,16,104,94,84,143,146,82,21,78,29
125,113,22,69,92,128,106,43,46,82,6,120,98,67,141,2,34,26,44,96,55,115,23,149,27,140,117,111,76,63,126,24,83,88,134,116,70,103,39,104,119,64,19,109,56,148,90,85,101,8,124,118,135,121,127,47,65,105,145,122,78,93,20,11,29,51,107,87,74,110,61,62,95,31,81,50,9,53,16,86,102,13,54,12,136,35,59,75,129,100,4,60,73,48,97,131,15,79,52,133,99,3,10,5,142,14,80,137,72,77,0,114,108,66,144,38,25,37,58,68,1,112,94,147,71,146,139,49,32,36,132,91,84,89,130,40,17,33,30,18,41,123,138,57,143,7,45,21,28,42
29,96,102,46,51,115,39,61,81,98,121,120,82,67,141,0,100,65,44,27,128,132,134,149,66,73,117,125,28,140,34,37,93,54,87,148,70,2,59,123,103,64,92,47,104,71,85,90,14,56,124,118,43,80,147,127,57,40,145,130,101,38,20,11,69,23,45,110,75,139,58,95,133,31,17,50,9,53,16,36,105,76,138,12,136,35,74,4,129,1,25,111,3,48,107,131,78,113,68,77,91,52,126,5,142,114,10,19,21,62,89,49,108,106,144,84,8,99,86,109,13,112,94,24,137,146,22,63,32,72,15,26,116,83,122,88,7,33,30,18,41,55,6,79,143,135,60,119,97,42
75,111,72,5,28,124,119,61,48,98,140,13,82,67,97,0,47,55,130,27,36,132,88,69,66,73,117,139,96,105,128,113,134,144,90,148,100,29,59,44,99,121,92,63,125,57,85,112,14,70,143,118,62,33,37,127,104,76,145,78,101,110,129,137,79,23,45,41,51,50,71,95,15,103,52,146,9,53,46,142,56,89,40,12,133,109,18,4,26,31,25,58,3,34,107,93,8,136,116,22,91,74,115,120,87,24,1,19,138,84,68,114,108,83,131,43,86,16,2,149,20,10,94,21,39,6,123,49,32,54,122,35,147,11,17,106,141,126,30,64,38,80,81,77,7,135,60,102,65,42
148,66,128,33,27,94,119,57,111,35,122,43,26,20,126,137,61,55,19,109,2,25,117,69,74,12,80,32,123,98,60,113,134,144,90,50,100,41,79,44,84,71,92,15,45,85,87,75,14,28,143,73,83,110,37,127,65,115,95,91,104,49,63,4,62,42,18,6,51,145,64,52,101,68,135,103,9,53,132,116,78,89,56,3,133,81,105,36,146,31,10,58,11,76,107,1,8,136,118,22,5,17,54,29,0,16,112,130,82,34,149,114,108,120,13,97,86,24,48,138,99,88,96,21,39,140,67,93,72,70,139,121,147,47,142,106,141,131,30,23,38,124,59,77,7,129,40,102,46,125
20,66,59,126,47,18,2,128,141,112,122,82,115,44,58,89,61,3,130,109,79,25,117,0,5,12,149,32,27,98,67,71,134,137,99,140,100,41,148,86,84,35,92,57,21,77,120,30,14,4,38,6,45,94,37,8,24,56,121,97,104,49,101,52,15,83,88,64,111,22,16,50,81,68,119,23,124,53,132,147,65,91,87,131,11,13,28,36,143,55,10,123,90,76,118,1,108,136,78,145,135,107,127,29,103,93,85,110,80,34,33,133,46,39,51,26,74,60,73,138,42,102,96,116,17,43,129,144,72,70,139,114,146,95,142,106,63,54,69,62,113,31,48,19,7,105,40,9,75,125
20,26,84,126,139,78,66,79,134,141,105,112,71,44,36,137,61,3,23,63,58,10,94,102,72,117,149,37,27,39,18,111,5,75,103,140,100,49,148,114,56,82,124,57,145,70,120,30,14,4,35,6,52,92,15,67,46,104,121,21,146,41,54,43,98,83,138,64,93,45,42,32,11,131,12,123,130,25,51,0,65,122,99,125,108,144,28,53,76,135,88,116,90,147,73,17,81,136,8,13,106,107,59,29,91,128,96,110,1,34,33,133,132,62,24,19,74,60,55,38,2,86,68,80,118,95,89,77,22,85,115,16,87,101,142,109,129,69,119,47,113,31,48,143,7,50,40,9,97,127
20,46,47,135,29,78,138,79,3,141,39,21,71,118,36,136,15,52,44,63,58,10,11,2,128,134,149,37,99,13,101,111,77,114,133,140,105,49,148,53,56,74,91,38,143,70,32,110,33,124,69,127,28,92,30,67,34,35,121,50,112,41,87,68,109,83,1,139,93,14,42,75,16,61,146,123,106,23,126,54,117,97,51,64,60,144,116,145,107,4,45,55,131,40,147,17,73,22,89,122,0,59,65,25,48,96,26,8,132,12,24,76,27,62,90,19,57,137,100,98,115,86,18,80,88,95,94,6,31,85,72,108,9,5,142,84,129,103,119,66,113,43,82,130,7,81,102,104,125,120
54,81,45,135,29,80,86,14,3,71,82,21,77,126,142,136,15,102,24,65,58,53,103,107,25,51,87,49,148,95,23,130,5,114,147,140,105,145,1,94,55,133,144,124,0,83,2,63,10,146,69,127,9,84,30,67,98,35,40,17,112,93,110,68,34,131,61,139,70,96,115,143,16,85,121,28,125,27,38,141,119,97,122,52,56,36,117,50,92,57,42,88,31,111,149,4,13,75,89,137,39,59,47,138,48,118,33,8,132,12,90,11,26,62,101,109,60,116,100,43,76,46,18,19,99,20,106,6,134,44,72,108,79,37,22,41,129,73,123,66,113,64,128,32,7,78,74,104,91,120
142,94,59,25,42,76,141,14,137,110,84,4,135,126,131,57,100,64,74,15,17,53,65,129,132,101,18,49,22,45,23,115,5,56,69,107,105,148,21,136,68,133,73,124,8,81,34,145,10,146,113,121,9,16,30,86,63,127,11,19,112,83,35,103,80,51,122,139,77,123,58,52,79,85,24,28,138,27,38,147,20,97,98,143,96,36,117,12,61,130,46,71,31,111,149,70,13,67,89,125,140,1,104,7,0,118,55,93,48,75,90,108,26,62,33,109,87,144,6,114,88,47,37,102,99,82,106,116,95,44,72,54,50,92,78,41,119,29,39,66,134,91,120,60,2,32,43,3,128,40
64,14,146,11,94,137,141,52,58,74,72,4,21,127,131,57,55,122,61,85,96,53,65,129,103,101,18,135,22,41,73,138,48,56,23,44,107,1,47,28,68,133,136,124,36,83,34,145,71,78,113,31,9,16,20,35,86,106,42,54,43,142,80,30,116,51,2,33,77,46,95,108,112,100,105,84,91,27,38,104,89,67,99,143,29,81,117,12,88,130,126,70,24,121,149,62,134,102,69,125,140,49,40,92,0,118,7,26,63,148,97,10,82,13,120,132,147,144,6,114,59,90,76,3,109,75,25,128,98,79,110,8,50,93,123,87,19,37,39,111,119,5,15,60,32,66,139,115,17,45
124,101,74,11,94,88,148,114,75,136,82,113,141,10,3,76,131,122,61,85,68,53,87,120,1,149,33,8,22,28,111,138,48,79,67,119,99,83,110,77,2,133,23,109,57,104,14,145,84,78,29,31,9,134,20,35,18,49,16,6,43,24,58,12,116,146,71,42,39,46,30,108,112,100,55,72,91,102,103,86,127,65,73,143,19,81,137,70,21,64,126,98,95,44,60,40,115,56,69,125,140,139,52,117,0,118,89,45,63,4,129,142,121,13,36,135,130,51,93,62,106,54,34,147,15,107,25,128,97,96,47,59,50,80,132,5,123,37,92,17,7,26,32,27,38,66,144,90,41,105
7,11,74,136,144,6,9,114,75,23,41,124,16,10,19,90,73,148,35,139,78,67,22,120,1,51,133,130,110,66,52,138,48,79,62,119,81,112,68,77,83,100,131,64,93,104,86,3,8,128,88,94,49,87,20,60,121,29,55,140,127,17,21,53,116,146,135,46,98,15,30,28,147,31,39,103,91,109,76,12,107,118,101,143,149,24,59,42,137,113,126,134,142,122,61,40,115,102,33,125,95,58,84,117,0,82,89,45,123,32,129,50,97,13,36,145,85,44,72,54,43,4,70,56,105,65,69,18,111,96,57,71,99,80,132,5,14,37,92,47,108,26,106,27,38,141,34,63,25,2
20,52,91,140,45,70,19,84,105,47,129,124,123,16,113,90,92,14,35,139,60,37,78,120,1,126,101,65,110,15,108,138,75,122,22,119,36,73,68,17,27,86,64,80,72,104,131,3,18,128,88,5,49,96,74,94,66,29,87,144,149,118,51,133,12,146,11,46,98,93,30,2,147,31,39,38,130,76,95,32,33,148,79,132,143,24,59,42,115,141,55,134,142,7,61,111,125,82,6,69,85,58,103,34,114,117,56,77,83,0,67,81,97,13,26,100,136,23,135,112,43,28,121,127,4,9,145,48,44,89,57,71,99,62,116,102,40,50,41,8,137,109,21,106,54,53,10,63,25,107
20,35,78,17,73,2,140,122,105,70,129,99,123,37,29,90,103,6,54,108,10,61,82,120,84,4,101,118,139,100,115,119,45,132,124,27,36,16,137,26,97,33,147,148,72,3,131,69,149,128,47,127,49,91,96,80,66,92,86,142,41,144,51,38,117,81,11,77,31,93,87,79,15,14,39,24,102,76,95,94,138,136,65,19,62,1,56,42,121,146,43,134,46,7,112,111,125,114,12,75,85,133,40,9,135,21,104,22,83,0,18,107,34,5,30,60,59,23,88,67,143,28,109,141,74,126,58,48,44,89,52,71,113,130,63,64,13,50,55,8,32,57,145,106,98,53,110,116,25,68
20,148,123,92,17,86,30,34,48,70,147,142,110,78,52,95,122,143,128,50,10,99,90,120,105,4,101,118,84,54,75,131,8,89,109,114,22,112,132,26,59,3,100,25,41,19,21,129,126,69,79,115,18,28,72,80,66,37,46,121,77,29,106,124,117,47,139,73,113,93,97,6,15,42,39,24,102,49,61,1,103,136,14,149,11,98,133,81,82,62,108,134,127,7,12,111,0,35,140,31,85,27,40,9,116,76,104,38,55,2,36,145,119,91,33,56,94,23,88,67,68,96,60,141,74,144,58,5,44,137,146,71,87,130,63,64,13,53,65,16,32,57,45,138,51,107,125,43,83,135
20,121,76,102,68,97,124,34,136,62,119,122,89,111,134,33,114,143,70,50,4,99,66,29,40,90,101,144,44,117,75,110,8,15,31,58,108,9,148,26,2,14,7,10,78,67,47,116,126,94,25,115,95,28,80,17,64,37,41,105,22,128,106,59,23,133,139,16,113,93,130,77,21,42,69,83,55,1,36,137,103,100,125,54,39,98,72,81,82,52,109,84,92,71,3,19,0,48,140,35,149,27,132,112,6,46,104,79,131,142,11,145,127,60,120,51,85,5,24,18,30,96,73,141,74,13,91,61,86,87,129,57,147,88,63,118,12,146,65,38,32,123,45,138,56,107,53,43,49,135
46,85,51,41,64,116,58,100,23,62,119,114,89,33,134,55,122,143,68,50,127,112,66,29,49,90,76,18,65,45,106,110,7,20,104,117,108,43,148,84,125,70,107,124,5,138,82,140,137,12,75,93,95,113,24,13,59,37,60,136,22,128,78,96,52,133,139,131,61,14,130,77,47,16,21,141,83,1,36,39,2,30,53,8,135,105,111,126,48,25,109,31,34,99,10,97,9,19,79,145,149,27,132,44,6,147,118,17,144,57,11,92,101,115,98,0,38,103,4,120,28,72,73,42,74,94,26,15,86,87,67,69,35,88,63,102,142,146,81,3,32,123,40,91,56,54,80,129,121,71
10,85,71,41,117,145,42,100,35,23,55,109,97,25,101,122,119,123,103,58,91,112,66,75,61,90,76,18,137,127,141,110,86,50,65,5,111,120,107,84,125,45,116,124,57,83,74,31,60,12,3,93,95,113,24,13,131,49,28,21,22,128,29,89,80,53,72,63,104,26,48,77,132,16,1,39,130,69,96,30,0,144,54,102,34,105,114,64,47,37,73,135,2,142,78,8,9,68,79,147,19,27,7,44,6,20,118,70,17,148,146,92,4,115,52,126,38,14,46,11,139,136,56,133,140,94,134,15,40,149,67,81,43,99,59,106,143,98,82,108,32,33,87,62,138,51,36,129,121,88
10,40,138,41,112,77,20,62,35,23,55,109,90,134,101,120,119,3,21,5,42,0,87,91,85,13,76,18,137,135,81,125,86,33,9,66,78,1,107,4,140,8,97,124,6,83,36,145,60,12,69,15,95,106,34,143,131,63,25,80,11,128,29,132,129,104,38,24,98,26,88,2,139,44,133,39,144,142,100,48,75,116,54,102,149,45,114,64,47,37,127,50,121,17,148,123,92,27,79,99,19,130,94,31,82,28,118,73,103,93,122,46,58,61,71,136,57,14,22,51,117,52,56,72,110,30,70,16,126,68,67,89,43,147,59,111,7,84,115,108,146,74,32,105,96,49,113,53,141,65
65,40,138,124,125,77,20,64,8,23,123,107,90,101,86,120,70,66,69,58,97,139,87,24,11,50,76,127,55,118,81,88,68,33,16,45,113,42,146,7,37,41,92,78,112,59,18,28,128,132,100,89,133,105,67,60,4,63,26,80,17,82,29,34,98,104,38,2,5,131,74,3,108,36,145,10,144,95,91,48,47,75,54,106,149,61,114,9,30,39,126,136,71,147,148,119,22,27,25,99,142,130,94,143,1,31,62,73,103,93,122,134,72,116,43,44,57,19,109,51,14,52,56,85,102,12,117,121,13,129,21,140,137,115,35,111,83,15,46,84,0,6,32,110,96,135,79,49,141,53
40,25,7,121,144,101,20,36,87,9,123,140,94,21,104,67,70,66,128,54,115,79,69,120,99,50,47,14,124,118,81,88,44,33,137,8,64,93,22,3,96,41,89,126,105,15,90,28,65,24,100,18,133,131,97,77,122,46,19,26,82,10,29,76,72,80,74,139,127,34,84,116,85,55,145,73,98,107,91,58,4,60,143,16,32,146,114,1,30,39,2,148,75,147,37,119,45,48,112,113,142,130,27,17,12,31,125,106,103,0,134,68,78,23,43,138,6,63,109,51,129,52,56,61,95,132,117,108,13,86,62,83,71,110,35,111,5,136,38,59,92,102,149,57,42,135,11,49,141,53
94,118,127,59,95,0,68,128,87,9,36,140,145,102,104,67,70,43,52,73,115,135,79,149,99,50,93,41,124,53,139,88,137,47,14,144,116,7,129,90,85,57,89,126,105,82,97,114,86,23,100,147,133,131,27,77,18,74,120,138,81,1,146,76,121,96,130,11,20,65,60,49,62,55,28,22,92,40,72,69,4,101,44,16,37,84,58,19,66,64,31,122,8,109,32,119,2,48,10,98,33,103,30,26,110,15,125,46,29,24,21,83,25,112,78,54,75,63,107,45,134,113,56,61,80,143,117,108,3,12,34,106,71,51,35,111,5,136,38,142,91,6,39,148,42,123,13,17,141,132
91,118,127,59,95,28,31,74,87,15,116,67,25,92,45,52,63,43,143,75,115,135,137,8,106,16,93,94,11,55,139,88,37,129,14,144,39,68,128,120,113,54,89,62,105,58,33,114,86,23,100,149,56,97,125,124,18,47,71,32,81,103,146,66,121,36,34,77,5,131,60,109,53,21,6,145,126,12,78,102,141,101,44,140,30,84,72,19,1,48,112,122,79,69,22,119,2,24,61,40,65,130,147,26,110,76,85,46,29,27,10,83,17,107,82,73,70,57,99,148,20,51,50,64,90,104,9,80,7,136,98,49,42,3,142,111,108,123,41,0,96,13,134,4,117,138,35,38,133,132
91,11,26,37,133,131,135,74,27,125,116,107,25,92,28,119,62,31,139,145,113,99,137,50,20,95,112,94,64,55,33,88,65,45,14,149,129,24,128,58,79,106,76,121,105,17,104,114,32,2,109,67,43,59,57,68,127,47,7,8,46,111,146,70,143,93,89,75,5,115,87,44,53,54,6,63,34,0,78,102,141,103,56,124,73,39,72,19,122,48,71,108,147,132,66,29,51,21,1,140,123,130,110,12,118,61,4,22,86,120,10,100,77,16,82,49,3,30,40,148,18,60,9,144,90,117,126,80,23,136,98,81,42,69,142,83,96,97,41,84,36,15,134,52,13,138,35,85,101,38
108,11,26,52,133,131,135,43,77,138,8,105,25,49,106,146,62,18,28,145,125,124,85,117,66,130,127,109,57,55,33,81,58,9,63,111,129,98,21,76,6,64,116,121,75,17,104,22,32,50,79,29,110,59,44,68,80,40,89,61,118,136,39,70,97,148,143,42,137,115,132,1,27,54,119,82,34,0,48,95,141,103,56,69,73,91,100,92,86,123,12,140,24,78,38,67,120,94,88,139,19,13,14,53,36,20,4,5,71,93,10,41,65,16,147,37,3,30,142,2,122,60,83,144,96,15,126,107,23,31,7,99,114,87,113,112,74,51,72,46,47,128,134,102,90,84,35,149,101,45
65,73,62,37,45,138,69,43,118,124,42,105,36,60,46,6,133,140,144,145,113,82,4,38,115,59,119,51,20,125,64,117,58,48,90,111,97,98,83,116,50,22,88,72,80,74,104,49,32,55,44,24,110,99,7,8,40,121,31,12,94,136,39,70,25,148,146,89,137,68,112,1,131,54,27,108,34,85,3,95,66,103,79,14,23,30,100,56,86,129,102,21,106,78,63,67,71,75,0,147,19,143,28,13,26,141,77,5,107,76,9,41,101,16,127,130,126,53,142,2,122,84,18,61,96,15,11,120,132,109,92,57,114,87,17,33,52,149,135,29,47,128,134,91,93,81,35,123,139,10
67,65,43,147,12,138,33,10,135,92,42,115,30,48,2,16,58,29,144,27,113,141,74,101,88,59,123,140,20,55,91,117,132,64,90,87,28,124,83,143,51,17,41,14,79,142,104,49,32,106,44,85,110,99,7,8,40,121,62,75,94,136,82,19,137,60,76,89,134,46,109,1,133,70,125,102,0,78,9,21,105,103,6,122,23,18,139,107,56,120,36,52,77,39,108,129,71,96,114,128,63,97,25,13,26,72,86,100,80,68,146,24,145,57,127,47,126,53,54,98,131,84,111,61,38,37,11,4,119,31,15,95,69,73,50,148,116,149,34,45,5,112,118,22,93,81,35,130,3,66
128,24,134,147,12,22,96,21,135,92,0,115,109,69,2,16,30,29,116,126,86,141,102,106,143,56,45,85,11,55,26,140,132,124,129,87,80,48,36,110,130,15,75,59,34,67,139,64,1,88,144,105,99,25,114,8,40,74,62,60,94,136,95,107,137,57,42,89,121,46,82,23,38,112,9,113,52,122,10,73,78,76,117,49,118,18,138,149,108,120,119,43,93,39,65,47,70,72,27,58,51,97,90,13,100,104,37,17,32,31,146,77,145,98,127,20,41,19,54,142,131,84,111,61,91,33,103,79,125,101,14,123,63,133,50,148,35,6,28,4,5,44,68,7,71,81,3,53,83,66
128,78,65,147,12,34,136,135,108,49,21,115,24,76,36,16,98,100,116,69,79,141,146,124,109,38,95,85,123,9,67,71,131,75,129,72,2,48,39,110,130,15,145,4,43,139,7,91,1,17,44,26,99,50,54,121,40,82,102,60,94,140,86,28,19,35,22,13,104,20,137,87,18,112,11,113,52,122,10,125,133,59,117,107,118,142,46,0,47,120,62,114,32,45,3,74,70,88,80,27,89,97,90,126,51,81,119,73,149,33,14,77,92,143,127,101,41,5,63,105,30,84,111,61,93,96,103,134,148,25,138,55,64,23,37,42,57,8,106,53,31,6,58,56,144,68,29,132,83,66
128,68,59,65,118,77,145,141,81,48,101,115,30,97,94,143,37,51,149,111,79,137,0,44,39,100,95,138,34,9,67,71,60,42,123,91,29,16,12,24,130,132,139,15,84,17,11,120,88,56,129,26,99,25,78,107,40,46,102,92,7,61,14,28,19,21,55,13,86,20,93,38,5,70,36,113,52,122,18,54,125,135,117,3,23,142,126,83,47,58,62,76,116,110,112,74,87,148,80,85,103,69,90,133,49,124,119,73,104,6,98,75,10,136,127,72,41,131,45,105,108,146,147,1,89,96,121,134,140,33,22,4,64,109,2,31,57,63,106,53,8,82,32,27,144,50,35,114,66,43
97,7,59,65,84,100,23,27,77,122,72,126,33,125,144,143,11,51,44,40,66,137,146,142,31,19,22,71,42,9,47,149,52,28,123,91,29,35,38,105,64,80,32,24,60,83,132,2,57,56,10,95,92,25,78,58,140,3,115,81,98,103,14,138,55,107,15,109,86,20,112,102,5,62,101,113,93,63,18,61,85,135,54,145,17,36,12,139,30,0,129,46,116,110,90,148,87,16,141,68,6,4,130,133,49,106,119,73,104,21,1,75,76,108,79,147,41,131,111,13,118,26,48,70,89,96,121,134,69,128,117,136,43,34,127,39,120,94,99,53,8,82,37,50,124,45,67,114,74,88
33,7,132,65,144,86,57,71,31,110,145,126,70,58,121,60,120,67,146,99,66,16,53,15,96,116,1,52,38,9,47,128,92,28,123,106,29,44,26,104,73,77,137,46,80,10,40,111,118,56,112,95,133,61,48,81,75,3,115,21,98,88,13,54,32,25,19,140,84,143,27,102,5,23,49,103,93,18,113,51,138,135,22,100,36,91,39,139,30,0,59,2,94,149,42,148,131,69,20,68,76,4,130,90,17,14,119,107,62,129,55,50,78,108,85,6,41,72,125,141,87,82,142,24,89,147,101,134,105,83,63,136,43,34,127,8,11,79,35,45,122,64,37,12,124,117,97,114,74,109
33,116,2,48,72,37,118,71,31,15,64,91,36,138,121,73,68,67,29,90,66,0,53,123,96,34,43,79,21,9,55,115,142,52,113,106,100,44,63,77,46,41,137,35,80,114,27,24,128,50,112,95,74,17,76,7,148,3,40,130,146,88,103,60,32,25,19,105,84,82,117,143,5,18,16,22,93,104,14,99,23,135,81,57,102,111,98,139,30,126,38,101,10,149,75,6,54,124,120,86,89,4,97,49,122,28,83,107,94,129,92,110,78,65,85,51,87,58,125,141,109,108,62,61,8,147,39,134,1,42,140,136,56,47,11,133,13,69,145,45,127,144,12,132,70,20,131,59,119,26
97,24,85,105,68,37,28,47,46,15,64,91,36,55,121,94,133,98,49,79,148,0,129,7,39,19,43,21,31,29,102,115,92,108,30,106,34,44,67,42,104,41,26,117,8,4,143,56,131,53,112,95,74,59,40,82,147,3,101,130,146,88,103,123,32,48,1,50,84,11,51,78,5,118,16,139,93,113,70,23,52,135,81,76,33,138,87,57,35,100,111,86,77,149,125,9,54,6,137,83,14,141,71,132,122,2,73,140,72,90,27,17,63,65,62,60,142,58,80,89,38,96,107,61,145,124,119,134,10,66,116,136,45,127,25,69,114,18,120,22,110,144,12,126,99,20,109,75,13,128
40,148,83,137,48,19,105,80,46,124,10,64,9,61,121,146,91,110,144,82,81,26,78,32,50,47,104,21,103,96,102,135,92,108,128,70,34,133,42,126,112,41,98,117,13,36,119,125,131,25,139,95,74,59,116,129,29,43,53,75,37,88,141,113,97,14,1,147,35,140,23,24,132,118,60,20,5,52,45,136,130,106,2,143,33,56,84,57,85,49,138,86,77,149,79,62,54,6,31,101,100,30,71,67,94,142,115,120,72,145,66,17,63,65,4,11,3,58,7,89,27,51,107,38,87,122,28,55,16,0,93,109,8,127,44,69,114,18,68,22,73,76,12,39,99,90,15,111,134,123
64,148,13,57,124,39,28,9,106,61,49,69,84,53,121,2,96,110,93,82,81,102,60,32,90,47,104,21,103,3,88,108,55,147,128,99,34,8,77,126,143,113,86,117,12,42,26,18,131,25,139,146,73,59,89,133,138,30,20,135,52,71,141,37,65,14,1,83,35,68,23,80,95,118,76,78,114,105,33,63,38,112,41,11,70,29,19,43,85,87,75,66,136,46,149,130,50,98,31,5,54,132,137,67,94,142,115,7,72,10,140,56,15,120,4,92,97,58,145,48,122,6,107,45,129,17,111,101,40,116,79,109,51,134,44,144,16,24,74,22,62,119,91,125,27,127,100,0,36,123
72,75,121,110,124,63,102,119,106,61,49,69,73,9,29,142,50,90,38,82,1,70,60,137,93,10,80,116,2,131,99,67,87,147,128,123,34,107,129,51,109,3,42,117,52,48,40,118,111,98,21,146,103,64,7,15,138,30,20,141,46,71,144,37,78,39,135,81,35,68,23,59,95,125,16,88,114,33,31,122,28,112,85,11,86,66,19,43,56,139,91,89,136,17,149,14,92,8,108,57,54,132,41,6,97,126,76,104,127,32,140,12,58,120,4,13,77,148,145,79,134,26,100,36,45,24,143,101,25,84,115,62,105,74,44,94,55,130,65,22,113,18,53,96,27,5,133,47,0,83
72,85,69,110,59,36,114,149,122,113,49,119,86,9,55,65,50,81,38,141,62,92,60,44,93,10,80,100,120,103,99,109,87,88,128,104,135,125,1,51,132,131,25,107,27,48,2,118,111,68,21,146,148,64,129,137,95,73,91,4,108,98,116,24,40,39,3,78,96,124,47,71,67,102,16,8,11,20,76,140,30,37,15,97,19,13,42,46,117,139,28,89,61,17,136,115,105,5,75,82,54,127,31,6,12,34,66,0,14,32,126,94,58,121,41,33,77,101,133,145,134,7,29,144,90,52,143,70,123,84,74,26,23,138,106,35,147,130,79,22,45,18,53,112,56,43,57,63,142,83
72,78,70,69,118,121,23,46,103,77,49,47,71,9,55,84,99,34,21,141,109,27,60,86,93,10,92,57,58,66,89,108,32,6,132,74,64,125,25,33,14,37,98,107,8,48,22,50,135,80,96,146,148,1,133,12,95,18,137,4,136,117,116,5,40,131,11,94,126,75,88,38,113,102,124,82,24,17,76,140,36,129,15,97,19,13,53,2,100,62,28,65,81,54,29,35,119,91,139,73,31,127,120,134,122,61,111,90,128,52,16,68,138,149,41,39,105,144,30,101,106,7,85,115,59,110,143,83,123,42,79,26,87,145,63,20,147,130,114,51,45,104,44,112,56,43,3,67,142,0
131,78,113,144,101,5,28,88,103,42,49,6,124,106,98,108,45,34,51,41,99,69,39,140,95,10,23,114,115,66,129,72,32,46,149,67,64,125,25,33,90,133,77,29,8,48,22,4,16,100,96,74,148,1,143,12,141,9,30,53,65,17,83,142,97,122,11,47,126,58,121,102,137,86,18,27,0,107,76,138,26,56,15,93,43,44,71,59,146,62,118,40,81,54,82,60,119,91,139,73,136,3,105,92,127,128,35,123,80,14,104,68,57,109,135,19,111,2,120,7,31,110,134,36,55,117,89,116,70,13,79,132,87,145,63,20,147,130,37,85,21,84,52,112,61,94,24,75,50,38
