0,1,2,3,4,5,6,7,8,9,10,11,12,13,14,15,16,17,18,19,20,21,22,23,24,25,26,27,28,29,30,31,32,33,34,35,36,37,38,39,40,41,42,43,44,45,46,47,48,49,50,51,52,53,54,55,56,57,58,59,60,61,62,63,64,65,66,67,68,69,70,71,72,73,74,75,76,77,78,79,80,81,82,83,84,85,86,87,88,89,90,91,92,93,94,95,96,97,98,99
0,1,2,68,97,5,6,7,8,9,10,11,12,14,39,96,33,17,18,19,20,21,22,23,24,25,26,27,28,29,30,31,32,13,34,35,36,82,38,75,40,4,42,43,44,3,46,47,48,49,16,66,52,53,54,55,56,57,58,59,60,61,62,63,64,90,69,45,50,92,70,71,72,73,67,37,76,77,78,79,80,81,51,83,84,85,86,87,88,89,74,91,15,93,94,95,65,41,98,99
0,1,2,68,97,98,95,7,76,9,10,11,12,14,39,34,33,17,18,19,96,21,22,23,24,25,26,27,28,29,30,55,32,13,89,35,36,82,38,75,40,4,20,43,44,3,42,92,48,49,16,66,52,53,54,5,56,57,58,59,60,61,62,63,64,90,69,67,78,45,37,50,72,31,71,46,6,77,73,79,80,81,51,83,84,85,86,87,88,8,70,91,15,93,94,47,65,41,74,99
0,1,8,68,97,98,95,39,76,9,41,90,12,14,79,34,33,17,18,19,96,21,22,23,24,25,30,27,28,29,44,37,32,13,89,35,75,82,38,78,40,4,74,43,7,3,2,92,48,49,16,36,52,53,54,5,56,57,58,59,20,61,10,63,64,47,69,67,62,45,11,50,72,31,60,46,6,77,73,66,80,81,51,83,84,85,86,87,88,71,70,91,15,93,94,26,65,42,55,99
0,1,72,68,97,98,63,39,76,9,41,90,12,14,79,34,85,17,18,19,96,52,22,23,24,25,30,27,28,29,44,95,62,13,89,35,75,21,38,78,3,80,74,43,7,5,2,92,48,49,16,36,33,53,54,32,56,57,58,61,69,59,10,40,31,47,15,67,77,45,11,50,37,82,60,46,6,4,73,66,64,81,51,83,84,8,86,87,88,71,70,91,20,93,94,26,65,42,55,99
64,1,72,68,97,98,63,39,76,9,10,90,12,14,69,34,85,52,18,19,71,41,22,23,24,25,30,96,28,29,44,95,62,13,89,46,75,21,79,78,3,80,53,15,7,82,2,92,48,49,16,36,32,43,54,27,56,57,58,61,35,59,26,40,31,47,8,67,77,45,38,50,37,0,60,74,6,4,73,66,33,81,51,83,84,5,86,87,88,17,70,91,20,93,94,11,65,42,55,99
64,57,72,68,97,58,63,39,76,9,10,90,52,14,69,34,85,38,43,19,71,41,22,23,24,25,30,96,28,29,44,6,73,13,89,46,80,21,79,78,3,75,53,15,7,95,2,92,48,32,55,36,81,18,54,27,56,49,87,61,12,59,26,40,31,47,8,67,77,88,98,50,37,0,60,74,45,4,82,66,33,35,51,83,84,5,86,62,16,17,70,91,20,93,94,11,65,42,1,99
20,57,72,68,97,58,63,39,76,9,10,90,52,14,69,38,6,53,43,8,71,33,22,23,89,25,30,2,28,29,44,56,73,13,12,96,80,21,79,78,3,75,4,15,7,95,64,92,48,32,55,36,81,18,54,27,1,49,87,67,24,59,26,34,85,19,31,41,77,88,98,50,37,0,60,74,45,40,82,66,47,35,51,83,84,5,86,62,16,17,70,91,61,93,94,11,65,42,46,99
62,57,72,68,15,16,63,39,76,9,10,90,52,11,69,38,6,99,43,8,71,48,22,23,89,25,30,2,28,29,44,56,73,13,96,97,55,21,78,42,35,75,4,93,7,95,64,77,80,32,12,36,81,18,54,27,1,79,87,67,24,59,26,34,85,19,31,41,92,88,98,50,37,0,60,74,45,40,82,66,47,49,51,83,84,5,86,14,20,17,70,91,61,3,94,33,65,58,46,53
38,57,72,68,15,16,63,39,76,9,10,4,52,11,69,25,6,99,43,70,98,48,22,23,89,93,30,2,28,29,44,56,71,13,96,97,55,21,78,42,35,3,73,1,5,95,8,77,36,32,12,37,81,18,54,27,90,79,87,67,24,75,26,34,85,19,31,41,92,51,82,50,59,0,60,74,45,40,80,66,47,49,62,88,84,7,86,14,20,17,64,91,61,83,94,33,65,58,46,53
38,74,72,68,15,16,63,39,76,9,10,4,61,70,22,25,6,99,43,89,98,17,83,23,34,93,30,48,28,29,44,56,71,13,96,97,55,21,78,42,35,0,84,1,5,67,8,77,36,32,12,37,81,18,54,27,90,79,87,95,24,75,26,88,85,19,31,41,92,51,82,50,59,3,60,73,45,40,80,66,47,49,62,53,52,7,86,69,20,57,14,91,64,58,94,33,65,11,46,2
38,74,72,68,15,16,63,39,76,9,22,4,61,20,52,25,6,99,71,89,98,17,83,87,70,93,30,48,28,35,37,56,60,13,45,97,55,21,78,42,67,0,84,1,5,7,8,44,29,34,12,43,96,18,54,27,90,79,14,95,24,75,26,88,85,19,31,41,92,51,82,50,59,3,33,73,32,40,80,66,47,49,62,53,81,10,86,69,36,57,77,91,64,58,94,23,65,11,46,2
38,74,72,68,69,16,32,39,76,9,81,4,61,56,52,63,6,99,49,57,98,17,47,87,70,93,30,48,28,35,37,71,60,13,45,97,55,53,78,42,67,89,20,1,5,7,8,44,29,34,12,25,96,18,54,27,90,79,14,95,43,75,26,88,85,40,31,41,21,51,82,50,59,3,33,73,19,0,80,66,15,77,62,84,22,10,86,83,36,24,92,91,64,58,94,23,65,11,46,2
38,2,72,68,88,18,32,39,76,9,81,48,16,93,52,63,6,99,4,55,98,17,47,87,70,43,30,74,28,35,37,71,57,13,45,97,83,53,78,42,67,89,66,1,5,51,8,44,29,59,12,25,96,60,54,27,90,7,14,95,56,75,26,20,85,40,31,41,21,46,82,50,79,3,33,73,19,0,80,61,15,77,62,84,22,10,86,49,36,24,92,91,64,58,94,23,65,11,69,34
38,2,72,68,88,18,32,39,0,9,63,48,16,93,52,49,76,99,4,55,98,37,47,21,70,43,30,74,28,35,95,84,57,13,45,97,83,26,78,42,14,89,66,1,5,51,8,44,29,54,23,25,96,60,6,27,90,7,17,3,56,81,34,20,85,40,31,41,71,46,82,50,79,53,33,73,19,75,80,61,15,77,62,87,22,10,86,65,36,24,92,91,64,58,94,59,67,11,69,12
43,2,72,68,88,18,32,55,0,9,63,48,16,93,52,54,76,99,98,82,70,37,47,4,21,22,92,74,12,35,95,84,57,13,45,97,83,26,60,42,14,89,66,1,5,51,8,44,29,31,23,25,96,38,6,27,46,7,17,3,56,81,34,20,85,40,50,41,71,30,28,78,79,49,33,73,19,75,80,61,15,69,62,87,77,10,86,65,36,24,90,91,64,58,94,59,67,11,39,53
30,2,32,56,88,23,52,55,21,9,73,48,16,83,72,54,76,99,98,82,70,37,47,4,49,22,43,74,19,35,95,84,57,13,45,97,92,26,60,42,14,89,66,44,5,51,8,12,29,31,63,25,96,38,6,27,46,7,17,3,68,81,34,20,85,40,50,41,71,15,28,78,0,79,1,93,62,75,80,61,33,69,18,87,77,10,86,65,36,24,90,91,64,58,94,59,67,11,39,53
30,2,18,56,88,23,52,55,21,9,89,48,16,83,97,54,76,99,98,82,91,37,47,4,49,22,62,74,45,35,95,3,57,13,73,19,92,36,60,42,14,70,66,44,5,51,8,12,29,31,63,25,96,38,6,27,61,7,17,41,68,81,34,20,85,40,65,32,77,15,28,78,0,79,46,93,72,75,80,84,33,69,11,87,26,10,86,71,1,24,90,43,64,58,94,59,67,50,39,53
30,2,18,34,65,20,52,55,21,9,89,48,16,22,97,13,76,62,98,82,91,37,47,4,5,88,61,74,45,35,95,3,57,54,73,56,92,90,60,42,14,70,66,44,63,51,8,12,29,79,99,25,96,38,6,27,23,15,17,41,68,81,84,36,85,40,31,32,77,19,28,78,0,67,46,93,72,75,80,83,33,69,11,87,26,10,86,71,1,24,7,43,64,58,94,59,49,50,39,53
30,2,18,34,65,84,52,55,21,9,89,48,16,22,62,42,15,64,98,82,50,37,58,75,5,91,88,74,45,35,95,3,57,54,73,56,92,90,60,27,14,70,20,44,63,61,8,12,29,79,13,25,96,38,6,93,23,87,17,41,68,81,59,51,85,40,31,32,77,19,28,78,0,67,46,76,72,4,80,83,33,69,11,36,26,10,86,71,1,24,7,43,99,66,94,97,49,47,39,53
30,2,18,34,65,57,72,55,21,9,89,48,43,22,62,42,15,64,98,82,50,37,58,75,5,90,88,20,45,35,95,99,91,54,73,56,92,38,69,27,14,70,1,44,63,61,8,12,29,79,13,25,96,93,6,52,51,23,17,41,68,81,59,84,85,40,31,32,77,78,28,87,0,67,46,76,74,4,80,94,33,47,11,36,26,10,86,71,16,24,7,83,3,66,19,97,49,60,39,53
30,2,18,34,98,96,59,55,21,9,89,48,43,36,62,42,15,64,33,22,50,56,80,75,57,90,88,5,45,35,95,99,84,54,73,82,92,38,69,27,14,70,1,44,63,61,8,12,29,79,13,25,20,93,91,52,51,23,17,28,68,81,37,65,85,40,31,32,77,78,19,87,0,58,46,76,74,4,66,94,41,47,11,72,26,10,86,71,16,24,6,83,3,67,7,97,49,60,39,53
23,2,18,34,50,79,59,55,10,80,15,48,43,36,62,42,14,64,33,22,21,56,60,75,57,90,38,5,45,27,95,99,84,54,73,82,92,98,69,1,67,70,76,44,63,61,8,12,29,26,13,25,20,93,91,52,51,89,17,77,68,81,37,9,85,40,31,32,88,78,19,87,0,58,46,65,74,4,66,94,41,47,11,72,28,96,86,71,16,24,6,83,3,30,7,97,49,35,39,53
23,27,16,34,12,50,59,55,10,80,15,72,43,36,62,42,25,64,33,22,21,56,60,75,70,90,38,5,45,83,95,14,84,54,73,52,87,98,69,1,67,18,76,44,63,88,8,61,29,26,99,57,20,93,91,82,51,89,17,77,68,81,37,9,85,2,48,32,92,78,19,40,0,31,46,65,74,4,66,94,41,47,11,13,28,96,86,71,58,24,6,79,3,30,7,97,49,35,39,53
59,27,16,34,12,50,24,23,10,80,85,72,43,36,62,42,22,64,33,26,21,93,60,75,70,90,38,5,45,83,95,14,84,54,73,74,49,98,51,1,67,18,76,44,63,88,69,61,81,15,99,57,20,89,91,82,2,97,17,77,68,52,37,9,25,56,48,32,92,78,19,40,0,4,46,65,8,31,66,94,41,47,11,13,28,96,86,71,58,29,6,79,3,30,7,87,55,35,39,53
59,27,54,34,49,50,14,23,10,80,85,73,43,36,88,42,22,64,33,26,21,95,60,75,70,90,38,5,45,83,81,8,84,2,93,74,13,98,46,1,67,18,76,44,37,24,69,61,63,15,99,57,20,16,91,82,58,97,17,77,68,52,72,9,51,56,48,32,92,78,19,40,0,4,89,65,62,31,66,94,25,47,11,12,28,96,86,71,53,29,6,79,3,30,7,87,55,35,39,41
59,27,54,34,49,50,14,23,63,80,22,73,43,36,88,42,6,64,33,26,21,95,60,75,70,90,38,79,25,99,5,83,98,2,93,77,13,15,46,1,67,18,76,44,56,24,69,61,81,17,87,57,20,16,91,82,58,97,84,10,68,52,72,9,51,11,48,32,92,78,19,40,0,4,89,65,8,31,66,94,62,47,74,12,85,96,86,71,53,29,28,37,3,30,7,45,55,35,39,41
59,80,54,33,49,50,14,23,19,20,22,73,43,36,88,42,69,90,24,26,21,95,60,75,70,32,38,39,25,99,5,83,98,2,93,77,13,15,46,1,67,18,86,44,56,63,34,61,81,72,87,57,47,16,91,82,58,6,84,10,68,52,17,9,51,11,48,71,97,78,53,40,0,4,89,65,8,31,66,94,62,64,74,12,92,96,27,76,79,29,28,37,3,30,7,45,55,35,85,41
59,80,53,33,49,78,14,23,19,20,22,73,43,36,88,42,69,90,24,97,21,95,10,75,94,32,38,39,56,99,5,83,98,2,93,77,13,15,54,91,67,18,86,44,52,63,34,61,81,72,87,57,31,16,70,71,58,6,65,25,68,50,17,9,26,11,48,46,82,47,12,40,0,4,89,1,8,51,66,41,62,64,74,84,92,96,27,76,79,29,28,37,3,30,7,45,55,35,85,60
59,87,53,63,49,78,2,23,19,20,22,60,43,36,88,42,69,90,24,5,21,99,10,75,95,32,38,39,3,14,80,83,98,13,93,77,40,15,81,91,67,18,86,44,52,4,34,61,73,72,70,57,31,16,27,71,30,6,65,25,68,50,17,9,26,11,48,46,82,47,12,54,0,58,89,1,8,51,66,41,62,64,56,84,92,96,74,76,79,29,28,37,97,33,7,45,55,35,85,94
3,87,94,63,49,78,43,23,19,20,22,68,40,36,2,42,69,90,24,50,30,1,10,75,95,32,51,39,15,14,80,83,98,13,93,99,60,5,81,91,67,18,86,44,52,4,34,61,73,72,47,57,31,16,27,71,59,6,65,25,88,38,17,9,26,53,48,46,82,11,12,54,0,58,89,77,8,37,66,41,62,64,56,21,92,96,74,76,79,29,28,70,97,33,7,45,55,35,85,84
3,87,54,63,47,78,43,23,94,56,28,68,40,36,2,42,69,90,24,82,20,1,73,75,95,58,51,39,15,14,80,83,98,13,93,99,60,5,81,91,67,18,86,50,46,4,34,61,79,72,31,57,19,16,27,71,10,6,65,25,44,52,17,9,26,53,48,32,30,11,12,49,0,38,89,77,8,37,66,41,62,64,96,21,92,22,74,76,59,29,88,70,97,33,7,45,55,35,85,84
3,87,54,63,47,61,43,75,21,56,90,68,40,36,2,42,69,45,24,23,20,1,73,44,95,58,51,39,15,14,80,83,52,13,93,99,60,65,81,91,67,18,86,50,46,4,34,5,79,72,82,57,19,16,27,71,10,6,76,94,7,78,17,9,26,53,48,32,30,96,12,49,0,38,89,77,8,37,66,41,62,64,25,70,92,74,84,11,59,29,88,28,97,33,22,98,55,35,85,31
3,34,54,63,47,97,43,75,21,56,90,68,40,36,66,42,69,45,24,23,20,1,11,44,95,58,51,39,15,14,50,83,52,13,93,99,60,65,81,49,67,18,86,91,46,4,61,5,32,87,82,57,64,16,27,19,10,6,76,94,7,78,25,9,26,53,48,2,30,12,79,73,0,38,80,77,8,37,41,72,62,71,98,70,92,74,84,89,59,29,88,28,96,33,22,17,55,35,85,31
3,34,54,63,47,97,43,75,21,32,90,68,22,36,66,42,69,71,24,23,20,1,11,26,15,58,51,39,10,14,50,83,4,13,93,99,60,65,81,49,67,18,86,91,46,52,61,5,37,45,82,57,64,16,27,19,0,6,76,94,7,78,41,9,80,53,48,2,44,12,79,73,62,38,8,77,31,95,98,72,25,87,29,70,92,74,84,89,59,40,88,28,96,33,56,17,55,35,85,30
80,34,54,63,47,97,43,75,81,32,90,57,22,86,66,42,69,71,24,23,20,1,26,31,15,58,51,39,10,14,50,83,4,87,93,99,60,65,96,49,67,18,9,91,46,52,37,5,70,11,82,61,64,16,27,19,68,6,76,88,7,78,41,45,21,53,48,2,44,12,79,73,62,38,36,77,94,95,3,72,25,98,29,0,92,74,84,13,59,40,89,28,8,33,56,17,55,35,85,30
80,72,54,63,47,97,15,75,81,32,90,57,22,20,66,42,69,71,82,23,92,50,26,53,34,58,51,39,94,14,43,83,4,87,31,99,86,65,96,49,67,18,9,91,46,52,37,5,70,11,64,61,93,16,27,19,68,6,76,89,7,78,41,45,1,56,48,2,44,12,79,73,62,38,21,77,10,8,3,88,25,98,29,0,60,74,84,13,59,40,24,28,95,33,36,17,55,35,85,30
80,72,79,61,47,97,15,75,81,36,90,57,22,20,31,42,69,71,17,99,3,50,23,53,16,32,51,73,94,39,43,83,4,87,63,14,86,65,96,49,67,18,9,91,46,52,37,5,70,11,64,84,93,6,27,19,34,58,76,66,7,78,41,45,1,56,48,2,44,12,26,89,62,38,21,77,10,8,92,88,25,98,29,0,60,74,54,13,59,40,24,28,95,33,68,82,55,35,85,30
21,7,79,61,47,97,59,75,81,36,90,38,22,57,31,42,80,71,17,20,3,50,23,62,16,32,51,45,94,87,43,83,34,73,63,14,86,65,96,49,67,18,9,91,46,52,37,5,99,11,64,84,93,6,27,19,8,58,70,66,48,78,41,39,1,56,25,2,44,12,26,89,72,29,76,77,10,69,92,88,4,98,53,0,60,74,54,13,15,40,24,28,95,33,68,82,55,35,85,30
21,7,44,61,47,97,59,75,56,36,16,38,22,57,31,81,80,71,17,20,3,50,23,62,95,32,51,13,35,87,43,83,77,73,92,64,86,65,96,49,67,10,42,90,46,52,37,5,99,11,79,84,93,6,27,19,8,58,70,66,48,78,41,39,1,91,25,45,14,12,26,89,72,29,76,34,94,69,2,88,4,98,53,0,60,74,54,18,15,63,24,28,9,33,40,82,55,68,85,30
21,7,44,61,47,97,59,75,56,36,67,38,22,57,95,81,80,71,17,16,3,50,23,62,58,94,20,13,35,87,43,51,77,73,92,64,86,2,96,49,45,46,42,90,27,52,37,10,99,11,79,83,93,6,31,28,8,32,70,18,48,78,41,39,1,91,25,19,14,12,26,89,72,29,76,34,66,69,82,88,4,98,65,0,60,74,54,5,15,63,24,55,9,33,40,84,53,68,85,30
22,7,44,61,47,97,21,34,56,36,96,38,24,57,95,81,80,71,17,16,50,54,3,62,89,94,20,13,35,87,43,51,77,73,92,64,86,2,93,49,45,46,37,90,98,65,14,10,99,11,79,83,75,6,31,28,8,32,70,18,48,85,41,39,1,91,25,19,78,12,26,52,72,29,76,59,66,69,82,58,4,23,27,0,60,74,42,5,15,63,88,55,9,33,40,84,53,68,67,30
22,7,44,61,19,97,21,71,56,36,24,38,34,57,95,50,80,4,17,16,73,62,3,92,89,78,12,13,35,87,43,51,8,77,20,64,86,2,93,49,45,46,37,90,98,65,14,81,99,11,79,30,75,6,31,28,96,10,70,18,48,85,41,39,1,91,25,15,47,94,26,52,72,29,83,59,66,69,82,58,76,23,27,0,60,74,42,5,32,63,88,55,9,33,40,84,53,68,67,54
22,7,31,61,19,97,21,71,56,10,24,38,34,57,95,50,80,4,17,32,73,62,3,92,89,36,12,13,35,87,43,51,33,77,16,64,86,2,93,49,45,46,78,90,98,65,14,81,59,11,79,30,75,39,9,28,96,85,8,44,48,20,41,18,1,91,25,15,47,94,40,52,72,29,83,6,66,69,82,58,76,23,27,0,70,74,42,5,68,63,88,55,53,26,84,99,37,60,67,54
45,7,31,61,19,97,21,71,67,42,24,38,34,57,95,50,80,4,17,32,73,20,3,92,89,36,12,13,35,87,43,51,33,77,65,64,10,2,93,40,99,46,78,90,98,49,44,81,59,11,79,30,75,39,9,28,96,85,8,18,70,91,41,14,1,76,25,15,47,94,27,62,72,29,83,6,66,69,82,22,58,23,16,52,56,74,0,5,68,63,88,55,53,26,84,48,37,60,86,54
45,7,31,61,19,97,21,71,67,42,24,38,34,57,50,6,80,4,17,99,73,20,3,92,89,91,12,13,35,87,43,51,74,77,65,64,69,2,93,40,36,46,78,90,98,49,44,81,59,11,79,30,75,72,9,28,95,16,8,96,70,47,15,14,33,76,25,85,68,94,27,62,84,29,41,1,83,10,82,22,58,23,66,52,56,32,0,5,39,63,88,55,53,26,18,48,37,60,86,54
45,7,31,15,19,97,21,71,67,42,24,38,34,57,63,6,80,4,17,99,90,20,3,92,89,73,12,13,78,87,95,51,74,77,65,64,69,56,93,40,36,46,35,41,98,49,44,55,59,11,79,14,75,72,9,28,23,16,8,96,70,47,91,85,30,76,25,32,68,94,27,62,84,18,43,1,83,10,82,22,58,66,50,52,81,61,0,5,39,33,88,2,53,26,29,48,37,60,86,54
92,74,31,15,19,97,21,71,45,42,24,38,34,57,63,6,80,4,27,99,90,20,46,17,81,73,12,13,78,87,95,47,53,10,65,64,69,3,93,37,36,59,35,41,98,7,44,55,56,11,79,14,75,72,9,28,23,49,8,96,70,67,91,85,30,76,25,32,68,77,40,62,84,18,29,1,83,43,82,22,58,66,50,52,94,61,0,5,39,33,88,2,16,26,51,48,89,60,86,54
92,69,31,99,19,97,89,10,45,42,24,38,34,57,63,6,80,4,74,65,77,20,46,17,86,73,12,13,78,87,95,27,53,2,43,64,54,3,93,37,36,59,35,41,98,84,44,55,56,11,15,14,75,72,9,28,23,49,8,96,70,67,91,85,30,76,25,32,68,29,40,62,79,18,47,88,83,90,82,22,58,66,50,52,94,7,0,5,39,33,21,61,16,26,51,48,1,60,81,71
92,69,31,55,41,97,50,1,45,42,10,99,34,57,63,6,80,4,74,65,59,20,38,46,86,73,12,13,78,87,95,27,53,2,72,64,54,3,93,37,36,67,19,47,98,84,44,35,56,89,15,14,75,33,9,28,23,60,8,96,70,24,91,85,30,76,11,32,68,29,40,62,79,18,17,88,83,90,82,22,58,66,43,52,94,7,0,5,39,25,21,61,16,26,49,48,77,51,81,71
92,5,31,55,41,97,50,1,45,42,10,99,34,57,63,47,80,4,69,65,62,20,38,46,86,73,12,13,78,87,95,11,53,25,72,64,54,59,93,37,36,2,19,74,98,84,27,35,48,89,15,14,52,33,70,28,44,60,8,96,3,67,91,85,30,76,6,32,68,29,40,51,79,18,17,88,83,23,82,22,58,66,43,90,94,7,0,9,39,24,21,61,16,26,49,75,56,77,81,71
92,5,31,55,41,97,63,1,45,14,52,76,13,57,18,47,80,4,69,65,62,21,38,46,86,42,12,20,78,99,95,11,53,25,72,64,28,59,93,37,36,2,81,74,98,84,27,35,48,89,15,19,54,33,70,87,44,60,8,96,3,67,91,85,30,79,6,32,50,29,40,51,16,34,17,88,83,23,82,22,58,66,43,90,94,7,0,9,39,24,71,68,10,61,49,75,56,77,73,26
92,5,31,80,41,97,63,75,45,14,94,47,13,21,18,33,60,4,69,65,62,20,38,46,86,42,12,40,78,99,98,81,53,30,72,64,28,59,93,37,36,2,95,1,25,84,27,35,48,89,15,19,54,71,70,87,44,57,8,96,3,67,91,85,24,79,6,32,50,29,73,51,16,34,17,88,83,23,82,22,74,66,43,90,11,7,0,9,39,52,76,68,10,61,49,58,56,77,55,26
0,5,31,80,75,41,67,28,45,14,94,47,64,21,98,33,60,32,63,65,62,20,38,69,86,42,12,40,78,99,88,81,53,30,72,46,13,59,93,11,36,2,95,1,25,27,84,35,48,89,15,19,97,71,70,87,44,57,8,96,3,4,91,85,24,79,6,92,50,29,73,51,16,34,17,37,83,23,82,22,74,66,55,90,10,7,54,9,39,52,76,68,18,61,49,58,56,77,43,26
5,98,31,80,75,41,67,28,45,93,94,44,64,21,86,33,60,32,63,65,62,20,38,69,24,70,12,40,42,99,88,81,6,30,72,0,13,35,82,53,92,2,95,25,34,27,84,78,48,89,15,19,97,71,59,87,14,57,8,96,3,36,91,85,46,79,47,1,50,29,73,51,16,4,17,37,83,23,11,22,74,66,55,90,10,7,54,9,39,52,76,68,18,61,49,58,56,77,43,26
5,98,31,35,75,29,28,76,45,93,94,44,64,21,86,33,60,32,61,65,10,20,38,69,24,1,12,40,42,99,88,81,6,71,72,0,13,66,82,53,92,2,95,25,34,27,84,78,48,89,15,19,97,50,59,87,14,57,8,96,83,36,91,85,46,79,47,67,63,54,73,51,16,80,17,37,3,23,70,22,74,55,41,90,39,7,4,9,30,52,11,62,18,68,49,58,56,77,43,26
5,98,59,35,24,29,28,40,45,93,94,44,2,47,86,33,60,32,61,65,10,16,20,72,87,1,12,88,42,99,69,81,6,71,76,0,13,66,82,53,92,48,95,41,34,27,84,22,38,89,15,19,97,50,90,75,21,57,8,96,83,36,91,85,46,79,31,67,63,54,73,51,64,80,17,37,3,23,70,78,74,55,25,58,39,7,4,9,30,52,11,62,18,68,49,14,56,77,43,26
5,22,20,35,24,88,28,40,45,27,94,96,2,73,86,33,87,32,61,44,59,16,93,72,98,1,12,29,42,99,69,13,6,71,76,0,81,66,82,53,92,48,10,41,34,60,84,95,38,89,15,19,97,50,90,3,21,57,8,14,83,36,91,85,46,79,62,67,63,54,65,51,64,80,17,37,74,23,70,78,75,55,25,58,39,7,4,9,30,52,11,47,18,68,49,31,56,77,43,26
5,22,59,35,24,88,28,40,45,55,94,74,13,73,86,33,87,32,61,44,79,16,93,72,98,1,12,29,42,2,69,4,6,71,76,0,81,66,82,31,68,48,10,41,34,60,96,95,99,89,15,19,97,50,53,92,21,26,8,14,83,36,91,3,46,90,62,67,63,20,65,51,64,80,17,37,43,23,70,78,75,85,25,58,54,7,27,9,30,52,11,47,18,84,49,38,56,77,57,39
49,55,59,35,52,88,28,11,45,6,69,74,13,73,54,33,87,32,61,44,79,16,93,72,98,1,12,29,42,2,81,86,24,71,76,0,5,66,82,31,68,48,10,41,34,60,96,95,99,89,85,46,97,50,53,92,63,26,8,14,83,36,91,21,15,19,62,67,22,20,65,51,64,94,17,37,43,23,70,78,80,75,25,58,90,7,27,9,30,40,3,47,18,84,4,38,56,77,57,39
49,7,59,22,52,88,28,11,94,6,69,74,35,73,55,86,87,32,61,44,79,16,93,48,68,1,12,29,42,2,81,10,24,71,76,0,5,66,82,31,13,33,62,46,34,60,96,95,99,41,85,15,97,50,53,98,63,26,8,14,83,36,91,21,45,30,92,67,17,20,65,89,64,19,54,37,43,23,70,78,80,75,25,58,90,51,27,9,72,40,3,47,18,84,4,38,56,77,57,39
12,7,59,22,74,88,28,11,49,6,69,26,13,73,55,86,87,32,61,44,52,16,93,19,68,1,94,29,42,2,81,10,24,71,36,76,30,66,82,31,56,33,62,46,34,65,96,95,99,0,85,15,41,50,53,98,63,35,8,5,83,79,91,21,45,39,97,67,17,20,3,89,64,92,54,37,43,23,70,78,80,75,25,58,90,51,27,9,72,40,60,47,18,84,4,38,48,77,57,14
12,7,59,22,74,88,28,50,44,49,69,40,13,73,55,86,87,32,61,71,52,16,93,19,14,31,27,47,42,29,68,10,24,1,6,76,30,66,82,38,56,33,62,94,34,65,96,95,99,0,85,15,53,36,41,98,63,35,8,5,83,79,91,21,45,39,97,67,17,20,3,89,64,92,54,37,43,23,70,78,80,81,25,58,90,51,46,9,72,11,60,48,18,84,4,75,26,77,57,2
12,7,76,22,59,88,11,50,44,49,69,40,13,73,55,23,87,80,61,71,52,16,93,19,14,84,27,47,42,29,68,10,24,1,51,74,30,66,82,38,56,53,62,36,34,65,96,95,99,0,85,15,31,4,41,98,63,35,8,5,83,79,32,21,45,39,97,67,33,20,2,89,64,92,54,37,43,17,70,78,9,81,25,58,90,48,46,91,72,94,86,3,18,6,60,75,26,77,57,28
12,7,76,22,59,88,41,52,44,49,0,20,40,50,55,27,87,80,61,71,79,16,73,19,14,84,11,47,42,29,68,89,24,1,13,74,30,66,18,10,56,23,62,36,34,65,96,95,99,69,51,15,31,4,85,98,63,35,8,5,83,93,32,21,45,39,97,67,33,82,2,90,64,92,54,53,43,17,70,78,9,81,25,38,37,48,46,91,72,94,86,3,58,6,60,75,26,77,57,28
12,86,76,22,59,88,41,52,44,67,0,20,40,50,55,27,87,80,61,92,79,16,13,19,14,84,11,47,42,29,68,89,93,1,32,74,73,66,18,56,3,23,31,46,17,65,96,7,99,69,51,15,34,4,85,98,63,35,8,5,83,72,24,21,45,36,97,49,33,82,2,90,64,43,54,53,30,71,70,78,9,81,25,38,37,48,95,91,10,94,62,39,58,6,60,75,26,77,57,28
12,86,76,22,59,88,1,52,44,67,98,20,40,11,55,27,87,14,90,92,79,16,13,85,81,84,80,47,42,29,68,41,93,61,32,74,73,66,18,56,3,23,31,37,17,65,96,6,99,69,7,15,34,4,60,19,63,35,8,5,72,38,24,21,45,36,97,49,33,82,2,83,64,43,54,53,30,71,70,78,9,48,25,89,50,46,95,91,10,94,62,51,58,39,0,75,26,77,57,28
12,86,68,22,59,78,26,52,44,67,98,20,18,11,55,27,87,14,90,92,79,16,13,85,60,84,80,47,42,50,96,41,93,61,32,74,73,66,72,56,3,23,31,37,17,65,48,6,40,69,7,83,34,4,89,19,88,35,8,5,1,38,24,21,45,36,97,49,33,82,76,0,64,63,54,53,30,71,70,81,9,99,29,2,25,46,95,91,10,15,62,51,58,39,94,75,43,77,57,28
12,20,68,22,59,78,26,52,44,67,95,30,62,49,55,27,98,15,90,92,79,16,14,85,60,84,80,47,42,50,96,41,24,61,32,48,73,66,72,56,3,23,31,37,17,65,87,11,40,69,7,83,34,4,89,19,88,35,8,5,1,38,74,45,93,36,97,33,81,82,76,0,64,63,54,53,77,71,70,13,9,99,29,2,21,46,25,18,10,91,86,51,58,39,94,75,43,6,57,28
12,20,68,22,59,78,26,21,44,45,52,40,62,49,55,27,98,15,90,92,79,16,14,85,60,84,80,47,42,50,96,41,24,61,32,48,73,66,72,56,3,34,31,93,17,35,87,11,1,69,7,74,30,4,89,95,88,19,83,5,75,99,57,38,65,36,97,33,81,70,76,0,64,63,54,53,77,71,37,13,9,8,29,2,82,46,23,18,10,91,86,51,58,39,94,67,43,6,25,28
12,20,6,22,59,78,18,21,44,45,52,39,62,51,55,86,98,11,70,92,79,16,14,85,50,84,80,97,40,42,96,41,24,33,32,48,73,66,72,56,3,34,31,93,17,35,87,68,1,69,7,74,30,4,89,95,88,23,83,5,75,99,57,38,90,36,19,37,81,27,76,0,64,63,54,53,77,71,65,13,9,8,29,2,82,46,61,15,10,91,60,49,58,47,94,67,43,26,25,28
12,20,6,22,59,85,18,98,44,45,26,49,62,51,55,86,47,11,70,92,79,16,14,75,50,84,80,21,40,42,96,8,24,33,32,1,39,97,72,56,3,34,31,93,17,35,73,68,52,69,7,74,30,4,76,95,88,23,83,5,27,99,57,38,90,36,19,66,81,78,53,0,64,63,54,89,77,71,87,13,9,41,29,2,82,46,61,37,10,91,60,65,58,15,94,67,43,48,25,28
12,90,6,22,59,85,18,98,44,45,26,49,62,51,55,86,47,13,99,92,79,16,14,95,50,84,89,21,40,42,96,81,24,33,32,1,39,97,72,43,3,23,31,93,75,35,73,68,52,69,17,74,30,4,76,56,28,80,83,5,7,70,61,88,11,36,19,66,10,78,53,0,64,63,54,38,77,71,87,57,9,41,29,2,82,46,34,37,27,91,60,65,58,15,94,67,8,48,25,20
12,90,76,22,59,85,18,10,44,45,26,92,62,51,55,86,47,13,99,83,79,16,30,95,50,84,89,21,40,6,96,81,24,33,32,1,36,97,63,43,93,23,31,65,49,35,11,68,52,69,17,74,73,3,98,56,28,80,72,5,7,70,57,88,37,29,19,66,75,78,53,0,64,42,54,38,77,71,87,14,9,41,4,2,82,46,34,39,27,91,60,61,58,15,94,67,8,48,25,20
94,90,76,38,59,85,18,10,9,45,51,92,62,8,55,86,47,13,99,83,79,16,30,95,26,84,11,82,40,6,96,72,24,33,50,1,36,97,63,43,32,23,31,81,49,35,93,68,52,69,17,74,73,3,98,56,28,80,66,5,44,70,22,88,37,39,19,65,75,78,53,0,64,42,54,77,21,71,87,14,57,41,4,2,89,46,34,29,27,91,60,61,58,15,7,67,12,48,25,20
94,90,29,38,59,97,18,76,9,45,51,92,62,44,55,86,47,13,93,83,79,16,30,95,78,84,11,82,40,6,96,72,1,33,50,73,36,10,80,43,32,99,85,81,49,35,26,68,52,69,63,74,46,3,98,56,28,66,87,65,23,70,22,88,37,39,19,5,75,8,53,17,64,42,54,77,21,71,24,14,57,41,4,2,89,31,34,0,27,91,60,61,58,15,7,67,12,48,25,20
98,90,41,38,59,97,18,76,9,45,44,86,62,61,43,58,47,13,93,83,79,16,30,95,78,57,11,82,40,6,96,72,1,33,50,73,92,10,80,7,32,99,85,81,49,94,29,68,52,8,63,74,46,3,51,56,28,66,87,65,23,70,22,88,37,84,19,5,75,36,53,17,64,42,54,77,21,71,24,14,34,0,48,2,89,31,39,55,27,91,60,26,69,15,4,67,12,35,25,20
98,90,89,48,59,97,18,76,9,45,19,86,62,61,43,58,11,40,93,83,79,16,28,95,78,57,15,82,88,6,96,72,1,33,50,73,37,21,80,7,32,8,85,81,49,94,47,68,52,41,63,74,13,3,51,56,34,66,87,65,23,70,22,99,91,84,29,5,75,36,53,17,64,42,54,77,92,44,24,14,10,0,38,2,46,31,39,55,27,30,60,26,69,71,4,67,12,35,25,20
98,90,89,48,59,97,18,76,17,45,19,86,35,61,43,25,11,40,93,83,79,16,84,95,78,57,15,82,22,6,96,72,1,33,50,73,37,21,24,7,32,8,85,81,20,94,47,68,52,34,63,74,13,3,51,56,9,66,87,65,23,46,49,99,91,62,29,30,75,36,53,70,64,42,5,77,92,44,54,14,10,71,38,2,41,31,39,55,26,27,60,88,69,80,4,67,12,28,0,58
98,90,89,48,59,97,18,76,17,45,19,86,82,83,43,58,61,40,93,68,79,16,84,56,78,75,72,52,22,6,96,49,1,33,50,73,35,15,57,7,32,8,85,81,20,94,47,37,25,34,63,74,13,3,51,44,9,66,87,65,23,46,27,99,91,62,29,30,28,36,53,70,54,42,11,77,92,5,21,14,10,71,38,2,41,31,39,55,26,95,60,88,69,80,4,67,12,24,0,64
31,58,24,48,59,97,18,76,36,45,19,64,82,83,43,88,61,40,93,68,77,16,84,56,78,75,72,52,22,6,60,49,1,33,50,73,35,27,57,7,32,8,12,81,79,94,47,37,86,34,63,74,13,3,51,44,9,66,87,65,23,46,85,99,14,62,29,30,28,90,53,70,54,42,25,91,15,5,21,20,10,71,38,2,41,11,39,55,26,95,89,96,69,80,4,67,98,17,0,92
31,58,24,48,59,97,18,76,36,45,19,77,82,83,86,88,3,40,51,68,62,57,84,56,78,75,14,72,22,6,91,8,1,93,50,73,35,27,66,7,32,64,12,81,79,33,47,37,43,34,63,74,16,46,13,44,9,61,87,65,23,94,85,99,52,96,29,30,28,90,60,70,54,42,25,53,15,5,21,20,10,71,38,2,41,11,39,55,26,95,89,49,69,80,4,67,98,17,0,92
31,73,66,48,59,97,18,89,36,45,19,16,9,82,86,88,3,15,51,68,62,57,14,84,78,75,77,72,22,6,91,8,1,93,50,85,35,39,40,7,32,64,12,81,79,33,47,37,43,34,63,74,24,13,56,44,27,94,87,65,23,76,80,99,52,96,29,30,28,90,60,70,54,42,25,53,11,5,21,20,10,71,38,2,41,58,83,55,26,95,61,49,69,46,4,67,98,17,0,92
60,19,66,74,59,97,18,89,36,45,16,78,87,82,86,88,3,15,51,68,62,57,14,12,25,75,43,72,22,6,91,8,1,93,50,85,35,39,40,84,33,64,73,81,79,9,47,37,32,34,70,30,24,13,56,44,27,94,7,65,23,76,80,99,52,96,29,31,28,90,11,0,54,42,38,53,77,5,21,20,10,71,48,2,41,63,83,55,26,95,61,49,69,46,4,67,98,17,58,92
60,19,66,74,59,97,18,89,36,45,16,78,87,82,86,88,3,13,51,68,62,57,14,12,23,75,15,72,22,2,91,8,1,93,70,6,54,39,40,84,33,64,73,81,79,9,47,37,32,34,48,35,99,4,56,44,49,94,7,65,43,76,80,28,24,96,29,31,30,90,11,67,27,25,38,53,77,5,21,20,10,71,42,69,41,63,83,55,26,95,61,50,0,46,52,85,98,17,58,92
60,19,66,74,59,97,18,43,36,45,76,78,87,24,86,30,3,52,51,13,62,57,40,82,23,68,89,72,22,2,91,8,1,93,75,6,83,39,5,84,33,64,73,81,79,9,47,37,32,34,48,35,99,4,56,44,49,94,85,65,16,10,80,28,7,96,29,14,54,90,11,67,27,25,38,53,77,31,21,20,70,71,42,69,41,63,98,55,26,95,61,50,0,46,12,15,88,17,58,92
29,0,73,74,59,65,18,43,36,45,76,78,87,24,60,51,3,52,66,13,62,57,40,82,23,68,89,31,22,2,91,8,1,93,75,6,83,39,5,84,33,19,94,81,79,9,47,37,32,44,48,35,72,4,56,58,49,71,85,30,16,10,80,28,7,96,88,17,54,63,11,67,27,25,38,53,77,14,21,20,70,34,42,69,41,99,98,55,26,95,61,50,90,46,12,15,86,64,97,92
29,0,73,50,59,61,77,8,36,45,94,78,87,24,60,51,3,52,66,13,1,57,40,82,23,68,89,31,22,2,91,84,62,37,75,6,83,39,5,56,33,19,15,81,79,9,47,49,32,44,48,35,18,63,74,58,99,71,85,30,16,10,80,28,7,96,88,17,54,90,11,67,93,25,38,53,76,14,21,20,70,34,42,69,41,4,98,55,26,95,65,27,43,72,12,46,86,64,97,92
29,0,31,50,59,61,77,8,10,16,94,17,87,24,60,51,36,52,73,13,3,38,40,82,23,68,89,72,22,2,91,84,62,43,75,6,83,37,5,56,33,19,15,81,79,9,47,49,32,35,48,45,18,7,57,58,99,71,85,30,78,44,80,28,66,96,88,64,54,90,11,67,93,74,39,53,76,14,21,20,70,34,42,69,41,4,98,55,26,95,65,63,27,1,12,46,86,25,97,92
29,0,31,24,59,61,77,8,10,95,94,17,42,35,51,2,36,52,50,13,86,38,40,82,23,68,89,72,22,73,91,84,62,43,75,6,83,37,5,56,57,19,79,81,66,9,47,49,32,34,48,45,39,7,18,87,99,15,85,30,78,44,80,28,60,96,88,64,54,90,11,67,93,74,25,53,76,71,21,20,70,3,16,69,41,4,98,55,26,58,65,63,27,1,12,46,33,14,97,92
29,0,31,24,87,61,77,8,10,95,94,17,42,35,51,2,36,60,40,13,1,38,99,82,23,68,89,72,22,55,91,73,62,43,75,6,83,37,5,56,57,19,79,81,66,74,45,49,32,34,48,69,39,7,18,63,46,15,85,30,78,44,86,28,80,96,88,64,9,90,11,67,93,50,25,53,12,41,21,20,70,3,16,59,84,4,98,47,26,58,65,76,27,71,52,54,33,14,97,92
18,0,31,24,22,61,87,8,10,95,94,17,42,35,38,77,36,60,40,13,1,7,99,82,23,68,89,72,47,55,64,73,62,43,83,33,51,6,5,48,57,19,79,81,66,74,45,49,32,34,3,69,39,75,86,63,46,15,85,30,96,44,56,28,80,27,88,37,9,90,11,67,93,50,25,53,12,41,21,20,70,29,16,59,91,4,98,2,26,58,65,76,78,71,52,54,84,14,97,92
18,0,12,24,22,61,87,8,10,95,94,13,42,35,38,90,36,96,40,52,1,7,99,82,23,68,89,60,47,55,64,72,27,43,83,33,17,6,77,63,62,19,79,81,66,74,45,49,32,34,3,69,39,75,86,9,46,15,85,30,41,44,56,28,80,73,88,37,5,31,11,67,2,50,25,53,57,48,21,20,93,29,16,59,91,4,98,14,26,58,65,51,78,71,76,54,84,70,97,92
18,0,46,53,22,61,55,8,10,95,89,13,42,35,38,90,36,96,40,52,58,7,21,82,23,75,99,6,47,37,64,72,27,43,83,33,17,24,77,63,4,19,79,81,66,74,94,49,32,34,3,69,39,86,67,9,2,15,85,30,41,44,12,28,80,73,88,31,5,87,11,45,1,50,25,60,57,48,62,20,93,29,16,59,91,56,98,14,26,68,65,51,78,71,76,54,84,70,97,92
18,44,46,53,22,61,55,8,10,73,89,13,42,14,38,90,35,78,40,52,58,7,21,82,0,91,99,6,47,37,75,23,27,43,83,33,17,95,77,63,4,19,79,81,66,74,94,49,32,34,3,64,39,86,71,9,2,51,85,30,41,96,12,28,80,59,88,31,5,72,11,45,36,50,25,60,57,48,62,20,93,1,16,87,98,56,24,15,26,68,65,67,29,69,76,54,84,70,97,92
18,44,46,53,22,61,55,8,10,73,89,79,42,43,16,32,35,78,40,52,58,7,76,82,92,91,99,6,47,37,75,23,27,69,19,87,17,95,77,63,4,30,21,81,11,74,94,49,51,34,3,64,39,86,71,9,2,33,85,90,41,96,12,28,80,59,88,31,5,72,0,45,36,50,25,60,57,48,66,20,93,62,1,29,14,56,24,15,26,68,65,67,98,83,13,54,84,70,97,38
74,44,46,8,42,61,55,88,52,73,89,79,10,43,76,32,35,78,40,77,58,7,2,82,92,91,99,6,47,37,18,23,27,69,19,96,17,95,68,63,4,30,21,81,11,87,94,49,51,34,3,64,39,86,71,9,70,33,85,90,41,22,12,28,80,59,75,31,5,0,16,45,36,50,25,93,57,48,66,20,72,62,67,29,14,56,24,1,26,60,65,15,98,83,13,54,84,53,97,38
1,44,46,8,42,83,55,88,52,61,89,79,10,43,76,32,49,78,40,77,58,13,56,82,92,91,99,6,47,37,18,67,27,71,35,96,17,95,68,60,4,30,21,81,63,87,94,72,51,34,3,64,39,86,69,9,70,33,85,90,41,23,93,28,80,59,75,22,5,0,16,45,36,50,25,74,57,48,66,20,15,62,11,29,14,7,24,31,26,12,65,19,98,73,2,54,84,53,97,38
86,44,46,8,42,59,55,88,52,61,89,79,10,43,76,32,49,78,97,77,58,13,56,63,9,91,99,6,5,20,18,67,27,71,35,96,17,95,68,98,4,30,21,81,40,87,94,72,19,92,82,51,39,83,3,33,70,34,85,90,41,23,93,28,80,48,75,22,64,0,16,45,36,50,47,74,57,60,66,1,15,62,11,29,14,7,24,31,26,12,65,25,37,73,2,54,84,53,69,38
32,44,46,8,42,59,55,17,52,66,89,79,10,43,76,72,49,57,97,77,58,13,56,63,9,91,96,12,5,20,18,67,27,71,35,65,80,95,7,98,4,30,3,81,40,87,94,61,19,92,82,51,39,83,50,33,70,34,85,22,41,23,93,28,99,48,75,68,64,86,16,45,36,90,47,74,0,60,6,21,88,62,11,29,14,1,24,31,26,15,78,25,37,73,2,54,84,53,69,38
55,44,46,8,32,34,78,17,52,66,89,79,10,43,61,72,49,57,97,77,58,13,96,63,9,51,29,12,5,20,18,67,27,71,35,73,91,95,7,42,4,30,3,56,40,87,94,93,19,92,82,98,39,83,50,33,70,0,85,36,65,23,41,28,99,48,75,68,64,81,16,45,11,90,47,74,86,60,6,21,88,62,80,76,14,1,24,31,26,15,22,25,37,59,2,54,84,53,69,38
55,44,46,8,32,34,78,40,52,66,89,63,10,43,61,35,49,57,79,69,58,13,96,2,9,51,29,12,5,20,18,67,92,33,42,73,91,95,7,3,97,30,47,56,72,37,94,93,19,17,82,98,39,83,50,4,70,0,85,36,65,23,41,28,99,71,75,68,64,81,16,45,11,90,84,74,87,60,6,21,88,86,80,76,14,1,24,31,26,15,22,27,48,59,62,54,77,53,25,38
86,44,46,8,32,34,78,40,52,59,89,63,10,43,61,35,33,83,79,69,58,13,96,2,9,54,29,12,5,20,18,67,92,66,42,73,91,99,7,50,97,30,47,56,72,3,94,93,19,17,82,98,39,95,51,4,70,0,37,36,1,23,41,49,76,71,75,68,64,26,16,45,11,90,84,74,87,77,6,21,88,81,80,25,14,60,24,31,85,15,22,27,48,28,62,65,57,53,55,38
86,44,46,8,71,34,78,94,52,67,89,63,10,36,61,35,33,83,79,69,58,13,96,2,9,54,80,26,5,43,18,12,92,66,42,73,91,40,59,50,97,30,47,56,72,3,20,93,19,17,82,98,39,95,0,4,70,41,37,38,1,49,7,53,76,23,75,68,32,64,16,45,11,90,84,74,87,77,6,21,88,81,22,25,14,60,24,29,85,15,51,27,48,28,62,65,57,99,55,31
86,44,22,8,71,34,78,32,14,51,57,63,10,36,72,52,33,84,79,69,58,13,96,2,9,54,80,26,5,43,18,12,92,66,42,73,91,40,59,50,97,30,21,56,83,3,11,93,19,17,82,98,39,95,0,4,94,41,37,7,1,49,38,53,76,23,75,61,88,64,16,45,70,90,46,67,87,77,6,89,47,81,74,25,20,60,24,29,85,15,68,27,48,28,62,65,35,99,55,31
86,44,10,8,71,73,90,32,14,51,57,22,54,4,72,52,33,84,79,69,58,13,96,2,9,0,80,40,5,43,18,12,92,63,42,35,91,25,59,50,26,30,21,56,83,3,11,93,19,17,82,98,39,95,66,41,94,77,37,7,1,49,38,53,76,23,75,61,88,64,16,45,70,47,46,67,87,36,27,89,74,81,65,78,20,60,24,29,85,15,68,34,48,28,97,6,62,99,55,31
86,44,10,8,71,32,19,80,83,51,57,22,54,4,72,31,33,84,79,69,58,13,96,52,14,78,70,40,5,43,18,12,92,0,30,35,3,25,59,50,26,56,21,91,2,73,11,93,63,17,82,98,39,95,66,41,94,77,37,7,1,49,38,53,76,23,75,61,88,46,16,45,20,47,9,67,87,42,27,89,74,81,65,48,90,60,24,29,85,15,68,34,64,28,97,6,62,99,55,36
83,10,88,64,71,32,19,80,8,51,57,22,54,4,72,31,33,84,79,69,58,87,13,52,14,78,70,40,5,43,18,12,92,0,2,35,3,25,77,28,26,56,21,91,50,73,11,93,63,17,82,98,39,95,59,30,94,41,37,7,86,1,38,53,76,23,62,61,44,46,16,34,20,47,9,67,66,42,27,89,74,81,65,48,90,60,24,29,85,49,68,15,45,75,97,6,96,99,55,36
74,10,88,64,71,32,19,80,83,97,57,22,54,4,72,31,63,84,73,69,58,87,13,52,14,78,70,40,59,43,18,12,35,0,2,8,3,55,77,17,26,56,51,91,50,90,11,93,82,15,79,98,39,95,7,30,94,41,37,92,86,1,25,21,76,23,62,61,44,46,16,34,20,47,9,67,66,42,27,89,33,81,65,28,5,60,24,29,85,49,68,48,45,75,38,6,96,99,53,36
74,10,88,64,58,94,19,80,6,97,57,22,54,5,79,31,63,84,0,37,72,46,13,52,83,78,70,40,59,43,18,12,35,2,26,8,69,55,77,17,14,56,3,91,23,90,11,93,45,15,50,98,39,95,7,30,4,41,87,92,86,1,25,21,76,51,62,61,44,71,16,34,20,47,9,67,66,42,27,89,33,81,65,28,32,60,24,29,85,49,68,48,73,75,38,82,96,99,53,36
74,10,88,97,58,94,44,57,6,38,85,22,19,14,79,31,63,84,0,37,72,46,13,52,83,78,64,40,59,43,66,26,35,2,53,8,69,55,27,17,9,56,3,91,23,90,11,93,45,5,50,98,39,95,7,30,4,41,87,92,67,1,25,21,76,51,54,61,36,71,16,34,20,47,77,18,70,42,62,89,33,81,65,28,32,60,24,29,80,49,68,48,73,75,86,82,96,99,15,12
74,10,57,38,58,94,44,12,6,79,65,20,19,14,88,31,70,84,0,98,72,46,13,52,83,78,64,40,59,85,66,26,35,62,53,8,2,55,27,17,9,56,3,91,23,90,11,43,45,5,50,69,39,95,7,30,4,41,87,92,67,1,25,21,76,63,54,61,36,71,16,34,97,47,77,93,37,42,75,89,33,81,68,28,32,60,24,22,80,49,18,48,73,15,86,82,96,99,29,51
74,10,57,38,58,94,44,12,47,6,65,20,19,42,88,97,70,68,0,98,72,46,13,52,83,78,64,40,14,85,95,26,35,62,53,8,3,55,27,17,9,54,63,66,23,90,71,43,45,5,50,69,39,56,7,30,73,41,87,92,4,33,25,21,76,1,67,61,36,11,16,34,2,59,77,93,37,91,75,89,84,81,31,28,32,60,24,22,80,49,18,48,79,15,86,82,96,99,29,51
74,10,65,38,58,94,44,12,47,6,70,20,19,42,85,73,78,68,0,28,72,97,13,4,77,1,64,40,14,31,35,26,32,62,53,8,88,55,27,63,9,54,83,66,23,90,71,43,45,5,50,69,39,56,7,30,52,41,87,92,3,33,25,21,76,17,49,61,36,11,16,34,2,59,67,93,37,91,75,89,84,81,46,57,95,60,24,22,80,98,18,48,79,15,86,82,96,99,29,51
74,10,65,38,25,60,40,12,47,81,57,6,19,42,85,73,24,68,0,28,72,97,13,4,44,1,64,93,77,31,35,26,32,62,95,11,58,55,27,63,9,54,83,66,23,90,71,43,45,5,50,69,39,56,7,30,20,41,87,92,18,33,3,21,76,17,49,61,36,70,16,34,2,59,67,86,37,91,75,89,84,53,46,52,14,78,94,22,80,98,88,48,79,15,8,82,96,99,29,51
74,10,65,38,67,60,40,12,47,81,3,6,97,42,69,73,24,9,0,13,96,85,51,87,44,1,64,93,77,31,35,4,32,62,95,11,58,55,27,63,19,54,52,66,23,90,71,43,45,5,50,25,39,56,7,30,26,41,72,92,18,33,70,21,76,17,49,61,36,20,16,34,2,59,29,86,37,91,75,99,84,53,46,89,14,78,94,22,80,98,88,48,79,15,8,82,83,57,68,28
74,81,65,38,67,98,48,95,47,10,90,6,54,22,69,73,24,9,0,13,96,85,79,87,44,1,93,60,77,40,45,4,59,62,42,11,58,55,27,63,19,32,52,66,23,78,71,43,64,5,3,25,39,56,7,30,26,41,72,92,18,33,70,21,76,17,49,61,36,20,16,34,2,35,29,86,37,91,75,99,84,53,46,89,14,51,94,12,80,97,88,31,50,15,8,82,83,57,68,28
48,81,65,38,3,98,86,95,47,10,90,6,13,79,69,73,24,9,0,66,96,80,42,87,44,1,93,50,77,40,45,4,63,62,54,11,58,55,27,91,19,32,52,22,26,78,71,43,64,5,46,25,39,56,7,30,85,41,72,92,18,33,88,23,76,17,49,61,36,20,16,34,2,35,29,21,37,59,75,99,84,53,89,67,14,51,94,12,60,97,70,31,74,15,8,82,83,57,68,28
65,39,12,38,3,46,86,95,47,36,90,99,13,79,69,73,24,9,0,66,96,80,42,87,44,72,93,88,77,82,45,4,63,62,54,11,58,55,27,91,50,32,52,22,26,78,71,6,64,5,81,25,43,56,7,30,85,41,60,92,18,33,10,23,76,17,49,61,67,20,16,34,83,35,29,97,37,59,75,19,84,53,89,1,14,51,94,98,40,48,70,31,74,15,8,21,2,57,68,28
67,71,12,38,3,46,86,95,47,36,42,87,13,79,69,73,24,90,0,65,33,80,51,96,44,72,93,88,99,82,45,4,63,62,54,11,58,55,27,91,50,6,52,22,77,78,59,26,64,5,81,25,43,56,7,30,85,41,60,92,18,9,39,23,76,17,49,61,21,15,16,83,40,35,29,97,37,20,75,19,84,53,89,1,14,32,94,98,10,48,70,31,74,66,8,34,2,57,68,28
47,71,12,38,3,46,15,95,22,78,42,87,36,79,69,73,24,90,0,65,64,13,39,96,50,72,93,88,99,82,45,4,63,62,54,11,58,55,27,91,92,6,52,5,31,61,18,26,75,56,81,25,43,77,7,30,85,41,60,44,86,9,33,23,76,17,49,80,21,67,16,83,40,35,29,97,37,20,59,19,84,53,89,1,14,32,94,98,10,48,70,66,74,51,8,34,2,57,68,28
20,67,99,36,3,46,15,95,22,78,19,87,9,79,69,73,24,90,0,85,64,13,39,96,50,72,93,88,12,82,45,4,63,62,54,11,58,55,27,91,92,6,52,5,31,61,18,26,75,56,81,25,33,77,71,30,42,41,60,44,86,84,23,48,76,21,43,80,7,51,16,83,40,35,29,97,37,65,59,17,38,53,89,1,49,32,94,98,10,14,70,66,74,57,8,34,2,47,68,28
75,27,99,36,3,46,15,80,88,50,29,22,9,79,69,73,24,55,0,85,64,13,95,96,78,72,93,19,12,82,45,4,63,67,54,11,47,87,39,91,92,6,34,5,53,61,18,26,62,56,31,25,33,77,71,30,42,41,60,44,86,84,23,48,76,21,43,52,7,51,16,83,40,35,58,97,37,65,59,17,38,81,89,1,49,32,94,90,10,14,70,66,74,57,8,98,2,20,68,28
75,27,99,24,3,46,28,80,65,50,29,22,9,79,69,73,17,55,0,85,66,13,95,96,78,72,93,19,12,82,45,4,63,36,51,11,47,48,39,91,92,6,15,5,53,61,18,26,62,56,68,25,33,77,71,30,42,41,60,90,76,84,23,88,58,21,43,52,7,34,16,87,40,54,67,97,37,64,59,2,38,81,89,1,49,32,94,83,10,14,70,31,74,57,8,98,86,20,44,35
65,27,99,24,3,46,28,80,7,87,10,22,9,79,69,84,17,55,51,85,66,13,95,96,78,72,93,19,12,82,45,4,38,36,89,11,47,48,39,0,73,6,15,5,53,68,18,26,62,56,90,25,33,77,71,92,42,98,60,50,61,41,23,88,58,21,43,52,35,30,16,75,40,54,67,97,37,64,59,2,34,81,91,1,49,32,94,83,63,14,70,31,74,57,8,76,86,20,44,29
65,27,99,87,3,46,71,80,7,39,10,22,9,79,69,84,35,55,51,85,66,13,95,96,78,72,93,19,12,8,45,4,38,36,89,11,47,48,29,73,2,15,42,5,76,77,18,26,62,56,17,25,33,32,92,88,24,98,60,50,61,53,23,0,58,21,43,52,6,30,16,75,40,54,67,97,37,64,59,68,34,81,91,1,49,41,94,83,63,14,70,31,74,57,82,28,86,20,44,90
65,27,99,87,5,46,71,62,78,47,10,22,3,79,69,84,35,55,9,85,66,13,95,81,38,72,77,19,12,7,45,4,40,36,23,11,76,48,29,73,2,15,42,28,31,16,8,26,80,96,17,25,33,32,92,88,24,98,60,50,61,53,39,0,58,21,43,52,6,30,18,75,93,54,67,97,37,64,59,68,34,56,91,1,49,41,94,83,63,14,70,51,74,57,82,89,86,20,44,90
65,27,67,87,5,46,71,80,78,47,10,22,3,79,93,84,51,55,9,85,66,13,35,81,38,72,77,19,12,31,45,4,40,36,23,11,90,48,29,73,2,15,42,28,95,16,8,26,99,82,17,25,33,50,96,76,24,98,58,92,61,53,39,0,7,21,43,52,6,30,18,75,69,60,88,97,37,64,59,68,34,56,32,1,49,62,94,83,91,14,70,41,74,57,54,89,86,20,44,63
65,98,67,59,5,46,71,28,78,76,10,22,3,79,6,84,61,80,9,85,66,13,35,81,38,72,77,19,12,31,45,4,40,36,32,11,90,48,29,73,2,15,30,0,95,50,8,26,99,82,17,25,33,55,96,24,64,87,58,92,20,53,39,70,7,21,51,52,27,16,18,75,69,60,88,97,37,23,93,68,34,56,43,1,49,62,94,83,91,14,42,41,74,57,54,89,86,47,44,63
65,18,67,59,5,46,71,38,78,76,51,22,49,79,6,84,61,1,9,85,66,13,35,90,98,72,77,19,12,31,45,4,40,36,32,11,60,48,29,73,2,15,30,0,68,50,8,17,99,10,83,25,33,55,96,24,64,3,82,92,20,53,39,70,7,21,87,52,27,16,80,75,23,26,28,97,37,95,93,42,34,56,43,88,69,62,94,58,91,14,81,41,74,57,54,89,86,47,44,63
65,18,67,71,5,91,38,87,78,76,51,22,49,79,6,84,15,1,9,85,66,13,35,46,98,72,77,19,12,31,45,4,37,59,36,86,61,48,29,73,2,90,30,0,58,50,8,17,99,10,83,25,33,55,96,40,64,3,60,92,11,53,39,70,63,21,43,52,27,16,80,75,32,26,28,97,68,95,93,42,34,56,82,88,69,62,94,24,23,14,81,41,74,57,54,89,7,47,44,20
65,90,67,71,5,49,38,45,78,76,51,22,48,18,91,84,15,1,9,26,66,13,55,46,98,72,85,19,4,31,6,68,37,77,36,86,61,81,29,73,59,35,30,0,58,50,8,17,99,10,83,25,33,2,96,40,64,97,60,92,11,53,39,70,63,21,43,79,27,16,80,75,32,87,28,12,69,95,93,42,34,56,82,88,3,52,94,24,23,14,62,41,74,57,54,89,7,47,44,20
65,92,67,71,5,49,38,45,78,76,93,22,80,19,91,84,15,1,9,26,66,13,46,18,98,72,85,53,23,39,6,68,37,51,36,86,61,81,29,73,59,35,30,0,58,50,8,17,99,40,83,25,33,2,96,16,48,97,60,90,11,4,10,70,63,21,64,79,75,31,27,89,32,87,28,12,69,95,43,42,34,56,82,88,77,52,94,24,3,14,62,41,74,57,54,55,7,47,44,20
65,21,67,71,78,49,38,45,14,76,93,22,80,19,58,84,15,1,9,26,66,13,46,18,98,72,85,53,23,30,6,68,81,51,36,86,61,91,29,73,79,35,92,69,39,5,8,17,99,90,87,25,63,2,96,16,48,97,60,33,11,4,10,70,40,37,64,83,75,42,27,89,32,59,28,12,0,95,43,50,34,56,82,88,77,52,94,24,3,62,31,41,74,57,54,55,7,47,44,20
65,88,41,71,78,49,85,45,14,76,93,36,80,67,58,84,15,1,86,26,66,52,25,18,98,72,38,53,23,30,6,68,81,51,31,91,63,54,29,73,79,35,96,69,39,5,8,17,99,90,87,21,9,2,4,16,48,97,46,33,11,61,10,70,40,37,64,83,75,42,27,89,32,59,28,12,0,95,43,50,34,56,82,92,77,22,94,24,3,62,13,74,19,57,60,55,7,47,44,20
65,88,41,71,78,49,85,9,69,98,93,36,80,67,58,43,15,16,86,26,66,52,25,96,95,72,38,76,23,30,6,68,81,51,31,91,63,19,29,73,79,35,74,50,39,5,8,60,99,90,87,53,84,2,4,54,48,97,14,33,11,61,10,70,46,37,1,40,75,42,27,89,32,59,28,12,0,83,64,17,34,56,82,92,77,22,94,24,3,62,13,18,21,57,45,55,7,47,44,20
65,88,41,51,78,30,1,9,69,98,13,36,80,48,58,43,15,16,86,26,66,52,34,96,60,72,68,76,23,99,6,49,81,25,31,91,63,19,67,73,79,35,42,50,11,5,8,29,32,90,87,53,84,2,4,54,38,97,14,71,39,61,10,70,46,37,85,40,75,74,27,89,95,59,28,12,0,83,64,17,33,56,82,92,77,93,94,24,3,62,22,18,21,57,45,55,7,47,44,20
65,88,32,51,78,79,1,9,71,43,13,36,80,48,58,20,15,16,86,53,66,52,34,96,60,72,26,76,23,99,6,41,81,25,31,91,63,19,67,73,98,35,42,50,11,5,8,29,40,90,87,4,84,30,47,54,56,17,14,49,39,69,10,70,46,37,85,95,75,74,93,89,97,59,28,12,0,83,64,38,33,27,82,92,77,61,94,24,3,62,22,18,21,57,45,55,7,2,44,68
65,88,32,51,78,79,1,73,71,43,13,36,80,48,58,20,15,16,75,68,91,52,5,96,60,72,26,76,23,99,6,41,81,25,31,37,54,66,98,86,7,35,42,50,11,63,8,29,40,90,87,4,84,30,47,3,9,17,14,49,39,69,10,70,46,83,85,95,55,74,93,89,97,59,28,12,19,34,64,38,33,27,92,56,77,61,94,24,18,62,22,82,21,57,45,67,53,2,44,0
65,99,40,51,43,79,20,73,71,34,13,36,80,48,70,56,15,16,75,68,91,52,5,96,84,72,26,76,1,92,6,41,81,25,31,37,60,66,98,86,82,35,42,50,11,63,8,29,32,90,87,4,28,30,47,3,9,17,14,49,39,69,58,78,46,83,54,95,10,74,93,89,97,59,55,12,19,7,64,38,33,27,18,85,77,61,94,24,23,62,22,0,21,57,45,67,53,2,44,88
28,99,40,51,43,79,2,73,71,65,57,36,80,48,70,56,13,34,75,31,91,52,5,20,84,72,64,76,1,60,6,41,81,25,62,37,66,26,98,86,82,87,42,50,11,63,8,29,32,90,16,4,35,30,47,3,9,17,14,49,39,69,58,10,46,83,54,95,15,74,23,89,97,59,55,12,19,7,92,38,68,27,18,85,77,61,94,24,93,96,22,0,21,33,45,67,53,78,44,88
28,84,40,51,25,79,2,73,71,65,57,36,80,48,70,56,13,34,75,31,91,52,98,20,53,72,64,76,1,62,7,41,81,45,37,68,66,26,93,86,12,87,42,50,11,63,8,29,32,90,16,15,35,30,47,3,9,17,14,49,39,69,58,4,6,83,54,95,5,74,23,0,97,43,55,10,82,59,92,38,19,27,18,85,77,61,94,24,99,96,22,89,21,33,60,67,46,78,44,88
10,32,44,51,25,87,62,28,71,65,57,36,80,48,70,56,13,52,50,31,91,34,98,20,53,72,64,76,1,42,7,40,41,45,37,68,66,81,93,86,12,75,38,47,11,63,8,29,2,90,16,15,35,30,73,3,9,17,14,49,39,69,58,4,6,83,54,95,5,74,23,0,97,43,55,92,84,59,22,67,19,27,18,85,77,61,94,24,99,96,26,89,21,33,60,82,46,78,79,88
10,74,93,51,25,87,62,28,71,65,57,19,80,48,55,56,13,52,50,96,91,45,98,20,53,72,64,76,1,42,77,40,41,7,79,68,66,81,32,86,12,75,2,47,26,63,8,29,14,37,16,15,35,30,73,3,9,17,99,83,39,69,58,4,6,49,54,95,5,38,23,0,97,43,34,92,84,59,22,67,11,27,18,85,31,61,94,24,70,44,90,89,21,33,60,82,46,78,36,88
40,74,93,83,50,87,62,28,71,38,57,63,80,48,55,56,13,52,46,96,67,45,98,20,53,91,64,76,10,42,77,65,72,7,79,68,66,81,86,30,12,75,69,47,26,41,8,29,14,4,16,15,35,32,73,3,9,17,99,19,39,51,58,37,6,49,54,1,5,95,23,0,97,43,34,92,84,59,22,94,11,27,18,85,31,61,25,24,70,44,90,89,21,33,60,82,2,78,36,88
40,74,93,83,50,87,15,28,4,38,57,66,80,48,89,56,13,62,46,96,67,45,98,20,53,91,64,76,10,99,77,65,72,7,79,68,27,81,86,30,12,75,69,17,26,41,55,29,14,63,16,84,35,32,73,52,9,18,43,19,39,3,58,37,8,49,54,1,5,11,23,0,97,6,71,92,51,59,22,94,44,47,34,85,31,61,25,24,70,42,90,95,21,33,60,82,2,78,36,88
40,74,93,83,50,85,15,28,4,33,57,66,80,48,89,56,13,62,46,67,38,45,19,42,53,91,64,87,10,99,24,65,72,7,79,95,27,81,86,30,20,75,69,17,26,92,55,29,77,63,16,84,35,32,23,52,9,18,43,98,39,51,58,37,8,49,54,1,5,11,70,0,97,6,71,3,68,59,22,94,14,47,34,96,31,61,25,44,76,73,90,41,21,12,60,82,2,78,36,88
71,74,93,83,50,85,15,28,4,35,63,40,80,48,1,56,13,42,46,67,38,45,19,73,53,94,64,87,62,99,24,65,72,10,79,95,27,0,86,30,20,75,69,17,26,92,57,29,77,66,16,84,55,32,23,52,9,18,43,98,39,91,58,37,8,89,54,51,49,11,96,33,97,6,61,3,68,59,22,7,14,47,34,5,31,70,25,44,76,81,90,41,21,12,60,82,2,78,36,88
71,74,4,83,50,85,15,36,90,35,99,40,80,48,1,56,13,42,46,97,38,45,19,79,53,32,91,87,62,52,24,65,93,30,67,95,27,0,86,73,20,75,69,17,26,92,57,94,77,66,16,84,55,72,23,10,9,18,43,98,39,47,58,37,8,89,54,51,49,11,96,33,41,6,29,88,68,59,22,7,14,61,34,5,31,70,25,44,76,81,63,3,21,12,60,82,2,78,64,28
44,74,53,83,50,85,15,22,90,35,99,40,80,48,1,4,71,59,63,97,38,45,19,79,42,32,46,87,62,76,24,65,93,30,6,17,27,0,86,73,20,75,69,52,26,92,57,94,77,66,16,67,55,72,13,10,9,18,60,98,39,47,58,37,8,89,54,51,49,11,96,33,41,95,56,88,91,36,43,7,14,61,34,5,31,70,25,29,84,81,68,3,21,12,23,82,2,78,64,28
44,74,53,81,50,85,15,22,90,35,99,40,80,87,1,28,71,21,63,97,2,45,27,79,42,32,46,57,62,76,24,65,93,30,6,48,19,0,86,73,20,75,69,61,26,92,52,94,77,66,37,67,96,59,13,10,9,18,4,98,39,47,58,41,8,89,54,51,49,11,43,33,72,95,56,88,91,36,60,7,14,38,34,5,83,70,25,29,84,17,68,3,16,12,23,82,31,78,64,55
83,45,53,81,14,85,44,22,90,88,99,40,80,87,56,28,71,21,63,97,2,1,9,79,42,32,46,57,62,76,98,65,61,30,6,48,19,0,86,73,20,75,69,77,26,43,52,94,74,66,37,67,96,59,13,10,7,18,4,93,39,47,58,91,8,89,50,51,49,11,35,33,72,95,54,15,60,36,92,27,24,38,34,5,41,70,25,29,84,17,68,3,16,12,23,82,31,78,64,55
98,45,53,81,14,64,1,22,90,88,99,40,11,87,56,28,71,21,63,97,2,0,9,79,42,32,30,33,62,76,3,65,61,74,6,48,84,41,86,73,20,75,69,77,26,43,52,94,78,66,37,57,96,59,13,10,7,18,4,93,5,47,58,91,8,83,50,51,49,89,35,67,72,44,54,15,60,36,92,27,24,38,34,68,46,70,25,29,39,17,19,95,16,12,23,82,31,85,80,55
98,70,53,81,14,64,1,40,90,88,99,17,22,87,56,28,71,21,63,20,2,55,9,79,42,32,30,33,62,76,52,65,61,74,6,48,84,41,86,73,97,75,69,77,26,43,0,94,78,66,37,54,96,59,95,39,7,18,4,93,5,47,58,91,8,11,44,51,49,89,35,15,72,31,13,67,60,36,92,27,24,38,34,68,46,3,25,29,57,12,19,50,16,10,23,82,83,85,80,45
98,70,53,81,71,64,1,40,14,88,99,17,22,0,56,28,13,21,63,20,7,55,9,79,42,52,62,33,58,76,30,65,61,74,12,48,84,41,86,73,97,75,69,77,2,43,32,94,78,44,37,82,96,59,95,39,87,18,4,93,5,92,66,91,8,11,23,51,49,89,35,15,72,31,3,67,60,36,26,54,24,38,34,68,46,90,25,29,57,27,19,50,16,10,6,47,83,85,80,45
98,14,53,81,20,64,1,40,80,88,99,17,22,0,84,28,13,21,63,56,7,6,9,54,42,52,62,33,58,76,30,65,61,78,71,48,70,41,86,73,97,75,69,45,2,43,32,94,44,47,74,82,96,59,95,39,87,18,4,93,5,92,66,91,8,11,23,79,49,89,15,67,46,31,3,12,60,36,26,72,24,38,34,68,77,90,25,29,57,27,19,50,16,10,35,51,83,85,55,37
98,14,53,81,4,65,1,40,28,88,44,17,22,0,84,12,13,63,25,56,7,6,2,54,42,52,62,33,66,76,30,75,61,78,71,48,70,41,86,73,97,21,69,64,99,8,32,94,43,47,74,82,96,59,95,39,87,18,58,93,5,92,29,91,3,11,23,79,49,89,15,67,46,31,26,16,80,36,9,72,24,38,34,68,77,90,45,60,57,27,19,50,20,10,35,51,83,85,55,37
98,14,53,81,4,65,1,40,28,88,44,17,22,0,84,46,13,63,25,56,7,73,92,54,50,52,62,33,66,76,12,75,61,78,71,48,70,41,42,97,89,27,69,64,99,8,32,94,43,21,36,82,96,30,95,39,87,18,58,93,5,2,29,91,3,74,23,6,49,37,15,86,67,31,26,16,80,47,79,59,24,38,34,68,77,90,45,72,57,11,19,9,20,10,35,51,83,85,55,60
98,14,53,81,4,65,1,71,28,88,44,17,22,0,51,99,37,63,25,56,7,73,92,54,12,52,62,33,40,76,64,66,61,78,11,48,70,41,84,97,89,50,69,29,75,8,32,94,43,21,34,82,96,30,13,39,87,18,58,93,5,95,36,91,3,74,23,6,49,27,15,86,26,31,46,16,80,47,79,60,24,38,42,68,77,90,45,72,57,59,19,9,20,10,35,2,83,85,55,67
98,14,68,81,4,65,78,71,28,88,44,17,22,0,51,47,37,48,25,56,7,73,92,54,12,52,62,33,53,76,64,66,61,60,91,82,80,41,84,97,89,50,69,29,75,8,32,94,43,21,34,70,96,30,13,11,87,85,58,93,5,19,36,59,3,74,23,6,1,27,15,86,26,31,46,16,42,49,79,99,24,38,39,63,77,90,45,72,95,35,18,9,20,10,57,2,83,40,55,67
98,14,68,9,4,65,78,20,28,88,44,17,25,0,51,47,37,48,63,56,7,73,92,18,75,52,62,33,36,76,54,66,61,81,91,82,80,41,84,97,89,50,22,29,57,8,32,94,43,21,34,70,96,30,13,11,87,85,12,93,5,19,69,59,3,74,23,6,1,27,15,64,60,31,46,16,42,72,79,99,24,26,53,39,77,90,45,71,95,86,49,35,38,10,58,2,83,40,55,67
98,14,68,9,95,91,78,20,4,74,44,17,25,88,51,47,85,40,63,56,7,73,92,18,75,52,62,3,36,76,54,66,27,81,72,82,80,41,84,97,89,50,22,93,57,8,32,94,43,21,34,70,96,30,13,11,87,0,12,28,5,19,69,59,37,33,67,6,1,83,15,48,60,31,46,16,42,61,79,99,24,23,53,39,77,90,65,71,26,86,49,35,38,10,58,2,64,45,55,29
98,14,23,37,95,91,78,20,5,21,44,17,25,88,51,47,86,40,94,56,7,73,28,18,99,52,62,3,36,9,54,66,27,81,72,82,80,41,84,97,24,50,22,93,57,8,32,75,43,85,34,70,63,30,13,11,87,76,12,92,46,19,69,33,89,4,67,6,1,83,15,48,60,31,74,16,42,61,79,68,64,96,53,39,77,90,65,71,26,59,49,35,38,10,58,2,0,45,55,29
98,14,23,37,95,91,52,20,5,21,44,17,25,88,51,47,86,40,81,56,7,64,28,18,99,36,73,3,41,9,54,66,27,12,72,82,80,63,84,97,87,92,22,93,57,8,32,75,43,85,34,70,24,60,13,11,96,76,62,90,10,94,69,33,89,4,67,6,1,83,15,48,68,31,74,16,42,61,79,50,78,19,53,39,77,46,65,0,26,59,49,35,38,30,58,2,71,45,55,29
98,14,23,37,95,91,8,20,17,21,44,87,25,88,51,10,86,40,81,56,7,64,28,82,99,53,73,3,97,9,54,66,27,12,72,29,80,63,84,50,48,92,22,93,57,35,32,75,43,85,34,18,65,52,13,11,96,76,62,90,60,4,69,33,89,41,67,6,1,83,15,94,68,31,74,16,42,61,79,59,78,19,24,39,77,46,70,0,26,47,49,71,38,30,58,2,36,45,55,5
98,14,37,41,95,91,8,20,65,21,44,87,25,88,51,10,86,27,81,13,7,64,28,82,99,53,12,3,97,9,54,77,84,56,72,29,80,63,31,76,48,92,22,93,19,35,60,75,43,85,34,18,4,73,11,79,96,32,62,90,17,23,69,33,89,57,67,6,1,83,15,94,68,52,74,16,42,61,40,59,78,50,24,39,66,46,70,0,26,47,49,71,38,30,58,2,36,45,55,5
98,14,37,30,95,79,8,20,65,21,44,87,25,88,51,10,86,27,81,13,7,64,28,82,99,53,12,29,76,9,54,77,84,56,97,78,80,63,18,11,48,92,22,93,19,3,40,75,43,85,34,35,17,73,36,41,96,32,62,90,72,23,69,33,89,57,67,6,1,91,15,94,60,52,74,16,42,83,68,31,61,50,24,39,66,46,70,0,26,4,49,71,38,2,58,59,47,45,55,5
98,0,26,30,42,79,8,36,65,21,78,49,25,77,51,10,86,11,9,13,7,64,28,82,99,53,12,29,76,37,54,44,88,56,97,14,80,63,18,27,48,92,22,93,19,3,40,75,43,85,83,35,17,73,84,41,96,32,62,90,72,23,71,33,89,57,67,6,1,91,15,94,60,52,74,16,20,87,68,69,61,50,24,39,66,46,95,34,81,4,31,70,38,2,58,59,47,45,55,5
98,0,8,30,42,79,7,36,47,21,45,49,48,77,51,10,86,11,9,33,26,64,66,25,99,53,12,29,14,37,54,44,88,56,68,18,65,80,62,27,82,92,22,93,19,3,40,75,43,85,83,35,17,73,63,41,96,32,76,90,72,23,71,28,89,57,67,6,1,91,15,94,60,52,74,16,4,87,13,69,61,50,24,39,84,46,95,34,81,78,31,70,38,2,58,59,97,20,55,5
94,3,8,63,42,79,70,36,69,98,45,49,48,77,51,10,86,11,9,47,26,64,66,7,99,53,12,43,18,37,54,44,88,32,68,14,65,80,62,6,82,92,22,93,19,25,40,75,27,85,83,35,17,73,56,41,72,60,33,90,29,23,71,28,89,57,67,96,1,91,15,76,30,52,74,16,4,87,13,0,61,50,24,39,84,46,95,34,81,78,31,21,38,2,58,59,97,20,55,5
89,3,8,63,42,14,70,36,69,84,45,49,5,77,51,59,86,11,9,95,26,64,66,7,99,53,12,43,18,10,0,44,88,32,68,98,65,80,62,6,54,92,47,93,19,25,40,75,27,85,83,35,17,73,56,41,72,60,33,90,29,23,71,28,15,94,22,96,1,91,57,76,30,52,74,16,4,87,67,82,61,13,24,34,39,46,78,37,81,50,31,21,38,2,58,48,97,20,55,79
89,3,79,63,42,33,70,36,69,84,45,49,8,77,55,59,86,11,71,95,26,64,66,7,99,53,12,43,18,97,0,44,88,32,68,98,83,80,62,6,54,46,47,93,19,25,40,75,27,85,51,35,17,73,38,91,72,60,9,65,29,23,56,28,15,92,22,96,1,90,57,10,30,52,74,16,4,87,67,48,61,13,24,34,39,14,78,82,81,50,31,21,5,2,58,94,37,20,41,76
89,3,53,63,42,33,70,36,93,55,45,1,8,77,44,59,86,11,71,95,26,30,66,7,69,96,12,78,18,97,91,22,88,32,68,98,58,80,62,6,54,46,47,79,19,25,40,75,49,64,51,35,17,73,38,43,72,60,9,65,29,23,56,28,15,92,0,85,57,90,27,10,99,48,74,16,4,87,67,52,61,13,24,34,39,14,83,82,81,50,31,21,5,2,84,94,37,20,41,76
89,3,53,63,42,33,70,14,93,55,13,1,8,77,44,59,11,45,71,95,26,30,22,7,69,41,12,78,18,34,16,72,88,32,68,98,51,80,62,6,54,46,47,79,19,25,40,75,49,64,15,35,17,73,58,43,86,60,9,65,29,23,56,28,57,92,0,85,21,90,27,10,91,48,97,74,4,87,67,52,61,99,24,36,39,66,83,82,81,50,38,31,5,2,84,96,37,20,94,76
89,3,9,63,42,33,70,14,93,55,13,1,8,77,44,59,10,45,71,81,29,30,22,7,69,41,12,78,18,34,16,72,88,28,68,98,51,80,62,6,54,46,97,86,19,25,11,31,49,47,15,94,43,73,58,61,21,60,35,65,75,23,32,56,57,92,0,85,17,90,27,26,91,48,53,74,4,87,67,52,64,99,24,36,39,66,83,82,95,50,38,79,5,2,84,96,37,20,40,76
98,3,9,63,42,33,41,14,93,65,13,1,89,77,67,59,10,45,71,81,29,30,22,7,69,64,12,78,62,34,16,70,88,79,68,57,51,18,11,6,54,46,97,86,19,25,8,31,49,47,15,94,43,73,58,61,55,60,35,91,75,23,32,38,85,28,0,92,17,90,72,26,27,48,53,74,4,87,80,52,21,99,24,36,39,66,83,82,95,50,44,56,5,2,84,96,37,20,40,76
98,3,2,63,65,33,99,14,93,9,13,1,89,77,85,59,10,48,71,81,29,84,41,7,69,64,12,78,62,34,30,70,88,79,67,57,94,45,11,6,54,46,97,4,19,25,8,31,49,47,15,95,43,73,58,61,55,42,22,91,75,23,32,38,86,28,0,76,17,90,72,26,27,35,53,74,18,87,80,52,21,92,24,36,39,66,83,82,60,50,44,56,5,51,68,96,37,20,40,16
77,3,2,63,65,33,99,17,93,9,28,1,89,53,85,86,10,49,71,81,29,84,68,25,69,64,12,78,31,34,30,70,88,79,67,57,94,45,11,6,54,46,97,4,44,19,8,14,13,47,96,95,43,73,58,61,55,42,22,91,92,23,32,38,62,41,0,76,59,90,72,26,27,15,7,74,18,87,80,52,21,98,24,36,39,66,48,82,60,50,35,56,5,51,83,75,37,20,40,16
77,3,2,63,65,33,92,17,93,9,28,1,89,53,42,34,10,49,71,81,29,84,68,25,69,64,12,76,31,78,30,70,88,79,67,57,94,45,11,6,54,46,97,23,44,19,8,14,13,47,4,86,43,73,58,61,55,21,22,91,62,59,32,38,26,75,0,20,41,90,72,27,83,15,99,95,24,87,80,52,7,98,96,36,39,66,48,82,60,50,35,56,5,51,18,85,37,74,40,16
97,3,2,63,65,33,92,17,93,9,25,1,89,53,35,66,10,49,42,73,58,37,68,99,69,64,12,76,31,78,30,70,71,77,67,57,94,45,11,6,54,46,84,23,44,19,8,52,13,47,4,86,43,98,96,61,55,14,81,91,62,59,34,38,26,75,0,20,41,90,72,27,83,15,28,95,24,87,80,22,7,88,29,36,39,79,48,82,60,50,21,56,5,51,18,85,32,74,40,16
54,3,2,63,65,33,77,92,37,9,25,1,94,53,17,66,10,67,42,73,58,22,68,99,69,64,12,76,31,78,30,70,71,89,93,57,60,45,49,11,44,97,84,6,91,19,8,52,55,47,4,86,43,98,96,61,59,14,81,40,62,16,34,38,26,75,0,20,41,90,72,27,83,15,28,95,24,87,80,46,7,88,29,36,39,79,48,82,23,50,21,56,5,51,18,85,32,74,35,13
54,3,2,63,65,33,77,4,37,9,25,1,79,42,17,53,10,66,92,73,58,22,68,99,69,64,12,76,31,78,30,70,71,89,59,57,94,45,49,11,44,98,84,6,91,19,35,87,55,47,82,86,43,97,96,61,20,14,81,40,62,16,34,38,26,75,32,60,41,90,72,27,83,7,28,95,24,51,80,46,5,88,29,36,39,15,48,8,23,50,21,56,93,0,18,85,52,74,67,13
85,5,2,63,65,23,77,4,16,67,25,1,50,42,17,3,10,66,92,73,58,22,68,99,30,64,12,55,31,78,53,70,71,39,59,57,94,45,49,11,44,37,84,6,91,19,35,87,79,47,82,86,43,97,96,69,20,14,81,40,62,61,34,38,26,89,32,60,13,90,72,27,83,7,28,95,24,51,80,46,41,88,29,36,33,15,48,8,52,76,21,56,93,0,18,9,75,74,98,54
83,5,2,63,65,23,77,4,16,68,25,1,81,42,17,3,10,14,92,73,58,22,69,99,30,64,12,55,31,78,53,70,71,33,18,57,94,45,59,11,44,37,84,6,91,19,35,87,97,47,82,86,24,67,96,54,20,66,85,40,62,79,39,38,50,89,32,61,13,26,72,27,7,43,28,95,49,51,80,46,41,88,29,36,60,15,48,8,52,76,21,56,93,0,34,9,75,74,98,90
3,5,15,63,83,23,77,78,16,93,25,26,81,42,17,65,38,14,92,73,58,22,69,99,30,64,68,55,1,50,53,70,71,33,18,57,94,45,59,11,44,37,84,6,31,19,87,34,97,47,82,86,24,2,96,54,20,66,85,40,62,79,39,4,10,89,32,61,13,12,51,48,7,43,28,95,49,67,80,46,41,88,29,36,60,27,35,8,52,76,21,56,91,0,72,9,75,74,98,90
10,5,15,82,83,23,77,78,16,28,89,26,81,42,17,65,38,12,92,73,58,22,69,99,30,64,68,84,8,50,53,91,71,33,18,57,94,45,59,11,44,37,43,6,31,19,87,34,97,47,36,86,24,2,96,54,14,66,85,40,62,79,70,4,27,55,32,61,13,21,51,20,7,25,39,95,49,67,80,46,41,88,29,90,60,1,35,3,52,76,93,56,9,0,72,63,75,74,98,48
10,5,15,82,83,23,77,78,16,99,89,53,81,50,17,25,38,34,92,73,58,22,69,42,30,64,68,84,8,37,71,54,62,33,18,57,94,45,6,11,44,59,43,56,31,19,87,39,97,47,36,86,24,2,26,63,14,66,85,28,91,79,70,4,27,55,32,61,13,21,51,20,7,12,40,95,49,67,9,46,80,88,29,90,60,1,35,3,52,76,93,96,65,0,72,41,75,74,98,48
10,5,15,58,83,23,71,78,16,99,89,53,81,50,17,25,38,34,92,73,97,22,69,42,6,64,63,84,8,37,30,54,62,33,18,57,94,45,82,51,44,24,88,56,31,19,87,39,11,47,36,86,59,2,26,60,95,66,85,28,13,79,70,7,27,55,32,61,91,21,68,20,12,4,40,41,49,67,9,46,80,77,29,90,75,1,35,3,52,76,93,96,65,0,72,43,14,74,98,48
29,5,27,58,83,23,71,78,16,99,89,53,81,50,79,25,48,34,38,73,97,74,69,42,6,64,63,9,8,37,30,41,28,55,18,57,94,45,33,51,44,24,88,56,31,19,72,39,11,47,36,86,59,2,26,60,95,66,85,17,13,0,70,7,54,87,32,61,91,21,68,10,12,4,15,92,49,67,20,46,80,77,62,90,75,1,35,3,52,76,93,96,65,84,22,43,14,40,98,82
52,5,27,58,83,23,28,78,16,99,89,53,81,50,79,25,48,34,38,73,19,74,69,42,6,64,63,18,11,37,68,41,3,46,71,57,76,45,33,51,44,97,88,56,31,55,72,39,24,47,92,86,59,2,26,60,95,66,85,17,13,0,70,14,54,87,32,61,91,21,12,10,8,4,15,29,49,67,20,77,80,7,62,90,75,1,9,94,36,35,93,96,65,84,22,43,30,40,98,82
52,5,14,22,83,23,28,78,16,99,89,60,81,50,79,25,8,74,38,73,19,7,69,42,6,64,63,18,11,34,68,41,3,46,71,57,32,45,33,51,44,97,88,80,31,87,72,39,24,47,92,86,90,2,26,27,95,66,85,17,13,0,70,48,54,12,84,61,91,21,94,55,56,4,15,29,49,67,20,77,59,9,62,58,75,1,76,53,36,35,93,96,65,37,10,43,30,40,98,82
52,5,14,1,16,23,28,78,31,99,17,89,81,50,79,25,8,74,38,83,19,7,59,42,15,64,63,73,11,34,68,41,3,46,71,13,61,45,33,51,44,97,88,80,60,87,72,32,24,47,92,86,90,2,26,27,85,66,4,57,18,0,70,48,54,98,84,95,91,21,94,55,56,6,82,29,49,67,20,77,12,9,62,58,75,69,76,53,36,35,93,96,65,37,10,43,30,40,22,39
52,5,14,41,16,23,28,78,40,65,17,89,76,69,79,25,8,46,1,31,19,7,59,42,15,64,88,83,11,34,68,99,3,38,37,13,61,45,33,51,44,97,71,80,60,87,72,2,24,47,92,86,90,27,26,50,85,66,4,57,18,0,70,48,54,98,84,95,91,21,94,55,56,6,82,29,49,67,20,77,12,9,63,58,75,73,36,53,81,35,93,96,74,10,62,43,30,32,22,39
52,5,14,41,16,23,28,73,12,65,81,89,29,31,43,25,8,46,1,3,19,7,79,42,15,64,59,83,11,98,68,99,30,38,37,13,61,45,33,51,44,75,71,80,60,87,72,2,24,54,92,97,90,27,26,50,85,66,4,57,18,0,70,48,74,40,84,95,91,21,94,55,56,6,88,76,49,67,20,77,78,9,63,58,69,17,36,53,86,35,93,96,34,10,62,47,82,32,22,39
52,5,14,41,16,23,28,73,12,65,54,89,29,31,43,25,77,32,60,3,19,7,79,21,15,64,59,83,11,98,68,99,30,38,37,13,61,45,33,51,44,75,91,80,97,87,72,2,0,62,92,67,90,27,26,50,85,66,4,57,18,46,70,48,74,40,84,95,96,81,8,55,42,6,63,1,71,36,20,88,78,9,56,58,69,17,76,53,86,35,93,94,34,10,49,47,82,24,22,39
52,5,34,41,16,23,28,73,12,65,54,89,29,20,43,25,79,32,78,3,19,21,77,53,15,64,81,83,11,98,68,99,30,38,37,13,61,45,33,51,22,75,91,80,97,87,72,2,0,39,6,67,90,44,26,50,85,66,4,49,18,46,70,48,59,40,84,95,96,92,62,55,42,31,63,1,71,36,60,88,27,9,56,58,69,17,76,7,57,35,93,94,14,10,86,47,82,24,74,8
52,5,34,41,16,23,28,73,12,65,54,89,29,20,43,25,79,46,78,3,14,21,77,53,15,64,33,62,11,98,68,83,45,30,44,13,61,39,94,51,76,38,99,80,97,87,72,2,0,67,6,4,90,19,26,50,85,7,22,49,18,32,70,48,59,40,84,95,96,92,71,55,42,31,63,1,75,36,60,88,27,9,56,58,69,17,66,81,57,35,93,37,91,10,86,47,82,24,74,8
52,5,94,85,16,23,28,73,12,65,54,89,29,20,43,45,9,46,78,3,36,21,77,53,15,27,38,62,11,98,68,64,18,79,44,13,61,39,97,51,76,93,99,80,31,87,72,2,0,67,6,4,90,19,26,50,32,7,22,49,33,41,70,48,59,40,84,95,96,24,71,55,34,14,83,1,75,30,60,88,25,63,56,58,69,17,66,81,57,35,92,37,91,10,86,47,82,42,74,8
74,5,94,18,87,23,28,73,35,65,54,89,29,20,43,45,9,46,11,3,36,21,77,53,15,27,38,71,52,98,68,64,10,79,44,13,61,39,97,51,76,93,99,92,31,59,72,12,0,67,62,4,90,19,26,50,32,7,22,49,33,41,70,48,78,40,84,95,6,24,16,25,34,14,83,1,75,37,60,88,42,63,56,58,69,2,66,81,57,55,96,85,91,30,86,47,82,17,80,8
74,5,86,18,87,23,92,73,7,65,54,89,29,20,94,45,9,46,11,59,36,21,77,53,15,35,38,71,52,98,68,64,10,79,49,57,61,39,97,51,76,28,99,83,93,8,72,12,0,67,62,4,90,19,30,50,32,25,22,26,33,41,70,48,78,40,84,95,6,24,16,43,34,14,44,1,75,37,60,88,3,63,56,58,69,81,66,13,2,55,96,31,91,42,85,47,82,17,80,27
29,5,86,18,87,23,92,73,7,65,54,89,83,20,94,41,9,32,11,59,36,49,77,53,15,35,38,71,52,98,68,93,10,79,17,76,61,39,97,51,21,28,64,57,1,99,72,81,0,67,62,4,90,19,30,50,45,25,22,43,16,31,70,48,78,40,84,46,6,24,12,26,34,14,44,74,75,37,60,88,3,63,56,58,69,95,66,13,2,55,96,8,91,42,85,47,82,33,80,27
