0,1,2,3,4,5,6,7,8,9,10,11,12,13,14,15,16,17,18,19,20,21,22,23,24,25,26,27,28,29,30,31,32,33,34,35,36,37,38,39,40,41,42,43,44,45,46,47,48,49,50,51,52,53,54,55,56,57,58,59,60,61,62,63,64,65,66,67,68,69,70,71,72,73,74,75,76,77,78,79,80,81,82,83,84,85,86,87,88,89,90,91,92,93,94,95,96,97,98,99,100,101,102,103,104,105,106,107,108,109,110,111,112,113,114,115,116,117,118,119,120,121,122,123,124,125,126,127,128,129,130,131,132,133,134,135,136,137,138,139,140,141,142,143,144,145,146,147,148,149
78,142,131,12,117,57,135,17,47,36,114,21,28,113,119,44,14,11,104,125,148,94,126,102,49,133,77,40,115,58,52,23,16,138,2,45,3,143,127,6,101,149,29,61,64,41,25,74,1,66,128,122,139,5,82,97,30,90,55,67,42,50,93,33,99,144,92,108,71,111,112,86,120,18,136,34,65,137,75,51,134,59,56,124,140,89,87,107,38,130,48,68,24,39,91,96,100,69,62,53,110,60,35,15,85,103,147,13,46,43,83,63,76,106,123,118,27,4,79,121,81,8,109,0,9,32,20,26,70,19,10,73,72,105,84,98,141,54,31,22,132,145,88,95,129,7,37,80,146,116
131,127,19,40,28,139,116,71,31,41,17,111,24,134,59,90,49,66,5,6,89,15,61,26,14,83,91,48,120,50,55,34,33,13,7,70,51,42,101,103,78,37,121,9,47,99,108,75,22,45,140,43,132,94,74,110,56,100,136,12,115,67,63,135,117,81,72,106,57,97,109,32,112,137,114,144,46,124,123,126,82,84,16,8,129,98,4,145,52,104,79,64,69,60,96,54,35,133,119,138,76,95,3,122,148,27,53,87,2,10,58,20,107,38,86,147,80,73,130,21,1,142,88,92,85,62,0,18,77,44,125,36,141,23,11,29,39,25,102,105,65,68,128,30,113,118,146,93,143,149
57,66,42,110,76,72,144,35,98,4,7,28,1,15,84,6,59,53,143,29,135,82,44,133,13,145,88,90,129,126,17,2,58,102,48,50,109,51,119,20,68,107,40,105,81,10,65,149,121,146,103,130,96,117,27,138,47,92,41,37,104,38,60,115,43,21,136,100,137,127,124,26,30,73,8,116,122,97,22,123,132,95,147,79,113,89,83,0,111,14,5,46,86,148,39,3,101,55,131,141,125,9,70,99,67,56,25,16,69,24,23,106,11,71,63,85,142,140,19,77,52,114,36,78,12,87,32,80,93,75,74,62,49,118,64,108,128,91,18,33,120,61,134,45,54,94,34,139,112,31
43,18,100,9,119,128,36,14,131,79,123,138,21,55,39,107,33,28,141,116,130,51,80,82,114,16,97,132,146,66,103,47,31,68,20,127,24,26,5,63,30,7,10,117,17,129,121,91,29,96,46,106,89,74,126,38,49,22,136,25,90,145,23,41,120,69,64,143,133,148,37,70,32,53,35,57,60,81,108,40,65,4,135,124,83,34,95,115,125,87,86,61,13,113,85,12,99,109,112,54,105,77,71,110,111,98,72,11,45,122,42,6,56,142,2,137,139,52,1,88,27,75,104,15,3,8,140,101,58,94,149,44,92,93,147,144,134,62,48,50,73,84,67,59,78,118,0,102,76,19
149,12,1,130,128,97,22,87,43,3,27,40,137,120,132,110,50,92,74,39,14,115,81,133,30,116,145,69,109,59,13,86,72,140,146,105,15,144,10,26,77,23,21,131,46,117,9,118,37,60,33,2,121,28,41,106,54,20,100,44,38,57,84,141,148,36,80,29,53,114,112,8,16,62,113,24,95,79,4,55,52,93,73,85,75,108,127,45,139,107,122,103,142,125,64,111,83,18,98,71,101,25,102,51,32,31,67,134,123,6,124,17,94,19,61,119,90,7,42,143,78,49,88,99,126,34,104,91,76,147,48,58,47,63,0,70,129,66,135,65,68,96,11,5,56,136,138,35,82,89
13,136,118,71,83,101,104,24,138,26,20,109,72,137,84,37,97,46,131,52,5,57,146,96,40,32,55,129,54,31,121,94,48,132,115,82,35,111,135,51,124,110,10,99,126,42,65,95,80,19,149,128,49,21,38,147,92,64,0,11,6,89,119,41,73,8,143,7,116,76,66,18,106,140,108,1,61,14,44,23,133,91,56,39,30,141,69,62,47,63,127,93,34,122,87,145,79,81,4,29,102,68,60,117,114,148,36,142,58,120,107,85,22,53,130,59,144,33,12,25,112,50,17,78,15,125,77,98,28,70,86,16,123,75,134,43,27,3,103,88,105,9,139,67,90,74,113,2,100,45
125,49,141,134,15,93,139,8,122,74,142,41,20,2,63,47,121,120,45,135,88,127,42,132,86,144,36,94,96,67,66,137,147,6,140,23,68,65,57,10,92,37,56,97,133,69,112,143,32,54,145,52,71,103,110,118,0,51,136,80,77,64,130,34,104,109,116,114,21,35,113,60,27,4,3,48,44,12,43,123,119,148,81,29,146,107,78,24,85,131,82,39,19,38,14,5,72,59,91,16,53,9,106,61,22,101,50,58,31,95,75,46,115,76,111,1,124,117,102,13,79,17,7,89,126,90,84,100,11,33,28,129,70,108,55,138,98,73,83,25,18,87,26,30,149,105,128,62,99,40
12,7,137,30,49,20,81,74,22,40,148,67,64,99,11,118,38,36,5,115,145,135,60,95,128,84,93,29,138,110,59,61,17,98,2,140,149,72,77,53,75,82,89,69,92,144,3,43,141,71,39,126,45,76,46,102,37,142,87,0,78,73,55,91,33,16,143,136,96,104,23,80,127,133,57,34,130,9,58,132,117,56,113,100,129,13,14,31,18,147,97,119,79,54,105,41,109,122,44,116,15,112,101,121,48,111,68,63,94,134,86,107,10,66,123,21,1,131,6,26,25,65,108,106,85,88,4,103,62,114,139,83,24,35,120,124,42,27,146,50,52,32,70,90,47,19,51,8,125,28
101,86,99,47,140,25,7,41,64,14,72,1,85,0,97,131,105,13,144,79,67,39,76,59,30,16,34,56,28,12,84,106,115,10,40,74,54,80,123,65,107,27,45,26,127,121,55,148,92,119,102,36,111,134,116,112,83,29,95,90,77,137,52,135,44,88,128,142,35,82,19,133,51,70,125,132,9,145,91,57,11,114,3,147,71,138,18,8,75,104,117,143,31,37,42,124,46,103,100,146,149,110,94,38,96,69,66,62,61,43,93,113,73,21,22,33,23,60,98,48,78,141,120,5,2,81,129,53,89,109,32,58,15,49,17,139,87,63,50,136,122,24,4,130,108,126,68,20,118,6
137,36,140,85,72,148,97,17,49,106,93,119,89,100,21,24,96,10,34,88,133,63,77,70,27,76,39,1,62,135,112,4,101,79,31,114,107,65,37,58,50,136,23,47,18,102,32,11,73,83,43,95,48,20,143,86,98,15,13,3,126,57,66,132,78,139,144,33,99,138,121,90,128,29,46,123,117,68,124,38,67,108,113,111,55,52,12,131,53,45,56,22,2,7,0,141,19,69,35,61,146,51,130,75,116,91,60,9,16,142,82,44,134,87,127,80,54,74,109,103,115,84,105,118,26,92,145,129,5,14,42,64,71,94,149,81,8,120,40,147,41,6,28,122,125,59,30,25,104,110
121,74,116,25,139,82,41,80,3,49,15,69,24,0,39,140,58,2,40,72,114,148,17,27,29,53,83,7,107,100,19,123,11,102,87,45,51,70,6,44,84,13,145,78,120,144,132,76,5,37,122,96,30,38,35,16,59,10,57,143,66,23,8,124,137,33,14,4,65,89,135,21,12,28,99,32,131,110,56,88,64,77,54,105,36,134,18,115,90,86,101,138,149,50,47,98,128,119,142,71,63,125,81,108,92,43,141,68,106,127,136,26,112,42,130,20,62,94,95,93,52,147,46,1,109,22,117,133,73,104,9,91,34,61,126,103,79,146,113,85,60,67,111,97,31,48,75,129,118,55
25,122,128,29,40,130,111,49,143,109,22,58,116,70,21,0,77,112,76,52,97,67,42,63,23,26,34,83,138,51,102,33,105,110,12,24,125,118,4,56,104,90,57,96,10,53,27,101,38,32,147,14,92,20,115,37,16,69,106,54,50,129,31,131,100,135,28,82,98,139,68,136,75,142,18,85,127,6,107,141,43,47,15,60,119,66,126,94,108,149,46,91,17,134,61,79,72,81,123,19,11,146,140,71,80,55,13,5,86,121,114,2,39,133,99,93,78,95,120,73,87,74,137,89,145,124,9,113,44,59,8,148,64,36,7,62,84,41,65,35,103,1,45,132,30,88,3,48,117,144
118,53,108,43,116,144,38,135,61,121,84,59,134,95,85,58,72,62,51,57,14,24,131,83,132,106,48,8,88,74,75,54,103,77,47,104,89,50,37,143,110,101,87,68,114,147,52,33,34,141,127,100,91,128,5,112,13,148,80,23,44,35,109,4,39,81,67,0,138,56,73,96,70,36,17,45,92,79,102,65,120,21,49,46,90,19,42,20,130,129,71,145,18,133,10,30,98,140,3,2,40,117,11,9,139,7,136,31,29,1,94,113,137,107,119,25,28,32,6,105,41,60,69,66,146,12,149,142,63,124,27,26,16,22,125,86,115,15,122,97,93,76,55,126,64,82,123,78,111,99
135,86,47,83,58,87,17,30,64,20,109,127,128,14,36,35,131,1,9,111,46,89,106,6,31,130,145,142,18,34,85,25,116,2,21,105,10,99,113,94,77,120,38,149,115,138,63,137,123,122,44,114,32,117,139,42,67,52,59,148,78,133,4,146,15,62,51,141,54,70,45,28,84,66,19,121,40,132,119,103,80,134,76,88,93,96,5,124,11,79,90,41,50,101,107,147,126,118,56,22,75,74,33,92,72,102,71,136,55,26,65,53,73,61,125,140,49,3,98,24,43,108,82,16,95,81,129,23,27,0,68,13,100,144,60,39,112,12,69,8,143,37,57,7,48,29,97,104,110,91
73,79,17,149,97,80,35,51,2,39,59,25,63,74,61,107,5,41,37,53,123,127,143,98,75,92,4,56,141,7,83,126,108,13,69,147,148,139,48,115,90,142,114,91,72,46,70,6,124,9,136,130,100,52,137,31,23,12,104,24,60,112,38,86,45,40,144,44,133,88,68,146,77,67,57,20,106,95,93,64,138,125,119,121,33,15,71,3,10,32,30,49,109,27,134,16,117,0,47,76,129,145,78,111,66,50,8,54,131,110,43,140,132,101,34,81,94,29,116,99,14,96,21,22,42,62,82,18,84,28,120,55,122,1,87,105,113,58,103,11,135,36,26,128,65,118,102,89,85,19
12,96,8,4,107,25,78,38,63,0,70,120,105,23,33,17,71,145,80,61,109,15,47,124,72,31,11,74,113,57,67,13,6,52,125,86,122,112,87,149,65,95,100,20,64,41,104,29,62,51,103,56,144,50,21,27,79,73,133,32,2,111,10,75,116,54,110,89,48,7,143,142,136,3,59,40,28,35,39,14,90,119,83,102,53,115,101,77,147,19,106,34,55,76,98,5,58,130,93,92,60,140,128,131,16,91,97,139,94,1,138,123,137,135,127,117,82,129,69,49,36,114,9,84,118,26,44,146,85,43,18,132,81,30,99,24,88,148,46,141,66,68,121,22,108,134,37,126,42,45
80,146,149,3,123,71,107,28,47,131,102,101,1,145,108,86,78,110,10,59,30,11,34,21,16,118,85,32,111,65,13,43,63,19,104,68,137,142,67,84,54,48,87,22,97,127,91,121,99,92,70,116,82,45,72,8,26,56,95,60,128,139,130,141,98,46,29,115,93,36,89,134,5,2,105,74,61,12,75,40,52,64,20,42,114,25,77,94,88,66,38,113,49,100,76,117,83,33,4,125,69,0,135,81,144,129,62,106,31,37,96,24,18,23,138,148,27,7,126,35,109,57,112,9,147,50,122,119,58,103,133,124,73,140,79,14,51,143,44,55,120,39,132,53,41,136,17,90,6,15
24,96,37,29,122,54,11,93,43,7,60,115,129,51,118,34,111,131,56,130,136,109,46,6,101,146,2,12,64,127,30,91,105,104,89,72,10,21,133,110,66,22,135,40,92,98,100,112,69,71,124,107,5,58,38,143,86,57,31,76,78,97,55,74,139,95,87,18,84,138,125,3,67,82,137,77,49,42,121,128,68,1,41,113,99,16,134,61,62,120,17,126,53,102,63,45,26,75,50,73,114,79,90,33,80,36,47,13,20,123,141,32,83,88,23,145,52,119,103,4,149,144,148,108,25,27,28,85,132,117,19,15,48,9,140,147,14,35,81,70,116,59,94,44,142,39,65,106,0,8
132,116,18,7,106,123,112,84,120,34,26,133,2,45,110,50,68,39,44,49,126,96,146,75,72,145,63,59,83,78,1,137,100,48,64,4,12,55,94,99,142,23,67,109,65,114,35,98,6,52,148,85,144,101,121,14,27,104,131,149,118,57,28,19,61,80,31,140,147,46,22,60,122,91,117,141,0,40,8,16,143,20,51,3,125,32,43,17,77,81,129,33,87,135,90,71,29,69,105,15,88,13,41,134,62,86,70,127,95,10,92,21,119,53,47,74,139,66,58,30,136,42,113,9,115,111,37,128,97,56,130,36,102,103,73,25,82,138,11,108,38,89,79,54,124,76,93,107,5,24
1,78,113,86,51,148,19,119,23,32,126,111,149,35,30,121,117,106,49,97,91,104,52,45,48,37,4,122,95,116,22,118,24,65,13,101,84,102,71,138,56,66,2,87,58,25,105,11,83,53,21,110,103,109,6,0,128,133,10,46,98,114,18,108,81,139,64,75,34,142,67,59,90,27,147,8,62,82,15,132,68,74,42,123,47,55,80,38,93,92,28,77,130,63,115,17,5,88,39,36,69,41,44,94,50,73,145,14,129,79,135,26,140,112,125,61,124,60,136,54,127,100,85,134,143,57,9,20,120,107,16,96,29,146,33,3,70,131,141,76,89,144,12,31,7,40,99,137,72,43
110,31,109,146,142,74,38,79,103,28,85,119,18,117,120,107,50,133,70,95,23,55,35,58,72,81,86,87,126,52,125,122,68,2,30,77,128,94,84,49,29,141,75,116,104,37,130,60,8,91,113,1,53,76,44,25,34,92,100,96,10,137,5,112,138,33,82,143,89,71,124,93,19,11,13,90,22,111,101,26,54,98,88,36,59,147,134,108,47,83,114,118,39,105,40,131,61,12,46,149,42,148,6,115,127,121,78,129,20,14,9,21,102,24,99,140,66,41,15,73,62,144,63,57,27,69,7,51,16,32,48,97,56,3,67,80,132,135,65,123,43,4,17,145,136,0,106,45,64,139
72,88,78,84,69,100,108,2,77,0,38,121,105,39,74,31,63,143,19,126,134,5,128,93,14,110,49,117,65,4,115,43,141,42,15,16,1,99,146,148,139,111,118,3,97,6,106,138,102,51,20,28,17,140,62,64,113,30,127,8,79,44,45,131,96,18,36,41,107,27,29,144,135,50,85,87,34,92,35,104,98,125,86,133,124,56,7,21,61,58,23,33,75,91,55,142,68,9,53,67,109,48,46,116,101,66,47,32,132,24,114,71,59,136,122,54,73,57,13,40,22,103,25,76,12,11,94,95,70,123,26,80,83,112,137,145,52,119,149,81,89,90,82,10,60,130,129,120,37,147
34,86,124,93,132,87,2,74,102,39,12,139,114,88,104,7,121,84,70,69,27,140,1,72,59,145,95,135,113,66,30,53,22,80,48,57,23,111,99,61,90,44,17,119,115,94,32,122,131,64,33,148,52,134,51,5,79,26,65,75,19,149,21,89,105,56,4,100,96,118,82,10,117,6,43,97,116,83,78,58,54,55,109,77,45,91,16,142,28,71,20,14,133,81,31,106,41,137,11,24,123,49,130,107,126,127,108,0,62,9,67,8,76,38,46,35,29,112,37,3,60,25,68,47,101,36,40,138,42,125,144,136,129,50,120,146,63,143,110,103,85,15,18,147,13,73,128,141,98,92
116,50,68,38,1,22,32,30,131,120,119,25,83,90,16,55,64,144,94,121,96,23,78,19,82,86,26,28,109,17,143,137,5,9,97,72,29,70,103,53,112,4,89,136,69,81,105,125,8,113,87,66,54,77,98,85,146,100,62,13,76,140,128,18,115,3,79,7,61,73,122,142,123,126,80,138,104,88,63,102,33,35,92,45,107,60,12,133,148,124,110,141,0,36,44,84,27,93,41,15,21,14,114,49,95,46,118,135,11,67,57,20,74,132,59,10,117,71,147,47,31,24,75,48,108,40,42,37,2,51,134,101,43,65,130,149,99,34,127,39,52,129,91,58,111,145,6,139,56,106
75,35,37,143,100,45,125,39,5,68,140,102,88,10,25,9,141,89,123,108,60,43,51,55,105,29,8,47,145,77,70,36,90,139,112,61,7,67,87,101,3,31,11,147,131,117,17,113,149,59,115,119,109,86,142,111,13,85,84,54,41,53,92,99,64,46,132,135,21,144,82,16,34,93,76,28,73,146,33,118,44,120,124,23,103,22,6,49,20,30,130,116,56,1,136,18,127,126,72,133,65,98,57,121,128,63,14,104,2,19,129,110,83,96,137,42,106,69,95,94,38,138,26,15,134,52,4,71,27,80,50,40,12,81,97,107,32,58,148,24,114,78,48,62,122,0,79,66,74,91
61,128,40,123,93,21,145,51,4,149,67,3,59,118,45,15,8,99,82,10,142,107,77,124,110,140,71,1,58,23,36,22,66,85,26,44,69,105,52,89,42,125,137,117,95,109,27,148,147,132,91,46,108,144,86,96,98,97,54,133,121,126,14,139,106,25,43,101,135,68,28,102,5,134,63,64,100,17,122,73,104,49,116,30,62,57,9,31,33,32,114,18,12,112,78,55,13,131,0,35,48,47,87,75,113,83,56,72,16,24,90,70,74,92,141,146,94,129,76,7,84,11,53,41,29,88,2,115,103,20,60,80,37,50,136,81,34,111,79,120,39,6,127,38,65,130,138,119,19,143
100,79,30,48,73,66,81,45,98,43,37,148,36,0,17,2,133,144,119,135,132,77,107,87,29,108,113,101,26,105,33,149,147,49,138,35,111,54,102,88,124,39,23,32,42,69,130,91,90,1,12,10,34,93,129,76,114,95,63,94,137,61,71,64,126,97,8,127,140,21,82,115,24,96,9,47,31,117,28,99,55,60,68,110,20,122,53,46,50,70,109,57,80,89,40,67,14,134,22,116,16,85,103,15,52,18,13,121,3,118,143,123,5,7,74,51,83,104,11,44,86,4,75,125,62,78,139,84,120,145,27,38,59,58,92,56,128,106,41,136,65,131,112,72,25,19,142,141,6,146
21,2,31,38,129,121,118,10,63,148,122,114,81,61,42,72,66,27,76,44,17,46,147,144,53,94,110,70,20,87,130,83,124,84,54,125,57,101,123,18,142,140,93,43,116,30,98,80,96,5,37,104,75,69,99,16,34,138,106,23,25,22,143,82,32,11,3,102,139,146,29,127,77,36,117,149,51,45,136,13,105,41,86,132,58,52,97,39,131,47,49,1,7,133,115,95,9,145,28,103,135,68,8,71,50,137,78,40,90,120,35,100,113,79,15,62,107,89,65,73,119,109,74,85,60,111,24,126,26,112,56,55,91,33,14,6,134,0,19,67,92,108,59,128,4,88,141,12,48,64
13,124,120,70,132,32,119,115,24,20,18,15,33,52,48,106,146,144,23,75,130,73,19,78,40,58,127,49,77,148,101,122,99,108,16,112,82,66,131,111,95,54,102,5,22,37,69,53,89,123,9,86,46,21,8,98,51,103,79,28,41,85,57,140,96,25,31,113,116,93,63,121,87,143,149,10,136,88,64,100,145,38,135,0,12,92,126,141,11,76,81,129,50,60,104,97,138,80,71,4,29,65,133,91,67,94,84,72,27,43,107,134,3,125,56,45,110,17,142,26,35,105,36,74,68,62,109,7,39,14,42,117,83,118,114,147,90,55,137,59,30,2,128,44,47,61,1,34,6,139
92,140,29,46,40,123,78,118,28,139,128,23,142,49,58,14,62,87,95,99,73,6,127,120,110,135,21,20,121,96,112,43,37,3,53,24,32,137,47,126,69,22,125,70,98,115,75,2,111,109,42,9,89,131,108,77,45,74,94,25,145,65,60,117,59,38,88,15,1,106,97,119,102,41,114,113,104,12,26,103,13,64,85,134,116,80,31,122,146,33,124,44,68,52,11,144,48,51,34,8,16,138,7,4,129,71,90,149,66,86,136,148,5,30,84,76,10,93,27,56,17,91,67,101,0,39,54,147,50,107,133,18,141,143,132,100,83,81,63,82,35,36,72,61,19,57,130,105,79,55
98,55,16,105,44,65,38,2,132,51,73,27,99,14,76,149,52,0,121,91,77,35,108,88,114,101,33,107,141,63,126,8,3,13,90,61,10,4,93,29,131,34,92,143,81,66,70,54,103,112,146,57,111,20,124,5,106,6,109,53,134,138,31,113,102,40,46,69,56,127,67,37,116,28,58,85,25,24,120,89,130,83,147,115,139,22,45,71,7,87,43,144,15,119,129,1,133,64,36,125,72,41,75,100,39,19,96,23,9,47,11,110,135,86,94,128,30,123,74,118,62,142,95,97,26,17,60,49,80,79,122,50,21,18,104,48,68,42,117,136,59,78,12,32,137,145,84,140,82,148
71,19,141,99,117,139,80,126,92,148,96,33,114,81,60,70,108,138,142,78,129,112,17,102,15,12,55,121,137,57,123,50,69,51,22,135,111,11,88,28,110,41,27,56,89,64,7,83,54,85,131,63,133,87,62,79,18,4,34,144,149,59,21,25,8,46,45,97,29,2,119,86,0,124,31,23,39,58,53,132,52,93,47,48,76,116,24,14,95,9,73,109,103,43,145,42,130,38,13,40,91,30,147,94,140,115,120,77,122,3,127,72,49,66,146,134,125,6,16,84,98,26,67,136,118,101,74,37,5,107,20,75,35,10,113,100,65,128,106,90,104,82,143,1,32,68,105,44,36,61
24,38,89,108,124,82,73,61,84,47,55,16,29,144,20,54,91,33,143,26,17,147,1,65,58,69,15,100,149,105,85,21,103,128,5,4,68,104,140,64,8,25,142,101,40,11,125,30,111,44,53,51,123,60,83,106,133,52,130,119,72,57,139,97,138,126,114,118,34,71,19,134,131,81,37,78,6,137,109,88,7,129,13,31,115,0,67,41,87,62,80,112,77,59,117,23,107,96,122,135,148,76,74,27,132,66,70,94,32,22,141,2,35,98,46,86,75,43,36,146,28,48,18,99,136,127,92,50,42,3,93,12,116,90,110,10,49,63,56,79,95,102,113,45,121,14,9,39,145,120
67,113,66,4,133,134,26,81,115,11,29,78,46,21,72,102,57,25,40,10,1,45,65,121,27,0,61,122,5,24,34,140,83,129,69,22,114,149,7,128,146,135,37,54,8,101,103,95,107,88,15,147,44,93,105,73,70,53,110,55,51,90,77,141,30,108,33,48,117,82,6,28,139,100,104,3,120,75,148,17,84,18,86,42,41,74,144,131,59,68,20,111,56,130,137,125,50,16,145,39,36,136,43,143,80,132,60,123,63,49,85,142,92,112,38,19,47,76,2,14,87,58,99,35,31,126,52,109,32,96,97,119,118,13,94,124,71,91,23,89,116,62,12,64,9,106,138,79,127,98
141,27,38,117,104,66,87,71,92,134,77,108,74,43,132,8,81,24,31,63,32,145,100,60,116,17,110,58,138,67,16,34,70,97,118,120,96,25,13,142,9,75,119,48,129,65,144,99,5,23,84,53,125,10,86,112,111,50,149,47,73,114,95,62,37,121,109,103,3,140,106,21,113,147,26,143,61,148,82,64,130,127,29,39,56,69,2,59,41,89,72,126,98,79,55,52,102,19,94,105,20,4,1,93,139,131,101,68,33,22,133,91,28,135,78,76,18,80,137,46,83,128,42,45,90,15,44,11,30,146,40,14,0,122,49,85,123,51,12,136,6,35,54,7,88,115,124,57,36,107
132,85,109,112,106,30,144,68,57,17,108,121,130,61,56,43,137,117,19,69,75,96,51,32,55,141,97,15,125,122,94,20,1,35,78,24,8,45,25,134,118,76,6,7,12,88,113,31,64,98,80,105,26,21,128,49,145,5,73,90,40,74,139,111,66,101,103,0,44,107,16,13,58,41,18,83,138,136,63,82,143,92,129,65,67,48,4,99,47,70,14,46,23,36,114,28,52,59,91,123,62,27,81,22,33,37,71,115,50,127,54,38,60,93,131,146,104,42,11,3,29,77,148,10,89,149,135,9,140,84,120,147,87,133,72,39,86,124,110,116,142,34,100,95,53,79,126,2,102,119
103,133,140,125,105,53,78,85,137,0,13,19,25,62,66,118,35,72,4,58,34,107,132,81,60,115,46,23,123,130,12,91,24,36,50,102,90,7,59,41,69,26,128,147,80,97,116,94,70,109,11,136,47,1,106,95,113,110,37,8,114,5,57,33,29,144,146,126,96,79,55,148,31,56,145,112,83,139,76,98,138,21,22,82,64,2,10,28,87,42,51,131,67,149,18,48,44,9,16,122,111,127,104,121,27,119,135,49,143,40,86,117,124,88,75,108,99,61,101,52,89,15,92,30,17,93,142,32,71,43,74,3,54,45,134,100,65,39,6,14,38,120,68,77,84,129,73,20,63,141
72,73,59,108,136,91,29,120,126,101,103,8,17,18,40,88,140,47,99,48,135,9,55,66,16,31,122,115,37,34,133,111,123,49,11,14,71,68,92,52,56,138,80,139,77,15,144,28,127,62,146,50,149,44,43,129,64,132,6,121,67,24,5,85,96,33,93,23,79,32,147,128,0,53,107,143,98,141,110,113,46,134,95,87,63,124,116,3,13,30,82,41,45,60,12,97,19,76,109,36,1,104,118,130,90,27,10,61,35,20,25,42,54,78,112,26,100,119,70,75,58,94,131,57,84,22,7,65,4,74,142,21,81,86,148,137,89,83,69,114,51,117,102,125,38,105,106,145,39,2
32,79,37,4,73,42,106,102,120,115,97,131,88,136,95,60,143,148,81,30,39,55,0,121,43,94,68,29,111,117,11,69,20,125,113,36,61,100,140,147,89,35,63,46,101,58,71,84,112,127,45,128,116,85,19,59,75,91,8,33,25,108,38,1,77,54,90,134,144,70,10,83,21,62,16,65,66,15,135,40,14,130,17,76,103,114,44,52,86,133,31,82,109,27,122,96,124,72,119,104,126,47,137,9,129,5,98,34,99,145,3,48,22,51,132,123,67,149,56,87,141,78,74,28,105,139,23,13,18,7,93,2,24,138,6,142,57,41,49,12,92,110,50,53,26,118,146,80,64,107
58,71,114,33,90,139,2,50,0,18,108,61,104,30,141,119,70,123,82,22,105,134,132,37,4,88,41,43,94,106,55,87,23,42,31,1,28,80,84,120,135,5,60,112,116,66,32,149,93,54,9,39,63,128,76,92,73,13,46,142,19,144,15,8,68,51,53,49,89,140,130,146,77,16,100,14,85,40,102,109,143,131,91,47,20,79,101,111,117,122,83,148,124,95,3,147,97,36,52,57,59,69,24,45,113,133,12,25,72,98,96,78,62,11,34,137,44,115,48,118,67,26,56,126,65,7,10,110,145,38,86,121,125,27,75,74,81,107,136,29,17,6,127,129,21,138,64,35,99,103
0,15,113,102,106,116,138,58,41,117,71,33,65,85,95,112,107,133,16,52,108,13,59,23,129,91,64,5,29,73,149,69,77,111,26,98,24,40,7,42,38,21,17,124,139,89,62,123,130,143,92,109,55,31,144,3,10,145,99,48,114,82,75,66,54,126,122,46,72,61,103,37,57,44,128,78,28,6,79,76,93,121,63,35,60,147,125,132,101,86,11,12,22,140,9,81,115,97,47,8,148,43,105,136,135,18,110,119,74,104,2,30,39,80,88,50,87,84,20,137,56,34,100,67,127,45,70,141,32,94,146,83,25,131,19,96,142,1,51,36,49,118,4,53,14,120,90,134,68,27
116,92,45,44,89,132,2,52,131,11,146,51,109,110,115,88,47,9,78,129,36,140,54,66,102,14,76,20,4,90,104,108,125,117,57,114,59,137,106,53,91,7,120,84,8,74,118,61,28,72,82,6,149,67,96,107,95,127,71,21,5,64,97,24,105,58,141,13,143,22,27,68,3,100,148,145,26,83,139,31,69,81,12,30,93,75,124,39,147,136,35,111,43,1,86,134,41,63,98,29,138,40,87,85,34,121,62,79,17,77,144,119,80,15,101,126,49,112,38,135,18,16,73,103,10,25,113,37,55,122,142,0,19,48,94,23,70,133,60,99,130,65,32,33,42,56,46,123,50,128
22,126,133,4,49,58,14,57,94,125,46,81,67,48,77,54,82,122,93,51,132,13,60,148,18,69,105,74,9,100,28,56,29,90,107,75,145,44,11,139,17,136,41,142,79,110,10,137,25,89,47,5,2,83,70,20,36,55,129,71,103,8,140,88,102,23,15,117,86,120,115,131,138,59,128,127,31,33,34,84,134,0,143,144,112,72,104,3,118,141,80,130,61,135,35,6,42,37,50,32,7,30,73,146,65,12,39,98,1,119,101,121,147,92,52,109,97,108,78,149,63,68,21,114,95,99,45,16,19,64,66,27,53,111,85,38,40,24,124,62,91,26,106,113,96,123,76,43,116,87
17,83,44,148,99,36,52,107,30,80,4,25,136,112,59,12,129,48,13,3,33,122,123,131,110,46,2,146,34,95,0,108,111,135,27,94,11,119,79,70,133,63,103,76,51,7,58,100,5,29,1,118,40,54,16,10,104,53,43,96,77,137,89,26,28,92,98,116,8,144,75,67,39,68,18,114,145,69,50,85,49,31,117,115,87,14,105,6,82,22,125,121,113,42,84,38,66,106,57,81,101,61,55,19,124,73,24,93,149,102,41,128,88,35,60,147,32,37,130,64,138,91,23,65,72,21,20,142,9,86,141,140,127,126,120,74,56,97,139,143,90,71,15,134,109,78,132,45,47,62
128,121,76,22,104,133,70,6,103,73,31,119,8,144,106,10,120,102,15,59,3,55,114,141,14,98,9,51,67,92,63,7,100,123,42,139,36,65,113,88,134,29,56,44,93,125,81,143,39,52,110,18,72,97,79,5,94,122,148,109,85,26,84,16,130,60,116,127,1,64,77,21,12,138,25,108,35,95,146,4,53,61,83,37,140,34,86,101,147,62,131,91,0,24,11,69,57,107,47,27,90,68,32,46,58,38,136,74,80,71,99,118,115,49,105,145,96,142,17,54,137,78,75,66,50,129,43,23,28,135,19,124,132,117,48,40,13,2,89,111,30,149,126,33,20,82,87,112,41,45
118,32,139,52,48,128,41,131,143,75,73,25,62,140,26,121,78,76,106,81,102,111,134,19,91,22,70,112,132,109,17,56,0,34,97,138,123,117,4,14,39,64,74,103,83,49,28,15,86,45,126,66,29,16,43,71,88,11,18,2,148,10,40,100,147,114,98,54,35,85,60,149,87,95,63,65,120,93,115,124,79,6,72,42,37,30,125,116,130,55,145,92,31,136,144,68,7,3,38,33,24,129,82,36,89,119,27,122,67,80,96,57,44,12,135,51,107,104,137,101,13,9,47,90,110,46,146,113,142,84,105,99,21,20,69,1,127,50,77,53,8,141,61,94,108,23,5,133,58,59
49,43,9,147,21,103,33,134,13,86,47,128,65,94,56,133,53,136,108,139,119,12,59,90,23,1,125,16,115,95,78,10,79,91,51,101,66,132,18,71,0,130,24,68,124,113,142,144,30,97,96,29,84,7,109,87,89,70,121,42,35,122,20,88,138,44,25,74,69,107,6,145,106,19,32,3,62,92,104,143,54,98,27,55,75,102,137,80,40,11,48,127,111,85,17,52,37,81,129,57,110,77,14,39,28,67,82,15,26,131,4,148,118,99,58,114,126,31,135,45,73,72,8,63,60,50,2,123,76,116,117,146,120,100,149,5,141,38,140,34,64,93,41,36,22,112,83,105,46,61
117,58,70,68,73,125,25,61,6,76,138,65,41,149,145,143,63,92,140,105,8,100,11,108,29,2,148,72,44,99,90,136,45,129,96,42,123,14,111,79,95,132,110,122,78,32,104,0,37,19,115,126,71,52,107,114,101,146,15,106,56,16,141,22,18,137,74,51,120,31,88,82,35,4,86,59,102,54,84,75,46,80,36,20,1,27,83,62,81,57,30,113,34,147,38,97,94,130,60,121,98,67,142,119,112,55,124,3,135,47,26,17,49,12,21,118,134,89,5,93,28,24,109,7,40,139,9,85,33,87,91,116,77,53,103,39,10,43,13,128,131,48,50,23,69,127,64,144,66,133
36,22,149,96,112,12,49,62,123,35,45,75,43,63,106,52,53,9,95,47,37,105,81,33,104,100,28,23,26,18,133,66,126,42,117,71,50,51,46,120,89,82,108,79,122,77,10,15,44,127,13,31,5,21,135,132,86,56,83,119,103,97,29,128,134,17,130,147,114,73,41,99,109,129,80,65,131,40,139,1,48,20,59,72,138,78,113,124,116,3,111,88,94,141,6,0,145,115,25,90,68,92,64,74,14,144,98,24,91,110,27,58,101,69,34,16,121,107,30,87,11,38,67,39,146,57,143,76,61,118,4,19,2,137,136,7,102,60,70,32,140,93,85,148,8,84,55,54,142,125
16,10,112,73,100,133,92,102,98,79,0,31,109,127,42,89,131,25,104,132,141,99,140,129,32,44,56,36,14,70,52,119,130,136,87,51,76,83,145,114,66,65,142,120,34,55,61,106,71,7,96,135,149,94,41,54,121,43,5,125,38,4,45,118,12,88,19,128,53,80,134,29,147,47,93,91,11,15,6,84,22,148,60,59,3,77,115,23,78,30,27,95,85,81,20,143,26,139,101,58,90,18,103,138,35,57,46,124,48,67,108,123,68,8,107,82,21,144,24,63,122,146,111,137,117,39,69,97,86,74,40,1,105,116,72,13,9,62,17,49,75,37,113,28,50,64,33,126,110,2
50,81,124,57,85,136,61,114,145,93,13,130,98,149,100,129,84,135,90,42,107,137,99,47,53,0,97,68,78,6,142,89,15,49,38,86,125,32,113,41,22,4,126,72,108,71,30,87,120,31,109,141,18,17,56,11,102,25,132,39,143,59,43,111,27,26,3,45,28,115,140,144,51,103,73,83,5,70,82,46,7,134,75,19,91,20,76,80,127,54,116,10,133,95,16,147,9,104,123,48,2,66,119,34,77,101,69,74,62,21,118,33,23,146,55,35,12,8,40,110,58,24,14,88,148,122,36,67,131,79,65,138,117,92,106,105,44,1,64,29,37,112,52,139,60,94,121,96,128,63
136,24,109,31,60,72,89,19,12,74,122,22,76,143,148,103,81,126,107,20,48,27,57,101,87,128,115,30,6,106,124,16,135,77,120,138,10,53,86,108,54,90,123,70,17,104,141,78,147,91,134,146,133,145,96,33,127,62,131,2,66,132,83,142,37,144,39,1,51,55,73,7,75,8,44,117,95,38,71,41,64,36,21,67,85,92,84,116,15,105,13,99,94,34,47,121,93,49,111,102,98,80,52,40,112,56,139,63,45,50,42,35,113,140,114,119,79,69,97,65,110,88,25,14,23,32,59,61,9,137,58,68,28,125,11,18,26,129,149,46,0,100,82,118,5,43,3,130,29,4
125,68,102,50,65,79,22,62,145,3,40,112,16,67,108,84,18,88,24,87,129,128,89,135,82,4,46,131,75,1,92,105,17,52,99,32,97,48,43,98,77,11,91,27,26,143,70,61,93,47,69,35,104,29,120,81,25,55,5,134,130,14,127,119,8,94,126,58,6,66,140,57,31,0,42,44,124,12,49,72,36,137,2,37,53,41,123,7,111,118,121,141,139,109,114,56,113,116,19,110,34,101,85,60,90,9,148,39,78,45,28,54,132,106,86,96,95,10,23,133,122,15,30,146,59,80,138,21,144,117,63,64,136,51,103,115,74,33,76,73,38,13,142,71,83,149,147,100,20,107
19,133,144,69,135,73,31,3,139,43,85,46,83,44,86,28,33,108,136,16,119,76,101,24,149,147,56,70,104,145,111,125,12,0,143,52,90,51,5,142,126,29,131,127,10,124,50,123,40,35,21,49,103,62,1,128,107,38,58,30,48,120,71,112,53,13,23,36,116,82,47,89,20,39,4,7,60,18,42,95,88,14,114,140,37,55,99,79,110,2,8,132,96,87,27,130,106,91,59,121,9,11,75,17,57,102,6,98,22,25,74,34,61,100,134,54,92,97,84,148,105,64,15,138,146,78,115,80,118,122,109,113,63,32,117,68,26,137,94,45,65,67,93,66,77,141,81,129,41,72
101,77,59,20,137,53,21,94,70,130,93,51,107,120,17,85,31,117,124,140,32,139,81,126,64,66,100,74,80,19,136,141,132,26,43,60,34,3,73,92,23,47,61,18,135,42,112,72,35,99,78,57,8,28,12,65,96,149,22,67,113,14,134,11,27,71,142,76,30,29,105,95,40,48,62,98,122,1,145,123,89,0,68,69,33,15,24,46,6,106,115,44,138,37,58,2,10,82,41,125,104,87,91,86,108,148,119,121,79,97,114,4,116,127,63,52,25,45,49,39,88,143,103,110,75,102,146,55,56,90,5,7,54,129,128,144,9,83,50,133,147,36,84,131,16,111,109,38,13,118
51,17,54,70,31,18,20,6,77,129,114,94,29,143,53,34,130,81,78,126,109,145,71,132,58,88,82,144,7,105,8,2,134,110,128,4,42,27,65,125,86,59,117,115,28,93,96,60,138,5,3,62,90,14,108,100,22,45,25,121,139,19,76,83,137,92,36,55,48,23,91,16,37,43,85,47,116,102,106,61,12,33,21,41,89,9,136,133,99,148,10,87,127,122,79,124,140,95,80,98,52,38,73,24,30,97,142,101,135,66,118,68,44,112,141,11,119,75,74,67,72,50,107,13,46,56,0,1,32,104,149,49,84,69,26,146,147,131,63,15,123,35,113,57,40,39,111,120,103,64
140,9,78,143,138,2,1,44,136,122,129,0,68,70,84,39,48,120,85,144,59,55,20,135,127,105,80,103,142,74,79,34,6,38,5,71,15,66,62,90,111,97,40,57,54,107,14,65,110,89,30,126,98,51,125,119,45,69,52,87,83,116,26,100,36,75,35,12,134,50,23,137,29,25,28,101,64,108,13,117,86,106,63,49,132,130,47,93,21,32,81,60,17,4,11,112,94,72,73,149,10,124,121,146,147,133,88,118,37,24,148,58,61,3,145,42,131,109,18,123,92,46,95,82,67,16,31,99,22,56,96,91,7,19,104,33,141,41,27,76,77,114,115,139,128,102,113,53,43,8
12,125,54,124,100,133,63,67,21,71,117,15,52,103,75,7,90,105,57,37,132,102,61,46,64,43,45,104,42,91,121,111,123,149,142,1,8,140,41,56,32,53,36,59,6,83,17,69,138,30,106,135,84,134,107,47,26,72,9,86,109,148,80,116,101,74,33,2,23,118,58,98,65,130,144,147,40,73,34,127,82,119,39,38,31,137,93,88,0,51,95,55,25,50,18,62,141,22,85,112,143,110,19,139,28,131,81,108,24,145,122,78,79,113,10,5,89,48,70,11,126,97,136,94,68,76,99,96,129,87,35,3,114,60,16,27,4,13,120,66,20,14,29,77,146,49,128,44,92,115
149,19,10,65,139,17,127,123,5,36,143,16,6,78,81,104,98,75,147,77,67,122,29,105,125,47,54,137,119,93,102,1,66,76,146,7,2,57,136,20,22,51,86,34,85,107,112,138,84,14,95,23,38,90,3,80,99,97,109,83,33,89,120,56,111,73,28,128,114,88,134,45,96,118,18,31,71,44,32,58,140,131,110,72,142,61,13,9,141,64,135,11,0,24,53,69,144,100,60,35,74,42,48,43,130,4,82,8,52,59,101,21,87,15,121,126,27,37,55,79,12,50,26,124,46,103,94,148,116,129,25,68,62,63,117,30,145,39,115,91,70,106,41,49,40,92,132,108,133,113
99,16,121,25,7,147,141,91,46,11,120,108,146,28,58,59,9,87,67,114,132,113,83,42,126,48,140,17,129,39,44,3,138,82,134,43,32,96,89,71,23,29,144,36,92,45,125,63,33,61,137,100,142,93,6,65,37,77,148,14,70,119,149,74,94,98,40,68,18,1,112,128,131,123,80,116,90,139,72,66,78,30,56,13,81,124,52,69,73,22,4,47,136,143,12,27,55,54,62,86,8,38,135,110,84,57,53,145,107,102,106,115,103,133,20,15,105,95,97,109,118,85,49,31,76,104,51,75,10,2,19,111,79,127,0,130,122,26,60,50,101,41,88,24,64,5,34,35,117,21
122,45,1,98,96,0,74,142,62,66,146,105,73,14,4,94,88,6,132,43,114,28,135,136,30,76,24,109,124,27,19,123,63,21,20,147,80,138,107,89,85,83,17,23,126,102,13,141,127,106,51,46,87,53,108,91,75,100,10,120,78,117,90,137,140,22,25,50,33,42,2,56,93,41,82,129,111,77,71,64,121,57,54,26,130,67,5,131,134,92,47,58,44,119,112,37,69,104,65,8,110,125,48,86,61,149,79,39,35,52,32,70,81,99,128,103,34,133,12,84,55,3,16,144,18,7,68,118,116,9,139,143,11,101,38,49,113,59,15,60,145,97,40,148,31,95,72,115,36,29
58,37,147,33,149,67,62,47,68,3,50,40,52,46,45,121,10,86,97,72,0,20,66,60,118,84,59,28,63,124,107,94,144,44,34,9,51,12,99,56,42,89,73,8,18,137,21,131,139,135,91,17,4,106,140,143,5,79,2,75,15,82,108,132,11,55,26,103,65,130,19,136,31,127,39,70,122,69,104,23,29,16,119,85,141,81,93,76,120,126,49,113,125,83,96,138,35,134,90,129,22,64,100,38,88,112,53,146,7,1,110,98,30,27,25,54,142,148,77,74,95,123,114,145,14,116,109,111,87,71,41,115,13,32,102,105,57,24,61,133,92,36,128,101,117,80,48,6,78,43
16,103,83,102,53,1,67,8,13,39,34,108,5,19,78,99,21,130,92,17,79,61,116,142,106,86,145,147,43,148,97,101,2,62,109,149,94,30,37,35,105,47,125,127,60,121,126,75,22,96,132,55,66,46,123,3,110,120,137,23,64,77,124,113,131,82,112,7,81,12,98,68,56,45,84,104,72,129,28,85,90,51,59,139,14,93,18,74,52,135,95,76,71,58,11,48,118,133,128,136,89,50,36,73,91,107,134,140,9,25,29,33,54,119,111,144,80,20,0,69,10,114,44,38,117,57,65,26,115,6,49,138,141,143,100,27,41,40,146,32,24,63,70,42,87,4,31,122,88,15
66,59,143,57,136,147,84,128,11,146,53,41,54,13,40,121,87,93,43,140,64,69,134,8,74,9,80,78,127,79,139,77,63,17,26,95,105,96,137,117,107,6,116,55,106,27,60,81,113,110,112,44,126,48,97,7,19,86,111,21,0,31,109,82,124,35,94,142,42,47,58,76,131,129,130,90,28,1,144,104,70,114,4,34,15,5,52,36,39,123,16,33,98,14,135,138,30,85,25,51,119,75,65,68,56,45,37,61,100,132,10,120,49,3,115,91,122,125,88,108,24,23,71,145,12,62,32,38,46,149,89,22,67,29,83,133,72,92,20,99,101,141,50,102,103,18,2,73,148,118
88,126,24,86,40,139,146,58,147,22,57,123,138,51,133,101,112,61,56,46,118,107,71,19,15,68,117,9,23,2,0,10,136,110,12,8,120,141,53,105,137,13,52,130,16,140,124,103,27,20,129,93,115,119,41,111,60,127,85,18,128,72,1,59,50,31,99,21,62,33,54,42,95,116,63,49,91,64,76,73,89,108,84,39,122,148,67,32,35,38,143,29,45,90,44,102,28,34,65,134,25,98,96,114,97,78,66,87,6,144,3,145,77,69,43,82,36,132,70,74,17,37,121,135,142,149,26,7,4,81,109,106,47,83,55,104,92,48,113,79,125,94,14,11,80,131,30,100,75,5
119,71,129,123,124,100,58,5,106,29,108,61,139,8,105,35,76,131,86,54,137,17,143,65,103,7,101,125,104,115,92,50,90,67,59,72,122,136,24,36,110,98,111,26,84,15,99,22,0,113,31,68,48,120,93,138,51,95,46,130,78,109,91,34,23,73,40,44,27,141,38,25,33,79,147,18,77,28,94,32,146,49,80,70,75,121,41,149,1,116,69,133,128,88,140,11,107,62,66,87,112,127,47,85,118,12,63,134,132,30,21,57,43,3,53,45,135,64,97,96,114,74,4,19,9,52,142,89,56,145,20,14,39,42,60,10,55,13,83,102,2,144,6,148,82,16,81,126,37,117
44,92,31,132,74,131,106,115,48,136,61,64,103,129,67,55,149,134,8,139,91,138,123,23,53,0,65,141,75,37,34,140,126,119,70,83,51,110,118,101,84,128,58,104,6,114,7,77,59,4,87,13,99,18,25,116,93,85,86,40,19,16,26,27,60,47,125,109,10,113,72,49,20,94,105,63,15,100,68,137,88,22,107,50,124,148,135,42,62,36,142,17,117,35,98,5,95,1,97,108,54,32,112,111,9,82,28,146,33,89,78,79,39,121,144,30,52,96,81,43,147,14,3,38,120,71,11,80,122,69,102,41,2,12,57,130,56,73,29,143,127,66,133,21,90,45,46,145,24,76
104,20,125,38,43,14,2,129,128,132,69,133,87,47,107,111,65,25,23,118,37,62,19,29,22,124,40,92,109,42,99,26,90,64,71,142,45,108,138,126,140,28,57,48,53,121,136,137,127,1,54,115,96,116,33,73,143,141,112,39,146,46,32,101,147,3,0,95,102,117,52,144,98,114,9,134,122,63,16,100,66,56,21,36,34,149,6,27,103,82,148,58,97,5,110,105,85,12,94,55,11,89,91,123,77,49,41,131,119,81,61,35,113,93,106,24,60,50,84,88,4,86,18,74,17,13,75,76,145,7,30,68,139,70,130,78,31,59,135,10,79,44,8,72,15,80,67,51,83,120
149,95,35,69,137,27,26,43,96,32,81,50,49,148,29,135,64,10,18,117,76,68,85,106,54,30,74,73,97,20,41,17,24,48,130,13,103,145,77,8,9,143,15,82,108,140,110,144,75,129,65,111,11,89,87,46,19,67,61,78,39,71,16,120,3,0,94,126,2,79,44,104,31,134,38,116,80,133,136,1,115,132,45,23,47,33,21,62,5,63,131,14,22,98,6,37,40,60,105,90,139,123,53,138,57,119,42,84,51,113,114,72,124,66,34,12,55,58,83,25,102,142,127,88,86,52,59,107,141,4,122,93,92,99,121,128,146,147,125,28,70,36,56,91,109,101,118,112,7,100
97,17,133,81,84,74,66,116,101,94,77,5,67,140,11,50,138,39,26,15,22,83,38,90,51,141,63,121,54,122,46,129,34,126,114,78,18,136,3,143,82,113,44,139,0,134,104,10,19,96,92,61,145,108,109,73,100,69,62,40,147,115,91,76,107,57,55,56,123,12,25,48,149,112,148,87,89,58,146,49,72,35,1,71,14,118,2,102,111,16,6,20,98,9,4,27,105,128,21,119,37,80,117,8,7,144,43,29,52,60,99,75,85,36,70,31,130,68,64,120,33,47,88,135,32,42,95,137,142,106,59,53,86,127,131,23,41,28,13,93,30,125,79,103,110,124,65,45,24,132
120,73,32,114,49,30,103,147,86,51,1,42,94,70,76,71,113,127,3,119,45,82,56,40,11,104,22,92,53,36,133,18,89,34,46,138,111,110,135,91,128,8,72,143,16,83,145,44,41,10,23,98,115,123,63,55,93,19,20,21,77,88,24,57,13,37,67,74,125,85,33,68,59,124,81,26,144,6,129,148,78,66,130,140,15,65,87,54,118,35,122,99,106,95,48,64,43,116,75,0,39,97,142,7,126,80,136,107,29,101,90,62,28,131,47,61,141,137,84,132,139,112,27,96,109,102,14,5,31,79,38,121,60,58,25,2,149,69,17,100,52,50,9,105,134,108,146,4,12,117
0,89,120,106,82,53,54,134,6,125,97,58,20,102,32,93,138,56,115,72,15,66,136,141,110,24,105,104,75,146,128,51,116,129,23,107,10,65,143,113,124,36,96,126,81,145,59,98,111,132,149,2,46,49,99,18,33,76,62,74,119,21,117,121,90,140,148,127,68,4,31,27,22,64,73,137,61,16,39,25,100,50,135,92,47,123,1,40,103,144,91,12,42,60,57,86,80,114,95,11,122,38,55,94,133,17,7,26,142,85,147,109,112,67,63,8,45,88,13,83,118,87,101,52,78,41,9,139,28,34,43,30,5,130,71,37,35,3,14,44,69,70,29,131,19,79,77,108,48,84
75,72,136,68,106,120,143,60,97,103,22,74,140,24,128,99,109,80,148,84,110,135,126,149,17,116,63,122,81,89,94,58,48,131,93,57,6,124,32,137,147,76,73,11,117,83,10,67,35,85,26,142,64,104,0,91,100,62,87,55,25,70,132,77,18,111,79,125,14,78,29,98,28,3,118,41,49,139,13,5,34,44,95,123,9,146,54,114,16,105,86,4,12,20,53,129,21,69,51,40,8,101,66,52,71,92,113,112,15,134,141,127,7,46,47,88,33,31,119,1,37,39,45,107,130,27,115,90,23,82,96,145,102,138,2,65,121,50,144,59,133,43,108,30,42,61,56,19,38,36
145,9,63,12,62,134,140,58,139,25,142,61,101,112,84,68,126,4,33,136,0,132,60,76,21,146,89,51,15,32,83,124,141,11,95,34,102,96,91,18,87,19,65,57,133,80,123,98,100,74,37,1,31,16,135,17,143,14,85,40,105,128,78,79,77,122,72,75,3,117,88,26,27,125,50,121,44,108,127,7,66,48,10,148,8,46,6,35,94,93,49,111,45,71,113,29,114,131,104,103,90,13,107,70,137,23,22,47,53,28,81,86,116,5,110,2,99,59,106,144,138,43,130,149,42,41,118,109,36,97,39,115,38,69,54,119,52,55,64,92,30,147,20,82,73,24,120,56,129,67
129,115,40,86,134,137,45,131,120,4,81,79,35,8,133,31,140,57,76,118,21,78,146,96,29,80,149,106,122,51,33,60,75,105,58,13,12,123,82,26,28,101,147,71,110,37,54,72,1,116,91,27,53,111,50,39,20,77,65,30,84,68,73,126,93,52,19,89,125,87,43,85,32,14,46,148,66,7,139,2,48,119,109,17,15,3,112,0,92,67,127,124,23,145,10,36,100,103,117,95,16,88,11,42,62,99,97,59,38,70,94,135,141,47,107,130,64,24,121,5,61,69,113,63,104,83,138,44,132,102,49,74,18,34,98,56,108,136,22,128,144,25,114,55,143,41,6,9,90,142
72,26,139,17,36,6,68,134,33,78,115,75,22,87,108,97,86,98,48,16,40,23,21,121,70,19,56,79,104,32,43,95,3,138,71,45,59,0,9,20,132,112,49,12,80,51,88,15,76,50,62,148,145,135,114,93,147,24,116,74,66,92,128,113,117,31,27,123,100,57,129,143,37,11,102,90,7,46,125,53,58,120,140,118,61,111,54,28,39,29,42,101,146,107,109,149,65,89,106,34,85,127,14,96,25,8,44,52,63,77,105,64,130,94,18,60,84,122,110,99,55,133,119,4,141,1,73,10,5,13,124,137,103,69,136,35,83,91,82,2,67,41,47,144,142,38,131,81,30,126
68,124,112,122,44,119,4,123,50,148,82,79,118,10,93,65,81,107,139,13,77,26,144,115,47,24,137,105,32,120,149,85,98,106,61,19,132,23,1,31,99,35,146,138,90,126,38,73,57,8,66,131,37,140,101,95,89,58,69,135,53,34,2,100,91,9,49,63,108,59,40,33,80,39,29,41,96,43,142,46,60,72,18,109,67,0,133,14,11,78,116,104,136,52,64,143,103,117,110,6,102,45,92,48,51,70,21,114,55,125,141,56,121,76,25,12,20,62,5,87,128,147,16,36,84,86,28,145,97,127,75,22,17,7,15,113,3,54,27,94,111,42,83,30,134,88,129,71,74,130
131,36,119,129,108,137,117,53,135,71,39,19,11,43,31,120,86,99,77,133,116,76,28,29,84,26,20,98,78,37,122,143,70,3,142,89,52,10,121,12,60,46,96,104,23,61,79,4,40,42,65,1,105,34,25,144,85,148,141,88,62,64,102,109,107,93,136,118,50,49,97,81,127,44,73,59,113,55,139,147,130,125,146,92,124,90,72,140,66,100,138,132,38,15,5,6,16,2,123,13,74,54,18,35,63,80,75,91,51,114,67,45,17,112,9,87,126,128,0,110,33,21,115,95,41,24,101,149,14,32,47,111,69,106,103,68,145,57,30,7,58,134,94,27,48,83,56,22,82,8
104,77,67,142,40,111,134,145,64,41,120,17,66,124,89,51,62,35,14,110,29,4,68,109,0,101,96,148,16,132,149,86,123,88,36,84,46,121,32,93,69,116,90,91,50,31,44,26,28,18,74,11,114,24,144,55,42,70,87,128,117,13,58,75,25,47,112,19,15,37,127,3,73,95,126,85,83,97,80,2,54,113,137,49,102,43,100,9,53,21,20,30,78,48,8,105,94,12,131,45,22,23,108,39,56,1,59,133,129,146,107,140,141,135,103,79,115,57,38,71,92,52,125,27,118,60,136,147,5,65,6,34,76,33,81,7,82,106,122,63,130,143,119,99,138,72,10,139,98,61
56,93,17,140,70,89,9,134,41,119,94,34,71,11,37,104,49,52,6,147,61,24,116,23,31,122,144,109,59,8,76,57,75,18,98,95,67,68,5,141,60,1,138,113,51,66,123,29,137,15,143,58,149,33,0,126,117,25,65,36,53,69,120,107,35,74,132,83,87,63,81,72,19,39,115,96,139,92,42,125,99,133,32,91,20,105,84,108,100,128,135,88,127,21,80,114,45,118,112,3,16,46,85,78,111,136,124,145,131,86,10,22,40,7,14,130,28,103,2,73,44,142,4,110,90,77,79,121,30,12,50,43,54,97,102,27,106,26,82,101,62,129,47,48,64,38,148,55,146,13
26,133,142,97,67,7,1,60,36,11,45,114,125,140,2,64,100,42,104,57,144,77,78,82,121,143,141,93,54,20,71,73,105,59,87,74,35,44,65,111,50,94,28,9,130,138,66,55,46,8,134,88,58,148,147,85,18,81,51,3,47,56,96,131,4,48,101,72,98,92,24,120,12,116,79,115,21,110,23,129,117,34,137,10,102,123,61,90,103,6,27,132,25,112,122,118,145,32,127,70,29,5,128,63,146,76,40,126,14,39,80,38,83,30,33,19,99,49,89,95,69,86,84,22,68,107,75,31,149,0,108,17,62,43,113,37,136,119,15,109,91,52,124,16,53,139,135,41,13,106
140,73,0,5,129,125,55,137,20,148,119,12,21,132,90,11,41,78,88,111,138,37,6,124,44,108,59,135,45,106,54,149,143,94,50,35,102,52,101,86,8,4,105,89,99,1,121,60,115,34,23,77,96,142,3,38,25,133,63,24,62,16,144,114,29,126,112,48,118,79,98,7,113,15,47,70,42,22,72,127,81,117,51,19,26,139,65,110,122,66,136,32,18,141,13,97,83,49,147,87,116,84,109,31,107,36,145,28,68,130,64,93,104,40,2,91,56,80,27,43,30,85,17,71,131,75,146,76,67,58,53,57,39,92,82,14,46,61,69,95,134,100,74,128,33,123,120,9,10,103
24,21,33,1,120,19,115,114,94,82,9,116,44,131,138,135,4,136,68,127,56,0,95,2,34,144,79,25,107,28,52,140,18,37,10,132,59,66,108,62,122,53,104,6,121,8,31,109,17,88,65,113,130,5,134,83,80,149,26,54,139,15,119,98,16,84,58,71,146,91,93,72,85,97,110,117,51,86,49,101,89,12,43,7,47,23,38,27,11,106,73,41,126,40,143,123,76,20,133,61,57,147,90,74,32,48,29,100,3,78,125,81,75,148,69,137,118,141,103,112,70,124,50,63,13,96,30,128,102,60,105,55,87,39,46,67,22,99,14,92,129,111,64,142,145,36,45,77,35,42
16,65,90,85,117,81,37,62,75,46,129,92,82,104,125,67,32,36,83,23,72,30,149,139,100,142,18,96,25,34,130,141,7,118,98,31,131,138,27,45,54,76,44,147,9,110,127,120,63,69,126,2,52,132,137,55,26,89,70,133,124,35,12,136,135,57,24,1,123,41,145,20,68,116,91,77,84,38,8,106,4,105,112,114,53,86,87,17,43,51,60,73,14,102,13,146,95,28,80,93,64,33,143,94,97,29,74,19,79,71,21,111,47,40,115,122,3,49,59,15,5,6,56,10,78,50,58,48,108,0,99,11,88,103,42,144,148,134,66,39,101,121,22,119,113,128,61,107,109,140
78,134,20,128,50,49,19,125,11,66,41,133,76,35,60,147,113,130,64,13,23,87,14,141,55,31,146,102,18,58,25,90,124,100,70,22,116,51,138,67,71,131,47,73,10,45,12,59,44,32,139,115,109,99,97,140,3,107,83,17,57,36,5,92,24,1,53,104,29,4,117,103,145,120,26,144,21,89,61,9,106,33,39,28,37,114,30,46,123,95,52,112,101,126,84,110,65,42,48,75,68,6,79,81,80,121,142,122,8,40,96,88,69,62,34,129,74,72,63,119,118,85,98,111,7,56,149,143,132,148,127,15,2,137,135,38,86,16,77,91,43,54,93,105,108,0,82,136,94,27
72,4,122,144,26,135,46,7,109,124,113,84,56,67,44,10,61,120,18,137,138,3,121,17,107,133,118,149,80,20,57,116,16,47,108,136,30,15,147,88,41,19,37,92,23,75,148,140,83,129,71,146,141,115,127,130,96,48,128,74,65,2,126,112,73,63,117,51,13,0,114,95,69,78,145,97,81,106,50,36,60,110,62,21,123,49,99,40,100,58,85,142,29,42,79,86,6,14,45,59,87,101,70,77,93,132,53,11,131,94,39,139,12,8,105,38,102,5,33,89,22,143,43,35,66,76,25,24,32,55,52,91,64,104,98,28,34,54,68,9,134,103,111,1,27,119,31,90,82,125
139,138,25,113,98,18,28,100,5,147,67,37,74,56,92,75,59,55,85,14,108,72,112,23,44,125,122,51,41,89,70,54,123,57,143,64,96,87,8,145,129,11,120,46,47,53,141,73,80,144,91,114,86,29,58,43,81,24,66,111,26,119,35,30,4,101,110,6,102,105,79,78,136,109,22,63,94,12,99,9,27,16,42,142,107,83,31,106,62,76,61,82,97,52,132,146,117,104,32,60,7,77,0,124,1,65,10,21,3,95,13,45,103,15,93,20,69,130,126,71,40,127,121,36,116,68,133,49,90,84,38,137,17,50,149,48,128,88,148,39,140,19,2,135,115,33,131,34,134,118
135,17,22,55,104,67,120,102,139,112,25,35,127,63,84,11,10,115,106,117,3,131,51,79,128,138,56,121,147,108,18,72,30,146,19,99,69,100,2,133,77,15,1,122,116,45,58,70,27,95,5,129,59,33,52,109,36,110,48,92,43,132,114,93,20,47,94,86,136,29,53,141,13,60,23,76,26,78,44,62,149,66,64,12,7,54,80,68,143,90,4,50,144,142,8,91,40,118,137,14,28,88,31,134,0,119,111,97,101,46,37,75,38,32,71,96,82,107,9,49,81,126,148,105,87,98,85,57,123,6,34,16,65,61,24,145,103,125,73,42,39,124,89,140,130,74,21,83,113,41
23,145,32,130,13,90,49,121,17,105,136,135,35,36,70,119,95,61,126,97,48,33,15,117,66,18,29,132,10,118,27,87,114,22,57,56,28,101,109,53,88,58,93,129,144,59,104,6,133,4,131,76,99,85,50,25,134,12,42,100,103,127,31,82,5,30,137,75,128,54,1,94,112,9,111,79,55,98,147,24,64,34,89,11,106,149,110,0,51,16,122,20,19,37,148,125,74,71,69,91,2,40,44,107,67,52,72,62,140,81,80,14,124,8,7,45,38,146,96,83,47,78,77,41,65,39,123,102,46,21,84,138,113,3,86,141,60,116,43,26,115,143,68,73,92,120,142,108,139,63
86,68,5,43,103,88,42,62,66,79,52,19,56,65,73,37,98,47,32,39,118,20,74,144,25,124,14,50,140,111,130,101,51,71,119,64,131,126,40,36,122,84,58,143,97,137,34,29,53,89,128,67,114,55,95,121,2,41,3,147,24,10,46,48,60,6,80,11,113,145,85,99,107,72,69,21,9,17,83,12,127,38,54,13,18,123,78,146,0,35,116,138,31,44,30,77,8,148,26,139,100,109,104,49,133,45,33,120,117,94,115,4,27,142,87,135,125,108,105,141,149,70,7,76,63,132,110,81,22,112,90,96,75,59,57,15,1,28,82,61,106,16,134,91,136,23,93,92,129,102
34,65,92,133,90,42,33,85,38,16,99,93,106,40,18,8,119,83,129,56,143,25,71,29,44,145,6,112,97,64,41,95,10,80,121,141,100,118,53,46,117,11,75,77,9,104,124,12,45,47,78,70,76,37,115,79,27,132,114,14,69,110,36,22,67,102,113,2,128,31,39,87,20,127,51,84,4,24,15,17,123,140,89,61,23,19,98,144,35,138,81,125,139,107,26,134,86,43,73,122,60,49,52,130,96,82,68,50,101,147,54,108,21,74,146,57,55,131,28,109,88,137,66,126,3,120,149,135,116,58,7,72,142,91,62,0,136,32,1,94,105,5,59,103,13,48,63,30,111,148
51,138,30,139,21,149,98,18,14,50,113,54,15,41,106,34,13,25,118,104,148,74,135,127,31,63,134,69,77,6,22,75,38,95,44,119,99,67,32,33,46,20,70,65,16,76,62,90,53,100,42,94,143,93,60,80,45,101,102,91,133,79,117,126,10,29,97,52,55,141,1,4,59,11,23,24,125,47,35,116,83,107,128,136,12,142,27,8,85,68,9,40,36,129,109,88,131,78,7,66,57,146,124,73,84,145,147,114,108,130,56,26,58,39,17,72,137,89,105,48,82,28,122,110,144,0,120,121,112,2,5,81,86,132,96,43,92,115,123,19,37,87,103,111,49,3,64,140,71,61
101,93,42,84,91,52,126,34,114,138,27,97,46,105,57,67,66,49,120,43,86,13,133,81,44,130,92,124,106,64,10,111,65,123,48,142,89,78,75,68,32,62,119,95,88,129,76,56,103,140,90,108,63,74,53,4,96,87,50,134,5,26,55,9,117,8,83,109,47,72,20,58,128,79,69,41,141,99,85,24,61,30,23,70,51,136,121,2,35,0,122,59,118,107,36,139,33,144,22,137,45,131,29,21,98,73,104,37,60,146,125,39,94,135,82,102,148,15,145,16,7,17,40,3,1,11,127,28,19,143,147,18,116,6,31,110,115,25,14,149,77,71,12,54,80,113,132,100,38,112
95,125,8,103,130,41,135,75,54,85,36,28,7,73,71,129,111,112,90,18,144,119,105,102,49,126,117,11,6,21,88,19,127,53,4,67,52,14,63,29,99,72,87,149,91,138,22,81,137,132,108,47,146,51,86,43,26,44,32,113,98,114,0,79,27,78,46,65,35,89,56,136,107,13,122,68,3,42,141,100,45,84,40,58,77,139,55,59,74,110,145,34,17,94,147,106,115,48,76,33,120,62,23,134,1,140,123,15,80,69,66,83,142,38,37,93,109,92,64,128,39,5,57,10,70,50,96,131,121,124,101,143,97,25,61,82,20,116,133,60,30,148,9,24,31,12,104,2,16,118
113,116,93,50,71,100,89,127,62,24,111,121,33,44,96,90,110,30,51,47,146,81,134,126,87,55,109,133,48,115,13,112,114,19,7,31,41,16,92,63,123,140,21,142,40,18,68,39,2,43,32,148,1,12,61,143,11,53,84,74,5,75,125,37,103,73,17,131,0,122,8,38,117,144,6,60,45,36,80,147,15,49,145,10,88,22,57,138,9,3,64,97,137,139,69,56,141,29,34,108,107,54,76,91,130,95,132,119,102,99,82,135,118,42,129,58,128,65,83,94,120,124,78,28,105,59,67,26,20,35,136,106,77,98,104,149,27,52,4,101,70,79,85,23,14,72,66,86,25,46
102,49,97,36,122,72,59,100,39,60,6,118,38,2,43,99,15,47,70,81,136,85,141,65,112,37,96,14,91,26,88,68,22,138,45,3,73,135,27,144,75,18,41,8,142,46,92,4,7,115,24,16,114,11,127,137,143,5,40,104,77,34,110,21,63,130,78,56,89,32,35,119,9,31,120,48,33,117,76,57,87,103,121,17,71,67,13,134,131,1,109,116,107,61,80,94,125,62,66,19,53,139,55,129,42,111,146,108,140,126,50,29,58,124,93,84,106,149,74,12,132,101,51,145,69,23,90,105,52,123,83,82,30,0,113,44,147,128,20,54,148,133,64,79,10,25,95,98,28,86
31,52,44,148,16,111,53,57,71,86,28,69,92,125,14,95,34,35,114,3,62,74,76,21,82,12,100,103,5,47,81,75,141,22,37,90,19,27,38,145,131,121,113,50,139,0,132,25,109,42,64,61,41,136,56,83,126,46,59,23,127,70,79,140,18,8,54,17,9,149,55,13,101,91,85,7,80,137,108,144,60,135,124,129,32,39,107,26,110,98,122,30,48,105,63,87,66,15,133,78,123,45,29,4,88,106,6,1,143,33,49,96,11,116,128,142,36,99,97,84,120,138,147,72,43,104,119,102,112,65,2,89,94,58,117,146,40,20,118,77,73,115,93,51,68,130,24,67,10,134
38,73,110,23,76,86,85,17,112,56,122,13,103,75,123,79,3,21,81,69,7,68,80,14,118,131,107,111,48,18,52,119,121,147,33,144,91,26,77,16,46,61,84,64,20,135,106,128,45,51,137,58,11,95,29,2,9,22,143,49,83,47,54,30,126,116,139,1,4,40,44,88,113,96,101,108,114,0,65,125,43,31,37,99,39,104,93,74,97,28,129,78,89,15,145,100,130,82,71,25,115,98,134,142,35,24,41,146,87,133,50,132,67,42,53,6,72,59,120,117,8,66,10,102,138,32,127,55,105,148,63,19,141,36,92,5,27,57,140,149,124,109,34,90,62,94,70,136,12,60
118,106,100,107,96,8,33,37,148,76,123,102,60,58,56,5,4,110,101,59,20,99,141,13,31,128,109,21,95,69,63,61,71,72,80,93,35,12,116,68,17,129,27,73,70,145,115,136,18,147,54,98,29,47,64,28,119,19,39,111,53,55,149,48,44,24,146,121,135,127,92,103,137,125,14,26,22,87,1,46,85,77,16,0,30,62,67,7,11,139,23,97,132,38,25,122,133,114,124,144,78,83,126,49,134,86,15,34,43,50,82,140,94,130,9,117,91,65,84,74,142,108,112,79,90,89,104,105,51,10,6,143,75,66,42,36,52,138,32,40,88,113,41,45,120,3,81,131,57,2
106,16,60,27,107,48,128,3,56,39,104,110,63,86,6,75,133,124,147,102,50,100,90,98,94,113,93,11,99,145,7,76,130,95,125,105,8,111,119,81,31,149,20,79,74,82,0,21,92,116,109,15,51,23,32,35,140,43,87,114,132,135,12,83,49,44,58,141,67,53,17,127,112,40,88,66,96,2,73,91,34,70,117,134,122,5,78,136,101,55,97,84,146,69,108,41,10,14,36,71,115,4,62,85,80,46,38,123,143,28,42,148,52,61,103,57,144,139,30,121,126,138,137,65,22,142,18,64,47,45,59,118,33,77,131,120,129,29,1,19,37,89,26,25,68,9,72,13,54,24
0,128,120,146,58,97,126,87,90,63,34,32,43,28,143,82,107,49,121,109,25,93,16,130,140,54,133,57,18,103,12,31,44,124,135,61,37,53,79,71,78,66,15,68,52,74,47,115,139,11,127,144,64,36,104,147,10,136,101,108,92,123,132,138,14,72,91,111,129,100,23,85,55,42,77,69,73,122,48,149,70,141,38,102,113,51,46,29,67,13,84,62,80,95,65,98,40,83,118,50,89,60,30,21,106,114,110,41,17,26,33,134,125,8,148,119,22,5,96,20,81,105,1,35,88,4,19,27,94,99,76,145,112,56,142,131,117,3,59,6,86,45,2,39,137,7,75,24,9,116
74,107,79,125,96,62,22,99,34,15,90,16,110,1,127,9,19,56,118,6,59,17,46,109,114,21,132,55,8,44,120,23,140,25,88,111,100,63,61,104,149,10,18,33,72,70,146,108,93,112,76,43,50,71,30,131,12,36,123,39,3,38,58,42,60,37,142,136,145,7,126,65,53,48,117,64,40,84,24,51,128,115,119,133,52,87,75,11,69,138,78,94,49,130,26,32,5,144,143,45,139,135,85,66,137,129,4,31,92,28,35,57,134,141,121,0,148,14,97,91,54,73,106,122,105,124,101,83,95,89,77,147,82,47,2,27,80,13,67,113,81,86,116,20,98,103,68,41,102,29
64,45,90,103,20,37,9,101,71,132,30,137,91,70,36,96,89,16,47,49,21,5,72,27,40,100,124,98,139,84,130,8,131,149,22,87,35,6,111,108,73,148,142,65,17,24,134,53,110,93,109,4,31,146,79,127,63,34,54,141,143,140,48,75,38,58,62,113,67,138,68,115,123,61,0,3,1,11,88,56,7,50,129,66,39,112,42,128,85,28,13,78,81,86,121,41,55,114,147,99,77,97,119,69,144,33,57,32,117,105,76,80,125,15,116,82,29,126,104,92,135,136,43,23,14,12,19,46,60,18,51,106,44,10,122,83,52,2,120,74,118,102,107,145,95,59,26,25,133,94
7,53,75,16,101,81,141,142,8,44,13,91,52,20,109,129,6,54,102,51,119,139,123,56,99,62,31,89,30,58,95,148,85,121,60,144,72,36,21,55,116,32,140,125,138,12,131,122,48,147,80,88,38,87,3,43,86,96,42,29,145,93,15,70,37,79,39,112,76,83,111,2,136,120,78,47,73,146,41,69,106,68,71,77,10,135,115,124,4,49,25,28,98,149,17,74,94,27,108,50,9,59,110,118,65,92,45,117,57,14,46,35,107,19,67,24,18,143,132,127,63,11,105,134,5,0,97,34,82,126,133,90,104,130,113,1,100,23,66,61,114,128,40,84,22,26,64,137,33,103
20,90,14,117,48,118,109,61,26,86,33,69,98,149,11,7,34,137,59,140,124,73,80,148,76,130,131,123,100,68,63,42,116,29,129,142,114,106,120,4,128,121,38,146,19,107,60,132,25,35,92,99,56,2,125,10,58,64,1,72,135,39,46,126,30,94,40,139,89,112,87,31,141,143,62,22,18,85,77,96,8,82,37,103,97,75,138,36,108,21,81,0,145,147,134,54,133,17,24,104,115,71,44,93,51,65,105,111,127,67,74,84,102,122,57,47,53,15,70,13,91,110,144,50,83,95,55,136,66,41,6,5,52,23,3,45,49,43,101,88,12,16,32,28,79,27,119,78,9,113
9,5,68,3,140,132,49,94,125,79,122,30,14,54,129,8,109,146,53,7,117,2,62,51,135,72,67,81,93,83,143,71,138,42,123,92,87,75,65,96,17,15,89,61,10,25,97,64,144,59,18,26,48,31,98,50,13,40,139,114,66,115,101,145,124,121,142,22,88,102,47,28,90,4,74,95,27,29,105,37,141,60,19,99,43,119,6,55,85,134,41,70,86,106,0,46,148,57,33,80,136,44,128,103,120,16,118,76,133,91,32,104,130,116,131,149,20,35,23,84,73,38,56,78,21,110,58,126,36,24,11,100,127,1,111,108,69,137,77,45,113,82,107,112,63,52,12,34,39,147
48,124,16,79,61,104,70,36,17,127,41,125,71,115,122,10,77,24,140,75,97,144,91,113,57,4,132,123,63,107,136,5,62,86,18,130,117,23,149,126,105,99,76,96,135,51,121,8,20,73,25,74,85,39,37,92,128,46,54,138,22,26,131,66,84,55,34,64,2,69,109,33,94,21,53,83,32,58,101,38,80,111,139,82,9,7,89,137,35,141,116,1,98,67,78,60,112,40,11,108,87,142,59,147,95,52,81,114,56,42,28,120,65,129,88,133,68,119,134,43,146,90,30,31,50,72,47,49,15,103,29,93,106,143,14,44,45,3,145,19,6,148,110,102,13,0,118,12,100,27
132,128,149,53,116,42,21,54,18,63,75,43,134,38,120,17,82,86,114,96,137,93,10,117,112,135,47,140,89,74,59,26,16,81,118,4,95,122,100,90,78,138,55,143,9,7,52,65,31,145,34,6,139,103,136,20,35,39,5,8,127,40,2,37,99,57,24,27,44,70,33,30,41,106,25,97,22,67,3,123,19,115,49,83,1,60,15,129,125,108,130,94,23,98,104,146,72,58,61,101,48,0,113,62,92,76,124,144,131,133,119,142,66,50,68,110,11,91,84,64,147,46,12,51,29,79,102,73,36,32,13,141,45,107,85,71,126,56,148,105,121,14,28,80,88,111,109,77,87,69
85,50,140,20,103,23,117,97,126,19,5,76,68,90,79,136,46,93,33,104,32,147,39,8,113,87,22,55,59,4,35,12,25,99,38,24,28,6,130,69,74,9,96,31,127,78,120,83,143,60,139,119,111,124,0,2,3,53,94,58,13,114,102,71,15,54,98,21,141,149,34,142,88,110,40,66,52,86,30,138,100,82,65,112,148,27,106,101,62,18,17,144,123,43,10,26,121,91,145,128,95,132,56,125,61,81,48,1,7,29,105,134,45,135,14,16,42,84,89,137,73,63,118,129,115,122,44,37,107,36,57,41,47,49,75,133,146,108,67,109,77,11,70,92,131,51,64,116,72,80
88,66,22,40,148,121,68,131,81,109,44,26,133,15,56,64,25,138,38,123,33,76,136,99,21,82,2,86,112,30,130,137,97,78,70,116,4,114,42,45,117,101,118,96,5,59,91,27,55,31,23,85,35,29,17,50,67,107,54,61,126,11,113,89,20,8,106,87,36,47,146,94,108,75,119,80,92,24,72,79,71,122,147,127,49,3,110,28,37,34,65,115,0,111,105,84,83,9,62,103,145,7,142,63,74,52,93,144,18,120,19,140,43,60,134,51,135,32,132,53,104,139,141,90,73,129,6,95,98,58,143,39,149,77,10,125,46,57,128,102,124,41,69,12,13,1,48,14,100,16
103,74,64,80,13,40,53,149,107,110,109,141,63,140,133,123,18,115,122,25,72,113,42,127,34,66,29,135,57,134,51,116,31,23,41,30,48,47,92,79,132,70,14,75,9,3,68,73,10,24,91,114,98,60,138,36,52,130,112,54,131,118,81,86,82,76,126,71,2,90,67,1,46,45,83,43,102,49,62,129,88,22,4,69,8,137,39,65,101,11,35,136,6,120,95,108,78,61,12,119,104,37,148,145,56,19,16,27,99,85,55,5,94,0,84,20,100,96,7,97,21,147,44,106,50,87,121,124,17,28,146,58,144,105,93,38,15,89,26,33,128,111,142,77,139,125,32,143,117,59
55,83,94,27,125,3,49,22,112,118,130,82,41,35,135,31,84,16,74,63,75,23,2,128,8,101,148,10,115,57,1,34,26,43,39,18,17,81,52,56,137,67,143,4,65,108,73,6,116,25,54,37,0,85,21,42,80,145,59,14,20,28,29,140,44,129,98,45,127,9,100,114,149,91,78,90,109,103,89,138,47,68,70,92,110,71,19,66,30,95,50,121,69,105,62,77,5,51,99,107,96,79,139,133,119,48,106,93,64,144,86,40,38,76,72,53,102,117,87,120,46,146,13,113,61,132,24,147,11,12,33,134,142,7,32,122,131,88,126,60,141,124,123,58,136,15,36,97,111,104
35,122,45,113,75,105,91,9,139,140,82,83,3,104,41,43,88,23,67,36,68,15,115,39,96,19,85,114,116,54,7,4,37,138,79,109,30,74,119,106,22,97,137,99,5,81,38,47,103,17,11,144,56,86,118,58,46,101,129,26,18,147,70,110,136,69,76,51,128,92,24,107,14,66,13,130,142,61,10,145,34,33,77,143,16,1,21,141,134,62,148,73,6,42,40,149,131,126,133,49,98,87,100,71,2,102,57,95,123,12,108,117,28,8,121,44,50,27,31,55,93,124,89,64,48,32,25,53,125,63,20,72,120,84,112,94,29,135,52,90,78,0,65,127,60,59,146,111,132,80
5,40,73,44,34,24,35,139,91,54,84,90,57,96,137,110,30,123,126,108,113,127,149,86,79,72,141,115,131,70,142,50,135,29,63,23,97,46,104,28,114,118,20,130,119,36,55,52,146,83,14,133,109,27,11,98,2,136,25,89,94,33,31,17,92,121,39,105,16,37,7,75,51,43,132,138,3,125,15,65,26,13,107,116,56,0,100,68,47,77,48,129,74,122,144,42,124,19,61,21,87,45,82,78,128,4,41,120,6,64,22,59,67,148,71,134,62,60,145,117,1,111,80,58,69,102,85,99,106,143,49,101,53,18,8,95,76,12,112,10,66,93,88,140,81,147,32,103,9,38
99,143,116,89,32,123,18,79,30,87,21,78,129,119,80,84,76,146,121,8,35,41,49,72,110,106,104,140,70,24,74,122,43,63,145,31,4,142,92,48,90,102,69,33,97,10,93,125,94,107,9,132,26,2,39,55,19,124,147,144,120,54,6,113,38,40,81,60,98,91,68,15,108,77,131,65,105,22,66,148,46,126,130,36,45,135,73,112,134,47,28,57,14,20,37,1,23,13,0,64,5,101,133,138,52,61,53,88,96,149,137,95,141,12,118,83,117,51,100,29,115,56,67,62,3,27,103,114,128,111,86,7,109,50,16,58,44,139,136,71,82,127,25,59,42,11,75,34,17,85
129,89,101,84,9,2,54,13,149,140,144,99,4,55,110,64,74,71,15,92,39,90,118,43,42,28,25,139,19,21,49,67,113,96,48,62,17,81,83,105,133,134,46,35,147,14,137,56,109,125,98,44,124,103,30,5,85,53,138,122,80,131,128,3,18,52,94,12,31,38,126,32,66,127,82,107,115,75,117,36,116,130,7,69,141,63,145,79,111,40,120,8,148,27,26,102,87,34,41,11,78,1,70,146,6,123,33,112,104,20,143,24,132,97,65,93,100,58,23,57,106,136,108,76,61,119,60,86,135,77,121,45,59,68,114,47,50,73,0,37,29,95,91,88,22,72,51,142,16,10
136,50,95,138,24,63,125,104,78,25,6,84,41,116,146,1,89,96,119,132,35,77,133,143,65,53,48,81,147,49,111,10,37,79,40,141,13,73,72,31,94,33,137,148,46,71,3,14,52,64,86,8,100,74,83,76,58,128,18,19,135,66,56,57,16,80,90,92,9,4,99,59,61,27,39,145,67,139,75,93,129,103,87,26,114,91,126,55,88,118,34,51,102,15,124,130,7,32,36,127,68,60,105,21,43,11,42,45,62,2,117,38,28,17,82,140,0,70,131,121,69,108,106,110,109,23,29,12,54,98,20,30,134,85,44,22,101,47,5,122,115,120,97,149,107,142,123,144,112,113
42,60,81,82,144,103,72,44,90,120,23,137,48,40,47,123,138,71,17,111,58,59,0,49,102,24,136,133,7,80,39,15,77,8,121,76,112,30,9,57,55,74,89,131,34,75,83,93,20,1,37,107,140,142,38,70,43,84,146,2,54,52,26,18,147,32,145,118,91,100,139,12,5,96,61,108,148,46,3,110,14,130,86,35,95,68,114,11,10,132,135,87,101,41,128,141,33,53,66,50,129,36,69,92,16,21,104,25,63,31,28,99,6,67,56,29,27,13,124,143,106,125,19,45,98,64,62,116,4,113,94,109,79,22,97,126,73,134,122,115,65,117,149,78,105,127,119,88,51,85
96,69,39,83,129,79,70,130,30,80,94,6,47,49,0,136,24,46,106,57,134,72,45,35,139,91,85,128,63,29,53,133,65,58,40,138,48,146,89,113,86,81,59,149,111,44,78,82,131,8,9,76,60,64,142,88,141,140,145,50,52,26,90,116,148,75,127,98,11,124,87,36,144,100,73,105,17,109,125,25,61,103,117,34,67,126,97,77,71,19,104,84,10,132,4,122,54,21,27,143,5,1,20,107,118,112,110,114,14,22,12,95,68,23,93,66,62,51,43,115,7,108,28,101,123,37,99,121,16,55,31,135,18,74,147,102,2,41,3,15,120,42,13,56,92,33,137,119,38,32
126,75,120,127,76,68,104,8,22,140,36,67,57,69,9,91,28,97,3,44,62,23,110,53,90,114,26,11,31,133,74,29,88,45,141,102,124,125,85,121,19,131,109,132,13,34,139,7,83,1,56,51,12,60,25,42,5,61,64,128,94,21,105,4,142,130,66,144,33,138,148,86,122,48,2,129,80,37,100,39,65,111,84,73,117,47,63,70,115,49,55,93,92,0,14,89,96,35,50,137,20,71,16,146,15,81,101,78,112,103,32,147,24,59,27,41,82,108,6,43,10,46,52,135,18,134,98,40,38,123,30,87,54,145,106,113,116,79,118,58,149,72,143,99,77,119,95,107,136,17
20,96,71,123,75,113,107,54,62,127,125,87,111,138,102,64,120,31,91,30,34,132,117,58,38,84,88,60,63,136,128,89,39,106,55,92,8,79,69,139,70,5,33,126,76,56,147,105,42,35,142,11,85,114,124,122,45,43,104,146,53,17,41,66,77,148,90,116,61,130,13,22,15,26,115,112,81,73,68,0,24,67,18,36,86,27,48,93,131,32,51,74,110,50,109,47,140,119,83,21,94,82,97,7,59,49,19,2,133,6,1,4,52,134,12,135,103,143,149,10,95,108,57,144,46,72,141,98,44,37,101,65,78,121,23,145,29,9,16,118,25,40,28,14,129,99,80,137,3,100
37,124,132,126,30,83,46,55,139,120,79,117,7,92,109,41,86,75,27,0,80,31,69,113,118,63,141,22,66,101,59,49,76,136,129,106,138,147,40,89,32,57,131,17,103,28,74,35,34,111,104,14,91,42,130,121,135,3,61,38,134,94,100,13,123,1,144,16,128,127,54,36,102,51,21,50,114,148,11,90,77,88,87,105,5,125,52,96,12,56,85,23,53,116,43,107,8,97,140,44,112,119,93,81,143,149,6,95,71,146,62,48,142,133,9,15,73,70,39,145,64,99,137,45,29,68,115,33,65,10,82,58,18,24,26,19,78,67,122,47,2,20,98,110,25,72,4,108,84,60
103,48,15,120,136,57,127,130,40,41,1,79,88,89,56,5,46,126,47,26,49,44,66,99,137,11,96,30,138,84,67,3,19,27,71,21,37,113,22,29,39,122,106,132,104,38,118,54,70,76,133,51,141,111,74,75,16,32,24,28,119,50,117,31,143,129,139,36,145,8,13,68,78,102,87,131,148,135,9,18,80,149,34,17,108,142,25,125,140,64,4,2,110,0,52,14,60,45,7,55,83,92,97,112,146,91,42,43,107,72,85,128,53,147,94,82,81,115,109,35,77,123,134,63,10,114,116,100,121,86,73,69,61,95,65,33,144,12,58,6,20,90,124,93,62,59,105,101,23,98
47,43,140,51,88,32,96,39,103,55,101,77,86,38,8,64,63,143,3,95,23,70,36,37,145,12,57,141,33,7,27,120,25,60,54,108,20,133,107,2,129,128,79,69,52,115,1,142,72,83,62,71,146,138,26,114,113,147,134,80,22,131,53,144,102,68,11,48,49,121,18,98,66,14,56,9,15,6,40,45,61,139,135,106,125,105,74,132,42,21,82,111,50,41,59,110,78,89,104,124,10,109,84,58,119,92,87,137,0,75,16,5,112,99,122,136,28,127,91,100,130,67,30,31,35,123,117,34,85,148,24,81,46,90,29,97,73,19,13,4,118,94,126,116,17,65,76,44,149,93
136,70,78,137,114,13,51,47,73,65,27,31,142,20,124,35,25,46,95,60,72,149,117,67,36,52,14,50,96,41,53,115,148,122,97,74,129,130,90,40,134,29,145,76,138,100,66,121,141,123,99,83,22,5,30,146,9,132,131,1,18,32,98,105,113,19,17,84,34,23,139,94,68,0,125,102,89,107,106,6,75,62,63,135,81,85,82,71,69,54,24,103,143,110,79,7,93,80,48,112,116,118,140,8,12,21,91,55,10,128,42,133,3,28,56,147,44,120,16,64,43,92,126,109,4,87,26,57,49,104,144,58,101,108,59,86,33,88,39,38,15,119,127,11,2,37,111,61,45,77
42,48,99,39,136,51,17,18,84,112,66,14,77,59,12,4,82,123,101,102,67,50,1,46,127,9,41,128,16,71,106,87,139,44,104,55,36,143,63,148,96,89,111,26,74,49,5,129,10,3,76,126,47,28,86,122,29,2,15,83,69,33,40,27,107,147,30,95,91,132,0,141,125,80,19,24,119,73,43,109,94,75,124,149,58,103,60,90,108,22,114,79,52,98,142,120,37,61,117,45,23,81,13,70,72,115,64,62,105,88,97,35,93,68,145,20,78,130,146,92,138,113,133,38,57,134,144,56,31,54,131,140,135,110,53,21,116,118,121,8,65,7,100,25,85,34,137,32,6,11
73,131,19,91,63,145,129,137,94,132,11,18,120,13,93,147,95,10,12,57,136,67,49,92,42,111,148,3,46,108,60,78,104,68,134,29,44,30,55,117,141,20,5,24,37,2,70,31,138,144,62,102,1,112,106,43,87,99,14,41,149,107,83,81,69,38,105,139,17,52,98,89,0,115,110,40,82,58,48,80,109,76,47,33,21,51,135,45,64,118,124,4,84,100,77,122,146,123,39,16,15,22,127,59,36,79,128,23,96,72,28,126,130,116,26,61,142,75,143,56,27,119,34,140,53,90,71,74,32,121,25,101,7,103,50,8,85,66,9,86,133,54,114,113,65,97,6,88,125,35
47,144,112,142,67,18,140,146,64,5,62,19,99,3,129,135,29,70,25,116,9,133,34,16,141,98,71,54,56,51,73,124,72,45,138,80,15,28,83,57,137,38,26,115,30,143,148,86,77,106,46,90,139,97,53,123,14,4,1,104,79,76,149,24,20,49,92,145,13,50,7,52,93,8,105,39,109,42,118,125,136,127,69,68,0,44,22,119,23,17,111,121,6,94,41,85,132,114,37,31,101,117,21,61,58,103,88,10,48,147,89,122,78,134,74,107,110,33,65,81,43,84,66,130,128,75,113,126,59,36,40,32,102,100,91,63,87,35,82,96,60,95,11,108,12,2,131,55,27,120
102,60,61,105,1,131,25,80,98,145,81,22,78,141,147,143,135,43,111,87,125,67,130,56,0,29,47,127,11,89,27,142,100,58,57,79,31,38,19,118,64,69,72,12,121,140,95,139,20,124,112,7,109,40,41,132,75,94,6,120,144,123,129,86,136,24,138,116,28,42,3,108,52,76,82,33,54,103,91,62,146,137,134,16,85,110,104,55,26,114,126,23,8,73,92,49,90,2,4,74,148,50,77,93,133,63,83,122,21,96,51,59,115,30,39,117,71,17,18,66,44,119,128,113,46,34,35,88,84,70,9,15,68,65,36,13,97,149,10,37,45,99,48,107,106,101,14,5,32,53
104,16,93,62,137,24,54,146,44,51,48,106,7,22,26,23,89,148,142,55,61,131,91,49,45,109,1,14,33,141,63,19,97,88,127,120,144,76,40,70,28,130,58,112,4,113,86,8,35,3,75,98,65,134,123,110,47,143,126,139,147,90,52,83,20,10,118,80,133,53,82,95,6,68,15,114,0,50,128,60,103,43,29,122,100,96,149,99,102,9,74,136,41,38,42,121,129,37,66,11,59,117,94,87,84,124,2,92,34,13,25,69,17,85,145,107,111,46,39,81,116,5,73,64,77,79,101,138,140,57,56,72,21,108,27,12,119,31,36,32,105,132,115,67,125,78,18,135,71,30
62,21,13,141,56,27,92,114,133,46,69,60,10,76,103,73,12,96,108,145,71,7,126,75,19,127,139,91,50,84,125,48,146,110,107,109,102,136,98,33,113,43,117,132,124,137,57,51,90,111,83,49,115,41,54,86,53,99,59,68,8,28,63,37,14,100,29,45,88,129,72,65,22,128,17,120,16,134,94,147,30,39,36,26,5,144,148,58,66,67,95,18,130,119,74,23,101,3,64,0,135,20,131,2,4,70,61,11,78,44,106,85,34,15,25,112,93,143,142,32,149,118,79,81,40,52,1,105,6,80,31,87,123,47,122,140,116,9,24,97,38,82,104,35,138,42,55,121,89,77
42,129,114,6,103,77,148,40,48,17,93,29,113,120,134,8,88,133,110,20,61,3,59,19,105,111,76,80,117,13,87,15,50,86,64,98,107,90,35,96,65,37,56,58,104,127,75,34,91,12,33,32,5,53,43,95,79,106,124,46,10,41,141,83,89,125,57,51,38,128,142,45,78,72,2,55,101,108,136,149,63,0,94,122,74,67,11,135,146,102,130,121,27,7,138,112,16,81,119,30,92,54,47,84,97,143,100,26,85,22,21,18,145,68,14,25,118,109,36,49,44,132,52,73,139,137,123,39,28,71,126,60,23,70,144,116,147,1,115,24,66,31,140,9,131,69,82,99,4,62
119,144,139,56,53,78,115,45,88,89,31,83,116,19,101,91,134,54,60,118,27,61,106,42,86,11,137,62,124,87,64,110,141,82,28,35,97,130,74,79,26,117,46,68,126,41,114,81,36,105,123,29,140,136,52,25,0,4,104,99,32,7,30,15,51,2,39,131,93,9,75,129,145,84,146,113,108,33,23,6,22,102,20,90,69,149,135,48,49,13,128,138,147,16,38,77,95,47,70,107,71,122,96,1,14,109,98,72,111,17,148,24,121,80,5,94,63,100,85,34,125,142,12,50,40,65,133,92,3,132,58,143,67,57,76,8,127,44,55,112,37,66,73,10,18,43,103,59,120,21
146,132,136,66,37,104,135,149,75,22,7,14,87,119,28,34,109,41,2,55,10,42,18,45,63,0,129,112,143,91,33,69,113,105,86,17,115,59,58,96,106,24,116,79,77,1,49,144,134,68,131,46,147,123,54,11,81,126,19,117,73,141,88,89,90,9,23,38,148,138,142,36,57,76,82,94,60,108,101,20,43,64,110,122,93,84,44,102,29,50,30,99,53,62,31,12,56,127,83,61,95,137,125,100,48,80,52,114,67,78,8,51,74,92,103,111,121,39,4,72,140,5,118,71,47,145,25,32,27,16,40,70,15,124,6,120,97,139,130,35,21,133,107,85,98,3,128,13,65,26
69,50,45,24,0,128,30,63,119,3,73,59,120,87,25,83,140,107,21,4,117,64,112,49,137,55,91,68,80,113,18,144,124,121,48,37,145,76,97,35,148,115,38,10,72,84,39,138,34,132,56,142,96,101,127,62,51,15,11,92,13,94,42,79,27,29,32,85,61,109,111,17,54,130,99,81,26,135,36,22,9,103,89,147,149,136,122,146,2,95,20,118,98,65,6,123,66,58,31,19,74,108,60,7,116,105,70,102,106,52,129,67,139,131,53,71,41,114,104,5,46,28,143,125,100,23,110,141,16,14,88,33,1,12,134,47,40,133,44,77,82,75,90,126,57,8,93,86,78,43
93,92,87,58,16,25,97,112,134,32,64,41,113,44,10,40,108,45,141,135,61,91,100,138,82,59,148,90,101,23,115,75,130,105,73,48,102,34,144,13,31,54,131,39,132,62,80,29,139,65,110,14,104,86,30,11,145,43,56,46,98,37,147,1,127,70,6,57,88,5,22,55,123,68,52,9,83,143,114,42,96,69,126,124,106,17,119,8,3,117,12,33,77,120,35,76,72,36,125,149,63,20,95,128,38,53,146,103,94,60,85,109,21,27,18,107,99,7,79,4,24,67,129,140,19,0,71,74,137,84,78,142,47,15,136,118,50,111,28,51,49,89,121,26,2,81,116,122,133,66
27,71,80,11,40,63,93,77,96,130,12,23,21,95,112,127,78,140,148,17,84,111,47,107,133,99,19,131,28,91,2,24,142,50,128,64,68,114,16,74,56,41,94,113,81,143,141,52,51,139,67,123,22,34,85,98,29,54,32,20,117,18,13,135,36,46,87,110,79,144,30,26,66,25,76,1,101,89,83,124,0,120,73,129,88,6,49,55,38,60,42,48,147,149,82,31,132,10,69,138,122,4,86,104,57,62,136,15,33,103,7,70,45,145,44,14,53,9,75,97,146,126,92,115,108,102,58,59,106,119,61,8,134,5,39,100,35,109,72,43,118,125,90,105,137,3,65,37,116,121
63,12,96,142,143,42,134,11,17,9,135,85,93,98,129,106,127,117,116,69,122,84,144,14,95,60,147,46,120,126,33,47,80,39,10,111,54,61,7,81,68,49,92,29,73,53,131,38,1,113,109,57,19,139,94,101,114,21,79,51,30,56,34,118,124,88,119,45,76,41,27,44,133,146,90,87,71,125,2,8,132,145,103,43,108,75,86,32,100,104,70,58,121,64,55,35,67,22,83,107,112,137,110,148,6,97,77,40,0,48,36,128,5,62,25,18,105,72,66,130,74,78,140,89,136,37,115,15,82,99,149,24,102,138,28,20,65,13,59,16,91,4,123,50,3,23,31,52,141,26
51,97,118,28,64,133,83,110,129,30,72,81,43,33,120,78,109,114,143,65,14,22,34,140,71,149,53,16,77,92,59,46,145,76,123,3,58,106,100,107,137,54,79,122,82,85,139,93,50,26,125,19,1,0,68,128,80,41,55,62,57,73,6,2,74,61,108,87,75,36,9,24,141,18,49,52,8,44,42,25,39,146,115,7,20,121,101,105,67,96,91,131,21,70,130,12,132,15,127,10,48,4,84,119,94,124,31,29,90,99,23,56,135,69,37,89,117,144,102,88,13,104,27,111,60,45,148,112,11,134,147,47,126,103,86,17,136,32,113,35,5,95,138,98,142,38,66,116,63,40
25,136,148,41,1,14,99,118,71,144,133,138,35,92,67,121,87,97,48,126,58,77,59,82,142,34,10,104,26,11,17,75,110,101,145,19,9,39,57,28,84,46,70,106,76,100,143,108,127,141,98,64,111,80,120,68,7,44,6,79,83,13,40,131,62,119,74,32,22,63,33,134,85,5,38,146,139,103,123,30,94,56,81,52,149,105,27,36,24,132,2,15,69,12,8,86,50,60,73,109,147,137,91,61,114,93,107,128,116,96,72,130,78,51,0,37,3,95,42,122,16,88,23,43,124,125,45,117,135,66,4,21,53,55,29,49,90,112,31,115,54,65,113,89,18,102,129,140,47,20
19,115,128,127,8,142,112,131,84,30,72,66,14,44,103,109,55,124,94,16,78,88,3,74,91,67,144,58,40,134,65,118,132,35,102,137,75,82,139,22,110,97,45,140,32,99,2,98,13,39,28,51,54,148,43,92,80,125,87,101,23,129,29,56,38,117,48,79,42,70,0,77,7,90,122,27,100,145,93,5,63,76,9,60,25,111,6,105,47,138,89,18,120,133,147,36,21,130,53,86,10,107,59,83,61,17,46,141,136,64,26,52,108,149,119,12,121,41,1,11,114,68,71,85,146,123,73,20,143,135,33,24,81,15,126,37,69,49,57,95,104,31,50,96,116,4,106,62,113,34
116,142,4,40,59,12,46,84,8,63,50,119,144,140,18,112,64,122,99,9,76,73,32,94,71,49,81,69,100,121,103,31,72,7,5,108,118,89,101,68,53,66,55,36,15,86,45,114,21,136,139,107,44,42,109,33,83,93,96,20,51,41,3,10,58,34,54,97,77,131,92,80,135,137,143,6,132,98,128,95,22,123,74,125,127,37,2,115,67,90,70,75,24,62,85,61,134,91,57,14,87,39,16,126,147,65,29,0,124,130,35,102,149,106,129,138,117,104,141,145,25,133,82,11,111,1,105,27,88,60,78,110,30,38,19,13,120,48,47,23,52,113,26,79,17,146,28,43,148,56
7,83,18,70,10,47,67,90,38,93,85,36,62,5,126,29,37,97,122,35,3,112,34,120,31,128,118,6,117,71,99,87,108,129,57,127,8,124,43,40,114,11,64,50,25,77,32,111,15,91,22,56,88,53,55,23,96,121,113,132,107,123,46,106,137,78,94,20,30,49,72,14,9,16,76,81,42,84,51,59,92,148,131,146,73,100,65,17,74,134,116,143,98,105,41,1,133,66,63,61,26,144,60,68,135,82,145,58,109,0,27,69,21,52,147,28,33,102,79,89,2,104,103,136,101,4,44,12,80,119,45,138,75,13,115,86,142,54,141,130,125,139,39,110,140,19,95,48,24,149
6,138,132,143,69,25,127,28,24,115,41,130,86,109,119,103,66,12,63,74,81,80,110,75,7,42,17,51,56,78,2,11,20,97,139,85,128,61,108,50,113,137,144,126,1,121,35,112,114,37,10,47,52,90,91,101,22,57,49,99,38,8,140,62,46,72,102,19,141,0,107,27,83,105,45,136,149,124,29,118,68,59,104,33,31,34,92,117,71,32,82,60,21,134,100,123,98,18,96,87,53,44,13,125,145,95,133,148,131,30,76,54,135,67,64,94,79,15,70,129,58,48,77,55,3,36,120,65,147,106,14,4,122,23,43,39,84,40,89,9,88,111,116,93,16,26,5,146,73,142
125,76,7,120,70,80,26,58,68,131,21,121,90,36,139,74,24,16,119,34,64,65,129,140,8,83,42,12,18,126,61,14,78,2,37,5,73,100,95,13,50,40,75,10,32,72,132,54,84,6,67,22,106,31,45,3,133,122,97,146,91,28,60,82,57,96,112,29,77,19,128,11,88,103,55,4,148,79,62,81,92,108,30,51,149,138,104,39,43,134,99,52,86,35,147,102,38,9,137,110,17,111,27,98,144,89,113,115,59,135,141,41,47,116,44,23,85,142,71,145,69,20,123,1,66,143,101,56,109,87,93,63,15,49,130,105,25,46,117,33,107,136,124,48,118,0,127,53,114,94
27,83,137,23,93,136,9,20,109,11,73,145,111,90,106,89,104,128,5,134,140,74,31,118,66,45,110,63,116,41,99,132,133,44,24,34,103,92,76,15,123,21,139,69,56,141,64,135,126,113,77,129,142,87,144,36,91,12,42,94,30,14,46,72,19,95,79,65,52,82,0,59,146,58,119,112,131,33,121,50,124,101,148,26,18,37,17,85,53,22,75,108,78,54,8,68,29,48,143,13,3,39,81,114,43,127,47,97,28,122,62,138,96,117,125,67,86,102,6,71,98,60,49,70,100,61,107,38,25,55,105,10,147,130,16,2,88,120,80,7,57,32,84,35,149,40,4,115,1,51
139,107,111,134,85,55,56,60,57,128,89,71,11,105,74,93,81,35,45,143,112,108,136,46,92,68,69,109,149,0,115,59,104,73,40,94,101,30,24,28,13,65,131,63,37,127,14,58,44,110,18,137,98,47,88,133,117,67,21,114,49,116,80,87,39,41,16,95,53,9,23,36,145,64,86,8,19,10,135,25,38,62,144,72,51,106,5,126,70,82,118,99,142,129,100,132,17,90,66,54,1,42,78,20,141,61,52,113,27,79,96,77,2,148,138,140,147,120,15,33,4,32,22,97,29,34,50,12,6,122,91,103,76,124,146,130,48,75,83,26,7,119,3,43,102,84,121,125,31,123
16,108,136,148,113,132,34,68,33,83,51,21,98,128,64,72,131,110,44,10,15,119,26,127,140,147,89,60,118,130,76,120,47,50,62,75,115,35,88,61,59,87,111,103,74,133,48,46,122,71,67,114,123,105,49,28,73,121,112,70,92,6,100,146,125,90,129,141,63,86,144,25,40,27,116,36,82,20,29,39,109,11,9,94,124,24,42,8,52,65,99,142,13,95,18,97,41,12,85,66,126,149,135,32,143,96,37,78,53,3,101,79,137,17,31,30,81,2,57,77,45,7,38,84,54,4,1,19,145,0,14,69,80,58,55,91,23,117,139,134,22,43,102,93,107,56,106,5,138,104
61,45,80,19,128,27,99,79,49,40,58,65,25,105,10,33,37,11,9,1,124,127,29,55,31,64,30,20,133,36,141,143,146,72,50,67,107,16,111,73,8,100,54,94,39,88,115,77,120,119,75,130,42,4,89,135,76,142,87,98,83,38,74,7,53,117,57,69,122,104,43,116,41,102,109,46,140,138,126,66,5,44,82,129,108,123,148,97,91,12,136,149,78,18,71,62,68,17,137,114,63,21,48,110,81,125,26,139,60,70,96,13,2,32,24,59,144,51,132,121,23,147,14,15,47,101,106,35,34,85,84,86,134,93,131,0,52,56,22,145,90,6,92,103,112,3,118,95,113,28
96,14,34,113,114,140,93,135,16,70,28,109,137,3,39,17,48,90,139,38,46,118,92,97,80,141,128,119,130,42,2,98,91,63,104,62,117,11,85,57,134,115,83,66,126,1,86,61,9,136,81,0,64,87,99,101,127,76,21,52,146,129,110,94,45,6,149,106,15,33,37,68,147,51,84,32,54,25,8,7,124,107,138,67,82,19,132,120,72,40,41,143,123,55,60,133,75,47,125,26,5,24,29,13,50,31,56,105,58,77,49,112,18,44,71,23,59,100,89,27,116,103,145,102,53,73,78,20,148,69,10,43,122,88,35,22,74,36,131,30,111,4,108,121,95,65,142,12,144,79
75,145,28,27,142,62,100,114,25,127,117,107,30,14,22,91,92,138,131,70,141,42,135,89,57,4,85,12,72,87,88,9,144,124,7,97,105,59,23,63,99,134,20,78,65,95,18,17,132,101,3,116,76,125,137,45,104,69,35,47,83,40,49,140,143,15,71,56,58,11,8,37,43,52,110,130,5,74,148,102,24,106,19,98,126,120,133,119,84,41,80,10,73,147,111,36,115,129,146,60,112,123,68,93,82,50,79,136,26,86,16,128,13,113,53,67,64,77,29,90,149,39,94,51,81,38,44,66,139,2,0,55,108,21,54,6,46,122,103,96,34,33,61,31,121,118,32,1,109,48
56,87,38,110,140,133,15,42,78,65,81,146,121,55,28,1,131,30,6,26,45,111,77,141,51,19,143,49,67,100,136,7,70,32,127,119,99,112,33,118,54,85,52,89,17,72,106,41,40,74,75,97,116,29,47,108,122,9,37,103,59,58,64,68,114,129,137,84,115,80,101,76,10,18,3,132,22,128,44,35,20,138,27,57,25,14,90,66,5,125,145,86,94,102,123,60,4,31,73,134,23,95,139,149,21,98,105,62,50,24,13,0,148,63,126,96,69,36,142,61,130,92,144,104,12,83,71,46,91,48,11,93,120,147,109,53,113,43,117,88,79,107,124,82,39,2,34,8,16,135
102,72,114,130,110,56,67,30,35,139,24,54,44,42,69,145,143,148,63,135,111,31,5,58,87,1,115,10,0,81,96,68,78,57,25,116,144,76,28,50,18,9,147,129,122,34,94,15,91,137,36,134,103,140,100,8,101,120,27,45,73,85,39,107,88,86,82,62,41,13,149,48,141,136,128,108,17,138,46,16,11,133,97,61,80,126,95,64,112,124,119,79,22,99,75,55,92,105,52,98,3,84,89,53,83,77,106,146,37,47,74,29,113,6,43,127,51,70,66,104,14,90,125,132,2,40,21,7,118,20,71,117,38,142,60,33,49,109,4,19,23,121,12,26,93,123,59,65,32,131
108,121,34,30,106,38,148,45,132,58,88,78,113,5,56,13,82,117,98,23,65,51,103,128,130,24,59,143,1,77,134,91,0,3,122,39,101,140,52,36,7,27,136,120,8,116,112,76,89,61,16,48,22,72,33,137,87,19,138,74,49,10,60,79,149,47,97,53,83,64,21,69,20,32,6,127,114,123,70,63,25,142,139,111,81,40,42,43,107,37,66,125,146,71,90,41,73,144,86,46,109,62,95,68,57,85,131,80,118,126,105,115,141,15,92,94,2,84,99,12,96,93,50,29,26,102,18,110,145,14,4,54,124,55,67,147,28,75,100,17,31,135,119,9,35,133,44,11,129,104
24,61,73,120,21,58,14,59,33,54,18,129,116,60,119,126,101,149,92,7,127,103,84,22,87,96,144,145,89,48,130,35,114,19,44,20,34,31,10,0,142,135,83,123,4,16,30,122,140,13,1,3,8,74,53,139,72,64,62,77,85,111,110,90,11,99,23,97,95,75,94,133,98,112,138,36,82,67,128,108,43,93,76,9,12,28,137,81,27,68,136,86,37,115,134,45,121,109,100,117,148,106,17,42,104,80,91,79,143,29,26,51,39,131,69,50,63,113,70,5,32,146,147,47,49,40,124,102,6,107,78,132,105,118,46,55,88,71,57,15,25,125,65,52,56,41,141,2,38,66
69,15,128,47,76,14,31,16,93,1,117,40,106,28,41,110,5,145,7,119,118,29,20,149,45,107,105,147,78,37,70,81,32,83,66,43,56,109,144,55,13,96,30,91,148,88,59,38,26,138,80,116,142,64,121,101,10,33,72,51,89,95,146,136,46,79,123,140,34,35,39,99,141,52,85,100,65,3,11,68,48,108,126,58,63,4,6,60,73,44,111,92,98,124,62,12,103,125,130,54,97,74,18,115,19,2,71,9,86,143,84,53,134,22,82,75,135,102,127,90,94,17,129,77,139,87,27,49,120,112,131,104,122,36,67,61,42,21,50,113,137,23,0,8,24,57,25,114,132,133
149,74,114,36,20,136,131,83,143,126,129,70,119,117,5,134,3,141,62,58,128,41,12,51,77,100,89,60,32,22,38,82,76,106,69,31,142,101,87,44,9,88,115,110,95,85,56,42,63,105,52,16,8,14,1,23,11,64,6,139,48,34,122,17,144,2,53,146,140,68,86,137,90,4,148,91,135,21,35,54,61,109,99,75,13,15,145,147,33,97,125,37,94,78,123,121,30,25,57,59,73,43,19,118,108,67,92,132,102,127,45,112,46,10,138,107,71,55,79,81,111,50,49,104,124,133,24,103,0,116,72,80,7,113,28,39,47,18,26,93,84,27,40,96,66,65,98,29,120,130
107,1,93,79,39,46,134,149,127,67,0,139,114,115,60,140,99,143,11,31,68,81,21,24,144,3,82,147,47,40,50,52,111,110,101,27,141,86,66,26,20,58,121,145,131,120,29,109,73,117,36,132,28,142,124,4,12,33,69,22,133,89,108,71,116,70,100,56,37,105,136,16,25,7,15,122,106,9,125,44,38,90,148,113,54,126,51,98,102,13,30,72,76,119,84,103,49,94,129,41,61,17,5,6,48,80,128,83,62,78,146,8,2,91,57,118,18,123,87,96,97,104,53,85,59,63,35,14,74,65,75,43,45,32,95,130,42,10,77,112,138,23,19,64,55,88,135,34,137,92
112,12,3,8,113,134,26,122,58,53,62,94,139,125,23,54,145,87,47,117,149,60,140,46,28,76,18,59,110,84,24,39,96,144,77,100,51,61,142,116,36,69,147,101,109,81,124,128,106,31,129,119,25,10,72,126,43,16,74,118,22,41,93,6,148,146,32,137,130,33,73,40,105,68,99,135,120,115,35,19,141,102,2,44,79,13,64,89,67,37,29,136,65,88,132,97,75,82,7,83,48,80,38,108,114,63,133,15,52,50,85,57,107,55,34,95,103,138,71,11,9,20,104,27,131,90,123,4,121,21,66,111,0,92,45,56,127,70,86,14,78,30,1,143,5,91,17,49,98,42
84,109,20,72,67,42,142,93,4,8,139,15,87,115,76,7,88,50,80,3,123,34,12,35,117,36,0,49,53,132,98,116,52,149,24,62,47,2,100,69,89,83,74,105,66,137,45,111,61,85,68,39,118,122,81,71,70,65,106,143,86,59,21,110,10,64,90,26,97,99,113,101,29,32,104,125,58,146,144,23,46,16,82,13,96,124,57,11,130,108,102,48,44,119,107,31,141,112,38,51,63,145,140,22,37,128,77,18,6,95,120,27,19,14,17,92,114,60,126,121,147,131,30,25,55,75,78,129,1,148,135,43,41,28,56,133,91,73,94,40,103,127,134,79,138,54,136,9,33,5
8,124,18,61,95,35,143,103,135,17,147,86,15,4,41,129,44,87,57,105,50,80,29,82,73,51,40,74,59,63,102,134,78,22,27,60,140,142,111,54,34,149,85,11,37,109,6,62,131,137,36,119,100,53,88,90,96,79,28,48,106,52,127,23,9,31,45,5,10,91,65,69,26,132,67,2,71,46,83,128,1,3,117,138,55,101,93,144,81,112,104,97,121,19,32,120,123,133,108,64,136,125,56,33,7,118,116,84,24,89,126,99,20,77,92,70,75,47,38,94,76,115,58,141,39,72,25,42,114,49,13,30,66,122,110,16,113,148,12,130,14,145,43,68,98,0,21,146,107,139
139,117,14,41,94,71,137,11,108,143,24,96,93,32,49,114,97,119,88,138,27,131,128,47,65,118,33,55,73,146,31,78,126,83,4,77,141,107,58,123,53,124,69,113,86,59,92,60,2,46,22,98,103,56,84,147,130,120,81,38,95,140,17,45,115,142,42,72,20,68,43,74,109,16,61,99,62,51,105,35,111,91,19,82,101,144,125,75,79,29,1,34,10,57,63,23,15,136,13,134,106,26,112,0,121,8,7,28,50,87,129,44,102,80,30,3,5,52,145,90,104,76,85,54,135,40,89,70,37,122,110,148,100,9,67,18,36,21,116,127,25,132,48,6,39,12,64,149,133,66
62,59,116,18,57,78,5,54,140,125,65,118,63,2,61,0,148,64,85,12,121,27,83,96,7,139,147,20,70,108,76,88,39,115,55,10,22,111,40,132,129,102,133,82,21,110,120,74,8,145,14,100,107,101,19,29,50,98,95,135,127,138,92,136,41,60,137,34,103,47,24,15,117,45,33,104,3,119,16,23,106,97,69,9,43,30,86,90,38,28,77,124,144,80,149,75,113,48,99,130,122,84,37,93,51,11,36,67,143,32,73,126,146,25,81,112,52,53,46,4,1,91,123,72,31,66,68,131,114,109,13,35,26,6,42,134,89,141,44,142,58,128,87,56,49,71,94,105,17,79
78,30,75,25,76,28,65,142,148,16,99,0,101,128,140,60,77,1,53,104,130,19,74,106,137,2,112,58,115,145,11,36,70,96,138,22,40,35,15,131,37,47,24,66,84,97,12,9,31,87,61,68,81,80,89,136,51,20,114,8,147,17,91,139,23,110,45,105,43,141,86,39,118,14,42,107,57,49,82,34,63,33,113,13,32,69,149,108,18,100,67,29,46,146,79,55,125,135,92,120,133,102,103,116,126,62,143,44,144,7,6,83,56,93,111,64,10,52,123,127,117,95,85,132,129,71,21,90,109,94,122,27,48,119,41,72,134,121,124,88,54,73,59,50,5,98,26,3,4,38
45,33,137,122,127,39,94,112,6,113,142,107,65,61,88,30,60,79,36,59,55,20,82,128,98,78,52,131,126,139,26,32,51,103,69,120,47,130,53,100,111,67,80,44,43,74,146,95,34,132,85,141,90,123,7,11,64,70,58,24,19,101,134,121,93,9,71,104,37,21,115,22,14,40,125,135,23,18,56,119,96,72,29,31,41,17,108,35,89,84,109,12,99,77,2,25,136,73,4,116,145,110,5,143,102,38,42,117,75,87,10,149,140,124,133,129,50,66,13,92,148,63,0,15,138,1,48,147,105,8,68,114,144,54,3,46,83,86,106,28,81,57,76,62,27,16,49,91,97,118
133,132,146,84,5,35,15,139,94,74,122,136,30,100,56,121,2,76,1,118,81,28,6,87,49,23,3,37,31,130,21,78,89,17,111,54,10,90,86,8,69,34,83,91,44,80,26,125,38,64,114,62,140,93,20,99,67,95,149,58,148,22,27,55,104,135,116,63,16,19,82,4,137,11,85,46,147,117,127,134,59,14,112,97,107,45,72,123,60,70,50,119,40,120,141,68,129,102,65,128,47,13,115,41,126,48,43,61,66,106,12,7,33,25,42,109,73,39,9,96,98,92,18,51,113,53,105,0,110,124,52,29,101,24,108,36,103,71,88,145,142,143,57,79,131,32,75,144,138,77
29,17,136,94,96,111,121,46,92,10,35,108,146,126,77,100,67,6,34,143,63,75,71,82,145,43,8,107,99,30,129,55,97,20,15,52,88,106,144,11,4,61,118,0,32,38,127,16,87,132,141,138,1,24,93,125,115,37,137,142,124,135,7,5,86,128,70,65,18,22,72,66,51,9,79,133,23,73,98,130,85,110,21,19,53,60,95,2,58,81,27,139,41,74,84,69,123,33,89,68,140,12,39,149,90,119,47,56,116,120,14,31,3,57,147,45,54,105,36,76,42,104,49,25,131,113,80,13,50,122,103,64,40,62,44,148,26,117,134,28,48,101,83,102,59,109,112,91,114,78
136,51,35,88,77,117,41,19,44,91,23,59,61,28,97,143,132,145,74,131,27,13,69,138,9,29,53,148,11,118,75,79,20,62,68,45,58,137,85,104,89,113,72,33,142,144,3,96,38,42,124,120,149,39,80,133,32,4,73,111,65,116,134,103,16,126,82,99,84,115,2,123,78,60,63,26,5,146,101,12,8,31,48,49,15,129,7,70,56,52,66,55,40,100,112,94,0,106,18,54,50,10,81,141,34,122,139,130,92,121,87,37,6,125,17,83,119,127,47,114,64,95,36,71,57,135,110,21,1,30,86,90,108,46,14,105,140,22,109,147,93,98,24,67,76,25,128,107,102,43
0,104,83,137,41,7,95,21,125,17,33,141,108,149,112,136,48,24,70,116,128,67,80,26,118,51,106,68,76,120,30,146,25,36,110,102,22,50,139,13,40,44,6,61,55,114,130,54,35,111,74,140,143,9,84,77,94,46,62,135,71,57,78,16,81,56,122,64,91,124,42,133,73,39,29,34,14,59,138,49,99,11,93,129,47,89,60,18,92,3,107,32,12,20,52,109,15,90,19,87,75,23,86,66,79,63,132,69,145,101,117,4,121,144,65,134,53,126,58,148,97,27,127,96,10,100,1,131,37,43,88,85,113,119,98,82,105,8,5,72,147,2,45,38,123,115,103,142,28,31
142,139,61,92,4,32,38,77,79,112,17,31,130,134,1,54,110,85,109,126,113,111,132,25,21,12,63,56,34,41,80,66,48,3,104,73,28,101,90,117,83,120,102,67,136,70,64,128,82,43,57,69,51,65,96,121,124,52,58,94,138,33,133,47,147,55,8,27,7,6,50,36,148,23,42,74,16,45,115,145,114,140,119,108,143,60,49,24,78,129,105,76,46,14,116,146,100,5,84,26,93,87,149,68,88,20,2,30,29,125,75,131,95,135,10,97,81,144,86,89,9,127,141,37,15,107,18,123,11,35,62,59,13,44,106,72,53,39,122,0,40,98,118,99,91,19,22,103,137,71
22,127,68,93,132,117,35,103,39,7,20,133,37,60,79,52,121,147,19,3,47,67,145,65,77,64,46,113,134,92,85,21,18,53,74,25,95,29,24,81,112,94,40,54,100,4,9,48,61,63,96,70,10,49,114,124,140,87,38,123,11,102,69,66,88,62,138,136,116,58,72,126,6,107,27,45,80,143,141,97,36,43,98,55,73,119,120,86,1,12,71,122,90,82,137,13,130,78,16,23,30,28,2,125,56,142,111,115,106,149,99,51,131,14,5,32,42,26,144,59,146,17,104,128,129,15,139,75,110,135,109,83,0,148,105,33,84,108,101,91,76,31,8,50,118,41,89,57,44,34
106,3,88,112,124,41,14,1,149,86,45,4,74,15,11,127,25,134,62,130,64,126,122,66,104,108,72,40,123,96,6,95,75,52,2,120,70,0,132,142,56,13,125,84,115,63,118,143,116,102,93,148,7,146,145,71,83,91,82,69,92,19,117,49,42,89,35,85,68,129,107,55,80,121,78,60,144,9,51,73,90,28,59,53,111,103,140,16,110,135,136,34,98,27,47,43,94,29,100,79,137,20,119,109,81,77,46,141,21,128,113,54,67,5,23,12,39,37,76,101,65,99,17,31,138,97,57,48,131,38,139,33,8,10,26,22,147,36,58,133,30,114,44,87,24,32,18,105,50,61
101,48,69,106,25,11,149,87,40,34,47,68,20,50,107,138,104,100,31,10,32,112,86,92,145,60,18,52,3,122,81,114,76,121,58,116,56,42,22,93,67,144,46,111,17,27,72,6,80,51,43,79,134,82,70,64,102,13,85,109,126,95,103,88,110,62,75,115,5,71,120,30,143,137,45,49,21,132,1,130,105,59,73,83,117,65,136,26,66,41,78,91,124,140,125,29,133,108,99,8,141,37,33,9,57,89,127,90,61,12,63,7,35,0,129,97,74,84,19,15,4,39,36,119,123,2,54,94,128,53,148,14,44,146,55,118,139,96,23,147,131,98,142,113,77,28,24,38,16,135
110,13,145,63,113,146,20,79,53,98,60,37,57,22,70,15,96,26,42,16,30,66,69,68,134,75,29,88,82,133,62,109,77,65,59,107,2,47,12,112,115,104,25,45,44,50,140,38,51,32,49,119,8,7,138,124,28,90,73,111,1,39,46,72,116,132,48,64,95,81,58,31,10,114,125,40,18,93,74,131,41,3,103,54,122,24,71,43,108,91,86,97,136,149,4,130,139,67,0,56,102,94,78,117,129,84,148,27,34,121,85,61,19,142,120,23,17,135,128,33,143,141,105,9,21,11,137,35,76,36,147,92,89,5,144,6,55,100,52,14,80,118,101,87,83,123,106,99,126,127
94,121,135,100,38,62,41,20,142,96,124,139,27,9,130,101,129,106,70,55,145,119,44,60,86,6,56,133,134,122,48,33,128,45,104,40,82,64,148,24,91,25,117,30,4,26,37,53,14,5,3,31,10,110,51,83,19,140,34,125,46,109,102,90,68,80,116,105,136,95,137,17,149,118,88,58,97,127,57,84,63,50,75,8,16,54,65,72,89,22,47,77,36,144,32,131,69,138,74,147,11,29,93,87,92,71,98,103,23,76,114,115,112,61,15,28,18,12,143,113,52,126,85,66,1,120,7,78,59,132,43,146,67,99,42,73,21,49,111,123,107,108,2,35,39,0,79,81,141,13
55,133,106,115,123,96,114,58,33,99,120,79,46,109,37,23,77,86,83,148,91,18,7,118,56,22,34,124,105,144,44,26,10,53,139,2,59,145,20,131,81,29,69,4,6,31,137,13,104,112,135,80,50,122,21,103,132,32,9,111,49,129,130,87,141,27,74,52,84,119,90,57,97,42,61,127,16,142,70,1,138,101,54,11,110,125,108,8,73,92,75,88,149,126,30,41,19,47,35,93,48,98,36,71,78,63,143,85,43,66,89,68,14,45,64,3,12,60,65,100,140,95,146,25,136,5,62,76,147,134,94,24,128,17,117,121,39,107,113,38,0,67,51,116,72,102,82,28,15,40
6,31,77,19,134,37,5,141,146,88,138,113,8,100,11,91,90,50,135,4,30,42,95,34,49,33,14,119,79,38,93,55,81,1,106,103,28,86,70,105,29,102,101,15,117,58,41,99,25,94,82,128,54,71,136,63,48,65,62,130,112,23,98,104,12,16,17,40,0,87,124,27,53,72,43,74,66,22,139,107,85,45,36,39,129,148,111,56,52,126,59,118,76,44,7,140,110,51,145,21,92,109,10,127,149,60,35,20,73,120,142,132,114,24,147,9,67,69,2,75,32,137,122,144,26,46,83,97,64,84,57,131,61,115,96,143,108,47,125,13,80,3,68,78,123,18,89,133,116,121
75,79,74,66,69,142,45,145,104,98,68,24,9,40,18,101,136,124,99,10,140,85,28,61,14,46,77,15,110,115,7,92,42,95,65,133,90,2,117,108,88,39,60,94,41,100,127,125,0,130,73,106,3,13,57,122,120,144,109,135,82,119,70,121,31,36,86,97,84,48,128,112,72,62,143,102,93,71,54,25,147,59,35,22,23,103,34,134,1,81,12,4,37,139,27,20,129,5,16,38,63,30,105,33,146,76,47,148,26,43,29,21,118,55,123,116,89,141,80,44,52,113,111,114,67,138,149,53,78,58,6,11,19,17,50,32,132,87,96,131,64,91,56,51,107,137,126,49,83,8
140,20,76,27,74,111,57,68,113,69,35,72,105,53,41,45,59,95,108,97,106,19,110,7,0,17,94,67,18,34,13,143,103,98,93,129,44,88,71,47,77,81,30,70,4,21,82,107,90,60,48,40,123,37,26,1,142,29,62,102,130,61,10,100,32,12,49,80,138,16,127,75,133,66,83,112,56,8,25,116,14,42,73,58,54,109,50,146,101,6,132,5,39,3,89,91,51,121,28,15,87,65,79,117,52,11,9,145,115,149,84,118,64,136,55,126,135,46,144,92,96,24,38,125,134,137,148,86,119,104,128,63,43,114,31,22,122,2,78,147,131,36,33,120,139,23,85,141,99,124
2,40,38,70,85,30,124,51,118,120,67,84,102,148,66,28,116,114,1,4,52,9,112,29,15,16,130,35,48,12,5,34,69,53,76,54,59,113,127,121,80,90,122,49,101,91,131,119,98,115,68,37,132,36,82,72,41,137,146,144,20,8,11,25,43,31,134,145,94,42,24,105,129,44,138,0,89,6,10,3,97,126,74,139,17,7,99,73,92,100,45,23,83,33,107,79,27,21,87,106,108,58,109,50,95,57,64,26,123,147,141,117,103,19,56,39,71,18,78,14,47,104,63,61,13,93,65,32,86,136,77,55,133,60,81,88,22,143,110,135,142,125,128,140,75,96,111,149,46,62
81,110,132,78,45,42,34,28,146,101,60,26,88,134,112,16,76,92,21,135,106,5,69,124,98,119,139,0,22,27,32,84,51,148,129,107,56,2,67,11,116,46,24,61,130,33,86,38,50,105,15,29,75,118,13,18,147,109,131,40,14,95,23,49,113,111,73,36,89,108,74,43,97,140,94,53,10,128,138,39,122,9,30,91,55,137,41,82,72,47,125,44,4,35,19,133,8,136,93,99,141,102,6,1,103,117,31,66,100,54,104,80,17,57,65,77,3,87,25,145,115,120,7,70,83,20,85,59,64,121,123,63,52,96,62,37,144,48,142,126,58,143,12,79,90,149,114,68,127,71
20,19,76,25,104,141,100,86,18,74,24,146,58,73,3,51,30,63,45,109,93,101,84,82,66,113,72,81,128,130,121,29,98,75,55,102,78,15,149,88,117,80,131,12,122,43,57,118,68,56,31,8,134,79,53,107,125,6,33,36,103,22,143,145,95,10,50,62,85,97,94,139,49,119,92,42,59,64,115,87,124,91,120,35,17,11,133,96,40,137,144,65,46,135,32,13,126,48,108,9,148,21,7,116,83,14,90,26,60,105,138,129,2,67,70,0,123,89,71,132,41,111,77,44,39,136,69,114,140,28,37,5,4,110,106,38,112,34,99,54,23,16,127,47,61,147,142,1,52,27
35,89,24,20,115,133,33,61,142,16,98,77,21,112,103,91,3,18,97,84,147,149,39,99,23,12,47,87,28,11,127,44,25,62,63,54,43,45,104,80,64,146,7,124,26,58,134,6,2,79,107,96,101,70,81,121,119,109,56,27,0,60,128,38,22,114,34,148,69,145,13,135,126,36,108,19,111,52,105,137,125,116,40,67,90,136,144,15,93,9,68,123,118,4,113,73,31,14,117,53,95,100,37,85,131,120,10,59,51,46,66,140,82,65,94,78,92,138,141,102,8,42,17,88,71,106,49,83,122,32,29,110,76,50,55,5,129,143,1,130,30,57,41,132,48,72,75,86,139,74
66,67,73,23,126,21,47,54,65,147,127,143,149,63,110,103,35,24,121,74,132,41,95,90,1,52,83,27,9,99,111,50,22,140,46,129,92,131,138,146,57,109,97,133,148,2,20,15,51,102,71,112,28,76,101,104,85,33,34,86,6,48,84,13,10,49,144,68,45,72,12,93,36,7,16,137,64,105,80,19,78,26,122,60,82,39,17,56,113,142,116,37,139,118,61,70,4,87,141,145,124,59,38,108,107,130,114,123,31,62,98,106,5,43,40,53,11,94,8,135,120,115,81,29,30,75,79,88,100,96,134,117,89,55,32,14,25,119,18,42,125,91,128,44,58,0,136,69,77,3
46,35,88,135,8,139,25,106,145,14,126,136,3,64,118,110,72,83,149,11,146,68,109,16,20,137,148,53,34,4,85,75,101,44,127,59,140,80,21,6,38,86,69,17,104,138,56,74,5,7,95,132,105,147,22,121,31,111,141,33,48,67,133,99,142,1,60,29,37,114,92,27,57,32,128,41,93,39,55,9,87,51,100,91,40,30,134,2,47,12,112,103,84,42,120,97,143,19,125,58,54,82,70,107,76,94,50,43,129,81,36,24,45,13,23,18,79,113,124,144,89,15,115,10,71,122,119,90,96,52,102,28,78,116,117,65,73,77,61,131,62,108,0,98,66,63,49,130,123,26
38,23,135,136,66,45,133,58,107,31,30,57,16,35,65,128,32,62,69,3,90,86,59,74,144,29,36,125,139,49,24,98,134,117,84,26,120,52,106,122,13,118,114,104,137,56,127,123,60,112,41,28,93,73,39,22,37,147,89,17,148,54,7,19,10,14,21,43,25,113,95,146,64,129,142,47,5,124,15,100,110,149,53,42,82,141,0,145,68,115,99,27,50,132,63,92,103,61,96,46,40,8,94,111,18,51,6,34,67,83,91,11,126,2,140,138,55,97,33,20,44,143,131,101,85,79,4,119,102,77,116,48,71,9,72,108,75,105,87,121,1,81,12,78,80,76,88,70,130,109
73,95,125,101,102,83,25,94,80,146,107,143,75,92,32,115,65,46,45,135,22,11,27,51,9,56,0,19,68,37,90,59,89,8,50,31,6,43,118,36,97,139,134,137,140,120,130,69,144,105,103,100,23,111,99,5,13,88,29,30,55,121,126,84,138,93,54,7,124,10,149,60,76,24,133,72,33,104,123,127,4,132,12,49,98,106,108,131,15,64,2,112,109,141,147,57,148,63,48,26,79,113,114,52,35,117,96,66,16,39,41,78,47,82,1,62,3,77,129,86,40,74,53,91,128,38,61,71,67,87,34,145,142,81,42,122,28,58,70,110,44,18,136,14,20,116,21,85,17,119
34,13,0,121,14,30,4,104,138,116,11,120,140,89,43,122,56,114,47,139,80,2,24,42,61,148,125,67,97,147,3,123,81,45,75,108,70,35,72,129,16,33,103,115,134,91,111,20,145,53,26,48,15,90,144,137,41,12,50,49,131,84,86,119,23,18,87,94,25,69,142,10,77,135,102,1,130,149,127,63,51,64,46,52,83,74,85,60,110,55,76,8,7,57,62,146,68,66,109,133,124,100,54,38,32,39,95,112,126,99,78,5,132,143,71,96,22,40,79,19,37,21,28,44,106,6,58,92,105,9,27,73,36,118,29,88,17,107,101,65,98,93,31,59,113,128,82,117,136,141
52,54,28,136,98,29,69,101,130,21,71,66,147,47,100,16,5,109,6,45,26,14,78,76,118,142,7,41,126,141,116,88,33,95,9,120,22,132,93,74,81,49,10,122,64,99,108,50,89,104,110,58,87,97,65,32,59,135,73,119,15,128,11,79,117,0,31,67,51,91,138,44,80,13,62,30,61,103,8,146,115,133,102,148,4,107,134,139,46,82,60,48,75,131,55,112,40,25,114,24,113,17,19,36,123,145,105,85,111,63,1,53,39,42,92,86,57,84,56,72,12,23,90,77,137,125,149,3,96,127,144,38,143,27,106,94,140,83,68,124,20,129,2,34,70,37,35,121,18,43
74,86,9,59,113,8,38,141,25,143,137,54,36,67,52,80,15,23,19,145,94,73,119,138,134,148,93,140,69,108,57,87,91,71,51,4,17,77,60,146,27,105,56,7,139,50,41,22,102,20,107,33,62,133,90,26,34,111,58,10,45,100,35,48,43,81,83,120,82,106,79,149,1,115,13,125,55,53,110,37,129,147,76,103,132,99,18,97,40,68,70,122,14,31,92,5,32,64,29,28,72,118,3,0,96,46,89,135,63,116,61,104,30,11,49,88,109,121,12,24,16,117,101,66,84,126,124,142,114,85,2,131,136,44,95,112,75,98,42,39,127,123,128,144,6,130,65,21,78,47
9,5,20,118,28,140,126,30,149,69,102,61,58,146,86,99,75,59,125,3,64,96,6,88,0,73,32,133,139,81,60,38,101,44,57,90,42,1,148,110,124,43,104,63,14,137,143,147,71,97,100,131,55,37,40,127,17,25,113,108,13,82,2,24,115,12,106,11,134,117,112,54,68,132,129,123,141,10,21,119,80,85,77,53,7,16,122,89,95,34,67,51,79,116,52,66,15,29,92,87,27,114,18,109,62,36,74,33,76,35,56,49,26,78,91,70,121,142,135,105,98,50,128,145,4,111,47,22,83,93,144,94,138,72,23,19,45,107,48,136,46,39,65,31,130,103,41,8,120,84
23,109,25,32,50,26,6,12,69,124,126,145,31,10,11,22,27,89,60,17,94,21,115,29,123,86,98,57,19,37,130,1,110,76,34,118,7,85,46,16,47,138,91,87,45,61,131,140,142,81,127,43,96,90,144,114,3,54,108,136,51,71,5,33,84,133,134,99,116,119,28,63,95,65,149,77,105,125,44,49,121,137,55,40,82,135,75,112,128,52,103,104,80,148,0,35,146,141,39,79,58,48,20,62,101,14,92,68,38,78,66,129,117,59,72,97,132,120,83,4,70,73,93,56,113,18,42,88,24,9,30,8,53,74,64,111,139,41,2,67,122,147,13,100,36,102,107,15,106,143
97,53,66,38,96,117,20,50,48,87,109,78,116,104,29,67,59,45,39,41,47,79,141,68,100,92,113,135,74,122,111,106,60,0,121,119,118,147,73,105,95,5,30,22,12,136,9,75,103,110,34,84,126,91,89,42,99,148,76,36,2,27,3,80,7,131,138,15,57,25,123,115,143,31,33,46,62,130,72,61,120,94,52,77,21,142,149,101,108,26,134,6,125,145,51,85,112,139,144,16,83,37,10,70,14,56,90,93,137,124,4,23,98,102,43,146,140,1,64,40,81,82,88,19,11,107,44,132,28,65,24,63,55,114,54,13,32,127,49,86,133,69,17,128,58,71,8,129,35,18
83,114,129,9,123,34,145,31,46,91,127,38,33,133,35,7,55,64,36,18,40,80,79,113,63,142,57,17,95,120,149,4,69,148,122,90,29,134,2,116,19,96,68,78,22,56,59,65,50,130,86,49,72,53,11,37,41,103,126,106,115,84,140,32,24,121,136,137,20,144,47,43,48,97,60,118,54,100,107,27,117,135,112,16,141,82,45,128,71,39,12,51,87,108,28,25,105,42,21,61,0,99,6,13,76,88,70,131,58,132,75,26,111,8,104,147,138,52,94,98,109,67,101,146,5,1,124,74,89,14,10,15,23,110,139,66,85,93,3,81,143,92,77,102,125,30,62,119,73,44
35,116,14,120,36,57,89,16,101,99,42,102,119,12,147,79,105,41,123,146,106,136,34,7,142,133,85,140,21,55,126,68,97,37,33,31,114,65,121,143,51,108,43,50,8,63,149,49,70,115,92,17,74,139,111,26,69,18,78,15,32,58,103,4,27,109,95,76,131,25,145,125,9,1,59,64,53,144,118,141,98,11,84,135,66,22,96,73,132,107,129,134,127,87,72,47,83,110,71,30,86,20,130,0,5,38,62,88,48,60,10,122,94,2,52,148,91,117,113,82,29,40,80,112,13,138,44,56,28,6,67,54,100,23,19,77,24,45,39,128,137,61,75,93,124,81,46,104,3,90
146,124,111,9,130,98,119,86,82,108,5,107,121,30,38,127,112,69,18,61,43,63,74,134,33,48,62,8,0,12,1,102,6,66,137,83,93,68,2,72,117,60,89,110,115,57,19,27,145,45,147,91,138,37,64,125,32,140,20,34,13,24,104,141,15,101,17,148,22,71,113,59,109,3,56,80,42,79,105,39,136,95,40,65,36,126,16,135,77,58,73,50,44,149,31,75,96,28,85,97,100,120,114,14,116,92,52,41,55,81,122,78,11,25,106,131,51,87,29,90,67,133,70,21,49,144,84,103,143,118,88,76,128,123,99,142,129,4,46,132,139,23,26,35,53,10,94,7,54,47
142,44,65,149,75,141,144,125,39,137,7,116,105,77,47,99,145,33,30,23,15,114,104,26,86,28,16,98,133,18,14,61,17,102,51,50,132,83,43,68,57,4,21,121,9,129,72,131,95,138,108,97,38,34,85,69,134,52,143,117,118,89,70,37,109,88,112,24,106,93,42,31,41,58,147,122,66,73,29,25,87,8,10,20,12,101,59,130,35,119,2,32,56,136,71,126,100,36,90,115,27,19,148,113,111,1,76,64,74,45,11,120,146,128,13,81,91,22,48,40,62,79,6,92,78,46,139,135,123,5,110,84,49,107,94,124,60,140,96,53,3,80,67,82,54,127,0,55,63,103
111,63,96,55,33,134,124,131,23,145,95,62,141,24,32,59,115,10,66,72,73,108,77,51,57,11,143,116,106,70,47,22,16,35,97,49,112,104,56,74,82,28,26,139,61,118,138,4,92,142,1,7,5,69,17,71,78,126,85,128,68,37,80,6,114,40,149,20,93,48,119,43,94,15,81,65,2,3,87,99,13,67,27,34,8,127,38,14,0,29,64,36,83,19,101,89,60,31,54,53,84,86,144,79,122,45,110,46,41,50,25,147,129,109,98,136,75,91,12,88,100,113,120,148,52,123,39,76,130,30,105,58,125,102,133,18,146,135,44,90,9,137,121,103,107,117,42,140,21,132
60,93,79,148,76,16,67,115,29,108,17,40,145,99,104,54,22,66,62,70,48,87,127,5,109,63,23,51,71,43,30,144,58,18,119,25,80,134,69,98,68,57,2,65,74,4,81,73,112,141,140,84,64,3,133,21,72,13,83,91,53,135,39,35,36,142,6,100,37,75,102,59,85,12,120,92,32,118,89,125,50,42,96,52,105,139,116,137,95,9,130,113,49,34,124,90,103,128,138,126,8,28,11,0,47,131,97,7,107,121,24,44,20,111,19,41,38,45,123,15,61,1,146,27,94,14,26,143,82,114,33,110,46,136,122,101,129,147,106,31,56,78,117,10,132,77,149,55,88,86
55,138,7,65,23,101,144,78,149,76,44,46,130,134,42,113,67,41,132,105,70,85,123,91,83,8,66,47,116,24,53,68,64,89,135,99,119,13,120,93,79,137,73,125,142,148,38,29,108,40,100,92,72,122,107,111,31,49,133,1,12,57,36,121,95,141,28,145,69,124,27,9,118,2,37,86,0,84,81,58,75,80,71,103,115,11,14,19,34,143,97,30,60,62,128,20,96,131,39,112,50,98,10,102,104,26,136,21,3,146,126,114,45,59,18,48,87,52,32,35,6,117,54,5,33,106,61,94,140,74,56,25,90,16,77,88,51,109,17,4,139,63,129,127,43,82,15,110,22,147
