0,1,2,3,4,5,6,7,8,9,10,11,12,13,14,15,16,17,18,19,20,21,22,23,24,25,26,27,28,29,30,31,32,33,34,35,36,37,38,39,40,41,42,43,44,45,46,47,48,49,50,51,52,53,54,55,56,57,58,59,60,61,62,63,64,65,66,67,68,69,70,71,72,73,74,75,76,77,78,79,80,81,82,83,84,85,86,87,88,89,90,91,92,93,94,95,96,97,98,99
0,88,96,44,57,24,21,91,61,9,73,98,79,29,38,93,76,36,18,34,22,97,55,10,87,82,2,1,19,7,30,33,8,40,3,60,15,37,64,39,6,41,5,43,14,95,51,47,67,12,59,89,52,53,4,28,56,27,58,35,23,26,77,63,85,65,66,48,17,69,70,80,72,42,32,75,62,92,46,49,68,81,84,83,71,16,86,45,31,74,25,90,20,11,94,54,13,50,78,99
4,61,96,44,66,68,81,91,16,40,89,71,41,79,38,93,55,31,47,34,22,36,28,80,23,82,56,1,58,97,30,43,8,35,63,15,20,32,33,39,74,7,5,9,51,25,6,57,42,0,14,75,52,53,88,60,85,27,10,24,70,26,69,12,37,13,45,11,17,78,72,2,18,98,90,48,62,67,19,49,84,21,87,29,73,46,86,76,92,59,64,83,3,65,94,54,77,50,95,99
59,72,61,86,11,95,75,71,34,0,76,81,32,65,38,41,54,31,15,57,22,33,58,92,19,82,56,25,83,97,30,43,8,55,52,90,17,5,48,40,18,7,23,9,51,3,6,1,42,29,45,44,96,28,99,16,85,53,10,47,70,26,69,12,36,2,62,80,68,88,77,93,20,66,39,74,98,67,35,49,91,21,50,37,73,63,89,14,27,94,64,78,24,84,79,87,60,4,46,13
43,72,37,86,93,53,91,19,34,50,76,69,60,20,1,41,92,58,71,45,70,33,55,29,88,82,56,11,17,10,30,12,61,40,38,90,54,18,26,66,31,7,23,6,52,51,28,99,15,14,95,32,98,2,59,16,85,36,83,47,78,8,79,65,48,49,89,80,74,94,57,63,75,22,39,67,81,44,77,62,4,21,46,96,73,97,3,68,27,42,64,5,24,84,25,87,0,35,9,13
43,32,70,78,93,84,26,74,59,19,94,37,73,88,35,87,66,58,79,45,15,86,39,29,53,82,56,69,6,10,3,12,41,64,40,90,97,18,44,7,31,80,16,63,52,71,91,27,1,51,72,17,98,8,14,76,95,50,81,47,38,67,89,60,85,96,33,22,68,4,20,5,75,54,92,55,99,61,77,2,30,21,46,49,34,62,11,23,57,42,36,48,24,28,25,83,0,65,9,13
29,7,95,78,2,83,86,74,26,79,94,34,98,32,35,30,56,18,66,45,50,44,39,92,57,16,76,60,6,10,99,73,41,69,8,90,58,4,11,61,55,64,87,80,52,62,70,1,21,71,14,38,23,3,40,43,93,24,81,47,37,67,13,68,84,96,17,22,9,15,20,5,0,54,59,89,88,25,77,82,53,49,19,12,63,51,97,27,33,42,36,48,31,28,85,72,46,65,91,75
30,77,95,78,94,21,61,42,37,58,45,44,2,32,28,89,56,14,66,52,23,83,39,31,12,47,88,60,80,10,99,41,72,43,59,15,51,79,19,67,53,93,98,35,48,62,87,1,50,54,73,38,20,40,4,92,34,24,91,90,55,7,68,65,84,96,17,97,9,22,16,5,26,0,75,63,6,70,29,82,69,49,81,57,25,74,71,27,33,13,36,8,76,11,85,86,46,64,18,3
43,17,15,78,95,29,61,42,9,27,79,87,2,32,89,7,80,14,66,18,46,22,44,64,12,47,91,97,88,10,71,41,77,76,59,67,51,90,56,8,53,40,98,75,21,62,74,1,16,36,52,28,20,19,4,3,54,24,85,5,0,35,68,83,45,72,11,58,63,37,31,70,26,69,48,60,50,84,65,30,6,55,81,57,73,34,39,49,25,94,13,93,96,92,99,86,82,38,33,23
71,22,87,89,23,12,48,13,40,27,19,62,53,46,31,29,39,55,21,61,18,24,4,83,26,57,43,50,58,10,49,90,77,76,9,30,17,37,56,92,97,84,98,6,88,45,93,1,16,36,33,28,20,59,73,3,91,32,74,5,0,35,67,80,11,25,64,79,63,99,52,70,2,69,54,60,8,85,65,44,75,41,81,7,42,34,51,72,68,94,78,95,82,96,66,86,15,38,14,47
83,17,97,89,45,46,19,13,40,84,88,62,39,0,8,29,59,95,18,57,66,67,85,65,26,41,43,50,87,10,72,32,79,76,9,58,49,92,56,90,3,91,25,37,55,30,38,12,16,51,53,78,42,1,73,99,63,81,31,82,69,35,23,77,20,61,64,33,36,98,52,94,2,28,48,14,74,4,6,44,75,71,93,60,21,70,24,5,68,54,27,80,22,96,34,86,15,7,11,47
96,22,97,65,45,38,52,21,93,89,59,62,39,64,1,6,14,61,36,44,19,79,32,69,7,68,28,53,66,87,72,48,42,24,8,55,49,92,56,90,3,60,54,37,46,9,16,12,34,51,40,78,73,63,30,43,47,13,84,75,58,88,23,77,20,50,27,33,0,98,76,94,17,31,85,83,74,26,82,91,81,71,95,10,18,70,57,29,35,4,15,80,5,99,2,86,67,11,25,41
96,22,97,42,72,37,67,21,83,45,59,99,0,73,1,29,24,8,79,44,19,46,14,92,66,60,82,23,56,87,75,98,39,64,35,55,27,85,9,7,65,69,77,13,70,95,16,28,2,51,40,76,53,12,30,11,90,26,84,93,18,63,36,6,20,50,62,32,89,71,88,49,17,31,10,48,58,43,54,91,81,57,94,38,52,25,61,68,33,4,15,47,5,78,86,74,3,34,80,41
96,22,41,63,56,46,86,24,71,45,98,99,52,89,17,29,36,8,2,51,78,64,92,75,66,61,59,23,72,21,82,81,69,48,39,55,79,87,1,7,13,28,77,65,12,95,16,9,4,85,40,33,53,68,44,11,67,0,26,19,91,60,15,6,20,30,62,32,80,34,5,84,42,93,49,97,73,43,54,37,14,57,94,83,58,31,47,90,50,25,27,88,35,10,74,76,3,18,38,70
95,22,61,88,26,7,6,87,71,91,98,57,66,89,85,29,27,60,2,69,16,64,5,75,65,45,51,3,62,13,44,84,21,46,39,56,96,70,1,99,43,28,41,67,12,83,23,92,37,59,40,33,53,8,77,32,79,11,17,20,63,0,15,55,73,30,86,47,72,24,42,9,81,93,49,97,34,78,36,35,14,38,48,19,4,31,25,90,50,18,54,94,52,82,74,10,68,58,76,80
86,22,93,71,36,7,57,70,90,72,98,56,62,24,85,27,47,87,53,67,91,83,4,14,45,23,1,76,13,30,31,48,12,46,0,60,96,88,51,6,32,28,41,79,75,39,77,92,84,11,40,66,80,8,59,33,61,69,50,20,63,65,15,55,73,2,25,26,38,17,42,9,21,35,49,78,34,52,99,82,5,44,89,19,37,68,58,16,54,18,43,94,95,3,74,10,29,81,97,64
80,47,94,3,70,69,89,43,90,56,20,64,22,24,97,27,76,48,53,19,77,83,4,14,45,23,32,39,57,63,33,35,9,0,18,61,96,88,51,29,17,13,41,25,82,40,86,37,84,49,2,66,67,79,59,58,74,68,38,99,91,60,30,55,50,21,92,85,42,6,12,72,10,8,46,78,34,52,28,65,5,7,11,87,98,36,62,16,54,75,73,44,95,15,26,1,71,81,31,93
39,61,27,22,70,64,44,75,90,40,20,3,86,81,36,68,76,48,41,94,89,96,46,73,91,23,14,16,78,97,33,35,28,54,18,52,6,87,57,13,24,50,17,25,93,80,84,43,83,4,12,66,29,79,67,37,63,56,45,99,15,49,42,55,60,74,21,85,47,32,72,30,10,8,69,38,34,19,31,53,59,7,65,9,98,92,62,58,5,11,2,88,95,51,26,1,71,77,82,0
39,61,59,22,79,78,40,82,90,50,20,3,65,81,36,10,86,71,41,14,9,77,37,85,64,23,5,34,80,33,13,16,28,73,18,52,6,25,67,48,12,43,17,76,93,69,57,54,70,95,51,84,72,31,24,83,63,56,45,53,44,49,21,68,47,91,15,32,30,38,2,60,96,19,26,42,97,62,89,88,66,87,99,55,98,8,94,58,7,11,46,74,92,29,27,1,4,75,35,0
20,51,59,81,79,78,70,82,67,77,23,74,93,39,42,10,63,71,91,34,9,25,49,3,18,21,45,4,80,7,1,2,86,16,31,14,92,22,26,48,5,55,36,38,90,6,68,52,15,28,41,65,72,73,24,33,87,56,47,64,40,95,69,84,89,97,46,30,53,83,57,60,96,62,13,43,12,50,61,88,66,17,99,37,98,8,94,58,32,85,11,44,35,29,27,76,19,75,54,0
20,95,94,44,79,6,70,35,67,38,23,39,98,31,11,80,0,58,28,55,71,25,88,30,18,47,27,4,87,33,1,85,64,45,7,56,46,22,5,14,53,9,65,74,21,86,61,49,15,54,50,63,78,73,24,93,34,41,36,75,40,99,92,84,77,97,82,62,69,2,57,60,96,3,10,43,12,51,66,16,83,13,26,37,52,8,19,48,32,81,72,42,91,29,68,59,17,90,89,76
20,95,86,44,66,61,53,3,67,42,65,26,91,6,87,45,55,77,39,31,32,30,80,96,9,47,98,14,60,33,94,85,4,24,64,56,46,22,5,18,70,21,0,59,97,82,35,63,84,7,50,40,78,73,41,16,69,27,36,75,58,25,54,79,49,99,34,28,51,2,1,74,13,48,68,43,12,29,15,93,83,92,11,90,52,88,19,10,62,81,8,71,57,17,72,37,38,23,89,76
20,57,48,46,82,61,53,3,17,91,30,90,49,16,95,38,78,77,12,14,32,85,87,15,9,47,4,6,60,5,86,13,73,1,37,29,94,22,26,75,62,66,45,97,42,33,35,93,84,8,50,74,2,54,41,99,68,67,36,34,58,25,80,71,70,63,55,28,51,24,83,65,98,64,31,39,21,10,40,27,56,92,96,43,69,88,44,72,11,81,59,7,18,52,19,79,0,23,89,76
20,98,48,83,82,61,9,58,80,91,30,90,76,16,40,70,49,77,68,14,32,12,51,15,19,57,63,52,85,21,7,53,34,29,38,96,94,62,46,5,87,60,64,3,41,97,35,36,10,89,42,39,69,73,75,99,74,47,23,81,72,25,78,71,26,37,8,28,27,22,2,65,44,86,31,45,54,95,43,33,56,92,1,13,88,79,93,66,11,59,4,55,18,24,84,67,0,17,50,6
67,13,79,83,41,20,33,16,80,36,30,51,87,19,6,70,49,77,54,25,65,68,21,15,10,57,5,53,93,75,89,72,48,71,0,76,29,62,74,32,59,61,50,3,9,90,35,58,26,38,66,73,69,7,27,99,24,55,23,81,47,18,78,52,12,39,44,97,1,22,2,17,64,63,31,42,37,95,43,40,56,8,28,45,88,46,85,14,11,34,96,94,92,82,84,91,4,86,98,60
29,82,94,79,41,20,17,43,22,55,1,24,25,19,51,70,27,77,54,99,36,13,81,49,11,48,5,40,93,28,89,84,15,71,53,76,58,62,61,73,6,96,87,2,26,38,65,0,34,75,45,67,69,50,23,39,21,98,35,18,85,4,14,52,33,95,44,91,59,3,32,83,64,63,31,42,37,97,90,10,78,8,56,12,88,46,66,7,72,74,60,9,92,57,30,47,16,86,80,68
98,14,51,79,9,20,39,88,28,55,1,45,25,82,70,17,92,18,24,97,36,95,7,44,42,48,74,2,66,15,89,27,35,71,53,26,84,62,77,76,94,96,29,57,34,46,40,0,19,23,6,67,69,32,90,41,31,37,21,60,73,4,12,52,33,22,85,91,64,3,49,65,93,72,10,11,54,38,99,5,78,8,80,16,61,87,50,75,47,56,58,63,43,81,30,83,59,86,13,68
64,14,9,89,98,38,95,88,28,55,93,39,20,91,70,21,22,54,24,97,36,61,7,44,8,10,49,52,90,11,53,5,68,16,6,26,74,30,77,1,94,96,29,57,34,19,13,60,35,23,31,47,41,51,76,72,66,78,15,33,99,79,85,43,67,40,18,2,4,17,82,46,48,81,37,65,3,27,84,45,75,12,42,62,32,87,50,80,92,56,58,63,73,0,59,83,71,86,25,69
72,26,3,61,8,92,52,4,24,55,98,1,86,7,57,21,35,85,60,99,66,62,79,14,22,10,49,90,25,70,53,19,68,16,38,84,94,30,77,40,2,23,29,74,34,80,13,87,96,47,56,5,41,51,11,83,65,73,15,33,75,76,32,91,78,12,44,37,36,17,88,97,48,81,27,54,18,39,46,45,9,6,42,64,59,95,50,28,93,67,43,63,82,0,31,20,71,58,69,89
24,26,3,61,48,32,62,41,75,14,98,40,58,44,43,37,10,72,60,39,27,13,16,63,42,89,93,90,74,80,88,92,76,11,38,84,94,30,77,20,2,73,29,7,25,96,53,34,31,54,56,5,1,4,35,83,79,47,57,33,64,19,65,91,78,23,66,68,36,17,97,85,55,21,95,22,18,28,46,12,49,6,51,50,87,15,86,8,70,99,82,69,59,0,67,9,81,71,45,52
77,14,2,19,48,32,74,18,10,33,51,9,0,44,30,98,6,52,26,39,25,64,16,63,42,84,50,90,5,58,88,92,43,11,38,78,79,35,93,76,73,72,99,91,80,96,53,86,65,85,7,83,60,56,55,40,20,47,57,22,67,61,49,13,97,23,66,68,17,59,36,3,81,27,95,37,24,28,4,29,62,34,21,46,54,15,89,1,69,94,82,31,8,75,41,70,12,71,45,87
31,51,2,5,0,32,82,18,10,90,1,33,96,9,46,6,98,74,21,40,54,30,24,95,42,84,79,12,71,69,88,92,53,19,38,64,70,35,14,76,91,49,34,66,80,17,25,26,65,85,7,78,60,56,73,11,67,47,41,43,16,61,44,58,59,27,93,68,4,75,36,89,81,22,50,3,63,83,37,57,62,99,86,55,15,13,94,39,29,23,52,45,8,20,72,97,77,28,48,87
41,93,83,5,70,32,94,18,13,53,22,71,96,62,98,95,10,4,66,49,54,14,11,65,42,84,77,12,0,27,88,30,56,3,38,57,52,35,74,55,47,24,36,7,6,51,23,26,46,9,34,25,60,33,73,48,85,76,64,72,31,80,50,89,43,40,17,68,20,75,90,59,81,44,16,58,63,91,37,21,78,61,86,8,19,99,82,39,29,92,15,69,45,1,79,97,2,28,67,87
41,70,6,79,11,7,94,66,13,18,8,51,96,39,30,58,44,33,77,15,31,22,2,26,90,84,36,52,0,27,88,43,93,3,38,68,72,63,74,55,82,56,95,10,53,48,23,64,78,59,34,28,60,76,24,17,85,12,71,21,29,80,50,98,83,40,4,42,91,75,49,69,32,57,20,9,97,5,46,61,16,54,86,25,47,99,62,14,81,19,89,35,92,1,65,37,73,45,67,87
92,91,72,33,38,12,64,5,39,28,61,51,19,89,30,58,0,18,46,15,36,13,2,24,11,44,27,20,23,82,88,97,93,21,54,86,94,84,74,55,50,52,49,26,53,48,62,8,78,59,34,68,10,56,7,9,81,63,71,25,85,98,60,43,80,40,73,90,22,75,79,69,32,4,76,29,17,83,96,95,70,41,47,99,31,66,6,14,42,16,3,35,77,67,65,37,1,45,57,87
73,41,72,33,38,16,55,62,18,28,57,51,50,2,30,94,52,78,46,8,36,3,43,24,11,81,27,92,95,71,88,97,4,37,54,42,64,84,98,80,0,22,49,69,53,87,56,17,39,59,85,68,40,67,90,9,21,63,25,65,91,79,35,7,14,66,23,15,5,76,60,6,93,89,44,29,45,83,13,26,70,31,47,86,75,96,1,99,82,74,32,48,19,61,58,10,34,77,20,12
46,33,86,45,89,90,0,28,18,42,57,70,91,93,92,80,31,78,19,50,36,23,43,81,51,69,27,37,2,15,97,73,95,88,54,75,25,41,55,99,84,22,94,52,53,63,40,21,48,59,14,35,85,76,16,56,8,39,10,65,72,4,71,7,64,17,11,1,30,77,60,6,66,79,44,29,98,83,13,74,38,67,47,32,87,96,24,49,82,5,62,26,9,68,58,61,34,3,20,12
46,55,99,93,45,90,0,24,97,4,53,70,6,92,22,51,31,49,19,67,80,23,37,38,13,69,68,83,56,41,26,1,18,88,89,44,21,28,50,96,66,7,94,52,11,63,40,34,48,79,75,35,39,2,16,25,42,59,3,78,72,8,65,77,64,17,36,95,76,54,84,9,74,47,57,29,98,5,33,85,14,58,30,32,71,82,60,73,43,87,62,81,27,15,86,61,12,91,20,10
80,20,70,74,52,90,54,55,97,79,73,51,11,38,98,13,22,49,19,67,8,34,0,93,88,69,46,17,81,41,14,1,18,76,89,29,86,92,50,96,24,7,94,25,31,27,3,6,60,68,95,30,53,84,16,56,37,12,65,78,36,64,4,39,45,40,66,21,44,23,59,9,82,2,99,71,42,5,33,83,63,58,48,32,72,26,47,35,43,87,85,91,77,15,28,75,61,57,62,10
80,63,23,20,15,90,54,52,98,84,99,14,91,97,68,65,64,26,43,67,60,72,38,41,79,69,46,42,73,35,57,1,18,10,44,29,86,92,96,7,24,95,0,9,89,70,3,74,55,59,33,17,85,37,16,61,31,12,6,22,36,13,4,5,45,32,78,50,87,40,56,81,82,93,2,19,25,27,49,83,51,58,30,71,8,48,47,66,76,21,34,11,77,39,28,94,88,75,62,53
90,63,57,88,22,76,54,67,26,11,96,72,68,97,53,40,74,27,43,32,60,70,73,78,80,69,55,45,1,44,79,62,18,10,84,38,86,92,25,7,37,5,24,9,89,12,3,34,75,59,33,17,81,47,29,61,31,91,6,46,36,41,28,30,50,48,98,85,77,8,56,39,52,87,99,14,94,42,4,83,51,35,2,23,49,66,20,65,71,21,16,95,93,13,82,58,0,19,64,15
26,72,60,96,31,81,29,87,47,7,77,64,90,4,68,67,86,27,43,8,61,70,12,69,80,63,41,92,14,71,49,62,19,10,45,38,2,13,34,89,21,6,24,3,22,36,25,35,75,59,33,17,40,79,37,74,55,91,65,46,88,97,16,30,50,98,51,57,78,53,28,76,52,84,54,56,94,42,99,83,32,85,48,5,73,93,20,1,66,39,9,95,18,0,82,58,23,11,44,15
26,72,60,96,76,68,57,87,20,98,1,2,90,4,83,35,86,43,49,79,15,3,12,24,92,32,41,89,8,11,40,21,77,10,45,7,28,33,30,84,69,44,58,70,31,0,25,37,53,42,54,94,14,22,85,48,74,61,91,46,67,29,16,56,50,17,51,97,78,62,65,73,52,38,59,99,36,80,47,82,9,88,27,5,19,93,55,95,66,39,34,6,18,64,63,75,23,13,71,81
7,72,54,96,76,59,73,61,20,98,14,2,78,4,60,89,39,92,36,84,15,71,40,24,47,32,41,87,8,77,74,81,83,21,45,93,6,33,52,18,3,44,13,70,34,10,25,91,50,49,65,19,12,37,79,86,57,30,85,23,0,29,5,56,42,66,94,97,67,26,69,58,48,68,90,43,64,80,1,38,9,55,27,17,11,31,46,53,62,35,51,82,28,99,63,75,16,95,88,22
49,68,54,96,31,22,1,63,24,5,12,72,23,4,88,10,92,60,41,84,15,71,40,89,47,73,20,21,87,39,98,81,52,48,74,93,6,32,27,85,0,44,78,45,34,67,8,91,14,64,65,19,55,28,26,37,3,7,86,36,83,62,82,58,42,56,94,50,33,13,69,30,99,38,90,16,77,80,66,97,9,25,18,35,29,79,61,53,43,76,51,17,11,57,75,59,70,95,46,2
72,30,44,25,31,9,38,71,22,85,4,34,69,21,88,84,39,53,61,59,15,81,73,89,43,86,20,13,36,75,90,80,33,48,74,93,6,63,47,1,23,58,78,45,51,46,26,52,82,12,19,40,55,3,96,37,99,7,65,60,68,62,49,98,42,18,94,50,0,64,2,79,67,35,14,29,5,28,66,97,70,27,92,24,87,8,91,16,56,76,10,17,11,57,83,32,41,95,54,77
72,30,44,38,31,80,88,29,97,85,32,70,20,21,13,84,66,37,82,59,62,11,73,7,41,63,83,48,36,45,93,40,26,98,89,67,43,17,2,15,96,47,78,90,12,46,14,25,57,39,19,77,86,3,18,42,99,55,5,61,74,27,49,28,23,9,94,52,0,64,53,79,71,35,6,34,10,60,75,76,68,58,92,65,81,33,91,16,56,4,22,54,69,51,87,1,8,50,24,95
24,46,44,47,31,80,99,70,13,32,8,72,79,61,37,73,83,41,82,94,95,11,57,66,19,48,15,75,36,45,34,64,26,98,67,81,76,17,68,38,93,92,86,59,20,96,14,25,3,39,2,65,35,10,85,30,28,55,63,27,74,53,23,22,89,9,62,88,49,97,77,51,50,71,6,90,29,56,12,84,42,58,18,5,69,33,91,16,21,4,43,54,0,78,87,1,40,7,52,60
77,93,95,18,64,4,99,76,2,35,8,72,79,67,19,73,52,46,75,14,41,10,12,11,85,57,55,15,36,47,1,48,44,98,59,81,30,61,43,38,23,92,86,68,83,56,40,58,27,29,60,42,26,84,22,94,32,20,3,71,16,53,91,65,89,9,74,88,25,97,45,51,50,80,6,17,66,63,34,62,49,33,70,5,69,82,28,96,21,90,31,54,0,37,13,24,39,7,87,78
74,13,19,18,66,85,44,25,2,33,8,91,7,67,3,73,52,23,22,14,90,10,37,79,84,57,68,48,93,40,72,96,43,24,51,15,30,99,60,21,77,64,86,95,32,56,87,58,31,92,81,27,26,36,97,55,78,20,38,28,16,94,69,65,4,9,29,61,75,46,41,1,5,45,6,89,71,63,34,83,49,47,70,50,17,82,12,62,76,54,11,80,0,39,98,35,53,42,59,88
98,56,19,23,4,85,68,95,33,90,44,55,7,8,3,57,26,89,9,46,75,12,72,5,84,32,39,81,6,67,93,28,43,54,71,91,47,99,29,21,77,25,52,0,49,17,76,58,31,41,69,27,86,36,97,30,78,1,38,63,96,15,14,65,74,37,35,61,66,11,2,73,24,45,22,18,88,42,53,83,94,70,40,50,13,82,48,62,20,51,34,80,16,79,60,64,92,87,59,10
23,19,27,32,61,71,68,0,15,90,46,11,92,8,88,55,31,77,9,14,64,69,45,5,84,24,56,81,6,13,26,72,18,54,79,52,66,99,48,21,41,10,29,30,58,17,4,47,44,91,67,80,86,39,98,43,95,57,28,12,36,51,33,65,3,37,35,75,74,76,2,62,85,78,22,87,83,89,53,25,40,70,63,94,1,82,42,96,20,50,38,97,16,49,60,93,34,7,59,73
66,34,68,9,61,84,86,0,15,49,46,11,2,52,88,73,30,32,27,65,8,62,81,75,35,45,56,92,24,74,26,72,18,6,79,83,67,87,39,21,14,50,29,98,47,17,23,77,44,90,95,20,13,42,94,89,41,16,28,19,99,51,12,80,31,37,57,36,76,3,82,55,85,58,22,91,5,10,38,25,69,4,33,63,71,40,59,96,60,48,53,97,78,54,64,93,1,7,70,43
39,44,68,9,80,84,86,0,3,49,87,14,2,52,29,43,30,19,21,85,35,78,81,89,67,34,5,48,45,74,26,12,58,6,82,83,71,79,27,66,92,50,91,98,8,16,23,62,88,55,46,38,47,54,64,40,42,32,7,33,95,37,13,10,15,28,41,36,72,60,17,97,57,99,22,53,90,11,61,25,69,4,96,63,31,75,59,56,93,76,77,65,70,94,51,73,1,20,24,18
81,77,7,87,62,84,86,82,24,49,47,14,45,52,13,43,66,38,21,2,35,78,56,34,94,41,51,15,83,46,26,12,58,28,74,60,98,90,76,29,79,27,69,11,32,16,23,75,88,3,68,25,6,54,44,40,42,73,71,36,95,0,5,55,50,57,72,31,4,33,39,97,91,18,64,9,37,99,61,67,19,93,96,63,17,30,59,20,89,70,10,65,48,80,1,8,53,22,85,92
50,77,46,87,64,66,33,21,97,56,29,72,28,47,11,15,19,16,89,62,35,31,10,6,94,41,99,75,83,40,76,12,58,70,48,3,98,8,61,9,25,27,69,60,86,78,23,32,74,93,42,7,84,49,44,45,43,73,71,54,0,96,18,55,65,57,17,52,34,14,37,95,59,4,53,51,79,2,24,67,81,13,80,63,36,30,5,20,68,26,39,91,38,82,1,88,90,22,85,92
80,77,46,17,68,25,33,55,97,31,29,8,28,84,16,74,51,39,79,57,35,64,88,4,67,71,99,56,48,40,49,27,58,23,73,38,98,54,61,20,45,9,41,21,86,78,63,81,93,62,59,7,76,15,1,30,70,66,87,72,34,18,89,13,11,26,19,52,32,65,37,95,83,75,42,43,82,2,6,10,53,96,22,3,36,60,5,0,12,69,44,91,50,24,47,94,90,14,85,92
11,27,46,53,69,58,19,82,97,91,29,22,28,5,59,74,88,24,40,76,99,64,94,55,67,39,98,80,26,77,35,60,45,2,72,38,36,84,83,20,86,79,78,25,42,56,63,81,93,89,62,49,33,85,18,8,15,66,87,30,34,71,65,54,75,61,7,52,4,57,37,13,41,16,1,95,32,92,6,10,68,96,0,73,51,50,31,21,12,43,44,17,48,23,47,9,90,14,70,3
37,38,92,53,35,58,19,82,87,91,59,22,80,5,98,84,29,77,20,23,41,64,46,54,70,17,11,96,26,39,14,60,42,36,27,78,12,69,83,61,62,43,63,16,67,73,52,86,93,89,71,49,95,33,99,56,85,66,34,6,18,40,65,8,75,45,7,2,15,81,79,72,32,4,1,57,55,13,50,88,76,28,0,68,94,9,31,21,24,97,44,10,30,74,47,25,51,48,90,3
73,90,19,96,77,69,93,45,48,57,59,22,18,87,50,55,98,51,20,49,41,5,46,86,80,17,11,33,47,39,14,13,99,91,27,40,4,53,83,68,95,43,9,0,67,23,52,65,6,30,71,42,82,63,7,56,85,66,61,34,21,32,94,8,26,84,89,2,15,44,3,72,97,75,36,16,38,78,28,88,81,37,74,62,12,79,31,54,24,25,35,58,70,92,10,1,64,60,29,76
42,65,15,48,79,24,96,45,13,41,3,22,80,84,28,55,98,82,66,49,51,7,4,14,8,59,10,32,47,39,29,18,53,91,27,40,46,83,90,44,25,43,9,68,67,23,60,58,56,30,63,61,69,94,5,11,70,86,89,16,21,57,92,62,97,85,71,2,19,33,50,52,99,72,36,20,95,88,34,0,81,78,74,76,12,26,31,54,75,37,73,35,87,77,6,1,64,93,38,17
80,0,42,48,67,24,61,55,51,41,31,77,9,75,65,40,83,22,69,54,2,47,4,78,88,3,10,32,17,27,39,18,64,91,11,50,87,95,15,44,25,59,7,68,6,28,60,58,45,46,30,16,84,49,57,14,98,86,5,74,21,70,92,62,8,93,71,63,56,85,37,23,99,97,36,19,79,20,34,66,81,72,96,43,12,94,52,90,33,29,26,82,53,89,76,1,13,73,38,35
43,52,85,23,54,59,22,55,70,83,20,81,71,75,95,19,96,0,69,57,1,47,31,56,73,3,29,4,90,26,39,62,74,50,97,34,68,11,17,44,25,78,7,53,6,28,60,58,15,66,30,16,77,9,99,92,98,86,48,91,51,42,21,32,38,93,45,24,80,8,37,35,63,88,36,12,79,5,33,10,27,72,82,46,41,94,49,40,76,84,67,64,18,89,87,2,13,14,65,61
43,52,9,23,4,63,22,55,51,24,81,15,84,59,77,0,42,40,69,2,1,70,76,5,73,47,25,39,31,68,29,90,74,50,99,44,46,67,28,66,83,87,7,65,94,91,60,58,10,53,45,16,27,57,20,92,26,86,30,17,41,6,21,98,93,14,97,88,79,8,37,11,36,72,56,12,19,85,33,32,34,95,82,89,75,13,49,78,71,38,54,62,18,64,80,96,35,48,3,61
95,75,37,23,4,18,52,13,41,7,26,12,94,9,77,45,68,55,87,2,17,69,64,21,28,81,92,39,14,22,88,82,30,50,99,25,42,67,54,44,65,59,66,98,96,19,1,58,10,53,84,70,47,57,20,48,90,73,31,83,16,6,43,51,56,5,60,40,79,15,76,11,36,72,61,24,29,85,89,32,93,86,78,27,0,34,49,33,63,38,97,62,8,35,80,91,46,71,3,74
25,29,6,90,59,18,70,9,37,22,56,12,35,44,83,57,39,17,99,2,77,5,64,20,28,81,92,48,14,19,88,27,66,50,61,62,15,8,54,21,60,52,31,98,87,42,23,58,32,80,96,67,47,55,45,76,41,73,78,43,68,75,34,53,89,10,86,1,33,7,40,26,36,72,16,79,95,85,91,13,69,51,4,93,0,97,49,38,63,24,30,65,11,94,82,84,46,71,3,74
25,98,84,30,59,18,54,9,10,12,61,48,6,17,83,57,64,93,95,66,19,70,38,21,55,36,72,41,80,33,0,81,3,76,60,62,15,5,91,71,8,52,31,49,87,39,23,58,99,14,86,29,92,78,45,16,67,37,27,34,32,75,40,53,89,42,44,1,96,24,79,73,2,20,56,88,77,35,11,13,22,51,4,50,69,46,85,90,63,74,28,65,68,94,82,7,47,26,43,97
44,98,48,25,64,58,11,49,27,66,21,22,41,6,83,3,85,93,88,80,19,55,38,32,75,36,72,24,57,47,81,61,99,43,46,62,51,5,60,1,0,52,31,71,18,63,26,97,37,14,73,29,92,30,45,16,35,13,79,4,59,20,23,84,68,42,34,39,96,28,12,91,2,10,56,87,77,67,90,17,33,15,69,50,95,74,40,7,8,78,76,65,70,94,82,86,54,89,53,9
43,77,91,3,64,58,35,49,59,34,70,22,17,24,10,71,67,98,88,61,68,55,38,32,75,36,53,2,47,4,37,23,99,63,14,42,51,0,19,1,85,73,57,21,60,81,26,97,54,86,83,29,92,52,45,30,69,9,79,44,87,20,80,5,50,65,39,7,66,27,96,33,72,8,11,93,78,25,90,95,84,15,41,94,6,16,40,89,62,28,76,13,46,48,82,12,56,74,18,31
43,44,91,31,66,58,23,25,72,65,11,37,24,4,60,71,67,5,36,35,61,10,38,8,27,88,0,2,47,53,64,3,7,63,14,42,40,99,33,1,85,87,89,56,68,81,9,52,54,70,83,80,51,98,45,93,34,55,84,59,50,20,57,77,41,26,16,82,73,29,96,94,39,28,22,75,97,18,30,49,6,15,76,95,32,86,90,92,69,78,21,13,46,48,62,12,17,74,19,79
40,98,61,87,66,58,59,55,93,33,54,37,44,18,12,85,89,22,4,11,95,28,38,90,92,88,91,2,97,53,64,24,75,77,9,36,63,99,35,48,62,96,65,56,68,50,19,42,46,70,8,79,16,7,45,67,34,13,84,60,20,74,57,31,86,39,1,82,73,14,15,94,26,51,27,71,25,72,30,49,83,5,76,52,32,23,47,3,69,78,10,0,80,6,29,41,81,43,21,17
57,74,32,25,39,22,34,95,26,33,94,37,44,78,12,85,5,20,66,24,71,56,72,30,92,6,51,8,97,83,28,93,0,81,55,36,63,99,70,48,58,96,15,47,54,10,46,27,19,11,49,79,91,7,45,67,90,82,84,73,50,68,60,40,86,64,16,18,53,14,59,98,75,31,62,2,4,1,88,43,41,69,35,77,42,23,65,3,52,9,76,87,80,38,29,61,13,89,21,17
80,46,72,25,39,22,78,95,60,41,33,23,16,26,12,89,68,43,13,24,71,79,84,70,27,6,59,45,10,40,28,82,37,17,55,93,63,69,92,48,58,56,36,97,54,20,81,66,64,11,49,85,83,96,61,3,52,35,29,73,67,5,51,4,15,57,34,18,98,91,75,88,38,50,62,44,99,1,94,2,30,42,14,77,21,19,65,90,8,9,76,87,0,74,47,31,32,53,86,7
93,29,50,82,6,56,11,99,42,41,17,94,16,95,12,13,1,65,85,24,71,91,7,96,39,28,59,47,10,34,36,15,92,46,55,78,25,64,4,48,58,3,2,76,44,57,40,66,43,70,49,89,14,98,33,37,52,35,38,73,88,5,54,69,68,20,51,18,63,67,75,8,86,84,79,61,62,97,81,27,30,83,53,19,21,26,23,74,72,9,80,87,0,77,60,31,32,90,22,45
93,71,60,9,92,56,41,51,36,62,17,77,57,69,48,13,1,39,37,95,54,14,34,96,50,6,86,47,10,94,63,91,25,32,55,85,89,76,4,26,43,3,2,8,44,58,21,59,19,70,49,0,80,53,33,23,5,73,38,67,88,24,61,82,64,20,79,68,31,27,16,65,29,28,97,35,83,18,81,12,30,84,98,66,40,75,45,74,72,15,87,11,42,52,78,99,46,90,22,7
5,71,94,98,85,56,53,51,36,15,46,77,52,69,48,78,8,39,37,30,60,40,34,38,19,21,26,50,10,62,28,41,25,32,33,75,35,20,18,3,43,17,2,55,44,57,95,31,12,76,49,0,84,92,27,45,59,6,86,67,68,11,61,93,81,23,97,47,70,13,16,65,91,14,82,63,99,9,89,24,79,90,29,66,96,7,83,54,72,42,87,80,1,4,74,58,22,64,73,88
5,71,94,98,12,59,53,96,49,90,0,27,52,68,22,78,76,23,1,31,81,36,77,38,43,88,69,92,10,93,15,41,51,61,97,65,35,99,26,28,91,17,2,55,37,56,67,58,3,8,72,45,84,73,64,4,40,6,86,25,21,95,50,83,74,33,14,47,48,46,18,32,39,79,82,63,60,87,89,62,75,19,29,66,20,54,57,7,11,42,16,80,44,30,24,70,85,13,9,34
5,71,30,72,48,64,49,11,37,22,0,69,52,18,38,56,76,84,1,87,59,36,47,90,43,23,12,88,67,93,34,99,26,42,29,83,53,95,98,8,91,17,2,55,77,39,85,78,19,7,92,86,16,9,81,51,65,31,13,25,21,32,50,41,33,89,14,58,24,27,74,10,97,15,82,63,60,94,80,62,75,46,28,96,20,35,57,3,40,4,6,79,44,70,45,73,68,54,66,61
90,76,30,82,91,79,75,71,37,11,72,29,69,86,34,56,15,77,1,55,59,16,21,57,32,44,46,52,9,23,64,99,26,24,45,63,53,95,98,47,50,80,2,0,42,96,93,81,49,7,92,28,5,14,43,22,65,31,27,83,85,39,66,41,18,89,73,25,19,97,74,10,13,87,67,58,88,3,60,40,48,33,36,4,20,35,78,8,38,84,6,51,17,70,61,12,68,54,94,62
42,93,30,9,67,17,91,75,88,18,72,82,24,86,32,26,15,35,98,64,49,16,85,28,62,61,46,11,7,89,1,44,3,50,45,41,59,21,76,37,13,80,2,0,10,71,52,56,23,99,96,36,5,65,38,97,79,95,22,83,66,90,39,20,29,12,48,6,19,55,51,31,69,87,81,58,27,43,60,40,63,33,74,4,73,25,78,8,47,84,34,57,77,14,53,70,68,54,94,92
88,27,62,0,94,30,91,75,18,28,72,49,24,60,53,11,87,39,41,16,97,10,81,7,35,36,98,47,93,89,42,44,3,50,5,13,17,21,76,80,65,46,61,86,64,71,52,56,1,55,96,9,34,33,99,29,79,95,26,83,66,82,67,20,90,31,32,6,8,43,51,57,84,54,73,58,37,85,22,45,4,19,63,12,70,25,78,92,59,2,40,14,77,15,74,68,69,38,48,23
88,27,62,64,66,30,78,41,29,50,12,21,24,11,1,18,89,39,98,73,97,31,42,69,35,85,83,54,46,99,58,79,60,49,28,20,3,81,76,80,56,86,65,0,67,75,52,17,10,55,44,9,40,33,70,72,57,95,26,93,38,82,6,68,96,15,32,77,8,61,34,5,47,87,25,59,23,45,13,63,4,19,94,7,37,53,43,92,91,90,2,14,71,51,74,16,84,36,48,22
96,4,79,53,82,98,67,89,29,50,12,24,39,48,1,18,74,97,36,73,76,37,46,93,52,25,59,69,9,10,58,92,60,62,19,68,3,51,0,27,71,57,28,21,84,70,99,16,11,55,66,41,20,33,86,22,63,95,64,83,38,91,40,30,75,15,32,77,88,61,34,17,94,87,44,5,23,45,47,8,31,13,49,7,65,90,43,81,72,26,2,14,56,54,42,35,80,78,85,6
5,72,66,10,82,83,47,89,15,29,77,34,56,48,76,43,79,97,61,68,71,45,26,18,42,78,73,69,14,4,58,94,7,9,19,44,3,41,0,27,75,20,28,6,98,70,99,16,11,36,93,60,91,12,92,24,63,95,46,52,84,59,13,1,25,38,64,8,88,55,21,81,85,87,86,96,51,53,35,33,31,67,49,2,65,90,39,22,37,62,30,23,50,54,40,74,80,32,17,57
5,6,66,70,88,31,47,89,61,32,48,80,56,82,64,92,73,41,65,79,71,95,26,18,21,54,99,69,14,4,98,3,1,9,34,40,22,19,0,84,58,27,28,59,12,44,15,74,11,36,91,30,72,38,43,77,17,53,51,83,39,63,13,62,25,10,24,49,76,55,87,81,29,75,90,7,85,78,35,33,8,67,86,52,46,42,20,23,37,93,68,97,50,45,60,57,2,94,96,16
5,6,22,11,99,31,83,91,95,52,48,82,53,41,64,90,65,27,92,79,85,46,26,16,75,30,15,28,47,93,29,3,43,73,34,42,25,19,80,10,58,66,88,59,44,17,38,2,81,36,86,61,71,0,77,8,56,33,72,84,39,63,40,62,97,51,24,45,4,55,87,78,74,7,14,68,69,50,49,35,13,67,89,12,18,9,20,23,98,60,32,1,37,54,21,57,76,94,96,70
62,76,63,0,99,44,60,36,54,80,13,82,53,55,64,4,9,23,30,19,68,92,26,86,16,33,2,81,90,93,29,73,48,47,5,91,8,51,83,10,14,66,15,59,77,45,75,98,67,31,34,70,84,52,78,37,56,46,72,95,43,57,40,88,97,39,32,17,89,58,87,85,74,7,65,3,69,50,49,35,41,25,61,71,18,11,20,22,94,79,1,38,24,27,21,12,6,42,96,28
88,43,40,47,99,9,60,20,26,39,41,4,53,36,76,85,87,29,30,13,95,17,92,22,16,33,77,94,90,65,0,64,86,49,5,91,34,51,55,27,12,66,96,59,75,68,78,82,19,31,63,70,18,10,2,98,61,80,54,73,56,24,84,46,52,8,74,6,83,58,44,35,69,7,71,3,37,14,48,62,32,25,97,15,67,11,23,89,93,79,1,38,72,50,21,81,57,42,45,28
64,9,10,5,84,69,2,20,53,39,41,4,79,98,60,85,80,25,33,36,30,86,52,93,16,99,54,94,19,65,59,96,81,6,44,88,75,95,46,50,48,51,38,62,34,68,91,47,49,31,76,87,43,17,92,7,61,77,40,74,66,90,82,12,13,27,22,15,83,58,71,35,8,1,70,63,37,55,14,73,32,72,78,24,67,11,23,89,56,97,0,18,26,3,21,29,57,42,45,28
49,56,76,14,10,69,18,1,53,86,20,82,66,98,81,7,8,11,96,17,85,5,41,93,16,24,54,36,19,65,59,30,84,80,0,88,75,95,57,50,34,60,58,62,46,71,77,47,28,43,89,87,64,33,92,99,61,68,40,37,9,90,94,73,79,27,22,72,52,55,83,4,6,15,25,63,32,48,97,12,23,29,78,45,91,38,31,67,13,51,35,3,21,2,26,74,39,42,44,70
10,56,6,27,70,7,18,1,11,17,89,77,92,98,64,42,8,34,15,86,73,57,71,93,87,65,49,85,19,16,76,24,84,39,0,53,2,60,22,50,14,80,58,97,46,95,5,66,28,67,94,36,54,33,82,38,32,68,40,81,91,37,69,62,96,75,61,72,41,29,88,4,79,59,25,83,63,48,90,35,43,31,99,45,55,9,78,21,13,51,52,20,23,26,12,74,47,30,44,3
7,56,70,29,80,62,37,1,96,91,89,94,25,34,64,16,39,68,77,90,99,57,81,92,52,65,49,47,50,28,10,24,88,26,0,53,76,66,13,44,14,59,85,97,46,63,82,84,55,8,98,42,54,33,51,38,32,41,18,27,30,58,69,93,86,75,15,72,17,40,95,4,67,5,60,48,73,31,11,35,43,74,9,79,78,61,71,6,45,20,36,87,83,22,12,2,23,21,19,3
7,98,70,96,80,23,50,1,90,94,0,97,65,54,67,75,40,55,31,47,73,30,81,79,99,78,93,12,89,51,10,24,88,74,38,69,76,46,84,44,8,37,57,85,45,63,82,27,21,17,19,42,13,33,64,92,32,39,61,2,68,58,29,35,86,77,62,14,18,53,28,4,72,5,60,48,91,56,16,25,95,49,9,36,15,34,71,20,6,43,59,87,52,26,11,83,22,66,41,3
57,98,93,19,73,40,7,1,53,15,21,43,16,54,67,97,99,55,94,26,76,85,0,28,96,78,35,50,79,75,10,3,58,74,22,38,80,91,84,71,83,32,95,31,45,63,17,27,92,20,44,65,13,5,69,61,46,39,59,30,68,12,29,66,86,89,56,14,18,87,70,34,9,81,60,48,23,2,33,8,82,88,90,62,37,51,24,77,6,47,4,64,52,25,11,49,36,42,41,72
57,20,41,15,59,45,88,22,38,36,10,49,4,48,73,97,82,86,94,28,60,18,0,37,67,65,35,92,21,75,72,55,32,74,78,76,91,61,83,58,81,2,47,12,84,1,56,63,64,66,44,50,33,5,69,96,46,39,11,30,68,53,98,29,16,89,54,31,7,87,70,34,9,8,93,26,85,51,71,40,23,6,90,3,43,95,24,77,80,62,13,79,52,25,27,19,17,42,99,14
57,20,64,6,45,47,37,18,5,82,10,49,78,87,22,30,94,98,88,28,15,97,0,9,71,41,39,50,67,75,46,40,65,74,73,76,91,81,4,24,63,2,34,16,8,26,53,17,21,66,44,3,36,58,90,96,59,55,62,52,68,95,25,60,92,38,79,31,7,14,12,72,70,29,93,89,84,51,69,13,80,11,85,1,43,23,48,77,86,54,56,61,32,35,27,19,33,42,99,83
26,59,64,1,45,33,75,92,14,36,10,53,8,5,22,30,94,47,50,34,77,82,0,9,71,41,39,98,78,79,52,67,65,99,40,80,24,43,37,46,16,70,88,29,7,15,6,17,93,66,44,20,76,21,81,73,25,11,62,12,68,72,95,60,56,18,35,90,63,87,55,4,13,83,19,89,84,51,69,49,31,61,42,97,38,23,48,74,85,54,91,27,58,57,96,86,2,28,3,32
26,91,94,1,25,95,33,50,3,36,78,77,8,16,22,6,17,81,73,15,64,82,27,9,18,41,39,75,52,79,74,67,65,92,32,87,31,43,86,37,85,45,62,29,46,57,55,19,47,66,61,20,42,11,14,68,7,10,34,69,21,72,49,90,56,76,53,24,80,51,23,12,44,83,30,89,84,60,54,0,63,38,40,97,5,99,48,28,70,35,13,59,71,58,96,93,2,4,98,88
26,83,7,1,25,95,34,80,72,90,79,77,57,5,86,6,87,81,73,49,56,88,32,70,18,28,51,75,52,69,74,82,65,19,30,41,2,43,89,71,48,99,23,21,22,64,17,10,78,66,44,8,93,11,31,68,50,47,12,4,15,91,37,39,55,76,16,24,45,94,54,20,33,84,96,92,42,61,14,0,36,29,63,97,38,60,27,53,9,35,13,59,3,85,67,40,62,46,98,58
71,33,7,1,20,6,34,93,5,53,79,77,57,18,67,92,51,86,48,30,56,49,32,47,31,28,72,75,0,69,74,55,65,19,99,85,37,62,21,68,10,90,82,80,27,73,17,83,38,66,12,8,95,11,89,16,24,9,59,43,3,14,58,97,60,64,78,22,45,46,54,52,26,84,91,44,70,88,87,41,96,29,61,76,94,35,25,23,4,50,13,63,36,39,2,40,42,81,98,15
82,64,2,92,85,70,28,99,5,7,79,40,22,25,0,6,97,86,48,11,38,4,49,72,17,30,41,93,21,69,1,55,18,19,50,77,95,76,74,56,16,10,34,80,37,33,27,83,54,68,12,47,31,8,36,60,67,29,59,73,3,9,58,24,52,96,78,35,45,46,20,87,26,57,91,66,13,88,51,32,84,65,71,62,94,98,61,23,53,89,44,63,43,90,75,14,42,81,39,15
82,25,18,71,62,58,20,99,27,7,33,52,22,47,57,60,61,86,48,49,94,4,29,72,91,41,38,93,21,98,80,81,12,19,70,77,9,76,74,85,44,10,34,0,37,23,68,83,11,88,24,92,79,50,36,16,67,46,97,35,43,56,95,65,28,1,78,30,6,45,87,84,15,32,2,66,75,89,53,14,54,17,26,59,73,96,40,8,55,64,3,63,13,5,90,31,42,69,39,51
82,25,1,71,26,58,93,66,87,7,88,48,18,53,73,44,46,39,16,47,84,38,29,86,91,17,78,35,14,65,80,75,24,98,20,77,12,6,52,94,33,10,34,41,37,40,81,90,11,19,56,76,72,22,36,30,4,92,70,43,99,62,95,97,28,21,0,79,67,54,9,89,15,32,83,27,13,69,60,74,59,23,64,63,2,96,68,8,45,85,3,49,61,5,55,31,42,50,57,51
29,25,53,71,24,46,93,59,16,54,88,99,90,72,32,33,45,39,61,47,30,70,1,44,28,69,77,42,14,3,78,18,12,82,58,15,48,43,81,85,94,75,27,41,37,40,26,6,84,19,80,76,51,11,74,57,35,67,52,20,89,7,73,97,5,21,0,79,95,49,9,66,87,62,83,38,98,2,96,34,56,23,64,63,10,86,68,8,91,60,22,36,4,92,65,31,55,50,13,17
96,35,83,71,24,44,67,78,56,54,9,77,53,72,32,37,48,79,98,45,30,88,1,47,28,15,92,90,55,42,22,75,12,7,58,61,26,43,14,85,31,87,27,97,0,3,39,52,84,23,91,82,51,11,46,76,66,81,60,41,8,50,94,57,5,21,16,70,65,6,19,89,80,62,73,20,29,2,40,34,95,38,64,25,10,86,69,36,59,93,49,33,17,99,74,4,68,63,13,18
86,55,2,11,24,10,5,73,56,70,35,61,53,72,32,96,93,79,34,45,3,87,1,14,16,52,31,19,47,42,46,33,12,66,58,41,26,64,89,50,13,88,27,23,0,78,59,75,84,37,44,28,94,60,21,76,71,81,65,80,8,85,30,57,25,69,40,91,99,6,90,29,15,51,92,67,97,54,68,83,62,36,98,20,95,82,9,38,39,7,77,22,17,48,74,4,43,63,49,18
81,29,67,7,24,10,5,12,69,11,92,23,70,72,96,28,93,88,34,46,49,15,26,66,2,90,31,84,47,42,91,63,64,76,51,39,52,56,89,74,18,41,27,25,86,79,3,75,61,62,53,37,94,48,21,19,77,32,87,80,16,1,30,57,68,73,35,14,65,78,99,59,38,13,60,95,83,54,85,50,58,36,44,20,97,82,9,8,43,55,6,22,17,71,45,4,33,0,98,40
81,78,67,56,0,52,5,12,51,55,92,4,70,72,10,61,23,99,2,65,49,54,19,15,22,89,41,17,42,58,80,20,64,26,3,39,13,62,21,16,98,75,27,76,73,68,97,25,77,60,43,37,94,48,95,82,28,31,87,90,46,38,96,57,47,7,35,36,33,32,11,24,8,74,88,30,83,93,85,50,63,45,44,84,59,79,9,14,66,29,6,53,34,71,91,1,18,69,86,40
81,84,67,51,31,47,55,40,72,63,98,6,70,93,10,61,1,28,2,89,49,17,18,15,4,95,19,53,42,50,13,22,80,26,66,57,9,62,12,85,82,75,96,76,73,68,94,25,77,99,0,37,59,48,14,87,34,32,45,21,46,54,33,11,60,27,35,44,92,36,65,43,8,74,58,30,24,5,16,3,90,20,78,86,23,64,91,56,52,29,83,71,7,97,38,88,41,79,69,39
19,82,67,34,51,16,94,29,98,63,39,50,70,8,89,61,37,66,57,81,23,87,1,10,76,3,41,46,88,58,13,72,14,26,20,4,80,2,12,85,56,74,25,53,40,68,86,77,28,59,22,35,15,97,42,55,96,32,45,21,47,62,33,11,60,27,9,52,92,36,65,43,48,75,93,44,24,79,95,30,90,18,31,17,99,84,91,7,64,78,83,71,54,73,0,69,5,49,38,6
37,18,4,60,65,23,31,20,2,84,39,50,70,7,53,10,24,17,57,81,59,87,1,46,48,49,32,3,15,52,13,43,54,58,83,8,67,61,12,85,56,74,63,90,40,75,86,77,82,25,22,51,11,91,88,55,41,38,45,29,9,96,33,89,30,78,98,66,28,79,21,34,92,14,76,44,6,97,95,68,47,99,62,27,69,72,80,5,64,42,35,71,19,73,0,26,16,93,94,36
37,90,13,60,25,23,62,20,27,6,55,14,84,34,75,64,10,95,96,42,59,88,87,80,48,43,32,3,1,16,33,21,66,58,71,39,67,61,15,76,56,74,86,79,40,5,51,2,82,57,70,77,17,24,73,26,11,98,45,50,9,31,83,49,30,18,29,22,63,78,97,41,92,54,65,44,89,12,8,68,85,4,81,28,69,7,99,38,52,47,94,46,19,91,0,53,93,35,72,36
98,90,42,60,30,50,74,54,3,66,87,71,80,2,12,63,39,95,13,37,26,6,84,58,48,19,32,34,1,15,69,23,33,89,9,43,86,97,8,67,56,24,28,27,7,75,51,96,52,62,70,49,17,40,61,72,76,79,25,20,14,44,83,53,82,99,88,45,64,78,31,41,92,18,65,10,59,11,68,29,77,4,81,73,94,16,5,38,21,47,57,46,55,91,0,22,93,35,85,36
94,90,42,37,3,50,32,96,89,77,13,4,73,44,20,25,41,95,28,67,59,58,52,1,34,19,72,61,69,88,11,23,33,84,93,43,86,55,45,91,56,24,17,68,7,75,2,31,49,39,70,8,87,38,54,60,76,80,12,63,30,6,71,27,62,48,66,74,64,40,82,0,16,18,65,10,53,81,15,51,97,26,29,9,99,98,5,83,47,92,57,46,78,22,79,14,21,35,85,36
94,12,37,63,3,50,32,38,92,29,61,56,57,69,93,25,49,54,91,73,8,84,79,90,35,0,13,19,81,88,11,83,52,22,33,68,7,74,98,65,23,24,17,31,14,59,2,28,6,26,70,85,48,1,41,60,53,47,21,20,45,43,71,75,62,58,66,4,64,40,82,39,16,72,89,10,51,42,15,36,97,77,55,9,67,99,5,80,96,86,95,76,78,30,87,46,34,27,44,18
67,38,94,6,87,28,70,62,31,49,9,7,41,54,93,25,34,98,91,73,22,84,32,75,90,0,24,19,1,88,11,72,52,92,44,35,78,59,33,65,86,99,77,81,58,56,37,29,64,26,39,15,48,16,68,80,53,47,21,20,74,43,71,30,27,10,66,17,12,82,23,5,69,79,61,46,57,13,40,51,97,45,55,36,85,14,89,3,96,83,50,76,4,60,95,42,8,2,63,18
52,81,93,6,94,9,14,25,50,43,57,18,41,54,11,78,34,51,91,24,65,84,32,4,29,0,55,40,92,53,99,72,97,67,56,75,20,59,64,90,74,36,77,71,58,7,37,23,68,48,44,82,27,16,87,80,10,19,5,33,61,38,21,42,28,49,66,17,70,39,73,98,31,79,12,46,26,13,86,1,62,89,15,47,30,95,85,3,96,83,69,76,60,45,2,88,35,8,63,22
54,81,40,90,89,69,36,25,19,43,48,18,27,30,11,78,34,55,2,68,80,13,35,92,42,0,99,31,29,53,50,72,14,67,41,75,49,32,64,33,52,22,1,93,9,60,73,46,87,84,44,82,23,16,8,15,10,47,95,96,61,5,21,71,28,6,66,17,70,56,4,77,94,12,91,20,24,38,74,37,62,76,51,88,59,86,83,97,26,65,63,79,98,45,39,57,7,58,85,3
54,71,88,42,20,21,36,25,97,43,65,37,57,30,11,90,34,39,41,18,16,99,2,69,64,19,83,52,29,53,50,59,14,60,87,45,49,32,61,7,84,22,13,93,9,1,68,3,70,23,48,63,35,67,47,15,10,0,78,96,81,55,27,80,38,44,95,72,6,56,40,77,5,74,91,4,92,82,79,89,62,31,98,8,58,12,46,73,26,17,24,51,76,33,86,28,66,75,85,94
41,67,75,62,15,84,85,57,98,3,14,44,42,0,2,90,38,12,74,18,86,40,66,69,64,19,6,78,29,35,54,71,72,30,39,45,81,32,16,28,13,60,24,93,9,88,79,73,83,25,48,63,1,50,7,23,10,31,53,34,52,55,27,80,96,5,95,59,22,56,87,20,4,70,49,61,26,11,47,89,17,43,82,8,58,68,46,37,77,65,36,51,76,33,99,91,94,92,21,97
90,67,75,62,99,19,88,11,57,7,9,60,82,2,58,22,40,55,34,18,49,50,66,27,64,41,6,78,29,71,46,43,14,30,98,28,81,32,56,89,13,87,51,80,94,48,93,39,68,25,72,73,54,83,74,52,10,31,53,65,77,70,15,38,42,5,35,69,24,79,47,96,4,23,97,61,26,1,92,20,86,3,44,8,36,84,16,37,0,45,63,12,76,17,95,33,59,85,21,91
73,66,93,62,99,41,88,63,31,22,89,9,82,2,68,40,49,76,34,18,19,6,78,27,64,50,3,16,37,83,46,15,36,30,74,28,11,32,91,92,26,87,51,70,98,48,71,81,33,80,47,57,7,14,65,79,56,43,69,38,29,45,75,20,42,95,35,23,59,54,52,67,61,53,97,0,13,1,96,90,8,58,44,72,4,5,24,77,55,39,25,12,94,17,60,84,86,85,21,10
10,66,69,62,80,60,84,65,64,86,89,58,82,93,95,54,90,7,51,49,81,4,24,27,96,50,3,16,15,73,47,91,36,30,14,57,11,32,98,19,83,87,70,75,28,48,52,79,37,78,25,34,97,88,40,56,26,22,46,38,29,33,18,20,45,92,43,23,59,42,39,8,61,0,77,17,41,21,9,63,71,72,44,53,67,5,13,31,55,68,76,1,94,99,6,2,35,85,74,12
25,66,53,62,80,60,59,65,71,67,89,14,24,96,95,54,90,82,49,3,9,10,38,27,0,2,61,91,15,55,33,36,72,74,83,47,11,51,88,19,81,50,70,73,86,97,48,1,63,75,87,34,64,28,52,4,26,39,46,57,45,21,93,16,78,13,43,41,35,56,31,92,7,8,77,17,98,29,23,6,22,58,44,30,94,5,79,76,12,68,69,32,18,99,37,84,42,85,20,40
17,69,7,99,82,72,28,57,96,8,89,14,23,29,26,73,65,18,92,83,90,10,38,11,36,2,61,91,1,55,33,60,80,97,31,47,51,66,93,4,6,50,70,20,15,77,12,34,95,75,87,13,64,32,52,30,85,9,46,25,45,21,35,16,74,84,68,49,86,56,53,54,62,27,24,40,43,59,78,5,48,58,44,79,88,81,39,76,71,19,98,63,94,0,22,67,42,41,37,3
84,35,7,96,82,72,68,95,23,8,21,14,27,9,55,73,60,38,92,25,90,44,31,42,17,2,89,30,46,66,34,69,80,11,24,78,51,94,93,32,53,6,75,62,15,77,12,19,58,45,87,13,86,18,52,47,85,43,1,70,98,71,59,0,81,29,67,40,20,54,97,49,50,41,4,57,26,5,64,65,91,36,74,16,88,83,39,76,33,99,56,79,10,61,22,48,63,28,37,3
84,35,45,92,82,41,3,95,61,15,8,9,27,43,94,21,39,19,16,54,90,44,31,50,29,2,67,12,46,59,97,24,80,62,11,79,51,22,93,32,66,6,13,75,33,99,30,71,58,10,53,23,86,18,14,98,38,36,49,64,52,89,69,0,34,63,1,26,74,96,5,85,47,42,4,57,40,70,7,55,91,25,77,37,60,72,73,76,88,78,56,20,28,68,83,48,81,17,65,87
73,35,48,92,66,41,29,59,17,86,8,3,75,43,94,21,18,19,44,54,88,40,70,28,60,61,67,82,91,12,97,23,98,5,46,1,51,36,58,32,20,33,45,31,76,99,30,72,93,37,79,68,64,50,89,27,15,34,39,77,52,62,69,0,63,4,9,26,42,96,84,13,47,55,53,10,71,25,7,2,83,57,49,16,38,65,14,22,6,78,56,80,81,24,74,95,85,90,11,87
83,39,63,93,92,96,29,3,17,86,41,77,75,30,67,68,61,72,1,35,97,40,54,90,87,56,59,14,91,73,60,85,48,9,44,46,51,36,95,31,20,62,64,80,76,99,34,42,12,50,79,2,28,25,89,22,98,26,5,33,52,43,66,69,82,37,23,4,19,15,84,13,94,58,53,45,71,38,7,24,16,57,49,65,55,21,88,32,6,78,18,27,0,47,74,81,8,70,11,10
42,39,73,93,21,8,29,41,89,45,35,77,65,96,80,68,13,6,59,57,49,83,85,10,51,56,16,95,91,79,60,5,92,55,44,99,0,28,75,31,12,14,64,38,76,19,43,78,54,62,67,2,98,86,4,48,94,26,30,33,52,32,22,69,40,20,50,63,3,25,23,1,11,58,53,61,34,46,37,9,90,36,17,82,7,84,88,15,97,87,18,27,66,47,74,81,24,71,70,72
70,38,73,81,17,40,28,41,89,44,67,74,45,8,95,68,24,87,84,57,49,25,85,20,51,9,16,42,7,2,93,13,31,55,94,54,0,71,19,92,12,65,6,34,75,30,56,78,66,62,39,72,91,98,4,29,77,26,14,33,90,50,22,69,5,1,43,63,96,82,32,76,37,11,59,61,79,83,64,58,60,36,46,86,47,88,3,15,52,21,18,27,80,99,35,97,10,48,53,23
58,42,87,81,17,10,28,56,30,98,73,7,86,41,5,63,24,70,25,57,49,48,74,84,85,22,71,75,3,29,27,59,31,14,67,60,61,20,19,92,16,8,6,34,9,32,52,80,45,11,55,38,78,54,4,62,23,26,89,33,94,68,12,44,76,36,43,0,93,82,72,66,37,53,95,83,2,40,64,39,65,90,46,51,47,77,13,79,91,21,18,69,50,99,35,97,96,88,15,1
58,9,87,81,61,99,64,35,30,52,39,7,86,41,12,98,24,16,56,73,95,72,82,84,13,67,97,19,79,27,8,17,76,3,21,60,89,93,4,14,42,45,6,37,38,20,34,1,94,11,74,32,78,47,54,57,33,48,25,92,80,68,36,44,70,22,18,0,85,28,15,66,59,53,83,31,2,23,10,69,49,90,46,63,51,75,26,62,91,43,55,71,50,40,29,5,96,88,65,77
43,76,69,60,94,53,54,3,30,36,39,95,86,37,12,61,57,82,56,11,70,8,44,98,13,31,97,67,91,27,78,81,79,2,21,71,99,93,73,14,49,45,32,62,38,42,34,89,17,68,63,66,28,47,4,75,33,7,22,92,6,40,48,55,20,16,18,0,1,35,19,77,59,84,10,58,64,23,85,24,26,74,15,25,90,51,83,41,87,5,46,80,50,72,29,65,96,88,52,9
43,47,93,29,91,16,86,98,34,9,39,10,62,79,0,55,57,82,56,58,70,85,99,72,13,6,24,67,21,59,78,74,81,76,12,11,68,41,73,14,49,45,26,3,18,42,5,32,50,66,44,51,83,75,4,97,94,7,28,92,17,40,25,87,89,23,31,95,53,20,19,77,33,37,61,8,64,90,71,46,69,1,15,96,60,30,22,88,54,48,2,80,63,36,84,65,27,35,52,38
43,10,70,29,17,49,79,98,39,9,2,34,63,37,75,55,14,87,19,66,86,56,23,32,30,6,96,72,4,93,84,24,90,97,35,11,68,46,53,51,1,45,26,16,18,99,5,61,31,94,57,71,83,91,0,69,38,7,28,13,47,21,44,62,89,60,74,95,50,20,15,78,33,58,82,59,64,73,25,67,88,76,52,81,85,42,41,3,54,48,22,80,92,36,77,40,27,8,65,12
69,40,15,61,14,49,47,62,20,35,48,53,63,37,75,55,22,4,39,66,31,56,17,32,30,91,80,72,13,93,84,82,25,38,29,11,68,9,42,21,98,60,26,50,36,99,5,8,88,94,57,65,33,18,83,12,86,19,43,1,85,97,44,2,64,23,74,78,10,73,58,28,52,81,27,46,59,87,16,3,89,67,96,0,6,24,41,76,54,79,90,70,92,51,77,34,7,45,95,71
5,79,15,40,14,26,35,66,20,27,98,36,16,37,92,45,76,91,38,39,31,83,4,2,30,84,80,42,69,93,75,82,43,47,86,11,55,71,61,78,96,60,48,50,24,67,49,12,88,34,70,53,95,18,56,13,81,46,62,25,21,6,97,85,73,23,74,58,10,57,44,22,89,68,54,94,59,87,63,3,29,65,1,0,8,72,52,64,9,99,90,19,41,51,77,17,7,32,33,28
5,92,15,40,97,26,27,28,58,73,25,36,88,60,62,77,63,94,78,39,6,83,37,4,90,52,74,48,44,45,75,11,43,47,81,51,18,71,87,80,16,49,72,50,24,29,55,12,69,57,20,96,95,41,56,13,19,46,93,35,21,9,99,85,91,23,59,82,14,34,31,10,0,2,54,61,30,86,79,38,76,67,1,70,8,53,68,66,64,84,89,22,7,65,42,17,98,33,32,3
5,21,15,40,73,61,65,46,58,59,71,36,28,60,79,91,88,66,32,39,48,6,34,57,29,3,98,20,44,2,75,11,8,55,51,47,81,63,43,22,14,35,18,82,26,10,72,97,89,7,37,96,33,41,56,13,19,77,69,74,4,16,99,85,27,45,67,12,62,83,31,80,38,64,52,95,30,68,24,0,76,86,1,70,23,53,92,54,25,49,87,50,93,78,42,17,9,94,90,84
76,67,37,84,58,31,77,35,92,30,49,19,55,60,21,86,88,57,32,27,48,44,34,54,89,3,8,20,13,73,2,71,29,28,5,64,81,63,43,22,14,66,45,72,26,10,46,40,11,95,39,96,42,75,82,16,65,23,69,12,4,18,99,74,51,38,68,6,62,0,79,94,80,85,52,7,24,50,33,91,97,61,83,70,1,53,56,98,25,15,17,87,93,78,41,90,47,9,36,59
76,99,37,27,58,31,83,90,92,95,12,0,51,60,21,18,88,57,15,16,36,13,80,81,89,82,30,20,49,73,2,71,29,33,5,53,47,44,74,22,68,28,69,72,78,45,43,56,62,3,40,65,23,7,17,66,91,11,64,77,4,52,70,26,86,98,32,54,75,8,63,94,85,96,67,1,35,38,42,9,24,61,6,97,55,79,84,50,25,46,19,87,10,48,41,93,39,34,14,59
49,99,65,27,73,52,61,90,67,95,43,70,13,48,0,74,20,55,81,26,28,25,92,23,89,44,4,11,30,83,2,71,29,10,97,12,8,46,59,77,82,9,87,72,80,45,24,69,62,94,36,41,37,7,39,66,33,86,64,18,31,38,17,76,88,98,32,54,78,15,63,58,85,96,53,1,35,3,16,5,40,57,34,93,56,79,91,50,75,47,6,68,51,19,60,84,22,42,14,21
32,0,64,27,62,61,51,84,67,78,79,5,38,48,24,12,70,1,81,26,88,33,92,69,28,8,4,11,30,36,10,71,7,31,57,80,87,19,23,86,49,59,9,55,42,45,52,20,56,35,43,66,73,99,39,50,44,6,74,18,14,77,17,47,3,98,97,54,91,94,13,58,85,96,53,65,93,40,16,82,25,76,72,2,90,34,95,41,75,46,89,68,37,29,60,21,22,15,63,83
32,8,64,20,49,61,51,73,67,83,11,29,34,78,24,81,58,1,10,26,88,52,86,12,46,2,91,44,5,23,50,0,62,89,56,25,99,19,14,43,75,59,9,55,66,45,16,33,79,35,71,17,85,72,22,63,68,6,42,84,18,95,60,47,77,98,30,57,87,92,13,27,31,96,7,65,28,40,54,21,53,76,70,93,90,15,3,82,97,74,4,48,37,41,39,69,36,94,38,80
18,42,24,57,38,61,56,75,99,83,11,58,28,78,0,81,77,1,10,40,45,52,86,34,14,51,46,93,90,23,50,32,44,63,15,54,35,17,65,43,84,76,9,55,13,96,16,26,39,72,89,33,5,67,66,2,60,8,37,4,29,20,59,47,91,70,30,87,6,92,64,3,31,21,79,25,69,74,53,98,82,71,7,22,95,73,85,62,97,27,12,48,88,41,49,68,36,94,19,80
46,9,24,87,0,64,85,28,60,99,11,51,75,98,7,56,77,1,10,70,79,88,86,93,14,90,43,37,61,50,59,32,44,91,41,54,47,94,65,66,52,76,34,62,40,96,5,12,3,18,2,33,78,67,20,81,4,8,84,83,29,55,89,45,23,42,30,26,71,92,6,57,16,21,97,53,22,74,27,73,69,31,17,49,95,38,68,58,25,72,13,48,39,15,19,35,36,82,63,80
61,35,59,13,73,64,44,46,8,99,11,20,17,49,7,37,75,65,60,95,79,88,70,93,0,90,94,80,67,3,85,31,14,32,48,10,47,39,55,34,5,82,9,62,98,52,38,12,96,26,2,33,21,69,41,50,4,78,84,18,57,81,40,72,68,42,30,76,89,92,6,56,91,83,54,97,22,74,27,53,86,71,24,58,51,25,63,45,43,29,66,28,23,15,19,77,36,1,87,16
86,66,27,36,72,64,44,60,50,98,94,29,84,55,7,37,10,68,31,25,79,62,1,56,61,24,70,3,49,28,8,78,65,32,21,18,47,20,80,34,5,13,33,11,9,52,38,35,96,26,92,2,91,59,51,39,99,19,81,77,57,93,63,90,73,42,30,76,89,82,71,48,88,69,0,97,12,74,14,53,75,40,22,58,45,6,67,41,83,4,46,85,43,15,17,54,95,23,87,16
61,83,53,36,39,64,18,88,50,71,94,68,73,55,59,20,99,6,31,56,66,27,1,82,12,65,70,25,84,76,45,78,16,32,9,44,75,89,77,97,28,13,33,91,96,34,38,48,87,95,21,2,7,52,51,29,72,19,63,49,57,4,67,90,80,42,79,60,40,26,62,81,35,5,0,92,86,54,47,17,11,41,22,58,69,3,8,74,98,37,46,93,43,15,85,14,24,30,10,23
61,25,35,83,91,45,86,23,39,74,59,69,73,54,34,20,99,46,19,2,66,27,1,33,12,0,82,7,17,92,42,43,63,32,9,44,50,8,84,97,89,51,77,38,53,21,28,16,98,95,48,6,31,90,29,79,72,55,11,56,57,94,76,75,80,71,62,60,41,70,68,65,18,96,87,40,26,64,13,36,67,37,22,58,85,3,5,4,49,14,81,93,47,15,88,78,24,30,10,52
61,25,46,83,91,99,43,90,78,74,96,30,36,38,88,69,15,2,29,73,72,49,1,17,68,7,19,63,3,75,35,23,4,87,80,44,50,64,59,33,27,51,92,18,66,45,28,21,98,41,8,6,13,60,0,79,16,40,52,56,57,94,76,93,5,71,62,95,85,70,22,67,9,65,39,81,34,26,84,37,12,32,97,58,77,54,82,42,89,14,31,53,47,20,86,55,24,11,10,48
94,14,81,6,3,77,82,90,83,61,40,46,88,38,75,79,15,65,96,73,72,44,1,54,12,59,19,63,55,39,35,97,69,89,47,91,85,74,32,33,27,45,92,21,31,71,53,43,98,23,8,93,5,60,0,13,50,42,52,9,57,30,76,41,7,28,70,95,68,10,22,67,48,24,11,78,36,66,84,51,17,37,4,58,16,49,29,64,80,86,99,87,26,20,18,56,25,34,2,62
44,18,71,82,61,38,3,0,83,80,40,46,88,87,97,43,15,60,55,73,4,33,41,1,16,58,23,14,52,39,28,91,51,30,74,94,85,6,32,96,9,27,8,79,13,49,12,95,98,50,62,93,20,77,66,2,59,42,72,89,57,92,76,86,7,5,70,45,34,10,29,67,63,31,11,53,35,54,84,68,17,37,69,47,21,90,65,64,26,75,99,81,24,78,56,48,25,36,22,19
94,5,70,2,14,76,3,0,64,80,72,23,4,46,97,43,15,18,30,73,87,49,98,51,8,21,54,90,1,57,26,83,35,40,13,34,85,71,32,42,28,27,91,79,20,93,11,95,55,41,62,63,29,86,24,65,59,56,61,75,38,92,89,25,7,60,82,45,16,10,67,6,74,78,88,84,66,31,39,50,17,37,9,47,69,58,48,44,19,96,99,81,33,12,68,53,52,36,22,77
34,43,39,25,99,75,3,77,64,31,57,14,83,56,26,82,44,72,30,94,4,49,81,16,8,21,67,90,1,79,52,54,97,71,19,63,13,15,32,84,2,58,86,61,91,59,53,35,11,41,0,65,29,33,24,51,55,78,70,38,17,50,89,85,7,62,96,93,66,60,92,6,74,87,88,95,98,5,40,76,42,37,9,47,69,28,48,68,20,27,45,80,10,12,23,73,18,36,22,46
44,55,39,60,25,0,3,77,74,83,32,30,95,61,5,82,29,72,80,94,4,86,97,16,52,53,50,20,42,1,6,58,15,63,98,67,13,76,14,96,9,2,87,65,91,59,17,35,11,47,68,56,41,33,34,51,90,78,81,26,79,22,40,75,7,70,88,57,66,89,92,18,64,45,85,73,12,54,46,62,93,37,43,99,84,28,48,38,69,27,31,21,71,24,23,8,49,36,10,19
44,0,16,60,25,82,59,13,54,85,58,4,97,61,5,11,29,72,51,34,86,38,98,63,52,76,50,20,42,57,68,32,88,80,89,67,62,96,71,73,37,2,90,1,91,26,15,33,87,47,48,9,27,70,79,77,78,94,81,40,93,41,74,83,17,75,39,6,66,24,92,18,84,45,56,69,64,53,22,7,55,65,14,99,95,10,28,46,12,43,31,21,23,36,8,35,49,30,3,19
44,50,86,97,25,92,59,66,12,85,8,27,54,31,23,0,82,72,55,9,21,38,98,11,35,14,18,99,74,57,61,32,88,93,89,30,62,96,80,73,91,94,20,53,71,68,75,33,67,63,45,64,4,95,87,17,24,76,81,40,48,41,70,83,47,13,42,6,2,51,77,58,90,79,39,56,29,60,22,7,69,15,19,16,37,10,28,84,36,26,52,34,46,1,65,3,49,43,78,5
93,50,72,46,79,92,59,66,52,39,8,9,90,73,86,85,65,68,55,53,35,98,61,54,27,2,18,5,70,83,11,32,47,82,89,62,22,96,56,21,91,10,94,25,13,64,87,16,67,63,26,74,4,95,34,14,24,76,81,40,71,43,45,44,42,33,15,6,17,51,23,77,60,48,7,41,88,99,57,19,30,38,58,80,3,20,28,84,36,37,12,49,69,29,31,1,0,75,78,97
93,65,97,12,18,59,74,66,5,37,8,63,84,51,86,46,6,24,34,39,35,81,73,54,26,3,27,98,88,83,60,64,94,82,30,2,22,95,99,72,91,10,45,41,13,7,20,16,23,31,1,61,4,17,62,9,15,89,50,56,71,43,68,44,42,92,48,32,33,76,11,77,14,78,49,90,85,80,57,96,36,38,58,69,75,79,28,25,52,47,70,55,19,29,67,40,0,87,53,21
93,21,46,71,18,54,74,66,98,91,41,22,95,48,61,49,6,24,34,39,35,81,5,89,57,3,27,29,87,8,37,64,73,82,83,40,62,79,77,15,38,10,51,36,13,14,43,32,44,0,1,65,90,7,45,4,84,20,68,72,96,76,63,50,28,31,23,86,30,60,26,53,88,78,17,42,85,97,2,11,92,16,58,69,75,59,80,9,19,56,70,55,25,33,67,52,99,47,94,12
58,78,11,72,18,93,45,73,50,91,42,61,65,69,41,49,6,12,34,99,35,68,46,8,88,40,28,44,22,15,37,95,60,82,83,97,62,36,77,92,23,10,27,70,64,55,19,66,29,79,63,39,90,7,54,4,76,24,74,75,89,32,71,1,80,31,20,86,81,2,25,87,84,0,17,43,30,47,94,21,96,16,85,53,48,59,3,9,5,56,57,51,26,33,67,52,13,14,38,98
58,93,19,72,18,89,70,73,1,13,0,61,75,57,41,49,29,69,34,88,21,68,20,51,3,27,6,44,31,15,46,35,59,8,83,96,7,36,77,26,23,10,52,4,45,43,5,66,33,79,37,91,90,63,64,62,99,92,95,16,50,84,87,78,25,76,32,86,65,2,40,54,24,55,17,39,42,47,71,98,38,12,30,85,48,94,28,9,97,14,74,60,11,67,53,82,22,80,56,81
58,27,92,77,80,10,79,33,1,55,95,30,75,0,40,65,98,41,34,6,21,9,20,63,18,25,70,17,61,15,8,97,59,19,11,24,82,69,93,23,84,56,76,4,42,50,5,81,51,71,68,91,90,73,64,45,99,39,96,3,38,7,87,78,46,89,86,72,60,2,37,36,31,85,32,83,49,88,29,16,62,12,13,54,48,94,28,22,43,14,74,47,44,67,53,66,26,52,57,35
46,15,99,94,80,63,14,36,1,74,90,66,44,3,40,92,10,30,34,93,21,71,73,84,86,65,89,11,61,2,8,97,59,19,53,24,88,18,7,81,6,20,39,4,9,82,37,26,13,64,68,58,33,70,55,62,52,45,28,23,38,96,17,29,78,87,75,72,60,0,5,91,31,85,98,83,49,50,69,41,51,32,12,54,48,16,42,77,43,56,57,47,67,76,25,27,79,22,95,35
8,46,35,32,55,10,16,36,94,78,29,67,90,3,40,74,59,39,62,95,87,54,15,84,86,71,91,48,85,2,53,0,9,75,4,79,52,18,7,72,6,20,19,11,41,82,38,1,13,64,83,58,30,26,97,92,21,17,89,96,49,34,37,93,24,25,69,81,60,66,5,51,28,73,23,12,63,44,80,88,45,50,31,61,99,68,42,77,43,56,57,47,33,76,98,27,65,22,14,70
5,82,97,17,7,69,61,65,94,35,29,62,16,42,78,52,54,84,33,1,48,81,8,32,60,58,91,22,85,2,46,73,9,89,72,38,40,53,88,67,95,20,19,87,49,27,12,43,13,21,83,74,30,51,98,86,15,26,18,56,11,90,93,3,24,25,55,64,59,66,37,99,28,76,92,41,57,44,80,23,45,50,31,6,71,68,96,77,39,75,63,47,79,34,10,36,0,4,14,70
80,82,97,92,7,95,75,57,17,25,21,66,89,12,0,24,77,19,49,1,48,81,74,13,60,67,43,84,33,47,50,94,6,23,56,79,40,53,70,27,76,20,99,11,52,2,32,26,29,72,83,15,30,61,98,86,85,93,18,4,73,90,96,46,34,31,55,64,8,71,45,3,28,62,58,41,65,42,59,38,88,37,78,87,54,68,5,51,39,91,63,10,35,16,44,36,22,9,14,69
11,62,97,98,7,66,94,76,17,25,28,31,37,12,14,46,77,90,96,87,48,9,1,32,60,42,43,78,0,16,81,74,47,55,56,44,84,53,33,34,19,51,26,86,52,88,38,65,18,72,20,15,68,91,89,67,83,61,79,4,13,21,75,29,50,5,24,64,8,71,41,3,10,35,73,82,93,92,59,58,6,23,27,40,57,30,2,45,39,85,63,99,49,95,70,36,22,80,54,69
39,35,92,59,66,3,5,2,72,88,28,31,42,13,41,12,65,70,48,87,61,9,22,69,71,26,43,78,27,77,58,94,32,98,54,18,84,53,90,15,19,76,96,68,52,16,38,23,60,0,81,1,55,91,17,82,86,67,51,36,21,25,79,29,50,97,24,64,62,11,4,56,80,7,73,37,8,33,89,44,6,46,34,40,57,30,83,45,85,99,63,74,49,95,14,20,10,75,47,93
14,35,95,25,50,80,12,62,30,6,40,82,74,13,38,4,61,45,39,87,60,58,22,66,71,59,43,52,28,77,47,94,24,72,54,37,15,53,90,70,79,68,96,42,86,16,55,23,73,0,18,92,46,19,17,67,89,98,1,69,21,84,26,29,65,7,97,78,76,5,88,48,51,27,36,49,2,33,34,99,32,10,11,3,8,64,83,41,85,57,63,44,56,91,31,20,81,75,9,93
98,35,95,99,86,80,12,20,30,6,40,82,8,92,89,4,57,45,79,38,71,24,28,44,21,74,1,54,81,49,76,94,64,72,22,37,58,53,87,70,41,52,5,88,59,33,55,11,32,0,77,69,96,14,23,60,67,13,7,42,73,61,26,29,65,17,27,16,36,18,97,46,68,50,31,34,2,15,51,63,43,10,91,48,47,78,39,56,83,84,19,3,25,90,66,85,62,75,9,93
63,91,95,25,66,80,72,20,96,79,30,68,88,36,84,62,57,64,46,7,76,4,28,44,21,1,43,99,55,49,77,5,18,54,9,37,70,53,12,32,41,69,34,23,27,33,85,11,26,86,58,29,92,74,89,60,67,13,0,6,73,14,93,16,61,19,59,24,47,48,97,82,2,65,31,56,38,15,51,45,50,10,40,35,81,78,39,94,22,87,17,98,71,90,75,83,52,8,42,3
47,91,78,72,66,63,51,20,96,41,30,43,6,98,93,62,12,38,46,0,37,50,60,44,17,1,18,71,84,53,42,92,79,54,89,80,52,28,67,99,97,69,34,76,33,87,83,11,85,65,58,64,25,32,22,74,86,13,55,45,73,14,39,16,48,19,59,36,24,27,26,56,2,40,21,94,29,9,15,4,95,10,7,88,77,23,81,90,5,57,82,35,49,31,75,61,68,8,70,3
77,72,58,92,66,99,44,87,27,41,69,4,6,79,15,34,12,35,33,49,39,50,56,63,57,1,46,71,84,10,93,90,86,95,59,78,88,24,11,91,37,7,65,68,42,21,83,26,85,17,19,47,25,32,22,67,62,13,70,45,73,75,23,18,48,28,9,36,89,80,53,38,2,76,40,94,29,3,98,0,74,52,54,14,64,30,81,51,31,20,82,43,97,96,60,61,16,8,55,5
11,72,58,59,5,2,44,87,32,73,55,7,6,93,15,34,90,35,52,63,39,50,26,78,21,66,1,36,84,56,41,40,86,95,13,42,12,24,33,82,71,45,97,70,89,23,51,68,47,17,19,31,25,14,98,57,62,43,92,3,37,75,85,67,65,28,60,29,88,64,10,27,79,69,91,18,38,99,0,80,74,46,76,22,8,30,54,49,9,20,4,83,53,96,77,61,94,16,48,81
16,5,27,59,69,2,44,42,90,96,55,7,6,38,65,99,83,64,52,75,0,28,26,62,47,74,80,36,21,56,41,45,86,60,13,39,67,23,43,89,71,10,34,70,49,79,9,68,53,17,35,31,93,14,73,76,92,95,72,3,54,46,24,81,63,84,58,29,88,8,25,94,33,57,61,82,97,11,51,18,4,77,78,22,91,30,66,40,37,20,32,98,12,85,19,15,87,50,1,48
16,95,10,2,69,96,44,8,90,54,84,34,81,71,65,13,83,48,26,97,0,58,80,6,47,56,68,21,36,32,87,55,86,60,52,45,39,93,91,89,27,49,4,3,37,35,9,17,53,5,19,31,43,41,73,76,92,77,7,30,64,46,24,59,63,22,74,38,82,62,94,40,75,57,85,98,18,70,66,78,88,61,29,11,23,72,79,28,50,20,67,42,12,51,25,15,14,33,1,99
35,95,61,53,58,96,64,29,76,54,57,34,94,2,65,9,28,36,8,90,70,44,80,24,47,56,93,21,46,32,87,52,86,82,88,69,40,14,39,55,12,45,33,3,37,27,51,98,38,48,68,92,0,11,73,41,5,59,84,10,99,97,13,81,17,74,60,18,66,62,7,6,19,26,85,20,77,79,89,78,75,71,23,22,43,72,63,31,50,83,67,42,49,30,25,15,4,16,1,91
35,95,61,34,58,96,94,10,29,64,57,74,89,33,37,9,47,36,54,85,18,1,62,4,79,76,93,45,7,6,87,19,72,20,51,91,40,22,39,66,17,30,88,3,48,90,46,99,38,70,69,83,0,11,73,56,71,86,55,92,44,75,13,84,8,53,60,2,24,50,52,41,63,26,5,82,21,97,14,78,68,28,81,80,49,65,98,23,16,27,67,42,59,32,25,15,31,43,77,12
72,95,42,16,92,5,50,28,2,65,83,17,89,27,15,47,31,98,37,86,43,24,49,1,79,60,93,26,85,6,87,19,96,20,51,91,71,36,39,34,99,13,70,3,48,45,53,57,73,35,63,62,64,32,4,56,12,80,55,30,44,75,67,84,11,88,94,74,10,66,52,41,76,81,68,77,21,97,14,78,54,22,69,90,33,38,23,61,40,18,29,9,82,58,25,46,59,7,8,0
62,95,24,94,36,5,50,52,81,48,15,35,97,27,68,75,43,92,37,77,72,85,76,1,44,60,93,42,56,88,11,47,53,31,51,23,82,96,54,34,99,41,13,21,33,32,59,57,2,98,79,83,86,8,4,89,49,80,55,39,58,6,67,84,70,30,16,64,10,73,45,18,38,90,71,28,74,46,14,78,12,22,19,25,65,0,20,61,40,91,63,9,26,17,29,69,87,7,66,3
62,33,12,11,14,7,97,73,81,67,15,4,31,39,65,96,54,92,26,77,72,94,61,1,8,93,32,42,2,91,48,79,53,80,13,59,98,22,52,34,27,41,0,23,20,83,24,21,51,64,35,9,86,60,95,44,88,75,55,50,58,6,43,47,70,37,68,66,10,38,56,18,84,85,76,28,45,46,89,78,71,57,19,90,99,36,3,25,40,17,63,82,49,69,29,87,30,74,16,5
62,29,59,80,34,7,12,73,48,45,32,4,19,39,46,96,54,49,26,86,33,38,61,1,50,14,92,42,3,91,72,79,65,21,83,56,58,70,52,53,15,37,23,16,20,13,30,17,77,74,57,51,47,64,84,41,6,75,78,8,9,5,43,85,2,55,10,94,36,40,95,98,60,11,28,97,66,35,89,24,71,0,88,90,99,93,63,25,31,27,76,82,81,69,22,87,44,67,68,18
62,88,59,26,25,66,61,82,48,71,32,64,19,0,44,96,27,98,45,86,85,56,23,72,53,14,52,33,31,91,43,3,68,74,22,12,58,60,20,2,15,37,21,87,51,13,8,17,6,1,57,67,47,9,84,97,24,16,49,40,7,80,65,54,39,55,5,94,50,11,35,36,10,41,28,95,63,70,89,76,83,75,42,34,79,93,30,29,77,38,78,92,81,69,99,4,46,73,90,18
62,12,59,92,93,87,33,82,42,47,52,97,19,94,44,96,66,98,88,34,49,41,20,21,17,53,84,39,76,1,43,95,72,45,64,55,38,69,2,25,56,70,54,5,51,61,8,46,99,68,57,58,15,9,90,18,24,75,27,40,80,6,63,22,13,37,83,31,50,11,35,30,10,81,28,32,7,77,89,0,23,67,86,48,79,16,3,29,26,65,78,71,36,14,85,4,91,73,74,60
95,72,84,92,73,42,98,34,55,47,63,39,24,94,65,41,10,67,97,52,49,1,71,19,88,78,46,44,32,15,43,93,61,45,16,64,68,83,4,25,91,28,5,35,8,57,33,99,53,17,82,12,13,9,90,14,69,75,27,51,80,6,18,70,38,37,66,30,50,54,11,87,0,81,31,20,7,77,62,58,23,74,86,60,79,76,89,29,26,2,56,22,36,3,85,40,21,48,59,96
77,44,84,23,83,65,80,34,89,93,63,55,92,35,97,95,51,67,36,33,32,24,71,11,10,86,85,69,94,27,4,30,74,0,15,64,40,18,45,68,91,88,6,73,8,56,25,99,53,17,21,49,13,39,90,14,81,75,7,98,52,78,1,70,82,12,66,50,60,54,28,87,43,72,31,2,26,48,61,58,38,19,29,46,41,76,22,47,79,57,37,9,5,3,62,42,20,16,59,96
88,87,33,71,9,57,24,86,89,90,16,70,92,74,28,60,99,77,35,98,5,30,82,11,10,52,29,2,94,80,53,31,25,15,6,85,40,44,63,68,93,4,20,73,83,56,64,66,65,3,34,49,26,39,41,14,13,75,7,8,59,1,69,95,36,42,46,50,0,78,18,17,91,12,84,45,51,48,61,58,38,19,81,55,97,72,22,47,79,96,37,76,27,54,62,21,32,23,43,67
57,61,73,71,9,84,93,23,49,25,39,81,92,74,5,8,48,77,35,37,89,28,36,51,10,70,29,44,42,15,60,53,50,80,58,85,47,83,98,65,13,33,20,41,76,56,64,24,91,3,27,11,26,46,78,4,17,2,16,1,59,22,69,95,63,52,66,68,86,90,18,82,75,7,88,87,45,12,79,14,38,0,30,55,97,6,34,40,19,72,62,31,43,54,99,21,32,96,94,67
95,64,2,71,74,84,86,49,24,42,39,91,21,4,6,63,48,77,57,37,54,28,99,51,10,9,65,18,22,58,46,52,50,70,90,85,14,81,59,11,96,33,3,41,76,8,25,30,53,72,61,68,16,66,17,36,93,78,12,29,97,23,75,98,60,13,47,40,89,5,55,73,43,79,88,69,45,15,1,83,38,0,26,82,80,7,34,44,19,56,62,31,87,92,20,27,32,35,94,67
93,71,19,42,45,84,87,49,2,18,16,10,68,63,6,65,1,80,90,37,54,28,95,85,98,34,13,50,22,15,46,52,74,51,32,78,88,81,59,11,96,36,35,92,89,12,38,30,21,60,61,47,94,3,44,77,66,62,25,29,97,23,58,57,24,55,64,40,26,5,8,82,43,14,99,76,69,83,79,33,91,0,70,4,86,72,39,17,67,56,7,73,41,48,20,27,9,75,53,31
88,6,19,42,74,13,94,49,2,18,16,10,68,11,73,65,59,52,85,37,35,1,26,81,78,8,92,66,95,15,46,87,51,3,53,72,48,80,5,96,84,61,69,41,89,12,23,91,14,4,70,82,62,45,0,77,39,58,25,29,63,47,30,36,97,55,64,40,34,28,21,54,43,56,99,76,50,90,33,17,27,24,98,75,86,31,57,44,67,83,9,38,79,7,32,22,93,20,60,71
13,32,6,42,76,75,4,49,1,27,57,18,19,90,10,65,59,17,85,81,62,60,21,79,96,20,92,51,95,89,46,94,53,97,25,61,37,74,5,2,73,41,69,16,31,48,23,0,33,7,29,82,34,45,50,77,39,40,66,87,30,35,8,36,26,55,86,12,78,15,28,99,43,56,84,67,14,58,70,38,68,24,71,47,63,52,54,44,98,83,9,3,11,72,88,22,93,91,80,64
56,30,80,73,64,72,76,50,48,31,79,16,54,90,78,29,59,53,13,81,87,60,21,44,0,20,66,86,95,8,24,75,51,32,67,26,92,96,5,9,15,41,69,18,97,10,23,45,33,94,63,17,40,82,1,27,84,14,11,49,2,35,4,36,38,34,7,12,74,65,37,99,25,85,19,57,58,46,70,43,68,61,6,47,52,39,89,77,71,83,55,3,62,98,88,22,93,91,42,28
0,30,66,61,31,10,49,53,48,95,40,83,68,11,19,78,89,41,80,81,87,60,21,7,88,94,76,86,72,8,16,6,79,32,59,92,13,20,5,9,50,15,69,18,65,97,1,82,45,73,77,17,75,33,37,27,56,99,57,58,2,90,91,44,24,34,4,74,84,38,98,29,23,85,54,25,36,12,67,43,51,35,46,64,52,96,28,70,63,39,55,3,26,47,71,22,93,62,42,14
60,35,85,61,39,14,56,53,65,13,40,52,59,11,64,19,89,4,80,41,36,88,86,66,63,22,21,20,72,8,34,78,77,32,97,92,3,90,5,51,50,15,33,79,37,16,99,57,25,44,6,27,68,96,10,30,7,29,48,0,23,73,31,45,24,95,81,74,84,38,17,75,93,82,54,49,47,98,67,43,9,83,91,1,70,58,28,46,94,42,55,2,26,12,71,18,87,62,69,76
60,3,80,61,17,93,56,23,72,86,73,45,63,59,64,19,35,4,9,41,69,88,95,66,50,12,25,91,33,8,34,29,77,89,57,32,82,90,68,46,98,94,0,78,55,16,74,21,83,53,22,27,71,13,10,65,84,18,48,37,43,49,31,51,76,96,52,47,39,28,11,24,40,30,54,2,7,26,67,44,92,5,20,1,79,58,97,81,85,42,99,70,38,15,14,75,87,62,36,6
34,21,56,61,8,23,85,66,72,52,92,53,0,27,59,19,35,2,43,82,69,41,30,62,84,13,17,79,33,64,93,29,95,60,99,32,24,25,81,46,98,76,89,70,55,88,91,75,68,83,4,31,90,78,38,65,80,18,39,37,71,3,1,51,48,26,50,47,49,28,87,73,40,22,54,96,9,42,67,44,77,94,20,45,36,58,97,11,74,63,57,12,14,15,7,5,10,86,6,16
64,83,97,61,8,23,66,95,36,60,92,53,41,42,59,19,27,6,5,82,0,67,69,62,18,73,16,56,38,87,72,29,79,89,35,32,11,98,40,17,57,33,49,70,44,88,91,25,24,90,22,65,94,46,15,20,77,30,39,37,71,4,1,51,80,47,55,3,76,28,43,81,2,52,54,96,21,84,26,9,58,86,75,45,78,50,14,99,93,63,31,7,12,34,85,48,10,68,13,74
