0,1,2,3,4,5,6,7,8,9,10,11,12,13,14,15,16,17,18,19,20,21,22,23,24,25,26,27,28,29,30,31,32,33,34,35,36,37,38,39,40,41,42,43,44,45,46,47,48,49,50,51,52,53,54,55,56,57,58,59,60,61,62,63,64,65,66,67,68,69,70,71,72,73,74,75,76,77,78,79,80,81,82,83,84,85,86,87,88,89,90,91,92,93,94,95,96,97,98,99,100,101,102,103,104,105,106,107,108,109,110,111,112,113,114,115,116,117,118,119,120,121,122,123,124,125,126,127,128,129,130,131,132,133,134,135,136,137,138,139,140,141,142,143,144,145,146,147,148,149
0,1,2,3,4,5,6,7,8,9,10,11,12,13,14,15,16,17,18,19,20,21,22,23,24,25,26,27,28,29,30,31,32,33,34,40,36,37,38,39,89,41,42,43,59,45,46,47,48,49,134,51,52,53,140,55,56,57,80,54,60,61,62,63,64,142,66,67,68,69,70,71,72,73,74,75,76,77,78,79,132,81,82,83,84,85,86,87,88,35,90,91,92,93,94,95,96,97,98,99,100,101,102,103,104,105,106,107,108,109,110,111,112,113,114,115,116,117,118,119,120,121,122,123,124,125,126,127,128,129,130,131,50,133,58,135,136,137,138,139,143,141,65,44,144,145,146,147,148,149
0,1,2,3,4,91,6,7,8,9,47,11,12,13,14,15,16,17,18,19,20,21,22,5,24,25,26,27,28,29,30,31,32,33,34,40,36,37,38,39,89,41,42,10,59,45,46,67,48,49,134,51,52,53,140,55,56,57,80,54,60,61,62,63,64,142,66,93,68,69,70,71,96,73,74,75,76,23,78,79,132,81,82,83,84,85,86,87,88,35,90,141,92,104,94,95,77,97,98,99,100,101,102,103,125,105,106,107,108,109,110,111,112,113,114,115,116,117,118,72,120,121,122,123,124,119,126,127,128,129,130,131,50,133,58,135,136,137,138,139,143,43,65,44,144,145,146,147,148,149
0,1,2,3,4,33,6,7,8,9,47,11,12,13,14,15,16,17,18,19,20,21,67,5,24,25,26,55,28,29,30,31,32,138,34,40,36,37,38,39,126,41,42,10,59,45,46,129,48,49,134,51,52,53,140,100,56,57,80,54,60,61,62,63,64,142,66,93,68,69,106,71,96,89,74,75,76,23,78,79,132,81,82,83,84,85,86,87,88,35,90,141,92,104,94,95,77,97,98,99,22,101,102,103,125,105,70,107,108,109,110,111,112,113,114,115,116,117,118,72,120,121,122,123,124,119,131,127,128,73,130,27,50,133,58,135,136,137,91,139,143,43,65,44,144,145,146,147,148,149
0,1,2,3,4,33,6,7,8,9,47,11,12,13,14,15,16,17,18,19,20,21,67,5,24,25,138,55,28,29,30,31,32,54,34,40,36,37,38,39,86,41,42,10,59,45,46,129,48,49,134,51,52,53,140,100,76,57,80,43,60,61,66,63,64,142,26,93,68,69,106,71,96,89,62,75,79,23,78,137,132,81,82,83,84,85,126,87,88,35,90,141,92,104,94,95,77,97,74,99,22,101,102,103,125,105,70,107,108,109,110,111,112,113,114,115,116,56,118,72,120,121,122,123,124,119,131,127,128,73,130,27,50,133,58,135,136,117,91,139,143,98,65,44,144,145,146,147,148,149
0,1,2,3,4,33,6,7,8,9,47,11,12,13,14,15,16,17,18,19,20,21,67,5,24,25,138,55,28,29,30,31,32,54,34,40,36,37,38,39,86,41,90,10,59,43,46,129,48,49,63,51,52,53,140,104,76,57,80,27,74,61,66,42,64,142,26,93,68,69,106,71,96,89,62,56,79,23,78,137,132,81,82,83,84,85,126,94,88,35,134,141,92,75,60,95,77,97,87,99,22,101,102,103,125,105,70,107,108,109,110,111,112,113,114,115,116,45,118,72,120,121,122,123,124,119,131,127,128,73,130,100,50,133,58,135,136,117,91,139,143,98,65,44,144,145,146,147,148,149
0,1,2,3,4,33,135,7,8,9,47,11,12,13,14,15,16,17,18,19,20,21,67,5,24,49,138,55,28,29,30,31,32,54,34,121,36,37,6,39,86,41,90,10,59,43,25,129,48,73,63,51,52,53,140,104,76,57,80,27,74,61,66,40,64,142,26,93,68,69,106,71,96,89,62,56,79,23,78,137,132,81,82,83,84,85,126,94,88,35,134,141,92,75,60,95,77,97,87,99,22,101,102,103,125,105,70,107,108,109,110,111,112,113,42,115,127,45,118,72,114,116,122,123,124,119,131,136,128,120,130,100,50,133,58,46,38,117,91,139,143,98,65,44,144,145,146,147,148,149
0,1,2,3,4,28,135,7,8,9,47,11,12,13,66,15,16,17,18,19,20,21,67,5,24,49,138,55,92,29,30,119,32,54,34,121,36,37,6,39,86,88,90,10,59,43,25,129,48,73,63,51,52,53,140,104,76,57,80,27,74,61,133,40,64,142,26,93,68,41,106,71,96,89,62,56,79,23,78,137,132,81,82,83,84,85,126,94,14,35,134,141,58,75,60,95,77,97,87,99,22,101,102,113,125,105,70,107,108,109,110,111,112,33,42,69,127,45,118,72,114,116,122,123,124,31,131,136,128,120,130,100,50,115,103,46,38,117,91,139,143,98,65,44,144,145,146,147,148,149
0,1,2,3,4,28,135,148,8,23,47,11,12,13,66,15,16,17,18,19,20,21,67,5,130,49,138,55,105,29,30,119,32,24,34,121,36,37,6,39,86,88,90,10,92,43,25,129,48,73,87,51,52,53,140,104,76,57,80,27,74,61,133,40,64,142,26,93,68,41,106,71,96,89,62,56,79,78,54,137,132,81,82,83,84,85,126,94,14,139,134,141,58,75,60,95,77,97,9,99,22,101,102,113,125,63,70,107,108,109,110,111,112,33,42,69,127,45,118,72,114,116,122,123,124,31,131,136,128,120,7,100,50,115,103,46,38,117,91,59,143,98,65,44,144,145,146,147,35,149
0,65,2,3,4,1,87,148,8,23,47,11,12,13,66,15,16,17,18,19,20,107,67,5,130,49,138,55,105,29,30,119,32,24,34,121,36,37,6,39,86,88,90,10,92,43,25,129,48,73,128,51,52,53,140,104,76,57,80,27,74,61,133,40,64,142,26,93,95,41,135,71,96,89,62,56,79,78,54,137,132,81,82,83,106,85,126,94,50,139,134,141,58,75,60,84,77,97,9,99,22,101,102,113,125,63,70,44,108,109,110,111,112,33,42,69,127,45,118,72,114,116,122,123,124,31,131,136,21,120,7,100,28,115,103,46,38,117,91,59,143,98,14,68,144,145,146,147,35,149
0,65,2,3,4,1,87,148,8,23,74,11,12,13,66,15,16,17,18,123,20,107,67,5,130,49,138,55,105,29,30,89,32,24,34,121,36,37,6,39,86,88,90,10,92,43,25,129,119,73,128,51,19,53,140,104,76,120,80,27,115,61,133,40,64,47,26,93,95,41,135,71,142,69,62,56,79,78,54,137,132,81,82,83,106,85,126,94,50,139,134,141,58,75,60,84,77,97,9,99,22,52,102,113,125,63,70,44,108,109,110,111,112,33,42,57,127,45,118,72,114,116,122,101,124,31,131,136,21,96,7,100,28,48,103,46,38,117,91,59,143,98,14,68,144,145,146,147,35,149
0,65,2,3,4,1,87,148,8,23,74,11,12,13,66,15,16,17,18,123,93,107,108,5,130,49,138,55,105,53,30,89,32,24,34,121,36,37,6,39,86,88,90,10,92,114,25,129,119,73,128,51,19,43,140,91,33,120,80,27,115,61,133,40,64,47,26,67,95,41,135,71,142,69,62,56,79,78,54,137,132,20,82,83,106,85,126,94,50,139,134,141,58,75,60,84,77,97,9,99,22,52,102,113,125,63,70,44,76,109,110,111,112,57,42,81,127,45,118,72,14,116,122,101,124,31,131,136,21,96,7,100,28,48,103,46,38,117,29,59,143,98,104,68,144,145,146,147,35,149
0,65,2,3,4,48,87,148,8,23,74,11,12,13,66,80,16,17,144,123,93,107,108,59,130,49,138,55,105,53,30,89,32,24,34,121,36,37,6,39,86,88,90,18,92,114,25,129,119,73,128,51,19,43,140,91,33,120,79,27,115,61,5,40,45,47,26,67,95,41,135,71,142,69,62,56,85,78,54,137,132,20,82,83,106,15,126,94,50,139,134,141,58,75,60,84,77,97,9,99,22,52,102,113,125,63,70,44,76,109,110,111,112,57,42,81,127,136,118,72,14,116,122,101,124,31,131,1,21,96,7,100,28,133,103,46,38,117,29,10,143,98,104,68,64,145,146,147,35,149
0,65,2,3,75,48,87,73,8,23,74,11,5,13,100,80,16,17,144,123,93,107,108,59,130,49,138,55,105,53,30,89,32,24,34,121,36,37,6,39,86,88,90,18,92,114,99,129,119,25,128,51,4,43,140,91,33,120,79,27,115,61,56,40,45,47,26,67,95,41,135,71,142,69,62,12,85,78,54,137,132,20,82,83,109,15,126,94,50,139,134,141,58,96,60,84,77,97,9,66,22,52,102,113,125,63,70,44,76,148,110,111,112,57,42,81,127,136,118,72,14,116,122,101,124,31,131,1,21,19,7,106,28,133,103,46,38,117,29,10,143,98,104,68,64,145,146,147,35,149
0,65,2,3,75,48,87,73,8,23,74,11,5,13,100,80,16,17,144,123,93,107,108,59,130,49,138,55,105,53,30,89,32,24,34,121,135,37,6,39,86,88,90,18,46,114,99,26,119,25,128,51,36,43,140,91,33,120,79,27,115,61,56,40,45,47,103,92,95,67,4,71,142,69,62,134,85,78,54,12,132,20,82,83,109,15,126,94,50,139,111,141,58,96,60,84,77,97,9,66,22,52,102,113,125,63,70,44,76,148,110,143,112,57,42,81,127,136,118,72,14,116,122,101,124,31,131,1,21,19,7,106,28,133,41,129,38,117,29,10,137,98,104,68,64,145,146,147,35,149
0,65,2,97,75,48,87,73,22,23,74,11,5,13,100,80,16,17,144,123,18,107,108,59,130,49,138,55,105,53,30,89,32,24,34,121,135,37,6,39,86,132,90,93,46,114,99,26,119,25,128,51,36,43,140,91,33,120,79,27,115,61,56,40,45,21,103,92,95,67,4,71,142,69,62,134,85,78,54,12,88,20,82,83,109,15,126,94,50,41,111,141,58,96,60,84,77,47,9,66,10,52,102,113,125,63,70,44,76,148,110,143,112,57,42,81,127,98,118,72,14,116,122,101,124,31,131,1,3,19,7,106,28,133,139,129,38,117,29,136,137,8,104,68,64,145,146,147,35,149
0,65,2,97,75,93,87,73,22,23,105,11,5,13,100,80,16,17,144,123,18,107,108,59,130,106,138,49,147,53,30,89,32,24,34,121,135,37,6,39,86,132,90,148,46,114,99,26,119,25,128,51,36,43,140,91,33,120,79,27,115,61,56,40,45,21,103,92,95,67,4,71,142,98,62,134,85,78,54,12,88,69,82,83,109,15,126,94,50,41,111,141,58,102,60,84,77,47,9,66,10,52,42,113,125,63,70,44,76,48,110,143,112,57,20,81,127,74,118,72,14,116,122,101,124,31,131,1,3,19,7,55,28,133,139,129,38,117,29,136,137,8,104,68,64,145,146,96,35,149
0,65,2,97,75,93,87,73,22,23,25,60,5,13,100,80,16,17,144,48,14,107,108,59,130,106,138,49,147,53,30,89,32,24,34,121,135,37,6,39,86,132,123,148,46,114,99,26,119,72,128,51,36,7,140,91,33,120,105,27,115,61,56,40,45,21,103,92,95,67,4,71,142,98,62,134,85,78,54,12,88,69,82,83,109,15,126,94,50,41,111,141,58,102,125,84,77,47,9,66,10,52,42,113,90,63,70,44,76,29,110,143,112,57,20,81,127,74,118,79,18,116,122,101,124,31,131,1,3,19,11,55,28,133,139,129,38,117,43,136,137,8,104,68,64,145,146,96,35,149
0,56,2,97,75,93,87,73,22,23,25,60,5,13,100,80,16,17,144,48,14,107,108,59,130,106,138,111,147,53,30,89,119,24,34,121,135,37,6,32,86,132,123,148,46,114,99,26,51,72,128,21,36,7,140,35,33,120,105,27,115,61,98,40,45,95,103,92,112,67,4,71,142,125,62,134,85,78,54,12,88,69,82,83,109,15,126,94,50,41,39,141,58,102,49,84,77,47,9,66,10,52,42,113,90,63,70,44,76,29,110,143,65,57,20,81,127,74,118,79,18,116,122,101,124,31,131,1,3,19,11,55,28,133,139,129,38,117,43,136,137,8,104,68,64,145,146,96,91,149
0,56,2,97,75,93,87,73,22,23,72,60,57,13,100,5,16,17,144,48,21,107,108,59,130,106,138,111,147,53,30,89,119,24,34,121,135,37,6,32,86,132,123,148,46,114,99,26,20,146,128,79,36,7,140,35,33,120,105,27,25,61,98,40,45,95,103,92,112,67,4,71,142,125,62,134,85,78,54,12,88,69,82,83,109,15,126,94,50,41,80,141,58,102,49,51,77,47,9,66,10,52,42,113,90,63,70,44,76,29,110,143,84,39,65,81,127,74,118,115,18,116,122,101,124,31,131,1,3,19,11,55,28,133,139,129,38,117,43,136,137,8,104,68,64,145,14,96,91,149
0,56,2,97,75,35,87,73,22,23,127,60,57,13,100,5,16,17,144,48,21,107,108,59,130,106,138,95,147,53,30,89,119,24,34,121,135,37,6,32,86,132,123,148,46,114,99,41,20,146,128,79,36,7,140,1,33,120,105,27,25,61,98,40,45,93,103,92,112,67,4,71,29,125,62,134,85,78,54,12,88,69,82,83,109,15,126,94,50,142,80,141,149,102,111,51,77,47,9,66,10,52,42,113,90,63,70,44,76,84,110,143,26,39,65,81,58,74,118,115,18,116,122,101,124,31,131,49,3,19,11,55,28,133,139,129,38,117,43,136,137,8,104,68,64,145,14,96,91,72
0,56,2,97,75,35,16,73,22,23,127,60,144,13,100,5,9,17,84,48,21,107,108,59,130,106,138,95,147,53,30,99,119,24,34,121,135,37,6,32,86,132,123,148,46,124,114,41,20,146,128,79,36,7,140,87,33,120,105,27,25,61,98,40,45,93,103,92,112,67,4,71,29,1,62,134,85,78,54,12,88,69,82,96,109,15,126,94,89,142,80,141,149,102,111,51,77,47,50,66,10,52,42,113,90,63,70,44,76,125,110,143,26,39,65,81,58,74,118,115,18,116,122,101,57,31,131,49,3,19,11,55,28,133,139,129,38,117,43,136,137,8,104,68,64,145,14,83,91,72
0,56,2,97,75,35,16,73,87,23,127,60,106,13,100,5,9,144,84,48,21,107,108,59,130,36,138,95,147,65,30,99,119,24,34,121,135,37,6,32,86,132,123,148,46,124,114,41,20,146,128,79,53,7,140,27,33,120,105,126,25,61,98,40,45,93,103,92,112,28,72,71,29,1,62,134,85,78,54,12,88,69,82,96,109,15,67,94,89,142,80,141,149,102,111,51,77,47,50,66,10,52,42,113,90,63,70,22,76,125,110,143,26,39,4,81,58,74,118,115,18,116,122,101,57,31,131,49,3,19,11,55,44,133,139,129,38,117,43,136,137,8,104,68,64,145,14,83,91,17
0,56,17,60,75,35,16,73,87,23,127,88,106,13,100,5,9,144,84,63,21,107,108,59,130,36,138,95,147,65,30,99,119,24,34,121,135,37,145,32,86,132,123,148,46,124,114,41,20,146,128,79,53,7,140,27,33,120,105,126,25,61,98,40,45,93,103,70,112,28,72,71,29,1,62,134,85,78,54,12,97,69,82,96,109,15,67,94,89,142,80,141,149,102,111,51,77,47,50,66,10,52,42,113,90,11,18,22,76,125,110,48,26,39,4,81,58,74,118,115,38,116,122,101,57,31,131,49,3,19,2,55,44,133,139,129,6,117,43,136,137,8,104,68,64,143,14,83,91,92
0,56,17,60,75,35,16,73,87,23,127,88,106,13,100,5,9,144,84,123,111,107,108,59,130,142,138,95,147,65,30,141,119,24,34,121,135,37,145,32,86,21,1,148,46,63,114,41,20,146,132,79,53,7,140,27,33,120,105,126,25,61,98,40,45,93,103,70,112,28,72,71,29,76,62,134,85,78,54,12,97,69,82,96,109,15,67,94,89,19,80,124,149,102,91,51,77,47,50,66,10,52,42,113,90,11,18,22,99,125,110,48,26,39,4,81,58,74,118,115,38,116,122,101,57,31,131,49,3,128,2,55,44,133,139,129,6,117,43,136,137,8,104,68,64,143,14,83,36,92
0,16,17,60,75,35,134,139,87,23,127,88,106,13,5,100,9,144,84,123,111,107,108,59,130,142,138,95,147,65,4,141,119,24,34,121,135,37,145,32,86,21,1,148,46,63,114,41,20,66,132,79,53,7,140,27,33,120,105,126,25,61,98,40,45,93,103,70,112,28,72,71,29,76,62,131,85,78,54,146,97,69,82,96,109,15,67,94,124,19,80,12,149,102,91,51,77,47,50,89,10,52,42,113,90,11,18,22,99,125,110,48,26,39,56,81,58,74,118,115,38,116,122,101,57,31,73,49,3,128,2,55,44,133,30,129,6,117,43,136,137,8,104,68,64,143,14,83,36,92
0,16,17,60,75,35,134,139,87,23,127,88,106,13,5,100,9,144,56,123,68,107,108,59,130,142,138,95,149,40,4,141,119,24,34,54,135,37,145,32,86,21,1,148,46,63,114,41,20,66,132,79,53,7,140,27,33,120,105,126,25,82,98,147,45,93,103,70,112,28,30,71,29,76,62,131,85,78,111,146,97,69,121,96,109,15,67,94,124,19,80,12,61,102,91,51,77,47,50,89,10,52,42,113,90,11,18,22,99,125,110,48,26,39,2,81,58,74,118,115,38,116,122,101,57,31,73,49,3,128,72,55,44,133,65,129,6,117,43,136,137,8,104,84,64,143,14,83,36,92
0,16,17,60,75,35,8,139,87,23,127,88,56,13,5,80,9,71,83,123,68,107,108,59,130,142,138,95,149,40,4,141,119,24,34,54,135,37,145,32,86,21,1,106,100,63,114,41,20,66,132,79,53,7,140,27,148,120,105,126,25,82,98,12,45,93,103,70,112,28,30,144,29,76,62,131,85,78,111,146,97,134,121,96,109,15,67,94,124,19,33,147,61,102,91,51,77,47,50,89,10,52,42,113,90,11,18,22,99,125,110,48,26,39,2,81,58,74,118,115,38,116,122,101,57,31,73,49,3,128,72,55,44,133,65,129,6,117,43,136,137,46,104,84,64,143,14,69,36,92
0,16,17,60,75,35,8,139,26,23,127,88,56,13,5,80,9,107,83,123,68,114,108,53,130,142,138,95,149,40,4,141,119,24,34,54,135,37,145,32,86,21,1,106,100,63,87,41,20,66,132,79,129,90,140,27,148,120,105,126,25,82,98,12,128,93,103,70,112,28,30,144,29,76,62,131,85,78,111,146,97,134,121,96,109,15,67,94,124,69,19,147,61,102,91,51,77,47,50,89,10,52,42,113,71,11,18,22,99,125,110,48,33,39,2,81,58,74,118,115,38,116,122,101,57,31,73,49,3,59,72,55,44,133,65,45,6,117,43,136,137,46,104,84,64,143,14,7,36,92
0,16,17,60,75,35,8,139,26,23,127,140,88,13,5,80,9,107,83,123,68,114,108,53,130,142,138,95,149,40,4,141,119,24,34,54,135,37,145,32,86,21,1,106,100,63,87,41,20,66,132,79,129,19,97,27,148,120,105,126,25,82,98,12,128,93,103,50,112,28,30,144,29,76,62,131,85,78,111,146,15,134,121,96,109,143,67,94,124,69,101,147,61,102,91,51,77,47,90,89,10,52,42,113,71,11,18,22,56,125,110,48,33,6,2,81,58,74,118,70,38,116,122,99,57,31,73,49,3,59,72,55,44,133,65,45,39,117,43,136,137,46,104,84,64,115,14,7,36,92
0,16,17,44,75,35,8,139,26,23,127,140,88,13,5,80,9,107,83,123,68,114,108,53,130,142,138,60,149,40,4,141,119,145,34,54,135,37,55,32,86,21,1,90,100,106,87,41,20,66,132,79,129,19,97,27,148,120,105,126,25,82,98,12,128,93,103,50,112,28,143,144,29,76,62,131,85,78,111,146,15,134,121,96,45,109,67,94,124,69,101,147,61,102,91,51,77,47,118,89,10,52,42,113,71,11,18,22,56,125,110,48,33,6,2,81,58,74,99,70,38,116,122,30,57,31,73,49,3,59,72,95,63,133,65,24,39,117,43,136,137,46,104,84,64,115,14,7,36,92
102,16,17,44,75,73,8,139,26,23,127,140,88,13,5,80,9,107,83,123,68,114,108,53,130,91,138,60,149,40,129,141,119,145,34,54,135,37,0,32,86,21,1,90,100,106,87,41,20,66,132,99,49,19,97,27,148,120,105,126,25,82,98,12,128,93,103,50,112,28,143,144,29,76,62,131,85,78,111,146,15,134,121,96,45,109,67,94,124,69,101,147,61,81,142,51,77,47,118,89,10,52,42,113,71,11,18,22,56,125,110,48,33,6,2,36,58,74,79,70,38,116,122,30,57,31,35,59,3,4,72,95,63,133,65,24,39,117,43,136,137,46,104,84,64,115,14,7,55,92
102,16,17,44,75,73,8,63,26,23,127,140,88,13,5,80,9,107,65,67,68,114,108,53,64,91,138,60,149,40,129,141,119,145,34,54,135,37,0,32,86,21,1,90,100,106,87,41,20,66,132,99,49,19,97,27,93,120,105,126,25,82,98,12,128,130,103,50,112,28,143,144,29,76,62,131,85,78,111,146,15,134,121,96,45,109,30,94,124,69,101,147,61,81,142,51,148,47,77,89,10,52,123,113,71,11,18,22,56,125,110,48,33,6,2,36,58,74,79,70,38,116,122,72,57,31,35,59,3,4,139,95,42,133,118,24,39,117,43,136,137,46,104,84,83,115,14,7,55,92
102,16,17,44,75,73,8,63,26,23,127,140,88,13,5,80,9,107,65,67,68,114,108,53,36,91,138,60,149,86,129,141,119,145,34,54,135,37,0,32,110,21,1,90,100,106,87,41,20,66,132,99,49,19,97,27,93,120,105,126,25,82,98,12,128,125,103,50,115,28,143,144,29,76,62,131,85,78,111,146,15,134,121,96,45,109,113,94,124,69,101,147,61,81,142,51,148,47,77,89,10,52,123,116,71,130,18,22,56,118,30,48,33,6,2,64,58,74,79,40,38,70,122,72,57,31,35,59,3,4,139,95,42,133,112,24,39,117,43,136,137,46,104,84,83,11,14,7,55,92
102,16,17,44,75,73,8,63,26,23,127,140,88,13,5,80,9,107,65,134,68,114,108,53,36,67,47,60,149,86,129,141,119,145,34,54,135,101,0,32,110,21,1,90,100,106,87,41,20,66,132,99,49,19,97,27,93,37,105,126,120,82,98,12,128,125,103,50,115,28,143,144,29,76,62,131,85,78,111,146,15,138,25,96,45,109,46,94,124,69,113,147,61,81,142,51,148,91,77,89,10,52,121,116,71,130,18,22,56,118,30,48,33,55,2,64,58,74,79,40,38,70,122,72,57,31,35,59,3,4,139,95,42,133,112,24,39,117,43,136,137,6,104,84,83,11,14,7,123,92
102,16,17,44,75,73,8,63,146,23,127,26,38,13,5,46,9,107,65,134,18,114,108,53,36,67,47,60,149,86,129,141,80,145,34,54,135,101,0,32,110,21,1,90,100,106,87,41,20,66,132,88,49,19,97,27,93,37,68,126,28,82,98,12,128,125,103,50,115,105,140,144,29,76,62,131,85,78,111,120,15,138,25,96,45,109,119,94,124,69,113,147,61,81,142,51,148,91,77,89,10,52,121,116,71,130,143,22,56,118,30,48,33,55,2,64,58,74,79,40,99,70,122,72,57,31,35,59,3,4,139,95,42,133,112,24,39,117,43,136,137,6,104,84,83,11,14,7,123,92
102,133,17,44,75,73,8,63,146,23,127,26,38,13,89,46,9,107,65,134,142,114,108,53,36,67,47,60,149,86,129,18,80,145,34,54,135,101,0,32,110,21,1,90,100,106,87,41,20,66,124,88,49,19,97,27,93,37,68,126,12,82,98,78,128,125,103,137,115,105,140,144,29,76,62,131,85,132,111,120,15,138,25,96,45,109,119,94,141,69,113,147,61,81,28,51,148,91,77,56,10,52,121,116,71,130,143,22,50,118,30,48,33,55,2,64,58,74,79,40,99,70,122,72,57,31,35,59,3,4,139,95,42,5,112,24,39,117,43,136,16,6,104,84,83,11,14,7,123,92
102,133,17,44,75,73,8,63,146,23,148,26,38,13,89,46,9,107,65,134,142,114,108,53,93,67,47,56,127,86,105,18,80,145,34,54,135,101,0,32,110,21,1,90,100,106,87,41,20,66,124,88,49,19,97,27,98,37,68,126,12,82,147,78,128,125,103,137,7,115,140,144,29,76,62,131,85,132,111,120,15,138,25,96,45,109,119,94,141,69,113,129,61,81,28,51,149,91,77,60,10,52,121,116,71,130,143,139,50,118,30,48,33,55,2,64,58,74,79,40,99,70,122,72,57,31,35,59,3,4,36,95,42,5,112,24,39,117,43,136,16,6,104,84,83,11,14,22,123,92
102,133,17,136,75,73,8,63,146,23,148,26,38,13,89,128,9,107,65,134,142,114,108,53,93,67,47,56,127,86,105,18,1,145,34,54,135,101,0,32,110,21,50,90,100,106,87,41,20,66,124,88,49,19,97,27,98,37,68,126,12,82,147,78,95,125,103,137,7,115,140,144,29,76,62,131,85,132,111,120,15,138,25,96,45,109,30,94,141,69,113,129,80,81,48,51,149,91,77,60,10,52,121,116,71,130,143,139,46,118,74,119,33,55,2,64,58,61,44,40,99,70,122,72,57,31,35,59,3,4,36,28,42,5,112,24,39,117,43,79,16,6,104,84,83,11,14,22,123,92
66,32,17,136,75,73,8,63,146,23,148,26,110,13,89,128,9,107,65,134,142,114,108,53,93,67,47,56,127,86,105,18,1,91,34,54,39,101,0,74,133,21,50,90,100,106,87,41,20,138,124,88,49,19,97,27,98,37,68,126,12,82,147,78,95,125,129,137,38,115,140,144,29,76,62,131,85,132,111,120,15,7,25,96,45,109,30,94,141,69,113,103,80,81,48,51,149,102,77,60,10,52,121,116,71,130,143,139,46,118,145,119,33,55,2,64,58,61,44,40,99,70,122,72,57,31,35,59,3,4,36,28,42,5,112,24,135,117,43,79,16,6,104,84,83,11,14,22,123,92
66,32,17,136,75,73,8,63,146,23,148,26,110,13,89,128,9,107,65,134,114,124,35,53,93,67,47,56,40,86,105,52,1,91,34,54,39,101,0,74,137,21,50,90,100,106,87,41,20,138,127,88,49,19,70,27,98,37,68,126,12,82,147,78,95,125,129,97,38,115,140,144,29,18,62,131,85,132,111,120,15,7,25,96,45,109,30,94,141,69,113,103,80,81,48,51,149,102,77,60,10,142,121,116,71,130,143,133,46,118,145,119,33,55,2,64,58,61,44,76,99,108,122,72,57,31,139,59,3,4,36,28,42,5,112,24,135,117,43,79,16,6,104,84,83,11,14,22,123,92
66,32,14,136,75,73,8,86,146,23,148,17,63,13,89,128,9,107,65,134,114,124,35,53,93,67,47,56,40,85,105,52,1,91,34,54,39,101,0,74,137,131,50,90,100,106,87,41,20,138,127,88,49,19,70,12,98,149,68,126,45,82,147,78,95,125,129,97,38,115,140,144,29,18,62,21,51,132,111,120,15,7,25,96,110,109,30,94,141,69,113,103,80,81,48,26,37,102,77,60,10,142,121,116,71,130,143,133,46,118,145,119,33,55,2,64,58,61,44,76,99,108,122,72,57,31,139,59,3,4,36,28,42,5,112,24,135,117,43,79,16,6,104,84,83,11,27,22,123,92
66,32,14,136,24,73,8,132,146,23,64,17,86,13,89,128,9,107,65,134,114,124,35,53,93,67,47,56,40,63,105,52,1,91,57,54,39,101,0,74,137,131,50,90,100,106,87,41,20,138,127,88,49,19,70,12,98,149,68,126,45,82,147,78,95,125,129,97,38,75,140,144,29,18,85,21,51,71,111,120,15,7,25,96,110,109,30,94,141,69,113,103,143,81,48,26,37,102,77,60,10,142,121,116,148,130,62,133,46,118,145,119,33,55,2,115,58,61,44,76,99,108,122,72,34,31,139,59,3,4,36,28,42,5,112,80,135,117,43,79,16,6,104,84,83,11,27,22,123,92
66,32,14,136,24,73,8,132,146,23,64,17,86,13,89,130,9,107,126,134,114,124,35,53,128,67,47,56,40,63,105,52,1,91,119,54,39,101,0,74,137,131,50,90,100,106,87,41,20,138,127,88,49,19,70,12,98,149,68,31,15,82,147,78,95,125,129,97,38,11,140,144,29,18,85,75,51,71,111,120,45,7,25,96,110,109,30,94,141,69,113,103,143,81,48,57,37,102,77,60,10,142,121,116,148,65,62,133,46,118,145,21,33,55,2,115,58,61,44,76,99,108,122,72,34,26,139,59,3,4,36,28,42,5,112,80,135,117,93,79,16,6,104,84,83,43,27,22,123,92
66,62,14,136,32,73,8,93,146,23,64,104,86,13,89,130,9,107,126,134,114,124,35,53,128,67,47,56,40,63,105,149,1,91,119,54,39,101,0,77,137,131,17,90,100,106,87,41,20,138,127,88,49,19,70,12,98,52,68,31,15,82,147,78,95,125,129,97,38,11,140,144,29,18,85,75,51,71,111,120,45,7,25,96,110,109,30,94,141,69,113,103,143,81,48,57,37,102,50,60,10,42,121,116,148,65,24,133,46,118,145,21,33,55,2,74,58,61,44,76,99,108,122,72,34,26,139,59,3,4,36,28,115,5,112,80,135,117,132,79,16,6,142,84,83,43,27,22,123,92
66,62,14,136,32,73,8,93,146,23,64,104,86,13,89,130,9,4,126,134,28,124,35,53,128,67,144,56,40,63,105,60,1,91,119,54,39,101,0,77,137,131,17,61,100,106,87,41,20,138,127,88,49,19,70,12,98,99,68,109,15,82,147,78,95,125,129,97,38,11,140,47,29,18,85,75,51,71,111,120,45,7,25,96,110,149,30,94,141,69,113,103,143,81,48,57,37,102,50,52,10,42,121,116,148,65,24,133,46,118,145,21,33,55,2,74,58,90,44,76,31,108,122,72,34,26,139,59,3,132,36,114,115,5,112,80,135,117,107,79,16,6,142,84,83,43,27,22,123,92
75,62,14,136,32,73,8,93,48,23,64,104,86,13,89,130,9,4,126,134,28,124,35,53,128,67,144,56,40,63,105,60,1,91,119,54,39,101,137,77,12,131,17,61,100,70,83,41,0,138,127,88,49,19,85,20,98,99,68,109,15,82,147,78,95,125,129,97,38,69,140,47,29,18,146,87,51,71,111,120,45,7,25,96,110,149,30,94,141,106,113,103,143,81,66,57,37,102,50,52,10,42,121,116,148,65,24,133,46,118,145,21,33,55,2,74,58,90,44,76,31,108,122,72,34,26,139,59,3,132,36,114,115,5,112,80,135,117,107,79,16,6,142,84,11,43,27,22,123,92
75,62,14,136,32,73,8,93,17,23,64,104,86,13,89,130,107,4,126,134,28,124,35,53,128,67,144,56,40,63,105,60,1,91,119,54,39,101,6,77,12,131,103,61,100,127,83,41,0,138,48,88,49,19,85,20,98,99,68,109,15,82,147,78,142,125,129,97,38,96,140,47,29,18,146,87,95,71,111,120,45,7,25,9,110,149,30,94,141,106,113,137,143,81,66,57,37,102,50,52,10,42,121,70,148,65,24,133,46,118,145,21,33,55,2,74,58,90,44,76,31,108,122,72,34,26,139,59,3,132,36,114,115,5,112,80,135,117,51,79,16,69,116,84,11,43,27,22,123,92
75,62,14,136,32,73,26,93,17,23,64,104,86,13,89,130,107,4,126,134,28,3,35,53,128,67,144,56,70,63,105,60,1,91,119,54,39,101,6,77,12,131,103,61,100,127,83,41,0,138,48,88,49,19,85,20,98,99,68,109,147,82,76,78,142,125,129,97,38,25,140,47,29,18,146,87,95,71,111,120,16,7,15,9,110,149,30,94,141,106,113,137,143,81,66,57,37,102,50,52,10,42,121,96,148,65,124,133,46,118,145,21,33,55,2,74,58,90,44,8,31,108,122,72,34,45,139,59,40,132,36,24,115,5,112,80,135,117,51,79,114,69,116,84,11,43,27,22,123,92
75,62,14,136,32,73,26,93,17,23,147,104,86,13,89,130,107,4,126,134,28,3,35,53,128,67,144,56,70,105,120,60,1,91,119,112,39,101,6,77,12,131,103,63,100,127,83,41,0,138,48,132,88,19,85,20,98,99,68,109,7,82,76,78,142,125,129,97,38,25,140,47,29,64,146,87,95,71,111,54,16,141,15,9,110,149,30,94,139,106,113,137,143,81,66,57,37,102,50,52,10,42,121,96,148,65,124,133,46,118,145,21,33,55,2,74,58,90,44,8,31,108,122,72,34,45,18,59,40,61,36,24,115,5,49,80,135,117,51,79,114,69,116,84,11,43,27,22,123,92
75,62,14,136,32,73,26,93,17,23,147,104,143,13,89,130,107,4,126,134,28,3,35,139,128,67,144,56,54,105,78,60,57,91,119,112,101,70,6,77,12,131,103,63,100,127,83,41,0,138,48,132,88,19,85,20,98,99,68,109,7,82,76,1,142,125,129,97,38,25,140,47,29,86,146,87,95,71,111,53,16,141,15,9,110,149,30,94,36,106,113,137,64,81,66,39,37,102,50,52,10,42,121,96,148,65,124,133,46,118,145,21,33,55,120,74,58,90,44,8,31,108,122,72,34,45,18,59,40,61,2,24,115,5,49,80,135,117,51,79,114,69,116,84,11,43,27,22,123,92
75,62,14,136,32,73,26,93,17,23,147,104,143,13,89,130,107,4,126,134,28,148,35,139,128,67,19,56,54,105,78,60,57,91,119,112,149,70,6,77,12,131,103,63,100,127,83,41,0,138,48,132,88,82,85,20,98,99,68,109,7,80,145,1,142,125,129,97,38,25,140,47,29,86,146,87,95,71,111,53,16,141,15,9,110,76,2,94,36,106,113,72,64,81,66,39,37,102,50,52,10,42,121,96,30,65,124,133,46,118,144,21,33,55,120,74,58,90,44,8,31,108,122,137,34,45,18,59,40,61,24,3,115,5,49,101,135,117,51,79,114,69,116,84,11,43,27,22,123,92
75,62,14,136,32,73,26,93,17,23,147,104,143,13,89,130,107,4,126,134,61,148,35,139,128,67,116,110,54,105,78,60,57,28,119,106,149,70,6,77,12,131,103,63,100,127,83,41,0,138,48,132,88,82,85,20,98,99,68,109,7,79,145,1,142,125,129,97,38,25,140,47,29,86,146,87,95,71,111,53,16,141,15,9,144,76,2,94,112,91,113,72,64,81,66,39,37,56,50,52,10,42,121,96,102,65,124,133,46,118,30,21,33,55,120,74,58,90,44,8,31,108,122,137,34,45,18,59,40,36,24,3,115,5,49,101,135,117,51,19,114,69,80,84,11,43,27,22,123,92
75,62,14,136,32,73,26,93,17,23,147,104,143,13,89,130,107,4,126,134,61,148,35,29,128,27,116,110,54,105,78,60,57,28,119,106,149,70,6,77,12,131,103,63,100,127,83,41,0,46,48,132,88,82,85,20,98,99,68,109,145,79,138,1,142,125,129,97,38,25,140,47,124,86,146,87,95,71,111,53,16,141,15,9,144,76,2,94,112,91,113,72,64,81,67,39,37,56,50,52,10,42,121,96,102,101,45,133,139,118,30,21,33,55,120,74,58,90,44,8,31,108,122,137,34,66,18,7,40,36,24,3,115,5,49,59,135,117,51,19,114,69,80,65,11,43,84,22,123,92
38,62,14,136,32,73,26,93,17,23,147,104,143,13,89,130,107,4,126,134,61,148,35,29,128,27,116,110,54,105,78,60,57,28,55,106,149,70,6,145,12,131,103,63,100,34,83,41,0,46,48,132,119,82,85,20,98,99,68,109,15,79,138,1,142,88,129,97,77,25,140,47,124,86,146,87,95,71,111,53,16,141,114,9,144,76,2,94,112,91,113,72,64,81,67,39,37,56,50,52,10,42,121,96,102,101,45,30,139,118,36,21,33,127,120,74,58,90,44,8,31,108,122,137,125,66,18,7,40,133,24,3,115,5,49,59,135,117,51,19,75,69,80,65,11,43,84,22,123,92
103,62,14,136,32,73,26,93,17,23,147,29,143,2,89,130,107,4,126,134,61,148,35,31,128,27,116,110,54,105,78,60,57,28,55,106,149,70,6,145,12,131,120,63,100,34,83,41,0,80,48,115,119,82,85,20,98,99,68,3,15,79,138,1,142,88,129,97,77,25,140,47,124,86,146,87,95,71,111,53,16,141,114,9,144,76,38,94,112,91,113,132,64,81,67,39,37,56,50,52,10,42,121,96,102,101,45,30,139,118,36,21,33,127,104,74,58,90,44,8,72,108,122,137,125,66,18,7,40,133,24,109,13,5,49,59,135,117,51,19,75,69,46,65,11,43,84,22,123,92
103,62,14,136,32,73,26,93,17,23,147,29,143,107,89,130,24,4,126,134,37,148,35,31,128,27,116,110,54,105,78,60,57,28,55,106,149,70,6,145,12,131,120,63,100,34,97,41,0,80,48,115,119,82,85,20,98,99,68,3,15,79,138,101,142,88,129,1,77,25,140,47,124,86,146,87,95,83,5,53,16,141,114,9,144,76,38,94,112,91,113,132,64,81,67,39,109,56,50,52,10,42,121,96,102,111,45,30,71,118,36,21,33,127,104,74,58,90,44,8,72,108,122,137,125,66,18,7,40,133,2,61,13,92,49,59,135,117,51,19,75,69,46,65,11,43,84,22,123,139
103,62,14,136,25,73,26,93,17,23,147,29,143,107,89,130,24,86,126,134,37,148,35,31,128,27,116,110,60,105,78,0,57,28,55,106,149,70,6,145,12,131,120,46,100,34,97,41,4,80,48,115,119,82,85,20,98,99,68,3,15,79,138,101,142,88,129,1,77,76,140,47,124,63,33,87,95,83,5,53,16,141,114,9,144,11,38,94,112,91,113,132,54,81,67,39,109,56,50,52,10,42,121,96,102,111,45,30,71,118,36,21,64,127,104,74,58,90,44,8,72,108,122,137,125,66,18,7,146,133,2,61,13,92,49,59,135,117,51,19,75,69,40,65,32,43,84,22,123,139
103,62,14,136,25,73,26,93,17,23,147,29,143,107,89,33,24,86,126,134,37,148,35,31,128,27,116,122,60,0,78,63,57,28,55,106,149,70,6,145,12,131,92,46,100,34,97,41,4,80,48,115,119,82,85,20,98,99,68,3,15,74,138,101,142,88,129,1,77,76,140,47,124,130,79,87,95,83,5,53,120,141,114,9,144,11,38,94,112,91,113,132,54,81,67,39,109,56,50,52,10,42,121,96,102,111,45,30,71,118,36,21,64,127,104,59,58,90,84,8,72,108,105,137,125,66,18,7,146,133,2,61,13,110,49,44,135,117,51,19,75,69,40,65,32,43,16,22,123,139
26,62,14,136,98,73,94,93,17,23,147,84,143,107,29,33,24,86,126,134,37,148,35,31,128,27,116,122,60,0,78,25,57,51,55,106,149,70,6,145,12,131,92,46,100,34,97,41,8,80,48,4,119,82,85,20,103,99,68,3,15,74,138,101,142,88,129,1,77,76,140,47,124,130,79,87,95,83,5,53,89,141,114,9,144,11,38,28,112,91,113,132,54,81,67,39,109,56,50,52,10,42,121,96,102,111,45,30,71,118,36,21,64,127,104,59,58,90,120,115,72,108,105,137,125,66,18,7,146,133,2,61,13,110,49,44,135,117,63,19,75,69,40,65,32,43,16,22,123,139
26,62,14,136,98,73,94,93,17,23,147,84,143,107,29,33,24,86,126,134,37,148,35,31,128,27,9,146,60,0,78,116,57,51,109,106,149,70,6,145,12,131,92,46,100,34,97,55,8,80,48,4,119,82,85,20,103,99,68,3,137,74,138,101,142,88,129,1,77,76,140,47,124,130,79,87,95,83,5,56,89,141,114,122,144,11,38,28,112,91,113,132,54,81,67,39,21,16,50,52,10,42,121,96,15,111,45,30,71,118,36,102,64,127,104,59,58,90,120,115,72,108,105,53,125,66,18,7,41,133,2,61,13,110,49,44,135,117,63,19,75,69,40,65,32,43,25,22,123,139
26,62,14,136,98,73,94,93,17,23,147,34,143,107,29,33,24,86,126,134,37,148,35,31,128,27,9,146,60,0,78,116,57,51,109,106,149,83,6,145,12,131,92,46,100,130,97,55,8,80,40,4,70,82,85,20,103,99,68,84,137,74,138,3,142,88,129,1,77,76,140,47,124,71,101,87,95,96,5,56,89,141,114,122,144,11,38,28,112,91,113,132,54,81,67,39,21,16,50,52,10,42,121,58,15,111,45,30,48,118,36,102,64,119,104,59,127,90,120,115,72,108,105,53,125,66,18,7,41,133,2,61,13,110,49,44,135,117,63,19,75,69,79,65,32,43,25,22,123,139
123,62,14,136,98,73,94,93,17,23,147,34,122,107,29,33,24,86,126,134,143,148,35,31,128,27,9,146,60,0,78,116,57,51,109,106,149,83,6,145,12,131,92,46,100,130,90,55,8,80,40,4,70,82,85,20,103,99,68,84,137,74,138,3,142,88,129,120,77,76,140,47,124,71,101,87,95,96,5,56,89,141,114,21,144,11,38,28,112,37,113,132,54,81,67,39,91,16,50,52,10,118,121,58,19,111,45,30,48,26,36,102,64,119,104,59,127,1,42,115,72,108,105,53,125,66,18,7,41,133,2,61,13,110,49,44,135,117,63,97,75,69,79,65,32,43,25,22,15,139
53,62,14,136,98,73,94,93,17,23,147,34,122,107,29,33,24,86,39,134,143,148,35,31,128,27,82,146,60,0,78,116,57,51,109,106,149,83,6,112,9,131,92,46,100,130,90,55,8,80,40,4,70,48,12,20,103,99,68,54,137,74,138,3,142,88,129,120,77,76,140,47,124,71,101,87,95,96,5,56,123,141,114,21,144,11,38,28,89,37,113,132,49,81,67,84,91,16,50,52,10,118,121,58,19,111,45,30,126,26,36,102,64,119,104,59,127,1,42,115,72,108,105,145,125,66,18,7,41,133,2,61,13,110,85,44,135,117,63,97,75,69,79,65,32,43,25,22,15,139
53,29,14,93,98,73,72,57,17,23,147,34,122,107,67,33,24,86,39,134,143,148,35,31,128,27,82,146,60,0,78,116,131,51,109,106,149,83,13,112,9,62,92,46,100,130,90,55,8,80,40,4,70,48,12,20,103,99,68,54,137,74,138,3,142,88,129,120,77,76,140,47,124,71,101,87,95,96,5,56,123,141,114,21,144,11,38,28,89,97,113,132,49,81,94,84,91,16,50,52,10,118,121,58,19,111,45,30,126,26,36,102,64,119,104,59,127,1,42,115,145,108,105,65,125,66,18,7,41,133,2,61,37,110,85,44,135,117,63,6,75,69,79,136,32,43,25,22,15,139
53,29,14,93,98,73,72,86,44,23,147,34,122,107,67,33,24,61,39,134,143,148,35,31,128,27,82,146,60,0,78,116,59,51,100,106,149,83,13,112,9,62,92,46,117,130,90,55,8,80,40,4,70,48,12,20,103,99,68,54,137,74,138,3,142,88,129,120,77,76,140,47,124,71,139,87,95,96,5,56,123,141,114,21,144,11,38,28,89,97,113,132,49,81,94,109,91,16,50,52,17,118,121,58,19,111,45,30,126,26,36,102,64,119,104,101,127,1,42,115,145,108,105,65,125,66,18,7,41,133,84,57,37,110,85,10,135,2,63,6,75,69,79,136,32,43,25,22,15,131
53,29,14,93,98,73,52,86,44,23,147,34,63,107,100,33,24,61,39,134,143,148,35,31,128,27,82,146,60,0,78,116,59,51,130,106,149,83,13,112,9,62,92,46,117,94,90,120,8,80,40,4,70,48,12,20,103,99,68,54,137,74,138,3,81,88,129,122,77,76,140,47,124,71,139,87,95,96,5,56,123,141,114,21,144,11,38,28,89,97,113,132,49,79,66,109,91,16,50,72,17,118,121,67,19,111,45,30,126,26,36,102,64,119,104,101,127,1,42,115,145,108,105,65,125,142,18,7,41,133,84,57,37,110,85,10,135,2,58,6,75,69,55,136,32,43,25,22,15,131
53,29,14,93,98,73,52,86,44,23,147,89,63,107,100,33,24,61,39,134,143,148,35,31,128,27,82,146,60,0,78,75,59,51,130,106,149,83,13,112,9,62,92,46,117,94,90,120,8,80,40,4,70,48,12,20,103,99,123,54,137,74,138,3,81,88,129,122,77,76,140,47,124,71,139,68,116,96,5,56,133,141,114,21,144,11,38,16,95,97,113,132,49,79,66,109,91,84,50,72,17,118,121,67,19,111,45,30,126,26,36,102,64,119,104,87,127,1,42,115,145,108,105,65,125,142,85,7,41,101,34,57,37,110,28,10,135,2,58,6,18,69,55,136,32,43,25,22,15,131
53,29,14,93,98,73,52,86,44,23,147,89,63,107,100,92,24,49,39,134,130,148,35,31,128,27,82,146,60,0,78,75,59,51,19,106,149,109,13,112,9,62,33,46,117,83,90,120,8,80,40,4,135,48,12,20,103,99,123,54,137,74,138,3,81,88,129,122,77,76,140,47,143,71,139,68,116,96,5,56,133,141,114,21,144,11,38,16,95,97,113,132,70,79,66,94,91,84,50,72,17,118,121,67,61,111,45,30,126,26,36,102,64,43,104,87,127,1,42,115,145,108,105,65,125,142,85,7,41,101,34,57,37,110,28,10,124,2,58,6,18,69,55,136,32,119,25,22,15,131
53,23,14,93,98,73,52,86,44,18,147,89,63,107,100,92,24,49,39,134,130,148,35,31,128,27,82,146,60,0,29,75,59,113,19,106,149,109,13,112,22,62,33,46,117,83,90,120,8,80,40,4,135,48,12,20,103,99,123,54,137,74,138,3,81,88,129,122,77,76,140,47,143,71,139,68,116,96,5,56,133,141,114,34,144,9,38,16,95,97,57,132,70,79,66,94,91,84,50,72,17,118,121,67,61,111,45,30,126,26,36,102,78,43,104,87,127,11,42,115,145,108,105,65,125,142,85,7,41,101,25,64,37,110,28,10,124,2,58,6,1,69,55,136,32,119,21,51,15,131
53,23,14,93,98,73,52,86,44,18,147,89,63,64,100,92,24,75,39,134,130,148,35,31,128,107,82,146,60,0,29,117,59,113,19,106,149,109,13,112,78,62,33,46,49,83,90,120,8,80,40,4,135,48,12,20,103,99,22,54,137,74,138,3,81,88,129,122,77,76,140,47,143,15,97,68,116,96,5,56,133,141,114,34,144,9,38,16,95,139,57,132,70,79,71,94,91,84,50,72,17,118,121,67,61,111,45,30,126,26,36,102,11,43,104,87,127,123,42,115,145,108,105,65,125,142,85,7,41,101,25,27,37,110,28,10,124,2,58,6,1,69,55,136,32,119,21,51,66,131
53,23,14,93,98,73,52,86,130,18,147,89,63,64,100,92,24,75,39,134,141,148,46,31,128,107,82,146,60,0,29,117,59,113,19,106,149,41,13,112,78,62,33,43,49,56,35,120,8,80,40,4,135,48,12,20,103,109,22,54,83,74,138,3,81,88,129,122,77,76,140,47,143,15,97,68,116,96,5,144,133,119,114,34,99,9,38,16,95,139,57,132,70,79,71,94,91,84,50,72,17,118,121,67,61,111,45,30,126,26,36,102,11,90,104,87,127,123,42,115,145,108,105,65,125,142,85,7,137,101,25,27,37,110,28,10,124,2,58,6,1,69,55,136,32,44,21,51,66,131
53,23,14,93,98,73,52,86,130,18,143,89,63,64,100,92,24,75,39,134,141,148,46,31,128,107,82,146,60,0,29,94,59,113,19,106,149,41,13,112,78,62,33,43,49,56,35,120,8,83,40,4,135,48,12,20,9,109,22,54,117,74,138,3,81,88,129,122,77,76,140,47,6,15,97,68,116,96,5,144,133,119,114,87,99,121,38,16,95,139,57,132,70,79,71,147,91,84,50,72,17,118,85,67,61,111,45,30,126,26,36,105,11,90,104,102,127,123,42,115,145,108,34,65,125,142,80,7,137,101,25,27,37,110,28,10,124,2,58,103,1,69,55,136,32,44,21,51,66,131
147,23,14,93,98,73,52,86,130,18,143,89,63,64,100,24,11,75,39,134,141,148,46,31,128,107,82,146,53,0,29,94,59,113,19,96,149,41,13,112,78,62,95,43,49,56,35,120,8,83,40,4,135,48,12,20,9,109,92,54,117,74,138,3,81,88,129,122,77,76,140,47,6,15,97,68,116,104,5,144,133,119,114,87,99,121,38,16,60,139,57,132,70,79,71,131,91,84,50,72,17,118,85,67,61,111,45,30,126,26,36,105,22,90,65,102,127,123,42,115,145,108,34,33,125,142,80,7,137,101,25,27,37,110,28,10,124,2,58,103,106,69,55,136,32,44,21,51,66,1
147,23,14,93,98,73,52,86,130,18,143,89,63,64,100,4,11,75,39,134,141,148,46,31,128,107,82,146,53,0,29,94,59,113,19,96,149,41,13,92,78,62,95,43,132,56,35,120,8,131,40,103,135,48,12,20,9,109,33,54,117,74,138,3,81,88,129,71,77,76,140,47,6,15,97,68,116,104,5,83,133,119,114,87,99,121,38,16,60,139,57,112,70,79,49,24,91,84,50,72,17,144,85,67,61,111,45,30,126,26,36,105,22,90,65,102,127,123,42,115,145,108,34,118,125,142,80,7,137,101,25,122,37,110,28,10,124,2,58,27,106,69,55,136,32,44,21,51,66,1
147,23,14,93,98,73,52,86,130,18,143,89,63,64,100,121,11,75,39,134,141,148,46,31,128,107,55,146,53,0,29,94,8,113,82,96,149,41,13,92,78,62,95,43,132,56,35,120,6,131,40,103,135,48,12,20,49,109,33,54,117,74,138,3,81,88,129,71,77,76,140,101,59,15,97,68,116,104,5,83,133,119,114,87,99,9,38,16,60,139,57,112,70,61,47,24,91,84,50,72,17,144,85,67,2,111,45,30,126,26,36,105,22,90,65,102,127,123,42,115,145,108,34,118,125,142,80,7,137,19,25,122,37,110,28,10,124,4,58,27,106,69,79,136,32,44,21,51,66,1
147,24,14,93,98,73,52,86,130,18,143,89,63,55,100,33,11,144,39,134,141,148,46,31,128,107,135,146,99,0,29,94,8,113,82,96,149,41,13,92,78,62,95,43,132,56,35,120,6,131,40,103,64,48,12,20,49,109,53,54,121,74,138,3,81,88,129,71,77,76,140,101,59,15,97,68,116,104,23,83,133,119,114,87,57,75,38,16,60,139,117,112,70,61,47,9,91,84,50,72,17,5,85,67,2,111,45,30,126,26,36,105,22,90,65,102,127,123,42,115,145,108,34,118,125,142,80,7,137,19,25,122,37,110,28,10,124,4,58,27,106,69,79,136,32,44,21,51,66,1
147,24,14,93,98,52,8,86,130,18,143,89,63,55,73,33,11,144,136,134,64,148,46,31,128,107,135,133,99,0,29,94,100,113,82,96,149,41,13,92,78,62,95,43,132,56,35,120,6,131,40,103,79,48,12,20,49,109,53,54,121,74,146,3,81,88,129,71,77,76,140,101,59,15,97,68,116,104,23,83,141,119,114,87,57,75,38,16,60,139,117,50,70,61,47,9,91,84,39,72,17,5,112,67,2,111,45,30,126,26,36,105,22,90,65,102,127,123,42,115,145,108,34,118,125,142,80,7,137,19,25,122,37,110,28,10,124,4,58,27,106,69,85,138,32,44,21,51,66,1
107,24,14,93,147,52,8,86,130,18,143,89,63,55,73,33,11,144,136,134,64,148,46,31,128,1,135,133,99,0,29,94,100,113,82,96,149,41,13,92,78,62,95,43,132,56,35,120,6,131,40,103,79,48,12,114,49,109,53,54,121,74,146,20,81,88,129,71,77,76,140,101,59,15,97,68,116,104,23,83,141,119,65,87,57,75,38,16,60,139,117,50,70,61,42,9,91,84,39,72,17,5,112,47,2,111,45,30,126,26,36,105,22,90,106,102,127,123,3,115,28,108,34,118,125,142,80,7,137,19,25,122,67,110,145,10,124,4,58,27,98,69,85,138,32,44,21,51,66,37
107,24,14,93,147,52,8,86,130,18,143,89,63,55,73,33,11,144,47,134,64,148,46,31,128,1,135,133,99,0,29,94,100,113,65,96,149,41,13,92,78,62,95,43,132,56,35,120,6,131,40,103,79,105,12,114,49,109,53,54,121,116,146,60,81,88,129,71,77,76,140,20,59,15,97,68,106,104,23,83,141,119,74,87,57,75,38,16,102,139,117,50,70,61,42,9,91,84,136,72,17,101,112,82,2,111,45,30,126,26,36,48,22,90,39,5,127,123,3,115,28,108,34,118,125,142,80,7,137,19,25,122,67,110,145,10,124,4,58,27,98,69,85,138,32,44,21,51,66,37
107,126,14,93,147,52,62,86,130,18,143,89,63,55,73,33,11,144,47,134,64,148,46,31,128,1,135,127,99,0,29,94,100,113,65,96,149,41,13,92,16,133,95,43,132,56,35,120,6,131,40,103,79,105,12,114,49,91,53,54,121,116,146,60,81,88,129,71,109,76,140,20,59,15,97,68,106,104,23,83,141,119,74,87,57,75,38,58,102,139,117,50,70,61,137,9,24,84,136,72,17,101,112,82,2,111,77,30,78,26,36,48,22,90,39,5,45,123,3,115,28,108,34,118,125,142,80,7,42,19,25,122,67,110,145,10,124,4,8,27,98,69,85,138,32,44,21,51,66,37
107,42,14,93,147,52,62,86,130,18,143,89,63,85,73,33,11,144,47,112,64,148,46,31,128,55,135,127,99,0,29,94,100,113,120,96,149,41,13,92,16,133,95,43,132,56,35,1,6,131,40,103,79,105,12,114,49,91,53,54,121,116,146,60,81,88,129,71,109,76,140,20,59,15,97,68,106,104,136,83,141,119,19,87,57,75,38,58,102,139,117,50,70,61,137,9,24,84,65,72,17,101,125,82,2,111,77,30,78,26,36,48,22,90,39,5,45,123,3,115,28,108,34,118,74,142,80,7,126,23,25,122,67,110,145,10,124,4,8,27,98,69,32,138,134,44,21,51,66,37
107,42,14,123,147,52,62,86,130,18,143,89,63,85,73,98,11,144,47,112,64,148,46,105,128,55,135,127,99,0,29,31,100,113,120,96,149,41,13,92,16,133,95,33,132,56,35,1,6,102,40,103,79,87,12,114,49,91,53,54,121,116,146,60,81,88,93,71,109,76,140,20,59,15,97,68,106,104,136,83,141,119,19,10,57,75,38,58,129,139,117,50,70,61,137,9,24,84,65,72,17,101,125,82,2,111,77,30,94,26,36,48,22,90,39,5,45,3,43,115,28,108,34,118,74,142,80,7,126,23,25,122,67,110,145,78,124,4,8,27,131,69,32,138,134,44,21,51,66,37
107,42,14,123,147,52,62,86,130,18,78,89,63,85,73,98,76,144,47,112,64,148,46,65,128,55,135,8,99,0,29,31,100,113,120,54,149,41,13,92,132,133,95,33,105,56,35,1,6,102,40,103,79,87,12,114,49,91,53,127,121,116,30,60,81,88,93,71,109,11,140,20,59,15,97,68,106,104,136,83,141,119,19,10,57,75,38,58,129,139,117,50,70,61,137,9,24,84,16,72,17,101,125,82,2,111,77,146,94,26,36,48,22,90,39,5,45,3,43,115,28,108,34,96,74,142,80,7,126,23,25,122,67,110,145,143,124,4,118,27,131,69,32,138,134,44,21,51,66,37
107,42,14,123,147,13,62,86,130,18,78,89,63,85,73,98,76,144,47,112,64,148,46,65,128,55,135,12,99,0,29,31,100,113,120,54,149,8,95,97,132,133,9,33,105,56,35,1,6,41,40,103,79,87,71,114,49,91,53,127,121,116,30,60,102,88,93,38,109,11,140,20,59,15,52,81,106,104,136,83,141,119,19,10,57,75,92,58,129,139,117,50,70,61,137,94,24,84,16,72,17,101,125,82,2,111,77,146,68,26,36,48,22,90,39,5,45,3,43,115,28,108,34,96,74,142,80,7,126,23,25,122,67,110,145,143,124,4,118,27,131,69,32,138,134,44,21,51,66,37
107,42,14,123,147,13,62,86,130,18,78,93,63,85,73,98,76,144,47,90,16,148,46,65,128,55,64,12,99,0,29,31,100,113,74,54,149,8,95,97,132,133,9,33,105,56,35,1,6,41,40,103,79,87,71,114,49,91,53,127,121,116,30,60,102,88,58,38,109,11,140,20,59,15,52,81,106,104,136,83,141,119,19,10,57,112,92,89,129,139,117,50,70,61,137,94,24,84,120,72,17,101,125,82,2,111,77,146,68,26,36,48,22,43,39,75,45,3,5,115,28,108,34,96,110,142,80,7,126,23,25,122,67,118,145,143,124,4,135,27,131,69,32,138,134,44,21,51,66,37
107,42,14,123,147,13,62,86,130,18,80,126,63,85,73,98,76,144,47,90,16,148,46,65,128,55,64,12,99,141,29,31,100,113,74,54,149,8,95,97,132,133,9,33,105,56,35,1,6,41,40,116,0,87,71,114,49,7,53,127,121,79,30,60,91,88,58,38,109,11,140,20,59,102,52,81,106,104,136,83,15,119,19,10,57,112,92,89,134,139,117,50,70,61,137,94,24,84,120,72,17,101,125,82,2,111,77,146,68,26,36,48,22,43,39,75,45,3,5,115,28,108,34,96,110,142,103,129,78,23,25,122,67,118,145,143,124,4,135,27,131,69,32,138,93,44,21,51,66,37
107,42,14,123,147,13,62,86,130,18,80,126,129,85,73,98,76,144,47,90,16,148,46,65,37,55,64,12,99,141,29,31,100,113,74,54,149,8,95,97,132,133,9,33,105,56,35,1,6,52,40,116,71,41,28,114,49,7,53,127,121,79,30,60,91,88,58,38,109,11,140,20,128,26,87,81,106,104,136,83,15,119,19,10,57,112,92,89,134,139,117,50,70,61,137,94,24,84,120,72,17,101,125,82,2,111,77,0,68,63,36,48,22,43,39,75,45,3,5,115,69,108,34,96,110,142,103,102,78,23,25,122,67,118,145,143,124,4,135,27,131,59,32,138,93,44,21,51,66,146
107,42,14,123,20,13,62,86,130,18,80,126,129,85,77,98,52,144,47,6,16,148,46,65,37,55,90,12,99,141,29,32,100,113,74,54,149,8,95,97,132,133,9,33,105,56,35,1,108,76,40,116,71,41,28,114,49,7,53,127,121,79,30,60,91,88,58,38,109,11,140,118,128,147,87,81,106,104,136,83,15,119,19,10,57,112,92,89,134,139,117,50,70,61,137,94,24,84,120,72,17,101,125,82,73,111,2,0,68,63,36,48,22,43,39,75,45,3,5,115,69,64,34,96,110,142,103,102,78,23,25,122,67,26,145,143,124,4,135,27,131,59,31,138,93,44,21,51,66,146
107,42,14,123,20,13,62,86,130,18,143,126,129,85,77,98,52,144,47,6,2,148,46,65,37,55,90,12,99,97,29,32,100,141,74,54,149,8,95,112,132,133,9,33,105,56,35,1,108,76,40,116,71,41,28,114,49,7,53,127,16,79,30,60,17,88,58,38,109,11,140,118,128,147,87,81,106,104,136,70,15,119,19,10,57,80,92,89,134,139,117,50,44,61,137,94,24,84,120,72,121,101,125,82,73,111,115,0,68,63,36,48,22,43,39,75,45,3,5,113,69,64,34,96,110,142,103,102,78,23,25,122,67,26,145,83,124,4,135,27,131,59,31,138,93,91,21,51,66,146
107,42,14,123,20,13,62,86,130,18,143,126,129,85,77,98,52,144,47,6,137,148,2,65,37,55,90,12,99,97,29,32,100,46,74,54,149,8,95,112,132,133,9,33,105,56,35,1,108,76,40,116,141,41,28,26,49,7,53,127,16,79,30,60,17,88,58,38,109,11,140,118,128,147,27,81,106,104,136,70,15,119,19,10,57,80,92,89,134,71,117,50,44,61,110,94,63,84,120,72,121,101,125,82,73,111,115,138,68,139,36,48,22,43,39,75,45,3,5,113,69,64,34,96,24,142,103,102,78,23,25,122,67,87,145,83,124,4,135,114,131,59,31,0,93,91,21,51,66,146
107,42,14,123,20,13,62,86,130,43,125,126,129,85,77,98,52,144,47,6,137,148,2,65,37,55,90,41,99,97,29,32,100,46,74,54,149,8,95,112,132,133,9,33,105,143,35,1,108,76,18,116,141,56,28,26,49,7,53,127,16,79,30,60,17,40,58,38,109,88,34,118,128,147,27,81,106,104,136,70,15,119,11,10,57,80,92,89,134,71,117,50,44,61,110,94,63,84,120,140,121,101,72,82,73,111,115,138,68,139,36,48,22,21,39,75,45,3,5,113,69,64,12,96,24,142,103,102,78,23,25,122,67,87,145,83,124,4,135,114,131,59,31,0,93,91,19,51,66,146
107,42,21,123,20,13,62,143,130,43,125,126,129,85,77,98,52,144,47,6,137,148,2,65,104,55,90,41,99,97,29,32,100,46,74,54,149,8,95,86,132,133,9,33,105,82,35,1,108,76,18,116,141,56,28,26,49,7,53,127,16,79,30,60,17,40,5,38,109,88,34,118,128,147,27,81,106,134,136,70,15,119,11,10,57,80,92,89,14,71,117,50,44,61,110,112,63,84,120,140,121,101,72,23,73,111,115,138,68,139,36,48,22,69,39,75,45,3,37,113,146,64,12,96,24,142,103,102,78,94,25,122,67,87,145,83,124,4,135,114,131,59,31,0,93,91,19,51,66,58
107,42,21,123,20,13,62,143,130,43,125,126,129,85,122,4,52,144,47,112,137,148,2,65,104,55,90,41,102,97,29,32,100,46,74,54,149,8,95,86,132,133,9,33,105,82,35,1,108,76,18,116,141,56,28,26,49,7,53,127,16,109,30,60,17,40,5,38,79,88,34,118,128,147,27,81,70,134,136,77,15,119,11,10,57,80,92,59,14,71,117,50,44,61,110,39,63,84,120,140,121,101,72,23,73,111,115,138,68,139,36,48,22,69,6,75,45,3,37,113,146,64,12,96,24,142,103,106,78,94,25,89,67,87,145,83,124,98,135,114,131,99,31,0,93,91,19,51,66,58
107,42,21,123,20,13,62,143,130,43,125,126,129,85,30,4,52,144,47,112,137,148,2,65,104,55,90,41,102,97,29,32,135,46,74,54,149,8,95,86,132,133,9,33,5,82,35,1,108,76,18,116,141,48,28,26,49,7,53,75,16,109,110,60,17,40,131,38,79,88,34,118,128,147,27,81,70,134,136,77,15,119,11,10,57,80,92,59,14,71,117,50,44,61,73,39,63,84,120,140,121,101,72,23,100,111,115,138,68,139,36,78,22,69,6,105,45,3,37,113,146,64,12,96,24,142,103,106,19,94,25,89,67,87,145,83,124,98,127,114,122,99,31,0,93,91,56,51,66,58
107,42,21,123,20,13,62,143,130,43,125,126,129,85,30,4,52,144,47,112,137,148,2,65,81,55,90,41,102,73,97,32,135,46,74,54,149,8,95,111,132,133,9,37,5,82,35,1,86,76,18,116,141,48,88,26,49,7,53,75,16,109,110,60,17,40,121,38,79,108,34,118,128,147,27,28,70,134,136,77,15,119,11,10,57,80,92,59,14,71,117,50,44,61,104,39,63,84,120,140,131,101,72,23,100,115,33,138,68,139,36,78,22,69,6,105,45,3,29,113,146,64,12,96,24,142,103,106,19,94,25,89,67,87,145,83,124,98,127,114,122,99,31,0,93,91,56,51,66,58
107,42,15,116,144,13,62,143,130,43,125,126,129,85,30,4,52,21,47,112,137,148,2,65,81,55,90,41,102,73,97,32,135,141,110,72,149,8,95,111,132,133,9,37,5,82,35,1,86,105,18,123,74,48,88,26,49,7,53,75,16,109,54,60,17,40,121,38,79,108,34,118,128,147,27,28,70,134,136,77,120,119,11,10,57,80,92,59,14,71,117,50,44,61,104,39,63,84,76,140,131,101,46,23,100,115,33,138,68,139,36,78,22,69,6,20,45,3,29,113,146,64,12,96,24,142,103,106,19,94,25,89,67,87,145,83,124,98,127,114,122,99,31,0,93,91,56,51,66,58
107,42,15,116,144,13,62,143,130,27,125,126,129,85,30,4,52,21,47,112,137,148,2,65,81,55,90,41,102,73,97,32,135,22,146,72,149,8,95,84,132,133,9,37,5,82,35,1,86,105,18,123,74,48,88,26,49,7,53,75,16,109,40,60,17,94,121,38,79,108,110,118,128,147,111,28,70,134,136,77,120,119,11,10,57,80,92,59,14,71,117,50,44,61,104,39,63,36,76,140,131,101,46,23,100,115,33,138,68,139,127,78,54,69,6,20,45,3,29,113,34,64,12,141,24,142,103,106,19,43,25,89,67,87,145,83,124,98,96,114,122,99,31,0,93,91,56,51,66,58
107,42,15,116,144,13,62,143,130,27,125,126,129,85,30,69,52,21,47,112,137,148,2,3,72,55,90,41,102,73,97,32,135,22,146,127,149,8,95,84,132,133,9,37,5,82,25,1,86,105,18,81,74,48,88,26,49,7,53,75,35,109,40,60,17,94,121,38,79,108,110,118,65,147,111,28,70,134,136,77,120,119,11,10,57,80,4,59,14,71,117,50,44,61,104,39,63,128,76,140,131,101,46,23,100,115,33,138,68,139,36,78,54,45,6,20,92,16,29,113,34,64,12,141,24,142,103,106,19,43,123,89,67,87,145,83,124,98,96,114,122,99,31,0,93,91,56,51,66,58
107,42,15,116,144,13,62,143,130,27,125,126,129,85,30,69,132,21,47,112,108,148,2,91,72,52,90,41,102,73,97,32,135,22,37,127,149,8,95,84,122,133,9,146,5,3,25,1,86,105,18,81,74,48,88,26,49,7,53,75,35,44,40,60,17,94,121,38,79,55,110,118,65,147,111,28,70,134,136,77,120,119,11,10,57,80,4,59,14,71,117,50,56,61,104,39,63,128,76,140,131,101,46,23,100,115,33,138,68,139,109,78,54,45,6,20,92,16,29,113,34,64,12,141,24,142,103,106,19,43,123,89,67,87,145,83,124,98,96,114,36,99,31,0,93,137,82,51,66,58
107,42,15,59,144,13,62,143,130,123,125,96,129,85,30,69,132,21,47,112,108,148,2,91,72,52,90,41,102,73,97,32,135,27,37,127,149,8,95,84,122,133,9,146,5,3,25,1,86,105,18,81,74,48,88,26,49,7,110,75,35,44,40,92,17,94,121,38,79,55,53,118,65,147,111,28,70,134,136,77,120,119,11,10,57,80,4,23,14,71,117,50,56,16,104,39,63,128,76,140,131,101,126,60,100,115,33,138,68,139,109,78,54,45,6,20,22,46,29,113,34,64,12,141,24,142,103,106,19,43,61,89,67,87,145,83,124,98,116,114,36,99,31,0,93,137,82,51,66,58
107,42,15,59,144,13,62,143,130,123,125,96,129,85,30,23,132,41,47,112,108,148,2,91,72,52,90,145,102,73,97,32,135,27,37,77,149,8,95,84,122,133,9,146,5,3,25,1,86,105,18,81,74,48,88,26,49,7,110,75,35,44,40,92,17,94,121,38,79,55,53,118,65,147,111,28,70,134,116,127,120,119,11,10,33,80,4,82,14,136,117,50,56,16,104,39,63,128,76,140,131,101,126,60,100,115,69,138,68,139,71,78,54,45,6,20,22,46,29,113,34,64,12,141,24,142,103,106,19,43,61,89,67,87,98,83,124,109,57,114,36,99,31,0,93,137,21,51,66,58
107,137,15,59,144,13,62,143,130,123,125,96,129,85,30,23,132,41,47,112,108,69,2,91,72,52,90,145,102,73,81,32,135,82,37,77,149,8,95,84,122,133,9,146,5,3,25,1,86,141,18,19,74,48,88,26,49,7,110,75,35,44,40,92,17,94,121,42,79,55,53,118,65,147,111,28,70,134,116,127,120,119,11,10,33,80,4,103,14,136,117,50,56,16,104,39,63,128,76,38,131,101,126,60,100,115,27,138,68,139,71,78,54,45,6,20,97,46,29,113,34,64,12,105,24,142,140,106,148,43,61,89,67,87,98,83,124,109,57,114,36,99,31,0,93,22,21,51,66,58
107,137,15,59,144,13,62,143,130,23,125,96,129,85,30,49,132,41,47,3,108,69,2,91,72,52,90,145,102,73,81,32,135,82,37,77,149,8,17,84,122,133,9,146,5,114,25,1,86,141,18,19,74,48,88,26,134,7,110,75,35,44,40,92,112,94,121,42,79,55,53,118,65,147,111,28,70,126,16,127,120,119,11,10,33,80,4,103,14,136,117,50,56,95,104,39,63,128,76,38,131,101,83,60,100,115,27,138,68,139,71,12,54,45,6,20,97,46,29,113,34,64,116,105,24,142,140,106,148,43,61,89,67,87,98,78,124,109,57,123,36,99,31,0,93,22,21,51,66,58
107,137,15,59,144,13,143,117,130,23,42,96,129,85,142,49,132,41,47,3,108,69,2,91,72,52,90,145,102,73,81,32,135,124,37,77,149,8,17,84,122,133,9,146,5,114,25,1,86,141,66,71,74,48,88,26,134,18,110,75,35,44,40,92,112,94,121,125,79,55,53,118,65,147,111,28,70,126,16,127,120,119,11,10,33,80,4,103,14,136,30,50,56,95,7,39,63,128,76,38,131,101,83,60,100,115,27,138,68,139,19,12,54,45,6,20,97,46,29,113,34,64,116,105,24,82,140,106,148,43,61,89,67,87,98,78,104,109,57,123,36,99,31,0,93,22,21,51,62,58
121,137,15,59,144,13,143,117,130,23,42,96,129,85,142,106,132,41,47,3,108,69,2,91,72,52,90,145,102,63,81,100,135,124,37,77,149,8,17,84,54,133,9,146,5,114,25,1,86,141,66,71,74,48,88,26,134,18,110,75,35,44,40,92,112,94,95,125,79,55,53,118,65,147,111,28,39,126,16,127,120,119,11,10,33,80,4,103,14,136,30,50,56,49,7,32,36,128,76,38,131,101,83,60,122,115,27,138,68,139,19,12,82,45,6,20,97,46,29,113,34,64,116,105,24,70,140,73,148,43,61,89,67,87,98,78,104,109,57,123,107,99,31,0,93,22,21,51,62,58
121,137,15,59,144,13,143,117,28,6,111,96,129,35,142,106,132,41,47,3,108,69,2,91,72,52,90,145,102,63,81,100,135,124,37,77,149,8,17,84,54,133,9,146,5,114,25,1,86,141,66,71,74,48,88,26,134,18,110,75,85,44,40,92,112,94,95,125,79,55,53,118,65,147,130,34,39,126,16,127,120,119,11,10,33,80,4,103,14,99,30,50,56,49,7,131,36,128,76,38,23,101,83,60,122,136,27,138,68,139,19,12,42,45,82,20,97,46,29,113,115,64,116,105,24,70,140,73,148,43,61,89,67,87,98,78,104,109,57,123,107,32,31,0,93,22,21,51,62,58
121,137,125,59,15,13,143,117,28,6,111,96,129,35,142,106,132,41,90,3,108,69,2,91,72,52,65,145,102,27,81,100,135,124,37,77,149,8,17,84,54,133,9,146,5,114,25,1,86,141,66,71,74,48,88,26,134,18,110,45,85,44,40,92,112,94,95,4,79,55,53,118,103,147,130,34,39,126,16,127,120,119,11,10,33,80,47,32,14,99,30,50,56,49,7,131,36,128,76,38,23,101,83,60,82,136,144,138,68,139,19,12,42,63,75,20,97,46,29,113,115,64,116,105,24,70,140,73,148,43,61,89,67,87,98,78,104,109,57,123,107,122,31,0,93,22,21,51,62,58
121,137,78,95,15,13,143,117,63,6,111,96,129,35,142,106,18,41,90,3,108,69,2,91,72,52,65,145,102,27,81,28,135,124,37,77,149,8,17,109,54,133,9,146,5,114,25,1,86,141,66,71,74,48,88,26,134,20,110,45,85,44,40,92,112,94,82,4,79,55,53,118,103,147,130,34,39,126,84,127,120,119,11,10,33,80,47,32,14,99,30,50,56,49,7,131,36,128,76,132,23,101,83,60,100,136,144,138,68,139,19,12,42,16,75,38,97,46,29,113,115,64,116,105,24,70,140,73,148,43,61,89,67,87,98,125,104,59,57,123,107,122,31,0,93,22,21,51,62,58
121,137,78,95,15,13,143,117,63,6,111,96,129,35,142,106,18,41,90,3,108,4,2,91,72,52,65,145,102,27,81,28,135,124,37,77,149,8,17,109,54,133,9,146,89,114,25,1,92,141,66,71,74,48,88,26,134,20,110,45,85,44,40,140,112,94,97,100,79,82,53,118,103,147,130,34,39,126,84,127,120,119,11,10,33,80,47,32,14,99,5,50,56,49,7,131,36,128,76,132,23,101,83,60,69,107,144,138,68,139,19,30,42,16,75,38,136,46,29,113,115,64,116,105,24,70,86,73,148,43,61,55,67,87,98,125,104,59,57,123,12,122,31,0,93,22,21,51,62,58
121,137,78,140,15,13,143,117,63,6,111,96,129,35,142,106,18,41,90,3,19,4,2,91,72,52,65,145,102,27,81,28,135,124,95,77,149,8,17,109,54,133,9,146,89,114,25,1,37,141,66,71,74,48,88,26,134,20,110,45,5,44,40,73,112,94,97,100,79,82,29,118,92,147,130,34,39,126,84,127,120,119,11,10,33,80,47,32,14,99,57,53,56,49,7,131,36,128,76,132,23,101,83,60,69,107,144,138,68,139,50,30,42,16,75,38,136,108,85,113,115,64,116,105,24,70,86,46,148,43,61,55,67,87,98,125,104,59,103,123,12,122,31,0,93,22,21,51,62,58
121,137,78,140,15,13,143,117,63,6,111,96,129,35,142,106,18,41,90,3,19,4,2,91,72,52,131,145,102,27,81,28,135,124,95,77,149,8,17,109,93,133,128,146,89,114,54,1,37,9,66,71,88,48,25,26,134,20,110,45,5,44,40,73,112,94,97,100,79,82,29,118,65,147,130,34,39,126,84,127,120,119,11,10,33,80,47,32,14,99,57,53,56,49,7,30,36,24,76,132,23,58,83,60,69,107,144,138,68,139,50,141,42,16,75,38,136,108,85,113,115,64,116,105,74,70,86,46,148,43,61,55,67,87,98,125,104,59,103,123,12,122,31,0,92,22,21,51,62,101
121,137,110,140,15,13,143,117,63,6,111,96,129,146,142,106,18,78,90,3,19,4,2,91,72,52,131,145,102,27,81,28,135,124,95,77,149,8,17,109,93,133,128,112,89,114,54,1,37,9,66,71,88,48,25,26,134,20,126,45,24,44,40,73,118,94,97,100,79,82,29,60,65,147,130,34,39,5,84,127,35,119,11,10,33,80,47,32,14,99,57,53,56,49,7,30,36,58,76,132,23,113,83,41,69,107,144,120,68,139,50,141,42,16,75,38,136,108,85,138,115,64,116,105,74,70,86,46,148,43,61,55,67,87,98,125,104,59,103,123,12,122,31,0,92,22,21,51,62,101
121,78,110,140,15,9,143,117,63,6,111,96,129,146,142,106,18,64,90,3,19,4,2,91,72,22,52,145,102,27,81,28,135,124,95,77,149,8,17,137,93,133,128,112,89,114,82,1,37,108,66,71,88,48,25,26,134,20,126,45,24,44,40,73,118,94,97,100,79,54,29,60,65,109,130,34,39,5,84,127,35,131,11,10,33,13,47,32,14,99,57,53,56,49,7,30,36,58,76,132,23,113,83,41,69,107,144,120,68,139,50,141,42,16,75,38,136,147,85,138,115,119,116,105,74,70,86,46,148,43,61,55,67,87,98,125,104,59,103,123,12,122,31,0,92,80,21,51,62,101
121,78,110,140,15,9,143,117,63,6,111,96,129,80,142,106,18,64,90,135,19,4,2,91,72,22,52,145,102,27,81,28,71,124,95,77,149,8,17,137,93,133,128,112,89,114,82,98,37,108,66,48,88,26,127,146,134,20,25,45,24,44,40,73,118,94,97,100,79,54,29,60,65,109,130,34,39,5,84,126,43,131,11,10,33,13,47,32,14,99,57,53,56,49,7,30,36,58,76,132,23,113,83,41,3,107,144,120,68,139,50,141,42,16,75,38,136,147,85,138,115,119,116,105,74,70,86,46,148,69,61,55,67,87,35,125,104,59,103,123,12,122,31,0,92,1,21,51,62,101
121,78,110,30,15,9,143,117,63,6,111,96,129,0,142,106,18,64,90,135,19,4,2,91,72,22,52,145,23,27,81,28,71,14,95,77,149,8,17,137,93,133,128,112,89,114,82,102,37,108,66,48,88,26,127,146,134,20,25,45,24,44,40,73,118,94,97,100,80,54,29,60,65,109,130,34,39,5,84,126,43,131,11,10,33,13,47,32,124,99,57,53,56,49,7,140,36,58,76,132,103,113,83,41,79,107,144,120,68,139,50,141,42,16,75,38,136,147,85,138,115,119,116,105,1,70,86,46,148,69,61,55,67,87,35,3,104,59,98,123,12,122,31,125,92,74,21,51,62,101
121,78,110,30,81,9,143,117,63,6,111,96,15,0,142,106,18,64,90,135,19,4,2,91,72,22,52,145,20,27,51,28,71,14,95,77,149,8,17,137,93,133,128,112,89,114,82,102,37,108,66,48,88,26,127,146,134,16,25,45,24,44,40,73,118,94,97,100,67,54,29,60,65,109,147,34,39,5,84,126,43,131,11,10,33,13,47,32,124,99,57,53,56,49,7,140,36,58,76,132,103,113,83,41,79,107,144,120,68,139,50,141,42,80,23,38,136,92,85,138,115,119,116,105,1,70,86,46,148,69,61,130,122,87,35,3,104,59,98,123,12,129,31,125,55,74,21,75,62,101
92,78,110,30,81,9,143,117,63,6,111,96,15,0,142,106,18,64,90,135,144,4,2,91,72,22,52,98,20,27,51,28,71,14,95,77,149,8,17,137,93,133,128,112,89,114,82,102,37,125,66,48,88,26,127,146,134,16,25,45,24,44,40,73,118,94,97,100,67,54,29,60,65,109,147,34,39,5,84,126,43,131,11,10,33,13,47,32,124,99,57,53,56,49,7,140,36,58,76,132,103,113,83,41,79,107,104,120,68,139,50,141,42,129,23,38,136,145,85,138,115,119,121,19,1,70,86,46,148,69,108,130,122,87,35,3,80,59,116,123,12,62,31,61,55,74,21,75,105,101
92,78,110,30,81,9,143,117,63,6,111,96,15,0,142,106,18,24,90,135,144,4,77,91,72,22,52,98,20,27,112,28,71,14,5,21,149,8,17,137,93,133,128,95,89,114,42,102,37,125,66,48,88,19,127,146,134,16,25,45,26,44,40,73,118,94,97,100,67,54,29,60,64,109,147,34,39,65,84,126,43,131,11,10,33,13,47,32,124,99,57,53,56,49,7,140,36,58,76,132,103,113,83,41,79,107,104,120,68,139,50,141,70,129,23,38,136,145,85,138,115,119,121,82,1,51,86,46,148,69,108,130,122,87,35,3,80,59,116,123,12,62,31,61,55,74,2,75,105,101
92,78,110,30,81,9,143,117,63,6,111,100,15,0,37,106,18,24,90,135,144,4,77,91,72,22,52,98,74,27,112,28,71,142,5,21,149,8,17,137,93,133,128,95,89,114,42,102,127,125,66,48,88,19,119,146,134,16,25,45,26,20,40,73,118,94,97,34,67,54,29,60,64,109,147,55,39,44,84,126,43,131,11,10,33,13,47,32,124,99,57,53,56,49,7,140,36,58,76,132,103,113,83,41,79,107,104,120,68,139,50,141,70,129,23,38,136,145,85,138,115,65,121,82,1,51,61,46,148,69,108,130,122,87,35,3,80,59,116,123,12,62,31,96,86,14,2,75,105,101
92,78,110,30,81,9,143,117,63,6,111,100,15,0,37,106,18,102,90,135,144,4,77,91,72,22,52,97,74,27,35,28,71,142,5,21,149,8,17,54,137,133,128,95,112,114,42,65,127,125,66,48,88,19,119,146,134,16,25,45,26,20,40,73,118,94,61,34,67,89,29,24,64,109,147,55,39,44,84,126,43,131,11,10,33,13,47,32,124,99,57,98,56,49,7,140,36,58,76,132,103,60,83,41,79,107,104,120,68,139,50,141,70,129,23,38,136,145,85,138,115,53,121,82,1,51,93,46,148,69,108,130,122,87,113,3,80,59,116,123,12,62,31,96,86,14,2,75,105,101
92,78,110,30,81,9,143,117,63,6,111,100,15,0,37,106,18,102,90,135,144,4,77,121,72,22,52,97,74,27,35,28,71,142,5,21,149,8,17,54,137,133,128,95,65,114,42,129,127,125,120,48,88,105,119,146,134,16,25,45,26,20,40,73,19,94,61,34,67,89,29,24,64,109,147,55,39,44,84,126,43,75,118,10,91,13,47,32,124,99,57,98,56,49,7,140,36,58,76,132,103,60,83,41,79,107,104,112,68,139,50,141,70,131,23,38,136,145,85,138,115,53,122,82,1,51,93,46,148,69,108,130,11,87,113,3,80,59,116,123,12,62,31,96,86,14,2,66,33,101
144,78,110,13,81,9,143,117,63,6,111,100,15,120,4,106,18,102,90,135,37,65,77,121,72,22,52,97,74,27,35,28,71,142,5,21,149,8,17,54,137,133,128,95,7,114,42,129,127,125,60,48,88,105,119,146,134,16,25,131,26,20,40,73,19,94,61,34,67,89,29,24,64,109,147,55,39,44,84,126,43,75,118,10,91,30,47,32,124,99,57,98,56,49,51,140,36,58,76,132,103,0,83,41,79,107,104,112,68,139,50,141,70,92,23,38,136,145,85,138,115,53,122,82,1,93,45,46,148,69,108,130,11,87,113,3,80,59,116,123,12,62,31,96,86,14,2,66,33,101
144,46,110,100,81,9,143,117,63,6,111,13,15,120,4,106,18,102,90,135,37,65,77,121,72,22,52,128,74,27,132,28,71,142,5,21,149,8,17,54,137,133,33,95,7,114,42,129,127,125,60,48,88,105,119,26,134,16,25,131,45,53,40,73,19,94,61,34,67,89,29,24,64,109,147,55,39,44,84,126,43,75,118,10,91,30,47,32,124,99,57,98,56,49,51,140,36,58,76,146,103,0,83,41,79,107,104,112,68,139,50,141,70,92,23,38,136,145,85,138,115,82,122,35,1,93,20,78,148,69,108,130,11,87,113,3,80,59,116,123,12,62,31,96,86,14,2,66,97,101
144,46,110,100,81,9,143,117,63,6,111,13,15,120,4,106,18,102,55,135,37,65,77,121,72,22,52,128,74,27,132,28,71,142,5,21,149,8,17,54,137,133,33,95,7,42,86,129,127,125,60,48,88,114,119,26,134,94,25,131,47,53,40,73,19,16,61,34,67,89,29,78,64,109,147,90,39,44,84,126,43,45,118,10,91,30,105,32,124,99,75,98,56,49,51,140,36,58,76,146,103,0,83,41,79,107,104,112,68,139,50,141,70,92,23,38,136,145,85,138,115,82,122,35,1,93,20,3,148,69,108,130,11,87,113,24,80,59,116,123,12,62,31,96,57,14,2,66,97,101
144,46,42,100,81,9,143,117,63,6,111,13,15,120,4,106,18,102,55,135,37,65,77,121,125,22,52,128,68,27,74,28,71,142,5,21,149,8,17,137,72,133,33,95,7,110,86,129,127,139,60,48,88,114,119,26,134,94,25,131,47,53,40,73,19,16,61,87,67,89,29,78,64,109,147,90,39,44,84,126,43,45,118,10,91,30,105,32,124,99,75,98,56,49,51,140,36,58,76,146,103,0,83,41,79,92,104,112,132,34,50,141,70,107,23,38,136,145,85,138,115,54,122,35,1,93,20,3,148,69,108,130,11,82,113,24,80,59,116,123,12,62,31,96,57,14,2,66,97,101
144,46,42,100,81,9,143,117,63,6,111,13,15,120,4,148,18,119,7,135,37,65,77,121,91,22,52,128,68,27,74,28,71,142,5,21,149,8,17,137,94,133,33,95,19,110,86,30,127,139,60,48,88,114,123,26,134,125,25,131,47,53,40,73,129,16,61,87,67,89,29,78,64,109,147,90,39,55,84,126,43,45,118,10,72,106,105,32,124,99,75,98,56,49,51,140,36,58,76,146,103,0,83,41,79,92,104,112,132,34,50,141,70,107,23,38,136,145,85,138,115,54,122,35,1,93,20,3,44,69,108,130,11,82,113,24,80,59,116,102,12,62,31,96,57,14,2,66,97,101
144,46,42,100,81,9,143,117,63,6,111,13,15,120,4,54,18,71,133,135,37,65,77,121,91,22,52,128,68,27,74,28,149,142,5,21,2,8,17,137,94,148,33,95,19,110,86,30,127,139,106,48,88,114,123,26,134,125,25,7,47,53,40,73,129,16,61,87,67,89,29,78,64,109,147,90,39,55,84,126,43,45,118,10,72,131,105,32,124,99,75,98,56,49,51,140,36,58,76,146,103,0,83,41,79,130,104,112,132,34,50,141,70,107,23,38,136,145,85,138,115,119,122,35,1,93,20,3,44,69,108,60,11,82,113,116,80,59,24,102,12,62,31,96,57,14,92,66,97,101
144,46,42,100,81,9,143,117,63,6,111,13,15,120,4,54,18,71,133,135,37,94,77,97,91,22,52,128,68,27,74,28,149,142,5,21,2,8,17,137,138,24,33,95,19,110,86,30,127,139,106,48,88,114,123,26,134,125,25,7,47,53,40,73,129,16,61,87,67,93,29,78,64,109,147,90,39,55,84,126,43,45,118,10,51,131,105,32,124,99,75,98,56,49,36,140,72,58,76,146,103,0,83,41,79,130,104,112,132,20,50,141,70,107,23,38,136,145,85,121,115,119,122,35,1,148,82,3,44,69,108,60,11,65,113,116,80,59,89,102,12,62,31,96,57,14,92,66,34,101
144,46,42,143,81,9,34,117,63,6,111,13,15,120,4,54,18,71,133,108,37,94,77,97,91,22,52,128,68,27,74,69,100,142,5,21,2,132,17,137,138,24,33,95,19,110,86,30,127,139,106,48,88,114,123,26,134,125,67,7,47,53,40,73,129,16,61,87,8,93,29,78,64,109,147,90,39,55,84,126,28,45,118,10,51,131,105,32,124,99,75,98,56,49,36,140,72,58,76,146,103,149,25,41,79,130,104,112,43,20,50,141,70,107,23,38,136,145,85,121,115,119,122,35,1,148,82,3,44,0,83,60,11,65,113,116,80,59,89,102,12,62,31,96,57,14,92,66,135,101
144,46,42,143,81,9,34,117,63,6,111,65,15,120,4,54,18,71,133,108,37,94,77,97,91,22,52,128,68,27,74,69,100,142,5,140,2,132,17,137,138,24,33,95,19,110,86,30,127,139,106,38,88,114,123,26,134,125,67,7,47,53,40,73,129,16,61,87,8,93,29,78,64,109,147,90,39,55,84,126,28,105,118,10,51,131,104,32,124,99,75,98,56,49,48,43,72,58,76,146,103,149,45,41,79,130,136,112,36,20,50,116,70,107,23,13,25,145,85,121,115,119,122,35,1,148,82,3,44,0,83,60,11,141,113,21,80,59,89,102,12,62,31,96,57,14,92,66,135,101
144,46,83,143,81,9,34,117,63,6,111,65,15,120,4,54,18,71,133,108,37,127,77,97,91,22,52,128,68,27,74,69,100,142,5,140,2,132,17,137,138,24,92,95,19,110,42,30,75,139,106,38,88,114,123,26,134,125,67,7,47,116,40,73,129,16,61,87,8,93,29,78,64,109,147,90,39,55,84,126,28,105,82,10,51,131,104,32,118,99,119,98,56,49,48,43,72,58,76,146,103,149,45,41,79,130,136,112,36,20,124,33,70,107,23,13,25,145,85,121,115,50,122,35,1,148,86,3,44,0,94,60,11,141,113,21,80,59,89,102,12,62,31,96,57,14,53,66,135,101
144,46,83,143,81,9,34,117,63,137,111,65,15,120,4,54,18,147,133,108,37,127,77,97,91,29,52,128,68,27,19,69,100,142,5,140,2,132,17,21,138,24,92,95,124,110,42,30,75,139,106,38,88,71,123,26,134,125,67,7,47,116,40,73,129,16,61,87,8,93,148,78,64,13,22,90,39,55,84,126,28,105,82,10,51,131,104,32,118,99,119,98,56,49,48,43,72,58,76,146,103,149,45,41,79,130,136,112,36,20,74,33,70,107,23,122,25,145,85,121,115,50,6,35,1,109,86,3,44,0,94,60,11,141,113,114,80,59,89,102,12,62,31,96,57,14,53,66,135,101
144,46,83,143,81,9,34,117,63,137,111,65,15,120,4,50,18,147,133,108,37,127,77,97,91,29,61,128,68,27,19,69,100,142,5,140,2,132,17,21,138,24,92,95,53,110,42,30,75,139,106,38,88,71,123,26,134,125,67,7,47,116,40,73,129,16,145,87,8,93,148,78,64,13,22,90,39,55,96,126,74,105,82,10,51,131,104,32,118,107,119,98,56,49,89,43,72,58,76,146,103,149,45,41,79,130,136,112,36,20,52,33,70,54,23,122,25,28,85,121,115,124,6,35,1,109,86,3,44,0,94,60,11,141,113,114,80,59,48,102,12,62,31,99,57,14,84,66,135,101
144,46,83,2,81,8,34,117,63,137,111,65,15,120,4,50,18,147,133,108,37,127,77,97,91,29,61,128,68,27,19,69,100,142,5,140,12,132,17,21,138,24,92,95,53,110,42,30,75,139,106,38,88,71,123,26,134,125,67,7,47,116,40,73,129,16,48,87,118,93,148,78,145,13,22,90,39,55,96,126,74,105,82,10,51,131,104,32,143,107,119,98,56,9,89,43,72,58,76,141,103,149,45,41,79,130,136,112,36,20,52,33,70,54,23,122,25,85,146,121,115,124,6,35,1,28,86,3,44,0,94,60,11,64,113,114,80,59,109,102,49,62,31,99,57,14,84,66,135,101
144,46,83,2,81,29,34,117,63,90,111,65,15,120,4,50,18,147,133,108,37,127,77,97,126,57,61,128,68,27,19,93,100,142,5,140,12,132,17,21,138,24,92,95,53,110,42,30,75,139,106,38,88,71,123,26,134,125,67,69,47,116,40,73,129,16,48,87,118,1,148,13,145,78,22,137,39,55,96,85,74,105,82,10,51,131,104,32,143,107,119,98,56,9,89,43,72,58,76,141,103,149,45,41,79,130,136,112,36,20,52,33,70,54,23,122,25,8,146,121,115,124,6,35,49,28,86,3,44,0,94,60,11,64,113,114,80,59,109,102,91,62,31,99,7,14,84,66,135,101
144,46,83,2,81,29,34,117,63,90,111,65,15,120,4,50,18,147,133,108,99,127,77,97,126,57,61,128,68,27,19,93,100,142,5,140,12,132,79,21,138,24,92,95,53,110,42,30,75,139,106,38,88,71,123,26,134,125,67,69,47,116,40,73,129,16,48,114,118,1,148,13,107,78,22,37,39,55,96,85,74,105,82,10,145,131,104,32,143,14,119,98,56,9,89,137,72,87,76,141,103,149,45,41,58,130,136,112,36,20,52,43,70,54,23,122,25,8,146,121,115,124,6,35,49,28,86,3,44,0,94,60,11,64,113,31,80,59,109,102,91,62,51,17,7,33,84,66,135,101
144,46,83,2,81,29,34,117,63,90,111,65,15,141,4,50,18,147,133,108,99,127,77,97,122,57,61,128,68,27,54,93,100,142,5,140,12,132,79,21,138,24,92,95,53,110,42,30,75,139,106,120,88,71,123,26,134,125,67,69,47,116,40,73,129,102,48,113,118,1,148,13,107,78,22,37,39,55,96,85,74,105,114,10,145,131,104,32,143,19,119,98,56,9,89,16,72,87,76,51,103,149,45,41,58,130,136,112,36,20,52,43,70,14,23,82,25,8,146,121,115,124,6,35,49,28,86,3,44,0,94,60,11,64,38,31,80,59,109,126,91,62,137,17,7,33,84,66,135,101
144,114,83,2,81,29,34,117,63,90,111,65,15,141,4,50,18,147,133,108,99,127,77,97,122,57,61,128,68,27,148,93,100,142,5,46,12,132,79,21,7,24,92,95,53,110,42,30,75,139,106,120,88,71,123,26,134,125,67,69,47,116,40,73,129,102,39,113,138,1,33,13,107,78,22,37,118,55,96,85,74,105,48,10,145,58,104,32,143,19,119,98,56,9,89,16,72,87,76,51,103,149,45,41,140,130,136,54,36,20,52,43,70,14,23,82,25,8,146,121,115,124,6,35,49,28,86,3,44,0,94,60,11,64,38,31,80,59,109,126,91,62,137,112,131,17,84,66,135,101
144,114,83,16,81,29,34,117,63,90,111,65,15,141,4,64,32,147,133,108,99,127,77,97,18,57,61,128,68,27,148,93,100,142,5,46,12,52,79,21,7,24,92,95,53,14,42,30,75,139,106,120,88,71,123,26,134,125,67,69,47,116,40,73,129,102,39,113,138,1,33,13,107,78,22,37,118,55,96,85,74,105,48,10,145,58,104,122,143,19,119,98,56,9,49,132,72,87,76,51,103,149,45,41,140,130,136,54,36,20,110,43,70,89,23,82,50,8,146,121,115,124,6,35,112,28,86,3,44,0,94,60,11,25,38,31,80,59,109,126,91,62,137,2,131,17,84,66,135,101
144,114,83,16,81,146,34,117,122,90,111,65,15,141,127,64,32,147,133,108,99,136,77,97,18,63,61,128,68,27,87,93,100,142,5,46,12,52,79,21,7,24,92,95,53,14,42,30,75,139,106,120,88,71,123,26,134,54,67,69,47,116,40,73,129,102,39,113,138,1,33,13,107,78,22,37,118,55,96,85,57,105,48,74,145,58,104,109,143,19,119,98,56,9,49,132,72,148,76,51,103,149,45,41,140,130,29,4,36,20,110,43,70,89,23,82,50,8,125,121,115,124,6,35,112,28,86,3,44,0,94,60,11,25,38,31,80,59,10,126,91,62,137,2,131,17,84,66,135,101
147,114,83,16,81,146,34,117,122,90,121,65,15,141,19,64,32,111,133,108,38,136,77,40,18,63,61,128,68,27,87,93,100,142,5,144,12,52,79,21,7,24,92,95,53,14,42,30,75,139,106,120,88,71,123,26,134,54,67,46,47,116,99,73,129,102,39,113,138,1,33,13,107,78,22,37,118,55,96,85,57,105,48,74,145,58,104,109,143,97,119,98,56,9,49,132,72,148,76,51,103,149,45,41,140,130,29,4,36,20,110,43,70,89,23,82,50,8,125,69,115,124,6,35,112,28,86,3,44,0,94,60,11,25,17,31,80,59,10,126,2,62,137,127,131,91,84,66,135,101
147,114,83,16,81,118,34,117,122,90,121,128,15,141,19,64,32,111,133,45,38,136,77,40,18,63,61,52,68,27,87,93,100,142,5,144,12,102,79,21,7,24,92,95,53,14,42,30,75,139,106,98,88,71,123,26,134,54,96,46,47,116,99,73,129,108,39,113,138,1,33,13,107,78,22,37,0,55,43,85,57,105,48,74,145,58,104,109,143,97,119,84,56,9,49,132,72,148,76,51,103,149,67,41,140,130,29,4,36,20,110,120,70,89,23,82,50,8,125,69,115,124,6,35,112,28,86,3,44,65,94,60,11,25,17,31,80,59,10,126,2,62,137,127,131,91,146,66,135,101
147,148,83,16,81,118,34,117,122,89,121,128,15,141,19,64,32,60,133,45,38,136,77,40,18,63,61,52,68,27,87,93,100,142,5,144,12,102,79,21,7,24,92,95,53,14,42,30,75,139,106,98,88,71,123,26,8,54,96,46,47,116,99,73,129,108,39,113,138,1,33,13,107,78,22,37,0,55,43,20,57,105,48,85,29,58,104,109,143,97,90,84,56,9,49,132,72,134,76,51,103,149,114,41,140,130,111,4,36,145,110,120,70,67,23,82,50,119,125,69,115,124,6,35,112,28,86,3,44,65,94,74,11,25,17,31,80,59,10,126,2,62,137,127,131,91,146,66,135,101
147,93,83,16,81,118,34,95,122,4,117,128,15,141,19,64,32,60,133,45,38,136,77,40,18,63,61,52,68,27,87,119,100,142,5,144,148,102,79,126,7,24,92,67,53,14,42,30,75,139,106,98,88,71,123,26,8,54,96,46,47,116,99,73,129,108,39,113,138,1,33,13,107,78,22,37,0,55,43,20,57,105,48,85,29,58,104,109,143,97,90,84,56,9,49,132,72,134,76,51,103,149,114,41,12,130,111,125,36,145,110,120,70,140,23,82,50,89,17,69,115,124,6,35,112,28,86,3,44,65,94,74,11,25,121,31,80,59,10,21,2,62,137,127,131,91,146,66,135,101
147,93,113,16,81,118,34,95,66,4,117,128,15,141,19,64,32,60,133,45,38,136,77,40,18,61,103,52,68,27,87,119,100,142,5,144,148,102,79,126,7,24,92,67,53,14,42,30,75,139,106,98,88,71,123,26,149,54,96,46,47,116,99,73,129,108,39,105,138,1,90,56,107,78,22,37,0,55,43,20,57,13,48,85,29,58,104,109,143,97,122,84,83,9,49,132,72,134,76,51,8,33,114,41,12,130,111,125,36,145,110,120,70,140,23,82,50,89,17,69,115,124,6,35,112,28,86,3,44,65,94,74,11,25,121,31,80,59,10,21,2,62,137,127,131,63,146,91,135,101
147,93,113,16,81,118,34,95,66,4,117,128,15,141,19,64,32,60,133,45,38,65,77,40,18,61,103,52,68,27,87,70,100,142,5,144,125,102,79,126,7,24,148,67,53,14,42,30,75,139,106,98,88,71,123,26,149,54,96,46,91,116,99,11,129,108,39,105,138,1,90,56,107,78,22,37,0,55,43,20,57,13,48,85,29,58,73,62,143,97,122,84,83,9,49,132,72,134,76,51,8,33,114,41,12,130,111,119,36,145,110,120,63,140,23,82,50,89,17,69,115,124,6,35,112,28,86,3,44,136,94,74,109,25,121,31,80,59,10,21,2,104,137,127,131,92,146,47,135,101
147,56,113,57,81,118,34,95,66,4,117,128,15,24,73,64,32,60,133,45,38,65,77,40,18,61,103,52,68,27,87,70,100,142,33,144,125,102,79,19,7,141,148,67,53,14,42,30,75,139,106,98,88,71,123,93,149,54,96,46,91,116,99,11,129,108,39,105,44,1,90,26,107,78,22,37,0,55,43,20,5,13,48,85,29,58,28,62,143,97,122,84,83,9,49,132,72,134,76,51,8,138,114,41,12,130,111,119,36,145,110,120,63,140,23,82,50,89,17,69,115,124,6,35,112,16,86,3,126,136,94,74,109,25,121,31,80,59,10,21,2,104,137,127,131,92,146,47,135,101
147,56,113,57,81,118,34,95,54,4,117,128,15,24,73,64,32,60,133,45,38,66,77,40,18,61,103,52,68,27,87,125,100,142,33,144,70,102,79,19,7,141,148,75,53,65,42,30,58,139,106,98,88,71,123,93,149,63,96,46,91,116,99,11,129,108,39,105,44,1,90,26,107,78,22,37,0,3,43,20,5,13,48,85,29,55,28,62,143,97,122,84,83,9,49,132,72,134,76,51,67,138,114,41,12,130,111,119,36,145,110,120,47,140,23,82,50,89,17,69,115,124,6,14,112,16,86,35,126,136,94,74,109,25,121,31,80,59,10,21,2,104,137,127,131,92,146,8,135,101
147,56,113,57,81,118,34,95,54,4,117,128,15,24,73,96,32,60,133,45,38,66,77,40,18,61,103,52,68,86,87,125,100,116,33,144,70,102,79,19,7,141,148,75,53,65,42,30,83,139,92,98,88,71,123,93,149,63,106,46,48,134,99,11,129,108,39,105,44,1,90,142,107,78,22,37,0,3,43,20,5,13,14,85,29,55,28,62,143,97,122,84,58,9,49,132,72,27,76,51,67,138,114,41,12,130,111,119,36,145,110,120,47,140,23,82,50,89,17,69,115,124,6,64,112,16,91,35,126,136,94,74,109,25,121,31,80,59,10,21,2,104,137,127,131,26,146,8,135,101
147,56,113,57,81,105,34,95,54,4,117,128,15,73,41,96,32,60,133,45,38,66,77,40,18,61,103,52,68,86,87,125,140,116,33,144,70,102,79,19,7,141,148,75,53,65,42,30,83,139,92,98,88,71,123,93,149,63,106,46,48,134,111,11,129,108,39,69,44,1,90,142,107,78,22,37,0,3,43,20,5,13,14,85,29,55,28,62,143,97,122,84,58,9,49,132,72,27,76,51,67,138,114,126,12,130,145,119,36,127,110,120,47,104,23,82,50,89,17,100,115,124,6,64,112,16,91,35,24,136,99,74,109,25,121,31,80,59,10,21,2,118,137,94,131,26,146,8,135,101
147,56,113,57,81,105,34,39,54,4,117,128,15,73,41,96,32,60,133,45,38,66,77,40,18,61,103,52,68,130,87,125,140,116,33,144,70,102,79,2,7,141,148,75,53,65,42,30,83,139,92,98,88,71,123,93,69,63,106,46,48,134,111,11,129,108,97,127,44,1,90,142,107,78,22,37,0,3,86,20,5,13,14,31,29,55,28,62,143,72,122,84,58,9,49,132,10,27,76,51,67,138,114,126,12,43,145,119,36,19,110,120,47,104,23,82,50,89,17,100,115,124,6,64,112,16,91,35,24,136,99,74,109,25,121,149,80,59,85,21,95,118,137,94,131,26,146,8,135,101
147,56,113,57,81,105,34,39,54,4,117,128,15,73,41,96,32,60,133,45,38,66,40,75,111,61,103,52,68,130,18,125,140,116,33,19,70,102,79,2,7,141,148,69,53,65,42,30,83,139,92,98,88,71,123,93,144,63,106,46,48,134,25,11,129,108,97,127,44,1,120,142,107,78,22,37,0,3,86,20,5,13,14,31,29,55,28,62,143,72,122,84,58,9,49,90,10,27,76,51,67,138,114,126,12,43,145,119,36,24,132,110,47,104,23,82,50,89,17,100,115,124,6,64,112,16,91,35,87,136,99,74,109,77,121,149,80,59,85,21,95,118,137,94,131,26,146,8,135,101
147,56,113,57,81,105,34,39,54,4,117,128,15,53,41,96,32,60,133,45,38,66,40,75,111,61,19,52,68,130,18,125,140,116,33,62,72,102,79,2,83,141,148,70,73,65,42,30,123,139,92,98,88,71,110,93,144,63,106,46,48,134,25,11,129,108,97,127,44,1,23,142,107,78,22,37,0,3,86,20,5,13,14,31,29,55,28,7,143,124,122,84,58,9,49,90,10,27,76,51,67,138,114,126,12,43,145,119,36,24,132,69,47,104,120,82,50,89,17,100,115,103,6,64,112,16,91,35,87,136,99,74,109,77,121,149,80,59,85,21,95,118,137,94,131,26,146,8,135,101
147,56,113,57,81,105,34,39,54,4,117,86,15,53,41,96,32,60,133,45,38,66,40,75,111,132,19,52,68,130,18,125,140,116,33,62,72,102,79,2,83,141,148,70,73,65,42,61,123,139,92,98,88,71,110,93,144,63,106,46,48,134,25,11,129,108,97,89,44,1,23,142,107,78,22,37,0,3,51,20,5,135,8,31,29,55,127,7,143,124,122,84,58,9,49,90,10,27,76,28,67,138,114,112,12,43,145,119,36,24,30,69,47,104,120,82,50,13,17,100,115,103,6,64,128,16,91,35,87,136,99,74,109,77,121,149,80,59,85,21,95,118,137,94,131,26,146,126,14,101
147,56,113,27,81,105,34,39,54,4,2,86,15,53,41,96,32,60,133,45,38,104,40,75,111,132,19,57,137,130,18,125,140,116,69,62,72,102,79,148,83,141,68,70,73,66,42,61,123,139,92,98,88,71,110,93,144,63,106,46,48,134,25,11,129,108,97,89,44,1,23,142,107,78,22,37,0,3,33,20,5,135,8,31,29,55,127,7,143,124,122,84,58,9,49,90,10,52,65,28,67,138,114,112,12,43,145,119,36,24,30,76,47,51,120,82,50,13,17,100,115,103,6,64,128,16,91,35,87,136,99,74,109,77,121,149,80,59,85,21,95,118,117,94,131,26,146,126,14,101
147,56,113,27,81,105,34,90,54,4,2,86,15,53,41,96,32,60,133,45,38,43,40,75,111,132,19,57,137,130,18,125,140,39,82,62,72,102,79,148,69,141,68,70,73,66,42,61,123,139,92,7,88,71,110,117,144,63,106,46,48,134,25,11,129,108,97,89,44,1,23,142,107,78,22,37,0,3,33,20,5,135,8,31,29,55,127,83,143,104,122,84,58,9,49,145,10,52,65,28,67,138,114,112,12,21,93,119,36,24,30,76,47,51,120,98,50,13,17,100,115,103,6,64,128,16,91,35,87,136,99,74,109,77,121,149,80,59,85,124,95,118,116,94,131,26,146,126,14,101
147,56,113,27,81,105,34,90,54,4,2,86,15,127,41,96,32,114,133,45,38,43,139,75,111,132,19,57,137,130,18,125,140,40,82,62,72,124,79,148,69,141,68,70,73,66,42,61,123,128,92,7,88,59,110,117,144,63,106,46,48,134,39,11,129,108,97,89,44,1,23,142,107,78,22,37,0,3,33,20,5,135,8,31,29,55,71,83,143,104,122,84,58,9,49,145,10,52,65,28,67,138,60,112,12,21,93,119,36,24,30,76,47,51,120,98,50,13,17,100,115,103,6,64,95,16,91,35,87,136,99,53,109,77,121,149,80,102,85,74,25,118,116,94,131,26,146,126,14,101
147,56,113,27,81,105,34,5,54,76,131,86,15,139,41,96,32,114,133,45,38,43,83,75,111,132,19,2,137,130,18,125,140,40,82,90,72,124,79,148,69,141,68,70,73,66,42,61,123,128,92,7,88,59,110,117,144,62,106,46,48,134,39,11,129,108,97,89,44,1,23,142,107,78,4,37,0,3,33,20,63,135,8,31,29,55,71,143,22,104,122,84,58,9,49,145,10,52,65,28,67,138,60,112,12,21,93,119,36,24,30,57,47,51,120,98,50,13,17,100,115,103,6,64,95,16,91,35,87,136,99,53,109,77,121,149,80,102,127,74,25,118,116,94,85,26,146,126,14,101
62,56,113,27,81,105,34,5,54,76,131,86,15,139,108,96,91,114,133,45,16,43,83,75,111,41,19,2,137,130,18,125,116,40,82,90,72,124,79,148,69,147,68,70,73,66,42,61,123,128,92,7,88,59,110,117,144,38,106,46,48,134,39,11,129,13,97,89,44,1,23,142,107,78,4,37,0,3,33,20,63,36,8,31,29,55,71,143,22,104,122,84,58,9,49,145,10,52,65,28,67,138,60,112,12,21,93,119,32,24,30,57,47,51,120,98,50,141,17,100,115,103,6,64,95,132,135,35,87,136,99,53,109,77,121,149,80,102,127,74,25,118,140,94,85,26,146,126,14,101
62,56,113,27,81,105,93,5,54,76,131,86,15,139,108,96,91,114,98,45,16,43,83,75,111,41,19,2,137,130,18,125,116,40,82,90,72,124,79,148,69,147,68,70,73,66,42,61,123,128,92,7,34,59,110,117,144,14,106,46,48,134,39,11,129,13,97,85,44,1,23,142,107,78,4,37,0,3,33,20,63,36,8,31,29,55,71,143,22,104,122,84,58,9,49,145,10,52,133,28,67,138,60,112,12,21,6,119,32,24,30,57,47,51,89,115,50,141,17,100,38,103,64,120,88,132,135,35,87,136,99,53,109,77,121,149,80,102,127,74,25,118,140,94,65,26,146,126,95,101
62,56,113,27,81,66,93,5,54,76,131,86,15,139,108,96,91,114,98,45,16,43,83,75,20,41,29,2,137,130,18,125,116,40,82,90,72,124,79,148,69,147,68,70,73,19,42,61,123,128,111,7,34,59,110,117,144,14,106,46,48,134,39,11,129,13,97,85,44,1,23,142,107,78,4,37,0,3,33,105,63,36,8,31,60,55,71,143,22,104,122,84,58,9,49,146,10,52,133,28,67,138,120,145,12,21,6,112,32,24,30,121,47,51,89,115,50,141,17,100,38,103,64,119,88,132,135,35,87,136,99,53,109,77,57,149,80,102,127,74,25,118,140,94,65,26,92,126,95,101
62,56,113,27,81,66,93,5,54,76,37,100,15,139,108,96,91,114,98,45,16,43,83,75,137,41,29,2,138,143,18,125,116,40,82,90,72,124,79,148,69,147,68,70,73,19,42,61,123,128,111,7,34,59,110,117,144,14,106,46,48,134,39,11,129,13,127,85,44,1,23,142,55,78,4,35,0,3,33,105,63,36,8,31,60,107,71,97,22,104,122,84,58,9,49,146,130,52,133,28,67,131,120,145,12,21,6,112,32,24,30,121,47,51,89,115,50,141,17,20,38,103,64,119,88,132,135,86,87,136,99,53,109,77,57,149,80,102,10,74,25,118,140,94,65,26,92,126,95,101
62,56,113,27,81,52,93,5,54,76,37,100,15,139,108,96,91,114,98,45,16,43,83,75,137,41,29,2,80,143,18,125,116,40,82,90,86,124,79,148,69,147,68,70,73,19,42,61,123,128,111,7,34,59,110,117,144,14,106,46,48,134,39,11,129,13,127,3,44,1,23,142,55,78,4,57,0,119,33,105,63,36,8,31,60,107,71,97,22,104,122,84,109,9,49,146,130,72,133,28,67,131,120,145,12,21,6,112,32,24,30,121,47,51,89,115,50,141,17,20,38,103,64,58,88,77,135,132,87,136,99,53,66,138,85,149,35,102,10,74,25,118,140,94,65,26,92,126,95,101
62,56,120,27,81,52,93,44,54,76,37,100,15,139,108,96,91,114,98,45,16,43,83,75,137,41,29,2,80,143,18,125,69,40,82,90,86,124,79,118,7,147,68,70,73,19,42,61,123,128,111,132,34,59,110,117,144,14,106,46,48,97,39,11,129,13,127,3,148,1,23,142,55,78,4,57,0,119,33,105,63,36,8,113,60,107,71,31,22,104,122,84,109,9,49,146,130,134,133,28,67,131,121,145,12,21,6,112,32,24,30,5,47,51,89,115,50,141,17,20,38,103,64,58,88,77,135,116,87,136,99,53,66,138,85,149,35,102,10,74,25,72,140,94,65,26,92,126,95,101
62,56,120,126,81,52,13,44,54,76,37,100,15,139,108,96,91,114,98,45,16,43,10,75,137,41,29,2,80,143,18,125,69,40,82,90,86,124,79,118,7,147,68,70,73,19,42,61,123,128,111,132,34,59,110,117,144,14,106,46,48,97,39,11,129,83,127,3,148,1,23,142,55,78,4,57,0,119,33,105,63,36,24,113,60,107,71,31,93,104,122,84,109,9,49,146,130,134,133,28,67,131,121,145,12,21,6,112,32,135,30,5,47,51,89,115,50,141,17,20,38,103,64,58,88,77,25,116,95,136,99,53,66,138,85,149,35,140,87,74,102,72,8,94,65,26,92,27,22,101
62,56,120,126,81,52,13,148,54,76,37,100,15,139,108,96,91,114,98,45,16,43,10,75,137,41,29,2,136,143,18,8,69,40,82,90,86,124,79,118,7,147,68,70,73,19,106,61,123,128,111,132,34,59,110,117,144,14,125,46,48,97,39,11,129,83,127,3,42,1,23,142,55,78,4,57,0,119,33,105,63,36,24,113,60,107,71,31,93,104,122,84,109,9,58,146,130,141,133,28,67,131,121,145,12,21,6,112,32,44,30,5,47,51,89,115,50,134,17,20,80,103,64,135,88,77,25,116,95,53,99,49,66,138,85,149,35,140,87,74,102,72,38,94,65,26,92,27,22,101
62,56,120,126,81,93,13,10,54,76,53,100,15,104,108,96,91,114,98,45,16,43,28,75,137,41,29,2,136,143,18,8,69,40,82,90,86,124,79,118,7,95,68,70,73,19,106,61,123,128,111,132,34,59,110,117,144,14,125,46,48,97,39,11,129,83,127,3,42,1,23,142,55,78,139,57,0,119,17,105,63,36,24,113,60,107,71,31,103,37,122,84,109,9,58,146,130,141,133,33,67,131,121,145,12,21,6,112,32,44,30,5,47,51,89,115,50,134,4,20,80,148,64,135,88,77,25,116,147,52,99,49,66,138,85,149,35,140,87,74,102,72,38,94,65,26,92,27,22,101
62,56,120,126,81,93,13,10,54,76,53,59,15,104,108,96,85,114,98,45,16,43,100,125,137,41,29,2,136,143,18,8,69,40,82,90,86,124,79,118,7,95,68,70,73,19,106,61,123,128,111,132,34,39,110,117,144,14,146,46,48,97,115,11,129,83,127,3,42,1,23,142,55,78,139,57,84,119,17,133,63,36,24,113,60,107,71,31,103,37,122,0,109,9,58,75,130,141,105,33,67,131,121,28,12,21,6,112,32,44,30,5,47,51,89,145,50,134,4,20,80,148,64,135,88,77,25,116,147,52,99,49,66,138,91,149,35,140,87,74,102,72,38,94,65,26,92,27,22,101
62,56,120,126,81,93,13,10,54,76,53,59,15,104,108,96,85,114,98,45,16,25,100,125,34,41,29,2,136,143,18,8,69,40,82,90,86,124,79,118,7,95,68,70,73,19,106,61,123,128,111,132,137,39,110,117,144,14,57,46,48,97,115,11,129,83,127,138,42,1,23,142,55,78,139,65,84,119,17,43,63,36,24,113,60,107,71,31,103,133,37,0,109,9,58,75,130,141,105,33,67,131,121,28,12,21,6,112,44,146,30,5,47,51,89,145,50,134,4,20,80,148,64,135,88,77,32,116,147,52,99,49,66,87,91,149,35,140,122,74,102,72,38,94,3,26,92,27,22,101
62,56,120,126,81,93,13,10,54,76,53,59,15,104,108,96,85,114,98,45,16,25,100,125,34,41,107,2,136,143,18,8,28,40,82,90,86,0,79,118,7,95,68,70,73,19,106,61,123,128,111,132,124,39,110,117,144,14,57,29,48,97,115,11,129,83,127,138,42,1,23,142,55,78,139,65,84,119,17,43,63,36,24,113,60,103,71,31,133,137,37,69,109,20,58,75,12,141,105,33,67,9,121,130,46,21,6,112,44,146,30,5,47,51,89,145,50,134,4,131,80,148,64,135,88,77,32,116,147,52,99,49,66,87,91,149,35,140,122,74,102,72,38,94,3,26,92,27,22,101
62,40,120,126,81,93,13,10,54,76,53,59,15,104,108,96,85,114,98,45,16,25,100,51,34,148,107,2,136,143,18,8,28,22,56,90,86,0,79,118,7,95,68,70,73,19,106,61,123,57,111,132,124,82,110,117,144,14,72,29,48,97,115,11,129,83,127,138,42,1,23,142,55,78,139,65,84,119,103,43,63,36,24,113,60,41,71,31,133,137,37,69,109,20,58,75,12,141,105,33,67,9,121,130,46,17,6,112,44,146,30,5,47,39,89,145,50,134,4,131,80,128,64,135,88,77,32,116,147,52,99,49,66,87,91,149,35,140,122,74,102,21,38,94,3,26,92,27,125,101
62,40,120,126,81,93,13,10,54,122,53,59,15,128,108,96,85,114,98,45,16,25,100,51,110,148,107,2,136,143,147,65,28,22,56,90,86,0,79,118,7,95,68,70,73,19,106,61,123,57,111,132,124,82,104,117,144,14,72,29,48,97,115,11,129,83,127,138,42,1,23,142,55,78,139,113,84,8,103,43,63,36,24,46,60,41,71,31,133,137,37,69,109,20,58,75,12,141,105,33,67,9,121,130,125,17,6,112,44,146,30,5,47,39,89,145,50,134,4,131,80,76,64,135,88,77,32,116,34,52,99,49,66,87,91,119,35,140,149,74,102,21,38,94,3,26,92,27,18,101
62,40,120,126,81,93,13,142,54,122,53,59,15,128,108,96,85,114,98,45,16,7,100,51,25,148,107,2,136,143,147,76,28,22,135,90,86,0,79,118,65,95,68,70,73,19,106,61,123,57,111,132,124,82,104,117,134,14,72,29,48,97,115,11,129,83,127,138,42,1,23,3,55,78,139,113,84,8,103,43,63,36,24,46,60,41,71,10,133,137,37,69,109,20,58,75,12,141,105,33,67,9,121,130,125,17,6,112,44,146,30,5,47,39,89,31,50,145,4,131,80,144,64,52,88,77,32,116,34,56,99,49,66,87,91,119,35,140,149,74,102,21,38,94,110,26,92,27,18,101
62,40,120,126,81,93,13,142,54,122,53,59,15,128,108,96,85,114,98,45,16,7,100,51,25,148,44,2,136,143,147,76,28,22,135,90,86,79,124,118,65,95,68,70,73,19,106,61,123,57,111,132,56,82,104,117,134,14,72,29,48,97,115,11,129,83,127,138,42,1,23,3,55,78,139,113,84,80,103,43,63,36,24,107,60,41,71,10,133,137,37,69,109,20,58,75,12,141,105,33,67,9,121,130,125,17,6,46,146,0,30,5,47,39,89,31,50,145,4,131,87,144,64,52,112,32,77,116,34,88,99,49,66,8,91,119,35,140,149,74,102,21,38,94,110,26,92,27,18,101
62,40,120,126,96,39,13,142,54,122,53,59,15,128,108,84,85,114,98,45,16,7,100,51,25,148,44,2,136,143,147,76,28,22,135,90,86,79,124,118,65,95,68,29,73,19,106,61,123,57,111,132,56,82,104,117,134,14,72,52,48,97,115,11,129,83,127,138,42,1,23,3,55,78,139,113,37,80,103,43,93,63,36,107,60,41,71,10,133,137,24,69,109,20,58,75,119,141,105,33,67,9,121,130,125,17,6,46,146,0,30,5,47,81,89,31,50,145,4,131,87,144,64,70,112,32,77,116,34,88,99,49,66,8,91,74,35,140,149,12,102,21,38,94,110,26,92,27,18,101
121,40,120,126,96,39,13,142,54,122,53,59,15,128,108,84,31,114,98,45,16,7,100,51,25,148,44,112,136,143,147,76,28,62,135,90,86,79,124,118,65,95,68,29,73,19,106,61,123,2,111,132,56,82,104,117,134,14,72,52,48,97,115,11,129,83,127,138,42,1,23,3,55,78,139,113,37,80,103,43,93,63,74,107,60,41,71,85,133,137,24,69,109,20,10,75,47,141,105,33,67,9,58,130,125,17,6,46,146,0,30,5,36,81,119,89,50,145,4,131,87,144,64,70,57,32,77,116,34,88,99,49,66,8,91,22,35,140,149,12,102,21,38,94,110,26,92,27,18,101
121,40,120,126,39,27,13,142,54,122,53,59,15,128,108,84,31,114,98,45,16,7,100,51,25,148,44,112,136,143,147,77,28,62,135,90,86,79,124,118,65,95,68,29,70,19,106,61,123,2,111,132,56,82,104,117,134,14,72,52,48,97,115,11,129,83,127,138,42,1,23,3,55,78,139,22,37,80,103,43,93,63,74,107,60,41,71,85,133,67,24,69,109,20,10,75,137,141,105,33,47,9,58,130,125,17,6,46,146,0,30,5,36,81,119,89,50,145,4,131,87,144,64,113,57,32,110,116,73,88,99,49,66,8,91,96,35,140,149,12,102,21,76,94,34,26,92,38,18,101
121,82,120,126,65,27,38,142,54,122,53,59,87,128,108,84,31,114,98,45,16,104,100,51,25,148,44,112,136,143,147,77,28,62,135,90,86,79,124,118,127,95,68,29,70,19,106,61,123,2,111,132,56,7,63,117,134,14,72,52,48,97,115,11,129,83,144,138,42,1,23,3,55,78,139,22,37,80,103,43,93,13,74,107,60,41,71,85,133,67,24,69,109,20,10,75,146,141,105,33,47,9,58,130,125,17,6,46,137,0,30,5,36,81,119,89,50,145,4,131,40,39,64,113,57,32,110,116,73,88,99,49,66,8,91,96,35,140,149,12,102,21,76,94,34,26,92,15,18,101
121,82,137,126,65,27,38,142,54,122,53,59,87,128,108,84,31,114,98,45,16,104,100,51,25,148,44,112,136,143,147,77,28,52,127,90,86,79,124,118,37,95,68,29,70,19,106,61,123,135,111,132,56,7,63,117,134,14,72,9,48,97,115,11,129,6,144,138,42,1,23,3,55,78,139,22,41,80,103,43,93,13,74,107,60,120,71,85,133,67,24,69,109,20,10,75,146,141,105,33,47,2,58,130,125,17,83,46,30,0,34,5,36,81,119,89,50,62,4,131,40,39,64,113,57,32,110,116,73,88,99,49,66,8,91,96,35,140,149,12,102,21,76,94,145,26,92,15,18,101
121,82,137,77,46,27,38,142,54,122,53,59,87,128,108,84,31,114,98,45,16,104,100,51,25,148,129,112,136,143,147,44,28,52,127,90,86,79,124,118,37,95,68,29,70,19,106,132,135,65,111,126,56,7,63,117,134,14,72,9,48,55,115,11,97,61,144,138,42,1,23,3,8,78,139,22,41,80,103,43,93,13,74,107,60,120,71,85,133,67,24,69,109,20,10,75,146,141,105,33,47,2,58,130,125,17,83,26,30,0,34,5,36,81,119,89,50,62,4,131,40,39,64,113,57,32,110,116,73,88,99,49,66,123,91,96,35,140,149,12,102,21,76,94,145,6,92,15,18,101
121,82,137,57,46,27,38,25,54,122,53,59,142,128,108,84,31,63,98,45,16,104,100,51,115,148,129,112,136,143,147,44,28,52,127,90,86,79,124,118,37,95,68,29,70,19,106,132,135,65,111,126,56,7,131,117,134,14,72,9,48,55,36,11,49,61,144,138,42,113,23,3,8,78,139,22,41,80,103,43,93,13,74,107,60,120,71,85,133,67,24,69,109,20,10,75,146,141,105,33,47,2,58,130,125,17,83,26,30,0,34,5,114,81,119,89,50,62,4,87,40,39,64,77,97,32,110,116,73,88,99,145,66,123,91,96,35,140,149,12,102,21,76,94,1,6,92,15,18,101
121,82,137,57,46,27,38,25,54,122,53,59,142,128,108,84,31,136,129,45,16,104,100,51,115,148,48,112,124,143,147,44,28,52,127,90,86,79,18,118,37,95,68,29,70,19,106,132,135,65,111,126,56,7,131,117,134,14,15,9,66,55,36,11,49,61,144,114,42,113,23,3,8,78,139,22,41,80,103,43,93,13,74,107,60,120,71,85,133,67,24,69,109,20,10,75,146,141,105,33,47,2,58,72,125,17,83,26,30,0,34,5,145,81,119,89,50,62,4,87,40,39,64,77,97,32,110,116,73,88,99,63,138,123,91,96,35,98,149,12,102,21,76,94,1,6,92,130,140,101
121,82,137,57,46,27,38,25,54,122,53,59,142,128,108,84,86,136,129,45,16,104,100,51,115,148,48,112,124,143,147,44,28,52,127,90,12,79,102,118,18,95,68,29,70,19,106,132,135,65,111,126,56,7,131,117,134,14,15,103,66,55,36,11,49,61,144,114,42,113,146,3,8,78,139,22,41,80,37,43,93,13,74,107,60,120,71,85,133,67,24,69,109,20,138,75,31,141,105,33,47,2,9,72,125,17,83,26,30,0,34,5,1,81,119,89,50,62,4,87,40,39,64,77,97,32,110,116,73,88,99,63,58,123,91,96,35,98,149,145,23,21,76,94,10,6,92,130,140,101
121,82,137,57,46,27,38,25,16,122,53,59,142,128,108,84,86,136,129,45,98,104,100,51,115,148,48,112,125,67,147,44,28,52,127,90,12,79,102,118,18,95,68,29,70,54,106,132,135,65,111,126,56,7,131,117,134,14,15,103,66,55,36,11,49,61,144,114,42,113,146,3,143,78,139,22,41,80,37,43,93,13,74,107,60,120,71,99,133,19,24,69,109,20,138,75,31,141,105,33,47,2,9,72,110,17,83,10,30,0,34,5,1,81,119,89,50,62,4,87,40,39,64,77,97,32,76,116,73,88,8,63,58,123,91,96,35,26,149,145,23,21,85,94,124,6,92,130,140,101
121,82,137,57,46,27,38,25,16,122,53,59,142,128,108,60,86,136,129,45,98,104,100,51,115,148,48,112,125,6,147,50,28,52,127,90,12,79,102,118,18,95,68,29,70,54,93,132,135,65,111,126,56,7,131,117,134,14,15,103,66,55,36,11,49,61,144,114,42,113,146,3,143,78,139,22,41,80,84,43,67,13,74,107,37,120,71,69,133,19,24,88,109,20,138,75,77,141,105,33,99,2,9,72,110,17,83,10,30,0,34,5,1,81,119,89,44,62,4,87,40,39,64,31,97,32,76,116,73,106,8,63,58,123,91,96,35,26,149,145,23,21,85,94,124,47,92,130,140,101
121,82,137,127,97,27,38,25,16,122,42,67,142,128,108,60,86,136,129,45,98,104,100,51,115,148,48,9,125,6,147,50,28,52,65,90,12,79,102,118,18,95,68,29,70,54,93,132,135,109,111,126,56,7,131,117,134,14,15,103,66,55,36,11,49,61,144,114,57,113,146,3,143,78,139,22,62,80,84,43,41,13,74,107,37,120,71,69,133,19,24,88,46,20,138,75,77,59,105,33,99,2,112,72,110,17,83,10,30,0,34,5,1,81,119,89,44,53,4,87,40,39,64,31,141,32,76,116,73,106,8,63,58,123,91,96,35,26,149,145,23,21,85,94,124,47,92,130,140,101
121,82,47,127,97,27,38,25,16,122,42,33,142,128,108,60,86,136,129,45,98,104,100,51,2,61,48,9,125,6,147,50,28,52,65,90,12,79,102,118,18,95,68,71,70,54,93,132,135,109,137,126,56,7,131,117,134,14,15,103,67,55,36,11,49,66,144,114,57,113,146,29,115,78,139,22,62,80,84,43,41,13,74,107,37,120,111,69,133,19,24,88,46,20,138,75,77,59,105,140,99,3,112,72,110,17,83,10,30,0,34,5,1,81,119,89,44,53,4,87,40,39,64,31,141,32,76,116,73,106,8,63,58,123,91,96,35,26,149,145,23,21,85,94,124,148,92,130,143,101
106,82,47,127,97,27,38,46,16,122,42,33,142,128,108,60,86,136,93,45,98,104,100,68,2,61,48,9,125,6,147,50,28,52,65,90,12,79,102,118,18,95,129,71,70,54,145,25,135,109,137,126,56,7,131,117,134,14,15,103,67,55,36,11,49,66,144,114,57,113,146,29,115,78,139,22,62,80,121,43,41,13,10,107,37,120,111,69,133,19,24,88,132,20,138,75,77,59,105,140,99,3,112,72,110,17,83,51,30,0,34,5,1,81,119,89,44,53,4,87,40,39,64,31,141,32,76,116,73,148,8,63,58,123,91,96,35,26,149,74,23,21,85,94,124,143,92,130,84,101
106,82,47,6,97,27,38,46,16,126,42,33,109,128,108,60,111,136,93,127,98,104,100,68,2,61,48,9,125,122,147,50,28,52,65,12,99,79,102,118,18,95,129,71,70,54,145,25,135,142,137,23,56,7,131,117,134,14,15,103,67,55,36,11,49,66,144,114,57,113,146,29,115,78,139,22,62,80,121,43,41,13,10,107,37,120,86,69,133,19,24,88,132,20,138,75,77,59,105,140,90,3,112,72,110,17,83,51,30,0,34,5,1,81,119,89,44,53,4,87,40,39,64,31,141,32,76,116,96,148,8,63,58,123,91,45,35,26,149,74,73,21,85,94,124,143,92,130,84,101
106,82,47,6,97,27,38,46,54,126,42,33,109,128,108,60,111,136,93,127,62,104,100,68,2,61,48,9,125,122,147,50,28,52,65,12,99,79,102,118,18,95,129,71,105,133,145,3,135,142,137,23,56,7,131,117,134,116,15,103,67,55,36,11,49,66,144,114,57,113,146,29,115,78,139,22,40,80,121,43,41,13,10,107,37,120,86,69,25,19,24,88,132,20,138,75,77,59,140,110,90,87,112,72,14,17,83,51,30,0,34,5,1,81,119,89,44,53,4,98,16,39,64,31,141,32,76,70,96,148,8,63,58,123,91,45,35,26,149,74,73,21,85,94,124,143,92,130,84,101
106,76,47,6,97,27,38,46,54,72,42,33,109,128,108,60,111,136,93,127,62,104,100,81,96,61,48,9,125,122,147,50,28,52,65,12,99,79,102,118,18,95,129,71,105,77,145,3,135,142,137,23,56,7,131,117,134,116,15,103,67,55,126,11,45,66,144,114,57,113,146,29,115,78,139,22,40,80,121,43,41,13,10,107,37,120,86,69,25,19,24,88,49,20,138,75,68,59,140,110,90,87,112,132,14,17,83,51,30,0,34,5,1,82,119,89,44,53,4,98,16,39,64,31,141,32,133,70,2,148,8,63,58,123,91,73,35,26,149,74,36,21,85,94,124,143,92,130,84,101
106,76,47,6,97,27,38,46,54,72,42,33,109,128,108,60,111,136,93,127,62,104,100,81,118,61,48,9,125,122,147,50,28,52,65,12,5,79,102,26,18,95,96,71,105,77,145,3,135,142,35,23,19,7,131,117,134,116,15,103,67,55,126,11,45,66,144,114,57,113,146,29,115,78,139,22,40,80,121,43,41,13,10,107,37,120,74,69,25,137,24,88,49,20,138,75,68,59,140,110,90,87,112,132,14,17,83,51,30,0,34,44,1,82,119,89,86,53,4,98,16,39,64,31,141,73,133,70,2,148,8,63,58,123,91,99,32,129,149,56,36,21,85,94,124,143,92,130,84,101
106,76,47,6,97,27,38,46,54,72,42,33,109,128,108,60,111,136,98,127,62,94,100,81,118,61,48,9,125,122,147,50,28,52,65,84,5,79,102,26,18,95,96,71,105,77,145,29,135,142,35,23,19,7,131,117,134,116,15,103,67,55,126,11,45,104,12,114,57,113,146,80,115,144,139,22,40,37,121,43,41,13,10,107,32,120,74,69,25,137,24,88,49,20,138,75,68,59,140,110,90,3,112,132,14,17,83,51,30,0,34,44,1,82,119,89,86,53,4,66,16,39,64,31,141,73,133,70,2,148,8,63,58,123,91,99,93,129,149,56,36,21,85,78,124,143,92,130,87,101
50,76,47,6,97,27,38,46,54,72,42,33,109,128,108,60,111,136,114,40,62,79,94,81,118,127,48,9,125,122,147,59,28,91,65,84,5,113,102,26,18,95,96,71,105,77,145,29,135,142,35,23,19,7,131,117,134,116,15,103,67,55,126,11,45,104,12,100,57,52,146,80,115,144,139,22,90,37,121,43,41,13,10,107,32,120,74,69,25,137,24,88,49,20,138,75,68,106,140,110,98,3,112,132,14,17,83,51,30,0,34,44,1,82,119,89,86,53,4,66,16,39,64,31,141,73,133,70,2,148,8,63,58,123,61,99,93,129,149,56,36,21,85,78,124,143,92,130,87,101
50,76,47,6,97,100,38,46,54,130,42,33,109,128,103,60,111,136,114,40,62,79,94,81,118,127,16,9,125,122,147,59,28,91,65,84,5,113,102,26,18,95,96,71,105,77,145,29,135,142,35,23,19,7,131,117,93,137,15,27,67,55,126,11,45,104,12,72,57,52,146,80,115,144,139,22,90,37,108,43,41,13,10,107,32,120,74,69,25,21,24,88,49,20,138,75,68,106,140,110,98,3,112,132,14,17,83,51,30,0,34,44,1,82,119,89,86,53,4,66,73,39,64,31,141,48,133,70,2,148,8,63,58,123,61,99,134,129,149,56,36,116,85,78,124,143,92,121,87,101
50,76,62,6,97,100,38,46,130,41,42,33,109,128,115,60,111,136,114,40,86,79,94,81,118,127,16,9,125,122,147,59,28,91,65,84,5,113,102,26,18,95,96,71,14,77,145,29,135,142,35,23,19,7,131,117,93,137,15,27,67,55,126,11,45,104,12,72,57,52,146,80,103,144,139,22,90,37,108,43,1,13,10,107,32,120,74,54,25,21,24,88,31,20,138,75,68,106,140,110,98,105,112,132,3,17,83,51,30,0,34,44,49,82,119,89,47,53,4,66,73,39,64,69,141,48,133,70,2,148,8,63,58,123,61,99,134,129,149,56,36,116,85,78,124,143,92,121,87,101
50,76,62,6,97,100,38,46,130,41,42,33,26,128,115,60,111,136,114,40,86,79,94,105,118,127,16,9,125,122,147,59,148,91,65,84,5,109,102,113,18,95,96,71,14,77,145,29,135,142,35,23,19,7,131,117,93,137,15,27,67,55,126,11,45,81,12,72,57,52,146,80,103,144,139,66,90,37,108,43,1,13,10,107,32,120,74,54,25,21,24,110,31,20,138,75,68,106,140,112,98,149,28,132,3,17,83,51,30,0,34,44,49,82,119,89,47,53,4,104,73,39,64,69,141,48,22,70,2,133,8,63,58,123,61,99,134,129,88,56,36,116,85,78,124,143,92,121,87,101
50,76,62,6,54,100,38,46,130,41,42,33,8,128,115,60,111,136,114,97,86,79,94,105,118,127,16,12,125,122,9,59,148,91,65,84,5,109,102,113,18,95,96,71,14,77,145,29,135,142,35,23,19,7,131,117,93,137,15,27,67,55,126,11,45,53,83,72,57,52,146,80,103,144,139,66,90,37,108,43,1,13,10,107,32,120,147,81,25,21,24,110,31,20,138,75,68,106,140,112,98,149,28,26,3,17,56,51,30,0,34,44,49,82,119,89,47,2,4,104,73,39,64,69,141,48,22,70,40,133,132,63,58,123,61,99,134,129,88,74,36,116,85,78,124,143,92,121,87,101
50,76,62,6,54,48,38,46,130,41,42,33,8,20,115,60,111,136,114,15,86,79,94,105,118,127,16,12,125,122,9,59,148,91,65,97,5,109,128,113,18,102,96,71,14,77,145,29,135,142,35,23,19,7,131,117,93,137,57,27,67,95,126,11,45,53,83,72,92,52,146,80,103,144,55,66,90,37,108,43,1,13,10,107,32,120,147,81,25,100,24,110,139,21,138,75,68,106,140,112,98,149,28,26,3,17,56,51,30,0,34,44,49,82,119,89,47,2,4,104,73,39,64,69,141,31,22,70,40,133,132,63,58,123,61,99,134,129,88,74,36,116,85,78,124,143,84,121,87,101
50,76,57,6,54,48,38,11,130,41,42,33,8,20,115,60,111,136,114,15,129,79,94,105,118,127,16,12,77,122,9,59,148,91,65,125,5,109,128,113,18,102,96,71,14,101,145,29,135,142,35,23,19,7,131,117,93,137,52,27,67,95,126,97,45,53,83,72,86,110,146,80,103,92,55,66,90,37,108,43,1,13,10,107,32,120,147,81,25,100,24,62,139,21,138,75,68,106,140,112,98,149,28,26,3,17,56,51,30,0,46,44,49,82,119,89,47,2,4,104,73,39,64,69,141,31,22,70,40,133,132,63,58,123,61,99,134,144,88,74,36,116,85,78,124,143,84,121,87,34
