0,1,2,3,4,5,6,7,8,9,10,11,12,13,14,15,16,17,18,19,20,21,22,23,24,25,26,27,28,29,30,31,32,33,34,35,36,37,38,39,40,41,42,43,44,45,46,47,48,49,50,51,52,53,54,55,56,57,58,59,60,61,62,63,64,65,66,67,68,69,70,71,72,73,74,75,76,77,78,79,80,81,82,83,84,85,86,87,88,89,90,91,92,93,94,95,96,97,98,99
26,29,77,59,3,5,6,13,56,9,1,73,87,48,14,81,16,17,99,19,20,21,22,89,24,60,32,27,28,10,75,31,11,78,34,95,36,37,38,72,61,64,42,43,44,45,46,47,12,40,18,51,52,53,86,55,15,57,58,49,2,97,62,63,92,65,35,67,68,69,70,71,30,0,54,8,76,39,93,79,4,74,82,83,84,85,25,50,88,80,90,91,33,7,94,66,96,23,98,41
81,29,35,59,3,5,6,13,23,39,1,73,51,89,61,19,48,32,99,33,20,21,98,84,24,60,22,67,28,87,75,31,14,16,34,95,36,37,38,56,47,64,71,43,69,74,46,77,12,40,57,97,52,53,86,55,15,63,58,49,2,27,62,70,92,65,17,72,9,78,18,41,93,0,83,8,76,10,25,79,4,30,44,11,7,85,54,50,88,80,68,91,45,82,94,66,96,42,90,26
81,49,35,25,84,95,3,13,23,39,1,29,52,89,17,19,48,32,99,33,54,21,98,8,24,73,22,67,57,87,28,31,14,27,20,61,36,37,46,56,34,64,71,92,69,74,12,77,0,40,85,97,18,53,7,55,15,86,38,59,75,47,96,70,65,10,16,72,42,78,60,2,62,5,83,41,76,91,66,79,4,30,44,11,58,9,82,50,88,80,68,93,45,6,94,51,63,26,90,43
81,29,35,76,84,51,8,42,60,47,97,98,52,50,17,89,48,32,69,46,54,21,53,31,24,73,25,67,57,12,1,70,14,7,20,41,96,37,34,56,3,61,71,49,85,74,44,77,95,0,33,36,18,92,55,23,15,86,38,40,99,30,13,75,65,10,16,72,27,78,22,2,62,5,83,59,19,91,66,79,4,64,94,11,87,9,82,58,88,80,68,93,45,6,28,39,63,26,90,43
81,29,9,76,87,51,8,42,60,47,97,62,52,54,57,89,24,32,80,33,10,14,34,69,41,73,25,16,61,70,15,79,17,7,20,48,96,37,21,56,3,77,88,49,38,74,44,93,95,43,35,68,18,46,55,23,67,86,91,40,99,98,13,75,27,65,31,72,0,78,22,71,36,5,83,59,92,2,66,26,4,64,94,84,19,12,82,58,11,1,53,85,45,6,28,39,63,30,90,50
81,90,33,23,76,96,56,42,16,9,40,62,54,74,26,89,49,77,11,67,10,14,8,69,41,73,25,66,61,70,15,79,32,7,20,48,3,84,99,47,63,4,88,52,2,55,44,93,95,43,50,46,18,34,68,29,80,86,91,51,21,98,13,75,27,65,31,72,0,35,22,71,53,5,83,59,92,57,24,87,36,64,94,78,19,37,82,97,58,1,17,85,45,6,28,39,60,30,38,12
18,90,33,70,76,96,94,42,98,49,7,8,13,74,26,19,87,77,23,4,9,14,92,89,41,73,25,66,61,24,32,38,71,56,83,48,3,64,99,84,63,21,81,15,2,55,44,93,95,40,50,46,62,79,68,29,80,86,91,51,52,11,45,75,72,34,31,39,47,35,43,53,54,5,20,59,67,57,78,27,36,16,65,0,69,37,82,97,58,1,17,85,88,6,28,22,60,30,10,12
18,90,42,69,76,96,94,70,86,49,97,8,28,46,26,39,58,77,41,75,9,14,56,98,67,73,83,4,78,37,32,15,71,66,38,48,3,64,10,74,63,21,31,35,2,55,44,93,95,40,50,89,24,79,87,13,80,23,91,51,52,61,45,25,99,34,33,60,47,11,43,53,54,5,20,59,88,92,72,81,36,16,65,0,82,62,29,68,7,1,17,85,30,6,57,22,84,19,27,12
87,65,71,45,96,27,94,70,26,49,97,25,28,69,38,56,58,77,41,75,9,39,42,98,89,16,83,67,43,37,32,55,30,85,7,48,3,64,10,74,63,21,31,35,2,15,44,93,78,40,86,6,24,50,99,13,80,23,91,51,36,17,14,8,20,34,33,73,47,11,82,53,54,5,52,59,88,92,72,81,66,60,0,46,90,62,29,79,12,1,76,68,4,22,18,95,84,19,57,61
87,65,71,61,84,8,94,70,20,49,97,25,28,45,38,56,58,69,41,75,0,40,39,98,30,47,83,67,43,37,32,9,91,85,77,19,3,64,10,74,68,27,86,35,11,26,44,1,78,73,81,6,48,16,96,13,14,23,93,51,36,34,63,52,7,29,33,31,88,95,82,53,42,5,21,59,99,92,72,2,66,4,89,46,90,62,24,79,12,17,76,50,60,22,18,55,54,80,57,15
68,50,71,38,73,8,94,22,20,75,45,25,28,60,92,56,55,84,41,51,63,40,39,98,30,47,99,67,32,83,1,12,91,97,77,19,3,65,49,74,0,62,86,35,11,26,21,2,78,70,81,6,48,13,23,87,14,59,69,16,36,34,93,52,7,29,33,31,88,95,85,53,42,5,82,9,96,46,72,43,61,4,89,64,66,27,24,79,15,17,76,58,90,10,18,54,37,80,57,44
68,50,71,38,73,8,43,22,20,75,7,98,28,48,92,13,16,84,41,51,79,40,39,58,30,47,99,67,61,15,32,12,91,65,87,36,3,44,49,82,33,25,74,35,6,26,21,83,78,70,55,23,0,45,1,27,97,2,89,88,11,34,93,52,77,29,56,31,10,95,85,53,69,5,94,18,80,46,72,59,86,4,9,64,66,62,24,96,14,17,76,42,90,81,63,54,37,19,57,60
68,49,12,38,1,5,43,22,20,75,7,85,89,0,92,13,96,57,41,51,79,40,39,58,30,47,98,67,61,15,32,19,17,16,87,65,99,44,64,8,83,29,74,82,6,34,53,36,78,70,55,21,84,45,91,26,97,2,73,48,81,50,93,52,80,25,56,66,10,95,77,27,69,59,94,18,28,46,72,88,86,54,4,71,90,62,24,35,14,9,76,42,23,33,63,11,37,3,31,60
68,23,12,38,1,5,36,49,20,93,7,85,89,0,39,40,15,32,41,51,79,42,75,73,67,47,4,26,63,92,62,17,30,16,87,65,53,44,64,34,83,28,8,82,6,43,31,96,78,70,98,99,84,61,91,13,97,2,58,48,81,94,21,33,80,29,74,45,10,95,77,66,69,52,50,18,25,46,59,88,86,19,55,71,90,27,24,35,14,9,76,54,56,57,72,11,37,3,22,60
36,23,12,15,1,5,6,43,79,93,2,85,55,0,39,9,44,26,51,7,8,42,75,95,92,80,4,66,63,61,62,17,30,87,56,74,67,14,64,34,28,33,73,82,96,40,31,41,78,70,98,99,84,97,91,47,13,18,58,48,81,77,21,11,20,29,38,45,10,32,94,49,16,52,50,69,53,46,59,88,65,19,68,71,90,27,83,35,25,24,76,54,89,57,72,86,37,3,22,60
36,23,18,15,82,5,0,32,96,93,2,47,55,83,74,9,44,26,51,97,8,42,75,95,92,88,4,66,63,65,62,53,30,87,56,69,73,14,64,59,80,33,77,91,31,40,54,41,78,70,98,76,84,79,48,11,13,12,38,17,81,72,21,90,20,29,52,7,89,6,45,49,16,34,50,61,39,46,68,27,67,94,99,71,43,35,10,85,25,24,28,19,58,57,1,86,37,3,22,60
36,7,18,39,87,46,0,32,96,93,2,55,81,83,94,9,75,26,51,97,8,1,56,95,92,88,4,79,63,65,62,20,3,42,89,40,73,82,85,59,90,33,77,91,31,30,54,22,69,38,41,76,84,53,48,11,13,12,28,23,44,14,21,64,60,57,72,19,17,6,45,49,16,27,50,61,80,66,68,35,67,70,99,71,43,47,10,29,25,24,15,86,58,98,52,5,37,74,78,34
72,27,18,39,87,13,54,34,43,93,2,55,77,83,47,90,49,26,51,97,85,94,96,46,48,88,4,79,0,65,62,20,17,42,7,24,73,82,92,84,66,33,45,64,31,30,21,22,36,38,32,63,8,53,50,11,10,12,28,23,81,14,56,41,60,57,25,69,68,6,59,9,16,44,76,91,80,61,40,35,67,70,99,71,89,3,1,29,19,75,15,86,58,98,52,5,37,74,78,95
19,2,18,39,73,79,54,94,43,65,50,26,77,83,47,90,49,13,66,97,84,15,76,46,48,88,4,12,64,89,62,20,17,42,58,57,27,82,92,68,3,81,45,23,31,30,22,38,59,69,7,63,80,53,40,11,10,87,32,1,0,14,21,41,60,70,25,56,28,6,24,9,16,44,36,91,96,61,74,35,67,34,99,71,85,33,8,29,93,75,55,86,51,98,52,5,37,72,78,95
46,38,14,40,89,55,8,83,43,73,50,26,77,90,47,63,49,13,66,65,84,15,76,81,48,88,80,12,64,9,85,20,17,42,33,69,19,82,92,68,3,97,18,23,35,30,22,39,59,71,7,70,29,53,95,86,10,87,32,1,58,0,21,41,60,37,57,34,28,67,4,6,79,44,36,91,96,61,74,56,2,99,62,54,27,31,94,24,93,75,45,25,51,98,52,5,16,72,78,11
7,38,14,40,70,3,8,83,43,73,50,26,77,71,47,63,42,13,96,65,84,44,59,81,48,64,51,94,74,45,85,20,17,41,33,69,19,46,92,68,27,30,18,23,35,10,90,39,60,53,36,82,9,12,95,86,66,87,58,1,6,0,21,89,16,37,25,34,28,67,4,93,79,32,55,29,98,61,76,56,22,99,2,54,72,80,91,24,57,75,52,97,49,15,88,5,31,62,78,11
43,38,14,85,28,55,8,58,74,26,7,13,77,53,15,2,47,3,94,65,84,44,63,17,48,64,51,68,19,45,75,54,35,41,33,69,36,39,96,49,81,30,50,23,1,10,90,57,60,83,92,82,9,12,95,86,46,87,4,20,6,0,21,89,16,37,25,34,98,67,59,93,79,71,78,29,56,61,76,27,22,99,80,40,72,42,91,24,18,70,52,97,32,31,88,5,66,62,73,11
44,38,88,85,54,55,46,58,74,26,7,13,2,53,15,95,47,43,33,65,84,39,63,17,60,64,27,72,19,41,75,4,35,77,99,96,36,57,90,45,81,6,50,23,1,10,83,49,37,69,68,82,9,48,71,86,12,87,51,20,52,0,16,89,24,97,25,34,30,56,92,93,79,11,78,29,80,8,76,21,22,98,67,40,94,42,91,66,18,70,14,59,32,31,3,5,61,62,73,28
77,2,18,85,82,55,46,58,34,20,52,97,1,83,60,95,47,54,33,65,84,39,63,69,25,51,17,72,19,74,75,4,86,94,99,96,29,57,43,45,81,6,3,23,50,10,24,49,37,67,68,36,9,92,71,91,12,87,41,38,40,89,16,90,7,48,64,35,30,56,27,93,79,11,53,21,80,8,76,78,22,98,13,59,5,42,26,66,0,70,14,88,32,31,62,15,61,44,73,28
77,2,18,82,49,55,79,25,34,20,72,97,1,93,45,95,47,44,4,65,89,86,58,71,63,69,17,39,87,7,52,42,51,94,0,96,29,57,43,26,76,9,74,23,50,10,70,81,33,67,68,36,60,56,99,91,12,75,41,38,40,19,16,3,24,48,64,6,30,85,27,78,14,11,53,21,80,8,83,54,22,98,62,59,5,35,13,66,37,46,92,88,32,31,84,15,61,90,73,28
77,34,18,69,22,55,79,25,5,42,27,15,1,93,45,66,47,44,4,62,89,56,58,12,63,95,17,39,87,36,82,51,43,83,0,14,29,57,41,26,76,10,74,86,50,99,70,11,33,9,68,81,60,52,72,91,3,75,20,38,40,19,88,23,7,48,64,6,85,61,28,78,97,53,16,21,80,8,73,54,67,98,71,49,30,35,13,96,37,46,92,24,32,94,84,65,2,90,59,31
71,49,61,69,13,55,31,25,85,42,98,86,29,21,6,66,45,47,4,43,34,97,58,12,63,95,17,39,89,15,82,51,5,84,0,14,90,57,41,77,48,10,74,33,50,87,70,11,44,9,62,81,60,52,72,91,3,75,8,38,59,19,26,23,56,1,20,99,22,88,28,78,79,53,16,18,80,35,73,54,67,27,7,36,30,40,76,96,37,46,92,24,32,94,64,93,68,65,2,83
25,50,73,12,44,55,31,26,63,42,10,86,29,21,6,28,59,47,93,43,32,97,58,67,45,95,98,91,5,78,82,51,17,90,38,14,39,57,69,77,61,49,84,33,92,87,66,11,13,9,62,81,60,72,52,74,3,20,8,48,41,15,37,23,56,0,35,1,22,88,83,89,79,53,16,18,80,75,71,54,4,27,7,36,30,40,76,96,85,46,70,24,99,94,64,34,68,65,2,19
25,19,7,95,44,15,40,17,62,42,10,14,29,64,6,28,59,47,93,41,52,97,58,18,45,71,73,91,5,94,82,51,80,90,38,72,54,57,26,77,61,49,12,33,4,87,66,0,30,9,65,81,60,32,21,74,3,20,8,50,78,67,84,23,56,22,31,1,48,88,83,69,39,53,16,68,99,75,43,92,98,27,13,36,37,76,55,96,85,46,70,24,11,35,86,34,63,89,2,79
16,40,47,29,44,7,0,17,62,9,10,98,18,64,6,56,59,37,50,41,52,58,92,28,15,21,96,91,95,94,82,72,80,43,38,45,54,57,26,93,97,49,23,33,4,87,66,24,30,8,65,81,60,32,77,74,3,20,69,31,5,67,84,90,27,22,78,1,48,88,83,25,39,53,76,68,99,51,19,12,73,63,13,75,86,71,14,55,85,46,70,61,11,35,34,42,36,89,2,79
16,40,41,33,42,7,0,45,62,9,10,98,18,64,6,21,63,37,50,38,52,46,95,31,15,58,96,97,5,22,82,72,35,43,30,27,54,91,26,60,65,49,23,12,36,68,66,24,73,13,84,81,80,32,77,74,3,20,69,4,67,44,17,90,87,59,28,57,48,78,83,25,88,53,56,89,99,51,19,94,29,79,34,75,86,71,14,55,85,76,70,61,11,47,1,8,39,93,2,92
51,40,81,33,42,20,0,55,62,9,10,94,18,43,6,21,63,52,7,78,83,46,95,31,15,58,96,97,60,37,82,72,5,36,93,2,54,91,26,73,65,49,23,12,39,68,66,24,35,13,47,30,80,59,77,4,3,16,69,75,56,44,86,90,17,28,22,57,48,89,50,1,88,84,34,41,45,27,19,38,29,79,25,64,87,74,14,67,85,76,70,61,11,71,99,8,32,53,92,98
47,40,81,16,42,80,93,88,62,9,71,58,5,43,6,98,10,52,78,15,83,46,95,1,59,35,96,33,60,55,82,12,7,36,89,2,54,91,85,73,65,49,37,50,39,68,66,24,56,77,31,30,61,0,97,63,3,72,23,75,21,44,13,90,20,28,22,64,48,74,69,94,84,51,34,41,18,27,17,38,29,79,25,45,87,19,14,67,4,76,70,8,11,86,99,26,32,53,92,57
47,63,81,45,64,14,93,46,80,9,71,58,5,43,6,98,26,52,94,39,10,83,95,16,59,35,96,33,60,62,12,3,7,36,89,78,41,91,85,76,4,49,37,42,2,68,66,24,56,73,82,30,1,11,74,15,21,72,23,75,67,8,13,40,48,90,0,54,55,50,69,28,84,31,34,88,18,27,17,77,29,79,25,20,87,19,38,97,65,51,70,61,99,86,44,22,32,53,92,57
47,92,81,45,83,14,93,46,19,58,71,25,40,43,86,37,26,52,94,50,54,29,48,16,5,35,96,72,9,63,12,3,7,36,89,99,79,91,95,90,4,49,78,62,2,23,66,24,56,10,82,30,1,11,74,80,21,73,38,75,67,8,39,13,59,98,97,57,68,55,69,28,84,31,34,88,65,0,17,77,42,64,85,20,15,27,76,87,51,60,70,61,41,33,44,22,32,53,18,6
47,70,46,45,83,14,38,50,85,58,71,22,81,43,86,59,40,68,94,52,25,34,4,16,37,35,96,51,8,63,12,20,7,36,89,99,3,91,95,90,53,21,78,62,69,0,66,23,56,10,82,26,1,11,74,80,88,73,44,75,49,29,54,13,39,98,28,57,24,55,17,31,84,2,79,67,65,87,93,77,42,64,6,60,15,27,76,30,72,5,19,61,41,33,48,92,32,97,18,9
2,70,46,45,14,38,57,27,34,58,82,61,88,43,86,59,71,68,94,52,53,64,4,22,31,35,96,25,0,66,12,20,7,36,89,99,9,97,51,90,1,98,78,62,65,85,24,23,56,10,95,15,3,11,74,80,13,73,44,83,49,29,54,21,39,75,28,16,47,55,40,69,8,30,79,67,26,87,93,77,42,19,6,60,72,63,76,81,5,84,91,37,50,33,48,92,32,41,18,17
2,63,46,45,14,38,57,68,34,90,82,5,77,43,26,59,36,92,94,32,53,88,40,21,31,16,79,41,0,95,96,20,7,24,89,99,9,97,15,55,64,11,78,62,65,86,61,23,56,51,60,98,3,25,74,87,52,66,44,83,49,29,54,10,39,75,28,58,42,1,4,69,8,30,27,67,71,80,93,35,12,19,13,85,72,6,76,81,47,84,73,37,50,33,91,48,70,22,18,17
41,92,46,45,7,56,34,29,5,90,11,35,77,75,12,59,70,57,96,61,53,80,40,21,31,2,79,73,0,66,36,20,63,87,89,99,9,97,15,32,3,39,6,42,65,94,24,23,64,51,60,98,86,25,74,16,72,26,44,83,49,82,54,10,30,68,28,58,38,1,4,69,8,93,27,95,71,88,14,37,78,19,13,85,55,48,76,81,47,84,52,62,50,33,91,43,67,22,18,17
68,77,46,45,7,56,34,89,25,90,31,21,98,75,11,59,14,57,73,61,47,80,78,38,53,2,79,84,1,66,3,18,48,87,29,99,9,97,15,32,86,82,6,42,65,94,36,81,64,51,60,16,83,4,74,8,72,26,44,30,49,35,54,10,50,5,28,58,33,40,19,69,24,93,23,76,95,88,20,37,12,41,13,85,55,96,0,39,27,70,52,62,71,92,91,43,67,22,63,17
68,63,46,45,7,20,34,50,39,90,92,71,23,75,11,3,14,26,73,61,37,80,78,2,28,97,53,25,1,66,31,18,48,87,86,99,21,19,15,32,56,82,6,42,49,94,79,81,64,51,17,16,24,98,74,65,72,95,44,30,70,35,54,10,27,5,41,62,33,40,57,4,83,84,8,76,29,88,38,77,12,47,13,85,93,96,0,9,67,55,52,60,36,59,91,43,58,22,89,69
68,26,46,45,5,20,2,91,39,90,92,71,23,70,11,34,14,80,27,67,37,7,24,72,86,97,53,25,93,66,31,18,48,87,4,99,21,19,15,32,54,82,6,42,49,56,12,81,61,64,17,28,73,98,3,65,69,95,60,30,79,22,63,10,16,74,43,41,33,40,8,77,83,84,57,76,29,88,38,58,78,51,52,75,62,96,0,9,35,50,13,47,36,59,55,1,94,85,89,44
68,71,14,55,1,5,2,37,47,91,49,43,32,70,11,83,26,80,27,67,20,7,56,72,31,64,24,25,93,66,46,18,22,87,4,99,21,36,15,8,54,82,6,42,86,96,45,76,98,40,17,39,81,85,3,65,61,29,60,30,79,23,63,10,78,74,69,48,33,28,16,77,12,84,57,19,73,88,38,97,58,51,52,75,62,34,0,9,35,50,13,53,95,59,90,41,94,92,89,44
68,70,65,35,1,5,2,37,47,44,49,43,38,74,9,83,26,22,27,67,89,7,56,72,48,97,41,25,91,20,46,53,66,95,11,99,16,36,15,8,54,82,6,42,86,96,3,76,62,40,17,39,10,45,21,64,33,29,60,30,79,75,63,93,78,71,69,58,31,28,90,77,12,32,4,19,23,88,98,84,92,51,52,57,87,34,0,73,85,50,13,18,59,81,24,55,94,80,14,61
96,70,44,35,7,74,52,32,90,50,49,73,38,43,9,83,26,22,47,67,89,12,56,72,48,97,37,25,91,20,46,53,87,95,11,99,16,69,15,8,54,82,6,42,86,71,3,81,62,45,40,84,10,18,21,75,33,2,60,17,30,0,63,94,78,58,66,41,31,28,24,85,27,88,4,19,23,5,65,76,92,51,79,57,64,34,39,55,80,77,13,93,59,29,68,1,61,98,14,36
70,98,44,35,24,74,52,32,90,29,49,73,38,51,9,83,27,22,47,67,89,12,56,72,2,88,37,25,30,82,11,5,91,95,53,6,14,69,75,8,54,20,28,42,86,39,3,13,62,21,7,45,81,18,31,10,33,26,93,23,46,17,63,94,78,58,66,41,15,77,50,60,97,85,4,19,48,96,65,76,92,71,79,57,64,34,16,87,80,99,43,84,59,40,55,1,61,0,68,36
70,20,44,35,36,22,52,59,85,72,7,32,38,51,79,66,27,8,1,78,89,12,56,60,2,88,37,25,30,67,11,98,91,95,16,6,74,69,75,29,49,61,28,10,86,39,3,47,62,92,13,23,19,73,31,82,33,81,93,57,46,45,63,94,18,58,42,41,96,77,50,5,17,9,15,24,48,97,65,76,34,71,90,21,64,83,4,87,80,99,43,84,53,40,55,14,54,0,68,26
1,20,22,28,36,38,12,52,57,72,7,94,74,51,44,32,27,8,99,78,43,60,63,89,2,88,37,25,30,67,11,98,91,95,16,6,56,69,75,19,49,23,77,62,86,39,58,47,55,45,13,83,59,73,31,82,33,15,93,9,46,76,68,0,18,81,42,87,96,17,50,92,35,61,84,24,66,97,29,3,65,71,90,21,64,70,4,5,80,79,85,48,53,40,10,14,54,41,34,26
1,99,22,28,10,38,12,52,62,72,59,94,74,51,44,27,55,40,32,78,43,60,63,89,2,88,69,25,34,67,11,98,91,95,16,6,57,80,75,86,17,36,77,48,14,5,21,47,58,26,96,23,76,49,8,82,66,15,93,9,46,45,68,0,18,33,61,19,31,13,79,81,35,73,84,24,92,97,29,3,65,71,90,54,64,70,50,56,7,87,85,30,53,4,83,37,20,39,41,42
1,9,22,28,34,20,74,10,62,54,59,94,86,51,47,27,78,43,32,99,13,60,89,0,35,88,69,72,75,16,11,21,97,95,98,6,57,80,8,25,17,36,77,48,76,5,67,14,58,26,81,55,41,49,85,23,12,15,93,37,46,82,68,84,18,33,61,19,31,91,79,29,45,73,63,24,92,96,52,56,65,71,90,3,64,70,50,44,7,2,40,30,53,38,83,87,4,39,66,42
1,27,22,28,34,4,74,94,62,54,12,40,9,95,64,53,51,43,32,77,6,29,89,0,35,68,69,72,75,16,66,38,15,97,98,33,57,80,8,25,17,36,96,87,76,5,67,14,30,26,81,55,41,78,85,99,37,11,93,60,46,82,49,84,24,71,61,19,48,91,56,70,45,73,31,59,92,86,52,44,65,63,90,3,88,79,42,18,7,2,13,10,58,50,83,47,23,39,20,21
1,27,22,70,34,4,12,94,73,54,83,40,5,95,64,53,51,96,32,77,9,29,91,43,35,99,31,72,75,47,66,38,78,97,98,33,87,79,8,25,17,65,45,80,76,59,13,48,30,26,81,62,41,58,85,67,28,11,93,60,52,82,49,84,57,71,61,36,10,39,56,23,37,16,19,0,92,14,24,15,68,63,90,7,88,55,42,18,89,2,86,6,3,46,44,69,74,50,20,21
73,36,22,15,70,4,30,1,72,93,83,40,5,67,64,6,51,94,32,77,9,29,52,43,35,99,61,74,75,98,66,38,78,45,86,8,54,79,81,25,17,46,95,80,76,59,55,60,19,26,13,62,33,58,85,48,28,11,7,0,39,82,49,27,57,71,42,68,97,12,56,23,37,16,44,65,92,14,24,84,34,63,90,47,88,41,91,18,89,2,31,21,96,3,53,69,87,50,20,10
73,36,22,46,86,60,30,1,93,54,83,95,5,17,64,6,47,94,50,7,9,29,25,41,35,99,8,26,42,98,66,38,78,16,76,67,75,79,81,0,2,87,77,80,56,74,55,61,4,39,13,62,33,90,85,43,28,10,48,58,72,82,49,27,57,70,65,68,34,12,19,23,40,15,44,45,92,14,24,84,3,63,71,97,88,11,91,18,89,37,31,21,96,32,53,69,52,59,20,51
51,83,67,46,86,21,30,1,62,54,32,95,5,17,64,6,47,94,57,7,9,60,25,41,35,66,8,26,0,98,99,38,2,16,76,4,75,29,81,71,31,87,53,77,28,80,55,73,22,18,13,50,33,90,56,43,49,10,48,93,72,24,37,27,78,70,42,97,34,12,19,23,52,74,59,45,58,14,44,84,3,63,82,11,88,40,91,79,68,65,15,85,96,92,39,69,36,89,20,61
51,83,61,56,98,21,30,1,62,64,32,95,67,17,29,6,47,94,88,68,41,43,25,5,39,66,86,26,99,37,0,14,2,28,16,38,75,35,81,80,31,87,65,77,50,71,55,73,22,79,72,57,13,8,76,9,49,10,48,93,70,24,40,27,52,33,90,97,34,12,19,23,7,74,59,45,58,46,44,84,89,63,82,20,42,18,91,4,78,3,15,85,96,92,53,69,36,60,54,11
51,21,95,56,49,65,30,1,24,64,32,9,67,3,29,12,47,71,23,68,58,43,25,5,39,66,86,26,99,10,27,14,2,28,16,38,75,35,81,80,31,33,89,77,36,15,13,73,50,79,87,57,19,8,76,45,55,6,48,93,17,0,98,88,52,78,91,97,34,59,72,4,7,74,37,22,96,46,11,84,41,83,63,94,42,18,20,44,70,82,60,85,40,92,53,69,62,61,54,90
76,21,95,56,49,65,70,45,24,64,41,9,67,43,29,12,47,71,87,68,7,92,48,20,39,62,6,5,99,10,13,14,2,17,46,93,75,26,22,80,81,33,86,3,36,15,34,30,38,66,16,57,19,8,23,50,55,79,27,35,51,0,1,88,52,78,58,97,96,59,53,4,91,74,77,40,37,98,11,84,25,83,63,94,89,18,42,44,72,82,60,85,31,32,73,69,28,61,54,90
10,21,95,27,69,97,4,3,74,70,41,9,67,43,29,56,47,71,87,62,24,8,68,20,39,75,1,5,99,94,13,77,2,17,80,90,49,57,22,23,81,33,86,19,36,15,60,25,38,66,16,48,84,7,65,50,55,92,51,46,93,0,18,88,35,78,58,64,96,59,53,76,91,61,79,40,6,98,11,26,30,12,63,14,89,52,42,44,34,82,45,85,31,32,73,72,28,37,54,83
10,83,32,27,69,90,51,3,74,63,41,9,99,43,29,53,42,71,87,62,24,8,68,20,39,4,1,5,64,94,13,56,26,17,80,75,77,57,22,23,44,91,66,19,7,21,60,0,38,46,6,47,84,88,79,16,55,92,81,96,49,50,18,25,35,2,58,61,15,59,33,76,86,34,85,65,48,98,11,52,30,12,97,14,89,67,36,93,70,82,45,95,31,73,78,72,28,37,54,40
23,57,32,27,69,6,51,94,74,83,41,9,31,43,29,53,42,71,14,62,91,8,78,20,21,17,34,5,50,38,13,56,26,39,80,18,45,24,67,40,79,35,66,19,7,48,64,3,60,46,63,47,28,88,37,16,55,0,81,96,49,2,44,25,89,4,90,61,15,59,33,76,86,84,85,65,99,98,11,52,30,22,12,97,1,77,10,93,70,82,36,95,87,68,73,72,92,58,54,75
51,57,40,27,69,23,22,6,64,83,3,38,31,94,91,53,42,59,14,62,26,8,78,20,21,17,34,5,50,61,1,56,63,73,89,18,29,98,81,96,79,35,52,19,7,45,9,67,60,46,55,47,28,49,71,13,48,0,88,54,32,2,80,25,39,33,90,24,44,37,93,74,86,84,85,65,99,4,11,15,30,70,12,97,43,77,10,76,82,16,36,95,87,68,41,72,92,58,66,75
51,57,40,17,41,23,96,34,64,65,7,75,31,94,91,36,42,59,4,62,2,8,9,20,21,86,88,5,50,63,83,56,67,73,89,24,66,98,81,32,69,35,1,43,22,45,80,26,60,49,55,47,28,30,71,13,6,0,52,54,97,46,78,25,39,33,90,3,44,37,93,77,29,70,18,74,87,61,11,15,27,79,12,53,14,19,10,76,82,16,48,95,85,68,99,72,92,58,38,84
14,57,31,73,64,23,96,34,78,65,82,75,72,38,24,86,36,59,4,62,95,8,41,20,21,26,7,5,50,63,83,33,56,16,89,87,42,98,66,32,30,94,76,43,67,6,80,40,60,88,55,47,2,17,49,45,84,0,52,54,97,46,69,25,39,9,90,19,44,18,93,77,29,70,81,74,13,61,11,15,27,79,37,53,71,85,10,35,3,12,48,22,1,68,99,28,92,58,51,91
14,57,2,37,64,38,40,34,45,65,95,75,72,98,53,86,36,59,4,62,31,54,11,13,21,89,7,5,50,10,83,24,12,16,41,87,42,74,20,32,55,44,76,43,67,73,80,26,60,88,22,47,78,46,23,51,84,0,52,49,97,90,69,25,39,8,1,19,85,18,93,56,29,71,81,70,33,61,9,77,27,17,96,68,15,6,94,35,3,82,48,63,30,66,99,28,92,58,79,91
63,72,2,53,39,49,40,59,45,65,95,21,57,76,27,86,91,26,4,62,31,54,47,13,75,89,7,33,50,10,83,14,12,16,41,87,46,74,30,32,55,44,68,56,67,29,80,77,60,64,18,88,78,98,70,61,84,22,52,20,97,90,3,37,34,8,1,19,73,51,93,85,69,71,81,79,24,23,9,11,36,17,96,25,15,0,94,35,99,82,48,43,42,66,38,28,92,58,6,5
63,72,10,79,39,53,40,59,45,21,80,12,57,49,27,86,6,26,4,62,29,73,47,13,75,89,7,90,50,35,83,16,54,32,41,2,46,82,43,17,55,52,95,19,67,71,9,77,60,81,18,88,74,51,70,61,84,22,42,20,97,56,3,37,31,8,76,38,64,44,78,85,69,91,66,34,30,23,68,93,36,1,96,25,24,0,94,33,99,14,48,87,98,11,65,28,92,58,15,5
63,72,97,61,79,53,95,59,45,38,70,10,57,49,96,86,66,26,4,62,29,73,50,13,75,89,16,90,5,35,99,81,54,11,41,2,64,82,43,17,55,52,67,1,65,76,9,77,60,84,18,74,88,51,6,19,37,48,42,98,0,56,47,91,31,8,33,83,39,44,32,40,69,78,85,71,30,23,68,93,36,14,20,25,24,34,94,3,7,46,21,87,80,27,12,28,92,58,15,22
63,71,97,61,99,53,95,46,84,38,70,48,55,31,94,32,66,72,4,62,5,92,50,13,59,29,7,90,33,35,20,81,54,11,41,2,64,82,43,17,68,52,45,1,65,40,67,77,86,37,98,39,88,51,57,19,69,73,42,28,0,56,47,18,85,8,76,83,60,44,49,91,24,78,10,36,26,23,16,93,21,14,89,25,96,34,75,3,6,9,74,79,80,27,12,30,87,58,15,22
63,71,97,61,35,53,95,65,84,57,64,48,55,12,94,32,11,72,66,89,69,92,50,13,81,34,7,90,83,39,20,52,54,30,41,33,29,42,99,38,68,76,45,4,16,40,67,77,86,59,56,14,21,51,31,88,62,79,82,28,0,27,17,18,98,8,36,2,60,44,49,91,24,78,10,85,26,23,87,93,46,73,25,19,96,47,75,3,6,9,74,70,80,37,1,5,22,58,15,43
56,19,97,61,35,53,95,71,16,57,64,26,12,23,94,41,11,72,66,89,14,85,50,13,81,34,99,90,83,92,20,60,40,30,2,33,29,69,88,38,68,87,45,4,24,42,44,82,76,59,75,39,21,51,31,73,62,79,3,43,32,0,96,22,98,8,36,17,48,63,65,91,37,78,10,54,70,55,86,93,46,52,25,77,49,47,27,84,6,9,74,67,80,7,1,5,18,58,15,28
56,19,47,61,35,28,95,6,16,53,64,97,79,23,94,41,11,72,76,2,14,85,50,80,81,18,99,37,89,87,20,60,66,45,30,73,29,69,88,77,68,75,44,4,26,48,74,91,12,59,13,39,21,51,31,34,40,24,3,43,32,0,96,33,98,27,36,17,38,42,65,90,22,57,10,46,70,55,86,78,93,52,25,54,49,63,71,84,5,82,9,67,62,7,92,1,8,58,15,83
56,30,33,3,35,84,49,1,16,53,39,97,79,23,44,41,18,54,17,57,14,85,50,80,11,81,22,20,89,87,96,68,66,45,70,73,29,69,88,61,55,75,32,4,26,31,74,91,12,21,37,28,78,51,64,19,6,24,2,99,27,59,43,76,98,34,36,95,38,13,65,90,40,9,10,46,71,60,86,0,93,52,25,77,47,63,42,94,5,82,72,67,62,7,92,48,8,58,15,83
56,30,90,3,35,84,77,38,69,57,39,97,36,23,44,79,27,83,17,18,11,85,50,80,33,81,61,20,89,46,41,58,26,45,70,73,29,0,43,72,55,74,32,22,94,16,6,12,87,21,5,53,78,51,96,19,49,24,98,99,52,59,28,76,54,91,75,95,63,13,65,7,40,9,10,14,71,60,86,68,93,4,25,66,47,1,42,31,34,82,37,67,62,64,92,48,8,88,15,2
44,54,90,3,35,38,30,78,27,57,55,97,13,23,41,79,56,83,17,18,11,31,50,2,33,62,61,20,89,46,74,14,85,45,70,73,29,6,75,72,92,84,32,22,94,91,16,47,36,21,5,81,65,51,96,28,52,24,98,49,1,68,26,76,59,69,58,95,63,25,34,12,40,9,10,77,71,60,86,39,93,4,0,66,42,53,43,19,99,82,37,67,7,87,64,48,8,88,15,80
39,54,66,3,35,38,30,78,27,58,53,97,13,9,41,34,56,83,17,18,11,16,92,33,76,62,0,61,89,46,74,14,85,55,70,73,12,6,75,72,26,84,43,19,94,1,59,25,44,51,36,81,37,23,20,79,28,65,98,49,90,68,93,52,29,69,57,95,63,64,24,96,40,2,10,77,5,67,86,32,21,4,45,91,42,50,60,31,99,82,71,22,7,87,47,48,8,88,15,80
26,54,66,3,35,14,30,78,68,25,72,97,57,20,89,34,56,80,98,44,77,16,92,33,21,62,0,61,49,93,74,27,85,31,70,46,12,24,75,94,47,8,11,13,6,1,22,95,83,51,36,81,37,23,41,79,28,65,5,32,90,64,39,52,29,69,91,59,63,48,58,96,40,2,10,73,19,67,86,50,60,4,45,43,42,55,84,18,99,82,71,9,7,87,17,76,53,88,15,38
26,54,98,18,35,64,34,41,15,25,72,36,57,81,95,45,56,80,21,78,22,16,92,33,87,94,0,8,49,93,86,27,85,31,43,46,12,24,44,3,47,75,11,14,6,67,4,37,83,51,30,66,89,23,20,10,28,5,77,32,90,70,88,52,97,69,91,59,2,68,58,65,40,79,61,73,19,48,13,50,60,63,39,99,42,55,84,74,96,82,71,9,7,29,17,76,53,1,62,38
26,54,82,50,10,96,34,27,4,25,14,36,42,81,32,45,39,80,87,78,15,16,92,41,83,66,79,8,98,33,86,40,85,31,28,46,19,24,44,3,47,48,13,70,6,67,22,37,12,89,30,56,95,57,20,38,94,5,77,43,90,99,88,52,97,69,91,58,2,51,72,65,11,0,61,73,18,75,84,93,60,63,64,21,49,55,59,74,35,23,71,9,7,29,17,76,53,1,62,68
26,54,82,3,10,96,34,89,74,25,14,12,42,81,58,68,5,80,87,59,15,16,18,41,83,66,79,94,37,33,86,40,30,31,28,46,23,32,44,36,64,48,13,70,6,39,22,97,50,8,90,78,95,60,93,38,84,98,17,43,49,45,19,52,20,88,2,77,7,51,72,65,11,56,61,73,0,75,91,35,69,24,99,21,92,55,27,67,47,4,71,9,85,29,57,76,53,1,62,63
26,1,73,33,10,84,34,89,74,25,14,82,64,81,86,15,5,99,87,59,95,78,18,56,49,66,79,94,54,69,12,45,30,55,28,68,23,32,40,36,9,48,13,70,6,0,22,97,50,41,90,16,52,60,42,38,92,98,17,43,46,83,61,24,20,88,2,77,7,51,72,65,11,71,44,19,57,75,37,39,31,91,8,21,80,4,27,67,63,35,3,47,85,29,62,76,53,96,93,58
61,1,73,68,78,84,34,89,23,91,17,56,43,20,12,15,7,18,87,49,95,38,3,74,45,2,62,94,86,47,92,59,5,55,28,31,69,32,40,36,9,48,13,70,6,57,22,97,50,41,90,16,52,60,42,0,79,98,14,64,99,83,30,24,82,88,26,77,80,51,96,54,72,71,44,19,66,75,37,39,46,11,8,21,4,85,27,33,63,35,67,65,10,29,81,76,53,25,93,58
61,36,35,15,76,84,34,89,23,53,9,17,63,20,12,3,93,18,87,29,4,38,39,74,45,67,62,80,25,47,92,72,5,14,88,69,6,32,31,13,95,48,0,70,1,73,57,97,50,41,90,16,52,60,68,59,79,98,81,64,99,83,30,2,42,24,26,77,49,51,96,54,7,71,44,19,94,75,37,86,46,11,8,55,28,85,22,33,21,91,78,65,10,66,40,27,56,82,43,58
84,12,35,36,15,25,34,83,23,53,68,17,99,75,37,89,95,18,87,29,4,61,39,74,9,67,62,80,72,47,92,44,55,93,88,69,6,19,13,38,59,48,97,50,1,24,57,91,21,41,42,16,52,63,60,76,79,46,45,64,49,20,30,2,73,70,26,27,28,51,96,54,7,71,81,3,98,5,32,86,0,11,8,90,31,85,22,33,94,14,78,65,10,66,40,77,56,82,43,58
84,12,44,96,15,25,34,83,81,10,58,1,93,8,37,89,50,18,87,29,47,61,76,74,9,5,62,42,72,36,92,79,91,4,88,69,82,26,13,31,68,48,38,11,54,24,57,99,21,41,59,17,52,63,60,39,97,46,45,64,49,90,30,55,73,70,20,3,28,51,53,56,7,2,80,16,98,32,67,86,0,40,27,77,23,85,22,33,94,14,78,65,71,66,95,6,19,35,43,75
43,65,44,92,84,52,83,5,12,19,58,36,93,86,37,89,50,18,55,56,47,61,1,29,9,71,13,53,72,33,91,79,15,4,88,69,82,26,8,31,68,62,38,94,54,24,57,11,96,41,87,17,45,63,60,39,99,46,35,78,49,21,30,64,73,70,20,3,28,51,10,95,7,59,80,16,97,48,67,32,0,40,27,90,76,85,22,34,25,14,74,42,2,66,23,6,81,77,98,75
4,65,44,96,3,52,83,5,12,19,58,36,93,27,35,56,23,18,55,69,47,6,1,29,9,14,89,11,46,33,91,64,63,92,88,22,38,26,61,31,37,82,43,94,54,24,40,57,79,41,87,17,45,50,60,39,99,48,21,78,15,10,30,62,77,70,20,66,28,51,98,8,7,59,80,16,97,86,67,32,0,84,75,90,53,49,71,34,25,95,74,42,85,2,68,76,72,73,13,81
4,9,64,31,18,28,83,5,12,26,80,56,25,27,35,87,19,46,58,69,47,11,85,29,65,14,24,63,51,33,91,95,10,88,97,81,38,1,61,42,37,82,55,6,54,8,45,57,79,40,41,17,93,50,60,39,99,48,21,78,44,3,30,62,77,43,20,66,34,22,98,52,7,59,49,16,96,86,67,32,0,15,75,90,53,70,71,92,23,13,74,36,89,2,68,76,72,73,84,94
4,9,65,89,18,28,83,5,12,26,80,73,56,47,35,81,19,46,58,25,49,11,30,29,82,84,24,63,51,50,91,64,10,88,71,43,38,1,21,42,37,2,85,6,70,8,45,57,79,40,78,17,93,48,96,39,61,33,22,55,44,3,59,54,77,31,0,66,34,86,68,52,7,32,53,16,90,99,67,72,98,15,75,27,62,74,60,92,23,13,94,36,41,20,87,76,95,69,97,14
3,9,52,60,67,28,70,23,12,26,80,41,56,85,35,92,62,46,58,25,49,11,83,29,82,84,24,22,51,50,7,64,21,88,71,43,38,1,89,42,13,18,4,6,98,73,66,57,91,40,10,0,93,48,96,39,61,17,63,55,8,78,59,54,20,37,77,86,34,79,16,44,97,81,53,19,90,99,2,72,75,15,32,27,31,74,47,14,65,5,94,36,45,30,87,76,95,69,33,68
3,68,8,39,67,81,20,23,12,26,62,41,56,73,49,92,38,46,31,25,9,11,83,17,4,84,24,22,51,16,50,64,47,88,35,43,66,1,89,42,13,18,48,6,98,80,91,57,79,40,10,29,93,69,96,76,61,45,63,55,28,78,59,54,95,37,86,52,85,21,14,72,97,70,34,19,53,99,2,44,0,15,32,27,75,74,90,82,65,77,94,71,33,30,87,5,7,36,60,58
3,68,92,39,67,81,20,36,12,26,70,4,14,73,49,82,38,86,31,25,9,54,83,29,75,84,23,22,56,28,50,64,16,88,35,43,44,60,89,42,13,18,48,78,17,90,46,57,79,65,10,47,93,69,1,62,61,45,63,24,80,15,99,21,95,37,11,52,85,0,19,58,6,66,71,96,53,8,2,59,91,33,32,27,97,74,34,76,40,77,94,98,72,30,87,5,7,55,41,51
3,48,14,55,67,81,20,92,78,23,2,4,50,47,91,70,38,46,31,25,85,43,68,29,75,84,26,22,36,28,44,64,16,88,35,54,30,60,89,42,39,18,79,86,49,90,40,57,83,65,10,53,59,69,1,13,61,17,8,34,5,15,99,21,95,37,56,52,19,0,82,93,6,66,71,96,9,80,73,45,11,33,32,12,62,74,27,76,97,77,94,98,72,63,24,58,7,87,41,51
3,48,14,55,46,84,20,77,78,37,2,29,83,47,91,70,92,96,31,60,9,59,7,1,75,23,26,22,36,28,44,64,88,71,35,54,30,95,10,42,39,18,61,86,41,38,45,57,51,50,90,53,98,69,85,73,4,17,72,34,5,16,99,21,66,79,56,52,81,0,82,93,97,15,68,67,6,80,49,62,11,33,32,12,89,74,27,76,25,13,94,43,8,19,24,58,65,87,63,40
3,31,14,55,46,37,17,66,78,45,69,29,83,25,2,70,26,6,47,60,80,59,7,1,75,77,48,22,36,28,4,64,72,71,35,50,30,95,10,42,92,9,61,86,82,38,41,57,52,43,90,76,98,16,40,84,39,85,54,34,23,5,99,21,0,79,94,73,81,20,91,93,97,12,68,19,44,15,49,62,11,33,32,96,89,74,27,88,13,18,67,51,8,53,56,58,65,87,63,24
50,31,98,55,46,88,3,63,78,45,91,40,83,27,2,6,26,75,87,43,80,14,36,15,69,77,48,22,68,28,95,64,72,71,35,13,30,29,10,49,21,9,61,86,89,38,41,57,52,42,90,76,33,16,44,70,39,65,54,34,85,5,99,25,0,79,94,73,18,20,23,93,97,4,59,19,66,1,82,62,53,37,17,96,11,74,24,12,81,32,67,51,8,84,56,58,7,60,47,92
55,48,98,68,54,88,86,63,10,50,56,94,18,27,2,83,26,75,35,41,80,96,36,23,30,64,4,22,91,43,34,97,16,71,93,58,78,29,45,49,13,9,61,46,89,38,77,57,52,42,69,76,33,0,44,70,39,65,66,28,85,5,99,25,6,40,7,73,87,20,3,90,21,12,59,19,15,1,95,62,53,37,17,72,11,74,24,82,81,32,14,51,8,84,31,79,67,60,47,92
55,48,98,66,54,88,84,44,2,50,56,94,18,27,47,83,26,75,35,41,39,96,63,23,30,64,4,34,57,43,36,17,10,91,93,58,71,29,45,78,13,9,86,97,89,80,79,42,52,82,69,76,33,0,49,11,95,19,3,28,85,5,68,25,67,46,7,73,70,20,40,92,21,12,16,6,99,1,61,62,53,37,15,72,24,38,77,90,81,32,31,14,8,74,60,59,65,87,51,22
55,48,81,66,91,72,84,44,6,67,18,94,75,27,53,80,26,29,35,41,39,42,58,23,30,50,4,34,13,24,49,17,64,97,98,2,71,92,45,36,73,15,86,9,89,16,79,70,52,82,69,76,56,0,20,11,95,19,3,28,85,5,68,25,74,38,51,31,63,93,40,88,21,12,65,33,99,1,54,62,83,37,61,57,96,47,77,90,46,32,7,14,10,43,60,59,78,87,8,22
55,48,24,91,74,13,84,44,68,46,18,56,75,10,53,92,26,96,35,81,39,42,58,23,64,41,4,34,5,66,49,29,33,50,85,2,80,52,45,95,73,15,86,72,89,17,79,70,32,82,69,76,16,67,20,11,97,19,3,78,31,54,1,25,71,27,51,8,63,93,40,88,21,12,65,22,99,28,9,30,61,37,6,57,43,47,0,90,62,83,7,14,36,94,60,59,77,87,98,38
55,48,61,91,74,13,67,93,68,25,18,20,71,10,53,31,92,39,35,29,96,49,76,23,69,41,4,34,5,66,33,51,98,64,83,2,90,52,45,95,73,15,86,40,42,7,79,70,32,82,26,38,16,6,97,11,8,50,3,24,30,54,1,65,84,27,62,22,63,78,99,88,21,12,44,81,46,28,9,19,72,37,58,57,43,47,0,89,17,80,14,56,36,94,60,59,77,87,75,85
55,27,45,69,74,13,67,93,2,25,18,20,17,85,78,87,92,39,35,29,96,51,76,97,36,41,4,19,15,82,53,31,23,64,83,47,90,49,7,43,6,91,86,40,70,71,79,62,32,63,26,38,16,77,0,11,8,66,3,24,30,73,1,65,84,10,33,22,58,42,99,88,95,52,44,81,46,28,9,14,72,37,98,57,21,61,12,89,75,80,56,34,68,94,60,59,5,48,50,54
55,27,45,69,20,13,68,93,22,25,80,71,29,85,57,87,92,5,56,8,96,51,70,62,36,90,15,31,2,82,35,67,78,64,83,47,53,49,23,42,99,73,54,40,84,17,63,39,4,18,97,74,16,77,0,11,6,43,3,24,30,26,1,65,79,10,33,81,58,86,41,88,95,52,44,76,46,28,9,14,72,37,98,38,21,66,61,89,75,32,94,34,91,7,60,59,19,48,50,12
55,27,68,66,20,4,18,93,22,32,44,71,29,80,57,87,81,5,69,63,24,45,70,62,36,90,15,76,2,31,35,10,0,64,83,47,14,49,67,42,99,73,25,6,82,17,88,59,85,60,97,74,16,77,53,11,39,43,3,13,8,26,38,65,92,30,33,78,58,86,40,54,95,52,61,98,46,28,9,23,72,37,84,50,21,41,12,89,34,1,94,51,91,7,48,56,19,79,75,96
55,4,96,6,85,37,18,29,22,10,44,71,89,74,57,87,8,5,58,78,62,11,90,94,36,77,88,15,2,84,35,68,0,64,83,47,14,40,67,42,99,73,27,70,51,39,30,59,38,60,97,17,16,66,53,1,25,43,49,13,61,26,32,65,92,45,33,31,20,86,81,54,95,52,82,98,46,28,9,23,63,72,34,50,21,41,12,76,91,93,3,80,24,7,48,56,19,79,75,69
55,58,96,6,85,37,18,94,22,0,44,71,89,34,57,72,82,56,12,78,62,69,42,23,31,77,88,32,2,46,8,10,68,29,83,47,26,40,67,79,9,73,27,70,4,90,87,59,38,5,97,17,50,66,53,95,25,43,49,13,16,39,99,65,35,45,33,1,20,80,81,60,84,52,86,98,64,28,93,92,63,30,14,54,21,7,74,76,91,11,3,51,24,36,48,41,19,61,75,15
74,6,73,17,85,57,77,26,28,0,44,71,89,97,68,72,82,56,12,78,62,69,53,23,9,79,88,35,81,4,8,96,27,29,83,75,5,40,67,61,22,52,94,70,24,50,87,55,38,31,92,1,10,66,86,59,25,43,49,58,42,39,99,14,18,45,33,90,20,80,65,60,84,32,95,98,64,2,93,37,63,30,16,54,21,7,19,76,91,11,47,51,34,36,48,41,46,13,3,15
31,6,7,17,29,73,77,26,72,0,38,71,51,83,98,60,82,56,12,84,62,69,53,50,9,43,88,44,19,42,59,96,27,89,28,75,5,8,67,61,66,52,45,70,24,4,87,55,74,22,92,1,15,35,86,20,57,80,65,58,25,39,63,14,18,40,33,90,54,10,23,37,16,32,95,97,64,49,93,94,81,30,79,85,21,68,2,76,91,11,99,78,34,36,48,41,46,13,3,47
31,17,7,61,29,73,43,26,72,0,87,79,51,9,98,60,34,56,10,36,85,69,53,50,92,52,88,59,19,42,3,96,27,89,68,90,5,8,67,66,22,97,28,84,24,4,40,55,71,6,1,54,63,35,86,83,57,80,64,58,25,39,15,44,18,65,13,74,33,95,23,37,16,32,12,62,38,49,94,70,81,30,21,45,14,75,2,76,91,93,99,78,77,20,48,41,46,11,82,47
40,17,7,37,31,73,45,26,8,87,35,91,42,9,13,14,83,56,10,36,75,89,53,2,38,52,6,59,19,48,3,54,66,62,68,90,96,72,67,44,18,92,28,84,24,61,4,55,71,12,1,60,63,93,86,85,25,80,64,58,22,51,15,0,69,65,39,74,33,95,23,88,16,32,79,29,5,49,94,70,81,30,21,98,50,27,97,76,34,57,99,43,77,20,78,41,46,11,82,47
40,17,7,11,16,41,50,90,8,87,35,96,93,30,13,14,68,37,63,78,75,89,53,71,38,52,6,59,19,80,55,54,82,56,51,94,10,9,67,44,73,92,62,84,24,32,22,72,85,12,1,60,34,18,86,39,25,42,64,58,95,3,15,36,69,65,26,74,33,79,23,88,4,70,28,29,5,49,46,91,81,48,21,98,66,27,97,76,45,57,99,43,77,83,31,20,2,0,61,47
53,78,7,20,16,18,50,90,8,87,35,33,12,30,48,14,73,37,63,80,43,89,9,71,36,82,86,59,19,58,55,54,4,68,13,62,10,0,67,44,39,92,6,91,24,32,22,72,85,76,1,60,34,95,2,25,26,42,31,51,75,3,15,40,64,49,84,74,94,79,23,88,65,70,28,17,5,38,46,52,81,41,21,98,66,27,77,97,45,57,99,29,11,69,96,83,56,93,61,47
53,48,28,5,61,18,41,91,8,87,35,33,84,24,13,14,50,37,85,82,89,94,9,71,36,29,63,77,19,58,55,54,26,80,81,62,16,0,67,7,4,73,6,30,23,32,74,72,64,76,1,49,34,22,2,25,10,42,31,51,75,3,15,40,60,78,95,66,68,44,59,20,65,70,88,17,43,38,46,52,99,92,21,98,90,27,86,97,45,57,96,47,11,69,39,83,56,93,79,12
31,53,83,97,61,89,41,82,8,87,19,33,84,4,42,14,50,43,75,48,37,94,9,71,36,0,63,95,30,58,55,54,77,96,32,62,35,99,34,3,18,91,6,44,23,7,78,72,24,76,1,49,85,22,39,25,10,26,51,64,73,17,15,40,60,81,66,67,68,92,29,20,65,70,88,47,74,38,46,52,13,59,21,98,90,27,86,5,45,57,16,80,11,69,28,2,56,93,79,12
31,5,83,97,61,36,41,82,13,64,90,33,95,4,42,75,70,43,59,15,37,67,9,94,89,0,63,87,23,57,19,14,6,96,32,62,66,99,34,3,18,91,81,44,55,84,78,72,16,76,28,49,85,22,39,25,10,48,51,60,73,8,58,40,30,56,35,24,69,92,52,20,65,17,88,47,74,38,46,79,53,1,11,98,21,27,86,2,45,7,68,80,77,26,50,29,71,93,54,12
31,5,83,97,58,12,41,75,36,42,70,69,74,4,20,64,39,43,82,15,37,67,9,94,54,0,63,18,40,57,98,14,6,92,32,45,73,1,34,3,13,59,81,44,55,84,78,23,27,11,87,49,33,22,17,25,10,95,51,65,86,8,16,91,30,56,35,24,93,76,52,62,66,99,88,47,90,38,46,79,26,53,89,48,21,72,60,2,61,7,68,80,77,96,50,29,71,19,28,85
49,5,94,97,67,50,91,31,59,23,22,10,74,4,20,13,39,34,82,15,37,89,9,69,71,0,63,25,36,57,12,14,6,38,32,45,73,1,77,3,92,58,81,44,78,84,33,8,70,11,65,43,42,64,17,87,98,27,51,83,86,96,85,35,30,56,41,24,93,76,52,62,66,99,88,75,90,47,46,16,26,55,48,54,21,72,60,2,61,7,68,80,40,53,29,79,18,19,28,95
57,74,94,97,67,11,91,27,37,71,22,10,23,49,47,84,66,34,82,41,96,89,24,28,19,31,63,25,86,1,12,14,6,38,32,33,73,72,99,3,55,58,81,44,75,30,13,8,70,5,65,64,42,46,17,87,98,20,36,83,4,43,85,90,48,56,39,69,50,76,52,62,93,77,88,78,15,7,59,16,26,0,9,54,21,35,60,2,61,45,68,80,40,53,29,79,18,51,92,95
57,69,99,97,66,85,91,27,37,71,22,44,96,49,67,84,3,34,41,92,2,78,24,6,19,90,63,25,16,1,11,14,98,38,32,9,73,74,33,35,55,58,70,79,75,30,13,8,94,15,65,64,86,46,17,87,68,52,82,10,83,43,72,95,42,56,39,12,50,76,23,62,93,40,88,77,5,7,59,81,26,0,89,48,21,54,60,20,61,45,47,80,4,53,29,18,31,51,36,28
57,3,83,29,66,42,91,27,56,71,22,62,44,49,39,26,67,34,41,92,2,58,43,55,98,90,63,85,14,0,11,6,19,69,32,9,73,28,33,45,37,1,70,31,75,30,59,97,94,15,65,64,82,46,17,87,68,52,53,10,24,16,72,95,36,84,60,12,50,76,23,4,93,40,88,77,96,7,99,81,78,20,89,38,48,54,86,21,61,5,47,80,79,25,74,18,8,51,13,35
57,51,70,60,66,65,91,81,56,73,22,62,44,47,39,26,67,34,41,92,2,79,46,64,98,8,63,85,52,82,75,6,19,69,18,58,29,28,33,55,14,1,27,15,38,30,59,7,94,31,11,9,42,36,49,87,68,71,53,43,24,3,72,95,37,90,50,45,0,76,23,93,84,40,88,4,96,16,99,32,78,20,89,10,48,54,86,21,61,5,74,80,13,25,97,83,77,12,17,35
57,51,92,50,65,76,91,62,89,73,22,97,44,3,77,47,67,34,41,64,2,79,85,23,98,8,63,38,83,59,75,6,19,69,18,58,29,28,33,55,14,35,27,24,39,30,94,1,32,31,11,9,42,36,49,95,68,71,15,43,7,66,72,88,12,90,84,81,26,37,46,61,60,40,20,4,96,16,82,70,52,78,74,10,0,87,86,21,45,5,54,80,13,25,93,56,48,99,17,53
57,95,13,50,65,14,28,30,7,33,9,63,44,3,77,47,67,34,41,2,71,79,85,23,98,8,4,38,21,22,75,1,19,35,18,58,29,99,16,70,83,73,61,5,27,0,94,89,39,31,10,82,42,92,49,59,64,97,15,43,81,66,72,88,12,90,84,11,26,37,76,69,60,40,20,87,91,36,51,96,52,78,74,48,24,6,86,68,45,46,54,80,32,25,93,56,55,62,17,53
91,95,5,50,65,88,42,46,39,81,12,63,44,4,13,47,67,57,41,34,71,79,64,23,2,82,86,38,9,54,75,14,19,58,18,3,29,22,16,70,83,73,61,78,27,0,8,89,49,98,10,84,24,92,26,59,6,97,15,43,52,66,80,94,74,90,21,11,7,37,35,69,60,40,20,87,1,36,51,28,76,30,72,48,85,96,33,68,45,31,77,32,62,25,93,56,55,99,17,53
91,95,5,50,65,88,42,46,39,81,12,16,64,4,72,47,94,57,41,34,71,70,87,23,13,82,86,38,44,92,62,14,19,58,2,54,67,22,18,11,9,1,61,78,27,15,8,89,29,40,10,80,24,7,26,51,6,84,73,43,52,66,76,83,74,68,55,98,97,21,37,35,60,69,28,53,96,36,79,63,49,30,75,48,85,20,17,59,45,31,0,32,33,25,93,56,77,99,3,90
91,51,5,49,64,79,48,46,39,81,12,16,20,34,70,47,94,53,41,74,71,56,83,95,13,82,72,14,44,92,62,32,42,58,2,54,67,50,87,11,9,19,33,23,98,75,8,89,29,40,10,80,65,86,85,17,6,84,73,43,52,66,76,97,88,68,30,55,63,78,37,35,60,69,28,26,96,36,61,22,57,0,4,25,24,21,18,59,45,31,1,15,7,27,93,77,38,99,3,90
43,71,5,94,64,38,48,46,39,81,12,16,9,42,70,47,20,67,41,74,33,30,61,95,82,3,72,69,44,92,62,23,54,58,32,97,56,50,87,85,11,19,90,63,98,75,51,89,29,40,10,60,65,57,13,17,6,84,73,78,15,80,76,49,88,1,99,55,79,14,59,35,2,22,28,26,96,36,8,68,66,0,4,25,24,21,18,83,45,31,34,53,7,91,27,77,93,86,52,37
43,47,22,45,79,38,48,46,34,1,12,64,9,42,2,53,94,70,56,18,33,30,20,95,82,3,72,69,44,92,62,23,54,10,27,97,37,50,87,85,11,19,96,15,83,75,51,89,29,40,21,60,65,57,13,80,6,84,73,78,41,52,63,81,88,67,99,31,17,55,59,25,36,35,39,26,5,90,32,68,66,0,74,49,24,28,91,98,76,14,61,4,7,8,71,77,93,86,58,16
48,47,78,45,52,71,64,46,34,1,12,79,9,11,2,38,57,81,58,87,68,30,63,95,42,98,80,31,44,92,33,23,54,10,41,83,74,50,66,85,70,19,96,15,82,53,20,89,29,40,21,43,65,27,13,97,6,60,73,62,59,93,37,76,88,22,99,69,17,84,36,25,3,35,39,26,5,90,32,72,18,0,56,49,24,28,91,16,94,14,61,4,7,8,67,77,51,86,55,75
48,45,78,24,1,4,64,54,37,19,80,79,9,11,2,38,46,32,57,15,88,90,63,95,93,98,52,31,44,92,58,23,14,10,21,83,74,34,66,85,70,42,96,47,82,30,20,89,5,40,12,56,65,27,13,99,6,60,61,62,59,43,41,76,29,22,67,7,17,84,36,25,72,35,39,73,8,3,51,97,18,0,71,49,86,28,91,16,94,53,81,87,69,75,26,77,50,68,55,33
48,45,24,72,15,4,64,54,46,1,32,57,19,11,90,7,67,2,96,34,66,16,63,6,36,98,52,35,87,92,31,23,14,10,68,83,74,49,88,85,70,42,78,47,82,30,20,89,5,40,12,0,79,27,22,99,75,60,61,71,59,43,41,80,29,13,38,93,17,84,56,25,97,65,39,76,8,9,51,44,18,37,62,53,86,28,91,26,94,73,81,95,3,69,21,77,50,58,55,33
48,45,24,59,15,4,64,63,92,27,32,95,19,56,90,46,67,2,96,34,31,44,80,25,11,72,52,6,87,98,68,37,14,30,8,65,1,49,35,74,70,42,78,47,82,66,69,89,5,40,12,91,20,60,22,79,75,55,61,71,21,43,41,57,38,23,88,93,17,0,83,29,97,99,39,76,13,9,51,7,18,62,50,53,86,28,58,26,94,73,81,84,3,36,16,77,85,54,10,33
48,45,91,59,38,4,64,84,13,95,32,44,19,9,51,50,80,2,96,34,27,6,79,25,40,42,52,1,15,37,68,11,14,30,8,87,67,49,35,74,3,57,78,47,18,66,69,75,5,31,12,63,20,60,22,98,89,55,58,71,21,77,41,88,76,23,99,93,17,0,56,29,97,83,39,24,86,65,90,7,72,62,46,92,10,28,61,26,94,73,81,70,53,82,16,36,85,54,43,33
48,80,85,12,38,29,64,55,17,95,59,62,19,9,51,99,86,2,98,34,35,6,79,71,40,87,82,1,52,37,36,11,84,14,8,68,67,30,75,74,3,57,78,47,31,73,69,44,5,89,27,63,20,60,49,4,42,21,58,25,45,77,41,88,76,28,96,93,72,0,23,15,97,65,39,24,32,18,90,7,13,46,56,92,10,50,61,26,94,22,81,91,53,70,16,83,66,54,43,33
80,57,44,72,38,29,19,55,17,95,25,51,71,9,79,59,23,2,87,15,35,76,41,49,40,4,82,1,58,62,31,11,84,14,8,68,67,30,20,74,3,45,69,47,46,73,21,16,98,89,27,63,6,60,36,75,42,48,12,34,93,77,86,88,66,28,96,39,50,85,5,0,97,65,37,24,32,18,90,7,13,61,52,92,10,78,26,99,94,56,81,91,53,70,64,83,22,54,43,33
1,57,44,17,38,33,67,55,89,21,75,51,80,59,79,31,60,39,70,84,35,76,71,12,40,4,82,74,92,62,58,11,49,13,26,68,34,30,20,87,3,45,69,0,8,73,47,16,98,63,27,25,6,19,36,93,23,48,7,81,2,77,86,10,66,28,96,65,50,72,95,42,97,29,37,24,32,18,90,9,41,61,52,88,22,78,14,99,94,56,85,91,53,46,64,83,15,54,43,5
1,57,7,56,38,78,67,42,88,21,46,55,83,87,53,31,60,35,40,84,80,76,71,12,32,5,3,74,92,96,58,39,49,33,26,81,14,30,62,73,51,72,69,0,8,11,47,16,98,63,89,25,6,19,36,93,23,48,4,68,44,77,86,10,13,28,85,59,54,70,45,79,97,29,2,24,27,18,90,9,41,61,65,50,22,66,95,99,94,82,75,91,37,52,64,34,15,17,43,20
1,89,72,56,38,78,67,22,88,21,46,91,83,87,53,31,63,68,40,86,80,76,85,71,32,28,62,74,92,96,58,5,73,27,17,81,14,30,98,3,51,7,69,0,9,11,47,45,57,60,26,15,6,19,33,93,37,48,4,41,12,77,16,10,54,52,35,43,39,70,79,42,65,29,2,24,36,18,90,75,44,61,13,50,25,66,95,99,94,59,97,49,84,82,64,34,8,23,55,20
1,5,68,56,7,97,29,22,88,25,46,27,53,8,75,31,78,77,36,86,80,76,85,71,49,28,62,66,92,96,32,83,11,38,61,81,14,30,19,3,51,79,21,16,40,99,47,63,57,60,9,73,6,89,33,93,26,15,91,41,48,82,90,10,54,52,35,43,39,70,13,42,65,67,2,24,69,18,17,87,44,45,98,50,4,72,95,0,94,59,74,58,84,12,64,34,37,23,55,20
27,28,40,56,7,97,29,22,88,25,69,23,53,8,75,31,64,77,36,82,80,76,85,71,49,26,62,10,92,38,5,57,11,63,61,90,67,87,19,44,81,83,21,16,51,99,47,68,24,60,72,73,50,78,33,93,70,9,4,41,39,98,48,96,54,52,35,66,2,15,13,42,65,32,34,6,14,86,17,30,1,45,91,43,3,55,95,0,94,59,74,58,84,12,89,18,37,46,79,20
27,28,40,56,39,70,89,41,88,13,69,23,62,35,46,31,64,77,57,82,80,76,8,71,49,26,36,10,53,38,7,83,11,2,75,44,60,87,22,29,81,67,32,86,34,99,47,68,63,52,72,73,59,78,33,93,50,74,4,25,9,98,48,24,84,51,96,66,79,15,0,42,65,54,19,16,14,21,17,30,1,45,91,43,3,55,92,95,94,58,61,90,6,12,97,18,37,85,5,20
75,28,6,97,39,71,8,92,88,79,69,23,77,35,46,31,64,89,57,74,73,80,98,13,49,26,40,10,62,33,7,76,81,2,43,44,41,87,22,65,14,67,32,86,34,99,47,4,63,52,85,82,59,78,15,11,50,27,53,60,3,93,68,24,84,51,96,66,72,95,0,42,37,54,19,25,9,21,17,30,1,16,91,36,70,55,83,56,48,58,61,90,29,12,5,18,45,94,38,20
75,28,6,92,29,71,8,26,20,79,33,23,77,37,9,31,64,89,57,74,73,66,98,22,49,50,40,14,62,85,7,76,81,2,36,51,48,1,99,65,44,43,83,60,13,70,21,4,54,88,47,82,59,78,15,11,27,35,53,52,3,39,68,24,84,86,96,90,72,95,0,42,94,17,19,25,87,5,12,46,97,16,91,10,80,55,30,56,32,58,61,34,93,67,41,18,45,69,38,63
75,94,4,30,29,71,8,79,20,60,28,23,77,37,9,32,69,89,57,82,73,90,47,22,56,50,40,7,62,48,68,15,81,2,17,51,49,1,99,65,44,80,25,36,33,70,21,74,54,24,27,96,59,26,84,11,43,35,64,52,85,76,12,13,88,86,98,38,72,95,0,42,83,3,19,39,31,5,66,87,97,6,91,10,16,55,53,92,46,58,61,34,93,67,41,18,45,78,14,63
75,46,4,30,29,70,8,96,60,20,53,10,57,37,9,32,69,89,93,82,73,95,78,51,63,33,76,7,62,54,68,77,81,2,17,67,49,1,23,40,44,80,66,36,90,64,21,74,41,24,27,48,59,47,84,12,43,5,35,52,85,71,99,13,88,86,98,38,72,11,55,42,97,56,39,15,31,28,50,87,26,6,91,61,16,3,65,92,79,58,94,34,22,25,83,18,45,0,14,19
75,46,52,30,7,70,8,96,53,20,50,36,57,91,9,92,69,89,47,82,29,79,78,51,63,27,21,60,13,54,68,77,94,4,17,67,49,43,23,64,44,80,66,33,85,71,93,74,41,42,61,48,59,98,84,0,12,5,35,55,95,97,99,19,88,32,1,76,72,11,81,10,58,56,39,15,25,28,45,87,26,37,24,40,16,3,65,31,73,86,2,34,22,62,83,18,6,90,14,38
75,17,18,89,7,98,22,96,53,30,20,1,52,91,9,92,81,88,47,84,29,79,28,51,70,5,32,11,13,54,68,77,94,35,65,67,49,43,23,63,44,95,66,39,85,71,93,34,41,42,61,4,59,74,62,0,12,72,64,10,46,97,99,19,86,57,78,76,60,33,69,50,3,56,36,15,25,90,45,87,26,55,24,40,16,48,21,31,73,82,58,8,2,37,83,80,6,27,14,38
75,63,18,73,7,98,35,96,92,30,20,84,52,68,9,72,24,88,21,14,31,79,77,51,70,37,32,29,13,54,47,65,74,59,53,67,49,43,33,62,44,95,66,81,36,64,22,34,41,42,91,82,4,58,5,0,12,85,83,10,46,97,99,39,86,57,78,76,60,15,69,55,3,56,11,89,94,90,45,87,26,1,19,40,16,8,23,28,71,17,61,25,2,93,48,80,6,27,50,38
12,63,18,73,79,51,53,48,45,43,83,84,36,68,72,71,17,88,21,14,31,50,77,47,99,37,70,29,13,54,22,78,30,7,87,67,49,6,34,62,33,95,66,81,92,59,35,94,41,42,8,82,4,58,26,38,9,1,96,10,46,97,85,39,86,57,32,76,60,15,69,55,3,56,11,89,74,90,65,24,20,16,19,40,2,44,23,28,5,52,61,25,0,93,64,80,75,27,98,91
17,90,18,15,61,73,97,79,45,43,11,5,64,83,30,71,67,88,21,14,31,50,77,47,99,37,49,19,13,54,22,78,95,7,87,28,36,92,68,70,33,6,66,81,16,59,35,94,34,10,0,82,4,58,26,38,84,56,96,63,46,51,80,39,65,57,2,41,60,25,69,55,3,9,85,89,74,42,62,24,20,48,72,40,12,44,23,75,32,52,1,29,76,93,53,86,8,27,98,91
17,90,2,16,78,73,97,55,45,43,9,5,64,18,41,25,67,88,60,14,31,50,21,47,68,37,92,76,13,54,56,15,53,79,66,28,36,10,49,70,11,6,46,81,99,59,35,94,62,63,8,82,86,58,26,38,84,4,96,0,42,75,80,39,19,57,34,7,77,83,69,30,3,51,71,65,74,95,89,24,20,48,72,87,12,44,23,85,33,52,1,29,93,61,32,40,22,27,98,91
7,71,35,95,78,73,97,55,57,43,9,5,90,14,41,25,67,88,60,61,45,50,93,17,68,37,92,76,11,32,1,77,53,39,66,28,36,10,64,70,24,6,56,81,99,59,51,82,21,69,8,63,12,58,26,38,84,4,22,2,62,15,80,96,31,94,34,49,47,83,89,30,3,16,54,65,74,18,0,79,19,48,72,13,87,52,23,85,33,75,20,29,86,44,42,40,46,27,98,91
7,71,16,64,90,73,67,36,57,92,35,5,95,80,41,25,56,52,60,61,45,50,59,17,68,37,48,76,23,20,14,77,97,39,21,12,66,4,88,70,24,93,74,81,99,87,51,82,94,69,8,30,75,58,26,38,9,1,29,2,62,83,15,96,31,89,63,6,47,32,78,13,3,22,54,65,10,18,0,79,19,28,72,55,53,49,43,34,33,84,85,11,86,44,42,40,46,27,98,91
29,19,27,64,97,73,44,59,57,92,35,5,90,16,41,25,56,52,60,58,45,50,21,72,13,37,74,76,23,20,30,77,86,39,89,85,66,71,88,70,24,12,6,81,83,87,51,28,94,69,55,93,75,14,99,80,9,7,18,2,62,34,17,96,61,8,63,1,67,32,78,4,48,22,54,65,10,36,0,79,31,95,43,98,53,49,3,40,33,84,68,11,26,15,42,82,46,47,38,91
34,19,27,64,77,62,44,59,57,46,88,5,14,29,41,25,98,1,60,39,45,90,21,72,13,97,74,31,4,16,9,0,86,73,89,85,66,71,58,92,24,79,6,81,91,53,51,28,94,96,55,93,23,83,99,80,76,54,18,2,67,26,70,12,61,8,63,7,87,37,78,48,33,22,50,65,75,36,35,56,69,95,43,20,32,49,3,40,82,84,68,11,17,15,10,42,52,47,38,30
34,19,69,21,51,62,18,59,71,46,72,43,14,29,41,5,98,1,32,38,45,76,90,56,13,95,74,54,8,42,9,0,86,73,87,85,47,60,58,92,24,79,6,81,91,53,3,12,94,64,97,27,23,83,99,36,44,57,28,2,4,26,70,39,61,89,63,25,11,37,78,48,33,22,30,17,96,65,35,80,31,93,7,20,50,49,77,40,82,84,68,66,67,15,10,55,52,88,75,16
91,19,69,55,51,62,74,60,71,46,72,5,96,4,41,31,98,58,32,81,14,76,90,88,13,33,11,54,8,42,64,87,86,73,6,85,57,0,95,92,24,16,56,43,45,53,3,77,38,80,97,27,23,83,99,36,44,59,28,9,29,26,66,18,61,25,63,70,21,37,78,48,17,22,30,79,52,65,35,94,12,93,7,15,50,49,68,39,82,84,2,34,67,47,10,89,1,20,75,40
44,19,69,55,51,32,20,91,81,46,94,5,0,27,41,31,29,58,96,62,85,76,90,56,13,39,11,23,63,42,89,87,86,10,6,12,57,26,95,92,24,16,33,43,45,53,3,77,38,80,21,66,72,64,60,14,71,59,28,9,49,99,52,18,73,25,17,48,65,98,78,74,61,40,97,79,8,83,35,37,54,93,7,15,50,4,68,30,82,84,2,34,67,47,36,22,1,88,75,70
86,19,38,55,50,32,36,91,81,73,94,5,85,56,41,34,61,16,96,62,64,15,90,46,13,39,44,23,82,59,11,87,0,10,6,12,57,26,20,33,31,54,67,95,74,53,3,76,14,80,21,71,72,77,60,69,40,42,28,2,49,99,52,89,63,43,75,48,25,98,78,17,66,9,97,79,8,83,35,37,18,93,7,92,24,4,68,30,65,84,27,45,58,47,51,22,1,88,29,70
86,19,84,40,50,42,36,75,46,95,94,5,85,96,41,97,61,88,59,32,48,8,90,79,13,39,44,91,80,74,64,87,38,10,6,12,77,34,20,57,31,54,81,24,56,53,33,76,55,3,21,71,72,60,9,69,11,58,28,2,49,26,52,67,63,43,45,17,18,98,78,99,16,82,14,35,66,83,62,37,89,93,7,92,25,4,68,30,65,15,27,73,0,47,51,22,1,23,29,70
38,19,84,92,85,42,36,83,13,12,94,5,44,70,9,97,27,88,59,32,29,21,90,79,81,39,89,91,80,50,23,64,86,3,6,47,48,67,20,57,31,54,1,24,56,53,33,76,10,22,40,71,72,60,41,69,11,58,28,87,49,26,96,45,55,43,2,8,18,78,34,99,61,82,14,35,66,52,62,37,98,93,74,46,25,4,0,30,65,15,95,17,77,16,51,7,73,63,68,75
69,51,84,40,92,42,36,83,13,54,94,5,44,70,9,2,39,88,59,33,58,85,90,48,81,24,89,91,65,50,23,75,86,3,38,45,7,67,29,57,71,95,1,31,56,53,37,76,96,22,15,11,72,60,32,27,8,30,28,87,49,26,64,80,55,43,21,47,97,93,6,99,61,82,14,35,66,34,62,63,98,18,74,46,19,10,0,52,12,20,78,17,77,16,68,41,73,79,25,4
50,51,74,40,92,42,2,35,72,54,94,5,44,70,9,10,39,69,61,82,58,85,90,64,59,24,89,8,83,78,14,75,41,3,38,45,88,11,29,32,12,95,6,31,56,53,37,76,96,22,33,98,52,60,28,80,79,30,34,57,49,26,67,27,23,43,15,99,97,93,87,91,81,7,1,21,66,48,86,63,47,18,55,46,19,84,0,71,13,20,65,17,77,16,68,36,73,62,25,4
50,51,18,96,73,3,58,47,91,54,94,5,26,70,9,10,39,69,79,82,36,85,53,64,59,65,89,90,71,78,14,75,41,8,38,45,88,24,77,32,68,95,0,31,56,28,37,46,76,22,33,98,52,60,86,80,19,30,34,11,13,48,93,27,49,43,15,83,97,84,87,67,81,7,74,21,61,1,4,63,2,57,55,6,40,72,35,12,23,20,44,17,66,16,29,99,42,62,25,92
50,49,18,96,73,74,58,47,91,11,94,5,99,70,57,10,39,69,3,82,67,85,33,54,59,65,89,90,71,64,46,60,44,8,38,26,88,24,84,32,80,95,43,31,34,28,37,41,76,68,13,98,52,7,86,93,22,75,29,79,6,48,53,27,78,63,36,83,97,77,15,23,72,81,62,51,61,1,14,4,2,45,55,87,40,21,35,12,17,20,9,56,66,16,30,19,42,0,25,92
13,45,18,86,96,74,58,47,91,11,94,5,89,70,6,10,60,69,85,99,67,2,33,72,15,24,63,4,71,64,46,37,44,8,38,49,84,22,32,36,80,95,43,31,34,20,98,41,76,68,26,66,52,7,35,93,57,88,81,29,54,48,53,27,78,97,79,83,82,77,55,23,90,3,62,50,61,1,14,42,65,28,75,87,40,21,39,56,17,59,9,12,73,16,30,25,19,0,51,92
80,45,63,75,96,60,6,47,91,19,94,5,89,52,26,10,28,69,74,12,65,2,31,72,15,61,20,4,71,64,46,70,44,8,38,73,78,43,68,36,88,58,67,27,34,35,98,41,76,0,84,66,54,7,99,93,57,16,11,29,81,49,53,24,18,17,48,83,82,77,55,23,90,3,62,50,86,1,14,42,56,33,39,87,40,21,95,32,9,59,97,79,37,13,30,25,85,22,51,92
80,94,35,75,16,60,6,78,19,14,68,5,89,77,26,55,52,91,74,12,37,2,31,72,45,69,20,62,71,47,46,3,40,4,38,73,33,85,28,82,51,58,67,27,34,8,98,66,76,0,84,64,54,7,99,81,57,93,11,59,10,49,53,24,15,17,65,83,96,70,41,42,90,29,36,50,86,1,44,63,30,48,39,87,23,21,61,32,9,18,97,79,56,13,43,25,95,22,88,92
80,59,3,43,16,60,93,78,70,64,68,1,61,77,26,55,39,49,74,12,41,30,31,72,45,19,91,47,71,89,46,66,40,4,38,52,10,85,28,24,51,58,67,27,34,8,98,25,76,0,84,82,54,7,13,14,57,20,62,69,11,9,87,94,15,17,65,83,96,63,2,99,42,29,36,50,53,37,44,56,6,86,33,35,23,21,90,32,79,18,97,48,73,75,81,92,95,22,88,5
11,59,54,80,2,52,93,78,87,64,44,1,89,77,23,55,94,56,34,12,41,92,37,72,45,19,91,47,71,76,98,66,40,97,38,70,10,85,28,24,51,60,67,27,96,8,3,25,90,0,84,82,65,7,13,53,57,20,62,69,15,9,14,39,26,79,75,83,49,63,16,58,99,29,46,50,5,43,73,30,4,86,33,22,6,21,31,32,61,18,17,48,35,36,81,68,95,74,88,42
11,19,54,80,72,52,93,78,63,91,99,73,89,70,98,16,87,56,65,31,35,92,76,83,45,94,75,22,71,64,27,66,40,82,44,36,10,85,28,24,51,60,38,46,96,37,5,25,90,23,84,34,67,29,13,0,57,20,62,69,15,9,14,39,26,79,47,49,55,53,41,58,2,12,32,50,95,43,3,7,4,86,33,97,6,21,42,8,61,18,17,48,77,1,81,68,59,74,88,30
35,0,54,99,72,87,8,2,29,91,23,10,16,70,98,27,18,56,11,31,85,78,76,92,45,94,75,22,71,83,60,66,40,38,44,36,4,6,28,24,51,80,37,46,57,84,5,25,59,63,39,34,67,95,13,74,53,20,77,48,15,9,19,14,26,3,47,49,55,65,41,58,90,12,32,50,62,43,69,93,81,86,33,97,82,21,42,64,61,79,17,89,52,1,7,68,96,73,88,30
35,54,85,25,72,87,11,90,48,56,59,4,16,61,98,27,18,66,89,31,2,78,76,92,42,51,75,22,29,83,57,8,40,97,44,36,52,60,28,24,38,80,37,46,71,84,21,5,99,96,94,34,67,95,13,74,63,20,3,14,15,6,19,77,26,0,47,49,55,65,41,58,70,12,32,50,62,43,69,81,86,17,33,45,82,39,93,64,1,79,9,23,68,30,91,7,53,73,88,10
34,29,66,76,75,63,71,72,15,56,3,4,50,61,98,11,18,26,84,40,2,78,68,10,42,51,33,96,22,83,57,8,32,53,44,36,52,60,28,24,38,80,37,46,65,43,21,5,99,35,94,82,89,19,49,74,13,20,31,88,95,6,27,77,64,0,47,85,55,97,41,58,70,12,87,54,62,16,73,81,86,17,90,45,7,39,93,48,1,79,9,23,14,30,91,69,92,25,67,59
73,78,66,50,86,63,14,72,47,56,85,4,17,61,53,29,18,26,84,23,2,52,64,68,20,51,11,96,22,83,57,8,99,35,44,28,32,60,65,24,38,33,37,46,27,43,21,5,6,34,94,82,89,15,49,74,13,88,31,19,75,95,0,77,40,42,93,7,55,97,81,58,70,69,87,54,62,16,80,1,45,10,98,36,3,76,12,48,41,79,9,39,71,30,91,90,92,25,67,59
73,78,66,5,86,63,47,14,77,56,38,59,17,90,53,29,76,26,84,43,31,52,39,68,20,61,37,18,33,80,40,67,83,35,44,64,15,60,32,24,46,50,87,11,27,74,99,34,6,10,96,82,89,3,49,23,13,21,4,19,75,28,0,8,51,42,93,7,55,97,81,58,70,48,65,54,62,16,88,1,45,69,98,36,95,41,12,22,94,79,9,57,71,30,91,72,92,25,85,2
73,1,66,9,59,63,47,14,6,56,38,45,89,90,64,58,78,82,49,8,31,76,39,65,20,61,37,18,33,80,35,26,98,67,44,57,15,69,32,24,46,50,87,11,53,54,99,34,40,10,83,41,43,3,16,2,88,36,4,19,75,28,0,77,51,42,68,7,55,97,81,23,70,48,86,17,62,52,71,13,93,74,30,60,95,79,12,22,94,29,25,27,21,84,91,72,92,96,85,5
2,1,66,27,67,43,10,14,91,56,46,45,82,37,3,86,78,7,9,8,31,76,39,38,90,64,62,18,33,80,35,41,98,51,44,6,47,69,32,24,13,25,61,11,53,58,99,34,40,89,84,75,29,4,16,54,88,36,73,19,65,28,15,77,50,42,68,57,0,97,81,23,70,48,26,49,5,52,55,87,93,74,30,21,95,79,12,22,94,83,60,71,20,63,17,72,92,96,85,59
2,1,47,27,67,53,10,14,91,56,77,45,82,37,32,86,83,38,90,36,19,93,39,76,97,64,28,18,33,73,34,41,98,22,44,6,63,69,84,24,13,25,61,15,57,30,99,29,40,89,21,78,87,4,35,51,88,7,75,96,74,80,0,23,50,42,68,62,66,12,81,11,54,48,26,49,5,52,55,46,3,43,8,16,95,58,65,70,94,31,60,71,20,79,17,72,92,9,85,59
28,81,47,46,67,76,85,14,91,63,70,18,82,56,84,59,73,38,90,36,19,93,9,96,97,64,24,50,83,39,29,41,62,17,98,6,1,69,71,7,13,25,31,15,57,30,99,37,40,89,21,78,87,27,35,51,88,20,86,45,74,34,0,23,75,42,68,61,66,12,5,95,54,11,26,49,22,52,43,10,3,77,8,16,48,58,65,55,94,53,60,44,2,79,4,72,92,80,33,32
1,81,29,46,67,7,8,14,91,63,26,18,50,92,84,59,0,38,25,35,19,83,9,96,97,64,93,34,76,39,27,20,62,23,16,56,68,69,71,89,44,72,74,15,57,11,99,98,40,41,21,78,87,31,36,51,61,88,86,45,52,17,85,22,75,42,73,60,66,12,5,95,37,28,47,49,24,6,13,10,3,77,90,43,48,58,65,55,94,53,54,30,2,79,4,33,82,80,70,32
1,81,4,17,65,88,66,14,91,92,59,18,76,46,24,12,22,38,15,49,19,28,9,96,97,29,93,34,60,39,50,20,62,80,16,0,68,69,71,89,44,72,11,86,57,74,99,98,40,43,21,78,87,31,36,54,35,23,63,45,37,27,85,7,75,64,73,25,6,42,5,95,84,56,55,26,52,8,13,10,3,77,67,79,48,58,41,82,94,53,47,30,2,51,90,33,83,61,70,32
30,81,56,17,65,55,33,71,47,92,23,18,74,46,24,19,22,38,88,49,29,28,9,4,97,34,15,25,85,39,50,53,62,80,14,0,68,69,12,10,44,72,11,86,57,2,43,5,89,91,59,78,87,1,36,40,16,66,63,96,76,27,21,70,75,98,73,93,6,42,64,95,90,99,79,26,52,8,13,7,3,77,67,31,48,37,41,82,94,45,60,35,58,51,20,84,83,61,54,32
44,81,56,0,79,68,15,71,47,10,38,18,74,46,24,8,32,20,88,49,29,28,9,4,97,92,78,25,85,60,50,53,62,65,14,16,41,89,39,33,84,30,11,86,22,2,43,26,6,91,59,42,87,67,23,17,57,66,63,96,76,45,83,70,75,98,73,35,64,37,72,95,1,19,5,36,52,21,13,7,3,77,69,31,48,12,80,82,94,55,90,93,58,51,34,99,40,61,54,27
44,84,56,36,79,29,15,71,47,10,88,18,61,97,24,58,62,20,83,49,0,28,17,4,21,14,78,98,85,81,50,53,80,87,90,16,41,67,9,52,60,68,11,86,22,2,12,26,6,34,59,38,19,73,42,91,57,66,63,96,76,45,46,33,75,23,30,35,64,37,25,69,1,95,5,89,65,39,13,77,3,43,8,31,7,72,74,82,94,55,70,93,92,51,32,99,40,48,54,27
44,40,80,14,79,29,83,8,47,32,76,85,81,97,2,69,62,20,88,49,70,28,17,4,21,30,78,98,35,84,58,56,87,7,90,22,41,67,9,23,60,68,18,86,15,11,12,63,6,34,59,39,19,0,42,91,57,66,50,51,65,45,46,33,75,36,10,73,64,37,25,77,72,95,5,89,1,54,99,13,3,43,26,31,38,74,16,82,94,55,61,93,92,24,52,71,53,48,96,27
44,40,50,14,68,15,83,8,47,1,76,85,16,12,57,52,62,20,88,49,70,45,17,5,21,30,72,98,35,46,58,99,0,75,90,22,41,67,9,91,23,79,11,2,60,54,69,63,25,34,59,39,19,18,13,77,28,66,3,51,64,56,97,33,84,36,10,73,95,37,38,4,29,7,78,86,80,87,42,94,32,43,26,31,6,74,81,82,65,55,61,93,92,89,24,71,53,48,96,27
44,40,50,14,68,98,83,8,47,1,76,85,95,96,57,46,25,7,77,58,70,18,17,48,21,30,37,52,6,79,10,99,0,49,90,51,72,35,43,91,66,67,59,2,60,54,69,22,62,34,16,89,19,81,13,15,28,31,63,87,20,56,97,33,84,36,27,73,39,80,38,11,29,64,78,23,12,88,42,94,32,5,26,45,3,86,75,82,65,55,61,93,92,4,24,71,53,41,74,9
44,78,50,14,68,87,77,8,60,24,6,85,56,96,57,46,25,7,47,74,67,49,48,53,21,35,62,76,86,27,39,99,0,37,10,51,72,71,43,91,66,13,59,2,17,54,69,90,70,36,1,3,19,81,95,15,28,83,63,79,11,58,97,33,84,94,29,20,22,34,38,16,31,64,40,23,12,88,30,98,32,5,26,45,89,18,75,82,65,55,61,93,92,4,80,52,42,41,73,9
44,84,97,14,39,87,72,8,99,78,6,85,28,96,32,46,25,4,31,74,0,49,48,53,21,55,62,76,40,22,58,43,95,37,10,51,5,71,41,91,83,13,47,80,70,17,19,90,2,36,1,3,54,81,56,15,35,68,63,79,11,45,59,33,38,94,12,20,24,34,27,16,26,64,66,23,57,88,30,98,67,69,89,77,61,18,75,82,65,29,60,93,92,86,7,52,50,42,73,9
55,64,52,14,39,20,35,87,99,78,68,66,28,96,32,46,26,49,95,74,0,54,48,8,25,31,88,76,40,84,98,43,4,37,10,51,5,73,41,91,6,89,77,85,70,17,56,75,58,36,1,3,63,81,19,15,97,44,92,79,11,45,59,33,38,22,12,9,34,47,27,16,62,29,2,90,57,23,30,72,67,69,71,24,61,18,83,82,65,13,60,93,80,86,7,94,50,42,21,53
55,64,52,36,68,92,74,13,99,78,96,66,28,35,32,46,5,19,95,91,98,26,48,8,24,87,88,76,40,84,4,43,58,12,30,51,0,34,79,20,6,89,53,41,57,17,49,14,9,86,1,3,63,81,97,15,31,44,54,83,11,45,59,33,39,22,75,70,73,47,27,16,62,29,61,90,93,23,56,72,67,69,71,80,77,18,82,38,65,10,60,2,50,85,7,94,37,42,21,25
55,36,74,25,66,92,40,38,39,78,95,76,28,35,90,46,5,13,91,23,98,26,48,8,24,87,61,15,51,84,4,96,1,12,41,53,37,49,79,20,68,11,2,81,57,17,30,14,9,7,27,3,63,64,97,52,31,44,54,83,58,45,59,33,80,71,75,70,73,47,43,16,72,29,34,99,93,18,56,0,67,69,89,32,77,19,82,88,6,10,22,62,50,85,60,94,65,42,21,86
32,36,74,97,66,49,40,38,39,78,5,10,62,35,90,43,23,13,91,57,28,14,9,55,24,87,61,15,54,84,4,44,85,60,8,25,37,58,46,20,68,95,2,81,1,17,77,69,11,7,27,3,34,64,76,51,31,75,52,45,0,48,59,94,80,71,63,70,73,47,56,16,72,29,41,12,93,18,53,99,67,79,89,92,96,19,82,88,6,30,22,98,50,83,42,33,65,26,21,86
98,36,68,97,85,49,89,48,43,78,5,42,62,35,90,57,23,11,16,66,19,14,9,55,7,87,61,15,54,40,4,28,73,60,30,41,12,58,46,20,72,84,2,81,39,31,33,69,88,91,27,3,32,64,65,51,95,75,52,45,0,8,34,94,17,71,63,24,59,38,56,1,76,29,93,44,77,18,10,99,67,79,74,92,96,13,82,83,6,25,22,37,50,53,47,80,70,26,21,86
98,43,68,20,74,96,89,6,38,52,5,42,92,82,36,55,23,35,16,66,19,39,9,60,7,87,67,90,54,40,56,28,49,32,30,50,12,58,46,84,72,11,2,97,34,31,33,69,14,73,27,3,8,64,70,51,95,75,15,91,0,86,21,94,17,71,63,13,59,4,99,1,76,29,48,44,77,18,10,45,93,57,61,62,41,25,85,83,81,24,22,37,79,53,47,80,78,26,88,65
31,77,43,73,58,96,89,6,27,52,5,42,92,82,29,55,23,35,7,66,19,97,49,60,20,0,67,90,2,63,56,28,86,32,30,46,12,68,87,80,72,34,40,8,10,36,33,69,14,39,94,3,78,45,85,51,53,75,13,91,84,76,21,95,59,71,64,74,37,4,99,11,70,16,48,44,50,18,17,15,93,57,61,1,41,25,9,83,81,24,22,62,79,38,47,54,98,26,88,65
31,78,68,1,58,94,89,6,27,52,55,47,92,82,42,99,23,19,22,66,13,97,67,21,20,30,43,90,2,63,57,77,53,32,35,75,12,81,86,60,72,34,40,51,44,36,33,3,16,0,39,88,28,45,26,8,96,49,59,91,84,76,62,95,29,71,64,73,37,4,7,11,70,5,48,46,50,18,17,15,93,87,61,80,41,25,9,83,74,24,56,69,79,38,10,54,98,85,14,65
51,5,68,31,1,85,89,6,27,18,24,21,92,55,42,70,97,19,22,66,13,23,67,39,47,30,43,90,2,82,20,25,53,32,35,75,12,71,86,60,17,7,0,8,44,36,72,69,16,98,14,88,99,45,78,62,77,49,79,91,84,76,81,95,29,37,64,73,58,4,96,94,34,15,48,46,50,59,83,65,93,87,61,80,41,57,9,52,74,11,56,40,3,38,10,54,26,33,63,28
71,5,40,31,56,87,89,6,27,49,24,21,92,28,42,7,97,19,22,65,13,18,67,86,66,77,43,61,63,9,98,68,81,51,25,78,12,55,8,60,17,11,0,1,44,36,72,69,16,53,14,88,99,47,2,79,57,26,90,91,84,76,82,95,29,37,30,85,58,4,96,94,39,15,35,46,50,54,83,34,93,20,48,80,41,45,23,52,74,64,73,62,3,38,10,59,70,33,75,32
