0,1,2,3,4,5,6,7,8,9,10,11,12,13,14,15,16,17,18,19,20,21,22,23,24,25,26,27,28,29,30,31,32,33,34,35,36,37,38,39,40,41,42,43,44,45,46,47,48,49,50,51,52,53,54,55,56,57,58,59,60,61,62,63,64,65,66,67,68,69,70,71,72,73,74,75,76,77,78,79,80,81,82,83,84,85,86,87,88,89,90,91,92,93,94,95,96,97,98,99,100,101,102,103,104,105,106,107,108,109,110,111,112,113,114,115,116,117,118,119,120,121,122,123,124,125,126,127,128,129,130,131,132,133,134,135,136,137,138,139,140,141,142,143,144,145,146,147,148,149
108,132,131,24,141,40,39,94,109,103,29,63,21,17,66,90,134,68,135,11,56,96,9,0,47,18,125,120,36,55,49,86,102,79,72,130,31,111,22,115,3,104,114,119,107,100,92,60,14,82,69,44,2,105,127,61,139,10,116,121,89,91,28,8,80,70,145,59,95,149,26,101,19,140,148,99,144,129,35,50,27,6,32,48,33,7,136,71,13,143,126,51,53,137,46,5,57,142,117,76,85,58,34,74,64,52,1,62,25,124,112,30,113,45,93,75,110,20,106,67,81,83,42,37,38,65,77,118,122,43,98,133,88,73,41,23,123,54,78,97,16,146,15,138,12,87,128,84,147,4
129,5,7,75,125,87,53,140,120,52,68,58,74,4,67,94,20,83,36,80,11,103,2,135,117,25,31,115,51,128,33,118,122,133,119,92,59,98,127,56,45,116,106,28,13,30,54,111,42,79,0,24,62,99,26,123,121,6,61,44,17,65,131,47,3,134,12,32,90,112,49,143,15,105,110,60,77,78,10,101,22,43,148,35,41,141,142,85,96,109,138,126,1,48,9,39,104,14,149,57,107,97,93,81,86,114,16,102,100,55,130,145,18,66,70,132,89,19,113,84,144,146,139,23,50,72,76,137,63,64,37,73,136,108,34,40,27,124,147,38,29,95,71,21,46,69,8,88,82,91
38,148,127,2,44,24,79,132,124,47,146,92,30,5,65,96,101,125,143,48,62,139,118,102,149,88,134,142,98,87,26,83,145,53,37,80,89,73,9,23,86,104,136,19,60,135,42,78,90,133,120,15,105,10,41,77,144,66,11,95,91,40,20,3,103,113,31,4,108,59,29,27,45,147,68,107,51,106,97,75,117,61,81,110,72,74,94,43,93,49,70,130,7,46,50,16,54,63,56,111,99,22,67,28,71,14,116,82,84,39,55,33,114,137,109,69,141,100,123,21,0,115,131,128,17,57,64,112,8,76,52,25,129,119,138,13,18,121,1,122,6,12,58,126,85,34,32,140,36,35
60,99,15,59,64,91,34,136,109,4,123,80,74,124,12,3,40,28,41,27,47,105,2,118,126,97,42,98,94,121,23,45,35,93,10,38,1,84,52,104,147,133,130,5,20,13,103,142,83,65,86,114,11,43,113,9,71,129,148,88,101,32,56,58,69,51,119,117,19,120,36,127,132,18,21,128,30,131,7,49,37,73,75,134,26,55,44,6,146,81,63,16,87,14,122,25,145,96,77,79,61,106,138,62,102,72,141,76,53,48,22,144,82,100,90,33,149,110,70,108,111,68,95,85,29,116,135,139,92,115,67,107,31,78,137,66,24,46,57,54,39,125,17,50,143,112,140,89,8,0
51,79,49,6,144,123,29,11,56,59,94,89,12,27,103,10,134,67,60,70,31,38,17,137,108,5,44,138,121,61,112,126,115,97,75,88,64,66,32,20,68,146,18,46,78,2,118,21,73,101,37,149,41,71,147,25,16,116,92,102,145,63,33,76,9,57,111,131,122,136,42,110,15,125,109,95,28,3,139,74,124,100,99,132,24,23,30,113,50,65,82,135,39,47,117,34,128,26,96,58,85,69,1,114,86,129,54,120,83,13,43,104,62,19,55,127,7,80,140,106,40,14,36,81,4,119,142,84,77,143,53,91,93,22,107,8,52,72,133,141,35,130,87,48,98,0,45,105,148,90
56,37,76,42,8,49,17,67,122,93,60,45,103,39,44,20,63,2,62,99,101,111,84,27,28,12,35,112,113,75,72,77,51,68,64,50,78,47,25,74,142,19,57,147,73,6,97,80,121,145,89,3,29,11,119,15,98,131,86,33,100,107,0,41,40,133,139,110,105,9,130,106,31,26,88,102,1,13,43,22,116,34,79,128,118,36,23,123,135,127,21,14,24,16,53,115,134,94,30,125,61,109,10,7,91,32,124,137,138,58,140,69,82,141,85,129,104,149,136,48,66,4,5,144,114,148,71,108,143,70,83,55,117,120,146,65,126,96,81,54,132,18,38,92,59,90,95,87,46,52
95,130,13,70,17,73,36,47,74,30,102,89,143,113,146,142,29,46,147,131,60,56,51,8,71,141,57,4,136,122,26,94,43,115,15,144,126,2,5,9,127,91,16,77,124,119,39,63,85,128,114,45,109,78,68,123,31,106,103,104,108,28,34,135,81,12,82,120,125,96,138,32,41,58,134,0,55,90,22,19,84,38,92,67,11,93,72,14,99,105,27,3,37,101,107,25,42,50,7,49,137,59,118,10,40,79,52,100,98,6,62,149,24,44,116,64,65,83,87,132,53,121,88,61,80,21,54,69,76,133,145,75,23,111,86,110,1,35,129,33,97,20,18,66,112,139,148,140,117,48
43,83,123,108,14,119,24,136,53,79,75,55,95,105,110,38,114,97,149,7,4,125,78,57,51,58,30,35,107,25,27,117,20,49,86,147,91,138,36,64,93,17,76,11,19,112,10,142,5,135,21,42,100,77,46,82,33,66,50,61,48,37,115,52,144,101,22,1,60,73,69,129,59,13,29,137,71,111,143,96,32,90,28,63,81,106,94,3,40,65,9,113,89,26,72,31,99,118,126,116,139,124,128,140,54,127,146,148,16,132,8,0,104,74,18,85,47,15,109,41,44,133,12,6,141,121,87,34,92,67,88,45,103,145,80,122,98,70,2,84,23,62,130,131,102,68,120,56,134,39
95,74,99,123,81,134,146,127,14,115,67,122,129,34,101,16,132,48,27,100,64,89,13,66,19,60,4,10,124,107,82,49,104,22,59,56,113,11,87,119,96,12,37,5,31,38,45,86,149,147,108,46,128,143,62,47,68,137,98,117,63,50,139,140,121,79,116,94,53,75,133,0,97,51,102,7,24,28,91,105,131,145,130,58,15,112,142,111,126,109,71,61,21,33,125,88,72,39,83,106,35,118,40,80,26,52,20,73,55,90,114,135,54,8,141,103,9,136,17,44,84,36,43,30,148,120,138,85,41,70,29,57,23,110,25,144,1,2,78,42,65,3,6,93,69,92,18,77,32,76
147,138,102,77,124,36,46,88,1,24,100,14,137,129,135,73,82,63,38,53,121,57,31,21,40,75,29,97,19,96,139,15,127,84,32,112,43,106,108,85,148,13,78,9,27,134,64,47,79,2,131,0,99,5,39,52,101,16,7,142,67,34,111,149,91,70,92,6,74,35,69,114,18,86,130,140,136,118,123,30,44,143,68,133,80,98,23,51,22,110,119,145,109,117,4,66,93,26,103,132,120,54,125,28,20,17,50,33,37,62,55,144,11,128,61,126,72,60,90,113,95,3,49,141,115,71,105,41,65,107,42,122,116,76,89,12,10,25,94,87,83,8,59,104,45,48,58,56,81,146
19,70,25,136,4,90,38,50,23,96,92,131,116,122,117,108,148,14,83,91,16,87,88,123,47,54,140,58,51,102,98,26,28,79,80,145,132,75,65,120,82,7,56,49,71,8,60,73,35,6,59,63,106,93,69,10,138,15,39,107,53,37,21,99,142,146,141,55,149,147,100,68,3,101,137,143,130,36,66,11,0,85,29,32,135,89,22,52,134,13,62,43,94,110,74,64,18,81,57,40,109,133,12,33,139,118,86,27,20,97,41,17,104,42,31,44,45,144,112,1,119,129,84,72,128,113,124,48,95,61,77,111,127,24,5,34,76,9,126,115,114,103,125,121,105,78,2,46,67,30
134,87,28,21,104,102,81,111,55,54,140,120,47,38,14,146,29,61,128,100,89,32,101,99,60,129,46,7,56,49,138,50,108,105,114,144,39,19,26,142,9,31,48,98,4,86,41,106,40,57,77,35,92,133,53,96,148,103,43,125,88,115,65,63,141,16,123,12,66,52,70,64,17,130,95,1,51,45,145,71,90,23,44,75,62,91,80,118,68,42,82,58,33,20,3,15,8,117,25,24,84,69,119,2,0,131,112,124,116,85,149,121,135,78,74,72,126,107,76,113,147,5,136,34,137,83,143,132,36,109,37,22,67,30,18,127,139,10,27,11,110,79,97,122,73,59,93,6,94,13
77,30,23,67,134,86,39,132,91,108,141,114,12,54,120,56,35,62,105,1,69,22,142,65,48,60,51,95,63,117,112,74,26,58,52,133,123,78,15,119,111,107,29,93,7,115,81,18,36,118,27,37,17,126,109,131,73,149,13,49,98,83,88,45,129,33,128,145,40,113,8,50,143,28,59,100,85,72,57,5,89,44,31,46,75,61,104,64,110,70,16,82,122,21,121,3,101,42,68,99,125,10,43,94,103,41,137,6,106,76,136,138,80,96,146,144,14,2,147,124,140,34,71,97,130,92,135,0,116,148,102,90,4,9,127,20,66,47,32,79,38,25,19,84,53,139,55,87,24,11
106,124,25,24,77,121,47,102,113,128,100,140,107,28,110,96,0,2,51,36,46,69,16,67,85,73,130,29,74,3,123,141,112,120,27,21,125,61,93,53,99,92,42,80,109,84,144,88,132,10,11,48,15,87,138,139,40,98,90,38,78,66,147,101,145,70,18,135,49,137,142,149,133,114,56,126,43,34,146,62,64,76,54,13,19,122,52,111,22,63,89,104,12,127,39,116,83,97,44,30,79,65,75,6,26,136,108,134,23,68,82,37,7,119,94,59,17,71,105,148,131,45,95,4,86,5,9,1,57,41,60,14,115,20,50,72,143,117,103,91,35,32,33,8,58,118,129,31,81,55
13,38,143,144,30,50,76,0,126,33,54,14,35,73,37,85,149,95,39,67,118,108,147,58,132,109,65,104,12,128,111,4,45,98,6,115,123,19,18,47,57,135,105,71,131,107,40,20,51,77,23,41,21,32,94,93,68,26,56,48,29,137,81,1,74,92,129,142,3,96,61,10,141,80,64,11,88,138,82,31,127,148,60,124,86,114,2,106,112,8,79,53,87,7,69,62,145,24,9,134,55,42,72,116,99,120,113,34,101,52,63,91,103,102,139,66,28,119,110,46,133,75,90,59,49,43,17,15,117,16,5,125,89,22,78,146,136,44,25,122,121,36,140,84,27,130,97,70,100,83
101,147,35,127,113,51,75,126,71,85,100,8,105,20,61,133,119,65,122,55,125,90,2,79,14,92,124,21,50,42,78,43,66,138,131,24,99,88,142,37,27,72,140,54,141,44,39,23,19,91,135,28,120,109,110,34,94,148,57,40,56,46,29,26,118,95,74,96,47,98,129,49,107,87,111,68,52,18,31,22,6,33,13,76,11,3,121,48,81,114,104,0,136,36,143,82,16,62,84,149,1,25,77,108,30,59,64,130,41,69,139,12,53,132,115,58,9,32,45,112,93,73,117,103,145,4,89,70,10,86,137,146,123,67,83,102,116,7,134,15,5,17,60,144,63,97,106,38,128,80
127,37,77,80,45,24,13,2,146,108,122,50,106,141,115,136,95,75,94,58,128,133,16,78,61,104,144,131,20,82,28,25,99,73,113,101,64,119,105,107,140,53,121,112,27,66,135,38,103,120,14,63,18,117,7,21,139,0,134,33,129,30,48,10,102,83,41,67,138,15,56,59,145,39,19,55,149,92,81,85,132,147,125,142,23,46,60,8,96,49,111,109,35,1,79,91,57,52,98,100,6,44,54,114,130,126,76,74,90,22,143,89,43,26,12,51,36,5,31,148,88,71,4,32,110,62,65,9,11,42,29,47,40,137,118,72,84,17,124,34,3,87,68,97,93,123,69,70,86,116
138,123,131,10,64,20,33,52,136,19,114,106,30,125,102,21,83,145,11,100,95,111,67,54,3,82,129,42,120,84,37,98,9,124,105,147,32,43,46,91,59,49,17,110,112,104,79,116,26,119,115,122,51,68,0,146,144,81,28,24,62,99,31,94,61,103,140,23,143,12,60,88,16,101,107,22,40,113,72,78,142,149,139,47,39,109,127,34,90,135,44,41,8,70,65,87,130,74,48,132,117,66,53,93,50,97,55,86,2,137,1,14,57,92,73,63,108,36,5,35,6,15,80,118,96,75,121,128,4,18,38,13,141,77,7,133,27,56,85,134,25,76,45,89,58,71,126,29,148,69
125,98,77,42,14,146,58,10,80,6,61,85,45,109,55,12,38,33,20,1,11,3,84,143,64,18,74,121,62,101,79,43,78,145,54,128,124,7,107,148,104,87,23,113,21,111,26,105,71,8,17,0,35,73,118,102,89,39,117,15,72,123,130,91,75,40,16,19,119,34,50,94,126,132,27,47,25,63,108,37,49,24,9,106,134,116,122,127,69,53,93,133,114,46,59,92,66,81,31,103,56,67,36,110,76,142,144,136,90,51,70,28,149,32,65,115,5,141,44,57,60,131,100,95,138,4,2,140,68,99,96,97,48,147,82,22,30,129,83,52,88,86,139,135,120,29,41,112,137,13
140,57,134,75,15,87,8,98,77,109,10,139,36,116,22,108,28,13,95,45,113,133,26,47,126,68,148,79,78,21,138,103,41,46,130,117,94,71,149,73,51,119,30,141,29,49,48,112,121,34,32,88,81,11,9,17,63,129,104,58,96,76,123,147,85,93,4,99,135,115,33,43,127,90,136,20,1,89,50,39,60,118,25,70,143,142,80,82,110,23,44,61,124,38,92,145,56,54,114,128,105,5,19,84,131,0,69,86,6,106,35,146,100,7,12,102,37,122,125,14,120,3,18,62,107,72,132,53,59,65,55,40,66,83,97,101,137,31,64,16,27,74,91,144,2,24,42,67,52,111
112,102,4,30,106,49,145,149,139,93,96,36,113,52,14,126,147,18,53,101,134,16,116,122,50,0,123,97,71,76,65,63,114,8,69,6,129,88,140,12,94,118,23,124,51,59,117,91,34,67,48,138,54,77,86,56,144,64,7,31,80,85,3,143,84,128,9,81,44,119,19,57,120,137,26,79,10,109,37,2,110,28,11,130,82,75,100,66,142,74,68,111,104,61,115,27,127,62,99,40,87,90,46,121,32,105,41,55,24,1,42,39,95,13,15,78,108,133,5,17,148,89,146,107,92,70,33,98,136,135,35,125,47,43,132,25,60,22,20,58,131,72,73,38,141,29,21,45,83,103
17,93,146,100,46,27,97,99,43,28,21,62,96,5,113,67,74,148,142,35,34,82,86,131,108,37,128,132,141,101,58,78,126,15,80,61,124,135,8,110,88,94,143,85,104,18,36,114,13,145,16,50,70,48,106,51,92,9,23,39,134,122,24,45,41,22,26,55,95,125,116,60,87,64,144,75,121,79,11,90,47,139,32,29,136,63,54,72,40,2,56,69,117,71,44,91,120,68,4,149,57,137,119,52,147,33,14,53,66,111,10,20,98,73,38,6,138,89,130,84,12,140,25,118,49,7,42,102,115,3,19,123,112,133,127,83,81,109,0,77,30,59,1,129,31,65,76,103,107,105
111,70,83,146,61,20,33,93,1,55,66,52,148,4,40,75,5,27,73,32,22,44,65,51,24,7,134,60,91,116,131,98,50,29,62,77,87,3,46,118,23,129,2,49,17,85,25,138,120,92,140,28,123,89,122,117,102,16,97,9,35,95,124,105,119,103,144,96,139,108,18,112,72,109,39,79,126,43,76,110,145,64,133,143,86,99,88,101,59,136,38,113,67,48,107,21,10,84,114,42,149,41,135,137,19,57,100,78,69,121,56,12,6,15,81,8,58,47,142,31,63,37,130,45,26,14,74,34,80,90,132,54,82,36,53,71,128,11,125,0,147,30,141,94,127,115,68,106,104,13
53,137,48,32,74,81,88,111,89,41,23,4,35,51,24,61,18,78,69,112,30,135,83,64,54,22,127,56,100,103,123,73,119,71,72,140,95,25,52,91,77,108,130,20,87,70,102,67,63,38,62,90,9,148,104,5,40,0,113,11,19,82,93,109,84,36,143,110,21,96,33,121,131,12,6,94,26,47,133,129,49,134,115,149,145,75,106,79,65,66,14,116,107,85,124,105,139,37,3,98,17,132,31,99,138,1,57,68,92,8,10,28,125,120,43,146,7,50,27,80,118,126,141,144,45,128,42,147,142,76,2,136,15,59,60,117,34,29,16,122,55,39,44,114,13,97,86,58,101,46
148,88,3,59,140,101,50,49,118,65,85,32,106,19,12,139,46,23,130,38,28,126,145,122,125,107,58,22,2,75,120,68,144,11,78,96,31,76,9,84,48,40,8,24,55,69,18,82,5,146,39,10,110,61,51,64,142,94,112,43,97,116,111,16,66,7,103,141,129,36,123,73,27,34,138,117,134,42,147,98,109,67,105,81,128,89,20,6,56,136,92,37,115,62,90,127,57,149,30,21,137,77,45,41,14,114,72,131,33,60,70,80,13,143,121,54,4,47,52,86,102,0,1,87,119,79,83,132,91,71,44,35,29,53,135,17,99,104,15,95,100,133,108,25,93,124,113,26,74,63
40,140,70,7,58,14,141,138,82,86,74,46,3,148,143,132,79,137,32,55,26,63,136,119,61,120,104,36,66,92,106,135,44,8,83,144,25,133,49,77,142,117,139,96,122,84,5,108,129,95,126,113,75,9,57,112,131,110,13,65,114,47,64,23,146,81,128,91,90,88,149,30,45,41,97,72,98,103,123,43,35,2,67,71,73,50,16,62,33,99,69,38,1,89,93,116,85,54,109,39,0,94,17,87,48,125,28,100,20,78,12,21,124,37,53,10,102,42,68,56,52,24,29,60,118,127,76,80,34,130,15,147,105,115,59,51,31,27,22,134,101,121,4,107,19,111,145,18,6,11
17,124,29,79,104,72,97,7,31,133,26,50,59,11,54,147,128,12,3,134,117,57,89,95,14,88,148,43,121,70,100,45,114,123,93,32,102,30,20,41,83,51,68,67,9,21,145,96,22,33,63,55,18,98,71,136,132,85,25,69,101,140,129,39,92,131,19,53,65,38,126,122,86,106,24,66,141,115,81,108,61,135,56,52,58,78,46,73,28,42,27,15,4,94,119,144,80,60,16,84,109,146,116,149,6,130,90,2,40,74,44,8,82,143,127,47,125,110,76,91,113,107,13,137,87,37,118,23,5,48,62,0,34,103,139,1,138,112,75,64,36,99,10,142,35,105,77,111,120,49
4,118,113,106,25,82,45,107,130,93,53,69,109,27,75,88,8,10,78,76,33,35,101,142,137,79,3,7,9,43,51,115,98,47,38,112,52,110,61,131,81,144,133,103,28,108,0,21,12,99,85,138,148,127,13,71,128,147,94,44,136,87,122,49,57,46,119,114,134,58,48,84,36,102,39,50,26,23,140,96,146,22,92,83,5,11,2,54,111,68,16,121,105,63,29,30,70,126,135,145,86,14,74,73,120,15,55,117,24,139,116,97,31,95,17,129,143,32,104,89,62,19,141,72,59,65,132,80,40,123,67,42,60,77,1,66,20,91,37,100,125,34,149,6,64,41,90,124,56,18
57,123,56,36,51,72,85,138,39,95,25,9,31,133,134,49,40,125,131,37,83,23,140,114,0,6,35,137,141,119,96,63,48,41,105,68,21,97,89,53,126,52,75,106,30,101,111,54,34,60,8,103,113,135,145,121,58,100,108,10,124,79,67,20,91,59,7,84,3,120,17,27,76,62,4,16,65,110,78,47,107,98,94,19,93,15,73,130,71,11,148,92,102,136,143,88,61,87,45,43,80,69,117,55,2,86,90,116,22,70,82,12,115,74,14,132,64,118,147,127,128,104,112,33,18,139,26,46,29,149,77,109,50,42,5,146,32,44,24,1,142,122,81,144,28,129,13,38,99,66
71,95,141,9,116,92,145,85,24,53,6,111,61,77,47,57,36,114,76,83,91,106,122,104,69,13,97,64,41,62,63,78,75,39,123,88,115,82,25,139,19,49,1,121,110,12,23,73,58,28,131,22,99,84,56,67,26,148,117,112,130,30,21,143,142,105,100,10,124,35,44,140,51,45,79,128,31,32,147,125,72,46,65,86,38,127,37,70,108,98,93,3,15,42,16,146,74,34,68,7,137,118,103,109,54,113,18,138,96,20,50,48,107,5,119,2,29,40,55,132,120,17,14,4,126,90,52,33,129,11,59,81,0,133,43,101,27,94,87,135,66,60,134,89,149,80,136,144,8,102
94,7,11,142,62,23,102,110,4,76,139,31,87,24,22,89,130,105,144,65,29,80,17,95,64,83,52,101,34,38,67,43,41,21,127,18,119,140,63,51,99,100,9,5,53,138,15,55,44,93,27,112,56,133,121,92,85,73,109,49,91,122,72,137,12,132,45,107,82,116,20,33,126,141,128,26,39,40,28,117,35,79,98,115,113,88,14,74,71,59,68,1,2,148,32,136,104,103,129,10,30,3,90,42,147,60,25,61,19,84,96,37,108,46,131,118,16,8,50,149,114,81,134,135,97,75,125,86,146,57,36,78,106,70,143,6,77,111,48,13,0,145,54,124,120,58,47,123,69,66
50,72,96,126,71,95,105,116,77,145,125,44,13,147,37,0,10,143,142,33,141,22,78,74,82,28,49,88,148,118,107,104,68,58,120,90,127,97,24,21,6,144,132,39,59,3,89,38,85,8,54,42,16,137,15,121,83,46,114,103,124,64,93,66,9,112,86,75,92,43,80,87,27,48,69,113,139,98,20,45,109,41,119,14,102,128,122,29,73,31,134,34,52,106,18,76,79,23,63,99,12,65,61,17,81,26,136,7,115,57,146,30,91,94,117,56,35,11,5,36,25,67,123,1,135,110,84,140,47,133,55,2,111,60,70,138,4,19,62,131,149,129,101,130,53,51,32,40,108,100
49,6,39,83,99,114,92,57,120,146,89,105,61,46,24,64,116,93,94,103,54,25,40,80,78,104,59,95,66,111,36,107,70,48,32,58,14,4,33,79,45,118,71,125,124,56,29,0,22,90,31,11,17,67,19,97,132,77,55,26,138,68,121,73,8,5,108,1,35,63,43,86,133,82,136,75,65,101,44,110,91,135,100,69,141,60,139,122,47,112,30,115,131,7,142,38,84,102,148,13,137,9,128,117,147,130,144,15,96,113,98,143,87,127,106,81,3,88,126,16,18,23,129,76,119,149,20,10,41,52,85,109,21,27,140,50,123,134,34,51,28,37,145,72,62,12,2,42,53,74
124,44,141,144,38,80,72,98,7,58,105,66,103,6,97,10,33,100,68,104,36,49,79,118,123,11,102,127,30,106,108,52,40,63,116,133,16,112,140,37,23,130,19,70,94,47,107,143,139,111,125,25,138,59,61,149,120,1,137,41,89,83,14,46,129,76,126,90,115,53,17,62,96,20,142,54,122,77,92,9,134,60,69,50,15,32,34,119,0,71,8,45,29,42,86,43,55,74,65,75,4,85,21,87,109,131,81,56,31,57,93,148,12,91,110,88,113,28,147,13,128,135,67,101,146,18,48,114,132,27,136,82,51,64,99,26,73,78,2,84,145,39,95,5,22,3,35,117,24,121
147,41,43,143,99,16,27,118,87,37,128,20,126,18,1,8,113,84,49,19,81,6,69,28,80,107,58,100,134,50,36,86,51,3,123,75,59,139,137,31,142,83,135,140,45,98,33,132,48,34,39,146,94,56,0,32,42,12,73,105,65,109,61,117,97,64,91,63,68,92,85,4,40,122,74,115,96,111,66,127,79,11,2,90,120,82,116,7,130,70,55,136,108,17,35,131,54,67,119,121,148,78,62,60,129,112,22,145,104,15,25,77,52,57,114,44,125,95,103,5,24,141,38,26,29,102,106,46,30,93,47,13,76,21,89,9,23,149,144,10,133,110,72,53,138,88,101,71,14,124
48,0,120,149,90,87,70,113,63,103,83,79,55,146,15,89,143,101,50,138,104,107,122,114,66,8,53,118,80,148,102,38,92,54,31,58,140,91,37,95,117,108,9,10,94,76,1,68,116,21,12,100,42,5,45,57,14,81,3,32,29,84,135,28,141,99,73,36,40,111,51,30,110,131,96,44,75,64,121,62,126,88,26,109,35,106,137,112,132,6,7,119,144,47,85,74,13,72,71,93,4,145,98,127,34,82,59,25,11,97,105,56,49,65,78,19,2,60,16,133,77,24,67,128,20,46,134,23,125,136,69,43,22,61,147,129,33,18,17,27,130,124,123,142,115,139,86,39,41,52
70,140,110,117,148,86,75,55,122,64,131,32,89,88,83,90,135,63,103,15,139,21,7,120,26,40,99,84,115,1,16,30,20,118,25,133,124,56,127,116,101,80,95,79,47,96,5,71,74,82,109,49,6,129,113,144,59,130,106,23,36,46,57,66,44,102,24,54,126,72,41,53,125,137,48,0,93,62,81,52,141,65,42,87,138,33,105,34,27,104,17,147,35,60,50,107,92,123,68,8,29,12,77,143,108,94,142,18,146,136,19,100,3,38,134,31,14,67,121,61,37,132,22,2,76,91,58,119,43,98,78,39,97,145,69,112,28,11,45,13,4,128,73,51,10,149,114,111,9,85
117,112,15,104,78,100,44,125,96,66,35,20,114,142,127,32,98,106,51,6,12,146,79,62,133,57,33,129,144,80,4,49,71,87,77,102,47,84,148,50,1,120,53,103,56,45,7,113,147,122,119,74,95,108,88,19,46,21,23,25,69,37,72,145,126,11,94,105,132,59,40,55,0,118,85,63,67,24,18,17,41,137,14,61,68,39,83,92,101,70,29,81,10,91,9,8,89,27,5,116,26,16,90,149,2,42,13,107,38,115,73,76,140,128,43,141,121,143,48,123,75,97,139,82,138,36,124,130,3,54,86,28,109,30,22,93,110,136,58,111,65,34,135,31,60,64,134,52,99,131
52,64,85,35,118,66,57,42,113,124,67,32,120,112,2,51,72,111,75,99,63,8,50,136,33,133,18,39,94,83,0,132,117,76,98,20,43,121,82,79,95,115,55,73,135,147,91,21,45,144,108,140,104,46,145,22,68,127,137,16,47,1,49,87,69,54,53,30,141,25,12,13,143,110,114,81,19,7,37,93,103,10,105,31,149,65,122,9,90,109,119,40,6,126,84,34,129,125,74,100,4,44,29,86,80,62,23,70,59,27,38,61,123,138,5,48,142,116,102,41,3,146,14,78,92,88,96,107,131,97,130,11,26,106,128,28,17,77,134,15,24,56,139,148,89,101,58,71,60,36
25,39,6,52,94,116,131,68,48,58,63,61,77,2,20,136,93,64,18,35,78,65,147,97,29,0,46,33,132,76,44,83,113,88,119,72,60,54,9,104,21,36,130,7,117,50,98,24,149,111,122,107,141,90,82,80,108,89,145,102,38,32,19,115,127,110,129,55,53,45,49,73,124,138,128,17,109,56,143,41,22,100,146,69,66,31,59,85,133,34,57,5,37,121,67,71,91,137,101,70,92,125,148,120,15,4,11,99,43,86,126,135,112,79,140,16,26,114,14,144,28,103,84,12,47,27,74,95,42,81,139,13,3,40,106,8,134,105,96,87,23,30,142,1,10,123,62,75,51,118
29,62,94,18,95,147,53,125,134,143,109,128,51,78,77,8,20,103,36,67,39,145,99,75,122,90,73,16,58,59,104,21,66,7,44,80,35,63,27,146,82,92,0,149,1,133,69,72,121,124,129,91,13,52,87,57,37,140,136,86,93,115,14,43,139,26,137,88,24,127,110,40,61,48,74,130,102,131,79,49,101,120,5,126,105,41,123,3,42,17,98,71,84,132,64,106,89,113,25,100,10,19,32,85,11,65,119,31,141,33,117,97,2,138,22,23,108,60,34,70,135,144,114,111,54,142,28,38,112,83,148,12,15,76,55,30,56,45,107,4,50,81,68,46,6,116,9,47,118,96
123,110,49,10,59,101,26,132,14,12,3,146,1,94,61,130,118,27,140,96,84,142,149,92,119,127,62,122,120,68,106,15,35,74,34,81,114,28,93,32,51,88,105,8,129,38,128,145,4,90,40,56,0,19,103,7,33,82,72,144,23,148,50,17,21,16,5,37,63,115,18,46,91,121,45,78,104,134,131,138,97,107,136,30,109,66,85,139,29,39,73,137,24,22,6,77,44,71,108,60,87,102,98,76,70,41,58,125,117,42,9,99,112,11,25,75,100,31,48,57,116,111,20,133,135,67,83,89,65,124,113,47,64,147,95,141,143,79,69,52,36,54,13,86,43,2,55,53,80,126
6,36,76,116,110,74,57,44,119,0,121,63,71,144,46,131,101,80,10,47,21,38,55,127,115,149,48,75,118,54,18,53,117,142,107,25,30,9,28,89,33,111,82,132,99,14,109,3,61,145,95,125,59,51,143,64,45,29,20,16,62,140,35,65,136,49,68,113,124,79,7,120,108,31,104,41,69,40,122,24,66,12,78,123,84,100,5,27,70,137,93,147,42,11,146,13,148,133,87,105,114,97,86,112,135,103,141,94,81,85,134,126,67,19,56,50,129,139,77,23,92,4,83,52,15,34,98,102,43,73,17,72,138,91,128,106,22,1,37,26,32,60,2,96,130,90,8,58,88,39
87,125,63,65,99,60,81,135,108,51,8,144,137,133,104,16,102,76,68,36,109,0,85,136,5,131,120,52,3,119,123,92,28,31,20,50,88,35,127,54,48,24,62,84,105,53,80,47,40,116,56,145,77,25,15,17,129,45,101,61,34,143,132,6,146,106,39,128,113,7,73,112,117,55,79,44,83,66,9,58,59,130,86,82,98,103,11,26,134,90,13,75,2,95,94,118,29,19,93,141,46,22,42,27,64,110,124,43,147,148,71,78,89,57,126,139,21,91,107,149,49,142,121,74,23,140,114,100,12,122,115,30,1,38,18,41,111,72,67,37,69,33,32,97,96,10,14,70,138,4
74,130,70,84,21,85,11,65,148,95,147,66,14,105,18,131,73,72,114,54,111,36,103,138,76,42,2,23,71,80,59,107,7,99,108,113,12,33,39,57,90,6,79,145,135,78,8,46,106,45,37,77,17,146,82,117,9,50,91,68,142,26,0,30,48,127,110,47,101,19,20,116,15,89,32,149,64,81,35,140,112,97,56,119,67,109,136,100,22,98,133,124,125,27,31,129,60,120,122,28,94,139,121,123,62,40,49,3,53,126,52,93,38,118,4,86,69,134,55,88,96,5,104,16,41,34,132,25,51,10,137,87,102,115,43,144,1,61,92,58,75,13,44,63,29,24,143,128,83,141
126,67,3,53,42,56,120,34,73,12,65,135,20,123,32,74,63,14,36,80,86,100,30,25,31,119,13,27,15,144,0,45,96,101,116,141,2,78,52,9,95,33,7,131,62,19,49,24,26,66,113,41,28,92,125,115,5,82,98,72,90,83,64,118,57,51,136,1,21,133,38,109,79,124,103,55,107,60,76,110,71,77,94,48,54,11,70,132,6,139,111,23,8,43,68,121,75,58,148,102,85,47,97,129,91,10,134,61,4,117,142,106,37,40,112,145,137,39,88,69,46,147,81,122,59,44,99,35,146,18,87,17,89,93,143,140,149,108,130,22,127,16,138,50,128,114,105,84,29,104
9,147,129,20,60,102,130,81,49,50,107,47,141,48,23,128,118,94,4,53,98,24,113,120,116,36,39,72,56,68,125,0,70,31,122,124,89,75,62,67,15,82,3,21,2,74,51,105,144,71,42,55,101,8,104,77,28,110,109,114,123,139,127,93,112,14,29,38,80,37,99,83,145,12,78,97,95,59,90,132,134,87,65,126,16,22,142,135,117,43,64,32,69,19,6,33,26,106,45,115,111,54,52,86,131,63,100,30,138,34,25,10,91,96,44,27,41,85,108,18,58,143,57,140,17,40,92,7,1,13,76,5,133,35,146,88,84,79,121,136,137,149,148,66,103,61,119,11,73,46
132,26,112,38,107,28,76,49,70,95,32,29,143,109,78,30,98,33,50,100,45,8,147,116,40,39,65,86,134,46,67,142,41,81,64,111,44,13,102,92,139,69,1,60,61,144,6,62,108,117,136,96,18,16,5,19,106,118,145,94,80,75,79,149,91,110,57,7,121,24,43,10,77,36,9,52,17,89,74,15,124,21,53,20,97,120,137,133,59,103,3,128,123,82,105,4,68,140,58,71,122,35,114,130,90,72,131,141,11,87,31,88,93,146,25,34,23,127,63,125,129,104,126,73,27,115,66,48,42,14,138,12,119,37,22,55,0,85,47,113,83,99,51,54,148,101,135,84,56,2
40,131,122,110,94,54,75,130,147,108,112,121,41,86,82,45,55,85,62,59,51,104,7,48,49,109,116,67,43,64,47,28,21,22,30,138,124,50,113,17,25,105,106,24,142,52,90,78,66,136,27,87,145,71,135,3,58,9,149,88,132,15,44,6,89,144,11,96,119,4,16,111,12,137,10,77,5,81,65,128,129,83,0,102,29,33,32,123,98,13,26,80,143,1,35,20,100,146,57,95,69,148,103,115,133,61,139,84,56,68,141,101,34,18,140,127,92,97,120,99,114,19,76,39,118,107,8,134,46,126,36,117,42,70,91,60,73,31,37,72,53,23,2,125,74,79,14,63,38,93
137,12,135,63,82,94,54,111,5,59,119,95,115,65,92,114,77,45,105,6,146,123,8,76,48,23,130,122,89,83,1,47,33,16,104,26,117,79,106,57,131,67,143,20,99,110,35,36,56,75,41,136,68,97,18,42,13,129,29,73,78,50,28,128,21,142,80,11,3,72,9,40,38,127,22,112,116,108,138,85,118,87,140,98,74,120,107,84,90,31,134,139,64,17,37,71,145,144,149,86,46,32,133,113,25,55,52,43,15,124,14,96,81,66,126,7,101,141,102,51,109,30,121,0,60,2,27,53,58,19,69,93,62,49,44,100,125,132,148,10,24,91,70,4,61,147,39,34,88,103
130,59,149,33,69,75,124,123,43,109,29,110,36,102,2,72,48,105,19,94,107,90,22,71,139,53,100,79,70,106,138,88,99,131,67,58,62,25,51,144,28,128,145,11,146,10,82,126,16,24,21,77,41,40,31,15,118,1,120,91,13,14,86,8,97,65,137,42,103,52,113,23,143,134,68,61,60,92,55,7,80,104,27,54,37,5,112,30,50,66,47,35,121,132,135,119,148,18,95,64,111,4,73,39,44,46,96,108,57,6,85,87,89,142,49,125,140,3,45,147,114,63,26,17,74,38,127,0,133,129,101,12,116,117,56,20,141,84,32,81,83,136,9,34,93,76,98,78,122,115
9,30,107,90,29,109,134,67,121,46,102,0,49,116,119,123,103,140,71,73,55,68,83,115,14,20,18,111,43,44,21,142,100,105,80,110,120,81,3,86,42,23,125,25,8,35,113,41,36,146,24,131,50,118,19,13,136,62,101,95,22,39,56,47,52,5,127,17,99,11,76,45,93,61,37,137,63,53,85,32,147,135,88,97,143,141,144,72,34,114,132,77,78,4,122,133,112,59,74,1,69,98,12,149,130,54,57,126,38,148,10,64,26,79,7,145,27,138,117,66,108,128,82,75,40,96,139,87,91,84,31,58,51,2,65,70,104,6,48,129,33,124,28,16,89,92,94,15,60,106
119,54,112,78,145,82,106,70,149,51,30,67,99,5,4,117,22,83,14,95,96,11,81,27,68,90,64,101,18,74,80,63,147,48,87,3,20,8,91,45,136,43,97,21,6,132,118,42,84,105,34,85,56,93,146,0,37,139,115,61,116,114,65,19,76,71,128,107,13,44,75,142,59,131,137,15,77,109,123,2,102,9,86,79,126,104,73,26,72,55,60,7,144,125,120,58,28,39,113,138,124,57,135,110,50,24,66,130,92,29,94,140,12,40,141,41,62,25,134,49,89,36,23,1,88,16,111,38,32,103,47,148,100,129,69,133,31,108,10,98,121,52,17,122,143,46,127,53,35,33
140,134,47,4,42,70,107,58,14,57,27,91,135,85,32,24,5,15,94,111,104,108,83,145,101,129,126,78,23,1,72,54,21,38,31,30,60,26,35,0,18,45,76,149,43,81,48,11,106,127,122,82,86,132,20,7,61,142,120,80,53,146,34,96,46,128,147,52,10,99,124,67,123,16,125,39,116,136,44,66,55,102,110,119,25,144,90,93,36,59,50,56,19,89,141,115,103,130,121,69,88,9,131,143,112,2,71,8,79,68,74,49,13,113,33,40,117,75,95,22,92,63,29,41,77,97,62,139,100,6,137,118,51,73,133,12,98,109,64,87,105,17,37,3,148,138,28,114,84,65
22,65,42,11,0,142,78,99,117,138,51,145,15,101,44,5,82,149,66,19,21,120,91,8,67,73,34,64,50,113,108,85,75,14,20,1,131,13,39,33,105,144,55,26,104,25,58,135,3,61,45,31,72,12,143,137,89,9,81,41,133,127,56,80,94,96,69,148,129,48,111,119,35,116,77,139,110,37,2,123,84,28,10,93,17,147,128,36,62,71,63,6,121,134,97,47,76,18,68,46,124,32,7,146,92,60,109,16,122,54,38,100,90,103,87,83,118,53,115,98,88,30,132,114,102,29,130,23,79,125,74,4,70,136,40,24,95,107,59,49,106,27,112,57,126,86,43,52,140,141
122,2,78,96,108,55,28,16,107,35,23,62,128,136,117,127,5,58,138,33,1,25,124,11,51,103,49,100,105,60,56,145,19,149,54,94,104,147,84,36,121,134,65,9,140,88,41,81,91,31,102,39,59,89,46,44,129,57,98,4,137,135,0,111,125,114,37,43,85,3,20,24,120,115,67,74,52,90,118,40,6,61,132,83,47,13,109,27,116,101,29,42,10,26,53,12,80,68,142,34,8,119,130,112,123,79,93,7,72,38,95,32,131,106,86,113,144,141,48,75,30,17,97,50,92,66,99,22,71,64,45,18,87,77,133,15,148,139,126,143,63,110,82,73,146,21,76,69,14,70
25,129,145,127,115,18,142,76,9,41,140,31,109,139,70,72,123,86,5,49,117,48,30,83,22,69,81,119,110,107,105,121,59,3,40,111,128,96,17,138,134,143,93,64,29,92,108,61,113,91,74,122,37,54,20,99,38,21,75,78,45,84,52,14,53,87,46,100,94,23,149,104,103,126,73,137,82,60,65,66,10,112,27,63,0,80,116,90,4,43,132,2,85,147,124,57,101,125,33,88,71,146,106,28,130,55,95,8,1,47,51,58,148,35,16,135,13,15,11,39,26,97,131,79,6,32,68,118,12,98,56,114,102,7,19,42,24,50,141,136,89,62,77,67,34,36,120,44,144,133
32,75,77,2,133,134,13,111,122,71,27,119,81,59,47,39,3,41,36,142,4,38,19,70,141,99,78,123,131,37,83,42,93,29,49,55,107,94,23,113,6,12,22,67,137,72,143,145,45,1,109,73,98,80,79,135,100,121,110,10,35,105,91,124,114,68,112,136,126,28,51,116,92,16,148,89,85,66,62,0,34,104,54,31,56,18,11,48,74,117,139,57,132,21,138,44,58,129,97,96,61,69,140,52,127,103,149,147,9,8,30,20,76,125,84,33,60,87,115,5,90,15,65,88,63,7,17,128,53,118,24,50,86,46,82,106,25,130,14,64,43,146,108,95,102,40,26,120,101,144
63,54,116,81,147,143,98,50,85,39,13,6,121,12,99,68,34,46,115,80,79,44,118,122,110,28,23,108,26,62,49,60,24,51,112,65,142,97,106,58,137,48,42,123,37,78,141,53,59,92,149,1,70,82,84,109,11,52,19,94,25,32,2,129,135,20,86,33,8,89,140,125,105,31,100,102,127,3,76,132,120,38,133,35,131,41,16,74,15,144,95,128,136,9,14,119,47,138,5,43,75,124,18,56,148,30,66,96,145,40,64,17,67,73,134,117,139,55,130,91,87,7,45,113,90,126,10,104,88,111,69,0,27,61,22,29,101,83,21,36,103,72,107,77,93,71,114,57,4,146
76,15,37,80,143,17,42,34,105,51,92,58,33,55,26,87,60,64,148,81,93,28,46,45,23,147,61,72,14,29,106,13,109,104,77,36,79,146,111,116,12,110,122,107,118,68,115,131,22,31,90,121,10,83,127,114,85,117,63,126,66,57,49,1,75,62,119,19,112,48,21,149,125,16,140,59,96,52,3,100,9,144,67,108,98,40,39,145,89,65,134,135,129,78,94,120,82,47,88,69,27,136,141,41,35,99,97,54,32,124,139,74,91,5,130,103,30,53,4,43,25,0,84,138,102,50,113,44,71,24,86,2,7,73,56,6,70,38,101,20,133,128,137,132,18,95,11,123,142,8
94,127,50,114,78,47,92,95,131,72,7,56,48,113,129,148,1,104,67,101,46,145,87,68,81,30,25,29,128,147,63,88,39,102,0,3,60,52,91,36,89,124,38,109,116,100,40,42,18,140,84,142,8,137,134,76,28,93,75,59,5,107,27,85,119,125,118,82,54,143,37,74,96,77,31,79,43,98,19,44,69,71,86,130,53,15,6,146,139,51,55,90,105,108,24,110,65,73,12,126,2,17,133,62,4,115,49,138,11,144,136,132,16,58,112,14,32,120,33,111,141,45,35,80,21,66,34,123,13,106,26,122,64,20,103,10,149,70,135,117,121,61,41,99,97,9,22,57,23,83
146,14,141,24,125,40,140,12,75,142,135,80,145,3,123,102,39,77,69,96,82,68,92,61,58,10,124,59,127,35,110,118,53,81,57,65,34,29,18,1,99,62,36,25,19,106,55,16,37,121,148,46,44,143,91,72,4,107,134,117,113,79,64,76,49,126,7,8,108,100,130,27,30,122,132,89,133,144,109,94,90,116,88,78,28,11,54,0,23,149,84,138,66,115,20,26,22,38,21,9,45,114,119,51,136,47,41,105,31,87,63,101,5,86,129,52,6,139,43,104,97,120,13,131,85,73,147,42,93,56,2,71,111,103,128,17,98,48,33,112,74,95,137,60,15,83,70,67,32,50
41,112,17,101,59,132,147,142,143,138,65,136,5,137,32,26,8,43,92,70,15,109,40,83,88,61,22,38,36,106,10,28,44,1,120,108,91,30,90,73,96,63,23,122,123,134,47,87,84,66,55,114,46,60,107,95,62,104,118,56,128,74,102,144,121,97,149,116,126,111,57,103,27,6,45,25,80,37,24,140,49,71,130,148,39,7,77,86,51,69,85,125,105,94,127,13,50,67,135,35,139,54,29,115,52,133,42,31,141,98,48,110,53,79,20,72,75,100,4,145,113,131,82,81,0,19,89,117,58,3,68,146,78,33,9,99,11,2,21,16,119,93,129,18,76,12,14,34,124,64
19,92,4,63,109,103,100,86,99,94,70,87,97,115,116,77,73,46,40,55,32,110,75,112,147,58,51,49,133,126,17,12,96,34,14,119,25,138,132,137,79,21,145,3,66,85,7,61,131,57,134,120,121,107,16,80,27,36,6,64,89,10,105,124,114,20,125,8,29,90,15,69,72,101,123,71,149,142,78,0,67,76,30,1,81,130,24,83,39,127,106,42,5,45,13,54,28,53,35,141,93,26,62,118,65,31,144,98,146,82,128,9,44,113,88,2,47,148,143,38,139,43,48,122,111,33,41,68,50,23,108,84,59,37,129,11,135,117,56,52,22,102,74,60,136,91,18,95,140,104
139,125,95,33,7,41,46,75,2,135,149,14,44,80,98,6,40,68,35,45,13,67,34,83,70,78,87,93,51,148,47,129,128,61,28,131,122,81,38,145,76,9,72,102,53,89,21,18,104,119,147,77,127,121,55,71,3,31,73,5,137,23,64,32,85,30,60,57,4,49,43,25,118,115,52,82,117,74,136,101,94,100,99,105,144,15,11,110,36,0,84,88,37,138,58,50,8,108,17,69,39,54,114,92,140,29,141,65,62,26,130,132,113,42,59,111,66,96,103,63,10,79,126,19,143,86,124,123,146,27,16,107,97,112,56,24,22,12,134,20,90,142,120,109,133,48,1,91,116,106
87,112,36,122,91,108,103,139,12,43,121,92,148,124,51,80,20,100,70,128,62,28,55,73,123,10,145,4,125,84,109,35,136,24,86,129,77,85,118,105,3,104,79,141,50,69,82,1,23,54,143,117,41,8,96,22,89,149,14,131,7,146,30,97,67,113,31,126,76,81,37,15,115,147,27,32,142,18,68,132,106,133,45,71,137,46,107,42,13,17,127,59,119,11,29,144,9,44,49,120,88,60,56,63,52,72,102,90,110,39,0,57,140,99,65,64,34,16,5,130,33,66,93,61,135,2,21,101,95,138,48,53,134,38,40,47,74,94,98,6,25,83,19,26,114,78,75,111,58,116
41,130,145,125,82,149,119,87,79,97,148,121,31,77,47,16,10,69,63,18,122,62,42,123,140,3,15,104,34,146,78,100,65,103,106,5,38,32,113,112,95,61,36,143,137,1,22,33,4,12,132,131,52,53,13,51,101,66,141,109,60,73,108,56,26,115,88,24,126,91,67,17,129,117,144,80,44,29,20,98,59,55,37,128,127,118,84,68,110,111,81,23,71,46,70,11,19,138,74,136,92,50,9,35,139,48,39,14,89,7,133,102,0,86,93,116,134,49,105,27,57,72,107,147,83,40,96,30,90,99,21,114,2,120,124,25,6,54,8,85,76,45,75,43,94,64,28,58,142,135
16,76,85,18,106,146,136,17,111,63,34,22,21,54,93,135,86,137,104,81,128,113,82,96,109,55,103,41,145,12,0,43,47,36,91,102,83,14,122,8,120,129,90,119,69,114,73,148,37,19,124,99,127,52,97,117,98,49,87,143,9,108,31,92,88,144,62,45,4,56,105,15,6,66,130,26,35,74,64,38,84,71,29,65,118,110,51,30,13,121,123,11,5,107,7,101,46,67,149,48,134,33,32,44,116,141,60,20,94,80,39,59,131,25,2,100,75,112,126,140,1,78,89,57,61,27,95,3,24,147,68,138,42,115,53,72,132,70,79,58,50,40,139,23,77,10,125,133,28,142
78,2,16,69,9,80,119,59,88,1,12,146,38,107,40,130,50,18,122,70,104,124,114,8,33,97,102,125,0,127,87,6,26,74,116,101,140,64,21,32,36,110,44,27,106,53,58,51,66,4,13,68,117,100,30,142,63,99,92,42,57,139,128,83,31,20,148,37,98,115,129,94,134,72,105,121,126,143,84,132,131,48,133,73,17,144,137,14,147,138,71,118,85,34,54,46,41,86,19,103,76,79,65,52,39,113,111,5,136,62,96,15,61,49,81,29,11,3,123,28,108,25,93,10,90,95,145,135,22,24,141,35,67,56,47,77,7,60,89,120,91,23,55,45,149,82,109,75,43,112
66,87,97,72,132,21,77,57,53,42,85,91,18,26,0,68,112,120,79,123,138,29,131,96,27,118,94,14,40,62,12,76,10,43,48,56,49,60,7,129,22,105,115,92,103,71,108,80,20,113,25,114,147,59,16,83,141,17,119,1,31,121,5,15,81,65,61,142,58,99,52,19,63,116,109,30,28,125,106,32,3,44,24,9,23,47,34,101,126,133,75,130,117,135,11,67,74,73,140,148,2,82,33,90,41,88,86,95,144,137,127,134,89,6,124,104,70,145,107,146,46,93,143,64,149,51,100,128,139,69,38,98,136,45,102,35,84,8,37,111,122,54,36,50,13,78,39,55,4,110
49,69,93,148,17,35,24,112,122,60,121,132,78,3,77,111,113,11,76,127,61,138,100,31,41,108,67,16,135,105,44,43,92,14,56,130,86,59,45,66,68,119,142,85,13,57,62,90,136,104,102,36,110,32,28,114,64,124,47,48,99,133,120,12,137,50,134,75,143,79,73,139,42,147,20,21,74,115,91,149,101,8,10,40,107,39,82,4,145,146,140,84,88,7,54,128,87,80,5,15,6,126,63,70,95,2,26,53,18,109,30,129,118,144,23,98,0,37,58,33,27,46,96,9,65,22,71,97,72,55,83,51,94,106,34,117,103,38,131,81,116,29,19,141,123,25,52,89,125,1
41,70,94,46,69,13,146,22,141,52,99,103,96,48,83,130,90,35,59,36,115,25,73,39,14,57,81,82,125,6,104,40,2,4,37,12,63,74,126,121,116,5,71,137,61,122,113,56,85,136,42,135,68,105,111,16,144,79,142,107,17,15,84,32,60,108,72,123,53,28,100,91,47,118,43,97,138,27,64,143,148,45,1,106,92,95,24,147,54,51,102,87,139,76,20,23,8,109,129,110,0,66,98,128,131,67,50,18,55,124,33,30,117,127,9,86,19,134,149,34,26,58,89,11,29,75,31,77,101,21,120,140,88,80,7,62,114,49,65,119,3,78,112,132,10,133,38,44,145,93
88,0,125,97,134,75,120,117,92,79,127,37,105,49,57,67,83,48,27,132,128,43,100,96,19,45,38,102,90,22,16,101,139,59,81,28,114,103,115,46,110,104,11,18,141,118,86,35,121,8,69,107,89,123,6,85,133,13,112,140,34,129,77,74,51,9,130,47,41,3,25,144,1,64,135,20,95,91,131,72,124,98,14,113,31,56,111,94,21,93,44,17,66,26,54,143,116,136,7,63,39,40,82,73,33,122,142,23,149,60,80,137,138,146,68,30,36,12,32,78,29,50,76,52,145,99,126,70,84,147,119,58,2,148,65,106,24,5,87,62,15,53,42,71,4,109,108,10,61,55
71,20,72,25,128,111,43,94,82,58,83,54,115,11,46,86,106,100,21,17,112,48,52,139,37,10,23,38,130,144,87,120,44,85,66,147,92,18,129,124,140,114,75,108,42,56,6,118,59,125,95,55,33,51,65,134,99,27,64,62,136,77,117,8,47,68,126,63,78,98,102,19,141,132,109,146,81,137,135,93,34,22,26,123,50,138,89,15,41,88,97,145,5,0,80,67,2,12,39,31,45,1,119,14,3,113,110,73,131,79,28,40,69,57,84,143,53,36,4,7,61,29,13,142,70,133,127,16,90,9,107,76,32,116,24,49,74,60,149,121,148,101,35,91,30,105,96,103,104,122
132,51,88,19,82,145,116,114,60,33,29,65,90,4,64,93,5,2,115,110,37,117,34,99,75,123,26,121,86,101,23,142,27,55,3,24,70,113,97,63,92,95,68,102,81,50,131,42,8,83,120,54,36,84,17,148,71,16,9,127,67,106,96,44,66,20,53,126,149,7,62,13,138,40,108,14,38,31,112,141,41,6,122,109,119,80,46,22,30,129,140,25,1,128,73,139,61,72,45,52,143,134,94,18,48,136,118,111,91,77,144,100,39,147,76,124,89,49,57,104,98,43,85,125,87,137,32,11,146,10,56,79,15,105,21,0,107,58,103,69,12,74,130,135,59,28,47,78,35,133
28,138,116,36,103,63,43,79,62,118,22,84,20,139,14,18,107,126,89,72,12,30,46,112,56,142,29,25,147,34,109,80,133,60,111,131,81,140,88,101,106,50,61,78,121,82,77,149,42,105,148,23,91,39,45,123,33,143,21,90,38,6,102,71,100,37,1,132,67,119,5,52,47,48,130,35,113,145,97,73,68,87,120,117,114,51,16,124,134,44,3,137,96,19,11,86,24,92,136,31,95,2,26,4,141,49,57,32,93,115,66,54,8,13,53,146,27,69,104,75,55,127,17,10,7,70,58,122,41,125,98,59,9,40,0,76,110,85,144,99,108,83,64,94,15,128,65,135,129,74
113,134,57,28,107,124,2,70,31,46,135,38,130,109,97,100,81,92,44,73,126,37,139,120,3,122,71,108,129,25,74,55,147,42,14,106,51,27,43,5,9,101,13,127,149,145,56,32,50,138,22,39,48,78,99,17,54,33,105,102,84,125,128,148,35,66,52,121,85,24,68,131,72,45,119,53,4,41,65,118,98,103,34,132,87,91,0,6,30,8,141,49,143,63,140,11,69,67,82,20,12,64,80,137,117,23,59,29,116,123,94,115,88,146,1,40,104,58,110,90,112,89,79,77,86,83,133,10,7,142,75,76,18,96,15,21,62,47,26,111,93,114,144,36,60,61,16,95,19,136
81,113,2,74,71,141,96,4,50,133,37,29,66,67,138,6,83,55,86,85,25,60,125,88,82,137,106,22,145,54,118,58,52,73,42,121,143,146,26,89,15,69,132,111,103,12,147,68,28,105,9,124,41,91,19,80,109,63,23,134,14,35,102,33,77,48,0,51,30,76,8,101,46,24,31,78,122,75,117,123,45,11,127,40,34,18,39,38,79,140,114,53,129,108,21,7,17,16,126,112,139,148,130,43,27,104,65,61,100,110,36,136,116,1,135,142,128,70,107,49,93,47,64,3,144,72,10,32,98,59,62,97,84,95,44,149,99,90,56,13,92,115,94,120,87,20,131,5,119,57
5,76,80,68,103,4,75,38,114,92,94,57,31,96,30,55,131,56,78,123,34,53,108,40,29,62,42,71,77,98,122,18,73,129,148,2,147,95,13,85,12,32,111,79,86,10,145,9,20,99,84,146,120,113,0,137,89,41,16,130,22,46,33,66,70,8,115,100,127,118,17,119,60,51,49,110,88,44,37,140,19,142,134,116,63,121,125,143,117,25,102,83,139,107,48,1,105,67,15,106,6,7,36,126,82,144,23,11,141,27,28,52,58,135,35,61,81,3,21,72,90,64,39,47,69,74,136,14,104,101,87,65,109,45,124,138,93,91,43,59,24,97,50,54,128,26,112,133,149,132
112,94,52,9,42,145,81,115,29,79,88,80,11,132,12,38,100,74,95,126,24,134,39,56,91,33,144,17,59,48,32,45,102,71,5,108,16,120,147,49,44,111,104,106,40,23,87,128,99,131,53,125,135,92,1,27,84,64,121,7,148,58,138,14,124,78,26,8,123,130,76,137,18,97,118,86,67,146,22,149,127,133,47,129,70,101,68,109,57,93,142,89,90,105,143,83,119,55,36,96,50,54,66,63,51,141,139,34,62,114,77,19,6,25,46,10,30,65,4,103,122,20,72,2,21,107,116,110,113,15,60,117,41,140,69,13,31,85,82,73,98,0,28,43,35,37,136,3,61,75
13,32,40,65,45,0,88,39,51,10,86,143,66,75,98,34,9,121,30,56,63,3,78,24,43,135,7,130,69,124,68,12,37,133,57,102,138,48,96,58,147,4,67,19,131,101,85,100,47,137,29,55,25,129,148,108,97,15,21,36,136,113,18,109,50,14,59,17,42,126,114,103,35,49,77,31,120,115,92,134,123,53,89,82,91,8,41,74,95,22,145,28,2,144,20,70,73,52,76,107,83,106,110,99,6,26,84,33,122,139,44,125,5,61,141,27,111,118,94,54,16,79,127,64,87,93,80,38,132,23,1,104,140,119,46,117,81,105,90,149,62,128,146,112,116,71,72,142,60,11
0,5,61,47,129,54,81,120,111,91,7,28,69,60,125,142,19,77,45,55,70,49,26,18,96,143,67,118,24,109,42,41,88,64,146,74,6,57,138,112,31,128,83,147,10,62,46,98,51,75,40,102,145,20,50,13,63,23,82,65,9,36,87,131,121,119,37,123,89,2,80,66,117,53,71,92,99,100,73,59,29,21,76,133,16,15,4,86,44,35,11,107,90,134,32,94,104,103,149,84,108,124,27,68,52,39,106,126,105,140,56,115,34,30,144,72,14,43,113,33,25,97,78,122,93,101,58,127,8,110,85,132,148,38,136,17,95,48,79,130,116,12,22,1,3,135,139,137,114,141
3,23,78,12,50,83,24,47,14,130,110,127,70,61,6,107,121,40,46,125,128,2,74,108,90,139,56,45,35,11,31,106,59,145,81,111,103,58,54,94,146,102,7,87,75,57,136,20,129,114,113,44,43,41,8,84,117,141,48,19,27,88,142,77,64,62,22,32,105,86,85,144,91,42,0,98,72,21,82,26,132,99,104,140,95,13,55,112,124,143,97,15,93,119,120,49,100,18,17,37,4,135,147,53,138,63,9,133,109,51,80,34,79,5,148,33,92,39,69,36,118,10,38,116,67,29,115,76,25,134,52,122,96,1,65,137,131,101,123,126,68,60,71,73,30,149,16,89,28,66
120,53,97,61,134,9,36,124,149,125,28,21,148,141,117,137,114,129,85,87,56,92,45,30,96,135,121,75,51,105,98,20,19,108,116,3,83,142,91,22,6,80,18,89,58,50,43,90,40,48,93,14,41,112,70,78,57,46,47,33,119,35,123,110,12,132,39,44,4,130,136,146,81,72,94,143,107,66,113,69,101,54,34,104,68,7,118,1,77,13,100,126,11,128,38,145,25,0,23,52,17,103,144,29,59,27,127,99,32,67,26,111,122,115,76,131,15,42,8,2,109,62,10,49,31,5,82,88,73,147,74,16,138,84,139,95,140,133,55,64,60,106,86,63,24,102,71,37,79,65
17,123,4,59,117,109,140,78,120,3,73,55,132,149,92,112,38,50,124,88,64,134,49,41,83,104,69,111,62,99,127,144,89,91,29,79,110,48,43,103,135,84,6,87,102,97,133,114,61,86,68,77,13,1,54,74,80,18,46,81,116,85,76,8,95,121,129,35,34,33,16,24,19,136,45,100,5,130,72,28,47,71,22,32,44,93,40,139,122,14,27,63,75,42,58,105,30,141,31,2,9,0,115,51,23,126,37,147,65,145,7,96,67,143,82,113,70,12,108,20,146,21,148,90,60,39,106,119,118,142,138,131,57,107,128,94,25,26,66,125,52,101,137,11,98,56,36,53,15,10
121,90,46,102,19,41,126,123,133,80,142,68,73,128,130,50,17,88,14,145,40,48,74,93,63,71,27,42,106,127,96,137,84,59,62,21,100,139,34,125,23,76,120,85,31,108,8,7,24,36,95,134,65,89,37,2,81,72,78,57,117,75,99,4,141,32,3,16,52,69,12,67,144,11,119,30,124,55,5,91,60,105,28,116,33,38,64,39,110,97,136,118,49,18,20,94,53,111,87,92,15,114,13,135,47,112,115,35,70,77,104,61,43,25,58,54,56,132,148,122,0,83,79,9,82,29,109,1,98,22,10,143,51,129,101,131,138,66,140,147,6,86,44,103,146,149,26,113,45,107
82,59,63,114,128,4,13,145,70,76,8,115,39,62,16,7,15,126,149,57,117,2,0,73,19,84,23,141,6,56,91,113,132,43,134,118,18,32,122,100,25,72,37,51,94,49,135,5,52,65,20,110,29,12,28,75,1,27,137,44,58,90,133,33,139,102,96,53,106,93,140,22,69,60,127,120,48,116,26,124,123,46,125,111,85,79,81,14,11,55,54,97,112,147,67,3,24,95,130,42,103,98,92,31,38,41,50,119,87,129,101,68,30,77,144,17,88,61,34,138,148,64,83,89,108,142,143,121,36,35,136,9,80,107,99,45,47,74,78,40,146,66,21,71,105,10,86,104,131,109
86,112,92,43,72,67,139,3,147,78,51,37,95,57,82,104,132,1,7,127,11,13,52,58,6,40,93,137,84,103,20,107,90,42,140,17,27,38,29,2,15,34,77,105,8,60,46,10,26,133,98,48,144,23,45,25,59,80,75,114,35,5,111,14,146,66,63,125,30,21,4,126,68,145,102,0,70,50,149,134,74,53,117,18,99,136,113,56,62,24,124,54,135,115,47,65,61,81,141,76,119,108,94,110,100,55,101,31,97,44,129,143,79,19,28,49,138,118,41,131,109,12,36,116,87,106,83,120,32,121,64,69,122,130,9,33,142,39,73,85,128,91,123,16,148,22,88,89,96,71
126,56,33,81,9,45,70,136,36,138,108,116,119,149,61,133,115,63,100,17,13,59,0,145,16,68,7,102,120,25,48,148,118,96,37,26,19,80,94,143,35,83,112,87,107,106,34,132,6,135,144,82,29,60,28,128,103,109,97,147,93,76,2,43,123,125,32,51,92,15,75,23,72,27,10,42,39,142,22,50,58,62,111,79,122,131,54,89,73,88,139,101,38,46,5,47,110,78,57,127,146,3,69,20,91,95,104,98,77,74,52,1,41,85,14,65,18,55,86,31,44,124,8,105,67,114,53,21,49,140,30,4,11,64,90,40,71,121,12,117,137,99,24,130,66,141,113,84,134,129
129,36,130,28,37,123,115,100,38,108,69,42,62,26,43,141,24,21,109,131,1,13,143,80,39,73,136,44,18,47,114,99,112,121,6,149,4,103,54,81,138,50,139,59,96,9,142,56,12,86,5,74,78,147,113,82,92,116,66,133,7,106,51,148,93,45,134,135,10,49,111,29,14,118,33,19,101,119,97,34,53,71,58,76,57,104,35,48,25,127,20,30,63,65,61,52,31,15,120,46,91,22,0,102,85,41,40,60,140,125,126,83,32,94,146,75,110,68,95,117,70,144,64,2,16,124,89,87,128,72,23,98,132,137,11,8,77,105,79,88,3,17,145,107,67,90,122,27,84,55
104,87,125,19,57,100,41,105,119,45,14,59,81,63,139,0,1,25,136,114,73,107,80,37,79,69,109,21,148,83,49,94,117,61,42,15,8,38,112,27,28,82,13,93,5,23,58,108,17,35,124,75,36,52,24,99,102,54,55,26,70,134,44,22,43,97,106,147,85,90,131,91,118,18,30,78,60,64,48,65,123,126,140,86,110,67,66,47,56,39,34,31,135,128,130,115,33,121,133,122,2,116,7,138,16,12,10,111,62,29,68,76,50,84,143,11,46,113,3,127,103,95,146,120,51,137,53,96,40,32,132,101,141,98,144,88,4,145,77,142,149,74,6,89,9,129,20,72,71,92
6,27,123,66,113,122,33,125,106,63,39,0,16,96,83,143,52,139,47,51,105,99,138,124,84,87,25,43,30,68,26,121,126,120,18,60,77,92,10,114,74,22,145,38,110,35,135,32,146,73,54,131,15,103,148,102,9,112,88,149,91,137,144,62,4,93,3,53,42,8,132,19,64,29,48,115,95,127,129,79,61,142,97,41,20,98,140,31,104,14,11,118,130,50,70,69,5,24,147,71,107,128,12,44,49,134,55,2,80,89,37,100,133,78,82,13,67,36,45,136,46,85,34,109,94,111,28,1,101,57,56,59,90,86,116,7,40,81,117,21,119,141,58,65,76,108,72,23,75,17
149,91,1,32,148,36,130,124,141,65,73,14,68,40,119,13,15,122,92,107,29,59,4,7,83,39,112,116,129,118,89,108,12,84,61,78,33,126,120,94,97,145,105,26,43,111,45,114,62,85,135,11,76,18,21,139,80,138,93,136,109,74,41,95,125,137,98,60,86,104,0,87,6,66,16,100,24,47,144,72,121,22,88,5,103,9,20,70,3,25,131,90,106,46,10,113,37,30,8,35,75,17,128,31,55,2,67,143,142,77,69,50,19,99,134,117,52,38,81,42,34,28,58,82,140,53,44,23,132,115,57,51,48,146,79,147,110,56,49,71,133,54,64,63,127,102,101,27,123,96
106,95,14,44,1,46,141,60,83,29,93,6,131,137,3,24,115,55,52,53,98,64,122,149,119,49,144,42,19,32,50,120,71,41,54,11,9,80,27,15,114,89,5,87,4,132,96,138,57,65,70,22,21,139,124,97,123,40,10,105,77,133,145,67,62,116,130,17,103,127,142,28,33,69,74,38,117,72,110,92,20,45,2,134,75,81,73,85,88,43,23,86,51,118,56,82,26,37,34,91,78,111,135,94,76,100,146,112,136,140,8,147,148,109,84,7,12,68,47,79,48,99,125,66,143,101,16,0,63,102,18,108,121,31,13,104,113,61,59,58,107,90,126,30,128,35,36,129,39,25
120,9,13,63,92,118,135,24,22,139,58,137,28,69,32,27,37,51,16,26,65,6,103,61,5,38,20,49,46,108,90,45,115,33,109,146,7,133,122,110,88,18,80,36,52,25,54,147,67,123,125,112,15,62,130,40,30,79,42,48,149,74,116,119,68,87,86,14,21,132,138,99,75,55,85,17,57,128,117,113,134,53,76,145,39,121,8,97,59,141,66,105,82,35,19,107,114,60,72,41,127,104,136,44,124,1,96,4,56,23,50,101,12,3,106,34,84,102,29,77,143,0,98,31,140,81,144,100,10,95,91,2,64,83,47,111,93,43,11,71,129,126,73,131,70,148,78,94,89,142
125,138,1,25,77,146,64,124,79,11,116,28,63,149,115,44,83,38,81,78,75,120,17,103,137,86,84,119,91,87,71,47,73,29,10,54,31,0,6,100,35,55,99,126,8,50,74,66,3,133,111,140,57,20,139,85,33,106,22,82,24,105,121,41,145,36,95,132,60,4,34,147,7,32,108,2,70,89,56,72,43,19,142,62,59,46,101,76,131,148,39,134,49,90,143,42,37,58,98,45,102,123,92,97,110,144,14,141,23,68,12,26,21,93,65,94,112,48,69,15,16,127,118,40,130,27,30,109,61,136,13,80,122,67,52,18,104,51,129,128,88,107,9,5,53,117,113,96,135,114
97,59,126,109,119,86,32,45,71,44,125,143,142,10,135,33,77,62,95,69,16,93,23,11,22,122,123,96,83,118,141,53,63,4,91,114,129,2,103,3,72,25,107,87,12,137,76,120,60,47,102,75,34,56,17,110,30,117,67,43,5,51,50,89,26,101,6,121,27,58,133,49,74,139,85,128,98,92,14,70,15,35,18,88,21,68,55,127,48,106,131,104,61,24,7,36,39,41,80,108,8,136,78,112,54,64,38,0,138,40,115,94,28,57,134,79,149,20,9,46,144,140,42,145,132,148,90,146,52,130,113,13,65,73,81,100,82,19,124,31,1,66,116,111,147,105,29,99,84,37
71,111,11,143,39,38,89,6,53,101,96,110,59,91,64,9,117,75,121,12,124,128,47,130,95,21,68,3,69,149,18,54,61,62,105,27,48,46,102,76,92,145,129,85,132,42,70,41,126,136,94,77,49,135,4,97,106,29,20,7,125,50,73,72,60,1,35,82,30,17,28,123,24,15,87,56,51,37,0,112,139,134,86,80,52,43,131,33,55,88,40,83,93,79,36,148,23,144,31,147,63,25,10,81,34,16,45,84,74,109,100,146,57,14,58,108,44,138,115,113,103,13,120,26,90,142,116,65,122,127,8,32,98,137,2,133,78,107,140,66,141,104,119,22,67,99,5,19,118,114
29,82,115,70,130,36,110,34,75,94,64,11,12,42,18,147,111,16,54,27,129,37,35,148,21,97,140,117,24,95,26,80,48,31,30,69,142,55,149,131,9,144,7,47,28,72,83,67,104,77,53,14,118,78,137,6,105,52,17,121,56,145,74,88,62,141,59,3,4,46,44,73,107,89,124,93,134,43,128,63,20,106,68,139,5,10,51,45,49,38,91,101,39,58,81,71,108,57,100,114,86,13,92,8,103,138,113,116,2,120,132,33,126,122,102,61,15,84,50,143,133,85,19,127,99,40,32,0,112,60,25,65,90,76,96,79,66,1,136,23,123,41,125,135,146,87,109,98,22,119
97,45,140,20,119,138,19,102,14,30,120,85,15,122,109,2,147,87,60,51,89,5,62,95,9,71,39,56,53,134,115,37,81,144,98,100,107,135,139,77,26,58,149,111,78,105,25,1,27,116,101,21,66,145,90,74,61,128,48,4,131,75,36,70,129,23,35,49,126,67,123,124,33,57,42,76,13,121,104,3,41,86,12,31,72,96,83,0,94,34,54,8,133,92,44,93,132,22,65,24,43,118,142,110,69,28,117,6,7,84,47,68,52,82,80,64,16,127,10,11,114,148,130,113,143,17,88,50,79,125,40,32,38,99,46,103,108,141,29,106,59,91,73,137,136,18,55,112,146,63
40,22,130,1,71,79,134,137,77,49,72,33,105,74,51,98,114,25,57,32,116,109,83,63,108,85,2,69,118,17,93,94,122,45,67,106,39,61,91,52,56,96,36,136,13,147,81,64,120,131,18,124,9,82,140,121,89,88,65,133,10,132,135,15,117,62,4,141,99,78,3,104,29,90,6,113,95,37,129,21,75,149,86,7,143,110,115,111,58,84,142,54,100,30,43,28,146,145,44,55,27,138,48,53,38,68,107,144,76,23,103,101,97,59,126,119,34,24,66,112,47,60,73,46,11,0,148,31,139,12,20,14,125,127,92,128,123,19,50,70,8,80,5,102,16,35,42,26,41,87
65,30,11,136,1,88,27,81,29,99,135,143,23,87,48,107,44,39,133,149,52,83,47,95,25,109,118,3,98,120,84,121,2,100,94,9,125,13,31,54,145,122,42,67,40,142,57,77,58,46,131,74,34,138,6,130,124,139,68,62,28,16,45,33,69,37,66,36,148,92,5,71,19,147,79,115,50,15,70,8,24,144,129,10,96,132,73,119,110,75,4,35,91,17,127,89,108,0,93,51,20,59,32,41,56,128,112,146,137,53,104,38,18,21,106,12,90,126,114,140,7,64,111,117,101,78,134,102,113,141,86,82,105,97,76,116,80,43,123,72,61,60,103,49,22,63,26,55,85,14
55,101,74,68,62,106,3,6,115,71,33,69,111,123,129,54,91,41,29,63,141,13,97,117,64,65,34,139,7,148,133,138,88,67,19,96,15,23,43,80,31,38,113,72,118,124,143,104,100,149,1,25,90,84,11,76,32,39,26,126,131,87,73,78,5,46,122,136,30,44,114,128,52,51,53,35,110,125,48,120,61,77,9,130,105,47,93,75,59,79,132,70,107,40,18,12,10,24,127,92,94,82,14,4,121,137,85,8,135,116,45,86,145,37,56,134,42,112,0,142,95,20,119,89,140,36,21,83,16,103,49,57,146,28,99,144,66,27,50,102,98,22,81,60,108,2,58,147,109,17
86,42,81,89,17,27,134,97,55,107,103,139,101,98,73,68,26,67,137,14,128,49,35,1,41,122,148,108,121,99,74,44,149,33,112,50,59,129,66,125,144,82,36,71,127,61,110,145,91,83,6,140,88,15,92,4,0,20,23,113,117,116,13,138,70,78,123,65,18,146,133,43,40,114,62,10,85,119,28,131,32,135,12,11,132,48,45,46,115,109,47,95,118,21,102,37,72,7,24,124,60,54,5,51,30,64,93,87,143,104,34,75,96,2,141,53,111,3,58,52,19,84,147,39,79,77,90,31,8,63,56,29,9,25,57,130,16,100,94,22,69,76,105,136,106,120,126,38,142,80
4,137,79,109,95,148,91,65,114,103,94,140,44,35,70,124,139,68,77,47,85,75,20,108,64,38,111,104,83,3,142,8,101,73,48,117,72,110,31,0,13,130,67,51,86,36,50,57,55,128,37,56,89,90,32,129,98,144,59,100,69,102,78,19,45,18,71,5,96,54,34,113,141,30,14,21,116,145,120,76,28,62,26,80,25,131,61,107,43,119,7,143,147,42,82,9,6,23,126,74,115,46,125,15,93,97,149,132,29,22,81,87,135,99,11,127,84,24,27,49,92,66,53,17,39,133,138,134,58,10,40,121,33,63,12,41,123,112,106,105,122,60,2,88,52,16,1,146,136,118
17,55,110,76,149,4,6,59,22,35,5,87,73,81,71,0,64,102,43,38,70,83,91,112,137,2,144,60,62,9,21,15,113,139,125,19,124,53,24,78,34,115,147,121,117,27,97,66,46,92,52,65,67,145,103,58,129,63,95,80,108,138,72,140,50,86,109,11,133,104,12,131,23,82,88,106,136,25,57,107,120,29,36,8,3,132,42,33,84,20,116,100,99,16,142,146,89,126,105,28,51,48,1,90,45,143,114,56,93,32,148,37,14,30,119,68,47,61,79,123,122,7,130,44,26,39,69,128,111,75,54,141,96,41,94,74,98,77,18,31,135,134,10,101,49,85,40,127,118,13
81,48,25,138,122,111,76,102,127,14,126,2,41,100,130,75,85,37,69,66,115,133,36,58,40,23,59,94,139,4,68,119,78,82,63,1,73,146,47,112,35,143,42,12,71,29,120,19,24,51,103,9,57,20,134,15,30,141,49,125,33,145,89,109,80,147,5,17,116,28,90,84,121,31,16,34,18,72,123,45,131,124,110,60,148,8,113,56,7,95,140,88,3,106,64,108,142,114,65,52,21,10,99,144,55,129,105,27,6,61,0,53,62,74,50,86,132,77,101,137,91,98,93,118,38,128,67,39,11,135,97,149,107,83,87,136,104,46,43,13,96,54,117,22,92,70,44,26,32,79
1,27,64,127,92,87,39,56,121,16,20,63,134,59,95,77,43,76,100,101,113,129,122,61,53,13,65,10,85,82,132,45,21,99,138,131,34,91,4,73,18,93,135,17,86,123,81,26,146,80,144,40,118,72,89,54,84,96,47,42,12,111,79,22,141,29,140,46,110,124,147,31,78,33,68,109,58,148,36,3,98,119,15,52,67,44,136,125,5,7,102,62,23,2,0,70,145,74,41,37,107,6,83,106,149,50,38,90,28,105,137,75,117,60,49,88,66,8,11,55,126,142,57,97,94,14,25,48,108,71,120,9,19,35,139,69,143,133,32,103,24,115,114,116,128,51,30,112,104,130
102,115,27,41,79,4,74,148,124,14,8,25,44,98,117,18,17,73,34,140,30,107,127,55,128,89,122,139,71,7,3,88,78,91,49,105,90,12,120,28,53,142,85,76,131,116,62,97,133,138,123,38,137,136,83,108,52,9,0,5,130,36,94,64,86,113,21,104,16,119,42,110,58,144,35,24,46,29,72,20,63,100,93,1,23,121,32,6,2,96,103,61,135,111,84,45,141,33,67,82,50,125,37,80,114,39,106,13,149,147,40,145,60,31,57,19,54,109,10,129,47,15,77,99,69,68,11,112,95,70,101,132,134,66,22,59,56,65,26,43,81,146,118,92,87,143,75,51,48,126
126,37,125,58,16,117,129,63,20,99,24,40,79,60,143,50,51,92,5,13,15,35,28,119,136,10,41,6,95,54,36,17,49,128,103,106,134,76,61,12,135,65,118,83,64,112,101,140,88,75,42,147,110,146,105,132,3,91,113,104,124,87,11,59,4,25,70,8,85,141,90,121,109,77,144,102,14,78,39,97,1,69,52,46,139,138,71,81,122,0,26,149,18,67,43,22,114,73,30,72,142,80,133,74,53,127,68,96,23,130,33,107,38,27,145,29,94,84,66,47,115,45,9,111,108,98,116,120,31,62,48,137,123,57,34,21,86,32,131,7,93,55,44,56,148,19,2,89,82,100
8,0,36,91,125,59,9,106,25,148,79,105,131,76,28,18,13,120,80,124,39,98,107,67,35,102,22,63,110,149,146,7,84,2,99,29,33,72,12,132,88,122,147,46,57,14,45,21,68,54,77,73,30,93,44,49,6,123,144,3,31,40,56,74,139,133,145,41,114,115,64,108,92,104,66,15,113,19,70,83,140,96,87,58,97,60,51,135,134,112,53,43,10,143,136,26,37,109,86,52,24,142,128,81,85,94,27,121,75,17,126,95,129,90,127,65,138,1,61,89,50,38,101,103,69,119,111,4,34,71,23,55,11,42,141,116,48,5,62,78,130,47,100,118,137,16,20,32,117,82
7,139,27,41,123,143,64,33,125,84,2,21,31,26,35,57,108,59,34,109,86,56,75,42,128,37,66,97,28,85,68,120,40,17,30,70,67,58,8,147,98,18,138,71,136,5,137,113,12,135,10,6,124,126,132,114,47,81,19,51,61,144,78,119,112,92,117,50,140,73,11,104,133,82,83,95,55,87,36,121,23,20,24,127,102,99,15,130,149,22,93,79,69,14,53,103,49,142,115,4,9,101,80,63,129,62,111,52,38,94,88,16,134,77,96,91,25,54,43,39,74,44,131,3,122,46,145,72,100,29,141,116,106,1,107,110,76,13,65,90,148,0,45,89,118,48,60,105,146,32
143,76,35,50,144,5,52,77,101,68,27,83,56,48,32,85,128,92,116,12,99,107,26,46,69,78,145,148,19,102,141,98,4,87,11,49,58,93,120,129,121,97,109,63,74,51,118,75,61,81,13,113,14,146,126,133,60,8,130,100,15,43,147,86,45,72,10,59,34,105,20,16,122,0,37,71,21,95,127,41,67,96,1,149,142,3,7,62,88,138,137,131,82,132,110,139,136,40,22,135,6,44,89,24,106,25,73,2,47,80,18,124,55,36,53,54,29,84,64,91,38,31,111,140,57,108,79,103,65,9,94,125,123,30,112,66,39,119,134,42,17,70,114,28,33,90,115,104,23,117
128,114,104,91,81,6,89,115,64,53,2,92,4,66,126,101,108,46,0,22,98,79,87,14,30,75,54,60,122,15,82,33,5,94,111,88,100,57,49,139,109,23,9,78,32,95,90,131,63,28,134,36,69,44,136,40,13,31,50,62,135,123,117,42,43,83,137,24,133,146,107,59,144,29,65,148,55,97,77,142,34,38,76,48,149,26,129,145,56,1,113,118,41,99,67,119,103,72,125,112,27,84,73,58,85,68,147,116,45,37,120,35,25,17,80,124,74,143,61,20,138,10,121,3,21,8,52,93,70,16,19,110,105,47,86,132,96,102,11,7,140,71,51,130,39,127,18,106,12,141
13,36,127,98,19,120,29,60,52,132,105,21,148,95,46,107,96,128,38,25,82,16,39,2,125,54,22,90,94,10,81,77,50,43,78,8,45,55,5,147,101,88,1,67,137,73,118,59,51,129,62,111,57,7,139,117,122,85,34,3,76,143,47,121,42,27,40,84,72,114,71,141,79,126,18,109,131,44,92,97,113,33,17,41,15,63,83,75,112,100,28,115,106,133,65,123,149,124,12,48,37,99,138,66,103,58,86,4,80,142,30,61,110,6,116,146,14,135,136,102,32,20,108,134,140,119,53,24,89,130,68,70,64,31,91,35,0,87,93,145,11,56,69,144,74,26,9,49,23,104
47,7,96,77,121,31,39,133,21,83,3,89,9,75,132,76,147,126,142,8,63,6,98,19,51,16,101,122,79,125,82,113,95,134,17,88,26,115,130,137,149,58,131,69,27,60,13,53,102,23,12,62,1,140,148,100,40,59,109,73,4,33,30,36,103,104,38,97,120,93,28,110,106,57,45,111,78,128,105,91,70,42,25,67,68,129,124,138,127,56,20,10,87,50,2,71,32,139,29,119,54,81,55,90,84,43,37,86,94,145,107,136,5,66,14,65,48,0,143,114,49,85,24,123,99,11,112,80,34,41,144,92,44,118,116,146,18,74,46,108,15,61,72,35,64,22,135,52,141,117
43,81,147,51,113,11,67,38,37,56,115,20,98,144,95,87,48,137,6,73,112,97,128,142,52,80,25,10,59,27,8,21,31,125,107,66,36,116,49,74,126,123,65,131,33,83,92,16,108,134,114,2,54,100,132,94,96,143,146,140,3,130,1,15,91,129,44,122,135,40,4,85,86,45,39,105,32,58,17,50,101,23,63,35,93,22,138,139,133,53,110,75,109,55,102,47,124,121,120,148,61,69,117,0,24,5,78,13,84,29,71,88,12,70,34,64,82,141,30,41,26,57,149,9,111,118,104,79,119,103,145,62,89,136,46,72,28,68,77,7,127,19,42,14,76,90,18,60,106,99
60,137,8,36,21,118,108,87,18,33,54,104,61,105,96,109,71,25,9,100,144,67,40,15,35,28,148,77,27,101,82,16,53,45,143,10,78,24,74,64,110,102,99,14,94,47,73,75,19,72,146,26,39,11,89,135,93,134,127,51,124,147,63,97,50,116,2,37,29,70,129,17,6,86,141,65,69,120,76,114,119,56,128,117,30,20,7,131,5,125,149,79,32,1,49,115,57,34,145,13,46,111,88,4,130,58,85,123,43,66,112,142,140,48,106,3,68,83,12,133,38,126,31,59,0,136,42,139,138,62,122,132,55,91,113,52,22,23,44,90,95,92,121,41,103,98,81,107,80,84
133,124,128,49,91,26,4,107,99,80,85,16,62,113,72,127,117,50,84,82,42,31,32,40,106,43,36,27,44,14,33,17,18,102,147,71,134,68,108,115,61,19,53,21,52,56,121,103,97,109,9,12,105,119,126,125,122,37,63,104,144,7,90,81,118,29,95,87,141,83,93,77,58,24,11,94,138,46,79,146,54,2,148,65,41,30,51,142,3,59,60,45,120,64,48,75,92,88,15,67,1,116,20,39,137,100,114,8,132,73,57,13,135,140,78,69,131,28,89,34,101,22,70,143,136,123,55,130,38,76,23,86,149,96,10,66,145,112,35,5,74,111,47,110,6,25,139,98,0,129
12,1,38,14,68,139,11,44,43,112,46,2,104,107,49,50,75,70,3,117,59,67,113,121,41,45,57,103,63,145,134,73,82,76,35,116,66,72,77,98,128,118,54,33,24,93,32,142,5,69,130,90,28,52,58,135,30,133,61,94,86,106,87,143,109,114,6,122,65,4,147,0,42,37,64,80,56,111,91,51,25,123,53,27,39,85,110,89,126,26,23,60,13,96,100,16,18,15,144,40,95,149,125,48,92,124,47,138,129,108,131,21,119,9,148,74,97,17,84,141,79,19,31,8,7,20,88,137,101,132,102,127,136,140,22,29,71,81,36,105,10,99,55,146,120,34,62,78,115,83
122,53,79,140,14,2,96,115,1,29,39,76,81,7,98,120,146,3,44,65,67,112,33,61,92,56,70,41,113,147,12,97,114,62,36,78,72,103,25,87,110,51,4,18,104,85,11,60,144,5,19,34,26,64,139,128,40,75,77,74,50,134,10,95,101,23,8,57,141,48,105,63,86,30,116,127,43,13,55,66,59,80,130,31,121,149,32,52,22,133,94,108,90,28,123,142,106,54,45,111,117,37,143,93,69,35,125,17,21,107,102,16,135,136,73,145,132,88,71,126,24,68,118,47,20,99,109,15,148,89,138,91,46,82,83,131,42,38,6,49,129,84,124,119,0,9,58,100,27,137
116,126,115,102,63,45,124,85,101,120,83,90,135,60,80,123,22,142,104,32,100,131,18,89,136,43,55,67,134,25,119,84,108,96,12,62,99,56,133,138,95,79,88,73,20,118,130,16,36,21,107,15,65,35,0,2,57,28,40,81,128,14,53,132,147,6,61,149,24,146,71,48,30,86,38,26,66,64,41,103,7,31,17,87,44,10,9,42,77,34,50,125,93,47,106,109,97,46,13,127,94,69,54,82,117,58,75,33,105,23,59,112,148,8,70,72,74,122,1,139,49,3,11,114,129,29,78,91,137,5,27,68,145,4,76,113,121,144,143,92,19,111,110,140,52,39,37,51,98,141
51,56,91,15,103,2,108,134,126,74,78,80,136,101,85,44,128,122,140,110,28,68,102,19,33,24,8,139,22,105,83,70,55,75,149,60,145,93,81,131,107,66,87,95,45,39,106,147,123,67,57,98,69,111,92,143,3,16,34,124,82,99,104,61,100,113,9,38,1,26,25,138,27,49,112,14,148,142,72,130,146,76,132,31,35,21,77,117,50,40,97,118,88,116,42,58,37,12,144,54,43,79,135,46,10,90,73,121,96,84,47,5,64,36,11,59,125,13,119,7,62,63,89,120,127,17,41,6,0,141,4,94,32,52,29,48,115,20,133,30,71,53,18,109,65,129,137,114,86,23
81,137,44,16,15,38,57,29,84,147,50,107,135,121,14,119,144,5,129,39,63,113,61,101,139,48,136,24,86,73,77,53,87,124,41,108,117,145,94,85,68,3,25,19,22,36,116,96,99,56,31,51,100,45,49,106,102,123,9,34,46,109,37,122,59,40,79,127,98,142,105,148,74,18,146,125,52,20,55,60,138,132,27,89,23,92,78,21,69,70,28,13,134,115,6,110,90,97,82,67,103,149,35,131,130,93,0,128,112,71,104,4,72,1,111,141,91,120,11,10,76,17,143,54,58,26,64,114,62,140,7,42,8,95,80,88,30,133,2,12,32,83,33,66,118,126,43,75,47,65
145,93,77,52,105,84,35,107,16,87,147,135,85,108,45,55,83,136,49,56,4,133,12,103,82,57,148,98,64,21,134,44,33,14,63,111,19,90,140,71,38,41,129,48,28,86,124,137,101,43,26,8,9,78,65,61,75,149,20,115,130,58,123,51,119,53,3,79,110,22,11,29,34,99,97,94,146,13,60,89,91,36,67,27,114,95,127,6,5,143,10,17,68,69,25,7,66,117,109,23,100,96,125,116,32,31,2,70,106,18,50,104,113,131,88,47,122,39,132,139,73,59,92,74,24,144,121,1,138,142,81,40,112,120,42,0,76,141,126,15,46,37,62,128,72,102,118,30,80,54
147,103,76,10,54,133,29,19,30,143,52,9,60,115,78,26,50,64,93,122,28,58,102,49,0,105,12,129,7,112,91,97,132,74,128,63,51,73,79,142,65,11,144,106,14,140,5,34,3,86,113,68,135,24,18,148,55,123,31,96,16,61,87,82,81,80,1,32,20,101,59,130,94,70,41,2,89,126,35,8,72,83,85,111,67,138,134,110,44,23,124,43,46,22,114,95,6,141,108,137,121,149,15,131,56,13,71,99,39,84,42,4,88,98,62,37,116,107,119,127,118,145,77,27,38,48,21,104,69,25,136,92,125,90,17,100,66,139,75,117,40,36,57,45,53,120,109,47,146,33
49,142,15,127,0,113,18,131,61,106,116,80,130,122,137,107,140,86,26,92,14,109,104,98,88,132,100,117,93,69,9,115,99,136,44,73,34,91,128,77,83,1,3,102,96,47,36,63,10,68,60,64,110,76,16,58,50,2,37,62,41,71,53,133,21,147,5,19,7,114,103,149,74,123,75,45,42,20,27,52,46,111,28,126,12,81,57,143,148,141,33,101,90,85,129,87,72,118,29,94,124,11,105,145,55,4,138,65,25,95,134,17,146,108,40,78,144,112,8,43,119,32,51,23,39,38,125,13,24,22,6,139,59,79,135,48,56,30,97,67,89,120,54,31,121,70,84,82,35,66
53,124,25,72,116,140,95,126,147,114,127,27,39,119,55,60,69,34,131,82,138,65,144,78,142,100,111,121,5,104,15,92,10,51,41,3,35,8,29,59,94,50,90,96,102,113,110,130,7,62,9,30,38,123,63,88,66,85,17,98,141,117,31,42,56,16,143,61,145,91,73,103,32,84,81,37,97,19,87,40,134,107,76,45,120,23,47,108,58,79,74,52,101,1,11,64,14,2,93,133,86,146,21,99,70,105,129,12,112,149,83,44,6,22,18,48,24,13,148,135,122,139,125,57,128,68,118,80,67,0,26,28,89,77,46,109,136,75,137,33,54,71,20,132,43,49,36,115,4,106
16,6,62,101,14,117,38,64,59,35,60,7,104,137,30,46,54,141,9,105,49,85,90,27,65,66,74,24,135,28,122,51,102,131,100,2,120,134,127,4,37,47,96,17,22,26,123,124,98,80,130,99,29,12,126,13,86,69,78,107,15,33,25,140,119,114,132,144,63,146,55,115,87,10,41,128,70,68,72,1,108,103,39,91,94,110,92,8,23,84,93,83,82,133,129,112,32,57,42,11,147,73,40,48,77,50,148,44,43,56,61,58,88,149,125,143,34,45,142,136,67,53,97,71,18,21,89,79,145,139,5,75,52,111,3,36,81,76,20,121,116,106,0,113,138,118,19,109,95,31
46,28,73,36,5,20,47,8,51,0,24,13,4,93,67,139,11,134,104,120,48,14,118,123,107,63,143,81,128,69,18,26,50,7,27,132,34,112,84,59,106,6,101,110,127,130,138,119,117,54,80,15,89,44,149,108,19,95,96,102,25,122,88,40,43,45,74,12,87,115,23,124,38,65,9,146,111,116,71,145,136,56,125,2,41,10,105,77,29,97,70,17,86,91,39,42,148,83,82,78,140,109,113,142,62,57,72,32,103,92,121,31,76,64,33,58,79,22,55,1,61,126,68,60,99,53,98,137,37,144,131,3,133,141,30,66,49,16,94,21,75,129,90,114,85,135,147,52,100,35
43,117,113,120,27,75,51,140,9,85,130,11,122,14,116,34,101,136,115,80,147,118,65,49,111,22,92,84,6,61,59,105,139,0,21,5,13,25,72,107,108,62,73,78,52,17,89,149,95,28,64,55,3,102,128,1,134,133,36,40,30,103,42,57,69,70,93,26,39,56,129,90,71,83,126,76,50,15,16,119,58,145,74,142,91,41,45,33,63,37,32,96,35,68,97,87,141,144,19,53,123,125,100,110,23,82,54,143,4,66,48,137,98,132,146,20,81,79,31,7,148,104,86,18,47,106,44,99,8,112,77,88,67,131,24,12,109,10,29,135,127,124,121,2,138,38,60,94,46,114
141,42,138,50,78,10,132,80,109,82,144,56,139,19,38,72,84,143,114,129,97,93,110,24,61,53,116,27,125,148,25,7,95,59,122,92,119,86,136,60,28,9,94,51,39,90,100,89,26,146,91,5,127,115,34,41,113,145,54,137,83,47,123,37,85,45,0,58,12,33,98,106,69,6,22,17,124,108,142,75,13,102,65,71,121,117,70,105,3,46,62,120,30,133,128,48,36,8,79,87,64,67,2,20,118,49,76,55,130,44,21,68,131,149,32,101,104,23,16,1,57,135,134,140,73,40,74,43,107,35,18,147,112,11,81,63,15,4,96,77,31,103,99,66,111,14,88,29,126,52
57,117,6,37,104,59,42,101,52,31,142,149,78,116,55,69,134,44,34,77,10,90,88,5,64,46,20,24,18,66,120,129,41,86,9,122,28,124,146,103,72,43,56,98,47,106,140,19,85,80,136,137,138,12,54,141,143,2,125,102,73,74,94,96,48,70,81,113,13,130,89,100,127,7,51,35,0,1,68,30,3,105,92,84,107,21,50,76,95,29,112,139,8,83,79,32,110,36,45,65,132,16,123,14,131,97,23,11,144,60,147,62,71,111,87,108,27,53,114,38,49,119,118,58,115,148,99,61,33,82,135,145,109,15,63,40,75,128,91,26,4,25,126,133,17,22,39,67,93,121
136,91,27,106,48,122,65,81,21,64,20,116,110,36,46,104,67,103,35,143,4,51,149,31,83,137,129,74,126,98,107,112,108,49,22,102,63,86,140,77,119,69,82,141,90,76,62,94,128,109,40,5,89,105,101,58,50,28,87,144,84,29,118,133,148,7,113,130,14,88,61,71,111,142,18,92,52,135,1,70,127,132,24,45,93,66,139,11,12,16,145,56,72,13,125,54,42,68,2,99,78,134,33,39,138,147,3,73,30,114,6,15,131,37,146,41,60,57,26,121,38,32,19,10,97,9,59,53,120,43,8,96,75,85,95,100,47,123,124,55,117,0,17,115,80,23,79,44,34,25
34,22,54,53,29,116,87,74,23,5,41,28,109,20,141,56,75,140,3,13,126,137,119,48,46,77,93,39,42,61,91,128,36,120,72,104,32,83,24,85,89,86,73,139,51,124,76,118,9,147,108,35,14,12,97,90,8,25,112,130,134,71,44,18,78,106,37,115,144,57,132,63,2,60,102,142,146,11,113,15,123,58,145,19,133,110,26,38,45,31,68,129,70,125,40,27,80,103,4,138,67,50,62,111,105,55,49,59,88,82,30,136,96,79,43,92,1,33,131,107,94,117,127,66,65,47,17,84,95,149,148,122,135,81,6,64,143,100,7,52,69,99,10,101,114,21,98,121,0,16
58,53,136,49,6,118,24,107,88,25,84,57,8,114,37,59,94,1,86,7,75,103,106,112,143,131,104,47,30,81,68,108,138,89,9,64,12,4,96,80,113,91,93,63,16,13,99,140,69,116,137,70,39,21,40,125,45,44,66,29,35,126,46,133,33,92,115,61,42,11,148,119,65,123,2,124,77,111,129,67,98,121,26,144,34,10,100,20,147,79,90,72,54,3,60,76,19,0,130,97,142,145,82,127,50,128,14,18,71,41,149,56,51,109,73,31,87,74,32,36,139,55,110,120,23,105,135,85,132,5,38,117,52,27,15,17,28,141,101,122,22,102,62,146,83,95,134,78,48,43
10,136,135,130,67,35,22,115,69,106,31,17,143,50,102,147,60,53,94,87,12,145,7,34,48,20,46,96,89,1,110,43,54,141,93,138,2,57,41,128,103,85,131,33,104,79,97,123,127,62,74,84,117,126,146,140,133,73,124,36,83,42,3,45,86,91,142,14,47,40,65,29,109,99,23,72,82,5,38,58,39,15,0,92,18,112,32,30,149,108,49,63,70,75,119,114,81,134,137,16,122,71,51,11,148,125,100,116,118,9,61,28,4,77,111,121,25,144,95,101,107,120,8,76,13,44,113,19,37,24,52,56,139,66,68,98,6,59,21,64,105,27,90,55,88,132,80,129,26,78
23,35,109,149,112,68,15,147,137,77,106,130,117,94,27,98,70,148,110,7,83,80,113,96,111,34,54,12,128,74,1,5,88,66,126,48,136,100,133,108,57,84,127,28,43,33,47,16,2,120,38,115,129,59,55,19,75,46,20,41,107,49,61,118,144,139,138,42,123,9,39,134,18,6,87,90,44,119,14,143,82,146,78,95,25,124,141,104,22,72,52,45,3,29,135,91,122,76,116,97,30,0,60,56,102,140,10,142,17,36,8,99,67,40,131,73,86,11,114,4,69,24,89,37,93,31,62,85,58,132,145,51,26,21,71,53,81,63,121,125,79,101,103,13,65,105,32,64,92,50
8,43,108,71,41,6,27,124,75,140,125,120,28,109,10,122,92,84,0,119,86,112,148,31,38,95,72,114,130,87,39,46,47,141,12,11,19,4,131,85,16,98,24,62,123,106,144,5,91,76,63,35,116,67,138,36,52,96,134,29,69,132,115,139,82,25,26,66,101,126,83,59,149,127,73,113,13,22,128,81,129,7,32,18,102,89,93,65,143,111,57,50,90,110,68,121,21,20,48,9,136,45,23,103,64,145,137,51,42,34,78,30,118,135,117,40,94,100,61,49,3,60,104,15,146,142,88,44,74,37,70,2,55,107,58,80,54,147,79,1,133,56,105,14,33,53,17,97,99,77
6,28,18,76,32,14,98,63,15,51,26,72,79,89,84,59,0,35,139,149,102,29,23,3,91,104,97,67,45,71,53,43,140,25,7,5,74,27,30,92,44,128,135,109,144,93,37,77,24,73,20,147,115,129,120,119,107,1,42,114,39,110,9,95,58,41,80,31,48,78,116,4,108,103,96,68,138,36,118,90,131,70,124,47,132,75,21,86,101,145,50,112,123,54,19,100,17,69,99,113,141,46,2,40,137,136,10,111,61,117,64,33,49,125,127,146,38,142,105,133,83,13,82,65,88,87,81,8,57,134,12,85,60,62,11,94,130,34,122,106,143,55,56,121,52,66,126,16,22,148
82,55,19,145,79,25,21,129,77,10,73,8,97,44,125,90,84,48,120,143,86,107,62,104,24,26,61,108,2,22,88,39,134,38,31,15,64,17,14,117,58,35,102,70,52,100,32,89,78,60,128,53,109,136,142,94,33,148,137,42,116,114,51,16,54,105,131,49,18,118,93,113,133,87,141,121,37,29,76,122,23,96,34,69,11,74,27,127,124,47,1,68,28,110,81,6,72,130,144,67,20,0,111,66,139,75,45,30,98,85,56,63,65,80,12,147,9,3,71,112,46,99,135,59,41,83,140,95,50,40,4,103,149,92,57,123,43,36,101,7,138,115,146,126,91,132,106,5,119,13
15,91,11,109,118,6,29,116,132,20,23,50,59,138,28,112,77,67,131,108,16,35,73,93,72,111,100,135,101,145,39,71,75,70,58,89,61,54,124,37,25,80,106,120,126,13,125,57,82,149,94,143,141,43,9,4,133,7,24,68,129,14,1,146,46,21,3,83,53,45,130,36,115,105,114,103,98,76,96,86,40,92,2,97,12,79,110,38,49,144,8,119,113,69,63,47,140,5,55,104,48,95,60,32,10,78,136,42,107,90,31,139,17,66,51,87,81,64,74,26,102,142,52,148,30,99,84,137,85,134,127,128,0,121,27,33,123,44,122,88,147,34,41,62,117,18,22,65,56,19
18,110,74,106,126,61,142,42,105,50,48,10,41,3,27,129,15,149,115,124,29,96,125,95,33,114,24,23,117,32,60,90,93,67,76,122,94,135,77,87,47,2,14,31,37,39,143,97,140,12,64,98,35,92,58,57,131,19,141,7,49,146,101,65,103,137,4,71,79,70,40,113,111,127,83,20,53,119,73,59,86,44,66,62,34,17,36,54,148,147,45,134,13,138,51,139,21,84,1,78,81,112,132,8,104,0,120,75,100,55,26,63,88,128,82,68,6,28,25,22,56,107,123,72,52,145,38,16,121,80,46,43,99,69,109,133,85,9,108,144,116,136,5,11,30,102,130,91,118,89
76,85,32,77,106,75,118,96,132,113,33,28,9,92,134,60,74,87,79,91,125,59,117,146,149,62,27,147,84,8,120,93,50,143,46,12,122,30,29,17,55,36,140,105,49,80,126,144,61,97,67,3,135,137,5,109,110,66,124,26,86,25,53,95,130,63,54,101,138,41,127,70,141,123,35,42,129,90,114,1,65,38,58,73,112,31,22,18,133,94,23,0,19,64,103,47,24,121,78,2,15,56,115,99,39,104,100,16,48,148,81,68,52,13,108,44,20,88,119,107,51,145,136,71,6,34,40,72,128,57,82,10,7,21,69,139,43,45,111,116,89,98,11,14,131,142,4,102,37,83
33,79,108,88,80,99,3,140,8,42,120,131,85,39,38,133,126,117,50,37,22,13,31,84,145,9,92,30,19,128,26,35,98,115,83,6,53,95,73,58,43,45,125,14,75,143,25,32,103,112,61,144,51,107,11,34,105,132,67,127,142,49,12,93,109,46,81,82,113,44,86,148,52,129,70,2,136,94,77,116,66,17,87,7,139,56,123,71,121,36,62,29,119,68,69,20,135,111,48,91,27,24,4,100,110,15,40,1,57,76,137,146,16,106,63,10,78,74,72,134,28,41,23,59,47,5,21,130,60,90,101,18,118,149,104,147,122,138,55,97,64,54,65,102,114,0,96,141,124,89
18,130,104,54,43,143,4,73,87,144,82,62,124,131,52,103,1,132,36,41,29,75,120,111,40,81,79,91,70,117,146,137,93,71,35,122,96,61,98,44,126,134,113,0,72,59,23,84,14,86,26,28,65,94,139,9,57,102,77,2,138,5,24,115,25,16,20,47,90,89,118,99,140,31,60,27,32,46,56,136,51,101,83,145,128,10,80,3,148,114,34,55,50,76,8,63,67,105,58,142,112,133,49,121,21,95,66,37,97,42,7,13,129,108,45,12,15,53,106,68,127,39,116,119,141,135,109,48,17,11,19,38,92,6,123,88,110,69,30,147,22,85,74,78,100,107,125,149,33,64
95,145,119,36,133,15,37,111,18,24,11,28,149,128,50,46,83,54,0,146,104,4,117,74,55,126,61,113,25,17,69,38,41,102,16,73,53,45,76,91,107,2,67,124,10,42,22,33,123,62,29,39,101,120,40,85,58,93,99,27,70,19,34,72,140,84,136,79,32,21,7,80,109,35,44,48,138,114,77,105,122,110,75,30,20,86,108,43,26,65,47,68,115,8,125,3,143,57,71,134,5,31,127,98,81,116,100,148,63,132,64,60,139,14,130,78,103,13,88,142,59,82,9,144,66,106,147,112,12,23,89,131,96,118,6,121,90,52,135,92,1,51,49,94,56,129,141,137,97,87
148,10,141,23,126,100,82,120,110,14,112,34,128,32,117,76,85,84,53,56,67,135,71,50,27,30,103,80,38,33,37,31,4,17,12,1,127,47,114,101,57,147,81,138,28,35,142,18,130,24,22,0,16,74,131,79,39,41,106,61,89,7,40,44,132,63,48,78,102,145,96,111,86,137,77,108,52,149,55,99,9,21,90,105,42,125,2,65,109,68,26,83,54,118,29,62,115,59,87,146,73,66,36,11,3,136,43,97,91,129,134,140,49,104,95,88,116,139,75,122,121,92,119,123,5,45,25,70,6,113,51,69,64,133,60,94,20,98,143,124,15,19,144,13,58,72,46,8,93,107
76,136,135,18,71,124,45,61,55,5,119,24,148,4,145,40,31,64,69,110,68,93,46,80,56,15,100,98,72,147,19,6,10,97,128,78,86,43,25,51,111,103,63,90,140,123,99,138,0,106,67,120,144,23,88,85,105,143,133,35,112,130,34,102,8,36,113,38,126,39,26,16,52,27,62,58,79,17,28,54,149,114,49,83,125,101,127,1,95,11,3,109,7,42,57,65,50,44,108,47,94,91,66,132,107,30,92,87,37,116,48,82,41,12,117,75,134,13,81,115,89,141,84,33,137,60,21,59,53,2,22,9,122,131,32,20,73,142,77,70,139,74,104,121,96,146,14,29,118,129
13,149,27,126,51,18,130,89,139,67,101,19,1,140,68,70,109,75,82,58,81,8,57,110,98,60,63,102,88,47,35,141,42,132,54,104,131,24,39,97,118,115,91,87,38,137,120,72,55,133,124,134,36,6,65,128,127,74,106,84,45,9,77,69,50,111,25,143,66,94,136,100,61,83,26,144,22,59,30,56,103,7,53,31,135,86,85,4,41,48,76,5,49,34,96,119,116,125,62,37,123,145,32,95,105,17,129,64,71,10,40,146,29,90,80,147,73,117,148,114,122,3,121,12,21,33,16,14,107,112,52,44,78,43,79,93,46,138,28,20,23,2,92,113,99,0,15,142,108,11
99,148,113,63,94,107,98,5,47,38,146,83,114,143,72,8,68,60,128,36,49,48,30,118,53,9,62,64,10,67,50,84,95,24,125,131,56,121,102,41,31,103,141,70,145,40,77,21,17,89,7,13,137,78,20,18,74,136,43,51,33,66,130,120,73,55,104,119,25,26,88,87,19,27,132,35,135,97,1,106,76,75,79,3,23,109,59,86,14,140,134,12,16,42,110,61,133,96,69,15,44,147,124,105,34,54,101,144,126,127,0,32,2,81,91,115,39,57,122,116,149,93,11,29,71,90,45,111,46,80,138,100,108,92,52,139,4,123,112,117,85,142,22,65,129,6,37,28,82,58
4,144,81,20,66,17,26,98,57,11,135,54,82,3,141,145,32,133,88,14,28,115,73,29,140,149,60,9,45,42,127,111,96,107,83,122,75,77,19,118,143,35,102,95,139,38,46,106,64,44,99,121,59,49,112,72,65,131,34,30,101,0,84,68,97,114,24,5,119,148,79,147,13,105,89,124,55,58,103,8,71,40,136,41,132,100,7,6,12,21,2,110,33,93,36,10,109,126,130,18,78,48,63,56,76,134,87,43,116,23,67,51,25,138,47,137,86,70,39,62,94,52,31,27,125,85,22,91,120,37,53,74,113,1,123,61,50,15,108,146,80,128,90,104,117,129,69,92,16,142
36,22,147,125,6,89,32,81,104,57,100,128,71,37,116,113,143,58,120,98,74,16,121,68,20,7,33,87,46,149,15,38,23,47,117,84,54,70,112,79,63,142,146,14,131,85,133,28,27,29,45,4,55,41,138,69,119,115,12,1,0,67,56,144,101,66,97,49,105,64,77,137,65,39,61,141,75,34,2,129,59,140,91,86,145,30,21,62,24,52,44,123,136,72,127,103,40,90,148,139,94,122,9,31,11,96,48,51,42,108,93,126,83,130,95,18,17,43,10,124,50,99,13,106,35,19,53,80,5,110,132,102,111,76,114,118,8,88,92,109,25,3,78,107,134,135,26,73,60,82
10,56,113,134,21,143,91,28,86,68,147,93,22,72,27,104,41,54,130,36,14,120,116,99,109,144,129,119,82,25,73,70,108,138,112,101,123,65,16,139,66,63,40,114,88,60,24,44,107,131,136,97,0,69,67,50,90,105,53,47,80,78,11,29,81,96,45,87,110,57,100,17,89,31,30,125,142,6,149,33,127,85,84,132,1,34,55,124,61,35,74,58,42,94,15,79,75,7,12,49,95,137,118,43,122,106,115,20,111,23,39,141,52,103,102,135,2,98,83,19,18,146,32,38,9,5,145,4,76,37,117,46,77,62,48,59,92,121,126,13,3,64,26,71,51,133,148,8,128,140
148,104,5,9,16,83,64,49,109,84,23,80,68,149,57,146,29,90,59,127,15,66,77,58,106,103,128,31,143,139,125,138,11,28,136,18,63,122,121,119,8,3,2,107,14,53,42,101,129,62,19,67,6,115,126,141,86,32,93,78,110,1,35,34,56,131,133,47,43,117,70,30,123,114,113,51,87,45,17,98,116,0,48,72,71,55,94,38,39,61,40,96,36,91,105,52,100,142,22,76,73,24,21,88,25,75,108,7,74,92,124,69,60,147,65,27,120,4,137,118,12,135,85,10,82,140,97,46,41,13,26,33,134,54,99,102,132,44,130,144,81,50,20,145,89,79,95,112,37,111
146,132,99,50,21,58,54,28,147,139,16,15,1,105,136,77,49,143,95,20,63,35,29,25,57,22,96,44,14,33,78,134,56,4,17,12,110,30,85,133,88,2,107,124,38,145,62,79,84,59,101,127,102,73,0,53,98,142,82,13,100,121,11,123,137,23,48,19,138,64,80,116,27,10,39,68,119,66,41,89,81,129,18,3,130,52,108,43,93,55,60,111,61,106,92,31,115,118,131,83,104,47,90,97,65,112,140,103,114,122,6,46,70,141,128,5,117,74,37,86,109,120,91,113,26,72,125,135,36,42,75,7,87,67,94,149,24,45,126,8,9,32,144,51,76,148,40,71,34,69
90,20,108,125,113,55,104,119,53,132,22,135,142,48,68,32,95,29,63,3,112,116,15,123,59,36,97,91,98,54,14,117,99,40,139,24,5,6,61,41,13,124,62,89,74,130,70,0,30,72,88,138,128,118,47,64,12,133,94,144,75,122,77,134,52,127,66,21,81,23,28,7,51,76,92,78,56,148,44,1,60,106,37,137,120,39,27,141,109,80,73,19,131,34,79,58,17,50,38,102,25,103,93,87,83,115,26,8,69,46,18,86,114,71,33,10,57,145,35,147,136,84,129,126,42,96,2,110,49,105,43,100,140,121,4,31,45,16,111,146,101,107,149,143,9,85,67,82,11,65
133,147,130,91,33,111,37,39,25,17,123,2,108,116,4,92,23,21,58,61,140,31,11,77,69,142,81,36,66,14,114,57,112,64,149,38,47,71,85,124,42,148,1,121,63,67,107,43,134,98,60,89,18,19,30,80,62,48,70,110,15,56,74,40,141,96,97,106,126,131,49,99,8,10,95,102,46,129,128,75,68,138,132,53,52,101,113,24,44,146,34,3,65,115,119,13,7,104,109,100,136,127,9,12,41,28,32,26,125,117,145,45,90,103,78,143,120,73,20,87,76,29,82,93,6,83,94,88,55,0,139,105,135,16,51,27,50,86,59,54,72,22,79,118,122,5,35,144,84,137
131,119,115,62,61,109,146,104,8,21,130,11,92,118,33,110,67,143,51,24,38,52,0,133,79,140,13,137,45,145,142,71,28,132,40,75,1,81,16,37,63,144,77,123,65,23,136,100,149,126,7,69,84,49,90,48,108,139,39,82,42,58,19,30,135,86,113,53,27,2,114,20,44,73,10,107,101,5,56,91,17,54,95,31,96,14,34,68,25,57,80,29,127,94,147,12,93,46,102,116,70,55,99,105,120,60,117,35,122,72,141,138,125,88,43,66,64,15,50,134,148,98,6,111,41,78,76,87,59,103,3,47,124,32,36,89,18,9,74,97,26,83,129,121,4,22,112,128,106,85
33,96,59,27,76,95,116,21,89,40,141,149,8,130,43,113,142,46,20,38,48,119,144,9,75,30,74,7,83,107,92,100,39,147,52,122,82,64,50,110,112,6,37,77,19,88,125,139,135,70,84,140,78,4,129,22,16,3,131,137,17,102,36,72,115,56,47,120,85,58,133,148,68,93,128,127,86,79,134,118,136,1,13,104,143,61,44,63,49,98,126,101,124,15,29,54,31,62,5,87,121,99,105,10,25,23,69,103,111,71,28,91,66,34,73,35,26,108,32,117,2,94,14,106,145,60,123,132,146,41,138,24,11,55,51,45,67,53,81,80,109,42,18,97,12,90,0,65,57,114
53,50,54,89,13,2,125,119,63,32,144,141,103,7,92,66,88,85,134,124,149,108,62,45,98,1,111,120,96,27,100,21,143,38,104,51,47,110,138,139,12,121,109,76,136,46,26,81,28,61,75,80,8,83,106,126,11,117,142,10,18,44,6,140,40,97,42,34,133,68,123,105,78,67,74,90,55,113,93,56,57,23,52,30,29,64,137,82,33,43,31,130,19,73,131,147,72,101,59,3,77,4,87,84,15,107,35,25,102,16,127,79,116,69,65,39,91,49,41,37,20,22,58,129,71,99,36,115,86,114,95,94,9,122,5,135,48,112,146,60,70,132,118,14,0,145,148,17,128,24
86,147,81,22,36,38,8,58,98,75,1,85,37,41,18,96,52,103,136,135,44,104,73,146,17,27,43,108,120,91,25,92,88,19,54,15,5,131,142,137,74,138,118,63,26,84,47,126,6,100,111,28,46,117,115,57,94,109,149,40,71,121,16,45,132,60,0,48,122,130,93,123,77,11,32,35,102,9,107,99,21,82,116,51,68,83,56,13,34,23,70,95,110,87,29,30,64,89,101,24,143,69,119,7,105,140,148,62,124,113,90,106,78,59,50,112,67,14,3,66,31,53,39,49,125,97,134,141,76,144,72,79,55,4,42,12,128,129,127,2,114,33,10,80,133,61,65,139,145,20
97,91,46,58,101,79,1,14,86,134,141,77,138,26,17,122,109,87,10,35,48,13,119,113,38,19,49,3,0,85,70,136,127,103,93,50,110,90,98,107,62,99,69,89,84,21,63,5,88,71,115,75,116,2,92,131,118,114,29,36,25,60,129,56,68,121,4,139,54,31,128,51,111,106,142,148,55,65,43,124,42,149,12,78,102,146,24,32,74,33,100,117,76,140,83,120,144,53,143,6,28,66,135,11,104,82,126,45,64,27,37,80,108,72,94,20,47,132,137,9,95,105,34,16,112,123,59,81,15,57,145,30,147,40,130,133,23,39,73,61,52,7,96,22,44,67,18,8,125,41
148,147,129,114,33,107,14,149,56,142,92,68,120,117,121,36,63,100,144,118,136,96,45,2,6,41,119,10,34,49,99,83,53,110,130,16,77,72,65,97,76,22,66,122,58,113,5,141,71,79,13,40,81,125,69,4,98,37,47,109,20,91,9,132,134,11,51,3,124,105,140,28,44,70,138,67,86,31,35,84,52,80,106,27,123,39,135,137,62,23,7,102,115,57,61,111,8,48,112,25,1,15,60,88,55,108,21,104,89,12,46,128,133,93,32,38,29,82,116,127,75,30,19,94,87,43,143,50,101,146,59,73,42,95,145,74,26,131,139,18,103,24,54,0,64,126,85,17,78,90
110,51,141,100,120,73,129,70,89,134,93,66,55,61,127,74,140,67,98,64,135,82,15,143,125,62,29,148,69,149,27,142,25,97,147,88,42,28,18,99,101,109,95,132,6,133,121,130,41,146,123,3,57,30,136,63,122,14,23,21,10,85,90,118,11,114,111,86,1,60,138,104,7,113,65,50,12,9,107,22,2,48,102,54,126,119,45,84,128,43,0,35,33,75,44,20,46,145,5,24,32,139,4,8,72,87,68,58,26,56,78,59,53,52,116,137,81,92,117,106,16,144,94,31,76,39,124,38,71,79,40,103,108,19,96,80,47,17,115,34,91,49,112,36,83,131,77,105,13,37
138,123,144,56,35,70,91,137,84,81,67,117,149,15,100,42,16,8,21,103,60,14,58,22,122,109,105,26,108,134,63,131,48,10,76,90,120,19,32,132,121,104,45,17,79,101,111,18,142,119,2,112,52,130,11,124,85,41,43,36,28,73,140,143,51,97,71,65,125,96,118,49,148,146,69,126,93,139,7,30,102,74,64,141,110,46,5,128,106,95,86,13,38,129,61,33,82,40,80,147,37,136,88,55,89,107,57,9,1,6,50,20,62,72,47,99,114,4,94,98,54,115,34,113,12,92,39,25,75,66,3,133,83,31,116,145,24,59,23,53,68,127,27,135,77,87,29,78,44,0
67,103,21,125,100,31,135,2,142,70,134,120,126,53,54,116,94,146,78,10,65,64,62,60,80,74,128,46,82,76,147,55,43,121,35,47,42,34,88,98,33,111,69,131,114,139,143,75,25,7,99,119,124,52,63,112,49,23,5,12,3,115,26,32,106,51,18,97,20,91,145,133,19,59,136,40,81,138,48,61,148,101,85,102,9,141,117,107,36,105,132,73,127,92,87,15,104,8,58,86,6,90,11,17,108,30,22,83,72,71,1,129,4,45,140,93,27,38,28,109,29,122,123,0,14,118,44,110,113,24,149,89,84,41,56,144,95,77,68,79,37,39,130,137,57,50,96,16,66,13
63,68,6,108,27,7,23,11,35,110,52,114,54,118,96,15,90,94,57,36,43,12,71,48,87,121,125,10,41,58,60,92,69,109,133,22,102,19,134,53,112,61,28,40,18,143,147,59,38,100,84,101,4,66,47,149,51,73,0,42,130,30,138,139,13,86,64,106,115,31,77,80,1,8,65,20,140,137,127,111,132,50,144,76,123,99,62,89,79,146,37,91,81,34,126,75,148,103,24,120,128,3,142,119,21,117,16,67,113,49,78,39,9,97,131,124,14,107,116,33,56,105,88,145,17,25,122,135,95,5,83,136,129,44,85,26,55,141,98,2,93,104,45,46,72,74,29,82,32,70
98,45,70,35,125,149,58,99,114,4,54,87,143,23,33,59,86,140,144,15,37,71,16,130,12,74,19,104,84,81,123,109,82,92,68,62,7,119,133,67,110,103,69,65,78,21,76,49,93,108,75,91,42,122,138,51,43,129,111,94,107,120,30,77,118,72,79,147,29,89,146,36,11,117,121,106,142,53,124,101,100,46,40,112,44,95,6,126,14,34,63,52,0,127,97,128,102,136,27,60,2,55,105,38,1,24,139,66,17,64,22,148,8,47,115,41,113,88,28,20,135,85,61,116,31,141,56,96,73,10,50,5,137,83,131,13,132,25,134,39,9,18,48,32,3,80,26,90,145,57
124,73,3,14,83,32,126,22,49,48,27,125,63,8,2,33,44,121,107,135,78,142,132,111,104,38,41,66,149,69,140,138,71,15,85,24,11,92,123,102,148,76,116,52,118,105,30,43,20,59,141,70,86,16,75,133,136,61,47,34,112,108,77,74,122,139,0,117,129,5,65,89,50,36,81,100,60,110,103,128,54,143,45,146,144,64,109,26,39,57,9,120,17,96,101,12,131,95,97,37,56,147,98,28,93,1,119,25,94,55,21,115,145,23,4,106,134,62,90,67,114,51,31,46,79,72,35,68,29,18,127,58,99,80,88,82,53,91,84,13,113,87,19,42,137,10,40,6,130,7
4,142,137,120,65,12,79,80,37,90,10,45,138,24,130,136,125,7,69,68,29,70,5,38,81,3,23,135,82,58,32,107,117,25,17,119,149,48,126,62,109,41,34,71,147,146,64,78,75,99,108,63,122,18,116,52,139,141,51,118,143,74,121,39,50,1,98,59,84,35,102,87,16,30,112,6,42,8,140,88,56,115,129,103,55,134,46,28,92,105,15,128,83,127,9,86,49,57,124,76,2,123,44,97,133,26,93,73,43,95,0,19,96,89,111,14,21,27,131,60,22,132,110,94,91,33,11,100,101,40,31,53,36,144,13,104,145,66,106,113,54,47,85,67,61,72,20,77,148,114
88,34,56,51,116,136,15,118,139,2,72,39,86,107,91,30,131,149,16,8,7,78,147,98,43,137,146,106,71,114,79,63,35,47,119,53,95,70,60,111,100,40,5,10,80,101,96,93,66,26,133,11,138,130,126,48,50,123,67,115,132,54,103,61,44,108,90,109,52,12,143,29,19,17,84,20,76,65,1,135,83,57,144,105,113,87,122,120,121,77,89,94,25,62,117,58,32,92,104,45,97,6,99,128,18,13,73,75,24,36,59,21,145,141,31,37,125,42,68,127,129,4,28,64,110,81,46,49,134,102,27,9,74,3,41,38,142,0,14,112,124,140,148,23,55,85,69,33,82,22
33,24,133,148,86,73,6,99,93,108,138,63,56,68,34,66,116,78,129,118,111,65,46,62,119,121,130,45,74,4,72,32,127,22,117,10,122,104,69,107,28,43,55,140,27,102,35,47,128,142,18,126,137,29,13,20,79,96,30,41,90,64,38,112,106,114,120,95,25,50,44,131,92,146,53,19,98,17,39,2,5,8,100,0,61,21,16,23,124,59,15,88,94,115,67,40,145,85,36,105,123,91,135,11,3,109,52,125,103,81,80,1,141,42,113,60,49,75,89,87,31,54,12,134,26,83,71,84,147,101,58,48,70,144,132,9,82,110,7,14,77,136,51,57,76,143,97,149,139,37
102,132,47,66,25,77,32,145,28,100,16,60,38,116,1,123,46,31,52,56,8,109,73,71,80,62,9,101,112,95,120,79,33,51,19,84,13,24,68,140,42,85,14,107,17,104,36,141,49,118,99,48,86,143,22,108,65,130,146,26,70,126,57,2,0,134,64,41,93,91,144,133,44,129,103,124,136,119,69,78,35,3,50,53,105,12,82,96,142,23,127,72,89,139,87,115,67,34,92,55,4,97,83,94,106,88,81,21,10,39,135,128,63,20,27,45,18,149,117,40,137,90,37,98,121,11,113,30,5,76,54,61,59,29,125,110,148,74,147,7,138,111,43,15,6,131,75,114,58,122
119,0,118,57,147,99,53,104,138,78,114,145,49,60,110,126,121,64,91,26,73,102,11,93,148,21,72,86,22,122,3,13,84,67,14,100,113,82,115,5,139,36,44,16,37,127,77,97,48,38,80,61,79,135,146,9,144,15,47,76,75,2,120,7,68,89,112,94,62,123,87,66,59,12,117,20,125,143,39,101,95,25,43,4,24,105,34,63,42,140,6,88,71,137,133,40,52,30,50,96,136,107,132,10,129,149,54,55,124,103,90,19,32,128,51,142,74,28,27,69,35,45,31,65,85,109,70,18,134,131,81,141,33,130,92,1,106,83,46,116,58,108,98,23,41,111,17,29,56,8
35,16,20,60,59,70,30,46,92,53,140,88,76,44,115,29,15,26,96,107,48,147,56,71,55,95,97,40,51,102,143,84,119,128,139,0,134,58,131,125,61,137,114,111,17,117,122,62,146,9,141,100,129,37,126,45,3,69,91,25,73,72,113,144,52,83,130,132,74,98,108,31,109,27,148,89,105,80,78,4,120,28,81,5,8,50,106,67,1,123,2,112,110,103,135,7,127,36,118,68,57,63,13,86,85,23,138,104,142,54,22,121,12,47,14,99,90,18,65,93,66,6,82,38,64,49,21,79,33,10,94,116,149,75,136,133,19,39,77,43,34,11,87,124,42,101,32,41,24,145
122,52,10,90,89,60,143,135,144,68,120,103,84,124,65,72,38,130,33,139,61,48,146,43,140,111,53,87,13,92,96,18,137,136,88,14,23,95,129,58,94,40,30,91,57,26,41,98,19,47,80,123,78,21,62,34,35,54,63,64,109,107,77,2,73,17,127,31,66,141,121,76,6,25,46,125,51,85,99,55,67,118,102,75,56,93,42,119,100,5,117,86,32,74,132,116,28,101,16,36,82,79,110,145,106,147,0,113,37,50,126,15,131,22,49,104,7,24,71,112,133,8,128,11,27,134,44,4,20,148,39,3,1,97,149,108,142,138,115,45,81,105,70,12,69,9,114,59,83,29
75,118,36,113,59,119,67,85,142,148,16,10,98,79,105,55,66,52,26,94,147,133,74,65,76,92,138,21,57,84,56,27,39,121,11,131,3,104,20,25,149,77,124,140,6,88,100,117,32,102,123,63,13,28,61,37,101,141,51,96,136,48,110,17,18,19,126,81,31,139,137,15,89,41,71,69,2,23,8,68,144,30,45,129,135,40,33,115,116,70,86,145,132,43,111,78,82,108,97,24,64,114,134,0,87,72,38,122,130,60,42,80,106,7,99,90,49,95,58,54,128,29,127,91,35,50,9,103,107,146,143,120,93,62,46,44,73,14,4,112,53,125,83,47,109,34,5,12,1,22
68,147,28,54,132,49,17,13,60,72,103,48,108,123,50,4,57,29,89,74,37,26,121,109,122,36,144,105,148,3,76,19,134,31,39,82,115,85,71,44,93,15,129,65,42,142,138,116,24,22,25,145,130,141,70,53,46,47,95,111,11,114,131,75,30,143,59,149,86,55,21,100,80,139,104,113,94,8,79,41,98,118,140,125,146,27,6,40,2,38,10,43,106,91,133,20,99,73,12,64,84,52,102,96,110,34,126,101,88,33,97,92,67,18,35,83,135,63,66,58,119,69,0,9,51,127,128,16,62,56,136,137,107,45,124,78,5,23,117,32,1,112,7,90,120,81,87,14,61,77
46,61,81,124,65,24,122,1,50,143,97,76,6,34,115,145,3,10,129,89,66,79,144,90,140,52,16,12,127,31,40,131,0,20,36,100,57,62,125,67,112,8,82,88,120,149,136,118,54,139,49,9,134,128,38,93,146,110,23,32,47,80,96,91,69,33,39,109,7,86,28,95,29,75,87,30,60,51,101,25,135,94,107,48,123,92,58,77,70,15,5,22,132,73,142,114,35,2,108,13,71,105,37,74,45,84,103,68,64,18,26,113,14,98,117,104,126,41,59,21,85,138,102,133,72,56,148,83,137,55,63,27,17,116,44,19,147,4,42,111,11,43,121,141,130,119,78,99,53,106
64,18,34,135,26,105,144,3,51,65,24,124,66,40,77,47,9,74,109,112,122,69,21,102,119,28,130,57,120,17,73,37,46,114,88,126,83,99,22,52,2,143,84,86,10,76,104,116,98,32,100,50,128,123,96,48,87,12,31,92,81,117,148,90,16,89,1,72,147,113,129,38,95,35,141,6,55,132,146,63,33,78,15,93,136,80,44,149,41,101,111,110,94,134,108,45,139,140,27,8,115,43,39,19,75,131,23,42,118,0,70,127,91,107,97,54,62,138,53,85,125,67,60,7,20,14,133,61,106,68,49,30,4,5,59,121,71,56,29,137,79,58,103,36,142,145,25,11,13,82
35,30,147,115,17,92,103,142,104,99,134,6,128,28,148,78,117,110,46,118,70,93,86,26,129,54,71,131,18,48,137,135,63,89,23,45,94,21,100,59,16,41,69,49,121,15,20,133,36,127,9,77,66,73,38,98,27,139,81,32,132,105,80,116,120,123,113,79,82,0,126,56,60,53,136,43,40,90,91,106,64,144,37,97,146,140,50,61,52,84,7,107,57,22,141,44,29,111,125,67,83,42,24,114,138,124,102,55,58,1,14,19,68,33,2,25,8,5,11,10,3,101,143,34,76,122,65,109,75,51,4,149,13,85,74,130,62,87,108,39,119,95,72,88,145,12,31,112,47,96
117,107,140,104,89,118,60,11,43,66,77,102,61,48,23,15,123,54,97,119,37,98,0,42,116,67,27,84,148,52,1,143,29,44,109,114,91,94,93,18,113,63,78,80,125,26,10,20,68,16,101,136,144,46,39,4,132,6,87,112,141,135,57,31,90,86,62,69,137,122,21,33,32,111,142,134,28,58,145,146,8,38,95,55,83,25,2,72,41,36,40,131,34,65,9,79,128,127,53,51,13,73,149,71,22,147,124,19,92,30,24,3,12,115,106,70,17,14,129,96,56,75,105,88,110,45,100,108,47,5,130,76,138,59,99,81,49,103,121,50,74,139,126,7,82,133,35,64,85,120
144,135,0,109,62,85,138,44,61,76,45,8,82,106,59,145,49,91,88,96,58,64,40,24,121,132,69,83,12,60,81,120,14,29,108,102,50,148,78,71,141,113,149,100,90,38,111,142,77,147,26,133,116,3,15,5,32,134,72,115,137,84,6,19,55,101,35,17,41,28,87,52,10,92,7,37,42,21,104,34,105,103,130,13,98,146,117,53,75,9,126,47,54,95,18,31,46,94,136,114,70,43,1,129,57,89,27,51,20,16,140,11,63,23,39,93,73,110,30,80,66,127,139,131,65,74,68,97,86,4,99,36,122,22,33,107,123,79,67,25,56,2,128,118,112,48,124,119,125,143
88,132,110,141,13,17,126,11,24,144,140,93,119,16,77,69,142,68,28,97,65,20,25,3,9,122,15,14,43,46,54,71,91,116,129,149,38,18,72,67,55,86,60,145,143,134,56,63,59,135,121,32,22,51,47,6,70,109,87,127,64,101,26,7,80,139,12,147,66,84,138,36,100,37,123,124,106,30,76,4,130,19,78,8,89,133,96,108,125,131,98,61,79,112,41,75,115,85,73,113,94,35,23,148,39,111,50,2,103,117,49,74,1,62,83,21,114,146,82,52,31,92,10,95,27,58,128,29,53,81,40,107,5,48,44,0,102,34,45,137,118,42,57,104,120,105,33,99,90,136
72,14,48,94,113,143,103,63,131,124,111,82,70,45,22,68,132,54,5,30,60,31,145,59,100,110,97,66,141,120,87,105,114,33,57,81,90,47,92,142,43,52,130,89,9,144,16,138,98,4,77,53,93,35,102,126,12,99,115,107,40,134,55,76,148,101,49,44,80,85,10,37,11,121,42,95,17,119,109,3,26,140,25,36,118,136,20,56,139,2,61,75,67,8,29,73,46,125,88,96,38,112,51,86,13,135,27,64,91,104,62,106,137,19,32,34,133,69,74,122,84,149,58,147,1,39,15,41,127,28,129,116,117,123,128,146,7,71,24,108,23,78,50,0,18,79,83,65,21,6
145,48,126,65,110,25,99,43,74,132,121,136,100,125,134,19,146,61,59,78,1,137,87,10,14,49,68,77,108,102,111,81,76,119,124,72,82,91,20,123,80,142,103,105,24,31,90,11,41,101,141,50,113,148,114,122,64,35,93,54,116,133,107,0,149,63,27,9,147,135,85,128,6,3,21,117,12,2,127,15,69,7,79,144,30,118,94,88,18,8,98,5,42,55,143,92,44,106,83,36,95,33,56,39,139,97,51,58,62,37,96,60,109,73,34,16,53,120,46,129,47,66,45,67,57,29,26,138,13,75,104,140,130,22,4,89,17,112,38,86,40,71,32,52,28,131,23,115,70,84
144,42,3,10,102,83,140,72,40,85,51,73,111,93,77,135,131,117,30,87,68,21,14,50,103,59,8,46,112,16,91,132,9,5,55,134,71,37,11,139,109,105,60,110,54,69,119,31,2,23,107,94,53,61,7,22,82,41,24,114,145,123,89,100,0,48,146,4,79,19,95,70,147,52,142,65,143,43,34,38,57,56,1,66,88,33,101,25,29,32,124,148,127,137,67,99,27,133,47,12,98,104,113,115,116,58,74,13,90,120,45,84,92,96,80,78,141,126,149,97,20,17,28,130,118,75,76,136,138,122,6,49,129,106,15,63,62,36,125,35,44,39,18,128,64,81,121,86,108,26
83,53,79,40,111,140,141,139,132,36,146,91,126,123,8,120,72,107,89,78,130,127,117,109,24,64,118,48,131,136,29,0,110,51,75,97,15,20,100,121,94,125,47,45,135,17,133,81,106,16,62,95,99,86,124,65,1,63,56,84,67,69,4,31,87,49,147,13,112,129,104,85,21,122,44,26,6,115,70,60,38,138,30,82,90,10,54,28,144,43,88,39,103,80,33,66,108,101,102,137,7,22,134,37,113,11,52,12,74,42,148,76,59,23,57,35,71,68,9,55,96,18,5,142,116,73,143,58,77,2,128,98,50,34,46,145,19,25,114,105,32,14,92,27,41,61,93,149,3,119
88,51,138,15,143,30,73,118,62,101,76,13,57,41,124,91,97,109,103,39,66,140,106,100,59,38,86,32,136,95,116,16,82,148,89,99,71,128,108,112,45,84,81,105,44,4,68,87,80,65,46,83,77,135,60,93,49,69,52,96,8,129,94,113,24,5,115,34,12,37,141,17,90,98,119,127,144,64,78,67,139,19,1,2,126,92,131,121,18,55,63,56,111,43,104,31,130,75,50,3,114,102,70,23,147,146,134,0,120,61,27,54,145,58,137,74,85,149,42,40,117,142,28,22,110,7,26,125,20,33,29,107,14,10,25,6,132,72,36,47,122,21,9,53,79,35,123,48,11,133
118,123,110,147,72,108,57,27,102,121,28,45,54,80,112,61,59,67,92,76,1,101,15,17,51,26,144,64,8,83,21,109,77,125,50,22,18,130,55,103,10,127,68,65,81,12,141,20,46,34,117,41,142,119,140,38,132,37,107,4,134,3,133,129,122,89,14,124,29,60,136,32,25,94,91,146,78,115,100,96,111,139,116,19,33,24,126,9,0,148,43,73,40,49,145,47,42,66,87,75,82,99,36,69,104,5,79,70,2,143,93,105,84,63,86,39,31,7,137,131,120,35,95,62,48,6,149,97,114,44,135,23,56,11,85,16,52,90,88,138,113,58,53,106,128,74,13,98,71,30
29,106,46,66,5,13,48,99,74,146,35,111,115,135,144,128,68,75,76,139,73,54,145,53,36,118,136,87,82,125,107,16,147,21,142,69,86,98,19,61,18,91,43,22,119,83,14,60,127,88,26,23,138,72,108,109,113,137,85,7,30,123,120,131,65,70,80,78,0,129,8,20,3,27,133,141,63,149,24,39,4,41,124,31,45,148,97,117,104,140,42,90,15,1,64,52,103,32,44,84,9,40,38,17,2,47,122,79,37,89,6,57,110,62,105,10,33,94,130,28,77,132,12,134,114,56,102,143,95,116,92,93,96,67,112,101,121,34,51,81,59,11,71,55,58,100,126,50,25,49
96,42,81,74,141,103,26,11,115,5,29,10,43,54,91,86,101,49,114,19,3,82,12,76,129,34,69,68,126,63,106,62,107,66,56,80,118,147,119,30,124,64,139,145,9,2,39,128,104,13,130,116,100,142,98,77,140,121,122,37,127,28,21,135,149,138,72,53,6,45,41,50,67,134,110,94,22,133,93,97,131,0,117,46,70,31,120,15,144,65,89,102,105,55,47,71,123,85,143,18,84,57,148,75,8,44,83,32,4,136,48,33,52,40,87,109,95,132,35,125,61,1,14,137,78,58,51,24,25,59,73,112,111,79,20,99,108,92,23,60,16,88,7,27,113,38,17,36,90,146
52,84,10,73,107,26,103,136,8,65,53,36,15,133,75,32,54,112,82,119,134,93,51,102,126,105,85,60,70,29,35,7,99,69,11,144,30,72,118,146,109,17,98,143,59,80,76,83,148,22,137,142,58,124,132,90,38,68,115,3,123,40,63,120,74,21,46,130,140,12,55,13,96,45,127,71,2,61,62,81,23,48,31,131,16,100,114,147,9,33,28,88,78,106,87,19,0,135,43,4,5,34,129,89,139,25,1,56,47,122,67,97,66,77,111,101,128,95,113,14,110,138,39,42,86,149,57,44,50,79,18,6,145,37,108,27,116,91,49,92,125,41,94,117,24,104,64,20,121,141
19,143,60,30,41,64,46,24,12,101,86,85,97,125,145,128,58,49,8,120,71,27,115,87,139,113,118,104,95,92,13,124,26,43,103,53,31,1,98,54,18,57,10,39,111,14,47,142,21,149,110,133,38,119,109,122,94,3,147,32,20,102,93,40,106,96,23,65,29,74,107,148,84,56,73,28,4,146,105,16,36,117,15,134,144,82,5,11,90,89,83,63,79,59,138,78,70,25,99,141,35,48,42,81,44,34,66,112,116,62,9,7,77,91,76,123,129,126,45,135,80,132,72,114,100,67,37,69,22,108,140,136,50,68,75,121,0,127,6,130,51,131,33,61,17,52,137,88,2,55
47,98,39,61,142,8,64,1,80,41,16,107,32,126,147,69,100,129,118,77,24,3,42,55,67,35,109,120,17,46,18,140,81,26,106,28,43,30,4,57,134,93,60,135,73,90,82,14,65,117,127,113,108,104,9,96,97,123,99,70,50,45,114,138,71,115,72,132,10,146,66,145,63,128,36,110,103,15,2,33,94,29,116,122,124,119,143,53,6,21,52,79,95,85,31,38,133,130,27,111,105,88,78,148,76,58,34,13,12,22,51,75,84,92,131,101,59,37,44,48,40,0,49,68,62,149,19,20,7,54,74,121,25,137,23,86,11,83,87,136,5,139,144,56,125,141,91,112,89,102
23,6,103,142,144,58,2,79,25,94,126,80,55,123,75,122,118,111,33,36,29,76,19,60,22,108,112,136,71,86,17,63,109,67,7,145,3,68,141,87,125,65,107,1,149,62,21,99,90,69,40,10,88,31,35,89,121,93,82,53,43,50,32,13,24,104,70,140,147,39,46,128,44,120,64,41,100,133,124,131,15,132,48,115,28,130,146,116,97,106,20,16,84,134,74,18,96,56,12,45,77,91,72,14,42,85,49,26,66,129,34,127,78,105,148,52,102,110,54,139,135,119,0,143,95,81,37,57,98,11,117,59,113,4,30,47,8,51,83,61,137,101,5,114,92,73,138,38,9,27
71,146,130,28,125,103,9,29,90,18,8,77,30,124,37,99,106,116,127,135,113,39,139,46,44,26,41,47,76,45,131,32,62,81,15,48,136,96,73,95,101,70,40,126,7,35,17,128,132,119,1,123,66,34,58,85,118,82,120,67,72,84,49,65,133,148,0,74,89,36,147,87,110,149,114,143,129,141,52,86,38,98,24,142,11,91,105,21,104,117,12,112,27,6,53,50,3,23,4,31,63,61,83,33,97,16,115,51,137,20,140,56,59,2,144,42,111,57,43,22,19,79,60,108,55,10,5,138,100,14,145,102,88,25,94,122,68,54,75,134,121,92,69,109,78,107,80,13,93,64
73,116,103,118,55,28,25,56,14,42,6,115,43,120,86,92,76,20,117,109,84,89,48,36,114,95,111,134,4,37,31,3,23,122,64,126,101,146,47,142,61,148,1,40,108,127,113,79,112,133,128,85,71,33,144,110,59,137,60,58,32,139,24,2,121,12,50,132,90,136,102,80,21,96,52,75,26,57,123,141,66,63,129,17,18,65,9,124,27,125,68,88,22,13,7,147,77,34,82,10,19,29,72,45,98,38,44,69,30,67,97,135,74,149,145,131,49,39,5,0,8,99,91,143,54,140,16,41,138,70,105,35,83,94,62,106,51,11,119,100,15,93,104,53,87,46,81,130,78,107
83,98,100,80,66,75,6,71,76,94,22,0,118,13,88,81,62,56,115,105,68,69,142,1,20,43,82,3,63,93,108,112,101,27,37,30,121,11,135,72,96,21,87,134,116,107,67,144,110,46,113,33,127,148,39,126,86,32,64,28,78,48,16,140,47,31,42,128,109,111,24,61,91,84,146,58,136,40,38,79,41,44,103,59,102,10,145,99,125,49,57,15,114,36,60,89,34,55,74,12,117,95,29,138,106,139,53,137,45,2,129,51,8,26,133,23,132,5,141,19,25,149,122,85,4,147,130,104,92,50,18,90,97,73,7,35,65,54,143,17,14,9,123,120,131,119,52,124,77,70
