0,1,2,3,4,5,6,7,8,9,10,11,12,13,14,15,16,17,18,19,20,21,22,23,24,25,26,27,28,29,30,31,32,33,34,35,36,37,38,39,40,41,42,43,44,45,46,47,48,49,50,51,52,53,54,55,56,57,58,59,60,61,62,63,64,65,66,67,68,69,70,71,72,73,74,75,76,77,78,79,80,81,82,83,84,85,86,87,88,89,90,91,92,93,94,95,96,97,98,99
0,1,62,3,23,5,6,7,8,9,10,90,12,91,14,15,16,17,18,19,4,21,67,49,24,25,26,27,28,20,95,31,32,11,34,35,36,37,38,39,40,2,42,43,44,45,46,47,48,33,50,51,52,53,54,55,30,57,68,59,60,61,22,97,64,65,66,72,29,69,70,71,78,73,74,75,76,77,58,79,80,81,41,83,84,85,86,87,88,89,56,63,92,93,94,82,96,13,98,99
0,1,62,3,23,5,6,7,8,85,10,90,12,91,53,13,16,17,18,19,4,82,67,84,24,9,38,27,28,20,95,31,32,11,34,35,36,37,41,51,40,2,42,57,44,45,46,47,43,97,50,33,52,88,54,55,30,21,68,59,60,61,64,49,15,65,66,72,29,69,70,71,78,73,74,75,76,77,58,79,80,81,22,83,26,25,86,48,87,89,56,63,92,93,94,14,96,39,98,99
57,9,0,3,35,5,31,7,51,85,10,1,40,37,53,13,16,17,18,19,4,82,67,84,24,23,38,27,8,20,95,97,32,11,34,60,36,45,90,30,62,2,42,75,44,47,46,41,43,22,50,33,52,88,54,55,91,21,68,59,6,61,64,49,15,65,66,72,29,69,70,71,78,73,74,12,76,77,58,79,80,81,28,83,26,25,86,48,87,89,56,63,92,93,94,14,96,39,98,99
57,9,0,3,53,5,31,7,51,85,10,1,40,37,56,13,16,86,18,19,4,82,67,84,30,23,38,52,17,20,95,97,32,11,83,42,36,45,90,59,62,2,64,27,44,47,46,41,43,22,75,33,54,88,81,55,91,21,68,50,6,24,8,49,15,65,66,72,29,69,34,71,78,73,74,12,76,77,58,70,79,60,28,35,26,25,80,48,87,89,93,63,92,61,94,14,96,39,98,99
57,17,0,3,53,31,50,7,51,4,10,1,40,37,56,93,16,80,18,19,14,82,67,84,71,23,38,52,86,20,95,97,32,11,83,42,36,45,90,59,62,2,64,27,44,47,46,41,43,22,75,63,81,88,73,55,91,21,68,30,6,24,5,49,15,65,70,9,29,69,34,74,78,54,8,12,76,77,58,66,79,60,28,35,26,25,33,48,87,89,72,13,85,61,94,92,96,39,98,99
97,17,0,3,53,31,50,7,51,4,10,68,90,37,56,93,16,80,18,19,39,82,67,84,57,23,38,41,86,20,95,25,32,11,83,42,36,45,54,59,62,70,64,27,44,47,43,77,71,22,46,63,81,88,73,55,91,21,66,30,6,40,5,49,15,65,58,9,29,69,14,74,78,8,26,12,76,1,52,2,79,60,28,35,34,24,33,48,87,89,72,13,85,61,94,92,96,75,98,99
97,17,0,47,53,31,41,7,4,59,10,68,90,37,56,93,50,40,18,19,39,82,33,84,57,23,38,6,86,20,62,25,32,11,83,42,36,45,54,95,72,70,64,27,44,12,43,16,71,22,46,63,3,88,73,15,91,21,55,30,80,9,5,96,67,65,58,81,29,69,14,74,78,8,26,77,76,1,52,2,79,60,28,35,34,24,66,48,87,89,49,13,85,61,94,92,51,75,98,99
97,17,51,47,53,31,41,7,4,59,10,68,90,37,56,93,50,40,18,19,39,5,33,84,82,23,38,6,86,87,12,85,32,11,83,42,36,45,54,95,72,70,13,27,44,75,43,16,71,22,46,63,64,88,73,15,91,1,55,30,20,9,98,96,67,65,58,81,29,69,0,74,78,8,26,77,76,21,52,66,34,3,28,35,57,24,79,48,60,89,49,2,14,61,94,92,62,25,80,99
97,17,51,47,36,31,41,7,90,59,10,24,81,4,91,93,50,40,18,19,39,5,33,34,82,23,38,6,37,87,12,0,32,11,84,42,56,45,54,95,72,70,13,27,44,75,78,16,68,22,46,63,64,88,43,86,53,1,92,30,20,9,98,73,67,65,58,71,29,69,83,74,85,8,26,77,76,21,52,66,15,3,28,35,57,49,79,48,60,89,55,2,14,61,94,96,62,25,80,99
97,0,51,47,36,95,57,7,41,59,10,24,46,4,91,17,50,65,52,19,39,73,33,34,82,23,38,15,37,87,12,48,32,11,84,40,56,99,54,5,72,70,13,27,44,42,78,16,68,22,90,63,64,88,43,86,53,1,92,30,20,9,98,6,67,75,58,71,29,69,83,74,45,8,26,77,76,21,89,66,31,3,28,35,85,49,79,81,60,93,55,2,14,61,94,96,62,25,80,18
78,76,40,47,36,95,57,7,41,59,10,24,91,4,90,17,50,65,52,19,39,73,33,34,82,46,38,55,37,87,12,48,32,11,84,66,56,0,51,5,72,70,13,27,99,8,54,16,68,22,74,63,64,88,43,86,53,1,44,97,20,9,98,6,67,75,58,71,30,69,79,45,29,42,26,77,23,21,89,92,31,3,28,35,85,49,83,81,60,93,15,2,14,61,94,96,62,25,80,18
78,76,40,47,17,95,57,60,8,59,10,82,92,4,90,55,50,65,52,19,39,73,33,70,24,25,38,46,37,87,12,48,32,11,93,66,56,0,51,5,72,20,77,27,99,91,54,16,68,22,74,63,64,88,43,13,53,1,44,97,45,9,98,6,67,75,58,71,7,69,79,36,29,42,26,84,23,86,89,41,31,3,21,35,85,49,83,81,30,34,15,2,14,61,94,96,62,28,80,18
78,76,40,47,17,95,57,60,8,59,10,36,92,4,90,55,50,68,52,19,65,73,33,70,24,25,38,46,37,87,12,39,32,5,93,66,56,11,51,0,81,20,77,27,97,74,54,16,28,22,7,63,64,88,43,13,3,1,44,48,45,9,98,6,67,75,58,71,91,69,79,84,29,42,26,21,23,86,89,41,31,2,72,35,85,82,83,99,30,34,15,53,14,61,94,96,62,49,18,80
78,97,40,47,29,95,99,60,8,59,10,36,92,23,96,44,5,68,52,19,65,73,33,70,24,25,38,53,58,87,0,39,37,76,93,66,56,11,51,17,32,20,77,27,4,74,54,16,28,22,7,63,64,12,43,13,3,1,55,48,45,9,98,6,67,75,57,71,91,69,79,84,35,42,26,21,80,86,89,41,31,2,72,50,85,82,83,88,30,34,15,90,14,61,94,81,62,49,18,46
78,64,40,47,29,95,35,60,8,59,87,36,92,23,84,44,5,68,52,19,65,97,33,70,24,25,94,53,58,69,0,39,37,31,93,66,73,11,51,17,7,76,41,27,4,74,54,16,28,42,22,63,77,12,43,13,3,1,55,48,45,9,98,6,67,75,57,20,91,96,79,86,46,56,26,21,80,32,89,99,38,2,72,50,85,82,83,88,30,34,15,90,14,61,10,81,62,49,18,71
78,64,40,47,29,41,35,60,8,61,87,36,92,23,84,44,5,9,52,19,65,97,49,70,24,25,94,42,77,69,0,39,59,31,58,76,73,11,51,17,7,93,33,27,53,74,54,16,28,26,22,34,63,95,43,13,3,1,55,48,4,71,98,6,67,75,57,20,91,96,79,86,46,56,66,21,80,45,89,99,38,2,72,50,85,82,83,88,30,68,15,90,12,14,10,81,62,37,18,32
78,64,40,6,16,41,35,60,49,61,87,36,92,23,84,44,5,9,8,19,65,97,10,38,24,29,94,42,77,69,0,91,1,31,58,76,73,11,51,17,7,93,33,52,80,74,54,14,28,26,22,37,63,39,43,13,3,66,55,48,4,71,27,59,67,75,57,20,47,96,79,86,46,56,95,21,25,45,89,99,98,2,72,50,85,70,83,88,30,68,15,90,12,34,53,81,62,82,18,32
78,13,40,6,16,41,35,30,64,61,87,36,67,23,84,44,5,9,8,19,65,73,10,38,24,29,94,42,77,69,0,91,1,31,58,56,32,11,51,17,7,93,54,52,80,74,3,14,28,26,22,92,63,39,43,62,76,12,25,4,66,71,27,59,49,75,57,20,97,96,79,86,46,48,95,21,60,45,89,99,98,2,72,50,85,70,83,88,47,68,37,90,15,34,53,81,33,82,18,55
78,13,70,39,16,93,35,30,64,61,87,36,67,23,20,44,83,9,8,19,65,73,10,38,24,29,94,22,77,69,0,91,1,31,58,56,40,11,51,17,7,6,81,52,80,74,3,14,28,26,90,92,63,2,43,33,76,86,25,4,66,71,27,59,49,75,57,96,97,32,79,42,46,48,95,21,60,41,89,99,98,72,12,50,85,45,37,88,47,68,84,62,15,34,53,54,5,82,18,55
44,13,70,39,16,93,28,30,64,54,87,43,67,23,20,36,83,9,48,7,65,73,78,38,24,29,94,22,77,69,0,84,1,95,58,56,40,11,51,17,19,6,76,52,80,74,3,14,91,26,90,75,63,2,47,33,61,86,25,4,66,71,27,59,49,81,57,96,97,32,79,42,35,60,92,21,41,10,89,99,98,72,12,50,85,45,37,88,8,68,46,62,15,34,53,31,5,82,18,55
44,30,18,77,7,93,28,91,64,70,87,43,67,23,20,36,83,81,48,12,65,73,78,38,24,29,94,22,72,69,0,14,1,95,58,56,39,11,79,84,19,6,76,86,80,74,32,13,54,26,90,75,63,2,47,33,61,17,25,4,66,71,27,59,49,40,57,96,97,52,3,42,35,60,92,21,41,10,89,99,98,9,53,50,85,45,37,88,8,68,46,62,15,34,51,31,5,82,16,55
44,30,18,77,7,93,73,91,64,26,57,43,67,23,20,36,83,81,48,12,35,8,78,68,24,29,94,22,72,69,0,14,1,95,58,56,39,11,79,84,19,53,76,86,33,74,32,13,54,87,90,75,63,80,47,38,37,17,25,4,66,71,27,59,49,40,50,96,97,52,3,42,61,60,6,92,41,10,89,99,98,9,82,65,70,45,55,88,34,21,46,62,15,28,51,31,5,85,16,2
44,30,18,77,7,93,73,91,64,26,57,43,67,23,75,24,83,81,42,12,35,8,78,68,53,10,94,65,72,69,0,14,1,95,46,56,39,58,79,84,19,63,76,86,33,74,32,13,54,87,90,41,3,80,47,38,37,17,97,4,66,71,27,59,49,36,50,96,22,20,40,48,55,60,6,92,25,61,89,99,98,9,82,29,70,45,62,88,34,21,15,11,52,28,51,31,5,85,16,2
44,55,18,77,7,93,27,91,64,26,57,43,67,23,75,24,83,81,42,12,35,8,78,73,53,10,94,9,72,69,46,14,1,36,56,86,39,58,79,84,19,63,76,71,33,74,41,13,54,22,90,60,50,80,47,38,37,17,97,4,66,87,0,59,49,20,65,96,99,40,32,30,3,48,6,92,25,61,89,95,98,68,82,29,70,45,62,88,34,21,15,11,52,28,51,31,5,85,16,2
44,29,18,93,77,95,27,91,64,26,57,43,67,23,75,7,83,88,42,12,58,8,78,73,53,15,94,9,72,69,46,14,1,36,55,86,39,71,79,84,76,63,60,19,35,74,41,13,54,22,90,30,50,16,47,38,37,17,97,4,66,87,0,59,49,20,65,96,99,40,32,85,3,24,6,92,25,61,89,48,98,68,82,21,70,45,62,56,34,33,80,11,52,28,51,31,5,10,81,2
44,29,18,93,77,95,27,91,70,26,57,43,13,23,75,7,84,69,42,67,96,8,5,73,53,15,58,9,72,64,78,14,1,54,55,86,39,71,36,94,46,63,60,19,35,74,41,88,83,22,90,30,50,16,47,38,37,17,76,4,66,87,0,52,49,20,65,80,99,40,32,85,3,24,6,92,25,61,89,48,98,68,82,21,33,45,59,56,34,12,97,11,79,28,51,31,62,10,81,2
44,29,18,93,77,95,27,91,49,20,57,76,13,96,80,7,84,69,42,67,90,23,5,73,53,15,9,58,72,64,78,68,26,54,55,86,39,71,36,94,46,63,60,19,35,74,41,88,83,43,14,89,50,16,47,38,37,17,85,4,66,87,0,52,8,30,65,75,99,70,32,1,3,24,6,92,25,61,62,48,21,40,82,22,33,45,59,56,34,12,97,11,79,28,51,31,98,10,81,2
44,72,18,93,48,95,27,91,15,20,57,76,13,96,80,7,17,69,42,29,90,23,5,9,53,77,24,58,85,21,78,25,26,54,51,86,39,71,87,94,46,63,60,19,35,74,41,88,83,43,14,64,50,16,47,38,37,75,36,4,49,92,0,52,8,30,65,67,99,70,32,1,3,84,6,73,66,61,62,68,89,40,82,22,33,45,59,56,34,12,97,11,79,28,55,31,98,10,81,2
44,72,47,57,48,95,27,55,78,20,77,76,13,96,80,7,3,69,42,29,90,23,5,18,9,93,24,63,85,21,1,25,58,54,51,86,39,71,87,15,46,2,60,19,35,74,41,88,83,43,14,64,50,26,53,38,37,75,36,4,59,89,0,52,8,16,65,67,99,70,32,30,91,84,6,73,66,61,62,68,49,40,82,22,33,45,94,56,34,12,97,11,79,28,92,31,98,10,81,17
44,28,47,57,48,95,27,55,78,20,77,76,13,96,80,7,3,69,42,29,90,5,31,18,9,82,24,63,85,21,1,25,88,72,51,86,39,71,87,15,49,79,22,19,35,60,41,70,83,23,14,64,50,26,53,38,37,75,36,4,58,89,0,91,8,16,65,67,99,59,32,6,74,84,17,73,66,61,62,68,2,40,46,43,33,45,94,56,34,12,97,11,93,30,92,52,98,10,81,54
59,28,47,9,48,95,39,65,78,20,77,76,86,96,80,7,3,69,42,44,90,5,31,18,29,27,24,63,85,21,1,25,88,72,82,4,51,71,87,15,49,79,22,19,35,99,41,11,83,23,14,64,50,26,53,68,37,75,36,66,58,45,0,91,8,16,57,67,55,13,32,6,74,84,17,73,38,61,62,52,2,40,46,43,33,89,94,56,34,12,97,81,93,30,92,60,98,10,70,54
22,28,47,9,48,95,69,65,26,51,77,76,86,96,80,78,3,44,42,29,90,5,52,18,83,27,24,63,85,20,1,25,88,60,82,4,41,71,87,15,81,79,2,21,35,99,58,11,59,23,14,64,50,39,53,68,37,75,72,66,56,45,0,91,8,16,57,67,55,13,32,6,74,84,17,73,38,61,62,19,31,40,46,43,33,89,94,36,34,12,97,49,93,30,92,7,98,10,70,54
22,28,47,9,67,61,69,65,26,30,77,76,86,72,80,78,3,44,42,32,90,5,52,18,83,27,24,63,85,20,1,73,88,60,82,4,41,71,87,15,81,79,2,21,35,99,58,93,59,23,14,64,50,39,53,68,37,75,6,66,56,45,0,51,91,16,57,7,55,11,8,25,74,84,17,70,38,48,62,19,94,40,46,43,29,31,49,36,34,12,97,96,13,95,92,89,98,10,33,54
22,28,47,9,67,61,69,65,26,30,77,76,86,72,80,78,3,21,42,32,90,5,52,18,34,48,24,63,85,20,1,73,88,60,82,4,41,71,44,94,81,79,2,99,35,74,58,93,59,23,14,64,50,39,0,56,37,15,6,66,53,45,87,51,91,16,27,68,55,11,8,33,7,84,17,70,19,38,62,29,89,40,46,25,83,31,49,36,75,12,97,96,13,95,92,43,98,10,57,54
22,0,47,9,59,77,69,65,26,70,53,76,86,72,80,5,3,21,84,42,90,94,52,18,34,48,24,63,85,20,7,73,88,30,82,4,41,71,44,61,81,79,2,99,40,15,58,93,1,23,35,64,50,39,28,56,37,74,6,66,33,45,87,51,91,16,27,68,55,11,8,78,14,67,17,13,19,38,62,29,89,32,46,25,83,31,49,36,75,12,97,96,60,95,92,43,98,10,57,54
8,0,46,9,59,66,71,65,60,70,53,76,86,72,80,5,3,21,84,42,90,94,52,18,34,48,24,63,85,20,7,73,23,30,22,97,26,4,44,61,81,79,17,99,40,15,58,93,1,41,35,64,50,39,36,56,37,74,6,49,33,45,87,51,82,16,27,68,55,11,2,78,14,67,77,13,19,38,62,32,89,28,69,25,83,31,29,88,75,12,98,96,91,95,92,43,47,10,57,54
8,0,90,9,59,66,71,65,11,70,30,76,86,19,80,5,3,21,84,42,46,94,52,18,34,48,24,63,51,85,7,73,23,10,22,97,26,28,44,61,81,79,17,99,72,40,75,87,77,41,35,64,50,39,36,56,37,92,6,49,33,45,60,67,82,16,27,68,55,53,2,78,14,1,93,13,58,38,62,32,89,15,69,25,83,31,29,88,74,12,98,96,91,95,20,43,47,4,57,54
8,0,90,9,59,4,71,65,20,64,30,76,86,19,70,84,3,21,45,49,46,94,52,18,34,48,24,63,51,85,7,77,23,10,61,97,26,28,6,74,81,79,17,99,72,40,82,87,13,41,35,11,50,39,36,56,37,92,22,12,33,98,60,67,44,16,27,68,55,53,2,78,14,1,93,66,58,38,62,5,89,15,69,25,83,31,29,88,75,42,73,96,91,95,32,43,47,80,57,54
8,0,90,59,40,4,71,65,96,64,30,76,86,19,70,84,3,21,41,48,46,72,52,91,34,49,98,63,51,85,7,77,23,54,61,97,26,28,6,74,81,79,18,99,10,9,82,87,13,22,35,11,50,39,36,56,37,92,73,12,33,17,94,67,44,16,27,68,55,53,2,78,14,1,93,66,58,38,83,5,89,60,69,25,62,31,29,88,75,42,24,15,95,20,32,43,47,80,57,45
8,0,90,59,40,4,71,65,96,64,45,49,30,19,86,84,67,21,41,48,46,89,76,91,34,80,98,63,51,85,44,32,23,54,25,97,77,28,6,74,81,79,18,99,10,9,82,61,13,22,35,33,50,39,56,36,37,92,73,12,11,17,94,72,87,16,27,68,55,53,2,78,14,1,93,66,58,38,26,5,52,60,69,70,62,31,29,88,75,42,24,15,95,20,83,43,47,3,57,7
8,64,90,59,40,4,71,65,96,86,45,49,85,19,57,84,67,21,41,51,46,94,76,91,34,80,98,60,56,74,44,32,23,77,25,97,7,0,6,63,81,79,18,99,10,9,82,48,13,22,35,33,50,39,89,36,37,92,73,12,11,17,58,72,55,16,27,68,28,53,2,20,14,1,93,66,83,38,26,5,52,54,69,70,62,31,29,88,75,42,24,15,95,87,78,43,47,3,61,30
8,64,11,59,40,4,38,65,96,86,45,57,85,19,43,84,67,21,41,51,46,94,76,91,82,80,98,25,56,74,44,32,23,77,62,97,7,0,6,63,61,79,18,99,10,9,90,48,13,3,35,66,50,39,34,36,71,92,73,12,15,17,58,72,55,16,27,68,95,53,2,20,14,1,93,28,83,49,26,5,52,81,69,70,54,31,60,88,75,42,24,89,29,87,78,37,47,33,22,30
8,54,11,59,40,4,38,65,96,70,86,57,85,19,72,31,67,25,41,62,46,94,76,91,82,80,99,97,56,74,44,32,23,77,98,69,7,30,17,63,61,79,18,78,10,9,90,48,13,3,35,66,50,39,34,36,71,64,73,12,84,0,58,51,55,16,27,68,95,53,2,20,14,1,93,15,83,49,26,5,52,81,43,6,92,21,60,88,75,42,24,89,29,87,45,37,47,33,22,28
8,54,11,25,40,16,63,65,96,70,86,57,85,19,38,31,67,28,41,62,46,94,76,2,82,80,99,97,56,74,66,32,23,77,1,69,7,30,47,59,61,79,18,78,10,9,90,98,13,3,35,22,50,39,34,36,71,64,73,91,84,0,58,51,60,12,27,68,48,53,17,20,14,4,93,15,83,49,26,5,52,81,43,6,95,21,92,88,75,55,24,42,29,87,45,37,44,33,72,89
8,54,11,25,40,16,63,65,96,70,5,57,85,19,38,31,67,49,41,62,46,86,10,2,82,80,99,97,56,37,66,32,79,77,1,69,7,30,47,94,61,3,18,78,87,9,36,98,74,23,43,22,50,39,51,13,71,64,73,6,84,0,58,28,60,12,27,68,48,53,17,20,14,4,93,15,83,34,26,90,76,81,52,89,95,21,92,88,75,55,24,42,29,91,45,59,44,33,72,35
8,3,11,36,22,16,20,65,96,70,5,57,85,19,38,31,67,49,41,75,46,86,10,2,82,80,29,97,56,37,66,32,79,77,91,69,34,63,47,94,61,99,18,58,87,9,13,98,74,23,28,39,50,62,51,88,71,64,73,6,84,0,25,7,60,12,27,68,48,53,17,30,14,4,93,15,83,43,26,90,1,81,52,89,95,21,92,54,76,55,24,42,40,78,45,59,44,33,72,35
8,3,11,41,22,16,20,24,96,65,5,85,21,19,38,31,69,49,66,75,46,86,10,2,82,80,90,97,56,37,0,32,36,77,35,60,34,73,47,94,61,99,63,58,87,9,33,98,74,23,28,39,50,62,51,88,71,64,29,6,84,13,25,7,91,12,27,68,48,53,17,67,14,4,93,15,83,43,26,18,1,81,52,89,95,79,92,54,76,55,70,57,40,78,45,59,44,42,72,30
8,3,48,41,22,87,20,24,96,65,5,60,21,19,38,31,69,88,66,11,46,86,10,2,33,95,90,97,56,37,0,28,36,77,35,67,34,30,47,94,61,75,63,58,17,9,85,98,74,23,32,39,50,62,51,26,71,64,29,6,84,73,25,7,91,12,27,68,49,53,13,99,14,4,93,15,80,43,55,18,1,81,52,83,82,79,92,54,76,89,70,57,40,78,45,59,44,42,72,16
16,3,48,21,22,87,20,24,96,65,41,27,49,19,38,31,69,88,66,11,46,86,10,2,8,80,90,97,56,37,0,28,54,77,35,67,34,30,79,94,61,75,63,58,17,9,85,98,74,60,32,39,50,51,91,26,71,64,29,6,84,1,25,7,73,12,95,68,62,53,13,99,14,4,93,15,83,43,55,18,82,81,33,23,40,47,92,52,76,89,70,57,5,78,45,59,44,42,72,36
83,3,48,21,17,55,20,24,96,65,41,27,49,19,38,31,69,88,66,11,46,86,43,2,8,15,90,97,56,82,0,28,80,77,35,67,22,30,79,94,61,75,63,58,50,9,16,98,25,37,32,39,85,51,91,26,71,34,29,6,84,1,64,7,73,12,52,68,62,53,13,99,14,4,93,54,42,10,74,18,45,81,33,23,40,47,92,95,76,89,70,57,5,78,72,59,44,60,87,36
83,64,48,21,17,55,96,24,82,65,41,63,49,19,38,31,69,88,66,11,46,20,43,2,8,15,27,97,54,98,0,28,90,77,35,67,22,30,79,94,61,75,47,58,50,9,16,39,25,89,32,56,85,51,91,26,71,34,29,6,84,1,37,7,73,12,52,42,81,53,68,99,14,4,93,13,62,10,74,40,45,60,33,23,80,3,92,95,76,18,70,57,5,78,72,59,44,86,87,36
83,64,48,21,17,55,96,40,82,4,41,23,49,19,38,31,69,88,66,11,46,20,12,2,8,15,27,97,94,98,0,28,90,5,42,67,22,30,79,13,61,75,47,58,50,9,77,39,25,89,32,56,85,51,91,26,71,34,29,6,14,1,84,7,73,81,52,43,92,53,68,99,35,37,93,54,62,10,74,95,60,45,65,63,80,3,16,33,76,18,70,57,24,78,72,59,44,86,87,36
83,3,48,21,17,55,27,40,82,4,41,23,49,19,38,31,69,88,66,11,46,20,12,2,8,15,25,97,76,98,0,42,60,24,52,67,64,30,79,44,61,75,47,58,50,9,77,39,62,89,32,56,85,51,91,26,71,34,29,6,14,1,84,7,73,81,65,43,92,53,78,99,35,37,68,54,96,10,5,95,13,45,36,63,80,28,16,33,93,18,70,57,90,94,72,59,87,86,74,22
83,3,48,1,17,55,27,53,82,4,51,23,49,19,38,31,37,40,66,11,46,75,12,85,8,15,25,97,76,98,0,42,60,52,2,67,64,30,79,44,61,41,47,29,50,9,24,39,62,89,32,56,77,21,91,34,71,69,6,74,95,14,84,7,73,81,65,43,92,58,78,99,35,72,68,54,96,10,5,88,13,45,36,63,80,28,16,33,93,18,70,57,90,94,26,59,87,86,20,22
83,92,82,1,17,55,27,53,10,4,51,23,49,19,47,31,37,40,66,11,46,75,12,85,20,26,25,97,76,7,0,42,60,52,2,95,64,59,79,44,61,41,3,29,50,9,24,39,62,89,32,56,77,21,91,34,71,69,5,74,81,14,84,6,73,15,65,43,48,98,78,99,35,72,8,54,96,38,13,88,93,45,36,63,80,28,16,33,30,18,70,57,90,94,58,87,68,86,67,22
83,92,82,1,17,55,27,53,10,4,51,47,49,67,73,31,78,40,66,11,46,75,14,85,20,39,25,97,76,7,0,42,60,48,2,95,64,59,79,44,61,41,3,89,23,9,24,36,52,16,32,26,77,21,91,34,71,69,5,74,81,50,84,6,62,15,65,43,29,98,56,99,96,72,8,54,58,38,13,68,93,45,35,63,80,28,37,33,30,18,70,57,90,94,19,87,88,86,12,22
83,92,82,1,17,55,27,2,10,4,51,47,75,20,49,31,78,40,66,99,46,65,14,85,11,91,53,97,76,7,29,42,60,48,25,9,64,59,79,39,61,41,3,89,23,67,24,36,52,16,32,0,77,21,44,57,71,69,5,74,81,50,84,6,34,15,62,43,13,98,56,8,96,72,45,54,58,38,26,68,93,73,35,63,80,28,37,33,30,18,70,95,90,94,19,87,88,86,12,22
83,92,82,1,17,55,27,14,10,58,50,59,75,20,49,31,26,19,66,99,46,65,91,85,11,78,6,97,76,7,4,42,60,48,25,9,64,2,62,39,61,41,3,89,23,67,36,51,52,16,32,0,47,21,44,57,71,69,5,74,81,40,84,53,34,15,29,43,13,98,56,80,96,72,45,54,24,38,18,68,93,73,35,63,86,28,37,33,30,77,70,95,90,94,8,87,88,79,12,22
83,92,82,1,17,55,27,14,10,38,50,28,75,20,49,31,26,19,66,99,46,56,24,85,11,97,6,70,76,7,4,42,74,48,25,9,86,2,62,39,61,52,3,89,23,67,36,51,69,16,65,0,47,21,91,57,71,58,5,98,81,80,84,53,34,15,29,43,13,60,64,78,32,72,45,54,44,59,18,68,93,73,35,63,40,8,37,33,30,77,41,95,90,94,96,87,88,79,12,22
83,92,79,1,17,55,27,14,10,38,50,28,70,20,49,31,0,19,4,99,73,56,24,85,18,97,9,6,76,7,94,42,74,66,25,65,86,2,62,39,61,52,3,89,23,67,36,98,69,16,11,26,47,21,91,57,71,58,81,75,82,80,84,46,34,15,22,43,13,60,64,78,32,72,45,54,44,59,48,68,93,77,35,63,40,8,37,33,30,51,41,95,90,53,96,87,88,5,12,29
83,92,88,1,17,55,9,14,10,38,50,82,70,20,49,31,0,19,4,99,73,56,24,85,18,97,79,6,2,7,94,42,67,66,27,65,86,41,62,39,96,52,3,25,23,28,36,98,69,16,48,26,47,21,91,57,51,58,81,75,22,80,84,46,34,72,30,43,13,60,64,78,32,89,45,54,44,76,59,68,93,77,35,63,40,8,37,33,61,90,15,95,11,53,74,87,71,5,12,29
83,62,88,1,17,55,28,14,60,38,50,82,70,20,49,35,0,95,4,99,73,56,24,85,18,97,79,6,2,7,81,96,67,66,10,93,86,41,9,44,71,52,3,25,23,21,36,39,69,16,48,26,47,27,91,57,51,58,31,75,94,80,84,46,34,72,30,43,13,65,64,78,42,89,45,54,19,76,59,68,22,77,92,63,40,8,32,33,61,90,15,37,11,53,74,87,98,5,12,29
83,62,85,90,17,55,57,14,60,38,50,82,70,20,49,35,0,95,27,99,6,56,24,13,18,97,79,32,2,7,53,96,67,66,10,93,86,41,9,44,71,80,3,25,23,21,36,39,69,73,48,26,47,88,91,1,16,58,31,75,94,5,54,46,34,72,30,43,45,65,64,78,42,89,52,51,19,87,59,68,81,77,92,63,40,8,76,33,61,28,15,37,11,4,74,22,98,84,12,29
83,62,85,90,17,68,57,19,60,38,50,82,70,34,49,47,0,95,27,35,61,56,24,86,18,97,79,32,2,13,53,96,81,66,10,93,20,41,9,44,71,80,3,25,23,21,36,39,69,73,74,26,22,88,91,1,16,99,31,75,94,5,54,46,14,72,48,43,45,65,64,78,42,89,52,30,51,87,59,58,84,77,92,63,40,8,11,33,67,28,15,37,6,4,7,76,98,55,12,29
47,62,85,99,17,68,57,19,60,51,50,82,70,34,49,23,0,95,22,11,61,26,24,86,18,97,79,12,2,93,53,96,81,66,38,10,32,41,9,44,71,83,20,25,90,21,36,39,69,73,88,42,27,13,91,1,16,56,80,75,94,5,54,46,14,72,48,43,45,65,64,78,31,89,52,30,3,87,59,58,84,77,92,63,40,8,74,33,67,28,15,37,6,4,7,76,98,55,35,29
47,62,85,99,7,68,57,19,71,61,50,0,70,34,49,23,17,95,22,11,42,26,24,86,18,25,91,12,2,93,53,96,81,66,38,10,94,41,9,44,45,83,20,65,51,89,36,39,69,73,88,5,27,13,97,1,16,56,80,75,54,21,60,79,14,72,3,43,82,46,64,78,31,48,52,30,90,87,59,58,84,77,92,63,40,8,74,33,67,28,15,37,6,4,32,76,98,55,35,29
15,62,85,47,93,68,57,19,71,61,58,89,49,34,7,23,17,95,69,77,42,26,24,86,18,25,91,12,2,99,14,53,81,66,38,10,94,41,9,44,45,83,20,65,51,70,36,39,28,73,11,5,27,13,97,1,16,56,80,75,54,63,22,79,33,72,3,43,82,46,64,78,31,48,52,30,90,87,59,60,84,88,92,0,40,8,74,6,67,96,50,37,21,4,32,76,98,55,35,29
15,62,85,47,93,68,66,19,38,61,58,89,49,2,7,23,17,95,69,34,42,26,24,86,77,25,91,12,82,99,14,53,81,11,92,10,94,90,57,44,45,83,20,65,51,70,36,39,28,73,50,5,27,13,97,16,0,56,80,75,32,63,22,79,54,72,3,78,33,46,64,55,31,48,52,30,18,87,59,60,84,88,37,1,40,8,74,6,67,96,41,71,21,4,43,76,98,9,35,29
15,62,85,47,93,68,66,19,38,61,58,89,49,2,7,23,17,95,69,34,42,26,24,99,77,90,91,12,82,98,14,53,36,11,92,10,50,73,57,44,75,83,20,65,51,70,94,39,28,88,8,5,0,13,97,16,52,56,80,59,32,63,25,79,86,27,3,78,33,46,22,55,31,48,4,30,18,87,72,60,81,64,37,1,40,45,74,6,67,96,41,71,21,84,54,76,43,9,35,29
48,62,82,47,85,44,66,19,38,61,58,89,96,2,7,93,84,95,69,34,42,26,24,99,77,90,91,8,98,78,14,53,92,11,1,10,50,73,57,49,75,83,23,28,65,15,94,39,68,70,36,5,0,13,97,16,52,56,80,59,32,63,25,79,86,27,3,12,33,46,22,55,31,17,4,30,18,87,72,60,81,64,37,51,40,45,74,6,67,88,41,71,21,20,54,76,43,9,35,29
48,62,82,47,50,44,66,10,92,19,58,89,87,2,99,93,84,95,69,34,42,26,24,41,77,90,91,8,98,78,14,53,80,68,1,54,96,73,57,49,75,83,23,28,38,21,94,39,15,70,36,5,7,13,97,16,52,56,61,59,43,63,25,79,86,27,3,12,33,46,9,55,31,17,4,30,18,65,72,60,22,64,37,51,40,45,74,6,67,88,81,71,32,20,85,76,0,11,35,29
48,62,82,47,50,44,66,10,92,19,12,89,40,2,99,93,84,95,69,34,6,26,24,41,0,90,91,8,67,78,14,53,79,68,1,54,96,73,57,49,58,83,23,28,38,21,94,77,15,70,36,5,7,13,25,16,98,52,61,59,43,63,80,42,86,27,3,37,85,46,9,55,31,17,97,30,18,65,72,60,22,64,87,51,75,11,74,81,39,88,56,71,32,20,33,76,45,4,35,29
48,62,82,47,50,44,66,7,92,19,12,64,40,2,99,93,84,95,75,18,6,26,24,41,0,90,91,8,67,80,14,53,79,56,1,54,96,73,89,49,58,83,23,28,38,65,94,77,69,70,25,10,15,13,68,36,98,52,61,59,43,63,57,42,86,27,3,37,85,46,60,55,31,17,97,30,34,21,72,16,22,29,87,51,9,11,74,32,39,88,78,71,5,20,33,76,45,4,35,81
4,62,82,47,50,44,66,7,92,19,12,64,18,2,97,93,84,95,75,48,6,26,41,23,0,90,91,8,67,80,14,53,79,28,1,60,96,73,89,49,58,83,39,24,38,65,94,54,69,70,25,10,17,13,78,36,98,52,61,85,43,63,86,42,68,27,3,37,87,46,15,55,31,57,40,30,34,21,72,16,22,29,99,51,9,11,74,32,76,88,56,71,5,20,33,77,45,59,35,81
4,62,82,38,50,44,60,7,46,19,79,64,90,2,97,93,84,95,33,48,6,26,41,23,61,92,91,8,67,80,14,53,99,28,1,12,96,55,89,49,58,83,39,24,66,65,94,54,69,70,25,10,17,77,47,36,98,52,75,85,43,63,30,42,68,18,3,37,87,78,15,81,31,57,40,11,34,21,72,16,22,29,86,51,9,73,74,32,76,88,56,71,5,20,0,27,45,59,35,13
4,12,50,38,71,78,60,7,46,44,79,74,90,3,97,93,84,95,33,48,6,26,41,23,61,92,35,8,36,80,14,53,99,28,1,65,96,2,89,49,58,70,39,24,66,64,94,54,69,83,25,10,17,77,47,15,98,52,75,85,43,63,30,42,68,18,91,37,87,62,19,81,31,57,40,11,34,21,72,16,22,29,27,20,9,73,67,32,76,88,56,82,5,55,0,51,45,59,86,13
4,12,9,22,71,75,60,7,46,44,79,74,90,3,63,93,69,95,33,50,6,26,41,23,61,92,35,8,36,80,14,53,99,28,1,65,96,2,89,49,58,70,39,40,97,64,94,54,78,83,48,72,17,77,47,81,98,52,27,85,32,66,30,42,68,18,91,10,87,62,19,37,31,57,73,11,34,21,15,16,24,29,25,20,43,45,67,84,76,88,56,82,5,55,0,51,38,59,86,13
42,43,12,22,71,75,60,26,59,44,79,74,90,3,63,8,69,95,33,50,6,93,41,23,61,92,81,10,36,80,14,53,99,28,1,65,96,2,89,49,58,70,4,25,97,64,94,54,78,83,48,72,17,77,98,9,35,52,27,85,32,66,30,13,68,18,91,40,87,62,19,37,31,57,73,47,11,21,15,16,24,34,39,20,7,45,46,84,76,88,56,82,5,67,0,51,38,29,86,55
42,43,12,22,91,75,11,26,59,44,57,74,90,3,79,8,69,95,2,78,6,93,41,5,61,92,54,10,36,37,14,53,99,28,1,65,96,55,89,66,58,70,15,25,97,64,94,72,51,83,48,73,17,77,98,9,35,52,27,85,32,63,30,13,68,18,49,40,87,62,19,71,31,81,33,47,80,21,50,16,24,34,39,20,7,45,46,84,76,88,56,82,23,67,0,60,38,29,86,4
42,11,12,35,91,75,3,26,59,44,57,50,83,85,79,8,69,95,2,6,62,93,41,5,61,92,29,10,54,37,14,53,99,28,1,65,34,55,89,74,58,70,15,38,97,64,94,72,51,77,48,73,17,66,98,9,96,52,27,81,32,63,30,13,25,18,49,40,87,43,19,71,31,82,33,47,80,21,22,16,24,90,39,20,7,45,46,84,76,88,56,36,23,67,0,60,68,78,86,4
42,11,12,7,91,75,3,85,59,44,57,50,65,26,79,8,69,95,2,6,62,76,41,5,61,92,29,10,54,37,14,19,99,28,1,78,34,55,89,74,93,70,18,38,36,64,86,72,51,77,48,73,17,66,98,9,96,52,27,81,32,63,30,13,87,25,94,40,53,43,22,71,31,82,35,47,80,21,16,4,24,90,39,20,49,45,46,84,83,88,56,33,23,67,0,60,68,58,97,15
42,11,12,7,91,75,3,85,22,19,57,50,70,26,79,30,69,95,2,6,94,76,41,5,61,37,29,10,54,92,14,8,97,28,1,78,51,55,89,74,93,34,18,99,36,44,86,72,23,77,59,73,17,66,98,9,96,52,27,81,32,63,48,13,87,25,35,40,53,62,83,71,31,82,24,47,80,21,16,4,43,90,39,20,38,45,46,84,49,88,56,33,65,67,0,60,68,58,64,15
42,11,12,7,91,86,26,85,38,19,9,6,70,22,79,30,75,57,2,3,94,63,41,5,61,37,76,10,54,92,29,8,80,28,74,78,51,55,89,56,93,95,18,99,36,44,71,72,23,77,59,73,17,66,98,50,96,52,27,81,32,97,1,13,87,25,35,40,53,62,83,82,31,69,24,47,48,21,16,4,43,90,39,20,14,45,46,84,49,88,34,33,65,67,0,60,68,58,64,15
42,11,12,7,91,52,26,18,38,0,9,6,47,22,79,31,39,57,2,3,94,61,41,5,34,37,76,10,54,92,29,19,80,28,74,78,51,55,89,56,93,95,60,99,8,44,71,72,23,77,59,73,85,48,98,50,96,86,27,81,32,97,1,13,87,25,35,17,63,75,83,82,70,69,24,53,40,21,16,36,43,90,30,20,14,45,46,84,49,88,66,33,65,67,62,4,68,58,64,15
42,11,75,7,91,52,26,18,38,0,9,6,47,66,59,31,39,57,2,41,94,68,5,12,27,37,88,10,54,92,29,19,80,28,74,78,51,55,89,56,93,95,60,99,96,44,67,72,23,77,16,73,85,48,98,50,90,86,76,8,32,97,1,13,87,25,35,17,63,79,83,82,70,69,24,53,40,21,71,36,43,49,30,3,14,45,46,84,81,34,20,61,65,22,62,4,33,58,64,15
42,34,97,80,91,75,26,69,18,0,9,6,47,66,59,31,39,57,2,41,94,68,5,12,27,37,88,85,54,92,33,19,49,28,74,78,51,55,89,56,93,95,60,99,96,44,67,72,23,14,16,73,40,48,77,50,76,86,38,8,32,52,1,13,87,25,35,17,63,79,83,82,70,36,24,53,98,21,71,7,11,90,30,3,43,46,29,84,81,10,20,61,65,22,62,4,45,58,64,15
42,34,97,80,91,75,12,69,59,0,26,6,47,66,87,31,39,57,2,41,94,68,5,74,55,37,88,85,54,49,22,19,78,28,83,18,51,70,89,56,93,95,60,99,96,44,67,72,23,14,61,73,40,48,77,16,76,86,32,8,9,35,1,13,4,25,52,17,63,79,33,82,92,36,24,53,98,21,71,7,11,90,30,3,43,46,29,84,81,10,27,38,65,20,62,50,45,58,64,15
42,34,97,80,91,75,3,69,99,0,26,6,47,66,87,5,39,57,2,41,46,68,59,74,55,73,88,11,54,12,22,85,78,28,77,94,51,70,89,56,93,86,60,49,96,44,67,72,23,14,61,10,40,48,16,4,76,83,32,8,9,35,1,27,37,25,52,17,63,79,33,82,92,36,24,53,98,21,71,7,19,90,30,95,43,13,29,84,81,38,31,18,65,20,62,50,45,58,64,15
81,34,93,15,78,75,3,69,64,0,26,6,47,66,87,5,39,57,2,25,46,68,80,74,55,73,88,11,54,12,22,91,99,28,84,94,51,70,89,56,50,86,18,49,96,44,67,72,23,62,61,77,40,48,16,4,76,83,32,8,9,35,1,27,37,14,52,17,63,79,33,82,92,58,24,53,98,21,71,59,19,90,30,95,43,13,29,7,42,38,31,41,65,20,60,10,45,85,36,97
81,99,27,15,78,75,3,69,64,0,10,34,47,66,87,5,93,57,2,25,77,68,80,74,32,73,88,11,54,12,22,91,98,28,84,89,51,70,29,56,50,46,18,49,96,44,67,72,23,62,61,6,40,48,13,4,76,83,45,8,9,35,1,39,37,14,52,17,41,79,33,82,92,58,24,53,55,21,71,59,19,63,90,95,43,7,94,16,42,38,31,26,65,20,60,30,86,85,36,97
81,99,27,15,78,75,3,69,79,0,88,34,64,66,87,5,93,38,2,25,77,68,80,74,32,46,72,11,54,12,22,91,98,49,84,89,73,70,29,56,50,65,24,43,57,44,67,33,23,62,61,6,96,48,47,4,76,21,45,8,9,35,1,39,37,14,83,17,41,52,28,82,92,58,10,53,55,40,71,59,19,63,90,95,60,7,94,16,42,18,31,26,51,20,13,30,86,85,36,97
81,99,27,15,78,75,3,69,79,0,36,34,64,66,92,68,70,89,2,77,48,87,80,74,32,46,72,11,54,12,22,91,98,49,84,76,57,30,29,56,50,65,24,39,63,44,67,33,23,62,61,6,96,93,47,73,43,21,38,8,9,35,1,4,37,14,83,17,41,52,28,82,88,58,10,53,55,40,71,59,19,5,90,95,60,7,94,16,42,18,31,26,85,20,13,86,25,51,45,97
81,99,27,15,78,75,3,69,79,0,43,34,64,66,2,68,70,89,92,77,48,87,88,74,37,46,72,25,54,12,57,91,98,49,84,76,7,30,29,56,19,65,32,39,63,44,67,33,23,62,31,6,20,80,47,73,11,21,93,8,9,35,1,22,61,14,83,17,41,52,28,82,86,58,10,53,55,40,71,59,51,5,90,95,60,50,94,16,42,18,96,26,85,24,13,38,36,4,45,97
63,1,27,15,78,75,3,69,29,0,43,79,64,51,2,34,70,89,92,77,57,87,6,9,37,46,33,25,54,12,48,44,98,49,84,76,7,30,99,56,19,65,32,39,88,45,67,68,23,62,31,72,83,66,47,73,11,21,93,8,80,35,38,22,61,14,81,17,41,52,28,82,86,58,10,53,55,40,71,59,74,5,90,95,60,50,94,16,42,18,96,26,85,24,13,20,36,4,91,97
64,1,27,15,78,75,3,69,29,0,43,79,35,51,2,34,70,89,92,77,57,87,6,49,74,46,33,25,63,12,18,98,32,54,84,76,7,30,99,56,19,65,61,39,88,66,67,68,23,62,31,72,83,4,47,73,11,21,93,8,80,48,52,22,38,14,81,17,41,24,28,71,86,58,44,53,55,40,36,59,10,5,90,95,60,50,94,16,42,26,96,45,85,82,13,20,37,9,91,97
64,1,72,15,78,75,3,69,29,0,43,79,40,51,2,6,70,89,92,77,57,87,82,99,74,46,33,25,63,80,18,98,32,54,84,76,7,30,45,34,19,65,61,39,49,66,67,68,23,62,27,97,5,36,47,73,11,21,93,8,56,48,52,22,38,14,81,88,41,24,28,71,31,58,44,53,55,35,83,59,10,4,90,95,60,50,94,16,42,13,96,37,85,26,86,20,12,9,91,17
64,1,72,15,97,75,3,69,29,0,32,51,70,47,2,19,78,89,92,77,57,87,82,99,74,46,33,40,63,76,18,98,67,54,84,61,7,30,45,34,6,65,27,43,49,96,13,68,23,66,80,39,5,36,26,73,11,21,93,8,56,48,52,22,38,14,81,88,41,24,28,71,31,58,44,62,55,35,83,59,10,4,90,95,60,50,94,16,42,9,25,37,85,79,86,20,12,53,91,17
35,1,72,15,97,75,55,37,69,0,32,51,70,64,2,6,78,89,71,77,91,87,94,99,74,46,33,40,63,76,18,98,67,54,38,61,7,30,45,34,12,65,57,43,49,96,13,68,23,66,80,39,5,93,26,73,11,21,92,8,56,48,52,29,36,14,81,88,41,24,28,3,31,58,44,62,22,47,83,59,10,4,90,95,60,50,82,16,42,9,84,19,85,25,86,20,79,53,27,17
35,1,72,15,97,2,93,37,69,11,7,52,70,64,62,6,78,51,71,77,91,87,94,99,74,46,8,40,63,76,18,98,67,54,38,61,22,30,45,96,12,65,34,43,49,89,13,68,23,66,80,39,5,32,26,73,29,21,92,90,56,48,60,75,36,14,81,88,41,24,28,57,31,58,44,0,33,47,83,82,10,4,59,95,3,50,86,16,42,9,84,19,85,25,55,20,79,53,27,17
35,3,72,21,97,2,93,37,77,11,36,52,70,64,62,6,78,0,71,15,91,87,69,59,74,46,8,40,63,26,18,98,67,54,5,61,22,30,45,96,12,65,34,43,49,89,7,68,23,66,80,39,94,99,51,73,29,47,92,90,56,48,60,75,81,38,76,88,24,42,28,57,31,58,44,14,33,41,83,82,10,4,1,95,32,50,86,16,13,9,84,19,85,25,55,20,79,53,27,17
35,3,72,87,97,21,42,37,77,34,36,49,70,64,62,6,78,0,71,15,91,24,69,59,74,46,8,40,63,26,18,98,67,5,61,11,22,30,45,96,12,65,99,43,54,89,52,68,23,66,80,39,94,19,51,73,29,47,92,90,56,1,60,75,81,38,76,88,48,27,28,13,31,58,7,14,33,41,83,82,10,4,25,95,32,50,86,16,2,9,55,44,85,57,93,20,79,53,84,17
20,3,72,87,59,21,42,37,77,34,22,49,82,64,89,6,78,0,71,15,91,24,69,36,74,46,8,40,25,26,23,98,67,5,61,11,55,19,18,57,12,65,99,43,54,9,52,68,86,66,80,39,94,38,51,73,29,47,85,90,56,1,60,75,81,62,76,88,48,27,28,13,31,58,7,14,33,41,83,45,10,4,92,95,32,50,97,16,2,30,35,44,96,63,93,70,79,53,84,17
19,3,72,84,59,21,42,18,77,8,22,49,82,64,7,6,90,0,71,15,91,24,69,36,74,46,92,40,25,26,23,98,67,5,61,11,55,37,30,57,12,65,99,43,54,9,52,68,86,66,80,31,94,38,51,73,29,47,85,87,56,1,60,75,81,62,76,88,78,20,28,10,48,58,95,14,33,41,13,45,89,4,39,35,32,50,97,27,16,83,34,44,96,63,93,70,79,53,2,17
19,3,72,84,59,21,42,18,77,8,22,97,82,64,7,6,90,0,71,15,91,24,41,37,83,46,92,40,25,60,23,98,67,5,61,11,55,49,30,99,12,65,96,43,44,54,52,68,86,66,80,31,94,38,51,57,29,47,85,87,56,1,36,78,81,62,76,88,13,75,28,10,48,58,95,14,33,26,73,45,34,4,39,35,32,50,69,74,16,20,89,2,27,63,93,70,79,53,9,17
19,3,72,1,59,37,42,18,77,8,38,97,82,64,7,6,90,36,71,15,91,24,22,84,83,46,92,40,25,60,23,98,67,5,61,11,55,49,30,99,12,65,96,43,44,14,52,68,86,66,80,31,16,35,51,57,29,47,85,87,75,9,41,78,81,62,76,88,13,21,32,39,48,28,10,0,95,26,73,45,34,4,33,56,54,50,69,74,58,20,89,2,27,63,93,70,79,94,53,17
19,3,72,1,59,32,42,18,77,8,38,97,82,64,26,6,90,48,71,92,91,24,56,84,83,17,50,40,85,60,23,98,37,5,61,11,33,49,30,99,12,65,96,43,14,51,52,68,86,66,80,31,16,35,67,57,29,47,25,87,27,9,41,22,81,62,75,88,13,21,76,39,36,28,10,0,95,46,73,45,34,4,78,15,54,44,69,74,58,20,89,2,7,63,93,70,79,94,53,55
19,3,18,1,59,30,42,14,32,8,38,97,82,64,26,6,90,77,71,92,91,24,56,72,83,17,48,40,85,60,81,98,37,5,61,11,33,49,70,99,12,65,96,43,86,51,52,68,80,76,9,31,16,35,67,57,29,50,25,15,27,2,41,47,34,62,75,88,13,21,66,39,36,28,10,0,95,46,73,45,22,4,78,58,54,44,69,74,20,23,89,84,7,63,93,87,79,94,53,55
19,3,18,1,59,30,42,14,32,8,38,97,82,64,26,6,90,77,62,92,91,24,46,72,25,17,48,67,85,60,81,98,31,5,61,11,33,49,70,99,12,65,96,43,86,51,52,55,71,76,9,68,16,35,47,57,80,50,83,15,27,2,41,20,93,95,75,73,13,88,66,39,36,4,10,0,28,37,34,45,22,40,78,58,54,44,56,74,29,23,89,84,7,63,69,87,79,94,53,21
19,3,18,1,59,30,42,5,32,8,38,97,56,64,26,36,90,77,62,92,91,24,46,79,25,55,48,67,84,60,81,98,31,16,61,0,72,49,70,99,12,65,96,43,86,51,52,11,71,76,9,68,2,35,17,57,80,50,83,15,54,23,41,20,93,95,75,73,13,88,66,39,82,4,78,6,28,10,33,45,22,40,34,58,14,44,27,74,29,37,89,47,7,63,69,87,85,94,53,21
19,3,18,80,59,30,42,96,32,52,38,97,56,64,26,36,90,77,62,92,91,24,46,79,25,55,48,71,84,60,81,98,47,16,61,0,72,31,70,1,12,65,68,43,86,99,20,44,7,76,9,49,2,35,17,57,29,50,58,15,54,23,41,51,93,95,75,73,67,88,66,39,82,4,78,6,28,10,33,45,5,40,34,8,14,11,27,63,13,37,89,83,22,74,69,87,85,94,53,21
19,3,18,80,59,88,42,96,32,52,38,97,56,64,26,36,62,1,30,92,91,24,46,79,25,55,48,71,84,60,81,14,47,16,61,0,11,31,70,29,12,7,68,43,86,90,20,44,8,76,40,49,2,35,17,57,37,50,95,15,54,23,73,51,99,10,93,98,67,75,66,39,82,4,78,6,28,58,33,45,5,77,34,41,9,65,27,63,13,72,89,83,22,74,69,87,85,94,53,21
48,87,18,80,19,88,42,96,32,52,79,63,56,33,26,36,38,1,30,92,91,24,58,81,25,55,37,71,60,14,12,35,47,16,61,0,11,31,70,29,69,7,68,43,86,3,20,90,8,76,40,49,2,62,17,57,84,50,95,15,54,23,73,51,99,10,93,98,67,75,66,39,82,4,78,6,28,77,46,45,5,64,34,41,9,65,27,44,13,72,89,83,22,74,59,97,85,94,53,21
99,87,18,80,19,88,42,29,40,52,79,63,56,33,26,36,38,1,30,68,9,34,58,81,25,55,37,27,60,14,12,35,47,96,61,0,11,31,70,92,69,7,8,43,86,15,20,90,84,76,48,49,2,62,17,57,73,50,95,91,54,23,24,32,10,16,93,98,67,75,66,71,82,4,78,6,28,39,51,45,5,64,77,41,46,65,3,44,13,72,89,83,22,74,59,97,85,94,53,21
99,17,18,81,19,73,42,29,40,52,87,63,56,33,26,46,92,57,30,68,9,1,58,86,25,55,37,27,5,14,12,35,47,96,43,0,11,31,70,8,69,7,39,88,61,15,20,90,84,76,48,49,34,62,38,50,80,95,79,91,36,23,24,32,10,16,93,98,67,75,66,71,82,4,78,6,28,60,51,45,2,64,77,41,54,65,3,44,13,72,89,83,22,74,59,97,85,94,53,21
99,17,88,81,19,73,42,29,40,52,68,90,56,33,26,46,92,57,30,97,9,1,58,86,25,55,37,27,5,14,60,35,47,96,43,0,11,31,70,8,15,7,69,3,61,91,18,39,84,76,48,49,34,62,38,63,80,12,79,41,36,23,24,32,10,20,93,98,67,75,66,71,4,95,78,6,28,85,51,45,2,82,50,16,54,65,87,44,13,72,77,83,22,74,59,89,64,94,53,21
72,95,88,48,62,73,42,65,40,52,68,90,86,33,26,46,92,57,30,97,9,1,58,82,99,55,56,81,5,14,60,35,22,96,43,0,11,31,70,8,15,7,69,3,47,91,18,39,84,76,13,49,34,78,38,63,80,12,79,41,36,23,24,32,10,20,27,98,67,75,66,71,4,77,19,6,28,85,51,45,2,17,50,16,54,25,87,44,21,61,74,83,93,29,59,89,64,94,53,37
72,95,88,48,62,43,42,65,40,73,8,90,86,85,26,46,92,75,11,97,9,1,58,82,99,55,81,84,30,14,60,35,22,96,50,0,25,31,70,77,15,7,69,3,47,91,33,39,87,76,13,49,98,78,38,63,80,5,68,41,36,23,24,32,10,20,27,34,67,57,66,71,4,79,19,6,28,56,51,45,2,52,18,16,54,12,17,44,21,61,74,83,93,29,59,89,64,94,53,37
23,95,22,68,62,43,42,65,40,73,41,90,86,85,26,11,92,75,99,97,25,1,58,82,76,55,8,84,30,72,29,35,17,96,50,0,9,31,70,77,15,7,69,3,47,91,88,39,87,5,13,49,98,78,10,63,80,61,14,60,36,38,24,32,81,20,27,34,67,57,66,71,4,79,19,6,28,56,51,45,2,52,18,16,54,12,53,44,21,46,74,83,93,33,59,89,64,94,48,37
23,95,22,68,0,43,42,65,73,45,41,90,69,85,26,11,86,75,76,97,25,1,40,82,50,55,8,84,30,72,29,35,17,96,18,62,9,31,14,77,15,92,54,3,47,91,88,39,87,5,13,49,98,78,7,63,80,61,53,60,36,27,24,32,81,20,58,34,67,46,66,71,4,79,19,44,28,56,51,70,2,52,99,16,57,12,6,38,21,10,74,83,93,33,59,89,64,94,48,37
77,33,22,68,0,67,42,65,73,25,41,4,95,39,26,11,86,75,76,97,78,1,40,85,50,55,8,84,30,72,29,35,17,96,18,62,9,71,14,13,66,92,45,3,47,91,88,43,87,5,60,49,98,10,7,63,80,61,53,23,36,27,54,32,81,20,58,34,46,31,24,82,15,79,19,44,28,56,51,70,2,52,99,16,57,12,6,38,21,69,74,83,93,90,59,89,64,94,48,37
32,33,22,68,78,67,42,65,73,25,15,4,95,39,26,11,86,75,76,21,5,1,40,85,50,55,8,84,0,34,29,35,89,96,77,79,9,71,14,57,74,58,45,3,47,91,88,43,87,66,60,49,98,10,7,63,80,61,53,23,36,17,41,54,81,20,18,13,46,31,24,82,62,30,19,44,28,56,51,70,2,52,99,16,92,12,6,38,27,69,72,83,93,90,59,97,64,94,48,37
32,33,22,68,78,67,42,65,73,98,15,4,9,39,26,11,86,75,76,74,5,1,40,85,50,55,97,84,21,34,29,35,89,96,77,79,13,71,14,57,17,58,45,91,47,69,88,43,87,66,60,49,16,10,7,63,80,61,53,23,36,95,30,54,81,6,18,46,41,31,20,82,62,56,38,44,28,3,51,8,2,52,99,25,92,12,70,24,27,0,72,83,93,90,59,19,64,94,48,37
34,51,22,68,98,67,42,65,73,81,69,89,9,39,26,11,86,75,76,78,5,1,40,49,50,55,97,84,21,17,29,35,85,96,15,79,13,71,44,57,58,94,45,91,47,77,88,43,87,66,60,32,16,10,7,63,80,61,53,23,36,95,30,74,8,6,18,46,41,31,20,82,62,56,4,14,28,3,33,54,2,52,99,25,92,12,70,24,27,0,72,38,93,83,59,19,64,90,48,37
34,51,22,68,98,67,42,65,73,81,69,76,9,39,26,11,86,75,3,78,6,1,40,5,50,55,97,4,36,17,89,30,85,29,15,79,13,71,44,57,58,94,45,91,7,47,88,43,87,66,60,96,16,10,77,63,80,61,53,23,32,95,2,74,8,35,18,64,41,31,20,82,62,56,49,14,28,33,99,54,84,52,19,25,92,12,70,24,27,0,72,46,93,83,59,38,21,90,48,37
89,51,22,52,98,62,46,65,73,93,69,76,9,84,34,11,86,75,3,78,6,1,40,5,50,55,97,4,36,19,68,30,85,29,15,79,13,71,44,39,58,94,45,91,7,17,88,43,87,37,60,96,16,10,77,63,80,8,53,23,32,95,42,74,81,35,18,64,41,31,20,82,70,47,49,14,28,33,99,54,67,56,38,25,92,12,2,24,27,0,72,26,61,83,59,57,21,90,48,66
89,51,48,52,40,62,46,35,4,93,69,76,9,84,34,97,65,75,3,78,6,1,91,5,50,55,47,29,36,19,68,30,85,49,15,79,13,71,44,39,58,92,45,98,7,17,88,43,87,37,8,86,16,10,77,63,80,96,53,23,32,95,42,27,81,60,18,64,41,31,11,82,22,74,73,14,28,33,99,54,67,56,38,25,20,12,2,24,57,0,72,26,61,83,59,70,21,90,94,66
89,51,48,52,40,62,46,35,4,93,69,76,9,84,92,2,65,75,3,44,99,1,41,5,50,55,91,29,36,19,42,30,85,81,15,79,13,21,28,39,58,70,45,98,7,17,88,43,87,37,8,86,16,10,49,63,80,96,53,78,32,95,71,27,34,60,18,64,47,31,33,82,22,74,73,14,38,23,11,54,67,56,6,25,20,12,68,77,57,0,72,26,61,83,59,97,24,90,94,66
89,51,48,52,40,80,62,35,4,93,69,76,9,84,79,82,65,1,3,86,99,24,41,5,50,55,91,29,36,19,42,2,85,81,15,31,13,21,28,39,58,92,45,98,7,17,88,43,87,37,8,74,16,10,49,63,38,96,53,60,32,95,71,27,34,11,18,64,66,47,33,78,22,20,73,14,77,23,12,54,67,56,6,25,75,46,68,30,57,0,72,26,61,83,59,97,70,90,94,44
89,57,48,52,40,80,62,31,49,93,4,76,9,84,79,24,65,96,3,86,99,74,41,6,50,55,91,29,28,19,42,35,1,81,15,56,13,21,2,39,58,70,45,98,7,17,88,43,87,37,8,85,16,10,36,63,38,82,53,60,32,95,71,27,34,51,18,64,66,47,33,78,22,20,73,14,77,69,12,11,67,54,5,25,75,46,68,30,23,0,72,26,61,83,92,97,59,90,94,44
89,57,48,52,40,73,62,31,49,93,7,76,9,84,25,24,53,96,3,86,99,77,41,6,50,55,91,43,54,19,42,35,1,81,15,74,13,79,2,39,58,70,45,98,44,17,88,80,87,37,8,85,16,10,36,92,29,82,38,60,32,95,71,27,34,66,18,64,51,47,33,78,22,61,75,14,4,69,12,11,67,28,5,63,56,46,68,30,23,0,72,26,65,83,21,97,59,90,94,20
6,21,34,26,40,73,62,0,49,93,7,76,9,84,25,24,52,96,3,86,65,77,41,51,50,55,91,43,14,19,42,35,95,54,15,74,13,8,2,39,58,70,57,98,99,17,88,80,87,37,44,85,16,10,36,92,29,82,38,60,32,31,71,27,45,66,18,64,61,47,81,78,22,79,75,33,4,69,12,11,67,28,5,63,56,46,68,30,23,48,72,1,89,83,53,97,59,90,94,20
6,66,34,26,40,73,62,0,49,93,7,76,60,84,25,24,52,96,3,86,22,77,87,51,11,55,91,43,14,19,42,35,95,54,15,74,13,8,9,33,12,70,57,50,99,17,88,80,27,2,44,41,16,10,36,92,29,20,38,82,32,37,71,67,45,65,18,64,61,47,81,78,85,79,75,98,4,69,21,39,97,28,5,63,56,46,68,30,23,48,72,1,89,58,53,83,59,90,94,31
6,66,34,26,40,73,62,0,65,93,7,76,54,35,36,24,52,96,79,30,22,77,87,51,11,17,91,43,25,19,42,84,69,63,15,60,13,8,9,86,12,70,57,50,99,58,88,80,31,2,44,41,16,10,56,92,29,20,38,95,32,37,71,67,45,82,18,64,61,47,81,78,85,3,75,98,4,55,21,39,97,28,5,27,33,46,68,74,23,48,72,1,89,14,53,83,59,90,94,49
6,66,34,26,40,67,62,0,65,93,7,76,80,35,89,73,52,96,24,30,22,77,87,54,11,17,91,43,25,19,42,84,69,63,15,60,90,8,9,55,12,70,61,50,99,58,39,16,31,2,44,41,13,10,56,92,29,20,97,95,32,37,4,38,45,82,18,64,88,47,81,78,85,3,23,98,86,75,21,57,14,28,5,27,33,46,68,74,79,48,72,1,36,51,53,83,59,71,94,49
6,38,34,26,40,67,62,58,65,93,7,76,80,35,51,73,52,66,59,30,22,77,90,54,11,17,91,43,25,19,42,28,69,24,15,60,45,8,49,55,12,70,61,50,99,84,39,9,31,2,44,41,13,10,56,92,29,20,97,95,86,37,4,63,14,82,16,64,88,47,81,78,85,3,23,98,96,75,21,57,0,33,5,27,89,46,68,74,79,48,72,1,36,32,83,53,18,71,94,87
6,17,34,26,40,67,80,58,65,63,7,76,48,35,38,73,52,66,59,30,22,77,90,54,11,15,29,24,25,93,42,28,69,51,50,74,4,8,49,55,12,70,61,57,99,84,39,9,31,2,44,41,13,10,56,92,36,20,97,95,86,37,82,19,14,60,16,64,88,47,81,62,85,3,23,98,96,75,21,45,78,33,5,27,89,46,68,91,79,43,72,1,71,32,83,53,18,0,94,87
6,13,94,26,40,51,80,58,65,63,7,76,48,35,68,73,52,66,59,30,22,77,90,8,11,15,29,24,25,93,42,28,53,34,21,85,4,75,49,55,67,70,54,57,99,84,17,9,31,2,44,41,79,10,56,92,74,20,97,95,86,37,82,19,14,60,61,64,88,47,81,62,50,3,23,98,96,39,16,45,78,33,5,27,89,46,12,91,36,1,72,38,71,32,83,69,18,0,43,87
6,13,65,26,40,51,80,83,84,63,7,76,48,35,68,73,52,66,59,22,75,77,2,8,11,15,29,24,25,93,42,28,53,34,61,85,4,91,49,55,67,70,45,81,99,58,17,9,31,94,44,41,79,10,56,92,74,20,97,95,64,37,82,57,14,60,86,12,88,47,30,62,50,3,19,98,96,39,16,54,78,33,5,27,89,90,46,23,1,36,72,38,71,32,21,69,18,0,43,87
76,90,65,26,40,61,80,83,84,63,7,6,48,35,68,73,52,66,59,22,75,25,2,71,11,15,29,24,38,92,5,28,53,34,33,85,4,8,49,55,13,86,45,81,99,58,17,77,44,94,31,41,79,10,56,0,74,20,97,95,64,37,82,57,14,60,42,12,88,47,30,62,50,3,19,98,96,39,16,54,78,9,91,27,89,67,46,23,1,36,72,87,70,32,21,69,18,93,43,51
76,90,65,26,40,61,94,83,84,74,7,97,48,35,68,0,52,66,59,22,75,73,2,71,11,15,29,14,38,92,5,28,54,34,33,85,4,8,49,95,13,86,45,81,99,58,17,77,44,39,31,41,79,9,56,63,18,20,6,10,64,37,82,57,19,60,42,12,88,47,93,62,50,3,80,98,96,72,16,24,78,43,91,27,89,67,46,23,1,25,36,87,70,32,21,69,53,30,55,51
76,83,65,26,40,61,94,56,84,74,32,97,48,35,68,0,52,66,59,22,75,73,2,71,11,8,29,14,38,92,5,28,54,34,46,44,4,85,49,95,13,86,45,81,15,93,10,77,42,39,7,41,79,9,50,63,18,91,6,53,64,37,82,57,58,60,31,12,88,47,20,62,87,3,80,98,96,72,16,24,78,43,30,27,89,67,99,23,1,25,36,19,70,33,21,69,17,90,55,51
76,83,61,26,40,62,94,50,84,74,32,97,48,16,68,34,52,66,59,22,75,73,2,18,49,8,29,14,71,92,5,28,54,37,38,44,4,85,47,95,13,86,45,81,15,93,42,65,78,39,7,77,79,9,10,63,41,91,6,53,64,11,82,57,0,60,31,12,88,35,20,36,87,3,80,56,96,72,98,24,46,43,30,27,89,67,99,23,1,25,58,19,70,33,21,69,17,90,55,51
6,65,61,35,40,62,94,50,84,74,32,97,48,5,68,34,52,66,59,22,75,85,2,18,49,8,29,14,90,92,63,28,36,76,38,44,83,73,47,95,13,54,45,81,15,39,42,16,78,57,7,77,86,9,10,91,41,24,4,53,64,11,82,37,0,60,31,12,88,26,20,79,87,3,80,56,96,72,98,46,93,43,30,27,89,67,99,23,1,25,58,19,70,33,21,69,17,71,55,51
6,13,61,35,40,62,94,26,84,74,85,97,45,5,68,34,52,66,59,48,75,73,2,18,65,8,29,95,56,92,63,28,36,44,93,41,83,77,47,14,49,54,76,19,15,82,42,16,78,57,7,90,86,9,10,91,50,24,4,53,64,11,39,37,0,60,31,12,88,22,20,79,87,3,80,38,96,72,98,46,32,43,30,27,89,67,99,23,1,25,58,81,70,33,21,69,17,71,55,51
87,13,9,24,40,62,94,26,84,74,85,97,45,5,68,34,52,58,59,6,49,73,2,18,65,37,29,95,56,92,63,28,1,44,93,42,83,77,57,14,41,54,76,19,15,82,8,16,78,66,7,10,86,72,69,91,50,90,4,53,64,11,39,55,36,60,31,12,88,22,20,79,35,3,80,38,96,48,98,46,32,43,30,27,89,67,99,23,75,25,47,81,70,33,21,61,17,71,0,51
87,13,9,34,40,62,4,26,84,74,85,97,45,5,68,72,92,52,59,6,49,94,2,18,65,58,29,95,56,31,63,77,1,44,73,48,83,35,57,14,41,54,76,23,67,79,8,16,78,66,7,10,86,15,69,91,50,90,28,53,82,11,39,55,36,60,64,12,88,22,20,93,24,3,80,38,96,19,98,46,32,43,30,27,89,70,99,37,75,25,47,81,42,33,21,61,17,71,0,51
8,44,9,33,40,31,4,26,84,83,85,97,13,14,68,72,92,52,59,6,5,94,2,18,65,58,29,95,56,62,63,77,1,90,73,48,16,45,57,78,41,54,76,23,67,79,86,39,24,66,7,10,42,15,69,91,50,35,28,53,82,11,0,55,36,60,64,12,88,71,20,93,74,3,80,38,96,19,98,46,32,43,30,27,89,70,99,37,75,25,47,81,34,22,21,61,17,49,87,51
8,68,9,33,40,31,83,26,84,75,4,97,13,14,51,38,92,52,59,18,5,94,2,32,53,58,29,95,56,62,63,77,1,90,73,48,16,45,57,78,41,54,76,86,67,23,6,39,24,66,7,10,42,15,69,91,50,35,28,72,82,11,0,55,36,30,64,93,88,71,20,19,74,3,80,49,96,85,98,46,25,43,44,27,89,70,99,37,60,34,47,81,65,22,21,61,17,79,87,12
8,68,28,33,64,31,39,26,84,75,4,97,13,14,51,38,92,52,59,18,5,53,2,93,73,58,29,87,56,62,63,77,1,90,32,48,16,45,57,78,41,94,76,86,70,23,69,95,24,66,21,10,42,67,37,91,50,35,83,72,40,11,0,55,36,30,7,79,88,9,20,19,74,3,80,49,96,85,98,46,25,43,44,27,89,71,99,6,60,34,47,81,65,22,54,61,17,82,15,12
58,68,12,33,64,31,84,26,62,75,4,97,13,14,51,38,92,8,47,18,5,53,2,93,55,39,29,87,56,45,63,35,1,90,32,48,16,41,57,78,46,94,76,86,70,23,69,95,24,66,21,10,42,67,37,91,50,28,83,72,40,11,0,20,36,30,73,79,88,9,85,19,52,81,80,49,96,7,98,15,25,43,44,27,89,71,99,6,60,34,54,3,65,22,77,61,17,82,59,74
58,68,12,33,61,31,64,26,62,75,72,37,13,14,51,38,92,44,47,18,5,53,2,93,55,39,29,87,56,45,63,35,1,46,32,48,67,41,57,65,74,94,76,86,70,23,7,95,24,66,78,10,42,8,21,91,50,28,83,97,40,11,0,20,69,30,22,79,16,9,85,19,52,81,80,49,96,4,98,15,25,43,90,27,89,36,99,6,60,34,54,3,73,84,77,88,71,82,59,17
8,68,84,33,61,31,64,26,62,75,72,48,53,14,51,38,92,44,47,18,46,95,98,93,55,39,29,87,56,45,63,35,1,5,70,12,67,82,57,65,74,94,76,86,37,23,7,54,24,66,81,10,42,79,21,91,50,28,83,97,40,11,32,20,69,30,22,2,16,9,85,19,52,58,0,49,96,4,13,15,80,43,90,27,89,36,99,6,60,34,41,3,73,59,77,88,71,25,78,17
8,68,84,33,61,31,34,26,9,75,72,48,53,40,51,62,92,44,89,64,46,95,98,93,55,39,14,87,56,45,47,35,1,5,70,12,67,82,57,65,18,94,76,86,38,23,20,54,7,24,81,63,42,79,21,91,60,28,83,97,52,11,32,37,69,30,29,2,16,10,85,19,88,58,0,49,96,4,13,15,80,43,90,66,27,36,99,6,22,74,41,3,73,59,77,50,71,25,78,17
8,25,3,33,61,31,41,26,9,75,72,48,35,40,85,62,92,44,89,64,46,95,98,93,55,39,14,87,56,45,47,53,27,5,70,12,67,82,57,65,68,94,76,86,38,23,20,54,79,24,1,81,42,90,21,15,60,28,43,97,52,11,32,37,69,30,29,91,16,10,78,19,88,58,0,49,2,4,13,18,80,7,34,66,63,36,99,6,22,74,83,96,73,59,77,50,71,51,84,17
8,25,3,33,61,31,65,26,79,75,72,48,35,40,28,62,69,44,89,64,46,88,98,93,68,39,14,4,56,45,47,63,27,5,30,12,67,82,57,15,86,94,76,9,38,23,20,54,1,24,92,87,42,90,21,85,60,81,43,97,52,11,32,37,18,16,29,91,53,10,78,19,13,58,0,49,2,70,41,95,80,7,34,66,55,36,99,6,22,74,83,96,73,59,77,50,71,51,84,17
8,25,3,33,61,31,55,1,79,41,73,48,35,40,28,42,69,71,89,64,46,88,98,93,68,39,87,4,56,75,47,63,27,45,30,12,67,83,57,15,86,94,76,5,38,23,20,77,54,24,92,22,62,90,21,85,60,81,43,97,52,44,32,37,82,16,29,91,53,10,78,19,13,58,0,49,2,70,14,95,80,7,34,66,11,36,99,6,72,74,65,9,96,59,26,50,18,51,84,17
8,25,37,45,61,31,11,70,79,41,73,48,35,40,39,93,69,71,89,64,46,88,98,59,68,33,87,4,56,42,47,63,27,82,30,12,67,60,57,15,86,94,49,51,38,23,20,77,54,24,92,22,62,55,21,85,44,81,43,97,52,5,32,1,58,16,29,91,53,10,78,19,13,36,0,75,2,28,14,95,80,7,34,66,76,3,99,6,72,74,65,9,96,83,26,50,18,90,84,17
8,25,4,45,61,18,33,70,36,41,73,48,78,40,39,93,69,71,16,64,46,88,98,59,68,35,87,11,56,42,47,0,27,82,62,12,67,34,57,15,86,2,49,51,38,23,20,77,54,24,92,22,31,55,21,85,89,81,43,97,52,5,32,1,58,6,29,91,53,10,30,19,13,75,60,37,79,28,14,95,63,7,44,66,76,3,99,17,72,74,65,9,96,83,26,50,80,90,84,94
8,25,52,45,61,98,33,70,36,41,73,9,78,40,39,93,69,71,86,64,46,72,21,59,68,49,87,11,56,18,42,0,27,82,62,12,67,34,57,99,30,2,88,5,38,23,20,47,54,24,92,22,15,55,77,85,89,51,43,97,35,48,32,1,58,6,29,91,81,10,16,19,13,75,60,37,79,28,14,95,63,7,44,66,76,3,83,17,53,74,65,31,96,4,26,50,80,90,84,94
8,25,52,45,61,98,33,70,36,41,73,9,78,40,39,93,69,71,91,10,46,72,21,59,68,49,87,11,56,18,42,0,86,82,62,12,67,34,96,37,30,22,88,31,83,23,58,47,54,24,92,4,15,17,77,85,89,51,43,97,35,48,32,1,2,6,29,16,81,20,14,19,13,75,79,55,64,28,27,95,63,7,44,66,76,3,5,74,53,38,65,99,60,57,26,50,80,90,84,94
8,73,52,45,61,98,53,58,36,41,63,9,78,40,27,93,72,71,91,10,46,99,21,59,62,49,87,11,56,18,42,7,86,82,96,12,67,34,35,22,30,77,88,31,83,23,84,47,54,24,92,4,15,17,68,85,89,51,43,97,80,48,32,1,2,6,29,16,81,20,14,19,13,75,79,55,64,28,0,95,39,94,44,66,76,3,5,74,25,38,65,37,33,57,26,50,69,90,60,70
91,73,52,45,61,98,89,58,36,41,63,9,47,40,27,93,72,71,76,10,46,99,21,59,62,65,87,8,56,18,92,7,86,82,96,49,54,34,74,22,30,77,88,31,83,23,84,29,43,24,79,4,15,17,67,85,33,51,78,97,80,48,32,1,2,6,53,16,81,20,14,25,13,75,12,55,64,28,0,95,39,94,11,66,44,3,5,42,68,38,35,37,19,57,26,50,69,90,60,70
20,73,75,45,61,98,52,58,36,41,68,9,47,7,27,93,72,55,76,10,46,99,21,59,62,65,87,8,56,40,92,42,50,82,96,49,53,34,74,22,30,77,78,24,83,23,84,29,43,89,79,4,15,17,67,85,33,51,31,97,80,48,32,1,2,6,18,16,81,28,14,25,13,71,12,88,64,5,0,95,39,94,44,66,11,3,91,86,63,38,35,37,19,57,26,54,69,90,60,70
20,73,75,45,61,98,52,58,36,22,68,53,47,7,27,93,72,55,76,10,46,35,21,59,62,65,87,8,56,86,92,34,70,82,67,49,42,11,74,90,95,30,78,24,83,23,41,50,96,89,79,4,15,17,40,85,33,51,31,97,80,48,32,1,2,6,18,16,81,28,14,25,13,71,12,88,84,5,0,99,39,64,44,66,29,3,91,57,63,38,94,37,19,9,26,54,69,77,60,43
4,73,75,63,61,98,52,58,36,22,0,53,47,7,27,93,24,55,76,20,10,35,21,26,54,65,87,8,56,86,28,34,70,82,67,45,42,11,74,49,95,68,78,29,83,23,41,50,96,90,79,92,94,17,40,85,33,51,31,97,80,48,32,72,2,6,18,16,81,46,14,25,13,71,12,88,84,5,15,99,39,64,44,66,62,3,91,57,59,38,37,89,19,9,1,30,69,77,60,43
4,73,75,63,61,98,52,58,93,22,0,53,47,1,27,79,24,55,76,36,74,35,21,26,54,65,87,8,56,86,95,34,70,82,67,45,42,81,39,49,11,68,7,10,28,23,41,50,96,90,59,92,94,17,40,85,83,51,31,14,80,48,32,72,2,6,18,16,30,46,29,25,13,71,12,88,84,5,15,99,44,64,38,66,62,3,91,57,77,20,97,89,19,9,37,33,69,78,60,43
4,73,75,63,61,47,52,58,70,22,0,53,64,74,27,79,84,55,76,36,88,35,21,26,54,65,87,8,56,86,95,20,31,82,67,45,42,81,39,49,11,68,77,46,28,44,30,50,96,90,59,92,94,17,40,85,83,51,66,14,80,48,32,72,7,6,10,16,2,1,29,25,13,71,12,18,98,41,15,99,34,93,38,23,62,3,91,57,5,24,97,89,19,9,37,33,69,78,60,43
15,36,75,63,61,47,52,58,70,22,0,53,37,74,27,79,84,55,76,5,17,82,21,40,54,65,90,8,56,86,95,4,31,41,67,45,42,81,39,49,11,68,77,46,28,44,30,50,96,18,59,92,94,64,10,85,83,51,66,14,80,48,32,89,7,6,72,16,2,1,29,25,13,93,12,87,98,9,35,99,34,20,38,23,62,3,91,57,26,88,97,71,19,73,24,33,69,78,60,43
32,36,75,63,49,47,52,58,8,40,0,53,37,87,74,79,84,55,83,30,17,82,21,20,54,65,90,70,56,86,95,4,31,41,67,80,42,81,39,57,11,68,77,7,28,44,72,50,96,18,59,92,94,64,10,85,45,51,66,14,12,48,22,89,15,6,25,16,2,1,29,5,13,93,27,76,98,9,35,99,34,61,38,23,62,3,91,19,26,88,97,71,46,73,24,33,69,78,60,43
32,36,75,63,49,17,52,58,65,40,0,14,37,87,6,97,84,59,83,60,79,82,56,20,54,74,90,70,47,64,53,4,8,41,67,86,42,81,31,57,11,68,77,7,28,44,72,50,96,18,80,92,94,71,10,85,45,51,66,73,12,48,22,89,15,21,25,16,2,1,29,5,13,93,27,76,98,9,35,99,34,61,38,23,62,3,91,19,26,88,24,55,46,95,39,33,69,78,30,43
32,36,75,63,49,47,52,58,78,72,0,14,3,87,6,97,84,59,40,60,79,82,56,20,98,74,28,70,37,64,90,4,8,81,67,86,27,17,31,57,11,68,77,7,83,51,65,50,96,29,80,92,94,71,48,85,45,10,66,73,12,53,22,89,15,21,25,16,2,1,18,5,13,93,44,76,41,9,35,99,34,61,38,23,62,54,91,19,26,88,24,55,46,95,39,33,42,69,30,43
32,19,75,49,11,47,52,58,26,72,0,71,3,87,6,97,84,59,40,60,86,92,56,16,98,74,28,70,57,64,90,20,8,81,67,63,27,17,31,18,23,68,77,7,83,51,65,50,96,29,80,25,94,37,48,85,45,10,66,73,12,53,15,89,36,21,82,34,2,1,22,5,79,93,44,76,41,9,35,99,78,61,38,4,62,54,91,14,13,88,24,55,46,95,39,33,42,69,30,43
32,19,59,49,78,47,52,58,26,72,0,71,3,53,6,40,84,39,90,60,30,92,56,45,98,74,28,36,57,64,96,20,8,70,67,63,27,17,31,18,16,68,77,7,83,51,65,50,62,29,80,25,94,37,48,85,81,10,66,5,12,97,15,11,87,21,82,34,2,1,22,89,79,93,44,76,41,9,35,99,23,61,86,75,73,54,91,14,13,88,24,55,46,95,4,33,42,69,38,43
32,19,59,30,78,47,41,58,26,72,0,71,3,53,16,48,54,39,90,60,34,92,56,45,98,74,28,36,57,64,27,84,8,70,67,63,52,17,31,18,85,55,77,7,83,51,65,50,62,29,80,25,96,15,49,91,81,10,66,5,68,97,40,11,87,21,82,20,2,37,22,89,79,93,44,76,12,9,35,99,23,61,86,75,73,1,46,14,13,88,24,4,6,95,94,33,42,69,38,43
32,16,59,30,78,47,93,58,19,72,0,71,3,13,61,48,54,39,90,60,56,92,57,45,98,74,28,21,15,41,27,84,8,70,67,63,52,17,31,26,85,55,77,7,83,36,34,50,62,53,80,25,96,73,49,91,81,10,66,5,68,99,40,11,87,88,82,20,2,37,22,89,79,76,44,65,12,9,35,43,23,64,86,75,18,1,46,14,29,97,24,4,6,95,94,33,42,69,38,51
82,16,59,30,78,73,93,58,19,72,38,71,3,13,61,48,54,37,90,5,56,98,84,0,47,74,57,28,15,41,27,21,8,70,67,63,25,17,31,26,52,55,77,7,83,36,34,50,62,53,80,45,96,32,49,91,60,10,1,66,68,99,40,11,87,88,85,20,2,92,22,89,76,39,44,65,12,9,35,43,23,64,86,75,18,81,46,14,29,97,24,4,6,95,94,33,42,69,79,51
13,1,59,30,78,73,26,58,19,72,38,71,3,81,61,17,54,37,77,5,56,98,84,48,47,74,57,28,15,41,82,21,8,70,0,93,25,99,39,90,52,55,86,7,83,36,34,50,62,53,80,45,96,32,49,91,60,10,27,66,68,22,40,11,87,88,85,67,2,92,16,89,76,35,44,20,12,69,65,43,23,64,63,75,18,9,46,14,29,97,24,4,6,95,94,33,42,31,79,51
13,1,4,30,42,73,26,2,19,78,38,71,3,81,61,17,93,37,77,5,56,92,84,48,47,74,79,28,15,41,82,21,8,70,0,72,25,54,39,90,52,55,86,7,83,36,34,50,62,53,80,45,96,32,29,91,60,22,27,68,35,57,40,11,87,88,85,67,10,64,16,89,49,59,44,20,66,69,65,43,23,98,63,76,18,9,46,14,75,97,24,58,6,95,94,33,12,31,99,51
13,1,4,76,42,73,26,2,75,30,91,71,3,81,61,17,93,37,80,83,56,92,84,48,47,74,94,28,15,41,82,21,8,70,0,23,25,72,39,90,52,27,86,7,12,55,34,50,62,53,78,45,96,32,29,19,60,22,24,68,35,57,40,11,87,88,85,67,10,64,16,89,49,59,44,38,66,69,65,43,33,98,63,79,18,9,46,20,6,97,54,58,5,95,77,36,14,31,99,51
13,4,33,76,42,73,93,2,57,75,67,71,3,81,61,17,78,9,80,88,56,92,84,48,47,74,94,28,15,41,82,21,8,70,0,23,25,72,39,95,52,51,86,7,12,55,20,50,62,53,34,91,96,32,83,45,60,22,24,68,35,69,40,11,87,29,85,27,10,64,16,89,49,59,44,38,66,37,65,43,19,98,63,79,18,90,46,1,6,97,54,58,5,26,77,36,14,31,99,30
13,4,33,76,42,73,93,2,57,67,92,71,86,81,61,17,78,9,80,88,56,91,84,63,47,74,94,28,15,72,82,21,8,70,0,3,64,55,39,95,52,35,75,7,51,59,20,50,26,53,34,89,96,32,83,45,62,22,24,68,12,69,40,11,87,29,85,27,10,48,16,23,49,5,41,38,66,37,65,43,19,98,58,79,18,90,46,1,6,97,54,25,60,44,77,36,14,31,99,30
13,93,39,51,43,73,76,2,83,67,92,71,86,81,61,46,78,9,80,88,56,91,84,63,89,74,94,28,15,72,82,21,8,17,0,3,64,55,85,95,52,35,62,42,47,59,20,50,26,53,75,34,96,32,27,45,87,22,24,7,12,69,40,11,44,70,29,57,10,48,16,23,49,5,41,38,66,37,65,33,19,98,58,79,18,90,68,1,6,97,54,25,60,4,77,36,14,31,99,30
13,93,39,51,60,73,76,2,83,67,92,71,86,81,61,26,78,9,80,1,56,91,84,63,43,49,94,28,15,72,82,21,88,18,0,3,64,89,85,95,32,46,62,42,37,59,20,50,29,53,75,34,96,16,27,45,87,74,24,7,12,69,40,11,44,70,5,22,10,48,52,23,17,57,41,38,66,47,65,33,19,98,58,79,35,90,8,68,6,97,54,25,99,4,77,36,14,31,55,30
13,93,39,51,67,73,48,2,74,96,92,83,86,81,61,26,19,9,80,50,70,76,84,63,43,49,94,28,15,72,60,21,88,18,0,3,64,89,32,95,1,46,62,71,37,59,20,52,29,53,75,34,56,16,27,45,87,85,24,7,12,69,40,11,44,82,38,22,10,5,23,35,17,57,41,42,66,47,65,78,33,98,58,79,91,90,8,68,6,97,54,25,99,4,77,36,14,31,55,30
13,93,39,82,67,73,48,2,40,96,61,83,86,81,6,26,19,9,11,50,70,76,84,63,43,49,94,28,37,72,66,21,15,18,0,3,1,89,32,95,57,46,62,88,64,23,20,52,29,53,75,34,56,16,27,45,71,85,24,7,80,69,51,92,44,54,38,22,10,5,60,35,17,59,91,42,12,47,65,78,33,98,58,79,41,90,8,68,74,97,87,25,99,4,77,36,14,31,55,30
13,93,49,82,67,24,84,2,40,96,61,83,86,81,6,8,19,72,11,50,70,76,53,63,43,3,94,48,37,32,66,21,15,18,0,28,1,22,42,95,57,46,62,88,64,9,20,52,29,23,89,34,56,16,73,45,71,85,65,7,80,69,51,92,44,54,38,98,10,33,60,35,17,59,91,75,12,39,27,78,26,47,58,79,41,90,5,68,74,97,87,25,99,4,77,36,14,31,55,30
51,93,49,82,67,24,84,60,40,96,61,83,46,63,6,12,19,72,11,50,70,76,53,22,87,3,94,48,37,32,66,21,15,18,0,28,1,98,42,95,57,77,62,88,64,9,20,52,16,23,81,29,56,89,73,45,71,2,65,7,80,86,13,92,26,54,38,8,10,33,44,35,17,59,91,75,79,39,27,78,74,47,58,85,41,90,5,68,43,97,69,25,99,4,34,36,14,31,55,30
51,93,49,82,20,19,84,60,40,24,61,83,46,63,62,12,27,72,14,50,15,76,53,22,87,3,94,48,9,32,66,21,11,73,37,28,1,98,42,95,57,77,18,88,78,70,7,52,16,23,81,29,56,89,64,45,71,2,65,96,80,17,13,92,26,54,38,8,10,33,44,35,55,59,91,75,6,39,79,90,74,47,58,85,41,86,5,68,43,97,69,25,99,4,34,36,67,31,0,30
66,93,49,86,20,19,84,96,40,24,61,83,46,73,62,12,27,72,14,50,6,76,53,22,87,55,94,48,9,77,21,63,11,33,37,28,1,98,42,95,71,56,79,88,78,70,7,52,16,23,81,30,17,89,64,45,18,2,65,15,80,29,13,92,26,60,38,8,10,32,44,35,54,59,91,75,82,39,51,90,74,47,58,85,41,3,5,68,43,97,69,25,99,4,34,36,67,31,0,57
66,93,49,86,20,19,84,96,36,59,61,6,46,73,62,31,27,72,14,50,95,76,53,41,87,79,94,48,22,77,21,63,11,0,37,98,1,40,42,34,71,56,80,88,78,70,7,52,16,83,81,30,17,89,23,45,12,2,65,15,55,24,13,92,26,60,38,8,10,32,44,35,54,29,91,75,82,39,51,90,64,47,58,85,28,3,5,68,43,97,69,25,99,4,9,74,67,33,18,57
66,0,49,50,20,19,27,96,36,59,61,6,46,73,62,31,86,72,14,21,95,76,53,41,93,79,98,91,22,77,99,80,11,60,37,63,1,40,42,51,71,44,84,88,78,70,7,52,16,83,81,30,17,89,23,45,12,2,56,15,55,24,13,92,26,68,38,8,10,65,87,35,54,29,33,75,82,39,74,90,64,47,58,85,28,3,5,34,43,97,69,25,32,4,9,48,67,94,18,57
66,3,49,50,30,19,27,96,36,39,61,6,46,73,62,31,86,72,34,67,95,76,52,41,93,79,98,13,22,77,99,80,53,60,40,63,1,14,42,51,71,44,84,88,78,70,7,97,16,28,81,69,17,89,59,45,12,2,56,15,55,24,83,92,26,68,38,8,10,65,87,35,54,91,33,75,82,23,74,90,64,47,58,85,4,43,5,21,20,37,11,25,32,0,9,48,29,94,18,57
66,43,49,29,30,19,27,13,20,50,3,6,46,73,62,31,86,36,34,67,95,84,52,41,93,18,98,33,22,77,99,80,53,60,40,63,1,35,42,51,71,44,76,88,78,70,7,97,16,28,81,69,17,89,58,45,12,38,56,15,55,24,83,92,39,68,5,8,10,65,87,59,54,91,72,75,82,23,74,90,64,47,96,85,4,32,2,21,79,37,11,25,61,0,9,48,26,94,14,57
66,43,49,28,30,19,27,13,20,50,3,6,46,2,62,31,86,33,34,67,95,45,52,41,77,18,10,36,22,26,99,80,91,29,55,63,1,35,42,51,71,44,76,88,78,8,7,97,16,0,81,69,17,89,58,54,12,38,56,15,98,24,83,92,39,68,5,84,23,65,87,59,90,73,72,75,82,60,74,11,64,47,96,85,4,32,53,21,79,37,70,25,61,93,9,48,40,94,14,57
66,43,8,28,30,23,27,13,20,50,3,73,46,2,62,31,86,24,34,67,95,45,52,41,77,63,10,18,22,26,99,80,35,29,55,6,53,1,42,51,71,44,76,88,78,92,7,97,16,0,81,69,17,89,58,54,65,38,56,15,98,49,83,4,39,68,5,84,70,91,87,59,90,12,72,75,82,60,74,11,64,36,96,85,19,32,94,21,33,37,79,25,61,9,93,48,40,47,14,57
66,43,72,28,30,23,27,46,20,50,3,73,87,2,62,31,68,24,34,36,95,17,52,21,77,88,10,18,22,26,99,80,45,29,55,6,53,1,96,51,71,44,76,67,78,92,7,97,63,0,81,90,41,89,58,54,65,38,8,15,98,13,83,4,39,42,5,84,70,91,9,59,86,12,49,75,82,60,74,11,64,25,69,85,19,32,94,16,33,37,79,56,61,35,93,48,40,47,14,57
66,18,72,28,30,23,27,34,42,50,12,73,87,2,88,31,68,24,82,14,95,36,52,21,77,62,10,63,22,26,99,1,45,17,55,6,53,80,96,67,71,44,76,51,78,92,7,97,3,0,81,46,41,89,58,54,65,38,8,15,98,13,83,4,39,90,5,84,70,91,43,59,86,47,49,75,20,60,74,11,64,25,69,85,19,32,94,16,29,9,79,56,61,35,93,48,40,33,37,57
66,18,72,89,30,23,27,10,42,50,12,73,87,2,88,31,68,24,49,14,95,36,52,86,77,62,13,63,22,26,99,1,45,17,33,6,53,80,58,67,71,44,76,51,78,92,7,21,55,0,25,46,41,34,19,54,65,70,8,15,82,38,83,4,39,90,5,84,96,91,43,59,20,74,85,75,97,60,3,11,64,47,69,28,81,32,94,16,29,9,79,56,61,35,93,48,40,98,37,57
66,18,72,89,14,23,27,10,57,50,12,73,87,2,88,31,68,24,49,63,95,36,52,65,77,62,42,86,22,26,99,1,45,6,33,53,25,80,58,67,71,44,76,51,78,30,7,21,55,13,70,46,41,34,19,54,32,0,8,15,82,38,29,4,39,90,5,84,96,91,43,59,20,74,85,81,97,60,3,11,64,92,69,28,75,98,83,16,9,35,79,56,61,47,93,48,40,17,37,94
1,18,72,89,14,23,31,10,57,50,12,73,86,51,88,46,68,24,49,63,95,71,52,65,77,62,83,33,22,26,99,41,45,78,11,53,25,80,58,67,39,44,76,6,27,30,7,21,55,13,70,91,66,34,19,54,32,0,8,15,82,38,2,4,37,90,42,29,96,36,43,59,20,74,85,81,97,60,3,84,64,87,69,28,75,98,92,16,9,35,79,56,61,47,93,48,40,17,5,94
