0,1,2,3,4,5,6,7,8,9,10,11,12,13,14,15,16,17,18,19,20,21,22,23,24,25,26,27,28,29,30,31,32,33,34,35,36,37,38,39,40,41,42,43,44,45,46,47,48,49,50,51,52,53,54,55,56,57,58,59,60,61,62,63,64,65,66,67,68,69,70,71,72,73,74,75,76,77,78,79,80,81,82,83,84,85,86,87,88,89,90,91,92,93,94,95,96,97,98,99
0,16,4,3,63,5,6,7,8,9,10,75,12,13,14,15,87,17,18,19,20,21,22,23,24,25,88,27,28,29,30,78,32,33,34,35,73,37,90,39,86,2,42,43,40,45,46,47,48,49,50,26,52,53,54,55,56,57,58,59,60,61,62,81,64,31,66,67,68,69,70,71,36,51,74,1,76,77,65,79,80,95,82,83,84,85,44,72,11,89,41,91,92,93,94,38,96,97,98,99
0,16,4,95,63,96,6,7,8,9,2,75,25,5,14,15,87,17,85,70,20,88,12,23,24,81,21,27,28,29,30,78,32,33,34,19,73,37,90,39,86,38,42,18,40,45,46,47,48,31,50,26,52,65,54,55,56,53,58,59,60,61,62,43,64,49,66,67,68,69,13,71,36,51,74,1,76,77,35,79,80,10,82,83,84,22,44,72,11,89,41,91,92,93,94,3,57,97,98,99
0,16,4,95,63,96,6,7,8,9,15,75,57,5,14,89,87,17,85,70,20,88,12,98,78,81,71,27,28,29,30,33,32,46,34,19,73,37,90,39,86,2,42,18,25,45,55,47,48,31,50,26,52,65,74,43,21,53,58,59,60,61,62,22,64,49,66,40,68,69,13,67,24,51,92,1,76,54,35,79,80,10,82,83,84,36,44,72,11,23,41,91,38,93,94,3,77,97,56,99
0,57,4,95,63,96,6,73,8,9,15,75,61,5,71,50,87,17,78,70,20,88,12,98,14,81,28,1,92,29,30,62,33,46,27,16,85,37,77,39,86,2,42,18,25,45,55,47,48,31,19,26,67,65,74,43,21,53,58,59,60,89,90,22,64,49,66,40,68,69,13,44,24,51,32,34,76,54,35,79,80,10,82,83,84,36,7,72,11,23,41,91,38,93,94,3,52,97,56,99
0,52,4,95,63,96,6,73,8,9,15,75,61,5,71,50,87,17,78,70,20,88,18,98,12,81,28,3,92,29,30,62,35,46,27,16,67,37,77,39,1,2,42,94,25,45,59,38,90,33,19,34,47,65,74,43,21,53,58,57,60,89,13,22,76,49,66,40,68,69,85,44,24,51,32,86,14,54,55,79,80,10,82,83,84,36,7,72,11,23,41,91,26,93,31,48,64,97,56,99
87,45,39,58,63,38,31,7,8,9,15,75,61,5,71,50,73,17,78,70,20,88,18,98,12,81,28,3,92,29,30,62,35,46,44,16,67,90,77,27,96,2,42,94,25,1,59,6,0,33,19,52,47,65,74,43,21,53,37,57,60,95,13,22,82,49,66,40,68,69,85,34,24,4,32,86,14,54,55,79,80,51,89,83,84,36,76,72,11,23,41,91,26,93,10,48,64,97,56,99
87,23,39,58,63,80,31,7,8,9,15,75,61,5,71,50,59,37,78,70,36,43,18,98,12,77,28,3,92,29,30,62,35,46,44,16,67,53,93,81,96,2,42,94,25,1,17,6,0,33,19,52,47,73,74,88,21,91,51,57,60,95,13,22,82,49,66,40,90,20,85,34,24,4,32,86,14,54,55,79,76,38,89,83,84,69,65,72,11,41,27,45,26,68,10,48,64,97,56,99
45,23,60,58,63,80,31,64,26,9,73,75,61,5,71,50,59,37,78,70,36,43,18,98,12,77,28,3,92,29,30,62,35,46,44,16,67,53,48,81,96,2,42,94,22,1,74,6,0,15,14,52,47,19,17,88,8,91,51,57,33,54,13,27,39,49,66,40,90,20,85,34,24,4,32,95,93,86,55,79,76,38,89,83,84,69,65,72,11,41,25,87,82,68,10,21,7,97,56,99
45,23,60,81,26,80,39,64,4,9,32,75,61,5,71,44,59,37,78,70,36,43,96,98,12,77,73,3,92,27,30,62,35,46,29,16,67,14,48,11,0,2,42,94,22,1,74,6,58,15,47,28,52,19,17,88,50,91,51,57,33,54,13,68,31,49,66,40,90,20,85,34,24,53,18,95,93,86,55,79,76,63,89,83,84,69,65,72,38,41,25,87,82,8,10,21,7,97,56,99
45,23,60,81,26,80,56,64,40,9,32,75,61,5,71,44,59,37,38,70,41,43,4,98,12,77,73,3,92,27,30,62,35,88,29,16,42,14,48,11,34,2,46,31,22,1,74,6,58,15,47,28,52,19,17,67,50,91,51,57,33,54,13,68,84,49,66,78,90,20,85,87,24,53,18,95,93,86,55,79,7,63,89,39,76,69,65,72,0,82,25,21,83,8,10,99,96,97,36,94
45,66,60,3,26,81,56,64,40,9,5,75,61,32,71,44,59,37,38,70,79,43,4,98,90,80,73,15,92,27,30,62,35,88,29,16,48,14,72,11,34,23,41,31,22,1,74,6,58,89,47,28,52,19,17,67,50,91,2,57,51,46,13,68,84,49,24,78,21,20,85,87,12,53,18,95,93,77,55,33,7,63,54,39,76,69,65,86,0,82,25,42,83,8,10,99,96,97,36,94
45,66,1,3,26,81,56,64,40,73,72,93,79,32,71,44,59,65,38,70,13,43,4,98,90,80,27,15,34,31,55,75,35,88,29,16,48,14,61,11,12,23,41,37,22,51,74,6,58,89,47,28,52,19,17,67,50,91,2,57,5,46,36,68,84,49,24,78,21,20,85,97,92,53,18,95,30,77,9,33,7,63,54,39,76,69,87,86,0,82,25,42,83,8,10,99,96,62,60,94
45,66,1,3,26,81,88,64,40,73,72,93,79,32,71,44,59,65,38,58,13,43,4,50,90,56,27,15,34,31,46,28,7,63,29,80,48,14,53,11,84,23,41,16,22,51,74,6,10,61,47,37,52,19,17,67,87,91,2,57,12,75,36,68,98,49,24,78,21,20,85,97,92,55,18,95,30,77,9,33,35,25,54,39,76,69,70,86,0,82,89,42,83,8,5,99,96,62,60,94
45,66,1,94,26,81,88,64,40,73,72,93,79,32,71,44,59,65,70,96,13,86,63,50,4,56,27,43,34,2,46,28,15,58,29,80,48,14,78,11,84,23,41,16,22,51,74,9,10,61,47,37,52,19,17,67,87,91,38,57,12,75,36,68,98,49,24,3,82,20,85,6,92,55,18,95,30,90,7,33,35,25,54,39,76,69,97,21,31,89,0,42,83,8,5,99,77,62,60,53
45,66,1,94,26,81,70,64,4,73,72,93,79,32,71,44,59,65,46,96,13,58,63,50,84,56,27,88,34,62,57,28,15,61,52,80,48,14,78,11,9,2,41,16,22,51,74,69,10,29,47,37,30,19,17,67,87,43,38,0,12,75,36,68,91,49,24,3,82,20,85,6,92,55,18,95,23,90,7,33,35,25,54,39,76,98,97,99,31,89,40,42,83,8,5,60,77,21,86,53
45,20,40,94,65,81,70,64,4,73,72,93,79,32,71,50,77,59,46,96,13,58,63,57,84,56,27,88,34,62,39,28,15,12,52,80,48,14,67,60,9,2,41,16,22,51,74,69,10,1,61,37,66,19,17,36,87,47,38,0,11,75,55,68,91,49,24,3,82,30,85,6,92,26,44,95,23,90,7,33,35,25,54,78,76,98,97,99,31,89,18,42,83,8,5,29,43,21,86,53
45,20,88,94,65,81,92,64,4,41,72,89,79,32,98,50,77,24,46,96,13,58,18,9,84,56,27,74,34,62,39,40,15,12,59,80,28,14,67,60,6,2,82,16,22,51,73,69,10,1,61,37,66,19,17,36,87,47,38,0,63,75,55,68,91,49,35,52,3,30,85,70,11,26,44,95,23,90,7,33,93,25,54,78,76,48,97,99,31,57,71,42,83,8,5,29,43,21,86,53
45,20,88,94,14,81,92,64,4,0,86,89,72,32,98,50,77,13,46,96,47,58,18,79,84,56,27,25,34,55,39,40,15,12,59,41,28,73,67,60,6,2,82,16,22,51,54,69,10,1,63,37,61,19,17,36,74,53,38,80,31,75,66,68,91,49,35,52,3,30,85,70,11,26,44,95,23,90,65,33,93,24,62,78,76,48,97,99,7,57,71,42,83,8,5,29,43,21,9,87
45,19,88,94,14,11,18,64,62,0,86,89,72,51,91,50,77,13,46,35,47,58,32,79,84,56,27,25,81,55,39,40,15,12,59,41,28,73,67,60,6,2,82,52,63,49,54,69,10,1,92,37,61,74,17,98,36,53,38,16,31,75,66,68,8,80,3,20,96,30,85,70,4,26,44,95,23,90,65,33,93,24,22,78,76,48,97,99,7,57,71,42,83,34,5,29,43,21,9,87
45,19,88,94,69,11,18,64,62,0,86,40,10,51,91,50,72,13,46,31,47,44,27,79,84,56,82,25,81,55,39,58,15,12,59,2,28,73,67,60,35,6,41,52,63,49,54,34,68,1,92,37,61,74,17,98,36,53,38,16,21,75,66,32,8,80,89,20,96,30,14,70,4,26,29,95,23,90,65,33,93,77,22,78,76,48,85,99,7,57,71,42,83,97,5,24,43,3,9,87
45,19,88,57,47,11,18,69,62,0,86,40,10,51,91,50,72,66,31,16,64,87,27,79,84,56,28,25,81,55,95,58,15,12,94,2,83,73,67,60,38,6,3,52,63,49,54,34,82,1,92,37,61,74,17,98,36,53,39,78,21,75,35,32,8,80,89,20,96,30,14,70,4,26,59,46,23,90,65,33,93,77,22,41,76,48,85,99,7,44,71,42,13,97,5,24,43,68,9,29
45,35,88,57,47,11,64,69,66,0,86,40,73,51,91,50,72,23,31,16,21,87,27,2,68,56,28,25,81,55,95,58,15,12,94,82,83,62,67,60,38,6,65,52,84,49,7,34,10,1,92,37,61,19,17,98,36,53,39,78,70,3,75,32,44,80,89,20,96,30,14,63,4,26,59,46,79,90,18,33,93,77,22,41,76,48,85,99,8,74,71,42,13,97,5,24,43,54,9,29
45,35,77,57,47,11,64,69,66,72,88,40,73,51,91,50,56,23,31,16,21,87,27,2,86,67,28,25,81,55,95,83,37,12,94,82,71,92,0,5,38,6,65,52,84,98,30,34,10,1,33,62,61,60,17,58,36,53,7,78,70,3,75,32,44,80,89,20,96,18,14,63,4,26,59,46,79,90,15,68,93,49,22,41,76,48,85,99,8,74,39,42,13,97,19,24,43,54,9,29
45,35,77,57,62,68,11,94,66,69,88,40,73,51,21,50,56,23,31,16,67,87,27,92,86,36,28,25,81,55,95,47,37,12,78,82,71,97,83,5,38,6,65,52,84,64,30,34,93,1,33,32,61,60,17,58,2,53,7,72,70,3,75,18,44,80,89,20,96,0,91,10,4,26,59,46,79,90,15,14,98,49,22,41,76,48,85,99,8,74,39,42,13,63,19,24,43,54,9,29
45,35,77,57,62,68,11,94,50,69,88,40,73,66,21,41,56,23,31,8,16,87,27,92,86,36,28,14,81,55,95,47,37,12,13,82,96,97,49,5,38,6,24,52,84,64,30,34,93,1,33,32,61,60,17,58,2,71,76,72,83,3,75,18,44,80,89,20,78,51,91,90,4,0,59,46,79,65,15,70,98,25,22,53,26,48,85,99,7,74,39,42,10,63,19,67,43,54,9,29
45,74,92,57,62,68,11,94,50,21,64,82,73,66,88,41,56,23,31,8,16,87,36,30,75,81,28,14,49,55,95,47,37,12,13,19,96,97,72,5,38,6,53,69,84,85,27,34,93,1,33,32,61,60,17,58,2,71,76,86,83,3,24,18,44,80,89,20,78,51,91,90,4,0,59,46,79,65,15,70,98,25,22,35,77,52,26,99,7,48,39,42,10,63,40,67,43,54,9,29
45,37,92,57,62,68,31,94,41,21,64,82,73,66,88,16,56,23,50,8,51,87,36,30,75,28,11,14,49,80,95,15,81,12,13,19,96,97,2,5,91,6,53,69,84,83,27,34,93,55,33,32,61,60,17,58,47,71,76,86,99,3,24,18,44,72,89,20,78,65,39,90,4,0,59,46,79,85,7,70,98,25,22,35,77,52,26,74,1,48,38,42,10,63,40,67,43,54,9,29
45,37,92,57,62,68,31,94,41,21,48,82,64,98,88,16,56,6,7,8,51,44,76,30,75,28,11,14,87,97,95,15,81,12,36,80,96,47,2,5,91,13,53,69,84,83,27,34,93,55,33,32,61,60,17,73,50,71,19,86,99,3,24,18,43,40,89,20,78,65,49,90,4,0,59,46,79,85,58,70,23,25,22,35,77,52,26,74,1,39,72,42,10,63,38,67,66,54,9,29
45,37,85,57,7,68,82,94,32,17,78,95,98,41,88,16,56,6,62,21,51,44,76,30,75,28,11,14,87,97,65,15,81,12,64,13,96,47,25,5,91,22,53,69,84,83,27,34,93,55,33,29,61,60,36,73,50,71,19,86,99,3,24,18,43,40,89,20,31,80,49,90,4,0,59,46,79,48,58,70,23,92,66,35,77,52,26,74,1,39,72,42,10,63,38,67,8,54,9,2
20,37,85,57,7,88,4,94,32,17,78,95,73,52,68,16,56,6,26,21,51,44,76,30,75,28,11,14,87,97,65,15,81,41,64,13,70,47,25,5,91,22,53,69,84,71,27,34,93,55,33,29,61,60,36,45,66,3,0,86,99,89,24,18,43,40,92,98,31,80,49,62,50,12,59,46,79,48,58,96,23,19,83,35,77,82,90,74,1,39,72,42,10,63,38,67,8,54,9,2
20,37,85,57,7,88,4,94,21,17,96,95,48,52,68,16,56,6,26,91,51,41,76,30,75,28,13,14,87,97,65,9,81,44,64,50,70,47,25,5,15,22,53,69,84,71,27,34,32,1,33,29,61,60,39,45,66,79,0,86,99,89,24,18,43,40,92,98,31,80,49,62,2,12,59,46,93,11,58,73,23,19,83,35,77,82,90,74,3,55,54,42,10,63,38,78,8,67,36,72
20,37,85,56,7,65,32,12,21,17,6,95,48,52,94,68,38,57,26,91,51,41,76,30,75,16,13,14,87,96,72,9,81,44,64,50,54,47,25,59,15,22,53,69,84,71,27,34,5,28,33,29,61,60,39,45,70,79,0,86,99,89,66,18,43,40,92,98,31,80,49,62,2,24,1,46,93,11,58,73,23,19,83,35,77,82,42,74,3,55,90,97,10,63,4,78,8,67,36,88
20,37,85,1,7,65,32,12,96,17,6,75,94,78,98,68,38,41,26,91,51,29,76,31,74,16,13,14,10,48,72,9,81,52,64,50,54,47,25,59,15,22,53,69,84,71,27,34,5,28,33,57,61,60,39,45,70,79,0,86,99,89,66,18,43,40,92,56,23,80,8,62,2,24,30,46,93,11,58,73,63,19,83,35,77,82,42,95,3,87,90,97,21,55,4,49,44,67,36,88
20,42,85,1,7,65,32,12,83,17,6,75,94,78,50,68,86,41,26,91,51,29,76,31,33,81,13,14,10,48,0,9,16,38,64,72,54,47,36,59,15,22,53,69,84,71,27,34,5,28,11,57,61,60,39,45,70,79,23,25,99,89,66,18,43,40,92,56,96,80,8,98,2,62,88,46,93,82,52,73,63,19,58,35,77,37,74,95,3,87,90,97,21,55,4,49,44,67,24,30
20,42,85,1,7,65,5,12,83,17,6,75,94,78,50,77,86,41,26,91,51,62,76,31,33,81,13,14,10,48,54,9,32,38,64,72,79,47,36,59,15,22,53,69,84,52,27,56,66,28,16,57,71,60,39,45,70,80,67,25,99,73,96,18,43,40,92,0,61,4,8,98,2,89,88,46,93,82,49,11,63,19,58,35,29,37,74,95,3,87,90,97,21,55,23,34,44,68,24,30
73,72,85,31,7,65,5,12,83,17,36,1,94,78,50,77,86,75,99,91,51,62,32,53,33,81,20,14,10,48,54,9,42,38,64,41,79,47,92,59,15,22,87,69,84,52,27,56,13,28,16,57,71,60,39,45,70,80,67,25,76,93,96,18,43,40,34,0,61,4,8,98,2,95,88,46,26,66,49,11,63,19,58,35,29,37,89,74,3,6,90,97,21,55,23,82,44,68,24,30
73,72,85,31,86,65,5,55,83,17,36,12,94,50,41,77,23,93,99,91,51,62,47,53,33,81,20,14,10,48,54,87,42,38,64,57,79,32,92,59,15,22,75,69,84,52,27,56,13,78,16,9,71,60,39,45,70,80,67,25,76,7,96,18,43,40,26,0,61,4,8,98,2,95,88,46,74,6,1,11,63,34,58,35,29,37,89,3,49,19,90,97,21,28,66,82,44,68,24,30
73,72,85,31,86,65,5,55,83,17,36,12,94,50,23,77,82,11,99,91,7,62,47,53,33,81,20,14,10,48,54,87,42,51,64,34,79,32,92,59,21,22,75,69,84,52,27,56,19,78,68,9,71,60,39,45,70,15,80,25,0,41,96,18,43,38,26,35,61,4,93,98,2,6,88,46,74,95,1,67,63,76,58,57,29,37,89,3,49,13,90,97,40,28,66,16,44,8,24,30
73,72,85,31,86,65,34,55,96,17,36,92,94,50,23,77,82,11,99,91,7,62,47,53,33,81,20,13,10,48,54,87,42,21,64,60,79,32,12,59,51,22,75,69,84,41,27,56,19,78,68,9,28,71,39,5,70,15,80,25,0,46,61,18,43,38,26,35,63,4,93,98,2,6,88,37,3,95,83,67,45,76,58,57,29,14,1,52,49,24,90,97,40,89,66,16,44,8,74,30
73,84,85,31,86,65,52,55,96,17,36,92,94,50,23,77,82,62,99,91,7,25,47,53,33,81,20,13,10,48,54,87,42,21,35,60,79,11,12,59,51,22,75,64,83,41,27,34,19,78,68,9,28,71,39,97,70,15,80,32,0,46,89,18,43,38,1,3,26,4,93,98,2,6,5,37,88,95,49,67,45,76,58,69,29,14,61,40,63,24,90,56,72,57,66,16,44,8,74,30
73,84,85,66,86,65,90,55,96,17,36,92,94,57,23,35,82,62,99,91,7,25,47,53,33,81,20,13,10,48,6,87,42,56,40,60,79,11,12,59,51,22,75,64,97,50,27,34,19,78,68,9,28,21,83,52,70,15,80,32,0,46,31,77,43,38,1,3,26,98,89,93,2,71,5,37,88,95,49,67,45,18,39,69,29,14,61,41,63,24,4,54,72,76,58,16,44,8,74,30
39,84,85,66,43,65,46,55,96,17,36,92,94,57,23,35,82,62,80,91,7,25,47,53,78,45,20,13,10,0,6,87,42,81,77,60,79,11,12,59,51,22,75,64,97,50,27,99,90,70,19,9,28,21,83,52,40,15,33,32,86,73,31,95,4,38,1,3,26,98,56,93,2,71,5,37,88,48,49,67,54,18,89,69,29,14,61,41,63,24,34,68,72,76,58,16,44,8,74,30
39,84,85,37,43,81,46,55,96,71,36,92,19,57,23,35,82,62,80,13,7,25,47,53,78,45,20,59,49,0,6,87,42,77,65,60,79,11,12,94,51,22,10,64,52,50,27,99,90,70,66,9,28,21,83,97,40,3,88,32,86,73,31,95,4,38,44,33,26,98,56,93,2,58,5,91,75,48,1,15,54,18,89,69,29,14,61,41,63,24,34,68,72,76,17,16,67,8,74,30
23,68,85,37,43,81,46,55,36,71,57,92,19,56,76,66,73,62,80,13,95,4,47,53,78,45,20,59,49,0,6,87,42,77,65,60,79,11,12,94,51,22,10,64,7,50,27,99,90,70,48,9,28,21,83,97,40,3,25,32,75,82,31,35,88,38,44,33,26,98,84,93,52,58,5,86,91,2,1,15,54,18,89,69,29,14,96,41,63,24,34,61,72,39,17,16,67,8,74,30
23,24,85,83,99,31,46,55,36,35,57,92,19,71,76,66,37,62,90,13,95,4,93,53,78,45,20,59,49,0,6,87,42,68,65,60,79,11,12,94,51,22,10,73,7,50,27,47,58,70,48,9,28,21,77,97,8,3,25,32,56,82,16,64,88,38,44,33,26,98,84,81,52,40,5,86,91,80,1,15,54,18,89,69,29,14,96,41,63,34,2,61,72,39,17,75,67,43,74,30
23,24,29,83,99,31,46,0,49,35,57,92,19,71,76,66,37,62,90,13,95,97,50,55,78,45,64,59,25,7,6,87,42,68,65,61,79,11,12,94,51,9,10,73,60,75,27,47,58,70,48,53,28,21,77,20,8,36,22,32,56,82,16,85,88,38,44,93,26,3,84,81,52,40,5,86,91,80,1,15,54,18,89,4,98,14,96,41,63,34,2,33,69,39,17,72,67,43,74,30
6,60,29,69,99,31,83,53,49,35,57,92,19,71,76,66,24,62,90,13,3,46,50,55,78,45,64,59,25,7,75,87,30,68,65,61,79,11,12,94,51,9,10,73,2,97,27,47,58,70,48,26,28,21,77,20,8,36,22,32,56,82,16,85,17,38,44,93,23,42,84,81,52,40,1,86,91,80,0,15,54,18,41,4,98,14,96,89,63,34,37,33,88,39,5,72,67,43,95,74
6,60,29,69,99,31,83,53,49,35,57,92,28,71,76,66,24,56,90,13,3,74,50,55,78,45,64,59,25,7,75,82,61,95,65,23,68,97,12,94,51,9,10,73,2,26,27,47,19,70,48,32,54,21,77,20,8,36,22,1,30,87,16,85,17,38,44,93,43,42,84,81,52,40,58,86,91,80,0,15,46,18,41,62,98,14,79,89,63,34,37,33,88,39,11,72,67,5,4,96
6,60,14,69,99,31,83,23,49,35,57,92,28,80,76,66,24,29,90,13,3,64,50,55,78,45,82,59,25,27,75,53,61,95,65,74,68,97,12,94,51,9,98,30,2,26,34,47,19,70,48,32,54,21,81,20,8,36,22,1,93,87,16,85,17,38,44,10,43,42,56,71,52,40,58,86,84,73,0,15,46,18,41,62,77,7,79,63,39,89,37,33,88,91,11,72,67,5,4,96
2,60,36,69,99,31,83,23,81,35,57,92,28,80,76,66,24,29,40,13,3,64,50,0,78,45,82,59,51,27,75,53,61,95,65,74,68,19,12,94,14,9,7,30,42,26,34,47,32,70,97,79,54,55,56,20,8,25,22,1,93,87,16,85,17,38,44,10,43,48,11,71,6,5,58,86,84,73,90,15,46,18,41,62,77,98,49,63,39,89,37,33,88,91,52,72,67,21,4,96
2,5,36,57,62,31,83,23,81,35,14,92,28,89,69,99,24,29,34,13,3,26,50,0,78,45,53,59,51,27,75,12,61,95,65,74,15,68,60,94,56,9,80,30,42,40,64,47,32,70,97,79,54,55,66,20,8,25,22,1,93,87,16,85,17,38,44,10,43,48,11,71,6,88,58,82,84,73,90,7,46,18,41,86,77,98,49,63,39,76,37,33,19,91,52,72,67,21,4,96
43,5,36,3,62,31,83,23,81,35,14,64,28,89,41,99,24,29,34,13,94,26,50,0,78,45,63,59,51,27,16,12,61,95,65,74,15,68,75,57,56,30,9,97,42,40,69,47,32,70,33,19,54,55,60,20,8,92,22,1,93,79,80,85,17,38,44,10,87,48,11,71,6,88,58,82,84,73,90,53,46,18,66,86,77,98,49,25,39,76,37,7,2,91,52,72,67,21,4,96
43,73,36,55,62,87,0,80,81,35,14,64,28,89,41,99,24,63,34,13,94,26,50,8,78,45,96,59,51,27,16,12,61,95,65,5,31,68,75,57,56,67,9,97,42,40,69,47,32,70,33,20,38,29,60,77,23,92,22,1,93,79,83,85,17,54,44,10,30,48,11,71,6,88,58,82,84,74,90,53,46,18,66,86,3,98,49,25,39,7,37,19,2,91,52,72,15,21,4,76
91,21,7,55,62,87,0,80,74,35,14,64,77,89,24,99,76,63,34,13,94,26,79,70,52,45,96,59,81,27,16,12,61,95,65,5,31,8,53,57,56,67,9,97,42,40,69,47,32,75,33,20,51,29,60,93,23,92,22,1,38,43,83,85,17,54,44,10,30,48,11,71,6,88,58,82,84,36,90,73,46,18,66,86,3,98,49,25,39,41,37,19,2,68,50,72,15,78,4,28
80,21,9,55,62,87,0,84,74,35,14,64,77,89,24,99,76,63,34,13,94,26,79,33,52,45,96,19,81,27,16,44,22,95,65,5,31,8,36,57,56,50,12,97,42,40,69,47,32,75,73,91,51,29,60,93,23,92,7,1,38,43,83,85,17,54,58,10,30,48,11,71,6,88,2,82,67,28,90,72,46,18,66,86,61,98,49,25,39,41,20,37,53,68,3,70,15,78,4,59
27,7,9,87,62,5,66,84,74,60,52,64,77,89,24,99,76,63,20,13,94,26,79,21,67,3,96,19,81,75,8,44,22,95,65,16,45,33,36,57,56,50,12,97,42,40,69,47,32,35,73,91,51,29,4,93,23,92,34,1,38,43,83,85,17,54,58,10,30,48,11,71,6,88,2,82,80,28,31,72,46,18,0,86,61,98,49,25,39,41,90,37,53,68,14,70,15,78,55,59
43,7,54,87,62,5,66,84,21,75,22,64,77,89,24,99,76,63,20,60,90,26,79,52,3,58,74,19,81,69,8,44,27,95,65,88,96,33,13,57,56,50,12,97,42,40,9,47,32,35,73,91,51,29,4,93,23,92,34,83,38,94,1,85,17,45,67,10,30,48,11,71,6,16,2,82,80,28,31,72,46,18,0,86,61,98,49,25,39,41,78,37,53,68,14,70,15,36,55,59
7,50,54,87,62,5,40,84,20,39,22,64,77,43,24,99,63,71,72,60,90,26,79,52,3,9,74,19,81,35,8,44,27,21,65,88,96,33,13,57,48,76,12,97,42,89,69,47,23,56,73,91,51,29,4,93,66,92,34,83,38,94,1,85,17,45,67,10,30,32,11,75,6,16,2,82,80,61,31,58,46,18,0,86,28,98,49,25,95,41,78,37,53,68,14,70,15,36,55,59
7,50,54,87,62,5,40,84,20,39,22,80,77,43,21,18,93,71,72,60,52,26,79,36,42,9,74,19,81,86,8,11,27,3,65,38,96,88,13,57,48,64,12,97,99,89,69,47,23,56,73,91,51,29,4,24,66,92,34,83,76,94,35,85,17,45,67,41,30,32,33,75,6,16,2,82,90,61,31,58,46,78,0,63,28,98,49,25,95,10,44,37,53,68,14,70,15,1,55,59
7,12,54,87,62,5,40,84,20,47,22,80,77,43,99,18,93,71,72,60,52,26,79,10,42,9,36,19,81,86,8,33,27,3,65,38,96,88,13,15,48,0,28,97,74,89,64,73,23,11,50,91,51,29,4,24,66,92,85,83,76,94,35,69,17,45,67,41,30,32,37,75,6,16,2,31,90,61,21,58,46,78,39,63,57,98,82,25,95,56,44,34,53,68,14,70,49,1,55,59
7,69,54,26,49,5,40,84,20,47,22,80,77,86,99,18,93,78,44,60,52,74,56,10,42,9,36,19,72,87,8,33,81,3,65,38,96,88,41,15,48,0,28,97,71,27,64,73,23,46,50,91,51,29,4,24,66,92,2,83,76,94,35,43,17,45,67,85,30,32,37,75,6,79,12,31,90,61,21,58,13,11,39,63,57,98,82,25,95,89,16,34,53,68,14,70,62,1,55,59
60,69,54,26,96,18,40,84,20,47,22,80,77,86,99,6,93,78,44,19,52,31,72,10,42,9,89,61,83,87,8,33,81,3,65,38,68,88,39,15,48,0,56,97,85,71,91,73,23,46,50,41,51,29,4,24,66,92,2,64,76,94,35,43,17,45,67,36,30,32,37,75,5,79,12,49,90,74,21,58,13,11,27,63,57,98,82,25,95,7,16,34,53,28,14,70,62,1,55,59
60,69,54,26,96,90,40,6,20,70,22,80,77,86,99,91,93,78,17,19,52,31,72,10,42,9,35,61,83,68,8,87,81,44,65,38,56,88,39,92,48,0,47,15,85,71,2,73,1,46,50,41,51,29,4,24,66,7,84,64,3,94,76,43,18,45,67,36,30,32,37,75,5,79,12,49,89,74,21,58,13,11,27,63,57,98,82,97,95,23,16,34,53,28,14,33,62,25,55,59
60,69,54,97,96,90,26,6,98,70,22,80,77,86,99,91,29,78,17,19,52,31,72,24,51,9,40,61,83,68,8,94,59,44,65,38,56,88,39,92,48,0,47,15,85,71,2,73,1,81,50,23,42,41,4,21,66,7,84,64,3,45,76,43,18,20,67,36,30,32,37,62,5,79,12,49,89,74,10,58,13,11,27,63,57,93,82,55,95,75,16,34,46,28,14,33,35,25,53,87
60,69,54,97,96,90,26,76,98,94,22,80,77,86,99,91,29,79,17,19,52,45,72,24,51,11,40,61,83,68,8,44,39,57,65,38,56,88,9,92,34,0,47,15,85,71,2,73,63,81,50,49,42,41,4,21,31,7,84,64,3,14,48,43,18,70,67,36,30,32,37,62,5,1,12,6,89,74,10,58,66,78,27,59,20,93,82,55,95,75,16,25,46,28,13,33,35,23,53,87
60,69,54,97,96,90,26,76,98,94,22,92,61,1,99,57,29,79,17,19,52,45,72,24,51,11,40,84,80,68,8,44,39,83,65,66,46,88,9,74,34,0,47,15,85,71,91,73,30,63,50,49,42,38,4,21,31,7,77,64,3,14,48,43,18,70,67,36,86,32,89,62,5,41,12,6,56,81,10,37,33,78,27,59,20,93,82,55,95,75,16,25,2,28,13,87,35,23,53,58
59,69,54,97,33,90,42,76,98,94,22,92,61,1,99,57,29,47,17,19,8,45,72,24,51,11,40,84,80,68,50,44,39,27,65,66,46,88,9,74,0,91,60,15,85,71,96,73,89,63,26,49,52,38,32,21,31,7,77,10,3,14,48,43,18,70,67,36,86,83,4,62,5,41,12,6,64,81,56,37,79,78,34,53,20,93,82,55,95,75,16,25,30,28,13,87,35,23,2,58
59,69,54,97,33,58,42,34,98,55,79,92,61,1,99,43,29,47,17,19,8,45,72,24,51,11,40,84,5,68,50,44,39,27,65,66,46,88,60,74,0,91,73,15,85,71,36,48,89,63,26,22,52,38,32,21,31,90,77,10,76,14,95,3,18,70,57,96,86,83,4,62,9,67,12,6,64,81,56,37,94,78,49,53,20,93,82,13,41,75,16,25,30,28,80,87,35,23,2,7
59,69,95,57,33,58,98,34,85,55,45,92,61,1,99,43,29,47,17,41,8,90,72,24,51,54,40,84,5,68,50,83,39,27,65,28,46,88,60,74,0,91,73,15,44,71,86,48,89,63,26,22,52,38,32,21,31,19,77,10,70,14,11,3,18,78,87,96,76,79,4,62,9,67,12,6,64,81,56,37,94,2,49,53,20,93,82,13,97,75,16,25,36,42,80,30,35,23,66,7
59,69,95,9,33,58,98,34,85,55,45,92,61,1,99,43,29,7,17,41,8,5,72,24,82,89,40,84,23,68,90,83,39,10,65,28,20,88,60,74,0,91,73,15,44,71,86,48,13,63,26,22,52,38,70,49,31,19,27,32,87,14,11,3,18,78,47,96,76,79,4,62,25,67,12,6,64,81,56,37,94,21,54,53,50,93,51,77,97,75,16,46,36,42,80,30,35,57,66,2
59,69,95,9,33,58,30,34,85,55,98,70,61,90,99,96,29,7,17,64,87,5,72,45,82,89,92,84,23,68,43,83,39,10,65,28,20,88,60,74,0,91,11,15,44,71,86,48,13,8,26,22,76,38,41,49,24,19,27,32,75,14,1,3,18,78,97,2,73,79,4,62,25,67,12,6,52,81,56,37,94,21,54,53,50,93,51,77,47,63,16,46,36,42,80,40,35,57,66,31
59,60,95,9,33,58,30,34,85,55,16,70,61,90,99,17,29,81,4,64,7,5,72,45,82,89,92,84,32,68,43,83,39,10,65,28,20,88,71,74,0,91,11,96,44,54,86,48,13,8,26,22,76,38,41,23,24,19,27,42,75,14,1,3,49,78,97,2,73,66,25,62,18,69,12,6,52,98,56,37,94,21,47,53,50,93,51,77,79,67,63,46,36,57,80,40,35,15,87,31
59,60,95,9,84,86,30,74,85,40,15,70,61,56,99,17,29,45,4,64,7,5,72,28,65,89,92,68,32,90,43,83,39,10,96,16,20,88,71,36,0,91,11,94,44,54,55,48,13,8,26,22,76,38,41,23,24,19,27,42,75,14,58,3,81,78,97,2,73,66,25,62,49,69,12,6,52,98,33,37,1,21,47,34,50,93,51,77,79,67,63,46,82,57,80,53,35,18,87,31
13,95,78,9,84,43,30,74,86,40,15,70,61,82,99,17,29,28,4,64,7,5,72,45,92,89,98,68,32,90,65,83,39,10,96,16,47,88,71,36,20,91,11,94,44,54,55,48,27,8,26,22,57,38,41,60,24,19,56,42,75,14,58,3,81,35,0,2,73,66,25,62,49,69,12,6,52,97,33,37,1,59,23,34,50,93,51,77,79,67,63,46,76,85,80,53,21,18,87,31
11,8,78,9,39,43,30,74,86,40,15,70,61,82,99,17,29,28,13,64,7,5,72,45,92,89,98,80,46,90,35,83,57,10,96,16,47,84,71,36,20,91,4,94,44,54,55,48,27,97,26,22,63,38,41,60,24,19,56,87,75,3,58,52,81,32,0,2,73,66,25,62,49,69,12,6,65,1,33,37,34,59,23,42,50,93,88,77,79,67,14,95,76,85,68,53,21,18,51,31
11,56,78,9,39,43,30,74,86,40,15,70,61,82,28,17,21,87,13,64,7,5,72,45,92,89,98,80,46,90,35,83,31,19,96,37,29,84,71,36,20,91,4,94,52,54,55,48,27,97,26,22,63,18,44,60,24,6,99,38,41,3,58,57,81,32,0,2,73,66,25,62,49,69,12,8,65,1,33,47,34,59,23,42,50,93,85,77,79,75,14,95,76,51,68,53,67,88,16,10
11,27,78,9,39,43,30,74,16,40,15,69,61,98,28,37,21,70,13,64,7,5,72,93,92,89,84,10,46,90,35,83,26,19,96,80,29,23,71,36,20,91,4,94,52,54,55,48,82,97,73,22,17,18,44,60,24,6,87,38,41,3,58,57,81,32,0,2,63,66,25,62,49,56,12,8,65,76,33,47,1,59,45,42,50,31,85,77,79,75,14,95,34,51,68,53,67,88,99,86
61,27,78,9,39,43,30,74,35,40,8,69,23,98,28,7,13,70,82,64,11,5,72,93,92,89,84,10,46,90,41,83,26,19,96,80,21,29,71,36,20,91,4,94,33,54,37,48,81,34,73,22,17,18,0,60,24,6,87,38,15,3,58,57,16,32,44,2,63,66,25,62,49,56,12,52,65,75,55,97,1,59,45,42,50,31,85,77,79,47,14,95,76,51,68,53,67,88,99,86
61,27,78,9,39,99,30,74,35,38,8,69,5,98,28,7,13,70,82,64,18,6,72,14,92,89,84,10,46,52,41,83,26,19,96,67,80,29,71,36,20,91,65,94,90,54,37,48,81,34,73,22,17,43,0,60,24,40,87,15,4,21,58,57,16,32,44,2,63,66,25,62,49,56,12,33,3,75,95,97,1,59,45,23,50,31,85,77,42,47,11,55,76,51,68,53,93,88,79,86
61,85,78,9,39,99,30,74,21,57,8,69,5,96,28,7,11,70,82,64,18,6,72,38,92,89,41,10,46,73,42,83,26,19,98,67,80,29,71,36,20,91,65,94,90,54,37,63,81,34,52,22,17,43,0,60,24,40,87,15,4,93,84,27,16,32,44,2,88,66,25,62,49,56,12,48,58,75,95,97,35,59,45,23,50,31,3,77,33,47,51,55,76,13,68,53,1,14,79,86
61,79,78,9,39,99,30,74,21,57,8,13,5,96,23,7,11,93,82,83,18,6,36,38,92,89,41,10,46,64,42,84,26,19,98,67,80,29,72,1,20,91,28,94,90,54,37,63,81,34,52,62,17,86,0,60,24,40,70,15,4,47,73,27,16,32,55,2,88,66,25,22,49,56,12,48,58,75,95,97,35,59,45,69,50,31,3,77,33,43,51,71,76,85,68,53,44,14,65,87
61,21,78,9,39,99,7,14,93,57,8,13,91,96,36,37,11,23,82,83,18,6,27,79,92,89,41,10,71,64,42,84,26,4,98,5,31,29,72,1,20,3,28,94,90,54,46,63,81,34,52,62,17,86,0,60,24,40,70,15,76,47,73,97,16,32,55,2,88,66,25,22,49,38,12,48,58,75,95,74,35,59,45,69,50,30,19,77,33,43,51,56,80,85,68,53,44,67,65,87
61,21,78,9,39,99,7,14,55,57,25,13,66,96,36,37,94,23,82,83,18,6,62,79,92,20,41,10,49,64,42,8,26,4,98,5,31,29,72,1,30,51,28,89,90,54,58,63,81,34,52,16,17,11,0,60,24,40,70,46,76,47,73,97,74,32,91,2,88,15,71,22,3,38,12,48,65,75,95,86,35,59,45,69,50,27,19,77,33,43,84,56,80,85,68,53,44,67,93,87
61,21,78,82,11,99,7,14,55,57,25,13,66,41,30,45,72,9,43,83,18,6,62,87,92,20,23,10,75,96,46,8,26,4,94,5,31,29,37,1,64,51,28,89,90,54,58,63,81,34,52,16,17,49,0,60,24,40,70,79,76,47,73,97,74,32,91,2,88,15,71,22,3,38,12,48,65,33,95,86,35,98,42,69,50,27,19,77,56,36,84,59,80,85,68,53,44,67,93,39
51,21,78,82,11,17,7,14,55,15,99,13,66,41,30,45,72,12,43,63,18,6,62,87,92,20,23,10,75,98,83,8,57,4,94,5,31,29,37,1,64,97,76,89,90,54,58,60,81,34,52,27,71,49,0,96,24,26,70,79,40,47,73,61,74,28,91,2,88,46,16,22,3,38,9,48,65,33,95,86,35,69,42,25,50,32,19,77,56,36,84,59,80,85,68,53,44,67,93,39
24,21,78,82,11,55,17,14,97,15,99,13,62,89,90,45,72,12,43,63,18,6,98,37,92,20,27,10,75,4,32,41,57,51,94,5,31,29,30,1,64,83,76,8,3,54,58,60,81,34,52,95,71,49,0,96,23,26,39,79,40,47,73,61,74,28,91,2,88,46,16,22,87,38,9,48,65,33,66,86,35,69,42,25,50,70,19,77,56,36,84,59,80,85,68,53,44,67,93,7
24,21,78,82,11,55,75,14,97,15,99,81,62,89,90,45,72,12,43,63,18,6,48,5,92,20,54,10,40,74,32,41,57,51,94,13,31,29,8,1,64,79,76,9,3,83,58,60,50,34,52,95,71,4,0,96,23,26,39,37,98,47,73,56,77,28,91,2,88,46,16,22,87,38,59,17,65,33,66,86,35,69,42,25,27,70,19,30,68,36,84,61,80,85,49,53,44,67,93,7
24,21,78,82,11,55,34,14,97,15,99,81,67,85,90,75,72,51,43,12,18,6,73,5,1,20,54,10,83,74,32,92,57,62,94,13,31,29,8,44,64,79,76,47,45,22,58,60,50,40,9,63,71,89,0,96,23,26,39,37,98,3,41,56,77,28,91,2,88,46,16,52,87,38,59,17,65,33,66,86,35,69,42,25,27,70,19,30,68,36,84,61,80,4,49,53,95,48,93,7
24,10,78,82,11,55,34,14,97,56,99,81,67,85,90,75,72,51,43,41,15,6,73,61,1,9,54,21,83,74,32,92,57,20,94,47,31,29,8,44,18,79,76,19,96,22,58,60,50,40,62,80,71,89,0,64,23,26,39,37,98,3,63,45,77,13,91,2,42,46,88,52,87,38,59,17,65,33,66,86,35,69,12,25,27,70,5,30,68,36,84,28,48,4,49,53,95,16,93,7
88,10,40,82,11,55,34,14,97,56,57,81,67,85,90,75,72,51,43,91,15,59,73,61,1,9,33,21,83,74,36,25,20,32,94,47,31,23,8,44,18,54,99,29,96,22,58,60,50,92,62,80,71,89,0,64,87,26,39,37,98,3,63,45,77,13,79,2,42,46,41,52,12,38,6,17,65,76,66,86,35,69,24,84,27,70,5,30,68,19,78,28,48,4,49,53,95,16,93,7
88,10,52,82,11,55,34,73,97,56,57,81,67,85,91,75,72,51,43,83,90,59,54,61,47,9,39,21,19,74,36,25,20,46,15,80,31,23,8,44,0,94,99,29,96,22,58,60,50,92,62,32,71,89,1,64,87,26,33,37,98,78,63,45,77,13,79,40,42,48,41,3,12,38,6,17,65,76,66,86,35,69,24,18,27,70,5,30,68,2,84,28,14,4,49,53,95,16,93,7
88,10,52,82,4,55,34,73,97,56,57,24,42,50,91,75,72,51,43,31,90,59,54,61,47,9,39,46,19,74,36,2,20,37,15,80,5,23,8,11,0,94,25,64,96,22,58,60,81,92,62,21,71,89,1,85,87,26,33,99,98,78,63,45,77,13,79,40,32,48,41,83,12,38,6,17,65,76,44,86,3,69,67,18,27,70,35,30,68,53,84,28,14,29,49,66,95,16,93,7
88,10,52,82,4,55,49,73,97,56,57,96,42,50,91,75,59,51,43,31,90,95,37,61,47,9,39,46,19,74,35,2,18,34,15,80,5,23,8,24,98,94,25,64,54,11,58,60,81,92,62,21,71,89,1,85,87,13,33,99,79,78,22,45,77,44,20,40,63,48,41,83,12,7,6,17,65,76,72,86,3,69,67,36,27,70,26,30,68,53,84,28,14,29,32,66,0,16,93,38
88,10,52,56,37,55,49,73,16,79,48,96,42,50,91,57,59,72,4,31,90,95,67,82,47,9,39,43,19,74,35,2,18,34,29,80,5,30,23,24,98,94,25,64,54,11,58,60,81,92,62,21,71,15,1,85,87,13,33,99,38,78,22,45,77,44,20,40,63,46,41,83,12,7,6,17,65,76,61,75,3,69,97,8,27,70,26,86,68,53,84,28,14,36,32,66,0,51,93,89
88,10,52,56,16,55,49,73,75,79,67,96,50,37,91,57,59,72,4,31,90,95,1,82,47,9,39,61,19,74,35,2,18,34,29,80,42,30,23,21,43,94,25,64,54,11,58,99,81,40,62,24,71,15,12,85,87,13,33,22,38,78,48,36,77,44,20,93,63,46,98,83,60,7,92,17,65,76,41,6,3,69,97,8,27,70,26,86,68,53,84,28,14,45,32,66,0,51,5,89
88,93,52,56,0,10,49,9,17,79,19,96,28,37,91,57,59,7,4,31,90,95,1,82,47,24,39,61,64,74,35,2,15,34,29,80,42,30,23,21,20,94,25,16,54,11,58,99,81,40,62,27,71,73,12,85,87,13,33,22,38,78,48,36,77,72,50,76,63,46,98,83,67,43,92,75,65,18,41,6,3,69,97,8,60,70,26,86,68,53,84,44,14,45,32,66,55,51,5,89
68,93,52,56,0,10,49,9,7,79,19,96,28,69,91,55,59,88,4,31,36,95,1,89,47,24,76,61,64,74,66,2,15,34,29,80,42,30,23,21,20,94,25,99,54,11,58,46,81,40,35,27,71,73,12,85,87,13,33,22,17,78,48,3,77,72,50,18,63,90,98,83,67,43,92,75,65,39,41,6,16,38,97,8,60,70,26,82,5,53,84,44,14,45,32,37,86,51,57,62
68,93,37,56,0,10,49,9,7,32,85,96,28,69,91,55,59,88,4,31,36,95,1,89,47,24,76,61,64,20,66,2,15,34,29,80,42,5,23,21,79,94,25,63,54,11,58,46,81,40,50,27,71,73,77,43,87,13,33,22,74,78,12,3,17,72,86,18,19,90,98,14,67,84,92,75,65,39,41,6,16,38,99,8,60,70,26,82,45,53,30,44,48,83,97,52,35,51,57,62
68,93,37,23,0,10,3,9,7,71,85,96,28,81,91,13,32,88,4,31,36,95,1,89,47,24,29,61,64,20,66,2,15,34,63,80,42,5,55,21,79,94,25,70,54,11,58,67,49,40,43,27,50,73,77,78,87,59,33,48,74,46,12,6,17,72,86,18,19,90,98,22,83,84,92,75,65,39,41,56,16,38,99,8,60,69,26,82,45,53,30,44,76,14,97,52,35,51,57,62
68,93,37,23,0,10,1,9,7,90,85,96,71,81,91,83,32,88,4,31,36,14,12,89,47,24,29,61,64,66,48,2,15,34,65,80,42,39,55,21,25,94,13,70,54,11,58,67,49,40,43,27,50,73,77,78,87,63,33,79,74,46,99,6,17,72,86,18,30,95,98,3,28,84,92,75,19,22,5,56,16,38,59,8,60,69,26,82,45,53,41,44,76,20,97,52,35,51,57,62
68,93,53,23,0,16,1,9,7,63,85,96,71,81,36,83,32,88,4,31,10,14,70,89,47,91,29,61,64,66,48,2,15,34,65,80,12,39,55,74,25,94,13,30,54,11,58,67,49,82,37,27,50,73,77,78,87,40,19,79,45,46,99,6,17,72,76,18,90,95,98,3,28,84,92,75,35,22,5,56,42,38,59,8,60,69,26,52,43,86,41,44,33,20,97,24,21,51,57,62
68,93,53,23,0,25,1,9,19,18,85,96,39,81,36,83,32,88,17,31,10,14,70,63,47,91,59,61,64,66,48,27,15,34,65,80,12,24,55,74,79,94,13,30,54,4,58,67,49,82,37,89,50,73,77,78,87,40,5,26,45,46,99,6,16,29,76,22,90,95,98,3,28,84,92,75,35,72,20,11,42,38,8,71,60,69,2,52,43,86,41,44,33,7,97,56,21,51,57,62
68,93,53,23,0,25,1,37,19,18,85,96,39,95,4,83,32,77,17,31,81,14,70,63,54,91,59,61,64,66,48,27,15,47,65,80,46,24,55,74,88,94,13,30,97,78,58,67,49,43,90,89,50,73,10,82,87,40,5,26,98,22,99,6,16,29,76,79,52,45,34,3,28,84,92,75,35,72,20,11,42,38,8,71,60,69,2,51,12,86,41,44,33,7,9,56,21,36,57,62
68,93,53,82,37,25,1,65,19,18,85,96,39,24,4,58,32,38,59,31,81,14,70,63,54,75,36,61,64,3,48,27,15,47,95,80,46,17,55,74,88,94,13,30,83,78,77,67,49,43,90,89,50,73,10,26,87,40,0,23,97,22,99,6,16,29,76,79,52,45,34,33,28,84,92,51,35,72,20,11,42,66,8,71,60,69,2,44,12,86,41,5,98,7,9,56,21,91,57,62
68,93,53,82,77,25,1,65,19,18,85,96,39,24,4,58,86,38,59,89,81,14,70,43,54,31,90,61,64,3,48,32,15,47,95,80,46,17,27,2,88,94,83,30,55,78,63,67,42,10,57,74,50,73,56,26,87,40,0,23,97,37,99,6,16,29,76,79,52,45,34,33,28,84,92,36,35,72,20,11,13,66,8,71,60,69,75,44,12,49,41,5,98,7,9,62,21,91,51,22
68,93,8,82,77,25,1,65,94,18,85,74,39,24,4,58,96,38,59,89,81,14,70,43,10,31,90,61,64,3,48,32,92,53,95,80,46,17,27,2,88,9,83,30,55,78,63,67,19,41,57,56,50,73,12,26,87,40,0,23,97,37,99,34,16,29,76,86,52,45,69,33,28,84,7,36,35,72,20,11,13,66,60,71,21,51,75,44,79,49,15,5,98,6,47,62,42,91,54,22
37,89,8,82,6,25,1,65,94,28,85,74,39,24,23,58,96,38,59,62,81,14,35,43,10,31,90,61,64,3,48,32,92,53,95,80,46,17,27,2,88,9,83,30,45,78,63,67,19,93,57,56,50,73,12,66,55,40,0,70,97,18,99,34,16,4,76,86,52,87,69,79,71,77,7,36,26,72,20,11,13,29,60,68,21,51,75,44,41,33,15,5,98,84,47,49,42,91,54,22
37,86,8,82,6,25,1,65,94,88,85,74,39,24,28,58,96,38,98,62,23,14,35,43,10,31,90,61,64,3,48,32,92,53,59,80,84,66,27,2,17,30,95,79,45,78,97,67,19,46,81,56,50,73,12,57,55,40,0,70,33,18,99,34,16,4,76,9,52,68,69,83,71,77,7,36,26,72,93,11,13,29,60,87,21,51,75,44,41,89,15,5,63,20,47,49,42,91,54,22
37,86,8,2,6,25,1,36,45,43,85,74,39,24,28,92,88,38,98,70,23,14,35,50,10,31,90,61,64,3,48,32,12,53,59,80,84,60,27,77,75,30,95,79,96,78,97,67,19,46,94,56,81,73,29,57,55,40,0,17,58,18,99,34,65,4,76,9,52,68,69,83,71,66,7,82,26,72,93,11,13,33,62,87,21,51,89,44,41,16,15,5,63,20,47,49,42,91,54,22
24,86,8,2,6,51,1,36,41,43,85,74,39,62,28,92,88,38,98,70,23,14,35,50,10,31,90,46,64,3,48,32,12,53,95,79,84,60,27,77,75,30,22,91,96,78,97,25,69,45,94,56,81,73,59,29,55,40,0,17,58,18,99,34,65,4,76,9,52,33,67,83,71,66,7,82,26,72,93,11,13,61,80,87,21,15,89,19,44,16,49,5,63,20,47,57,42,68,54,37
24,86,8,2,70,51,1,36,41,43,85,74,39,62,28,92,88,38,98,45,23,79,91,50,10,87,90,46,64,37,48,32,12,53,95,9,84,60,73,77,35,30,22,7,96,78,27,17,69,82,94,56,81,40,59,29,31,75,0,55,58,18,99,34,49,4,76,65,52,33,67,83,97,66,6,25,26,72,93,11,13,61,80,14,21,15,89,19,44,16,3,5,63,20,47,57,42,68,54,71
24,53,8,2,70,51,1,36,41,43,85,74,39,62,28,92,88,38,98,45,23,79,9,50,10,4,33,46,64,37,48,32,12,65,76,91,19,82,73,77,35,30,22,7,96,17,27,86,3,84,94,56,81,40,59,29,31,75,0,18,58,60,99,34,49,90,89,69,52,14,67,83,97,66,6,25,26,72,93,11,13,61,80,44,21,55,78,95,15,16,87,5,63,20,47,57,42,68,54,71
24,53,30,8,71,51,1,36,75,43,85,74,39,62,28,92,88,38,98,54,23,79,4,50,10,19,33,46,64,37,48,32,73,65,76,91,70,82,12,77,35,2,22,7,96,17,0,86,3,84,94,67,81,44,9,29,41,59,34,18,58,60,99,31,49,90,89,69,52,14,27,83,97,66,6,25,26,72,93,11,13,61,80,40,21,55,78,95,15,16,87,5,63,20,47,57,45,42,56,68
24,53,30,8,71,34,1,36,78,43,85,62,39,56,28,92,88,38,98,54,23,79,4,50,10,96,33,74,99,37,48,32,73,65,76,91,70,82,12,77,35,2,22,7,27,90,0,86,51,84,94,67,81,44,9,93,31,59,45,18,58,41,13,17,49,3,89,69,52,14,75,83,97,66,6,25,60,72,42,11,29,61,80,40,21,55,19,95,15,16,87,5,63,20,47,57,64,46,26,68
24,53,47,93,71,34,1,36,78,43,85,62,69,56,28,92,88,38,98,54,59,79,4,50,10,96,33,74,99,12,48,32,73,8,76,91,70,82,77,0,35,2,22,30,81,90,25,95,51,84,94,67,37,44,9,87,39,23,45,18,58,41,13,17,49,3,89,65,52,14,75,83,97,66,6,7,60,72,42,11,27,61,80,40,21,55,86,64,15,16,63,5,31,20,19,57,29,46,26,68
24,53,47,93,71,34,1,36,78,16,85,62,68,56,28,57,88,38,98,54,59,79,4,50,33,96,2,74,94,12,48,32,73,8,76,52,70,82,77,81,35,14,22,31,17,90,25,95,51,84,10,67,37,44,92,87,39,23,45,18,58,41,13,91,99,30,89,65,55,9,75,42,97,66,6,7,60,72,3,11,27,61,80,40,21,0,86,64,15,43,63,5,49,20,19,69,29,46,26,83
24,53,47,93,71,26,12,36,78,16,85,34,68,56,22,57,88,38,98,59,72,79,4,50,33,51,2,74,94,54,48,32,73,7,17,52,70,82,77,81,35,14,76,31,46,90,25,95,19,84,10,67,37,44,96,87,39,23,45,18,58,41,13,91,99,30,89,1,42,9,75,5,97,66,6,8,60,55,3,11,27,61,80,40,64,0,86,62,15,43,63,28,49,20,21,69,29,92,65,83
59,53,47,60,71,26,12,36,78,16,85,34,68,56,22,57,88,38,98,66,72,79,4,50,33,89,2,74,94,54,24,32,73,65,17,52,21,82,77,84,90,14,76,31,96,7,49,95,19,35,10,48,93,44,67,87,39,46,45,18,23,41,13,91,99,30,58,1,42,9,51,5,97,37,6,8,75,55,3,11,27,61,80,40,64,0,86,62,15,43,63,28,81,20,70,69,29,92,25,83
59,53,47,60,71,39,12,36,89,16,85,99,68,34,22,90,88,38,92,66,72,79,4,50,73,93,2,98,81,54,24,32,37,65,17,52,21,82,77,84,41,14,76,31,96,7,49,95,78,35,10,48,33,44,67,87,20,46,45,18,57,74,13,91,19,30,58,1,42,9,51,5,97,62,6,26,75,55,3,11,56,61,80,40,64,0,86,94,15,43,63,28,23,8,70,69,29,27,25,83
59,53,47,60,71,39,12,36,89,16,85,68,90,34,76,46,41,63,92,66,72,79,4,50,73,93,2,98,81,54,24,32,22,65,17,52,21,10,38,84,15,56,77,27,96,7,49,95,78,35,86,48,33,11,67,87,20,44,45,18,57,74,13,14,19,30,58,88,42,9,51,91,97,62,6,26,75,55,3,99,31,61,80,40,64,0,82,94,5,43,37,28,23,8,70,69,29,1,25,83
59,6,47,60,41,39,78,36,89,16,85,68,90,37,71,46,76,63,92,66,72,79,4,50,73,67,2,52,81,54,24,32,22,49,17,65,21,10,38,84,15,56,77,27,96,7,34,8,43,35,86,95,9,11,31,87,20,44,45,18,57,74,13,93,98,30,58,88,48,12,51,91,97,62,33,26,75,55,3,99,19,61,80,40,64,0,82,94,5,14,42,28,23,53,70,69,29,1,25,83
66,6,47,18,59,39,78,36,10,16,85,68,90,37,71,46,76,63,92,30,72,79,4,21,73,67,65,52,81,54,24,32,22,49,17,19,60,91,38,84,15,56,77,27,96,7,48,8,43,35,86,13,34,2,31,51,20,44,45,88,57,74,41,93,98,62,58,11,95,12,87,50,97,99,33,26,75,55,3,9,89,61,80,40,64,0,82,94,5,14,42,28,23,53,70,69,29,1,25,83
48,6,47,18,59,39,78,36,68,16,85,32,90,37,43,46,76,24,21,30,66,79,4,10,73,67,65,52,63,54,25,98,22,49,72,19,80,91,38,71,15,56,50,27,96,7,60,8,99,35,86,13,34,2,31,51,20,44,45,88,57,74,41,93,64,62,75,11,95,12,87,58,97,92,33,26,77,55,3,9,89,61,81,40,17,0,82,94,5,14,42,28,23,53,70,69,29,1,84,83
48,6,47,19,59,61,78,36,68,2,85,32,90,37,42,46,76,24,21,30,66,70,4,10,73,67,65,79,63,54,25,98,52,49,16,9,97,91,38,71,15,53,50,27,96,7,60,8,99,35,86,13,34,89,31,51,20,44,45,43,57,74,41,93,64,62,75,94,95,12,87,58,56,92,33,26,17,55,3,80,18,88,81,40,39,0,82,72,5,14,23,28,77,22,11,69,29,1,84,83
93,6,47,19,38,61,78,36,68,2,59,32,90,37,42,46,44,24,21,30,48,70,4,10,73,67,66,79,63,54,25,98,52,49,16,9,97,91,14,71,15,13,50,60,41,7,34,8,99,35,86,88,27,89,31,51,53,76,45,43,57,17,85,20,64,62,75,94,95,12,87,58,56,92,33,26,72,55,3,80,18,1,81,40,39,0,82,74,5,77,23,28,96,22,11,65,29,69,84,83
93,6,90,19,38,61,78,53,91,0,59,36,3,37,42,46,44,24,21,30,48,70,4,10,73,67,66,79,63,54,49,98,52,60,16,9,2,47,89,71,15,13,94,1,41,7,34,8,99,35,86,88,27,40,68,51,17,76,45,43,57,25,85,20,64,62,75,97,95,12,87,58,56,92,33,26,72,5,55,80,18,31,81,65,39,14,82,74,32,77,23,28,96,22,11,50,29,69,84,83
85,95,90,19,28,61,78,53,91,0,59,36,93,37,42,92,3,24,21,30,48,70,4,31,73,38,66,15,63,54,83,98,52,60,16,9,2,47,89,71,49,13,94,1,41,7,39,8,99,35,86,88,67,40,68,51,17,12,45,43,57,25,6,20,64,62,75,97,87,76,34,58,56,74,33,26,72,5,55,80,18,10,81,65,69,14,82,44,32,77,23,27,96,22,11,50,29,79,84,46
85,95,29,19,28,61,78,53,12,0,59,36,76,27,42,92,3,24,91,30,48,34,16,31,73,38,66,4,63,54,83,98,52,60,93,77,2,47,89,90,49,13,94,1,41,7,39,8,99,35,44,88,75,40,68,51,17,37,45,43,57,71,6,20,70,62,15,97,87,25,67,58,56,64,33,26,72,5,55,9,18,10,81,65,69,14,82,74,32,80,23,21,96,22,11,50,86,79,84,46
85,53,29,19,28,61,86,40,12,0,59,36,50,27,42,92,38,24,91,30,48,7,16,31,66,90,78,4,63,54,83,43,52,98,93,77,73,47,89,94,49,13,60,1,76,64,39,8,99,35,44,88,75,33,2,51,17,37,45,34,57,71,6,20,95,62,15,97,87,25,67,58,56,46,70,26,72,5,55,9,18,10,81,65,69,14,82,74,32,80,23,21,96,22,11,3,68,79,84,41
85,6,29,19,28,4,86,40,12,0,59,36,38,27,42,92,50,24,41,30,48,7,16,31,15,90,78,43,70,54,83,18,52,98,93,61,73,47,89,94,49,13,60,1,76,64,2,8,99,35,44,66,75,33,39,51,17,77,45,34,57,71,37,20,95,62,25,97,87,96,67,58,56,63,46,26,74,5,55,9,72,10,81,65,53,14,82,69,32,80,23,21,91,22,11,3,68,79,84,88
6,2,29,19,28,4,86,40,67,0,59,36,46,25,5,92,50,24,32,30,48,7,77,31,85,12,78,43,70,54,83,18,52,98,93,61,13,47,89,90,49,73,60,38,76,64,1,8,79,35,44,42,75,33,39,51,17,27,45,34,57,71,37,20,95,62,66,97,87,96,99,58,56,41,63,26,74,15,55,9,72,10,81,65,53,14,82,69,16,80,23,21,91,22,11,3,68,94,84,88
6,2,29,19,36,4,86,40,67,0,59,83,46,25,5,92,50,24,32,30,48,34,77,31,85,23,78,43,60,54,26,18,52,98,87,33,13,47,89,90,49,73,27,38,76,64,1,8,79,35,44,42,75,11,91,51,17,70,45,39,57,71,37,20,95,72,66,97,62,96,99,58,56,41,65,28,74,15,55,9,82,10,81,63,53,14,88,69,16,80,7,93,61,22,21,3,68,94,84,12
6,2,29,19,10,4,86,40,67,0,16,83,46,11,5,79,50,24,26,30,48,34,77,31,85,23,78,43,8,59,87,18,52,98,27,33,13,47,89,80,49,73,25,38,76,64,1,75,20,35,44,72,54,90,91,51,17,70,45,39,32,71,37,66,95,68,94,97,62,96,99,58,56,41,65,28,74,15,55,9,82,60,81,63,53,14,88,69,42,92,7,93,61,22,21,3,36,57,84,12
6,2,29,4,10,22,86,40,67,0,16,83,46,11,5,79,50,24,26,63,48,34,77,31,85,23,78,51,8,59,87,18,52,98,27,33,13,91,89,80,49,73,14,38,76,47,1,42,20,35,44,90,88,19,17,70,43,96,45,39,72,71,37,66,95,68,94,97,62,84,99,58,56,41,65,28,74,64,55,9,82,60,81,57,53,25,30,69,32,92,7,93,61,15,21,3,36,54,75,12
6,2,29,4,10,44,86,40,67,0,16,83,46,11,5,79,50,24,26,61,48,64,77,75,85,62,17,51,8,59,87,55,52,98,27,33,13,91,89,80,49,73,97,38,76,21,1,42,20,35,56,90,88,19,78,70,43,96,45,39,81,71,37,66,95,36,94,47,14,84,99,58,31,41,18,28,74,72,69,9,82,60,68,57,53,25,30,63,32,92,7,93,65,15,22,3,23,54,34,12
57,2,29,4,10,32,86,40,67,0,96,44,46,11,5,79,50,24,26,61,48,64,77,75,85,62,33,51,8,59,87,55,52,98,27,88,13,91,89,80,49,73,14,38,76,21,60,42,56,92,78,90,23,19,15,70,43,35,45,16,81,71,37,66,95,97,94,47,54,84,99,58,31,41,18,28,74,72,69,9,82,17,68,36,20,25,30,63,1,53,7,93,65,39,22,3,6,83,34,12
57,2,29,4,23,32,52,40,80,0,72,44,46,11,5,66,50,24,34,61,48,64,77,45,83,62,33,51,8,59,87,55,82,98,27,88,13,91,89,43,70,73,14,38,76,21,60,42,56,92,86,90,10,19,15,96,85,35,93,16,81,71,37,99,95,97,94,47,54,17,49,58,31,41,18,28,74,26,69,9,79,84,68,36,20,25,30,63,1,53,7,75,65,39,22,3,6,78,67,12
57,8,29,34,23,52,82,40,80,0,72,44,46,11,5,66,50,24,61,70,48,64,2,45,22,62,33,51,73,59,87,28,9,98,27,88,13,91,89,43,55,77,14,38,75,21,78,42,56,92,86,90,10,76,15,96,25,35,93,16,81,71,37,99,4,97,94,47,54,17,49,58,31,41,18,63,74,26,69,85,79,84,68,36,20,32,30,60,1,53,7,83,65,39,19,3,6,95,67,12
57,8,29,34,23,52,82,40,80,0,72,44,46,11,5,27,50,9,61,70,48,64,2,45,10,62,33,51,73,59,42,28,92,98,66,88,13,91,89,43,55,77,14,38,75,21,22,60,56,18,86,90,12,76,15,96,25,87,97,1,81,71,16,78,4,37,24,99,54,17,49,58,31,41,47,63,93,26,74,85,79,84,68,36,20,32,69,35,30,53,7,83,65,39,19,3,6,95,67,94
87,41,92,34,65,52,82,40,80,0,72,44,46,33,5,27,50,57,61,70,48,64,2,49,69,62,17,51,73,59,42,28,85,98,66,88,13,91,89,43,55,81,14,11,75,21,22,60,56,18,86,90,12,76,15,96,25,38,10,1,99,71,16,78,4,8,9,45,54,29,67,58,31,77,47,63,93,26,74,37,79,84,68,36,20,32,23,35,30,53,7,83,97,39,19,3,6,95,24,94
46,41,92,34,65,36,82,40,80,0,72,44,10,33,5,27,50,57,61,70,81,64,52,49,69,62,17,51,73,59,42,28,85,98,56,71,13,91,89,43,39,20,14,11,75,21,22,60,53,18,86,90,97,76,15,96,25,6,12,1,99,48,16,78,4,8,88,45,2,29,67,58,31,77,47,63,9,26,74,37,79,84,68,54,55,32,23,35,30,93,7,83,95,24,19,3,66,38,87,94
46,41,92,34,65,23,58,82,80,0,72,85,10,33,5,27,50,57,61,70,81,64,52,59,69,32,17,51,73,93,42,28,9,98,56,71,24,91,89,43,39,20,14,11,75,21,84,49,53,18,86,90,60,76,15,96,25,6,12,1,44,48,16,78,62,8,88,45,2,29,67,97,31,77,47,63,36,74,26,37,7,13,68,54,55,79,22,35,30,99,40,83,95,4,19,3,66,38,87,94
46,9,92,34,65,23,58,79,80,0,72,85,10,33,68,27,50,57,61,82,81,62,52,59,2,32,28,51,70,93,42,3,69,98,56,71,24,91,89,43,39,20,14,11,75,21,84,49,53,41,13,37,60,76,15,96,25,6,12,1,44,48,16,78,95,18,88,45,73,8,67,97,29,77,47,63,36,74,31,17,7,5,86,54,55,26,22,35,30,99,40,83,64,4,19,90,66,38,87,94
1,9,92,34,65,23,58,60,52,0,90,46,10,33,68,27,50,25,61,82,81,62,29,59,2,32,28,51,70,97,42,3,69,98,56,71,24,91,89,43,39,20,93,11,75,21,84,49,53,41,13,37,66,76,15,96,18,6,12,77,44,48,16,78,95,87,88,45,72,8,67,57,14,80,47,79,36,74,31,17,63,5,86,54,55,26,22,94,7,99,40,83,64,4,19,30,73,38,35,85
1,9,92,34,65,23,58,79,35,0,90,46,41,33,61,68,50,25,28,82,81,62,29,60,2,32,22,51,70,97,42,12,36,98,56,71,24,55,89,43,39,20,93,11,75,21,84,49,53,38,13,37,3,76,87,96,18,6,52,77,44,48,16,78,95,69,88,45,72,8,67,57,14,80,47,4,10,74,31,59,63,5,86,54,26,27,91,94,7,99,40,83,64,66,19,30,73,15,17,85
1,9,92,34,65,50,39,81,35,0,90,85,74,68,61,58,11,25,72,82,23,62,29,60,2,32,22,51,70,97,42,12,36,79,56,71,24,55,89,46,8,20,93,33,75,21,84,49,53,38,13,37,3,76,87,66,18,6,52,77,7,48,16,78,95,69,88,43,45,5,67,57,14,80,47,4,10,44,31,59,63,28,86,54,26,27,91,94,41,99,40,83,64,98,19,30,96,15,17,73
1,43,92,34,3,50,39,83,35,0,90,85,74,68,4,58,31,25,72,82,81,62,29,60,2,32,22,51,70,23,42,12,36,79,56,97,24,55,89,46,13,38,93,33,7,21,84,49,53,26,76,96,8,20,87,66,18,71,52,77,9,48,16,78,95,69,88,59,45,5,67,57,14,80,47,75,10,44,6,61,63,28,86,54,65,27,91,94,41,99,40,37,64,98,19,30,11,15,17,73
1,43,92,34,3,50,47,83,49,0,90,85,74,24,4,39,31,67,72,82,81,62,29,60,2,32,35,51,79,23,42,12,36,63,56,97,22,55,89,38,13,28,93,33,7,21,84,9,70,26,76,96,46,53,87,66,18,71,20,77,68,48,16,45,95,69,88,59,52,5,25,57,14,80,78,75,10,44,6,94,61,8,86,54,65,27,91,58,41,99,40,37,64,98,19,30,11,15,17,73
57,96,1,43,3,15,81,83,59,0,50,85,92,24,7,39,31,67,72,82,79,99,29,60,2,32,35,51,47,23,42,12,36,63,56,97,22,55,89,38,13,28,93,33,34,21,84,26,70,62,76,4,46,53,90,66,18,71,20,77,68,87,16,45,95,69,88,19,52,5,25,74,14,80,78,75,10,44,6,94,61,8,86,54,65,27,91,58,41,17,40,37,64,98,48,30,11,49,9,73
57,96,1,43,3,15,81,91,59,0,50,6,92,23,99,39,31,67,72,82,79,61,29,89,60,68,35,51,14,5,42,12,36,63,56,97,22,55,21,38,13,24,93,33,34,85,84,83,70,62,76,4,64,53,90,66,18,71,20,77,7,26,16,45,95,69,88,19,52,2,25,47,46,80,78,75,10,44,87,94,28,8,86,74,65,27,32,58,41,17,40,37,54,98,48,30,11,49,9,73
57,96,1,43,3,15,81,91,23,0,50,6,92,38,16,39,28,67,72,31,79,61,29,89,60,68,35,19,14,5,42,12,36,63,56,59,53,55,21,87,13,24,93,33,34,99,84,83,70,62,76,4,64,47,20,66,18,71,90,77,7,26,17,45,95,69,88,11,82,2,25,52,46,97,78,51,98,44,85,94,75,8,86,74,65,27,32,58,41,10,40,37,54,80,48,30,22,49,9,73
57,96,1,43,65,30,81,91,23,0,50,6,92,38,16,39,70,51,72,31,79,61,78,89,60,68,35,19,94,15,42,12,36,63,56,59,53,55,21,87,5,24,93,33,18,99,84,83,77,62,76,4,29,47,20,66,14,71,90,22,7,69,17,2,95,67,88,11,82,64,25,52,46,97,26,45,98,44,85,28,75,8,86,74,13,27,32,58,41,10,40,37,3,80,48,34,9,49,54,73
57,96,1,43,65,30,24,91,23,42,50,6,92,63,16,39,70,51,72,44,79,61,78,89,60,68,35,19,25,15,82,47,36,94,56,38,53,64,21,87,98,55,93,33,18,99,84,83,77,0,76,4,95,81,20,66,14,31,90,22,7,69,17,2,59,67,88,11,12,29,62,52,46,97,26,45,32,85,49,28,75,8,86,74,13,27,5,58,41,10,40,37,3,80,48,34,9,71,54,73
57,96,1,43,65,30,48,91,44,49,38,6,31,63,16,59,70,51,72,50,79,71,78,89,60,68,35,19,25,15,82,47,36,94,56,24,53,64,21,87,45,55,93,33,18,99,84,83,92,0,76,4,95,81,23,66,14,39,90,5,7,69,17,98,20,67,88,11,12,29,62,52,46,97,26,61,32,37,22,28,85,8,86,74,13,27,77,58,41,10,40,2,42,80,3,34,9,75,54,73
57,96,1,43,65,30,98,91,44,49,38,6,89,31,16,68,70,51,72,8,79,71,78,95,92,10,35,19,25,15,12,47,36,94,56,24,53,64,48,87,45,55,93,60,18,99,52,33,32,0,76,4,63,81,23,66,14,39,90,5,7,69,80,84,20,67,88,11,50,29,62,83,46,97,26,61,17,37,22,28,85,59,86,74,13,27,77,58,41,54,40,2,42,3,82,34,9,75,21,73
57,32,1,43,33,30,98,65,44,15,38,6,89,31,3,21,70,51,72,8,79,71,78,95,92,96,35,19,25,26,12,60,36,16,56,10,94,64,48,87,45,55,93,24,53,99,52,47,18,68,76,4,63,81,49,66,14,39,90,5,7,69,80,84,20,0,88,11,50,29,62,83,46,61,91,27,17,37,22,28,85,59,86,74,13,97,77,58,41,54,40,2,42,67,82,34,9,75,23,73
68,32,1,43,33,30,98,65,44,89,38,6,97,31,56,21,70,51,72,8,9,17,78,95,18,96,35,19,25,62,12,60,26,69,3,10,94,64,48,36,45,55,93,24,53,99,80,47,91,77,76,4,63,81,49,66,14,39,90,5,7,52,15,84,79,0,88,11,50,29,16,20,46,61,71,27,57,37,22,28,85,59,86,74,13,83,92,58,41,54,40,2,42,67,82,34,87,75,23,73
7,32,1,87,33,6,98,65,48,89,38,95,97,31,56,85,78,51,12,8,9,17,43,15,18,96,35,19,25,62,21,60,93,69,3,10,94,64,50,26,45,55,68,24,53,99,80,47,91,77,76,4,63,81,49,66,14,39,90,5,36,52,79,84,44,0,88,11,30,29,16,20,46,40,71,27,57,37,22,28,34,59,86,74,13,70,92,58,41,54,72,2,42,67,82,61,83,75,23,73
28,32,1,87,33,6,98,65,48,78,64,95,97,77,56,85,62,51,68,8,9,17,43,40,18,96,35,19,25,15,21,60,93,69,3,10,94,22,31,26,76,12,52,24,53,99,80,47,27,55,45,4,63,81,49,66,14,39,90,5,36,84,79,89,44,7,88,70,30,29,16,20,46,0,71,91,57,37,11,50,34,59,86,74,13,38,92,58,41,54,72,2,42,67,82,61,83,75,23,73
28,32,1,87,33,6,98,50,48,78,51,95,97,77,56,85,62,88,68,8,9,17,43,40,18,96,35,19,25,15,21,29,93,69,0,10,94,22,31,26,11,12,42,24,75,99,80,47,27,55,45,53,63,34,49,66,14,39,74,5,36,84,79,89,44,7,81,65,30,64,13,20,46,59,71,91,57,37,90,70,16,60,52,76,4,38,92,58,41,54,72,2,3,67,82,61,83,86,23,73
6,63,1,87,33,64,98,31,48,78,51,95,97,13,56,85,62,88,68,8,60,17,43,40,93,96,35,19,58,15,21,29,67,69,0,10,94,22,25,89,11,12,42,24,75,99,80,28,27,55,45,53,30,34,49,66,14,39,74,77,36,84,26,79,44,7,81,65,4,71,32,20,46,59,52,91,57,37,90,70,16,9,50,76,47,38,92,18,41,54,72,2,3,5,82,61,83,86,23,73
29,63,1,87,33,64,35,31,48,68,61,95,97,13,56,53,89,90,49,8,60,17,43,18,93,96,62,19,58,15,21,73,67,69,0,10,94,22,25,88,11,40,36,24,75,99,80,28,27,55,45,51,30,34,37,66,14,39,74,77,6,84,26,79,44,7,81,65,4,71,59,20,46,32,52,91,57,42,78,70,16,9,50,76,47,38,92,2,41,54,72,12,3,5,82,85,83,86,23,98
29,32,1,87,33,64,35,31,86,74,95,57,97,89,56,53,61,90,49,8,60,17,43,18,93,96,62,19,58,15,21,68,83,69,0,10,94,22,25,88,11,13,36,24,48,99,85,28,27,55,45,51,63,34,75,66,14,39,40,77,6,84,26,79,44,7,81,65,80,71,59,20,46,54,52,91,37,42,78,70,16,67,50,76,47,30,92,2,41,73,9,12,3,5,82,38,72,4,23,98
29,32,1,87,61,64,35,31,86,74,95,57,97,89,56,94,66,10,88,8,60,17,43,36,93,96,62,19,58,15,21,30,83,69,0,53,77,42,25,65,11,13,5,24,48,99,85,90,27,55,45,51,63,34,75,22,14,39,44,68,6,84,26,79,33,7,81,49,80,71,59,20,46,54,52,91,37,18,78,70,40,72,50,76,47,16,92,2,41,73,9,12,3,38,82,28,67,4,23,98
29,32,1,87,61,64,35,31,49,74,95,10,97,48,56,94,88,57,44,8,60,17,43,36,93,96,62,89,58,15,19,30,91,69,54,53,77,42,25,65,11,13,5,23,83,99,85,90,27,55,3,51,63,34,75,22,14,39,45,68,6,84,26,66,33,7,18,81,80,71,59,20,46,21,52,79,37,86,78,70,40,72,50,76,47,16,92,2,41,73,9,12,28,38,82,24,0,4,98,67
29,32,8,87,61,64,35,92,49,74,95,10,97,48,71,94,88,57,44,65,60,17,43,22,93,96,62,70,58,15,19,30,91,69,54,53,77,11,25,31,81,13,5,23,83,99,75,90,27,33,3,51,63,34,0,12,14,39,1,68,6,84,36,42,56,7,18,89,80,45,59,20,46,21,52,79,37,86,78,40,85,72,50,76,47,16,26,2,55,73,9,41,28,38,82,24,66,4,98,67
29,52,8,87,61,64,35,95,49,47,23,43,97,48,4,10,88,57,44,65,60,17,71,22,93,96,3,70,58,15,19,30,2,69,54,53,77,11,25,31,81,13,5,24,83,99,75,91,27,33,42,51,63,34,0,9,14,39,1,28,6,84,36,68,12,7,18,89,80,45,59,56,46,21,94,79,37,86,78,40,85,72,50,76,74,16,26,92,55,73,32,41,62,38,82,20,66,90,98,67
45,52,8,29,61,11,35,95,49,47,23,43,97,48,4,60,88,57,44,65,28,17,71,22,93,96,87,70,74,15,19,91,2,58,54,53,77,69,25,31,81,13,38,24,14,99,75,30,27,33,42,51,63,0,66,9,12,39,1,34,6,84,36,68,83,7,5,89,80,3,59,56,46,21,94,79,37,86,78,40,85,72,18,76,50,16,26,92,55,73,32,10,62,64,82,20,41,90,98,67
63,52,8,80,61,11,35,95,49,47,23,43,68,48,4,60,88,57,22,64,9,17,71,83,93,96,87,70,74,97,19,91,2,44,54,53,77,69,25,31,81,40,38,24,14,99,75,30,27,33,42,51,13,65,66,28,12,39,1,34,6,10,36,29,94,7,5,89,92,3,59,56,15,21,72,79,37,86,78,0,85,45,18,76,50,16,26,84,55,73,32,67,62,46,82,20,41,90,98,58
15,52,8,80,61,2,11,95,49,47,23,10,68,48,4,91,88,77,35,64,9,17,71,83,93,96,87,70,34,44,19,63,32,74,54,53,97,69,25,31,81,40,38,24,14,99,75,30,27,33,67,51,13,65,66,28,12,39,1,43,6,22,36,29,94,60,5,89,92,3,59,57,7,21,72,79,37,86,78,42,85,45,18,76,50,16,58,84,55,73,46,0,62,26,82,20,41,90,98,56
15,84,8,80,22,2,11,95,49,47,23,10,68,48,4,91,88,52,35,64,31,17,71,83,93,96,87,1,34,78,19,63,32,74,54,53,97,76,25,69,81,40,7,24,14,99,85,30,27,33,67,51,13,70,66,28,61,39,75,43,6,44,59,29,38,60,5,89,92,3,37,57,18,21,72,79,65,86,56,42,9,45,12,36,50,16,58,77,55,73,46,0,62,26,82,20,41,90,98,94
81,23,19,80,26,2,11,95,49,47,93,17,48,98,4,91,88,52,35,64,31,65,71,83,45,96,87,1,34,78,10,63,32,74,54,53,97,76,25,69,27,40,7,24,14,62,85,30,22,33,67,51,13,70,66,28,61,39,75,43,6,84,59,68,15,60,5,89,92,3,37,57,18,21,50,79,38,86,56,42,9,44,12,36,8,16,58,77,55,73,46,0,99,20,82,72,41,90,29,94
81,23,19,80,26,2,11,95,73,47,49,17,48,98,4,91,88,52,35,64,58,65,71,15,45,96,87,1,34,78,10,28,32,74,54,60,16,76,25,69,27,40,7,24,14,62,85,97,61,33,67,51,13,70,93,3,22,39,75,43,6,84,59,63,86,66,5,89,83,56,68,57,18,21,50,79,38,36,92,42,9,44,12,94,8,37,53,77,55,30,46,0,99,20,82,72,41,90,29,31
81,45,19,11,26,63,2,95,73,38,23,17,25,98,4,90,88,48,80,64,58,65,71,15,49,96,8,1,34,47,10,28,32,74,54,60,16,76,87,69,27,40,7,91,14,62,85,97,61,33,67,51,5,70,93,3,22,59,75,43,6,84,39,24,86,66,57,89,83,56,68,42,18,21,50,79,78,36,92,13,9,44,12,94,35,37,53,77,55,30,46,0,99,20,82,72,41,52,29,31
59,45,19,11,96,87,2,95,73,3,23,5,25,98,64,90,6,48,4,33,58,65,71,15,49,63,8,1,34,47,10,28,32,74,81,60,16,76,46,69,27,40,7,91,72,62,85,97,61,52,67,51,93,70,35,0,22,54,75,43,26,84,39,24,86,66,57,89,83,56,68,42,18,21,50,79,78,36,92,13,9,44,12,94,17,37,53,77,55,30,38,80,99,88,82,14,41,20,29,31
59,91,19,45,96,87,2,95,73,40,23,5,25,98,64,16,56,48,4,33,58,65,76,15,70,63,8,1,34,47,10,28,32,74,81,69,79,49,46,20,27,93,7,54,72,62,85,97,61,52,67,51,30,3,35,0,22,11,21,43,31,84,39,24,86,66,57,89,83,90,68,42,18,38,50,6,78,36,92,13,9,44,12,94,17,37,53,77,55,26,75,80,99,88,82,14,41,71,29,60
59,91,27,55,96,87,85,90,73,49,23,5,97,98,64,16,56,48,4,33,58,65,76,15,70,63,8,1,34,52,10,28,61,74,81,69,79,0,46,20,86,93,7,54,72,62,51,47,32,99,67,57,30,3,35,92,22,11,2,43,31,95,39,24,25,66,19,89,83,68,40,42,18,38,50,6,78,36,21,13,9,44,12,94,17,37,53,77,45,26,75,80,84,88,82,14,41,71,29,60
80,91,62,42,96,87,85,90,73,49,23,5,97,98,64,16,17,48,4,33,58,65,22,15,70,63,76,1,34,52,10,28,89,74,81,59,79,72,46,20,86,93,7,54,37,61,8,47,32,99,67,57,30,3,35,92,43,11,2,19,31,95,39,24,25,66,0,27,83,68,40,38,50,51,55,6,78,36,21,13,9,44,12,41,56,94,53,77,45,26,75,69,84,88,82,14,18,71,29,60
80,91,62,42,96,87,85,43,73,49,23,5,97,98,64,29,9,48,4,33,58,65,22,15,70,63,20,1,72,52,10,77,27,74,93,59,25,28,46,81,86,57,7,54,37,61,8,47,32,79,67,66,30,3,99,92,6,11,2,19,31,95,39,24,35,16,0,17,83,68,40,38,50,51,55,76,78,36,21,13,90,44,88,41,56,94,53,89,45,26,75,69,84,34,82,14,18,71,12,60
80,91,62,42,59,87,85,43,73,49,23,84,52,98,64,29,28,48,4,33,58,65,22,15,70,63,20,1,6,97,10,77,27,74,5,41,25,24,46,93,86,57,7,54,37,61,8,47,9,79,67,66,13,3,38,92,31,11,2,19,39,95,81,32,35,16,82,17,83,68,40,72,50,51,55,76,78,36,21,30,90,44,88,96,56,94,53,89,45,26,75,69,99,34,0,14,71,18,12,60
43,91,62,42,64,87,85,12,69,49,23,84,52,98,90,29,4,48,16,7,58,65,22,15,28,63,20,1,6,97,10,77,27,74,80,41,25,93,46,76,86,57,30,0,37,61,8,47,9,5,73,66,13,3,38,92,31,11,2,19,39,95,81,32,35,24,82,17,83,68,40,72,50,51,55,33,79,36,21,54,45,44,88,96,56,94,53,89,67,26,75,78,99,34,70,14,71,18,59,60
43,87,28,42,64,89,85,12,69,41,23,84,52,98,90,29,4,48,36,7,45,2,74,15,14,63,20,1,6,97,10,77,49,99,80,72,25,93,46,76,86,57,30,0,37,61,8,47,9,27,73,55,13,3,38,92,31,11,65,19,39,95,58,32,35,16,82,17,83,68,40,22,5,51,24,33,79,50,21,54,62,44,88,96,56,94,53,66,67,26,75,78,91,34,70,81,71,18,59,60
43,87,28,58,50,14,85,12,75,41,23,6,52,98,90,29,4,97,36,7,64,2,74,10,42,63,20,15,69,47,40,77,49,99,80,72,25,93,46,76,86,57,30,0,37,61,8,54,9,27,73,55,1,3,38,92,31,84,65,19,39,95,17,32,35,16,48,34,83,68,89,22,5,45,24,33,79,11,21,13,62,44,88,96,56,94,53,66,67,26,82,78,91,51,70,81,71,18,59,60
13,80,28,58,50,14,93,12,75,41,23,6,85,98,10,29,4,97,36,90,64,45,74,51,42,63,20,15,11,95,40,77,49,99,33,72,25,52,46,76,87,57,30,0,37,61,8,3,9,27,69,55,1,43,38,92,31,84,65,19,39,86,17,32,2,16,54,34,83,68,89,7,5,73,24,22,79,35,21,47,62,44,88,96,56,94,53,66,67,26,82,78,91,48,70,81,71,18,59,60
13,80,61,58,50,14,93,9,39,41,23,87,85,4,10,29,57,99,36,28,64,45,74,51,42,63,20,15,11,95,40,77,49,24,33,72,12,52,98,76,90,97,30,0,37,81,8,3,1,27,69,84,22,43,38,92,31,25,65,19,6,86,17,32,2,16,54,34,83,55,89,75,5,73,82,68,79,35,21,47,62,44,88,96,56,94,53,66,67,26,7,78,91,48,70,46,71,18,59,60
13,59,61,58,50,14,93,9,80,41,11,68,85,4,10,48,57,99,36,97,64,45,74,51,42,63,39,15,35,56,40,77,49,24,33,72,12,52,98,20,90,2,30,0,37,81,8,3,44,27,69,84,22,25,38,92,31,19,65,23,6,86,17,32,71,16,54,34,83,28,89,75,5,73,82,95,79,76,21,47,62,87,88,96,43,94,53,66,67,26,7,55,91,1,70,46,29,18,78,60
13,59,61,58,50,14,93,9,80,41,95,20,85,4,10,27,36,99,57,97,64,45,67,31,42,63,39,33,35,56,40,8,49,24,17,72,68,1,98,29,90,2,30,0,37,81,74,3,44,75,69,84,22,25,38,92,48,19,65,23,11,86,6,32,71,16,54,34,83,28,89,77,5,73,82,15,79,76,21,47,62,87,52,96,43,94,53,66,12,26,7,55,91,88,70,46,18,51,78,60
84,59,5,58,50,14,93,9,80,41,6,20,12,4,10,70,36,99,57,97,42,45,67,31,69,63,39,33,35,96,90,8,27,24,34,13,68,1,98,29,23,2,30,0,37,81,74,3,44,75,61,95,64,25,38,92,48,19,65,40,11,86,85,32,71,16,54,72,83,28,89,77,56,73,82,15,79,76,21,47,62,87,52,22,43,94,53,66,18,26,49,55,91,88,17,46,7,51,78,60
84,59,5,58,50,14,97,9,80,41,6,20,12,4,10,70,36,98,40,8,42,45,67,31,69,63,21,33,35,96,90,25,23,24,34,13,68,18,99,29,49,2,30,0,37,81,74,3,57,75,61,95,64,22,38,92,83,19,65,93,11,39,1,32,71,16,54,72,47,28,89,77,56,73,82,15,79,76,43,86,62,87,52,46,55,94,53,66,85,26,48,27,91,88,17,44,7,51,78,60
84,59,53,58,50,14,97,9,80,96,17,20,12,46,10,70,36,71,39,8,93,45,67,31,69,49,21,33,48,41,90,25,26,24,34,13,68,18,99,63,76,2,5,0,37,81,74,3,57,75,61,95,64,22,38,92,83,29,65,42,11,19,1,32,30,16,54,72,47,28,89,77,56,73,82,15,79,6,23,86,62,87,52,40,55,94,43,66,85,98,4,27,91,88,35,44,7,51,78,60
84,59,53,58,50,14,97,9,80,22,17,25,40,46,98,70,36,71,39,8,93,45,90,31,69,49,21,38,48,41,67,29,26,24,34,13,68,18,99,63,76,33,5,0,37,81,74,3,2,75,61,95,64,60,4,72,10,20,65,42,11,19,1,32,30,16,54,44,47,28,89,77,83,73,82,15,79,6,23,86,62,87,66,12,55,94,43,85,96,52,92,27,91,88,35,57,7,51,78,56
84,59,53,58,50,14,97,55,37,22,17,25,40,74,98,70,36,88,80,8,12,45,90,77,69,49,21,38,48,41,67,29,26,24,44,31,68,18,99,63,76,33,5,0,39,34,9,3,2,75,61,95,64,60,13,72,47,20,65,81,11,19,1,32,30,16,54,86,85,28,89,71,83,73,82,15,79,6,23,52,62,87,66,46,56,94,43,93,96,4,92,27,91,42,35,57,7,51,78,10
84,59,53,58,50,14,97,55,37,33,17,34,40,47,98,70,36,88,71,8,12,45,90,60,69,49,21,38,13,41,67,29,26,24,6,31,68,18,99,63,76,27,57,0,39,5,9,3,2,75,61,95,64,87,46,72,77,81,65,56,11,74,1,32,30,16,54,86,85,28,89,15,83,73,82,19,79,92,23,52,62,25,66,44,22,94,43,93,96,4,80,48,91,42,35,20,7,51,78,10
84,59,53,58,50,14,61,48,37,33,17,34,40,47,46,70,10,88,74,8,55,45,90,60,69,49,21,38,13,41,63,29,26,24,6,31,68,18,99,94,76,27,57,0,39,5,9,3,56,75,4,95,64,85,97,72,87,81,65,7,11,77,1,32,30,16,54,67,79,28,89,15,83,73,82,19,12,92,23,52,71,25,62,44,22,98,43,93,96,86,80,2,91,42,35,20,36,51,78,66
84,59,53,96,50,35,61,48,37,33,17,34,40,47,46,70,10,88,74,14,55,8,90,60,69,27,21,2,13,41,63,29,99,24,6,18,72,49,86,94,76,38,57,0,16,5,9,3,56,75,68,95,64,85,45,4,87,81,65,43,11,58,1,32,30,77,54,67,79,28,89,15,83,73,82,19,12,92,97,52,71,25,62,44,22,98,39,93,7,26,80,23,91,42,31,20,36,51,78,66
84,59,53,96,50,76,61,48,37,33,17,34,42,47,46,15,10,88,74,14,55,8,90,60,69,27,21,2,79,41,63,29,89,24,6,18,35,49,4,94,40,38,57,0,16,99,9,3,56,75,68,95,5,85,45,51,87,28,65,43,11,58,1,70,30,44,54,67,64,36,22,77,83,73,82,19,12,92,97,52,32,25,62,78,86,98,39,93,7,26,80,23,91,72,31,20,81,71,13,66
84,59,53,96,14,76,99,72,37,33,34,42,17,21,46,12,10,88,74,31,55,8,90,60,69,27,2,61,93,41,63,29,89,24,6,18,22,49,4,94,40,38,57,0,16,80,9,3,56,75,68,95,5,85,45,97,71,28,65,43,11,58,1,70,30,44,54,67,64,36,47,77,83,73,82,19,79,92,15,52,32,25,62,78,50,98,39,35,7,26,48,23,91,86,87,20,81,51,13,66
84,27,41,6,14,76,99,72,37,33,34,42,25,21,46,12,10,88,74,31,96,48,94,60,69,45,2,61,93,59,63,29,89,24,86,35,22,49,4,52,40,32,57,0,16,80,9,90,56,75,68,95,5,85,73,97,71,28,65,43,11,58,1,70,3,44,54,67,64,36,47,77,83,51,82,19,79,92,15,18,55,38,17,78,50,98,39,62,7,26,53,23,91,30,87,20,81,8,13,66
84,27,41,6,14,76,99,72,37,1,34,42,25,21,97,12,20,88,74,80,96,48,94,60,69,45,2,61,93,59,63,29,89,24,86,35,50,49,4,52,40,32,39,55,16,87,9,90,56,75,68,95,5,71,73,98,22,28,33,43,11,58,83,57,3,44,54,67,64,36,47,77,23,51,82,46,79,92,15,18,0,38,17,78,19,85,66,62,7,26,10,65,91,30,53,31,81,8,13,70
84,27,41,6,59,76,99,52,7,1,34,42,25,21,97,12,20,38,74,80,96,48,94,83,69,45,2,61,49,62,72,29,77,24,86,35,93,92,4,73,90,32,39,55,16,87,9,37,56,75,68,95,5,71,50,98,22,28,63,43,11,58,14,57,3,13,54,67,64,36,47,89,23,51,82,46,79,88,40,18,0,15,17,78,19,85,66,33,44,26,10,65,91,30,53,31,81,8,60,70
