0,1,2,3,4,5,6,7,8,9,10,11,12,13,14,15,16,17,18,19,20,21,22,23,24,25,26,27,28,29,30,31,32,33,34,35,36,37,38,39,40,41,42,43,44,45,46,47,48,49,50,51,52,53,54,55,56,57,58,59,60,61,62,63,64,65,66,67,68,69,70,71,72,73,74,75,76,77,78,79,80,81,82,83,84,85,86,87,88,89,90,91,92,93,94,95,96,97,98,99,100,101,102,103,104,105,106,107,108,109,110,111,112,113,114,115,116,117,118,119,120,121,122,123,124,125,126,127,128,129,130,131,132,133,134,135,136,137,138,139,140,141,142,143,144,145,146,147,148,149
32,21,50,123,129,5,6,7,63,3,147,119,144,92,14,56,97,38,90,19,113,74,84,33,18,25,26,96,31,109,17,52,105,59,29,120,36,37,125,39,40,23,69,134,28,115,46,47,122,53,106,128,22,30,83,65,51,57,58,140,86,61,62,77,121,9,20,1,139,88,70,93,135,73,64,75,76,72,78,112,102,0,82,143,79,85,45,8,116,80,149,91,95,54,13,67,130,42,35,107,49,101,100,103,43,48,2,10,108,138,110,60,94,99,136,12,68,117,118,124,87,15,111,104,4,16,126,127,24,44,41,131,11,133,34,141,27,137,132,66,81,142,148,89,71,145,146,98,114,55
112,118,8,73,129,147,74,28,37,98,117,124,5,85,132,92,107,45,69,19,113,136,99,108,18,44,71,96,34,50,17,80,46,43,145,102,36,15,35,81,130,41,125,134,135,21,66,68,122,23,106,128,22,30,138,97,51,57,58,105,14,61,62,77,116,103,39,120,86,88,70,84,109,93,64,60,76,143,121,29,59,25,32,47,79,27,119,52,0,26,13,91,95,72,87,131,110,104,7,56,49,31,55,123,133,48,75,139,115,54,33,20,144,146,63,78,10,100,65,42,83,140,111,2,4,16,67,127,24,1,89,6,11,126,12,141,3,101,94,149,82,142,148,90,40,137,9,53,114,38
112,118,93,139,19,147,144,104,37,89,2,124,5,61,132,79,116,28,21,0,73,136,8,47,81,51,34,16,77,18,71,141,10,57,43,102,36,99,9,14,130,126,125,35,106,60,52,95,122,117,148,111,45,30,138,123,110,103,143,105,67,29,44,128,97,31,86,26,56,129,46,70,109,23,142,38,15,50,74,94,59,22,120,146,88,27,13,72,107,17,149,84,92,62,87,69,64,41,7,80,49,108,55,68,91,48,96,58,115,137,75,20,25,134,24,4,119,100,65,42,63,140,85,33,12,76,78,66,145,1,54,6,131,3,39,32,98,101,133,113,82,11,121,90,40,127,83,53,114,135
64,118,115,96,73,88,53,60,38,89,98,19,116,57,106,37,27,28,121,0,24,109,69,47,137,84,124,61,105,113,71,141,138,4,110,79,25,99,11,14,108,126,3,51,67,33,66,95,122,149,148,111,59,30,17,42,18,40,90,41,65,146,44,128,117,43,16,26,49,129,46,13,132,23,77,2,15,50,52,31,70,81,34,21,97,142,140,74,75,93,136,147,92,78,87,139,45,29,85,130,6,134,55,8,103,48,91,7,143,119,102,20,12,123,22,5,135,100,62,39,63,56,58,68,35,76,144,104,101,1,54,114,10,112,125,32,36,86,133,72,82,107,131,120,80,127,83,9,145,94
99,66,74,148,126,90,146,73,38,139,98,19,62,82,106,37,35,28,89,0,57,109,69,49,70,64,124,10,23,113,117,141,120,4,86,79,140,92,83,5,108,34,44,51,76,33,24,112,105,8,115,111,137,30,72,42,142,67,59,138,53,36,132,133,149,55,3,81,40,129,46,39,47,48,118,2,15,50,131,95,31,145,13,93,14,85,94,91,52,71,144,147,25,78,75,65,116,114,77,123,17,6,27,88,134,63,125,7,143,41,102,20,12,61,22,84,29,100,101,43,45,56,54,58,104,9,130,96,68,1,110,21,135,122,16,32,11,128,18,103,107,26,136,97,80,121,87,119,60,127
60,101,46,3,147,117,109,73,95,4,88,19,44,55,106,111,27,65,89,26,128,138,97,6,69,62,124,136,23,45,21,141,90,76,13,79,56,127,93,84,108,87,71,51,126,149,104,137,105,99,115,31,134,58,102,123,100,67,59,130,0,52,132,8,48,70,86,81,85,129,22,119,96,82,118,148,75,50,25,145,11,66,54,91,14,47,68,5,133,142,144,1,24,78,42,107,116,114,43,30,17,135,122,34,121,63,125,32,143,41,139,20,12,140,38,53,29,146,98,120,92,74,33,36,64,9,77,94,37,61,110,131,72,40,16,112,83,28,18,103,2,49,15,113,80,57,10,7,35,39
107,103,60,8,149,20,78,73,79,27,71,25,44,55,106,26,54,118,131,22,97,119,21,16,69,65,87,14,23,48,139,3,11,76,143,88,129,127,95,111,46,75,135,51,126,142,70,137,17,136,19,64,102,4,50,109,13,67,59,130,133,31,128,90,29,47,91,117,1,148,68,108,72,82,28,96,42,63,99,84,110,66,147,85,49,43,24,5,141,115,58,86,36,89,125,134,116,62,145,30,45,18,122,2,121,123,101,32,34,138,120,104,81,41,38,53,12,146,98,144,92,77,33,56,140,9,105,94,37,61,113,74,6,40,15,112,83,0,93,57,39,35,132,52,80,114,10,7,124,100
32,103,9,61,149,118,40,21,79,146,81,131,111,125,14,56,54,6,147,75,97,137,25,119,120,73,58,5,42,64,114,126,22,27,26,78,8,127,140,10,46,132,123,51,121,19,67,47,16,3,92,38,105,4,50,30,143,142,59,48,133,108,109,90,29,23,24,117,43,148,130,86,128,34,28,115,122,63,99,84,110,135,13,85,49,116,107,44,141,139,129,76,11,101,36,87,77,136,20,145,35,18,12,72,1,65,102,57,82,138,68,104,100,41,89,53,88,31,98,144,96,91,33,124,112,106,74,71,60,2,113,37,45,94,15,17,95,0,39,70,55,83,62,52,80,66,93,7,69,134
149,103,9,138,105,98,20,60,128,115,81,92,111,123,113,35,114,102,53,75,97,124,25,133,41,29,58,125,4,71,68,126,93,146,140,3,66,64,94,28,46,52,69,80,121,19,44,47,16,147,104,17,78,139,67,131,143,142,85,57,120,54,96,83,108,129,24,59,39,148,7,86,74,6,117,62,122,63,106,21,99,22,34,134,32,77,107,109,42,135,110,38,119,101,36,87,137,23,79,91,84,13,12,72,1,65,130,56,82,10,0,89,100,18,26,11,145,31,51,55,132,73,144,8,112,116,40,27,61,2,33,37,45,50,76,90,95,141,48,70,15,136,14,49,43,118,127,5,30,88
75,11,126,18,102,98,20,47,128,15,60,59,67,64,93,136,114,77,39,87,121,66,112,133,104,29,129,69,137,71,68,142,72,146,35,89,138,140,51,84,27,99,49,139,73,32,44,33,100,9,21,76,78,145,61,7,143,23,85,131,113,54,96,83,117,135,24,41,43,148,124,4,74,6,144,111,120,109,106,57,26,22,17,134,56,97,13,12,5,2,110,92,42,62,36,90,16,105,122,91,95,52,86,149,53,14,130,3,103,10,0,8,79,82,101,108,115,31,65,55,132,118,107,34,81,46,58,63,1,70,94,37,38,119,45,147,80,141,48,50,116,19,125,28,25,123,127,40,30,88
52,107,143,18,116,137,126,42,10,46,88,74,119,64,102,91,114,26,3,87,121,99,53,133,104,97,129,108,90,71,5,132,81,146,39,89,138,41,144,22,50,124,49,111,47,20,44,33,100,62,51,147,78,69,83,94,93,23,19,131,85,54,96,57,148,135,117,68,141,125,25,27,115,28,65,80,120,145,106,79,55,36,2,134,56,35,13,130,1,58,67,77,0,34,61,142,16,118,31,136,66,8,11,122,84,59,32,43,103,92,149,4,86,82,17,140,112,113,101,14,48,7,6,110,75,73,76,63,24,70,123,37,38,9,45,98,60,21,72,139,95,105,15,128,109,29,127,40,30,12
140,35,95,80,41,65,66,111,10,136,78,6,119,27,146,50,70,148,88,75,114,124,48,86,147,25,141,76,90,127,5,132,100,34,16,81,87,43,98,64,116,40,67,91,123,20,85,33,63,73,7,18,106,94,83,97,93,23,26,131,22,57,52,13,53,39,117,113,54,56,122,137,115,126,0,68,125,72,129,79,55,36,2,12,32,58,44,28,69,142,121,77,133,14,61,11,96,118,102,82,109,8,84,42,128,59,46,19,103,92,149,4,21,130,17,143,112,62,101,45,134,145,49,110,107,3,99,1,24,105,144,37,138,9,38,51,60,108,74,139,89,47,15,71,31,29,104,135,30,120
67,35,120,20,41,95,76,111,10,70,43,117,18,33,80,23,78,101,104,0,64,130,38,126,127,25,2,125,90,39,5,121,100,116,50,30,124,141,32,132,9,28,7,91,55,52,16,22,108,102,136,140,60,11,66,97,103,48,114,131,34,56,118,13,53,12,65,113,54,148,122,71,87,89,49,68,79,88,62,69,112,105,8,115,36,58,44,92,57,143,119,138,77,14,73,40,129,110,86,82,51,142,72,146,26,59,46,19,98,94,149,84,21,31,96,137,42,106,133,75,134,145,81,27,83,3,99,128,24,93,144,37,4,63,1,61,147,45,74,139,6,47,15,123,135,29,109,17,85,107
67,10,120,81,143,131,17,111,26,79,8,16,3,13,80,107,78,122,104,0,58,95,110,59,127,116,138,140,1,39,44,28,22,7,50,49,124,141,32,43,20,56,18,149,77,52,74,91,70,113,136,105,60,109,66,69,88,62,102,142,2,99,118,134,53,12,68,98,125,148,132,71,41,37,126,86,33,34,9,83,112,46,42,115,76,25,38,5,57,139,117,75,24,123,73,103,129,27,64,92,51,55,30,97,87,121,65,61,100,45,94,84,146,135,101,14,119,106,133,114,48,145,54,21,35,130,137,89,23,93,90,96,144,11,72,4,147,63,31,19,108,47,15,36,82,29,128,6,85,40
58,106,146,136,78,131,21,111,94,20,36,16,135,13,84,98,67,122,88,0,31,95,110,66,48,128,7,140,1,39,92,147,9,81,120,30,115,85,32,64,108,56,82,149,43,124,19,41,70,123,34,121,59,109,112,69,28,87,102,89,60,50,117,134,53,37,71,93,125,116,55,104,144,105,17,90,33,65,62,83,79,46,142,143,8,52,38,5,96,139,44,26,114,42,68,103,57,27,63,14,51,80,54,97,49,107,22,10,129,18,2,61,47,40,29,137,148,25,101,76,91,145,6,74,35,75,138,24,23,99,141,100,127,11,72,4,73,77,133,119,113,130,15,132,118,3,45,12,126,86
107,7,54,93,117,138,42,111,69,125,36,59,135,13,25,94,84,91,88,147,105,95,103,122,18,128,28,130,136,6,58,106,9,126,120,30,115,19,15,64,35,56,5,55,143,149,41,124,57,39,34,45,85,140,113,73,65,99,133,52,0,14,12,134,53,26,71,16,92,146,131,104,123,102,118,81,40,21,31,51,132,48,142,112,68,110,38,62,78,109,44,67,22,33,79,144,17,27,50,121,66,80,10,63,49,89,43,20,129,83,2,101,1,46,29,100,148,8,4,76,139,145,97,74,96,98,119,24,141,32,116,82,127,11,72,137,90,77,108,61,70,47,23,75,60,3,114,87,37,86
66,79,54,93,105,78,141,69,25,90,109,59,100,13,145,34,84,143,11,67,149,95,5,92,73,128,118,49,133,6,8,106,0,89,120,121,115,19,28,44,138,29,47,125,136,30,15,20,57,94,140,82,10,75,98,142,126,99,53,52,61,14,85,134,50,129,71,16,12,26,91,9,123,130,107,65,87,21,18,113,132,48,70,96,68,55,40,62,77,2,116,4,104,31,17,144,24,23,83,37,124,80,108,63,56,58,43,122,60,119,112,35,1,46,22,101,81,64,36,76,42,103,33,74,110,51,88,41,7,32,45,147,127,146,72,139,131,111,38,97,148,102,135,27,137,3,114,117,86,39
66,91,148,93,105,114,4,98,73,100,48,59,80,49,18,34,141,143,96,37,149,72,17,92,138,128,106,135,133,85,39,64,83,89,119,53,115,27,28,102,20,21,47,38,56,67,15,118,62,130,63,33,50,108,8,11,55,84,70,75,122,139,29,10,45,1,71,86,134,101,77,54,123,51,116,44,87,99,57,41,132,61,144,125,68,35,40,113,25,2,19,24,7,31,117,121,6,23,129,69,131,16,140,109,90,82,52,58,60,78,112,26,94,46,30,43,81,12,36,76,42,126,65,74,110,107,88,22,147,124,79,136,127,145,142,0,13,111,9,97,120,32,5,137,104,3,103,95,146,14
19,130,82,8,105,99,27,98,73,134,46,126,63,87,18,124,16,13,96,37,149,115,60,111,133,7,106,138,92,62,108,95,72,89,104,121,1,28,120,102,48,21,29,38,47,118,112,5,11,39,137,59,34,10,64,131,55,143,80,139,75,44,6,69,45,101,71,86,52,3,77,41,132,51,30,54,57,88,20,97,114,61,144,125,31,35,128,113,109,2,24,100,127,40,140,15,135,12,129,25,33,91,141,142,14,70,83,117,50,78,49,26,94,79,136,43,81,58,119,93,122,147,148,74,110,107,85,116,76,9,84,65,53,145,4,0,22,36,90,67,56,32,66,17,68,42,103,123,146,23
19,34,77,8,105,47,139,96,79,61,53,133,63,40,18,50,16,80,31,73,58,115,26,22,36,135,106,138,92,87,45,95,119,89,104,41,125,121,60,20,124,85,29,98,128,68,0,54,134,6,137,28,91,37,97,7,146,120,25,62,130,141,10,144,67,88,15,122,44,113,23,1,64,51,30,126,66,39,13,33,3,86,127,35,56,5,76,123,71,2,24,100,143,59,140,70,111,46,129,84,132,147,11,142,118,72,83,52,108,14,49,75,102,136,107,43,81,48,114,93,149,109,148,94,110,74,42,116,69,9,90,65,27,145,4,21,82,112,55,57,99,32,12,17,38,117,103,78,131,101
111,96,113,8,51,110,105,71,21,37,53,133,129,40,103,121,62,149,77,13,58,143,88,45,76,99,109,57,134,97,22,63,43,119,19,33,115,18,35,20,30,90,29,98,89,68,0,120,94,87,137,131,72,138,55,41,80,93,25,1,28,117,9,144,67,5,15,85,44,148,139,65,64,106,66,4,147,11,126,10,3,114,108,50,39,16,14,123,86,2,24,26,92,36,47,70,95,46,130,84,52,124,83,79,91,125,146,73,31,60,49,75,102,136,107,141,128,116,127,61,112,56,54,118,23,122,42,132,69,104,34,38,6,145,81,140,82,142,7,100,27,32,12,17,59,48,74,78,135,101
67,96,86,129,51,89,23,76,21,13,53,1,0,40,148,73,62,112,3,18,102,138,16,30,92,8,109,69,116,79,36,50,43,15,71,33,145,135,35,10,143,57,6,72,64,61,49,11,123,87,137,60,146,56,97,130,29,119,58,128,28,88,141,139,93,5,118,52,106,98,103,31,99,90,44,4,147,27,114,149,117,133,75,91,122,45,14,26,125,2,24,66,55,108,144,70,95,46,94,136,131,65,83,42,110,74,63,124,54,85,115,126,121,19,107,22,84,134,127,111,9,113,80,41,68,39,77,132,20,47,120,38,34,142,105,140,82,37,7,100,104,32,12,17,59,48,25,78,81,101
11,96,137,120,110,36,35,76,147,13,88,75,0,78,19,129,26,32,37,17,102,138,16,127,92,103,121,128,58,123,124,53,18,136,106,23,122,14,31,65,143,57,56,72,64,107,27,59,6,81,69,144,83,135,86,117,29,119,130,50,84,115,141,116,97,145,118,52,60,98,95,89,105,90,87,4,21,41,112,80,74,133,3,91,146,109,94,28,68,2,67,66,139,54,93,62,45,46,114,22,24,79,132,38,149,33,63,44,61,7,125,126,48,131,85,30,99,134,10,49,9,113,148,142,70,25,77,55,20,15,73,8,34,108,40,140,82,71,51,100,104,39,111,1,5,47,12,42,43,101
56,7,117,120,110,35,24,2,138,13,10,23,0,122,55,28,134,90,131,50,51,65,67,127,99,116,15,1,80,123,124,53,147,136,16,18,69,129,31,27,143,87,100,21,26,107,5,59,6,81,58,30,91,148,44,102,128,119,89,83,86,45,141,114,97,111,92,34,60,140,32,33,137,29,77,40,17,41,112,85,74,11,42,64,66,149,94,105,68,106,36,121,104,54,93,62,118,46,146,22,96,132,79,126,63,142,47,49,61,145,125,75,48,57,84,135,9,139,115,3,19,113,20,144,70,133,95,43,103,78,109,130,8,108,88,39,82,71,4,73,14,98,38,37,76,12,52,72,25,101
4,7,56,104,114,11,24,2,91,64,10,149,1,122,55,105,79,28,69,36,29,65,98,127,107,137,59,48,80,68,134,90,119,9,121,112,3,33,35,37,0,147,60,14,120,81,5,76,70,58,31,117,123,148,141,102,128,26,32,83,6,45,34,41,46,118,92,42,126,140,108,110,93,146,124,17,72,129,71,19,30,135,62,50,66,84,97,115,99,131,133,142,132,54,39,13,21,77,67,22,96,85,116,18,100,52,87,49,103,145,44,75,89,86,47,57,40,139,136,106,101,113,20,144,111,63,95,43,61,78,109,130,8,23,88,16,82,15,38,94,51,53,74,73,143,12,138,125,25,27
104,14,20,96,114,107,48,2,91,30,49,80,7,73,140,4,70,43,112,9,78,38,98,11,59,137,111,69,21,93,134,90,119,27,88,41,3,55,35,121,56,63,60,126,58,46,32,144,22,138,34,117,37,148,141,10,128,42,75,83,6,45,120,29,106,77,25,113,92,1,108,124,115,16,97,17,72,52,50,76,149,122,94,118,66,8,86,26,65,142,133,135,132,54,51,79,82,123,67,129,81,85,116,125,100,33,87,39,102,44,95,143,89,19,64,146,99,136,36,74,13,24,28,31,47,110,71,5,61,40,109,130,57,23,131,145,68,15,0,103,147,53,62,18,84,12,105,127,139,101
145,14,13,25,114,37,104,2,34,11,91,132,7,147,75,1,70,144,18,6,88,41,83,95,128,36,133,69,49,109,99,42,22,27,138,119,136,35,20,131,96,84,51,56,118,93,32,79,129,23,46,55,86,130,121,40,26,21,48,50,148,78,74,29,106,77,126,12,59,137,108,111,53,33,97,123,72,110,134,0,149,98,94,58,45,8,113,90,24,66,4,135,63,15,67,124,71,9,101,10,81,85,116,125,100,64,87,39,112,73,76,143,17,19,65,146,52,28,44,80,92,16,107,30,47,60,117,5,61,102,141,120,57,3,54,115,68,82,140,103,38,89,62,122,31,43,105,127,139,142
145,6,18,66,29,37,70,30,109,125,106,138,74,52,83,1,17,144,136,21,137,3,76,33,128,36,79,69,122,92,99,141,22,116,135,119,24,91,81,131,96,84,9,142,118,4,98,103,129,88,57,75,86,148,35,40,26,60,127,50,47,78,54,55,124,77,126,11,49,133,82,111,64,117,25,56,72,110,80,85,123,38,14,32,134,58,12,143,147,132,108,10,63,34,113,71,59,31,101,41,2,114,90,16,100,8,0,95,20,48,130,73,39,19,65,61,107,28,44,146,42,121,104,105,97,27,112,5,93,87,7,139,23,140,94,115,68,15,13,149,46,89,62,45,102,43,120,53,51,67
109,143,83,24,29,45,70,90,35,125,106,32,0,52,63,39,137,68,136,98,47,72,142,56,36,133,22,86,122,92,127,141,115,33,135,12,144,91,123,51,96,81,9,110,8,4,79,145,129,88,30,80,84,149,104,34,140,134,14,23,18,87,59,55,75,41,126,117,19,130,77,108,105,57,120,138,82,119,76,85,48,69,27,66,44,58,17,40,147,139,100,10,118,102,113,103,124,31,101,99,2,60,74,16,5,25,37,95,121,89,111,73,6,94,11,61,107,28,15,146,71,38,46,132,131,49,93,42,148,53,7,21,20,97,128,78,116,54,13,26,65,64,62,50,1,43,112,3,114,67
126,83,69,135,36,93,9,5,53,125,73,147,0,115,101,107,137,63,136,19,47,72,60,6,33,11,120,86,130,108,127,111,75,14,98,131,144,25,91,51,4,81,43,110,119,103,79,26,133,88,142,24,37,50,141,34,2,134,30,89,18,87,140,55,148,39,80,15,128,28,59,85,105,100,95,138,117,129,76,106,17,68,27,113,44,58,121,139,82,70,45,74,109,102,71,122,124,10,21,1,90,23,84,8,42,146,94,20,40,104,29,35,123,41,77,61,97,57,143,118,56,38,46,132,16,66,22,48,65,52,31,54,149,32,96,78,116,67,13,12,99,64,145,49,92,7,112,3,114,62
66,83,89,135,13,26,0,5,53,99,73,35,27,88,76,43,137,63,127,44,94,147,125,122,123,132,119,12,130,71,2,60,75,14,98,51,144,59,112,39,62,81,64,110,79,70,38,141,61,65,142,24,108,50,45,34,72,47,129,19,18,87,140,113,121,10,103,15,86,28,148,40,105,31,131,138,116,84,78,106,82,120,118,90,46,58,68,1,9,101,136,143,109,25,128,77,3,133,21,56,36,11,95,8,100,146,55,97,69,104,80,49,4,41,74,33,149,126,23,16,22,134,124,54,114,30,117,48,17,52,42,67,6,32,96,107,7,20,91,92,85,93,145,37,139,57,115,102,29,111
49,38,116,110,13,139,69,71,19,99,73,56,45,65,76,127,123,95,107,44,148,42,124,89,53,132,119,11,142,27,131,66,30,14,68,1,144,134,126,31,77,4,121,21,79,25,26,41,61,114,112,24,18,64,115,2,60,47,147,52,50,90,140,113,40,20,103,6,102,96,62,63,85,100,55,138,0,130,35,46,3,120,118,94,59,58,108,29,141,101,145,143,122,88,32,10,104,43,86,22,105,17,83,8,82,146,16,97,75,34,80,39,98,28,74,33,149,136,23,15,72,9,133,84,135,54,117,48,70,87,81,67,128,12,137,125,7,129,91,92,5,37,93,36,78,57,106,109,51,111
104,38,109,45,74,139,66,112,95,99,46,100,28,6,48,127,60,8,47,9,108,61,83,145,133,73,119,81,63,144,49,137,30,103,68,124,5,56,76,31,79,113,37,21,69,25,89,41,34,114,55,24,117,58,70,2,27,36,53,52,33,90,140,149,135,20,147,72,93,1,62,23,85,116,14,138,134,19,35,118,131,16,125,94,146,75,44,64,141,91,57,143,65,88,11,10,84,82,86,15,148,115,50,18,97,22,101,17,142,42,122,39,29,107,77,32,12,136,105,98,26,51,102,0,67,54,3,129,120,87,40,126,128,96,4,132,7,130,121,92,59,123,71,110,78,80,106,13,43,111
61,84,109,143,74,40,148,27,21,99,46,85,43,71,41,119,60,120,48,25,54,10,51,137,102,73,1,81,63,125,49,116,31,132,68,37,141,56,112,142,62,113,14,100,32,16,3,87,34,50,55,147,12,18,70,92,76,36,58,52,33,9,138,108,135,20,65,72,101,0,67,93,114,28,91,15,5,38,35,30,42,98,146,94,45,29,24,103,39,96,57,88,144,121,53,89,11,82,86,122,13,117,75,124,104,22,111,2,64,7,139,115,47,107,90,95,145,136,133,127,26,149,134,19,6,78,83,129,8,97,118,126,128,123,4,59,17,130,66,69,44,23,131,110,77,80,106,140,105,79
75,82,60,84,149,40,148,76,21,105,27,127,39,121,41,32,15,71,48,25,54,23,55,120,97,103,59,2,95,114,49,100,31,132,68,57,9,142,58,0,63,113,124,134,110,22,3,87,34,98,1,44,12,53,11,92,14,36,131,126,143,101,138,46,33,146,133,137,19,135,13,96,62,24,79,118,89,38,35,30,42,129,140,109,45,29,65,10,147,73,90,106,144,112,91,69,78,141,56,66,108,117,16,99,104,51,28,74,122,8,37,52,47,119,4,86,145,136,50,5,26,93,111,72,125,70,83,107,115,6,43,18,128,139,64,7,17,130,123,94,116,67,61,85,77,80,88,20,81,102
35,47,56,84,149,26,31,76,11,93,27,127,105,121,46,37,15,41,45,61,51,39,34,17,65,103,148,81,106,114,49,100,131,123,38,87,43,142,58,48,128,88,32,107,110,22,85,72,145,98,29,112,97,59,57,53,14,143,79,55,74,101,95,89,73,130,133,119,6,94,111,147,83,9,19,115,25,52,0,30,42,129,140,64,24,113,126,138,146,10,118,125,144,116,91,50,137,141,78,12,108,96,16,99,104,102,28,3,71,8,36,13,82,18,4,5,33,136,86,7,66,54,23,122,120,70,21,1,75,62,60,132,117,90,63,68,124,44,80,139,134,67,69,92,77,2,135,20,40,109
25,147,56,84,85,61,143,128,11,93,19,86,100,79,46,133,15,41,74,36,122,17,23,123,135,103,127,117,118,37,72,111,131,113,13,62,43,27,14,63,75,88,32,107,110,114,95,73,6,140,29,112,91,101,50,70,109,8,55,7,65,53,5,49,125,81,28,106,96,94,68,60,134,35,12,97,76,52,9,51,130,129,149,54,24,146,126,138,66,10,148,67,144,116,83,92,137,141,78,39,108,71,16,89,102,98,105,22,42,33,120,44,82,145,4,26,0,47,59,57,115,136,119,18,104,38,40,1,124,58,64,132,45,90,77,3,30,2,99,139,87,142,69,21,80,48,34,20,31,121
25,134,37,23,96,61,53,128,21,48,19,139,100,146,113,133,145,7,72,36,49,71,64,123,3,103,26,117,57,74,121,22,16,144,42,56,43,40,8,108,106,115,67,112,110,65,4,73,6,140,79,62,24,143,50,58,12,32,75,51,102,88,101,68,28,81,41,135,30,111,55,60,76,35,122,14,87,52,46,34,114,125,59,118,119,138,120,90,66,10,148,132,130,116,1,92,127,141,91,2,124,107,11,13,126,98,105,39,69,33,31,63,82,147,70,27,0,95,44,93,85,136,86,18,104,38,109,9,15,78,89,17,149,137,77,131,47,84,99,80,5,83,29,142,129,54,45,20,97,94
64,134,69,23,103,5,53,128,6,108,80,139,7,95,104,135,140,58,72,16,57,71,122,123,81,32,26,76,85,120,121,3,86,56,42,75,66,84,8,2,13,114,67,99,40,79,4,147,37,11,31,62,102,34,97,22,106,20,113,63,91,88,101,112,28,107,78,130,125,100,129,60,126,89,30,96,87,19,49,73,1,68,55,131,41,138,51,74,17,0,148,44,142,116,90,92,127,141,61,98,46,65,14,82,39,24,132,93,115,33,124,149,36,146,144,59,43,21,77,145,118,136,70,18,110,38,94,9,15,111,48,52,143,137,105,27,47,10,119,50,117,83,29,133,109,54,45,12,25,35
111,16,59,23,85,144,136,82,106,108,31,28,7,95,22,125,140,58,19,107,83,36,122,81,68,70,116,76,57,87,134,67,86,71,42,80,128,43,8,139,110,4,13,5,0,79,52,32,6,63,54,62,26,50,93,114,131,20,94,147,24,64,101,112,123,100,78,97,99,15,65,60,74,92,12,127,118,39,102,73,90,56,113,145,41,11,109,10,17,40,84,44,45,148,9,69,53,3,61,105,46,135,14,129,137,77,132,66,115,33,104,149,49,146,89,121,2,47,30,124,72,21,1,18,126,38,91,75,130,103,48,142,143,138,34,27,96,37,51,98,120,117,29,141,88,119,133,55,25,35
111,16,59,127,42,17,47,96,91,1,40,10,56,95,122,117,124,61,19,23,120,13,48,147,68,70,55,76,5,104,85,67,114,71,8,97,128,106,2,86,110,82,101,43,0,79,64,57,6,142,52,92,108,83,93,100,58,60,137,37,30,44,119,112,123,135,139,14,34,15,27,146,143,35,65,116,12,39,102,73,21,118,103,46,41,4,78,134,50,28,49,32,29,148,9,69,140,113,36,105,133,11,53,129,22,38,26,125,115,33,3,149,89,130,75,121,99,144,98,66,72,131,62,138,126,94,45,132,18,145,90,77,54,84,87,74,80,63,51,136,81,20,31,141,88,109,24,107,25,7
44,79,59,127,94,33,18,101,91,1,40,26,31,13,122,139,100,61,29,144,121,111,48,62,27,143,55,76,11,104,115,126,114,30,7,53,57,51,2,65,110,82,129,24,148,138,64,83,86,142,147,124,108,120,99,116,119,109,146,85,10,95,17,63,123,75,68,117,140,28,131,8,97,35,118,58,0,39,4,89,14,103,145,98,41,34,78,134,50,54,49,93,77,38,137,69,32,113,90,105,5,74,37,66,22,43,25,3,47,107,92,73,56,130,42,46,12,15,23,19,72,52,21,88,60,112,45,132,141,102,96,84,9,70,87,149,80,136,16,71,81,20,67,36,106,133,128,125,6,135
25,63,131,88,94,23,122,101,30,78,84,149,114,13,66,139,55,1,74,144,138,111,2,105,27,81,44,54,5,126,130,50,15,48,135,53,36,4,19,62,60,82,31,65,85,108,64,83,26,103,147,136,9,104,117,110,16,109,146,70,10,33,96,115,68,99,148,73,140,24,76,57,95,145,91,133,51,29,121,87,14,98,12,58,41,56,92,134,143,40,0,52,89,38,137,69,32,113,124,93,127,17,116,28,22,100,39,75,47,107,59,18,120,3,6,46,49,42,102,43,72,106,118,129,67,112,45,132,141,119,79,21,11,7,34,86,80,97,123,71,35,20,142,37,61,77,128,125,90,8
25,63,119,21,4,5,112,101,46,78,84,62,9,44,66,139,29,47,115,90,138,111,2,105,27,81,37,14,91,12,107,146,98,24,70,36,28,149,135,124,71,60,31,95,137,108,51,128,30,103,69,41,106,127,117,110,16,131,1,130,116,33,88,83,55,80,96,6,18,123,73,57,10,94,61,32,23,99,121,148,144,68,104,58,52,126,59,120,89,40,0,132,122,38,7,143,76,113,65,93,145,39,45,56,22,75,15,13,142,64,92,34,19,136,49,100,20,42,102,43,133,67,129,3,87,53,82,85,141,72,118,50,11,140,48,74,26,97,79,109,35,114,17,86,147,77,8,125,134,54
25,86,119,80,51,148,36,138,129,19,131,144,106,16,99,125,123,47,84,124,72,27,32,105,12,91,73,59,7,70,8,136,24,61,42,23,111,85,11,113,142,78,31,60,97,108,26,128,2,101,69,149,39,93,41,110,107,44,1,130,116,76,90,95,100,13,96,6,126,29,74,133,103,94,0,71,66,112,14,5,57,53,115,139,81,62,65,120,89,79,109,38,28,58,17,143,146,48,33,49,145,40,45,56,22,9,15,30,98,63,92,10,67,18,37,88,55,46,102,43,75,64,121,3,87,122,82,68,141,137,118,50,21,140,83,127,4,34,117,52,35,114,77,104,147,20,132,135,134,54
25,30,86,58,51,46,26,19,95,105,136,144,119,62,99,79,49,43,35,124,83,27,32,148,44,91,4,59,120,48,8,145,90,31,114,23,13,149,85,111,38,78,128,39,47,137,108,88,113,2,69,40,74,117,61,110,107,76,1,50,116,82,11,130,109,93,41,6,129,29,10,64,103,115,94,98,66,140,97,5,57,53,3,52,81,127,70,123,112,77,33,22,28,7,121,12,14,100,36,42,24,60,45,9,71,16,20,18,135,63,72,146,132,92,37,68,55,21,102,101,75,0,96,143,87,122,142,133,141,56,118,65,73,138,126,54,15,125,34,104,67,106,139,17,147,89,131,84,134,80
123,94,0,26,39,46,77,34,36,65,136,144,86,37,99,38,15,43,82,41,66,104,32,148,44,81,4,109,40,115,79,145,54,67,114,23,27,93,85,60,125,118,8,68,138,84,108,78,113,2,69,146,74,117,49,134,107,3,101,17,116,19,11,149,147,121,120,6,129,100,10,64,135,87,127,16,42,7,48,5,76,53,137,61,52,95,89,57,98,140,33,96,28,14,103,12,71,102,142,128,110,83,70,56,21,132,111,18,63,22,72,73,122,58,50,47,20,51,105,30,75,9,112,143,29,55,62,1,133,139,35,92,88,90,25,31,59,13,24,124,130,106,126,119,141,91,131,45,97,80
123,24,55,99,9,141,20,120,146,65,136,6,102,62,28,80,15,79,17,67,54,59,32,63,46,52,68,40,87,34,36,115,19,142,27,23,5,73,132,60,125,137,93,16,84,113,108,29,8,82,18,106,45,49,89,134,85,13,101,74,86,121,11,149,2,14,21,78,81,69,10,64,98,126,127,3,100,147,148,140,7,129,92,61,118,4,119,57,50,103,33,96,114,66,53,116,0,97,145,144,38,83,70,56,42,44,111,41,43,22,72,51,122,58,71,12,75,110,109,30,26,48,112,143,105,37,47,94,133,139,35,1,135,90,77,31,131,128,138,95,130,117,104,76,107,91,88,25,124,39
65,13,41,99,75,129,1,56,131,98,9,112,115,125,28,39,138,79,47,70,93,61,6,63,46,23,68,40,100,34,36,54,113,15,55,84,48,88,132,60,135,3,80,38,17,67,108,71,8,141,18,106,45,37,91,134,137,64,86,104,120,94,11,20,33,7,123,25,81,105,114,30,12,126,16,148,122,0,102,117,85,133,92,2,118,4,72,96,21,101,29,31,142,140,53,116,127,19,136,87,14,27,130,147,42,44,111,97,43,22,76,51,82,58,109,26,145,59,66,50,83,35,62,143,57,74,119,24,110,139,77,49,5,90,89,146,78,52,69,95,73,10,32,121,107,128,103,149,124,144
65,108,41,134,115,35,132,56,100,117,149,112,102,139,28,51,138,79,106,144,82,46,3,34,114,44,83,40,63,57,99,86,113,122,31,84,1,95,15,88,66,75,39,47,121,78,68,22,8,50,18,137,98,37,36,24,19,64,16,93,145,55,69,38,33,7,123,25,9,72,90,30,124,126,131,13,130,0,6,32,81,94,87,146,43,4,27,96,29,97,128,70,23,118,76,103,53,61,104,120,105,127,42,147,92,135,111,148,60,11,17,71,54,58,109,26,141,59,10,140,142,91,62,143,67,74,119,101,110,14,77,129,5,125,80,48,21,49,85,20,73,89,52,136,107,2,116,133,12,45
65,75,41,8,115,72,63,46,12,14,121,112,95,134,28,51,29,62,125,144,82,67,120,91,122,111,19,40,140,119,118,83,113,9,86,56,1,109,15,88,69,138,147,77,30,31,64,38,37,129,18,137,98,139,36,24,32,149,124,93,133,22,17,79,33,7,84,85,123,81,10,68,131,35,126,145,99,50,106,107,132,94,80,108,87,135,27,96,101,97,128,70,26,90,143,103,53,92,100,39,73,58,71,105,61,6,13,76,60,146,55,59,54,0,148,25,47,89,127,52,16,3,130,57,20,141,74,117,110,48,23,104,5,4,43,66,21,49,102,44,114,136,142,11,34,2,116,78,42,45
94,75,27,39,115,138,63,81,54,68,121,134,95,46,129,64,120,98,32,14,38,59,21,101,145,111,12,4,140,108,80,17,122,67,40,56,1,109,15,85,69,66,147,146,30,31,18,52,13,44,96,137,55,139,126,58,19,47,148,36,133,125,77,144,41,7,143,24,123,34,131,114,9,62,74,76,112,50,106,124,45,132,35,104,87,22,142,88,51,97,90,70,65,0,49,103,25,37,100,135,57,8,23,105,61,72,53,28,118,16,33,113,86,127,3,102,93,89,83,99,60,82,26,107,20,130,29,117,79,48,43,71,5,78,92,10,149,84,6,91,119,136,110,11,128,2,116,42,141,73
131,110,27,108,39,72,63,77,140,79,9,113,95,42,13,59,120,38,28,14,18,41,1,101,3,94,71,69,66,33,81,20,115,67,26,56,22,17,35,85,145,8,123,52,134,31,29,73,58,105,4,76,144,139,126,92,88,68,148,54,133,125,102,119,49,0,124,60,118,40,138,15,10,62,74,86,112,50,61,47,45,21,107,24,127,16,142,121,135,97,90,70,46,130,23,103,25,37,48,80,57,100,65,32,83,87,143,146,7,34,98,106,53,149,44,82,93,89,132,99,109,55,6,78,114,122,64,51,43,2,104,12,5,147,111,128,137,84,96,91,117,136,129,11,36,30,116,75,141,19
131,142,27,7,39,118,140,77,110,100,134,113,95,42,13,59,74,122,28,64,81,41,86,37,43,90,83,69,120,33,98,20,55,72,26,112,23,56,104,99,80,36,121,75,57,31,29,73,35,94,1,76,53,139,144,18,102,132,50,16,14,103,114,119,143,49,71,60,61,40,129,15,126,17,105,96,106,97,63,68,148,146,145,123,84,127,79,25,115,137,62,70,46,88,52,10,3,9,125,78,2,22,65,32,66,87,44,101,93,34,108,107,85,149,12,82,8,128,111,24,58,130,6,38,21,47,54,89,45,138,147,67,5,30,91,135,124,116,117,133,0,136,109,11,92,4,51,48,141,19
23,3,56,129,115,118,109,46,107,144,134,62,95,136,13,117,74,64,86,18,27,69,83,88,96,90,8,81,101,33,24,143,55,93,26,16,72,89,104,121,39,35,11,75,28,31,120,110,50,94,51,7,53,40,59,133,112,132,82,52,123,126,30,127,15,49,71,57,4,76,103,139,146,116,130,99,63,97,148,68,80,29,2,79,114,85,125,14,36,66,17,70,42,91,149,100,60,9,48,78,1,22,10,102,61,87,73,128,84,106,32,124,65,137,12,43,105,145,111,44,58,122,6,38,20,47,54,108,45,138,147,67,77,5,34,135,119,142,21,25,0,19,37,113,98,41,92,131,141,140
8,28,84,95,115,89,109,16,99,133,1,10,91,22,44,80,54,31,86,47,136,129,98,135,96,90,66,81,57,33,24,13,55,59,104,52,21,69,7,121,39,107,17,87,41,65,0,124,50,94,45,143,73,40,64,116,125,11,23,53,93,126,72,128,100,34,71,131,4,43,103,139,146,113,14,70,117,48,148,118,144,29,2,101,114,78,149,27,9,127,82,106,46,105,58,49,108,83,38,112,68,123,35,130,61,3,76,42,36,88,32,132,15,137,12,111,147,62,30,138,85,122,110,75,20,97,51,26,6,63,79,67,77,145,120,134,119,5,74,18,60,19,37,142,56,25,92,102,141,140
8,37,100,24,148,86,109,16,99,133,39,43,138,22,127,98,59,124,91,23,52,71,1,135,96,90,28,103,89,25,128,106,55,11,104,117,147,69,42,121,35,107,10,87,126,115,0,132,95,38,58,137,74,123,64,116,125,130,68,21,7,112,56,31,32,142,141,34,4,84,9,139,82,49,14,122,80,63,60,118,144,29,134,72,114,78,149,6,113,47,101,111,46,105,18,5,75,20,13,119,57,97,44,145,131,3,110,73,129,88,27,45,61,92,12,65,146,143,102,15,85,70,94,41,40,19,51,53,93,50,79,76,54,77,120,30,33,66,2,81,83,26,48,17,108,136,62,36,67,140
19,37,100,86,27,68,63,115,112,7,54,143,118,96,5,98,59,106,8,46,111,149,15,135,108,28,43,90,18,49,138,126,23,93,104,77,144,133,42,13,75,119,10,87,131,122,0,132,71,38,62,137,74,92,64,53,125,130,25,85,146,73,56,94,22,142,95,34,4,84,110,99,69,123,14,145,31,82,41,105,129,147,134,32,114,72,113,35,76,109,101,55,21,51,60,124,9,20,65,47,11,97,50,127,107,3,1,78,36,89,12,45,40,128,140,91,30,139,102,2,52,70,148,116,120,66,29,121,117,79,141,103,33,88,17,58,44,61,39,81,83,26,48,80,6,136,57,24,67,16
88,97,92,16,7,9,62,123,116,19,54,143,33,113,5,98,41,13,90,108,79,102,76,141,43,84,12,57,8,146,132,25,114,128,104,77,117,148,42,20,75,73,61,44,58,122,67,107,71,38,101,137,74,94,64,53,125,14,111,119,46,80,56,82,133,142,91,34,69,145,103,47,96,126,130,18,31,147,83,87,99,124,138,32,136,35,118,121,23,15,22,129,21,51,60,52,112,85,65,28,11,27,24,105,134,3,1,78,63,93,120,0,40,45,127,144,30,59,4,2,81,70,135,106,131,66,29,115,36,86,89,26,139,72,17,95,49,149,39,110,68,37,48,50,109,10,100,140,6,55
138,61,37,16,80,9,40,52,33,19,34,143,49,88,118,66,63,53,90,100,30,98,17,141,120,84,27,57,36,60,32,55,8,54,104,139,1,43,109,26,75,103,67,123,131,83,5,69,105,38,125,137,113,14,64,130,6,79,111,148,7,91,56,76,133,146,147,112,142,11,44,21,134,128,51,96,59,28,119,94,97,135,116,18,20,35,121,82,107,73,149,129,22,71,74,25,110,85,101,68,23,136,24,127,124,3,87,78,108,47,62,0,102,45,13,144,99,65,4,2,81,70,72,106,58,93,29,115,42,12,89,77,145,46,15,122,41,114,39,126,31,92,48,50,117,10,95,140,86,132
85,61,119,75,0,87,21,123,44,16,28,130,13,109,58,66,127,53,18,138,30,94,59,48,29,114,80,50,36,60,45,54,8,62,104,97,134,102,132,26,41,103,106,118,63,14,90,69,105,65,136,137,117,133,64,43,6,79,96,148,7,91,12,76,47,23,95,67,111,11,32,131,92,128,51,17,146,37,84,120,19,72,116,144,135,35,121,46,107,49,149,34,22,147,98,82,10,27,110,129,25,1,24,99,5,15,83,78,55,108,38,124,52,122,3,100,143,70,4,2,141,74,56,142,145,77,20,115,42,9,101,126,57,89,88,86,73,112,39,139,31,71,33,125,68,81,93,140,40,113
134,69,109,60,148,56,21,123,15,34,72,130,127,35,58,66,47,29,33,138,43,94,80,122,63,5,146,105,17,91,136,36,8,101,104,97,120,108,137,126,90,106,102,118,10,14,95,31,135,65,71,0,82,133,111,98,9,70,89,141,7,30,51,76,32,132,96,38,81,117,16,131,124,121,19,1,77,37,84,42,85,48,64,144,125,115,74,12,59,49,149,11,22,147,50,79,92,67,110,13,75,20,24,27,55,128,99,78,61,23,86,139,26,119,52,145,143,83,129,2,116,25,54,142,4,45,114,112,6,103,88,87,57,107,28,46,73,100,39,44,3,41,18,62,68,53,93,140,40,113
134,11,109,12,3,76,68,10,69,86,126,29,127,94,103,49,47,84,88,138,43,19,149,122,32,66,80,0,17,22,136,57,18,146,104,97,52,108,16,63,90,106,139,118,35,83,95,31,135,115,5,77,82,133,130,65,9,8,7,128,89,25,51,140,42,27,99,125,81,54,107,131,98,58,41,45,120,37,55,2,14,48,74,119,15,34,38,75,59,64,62,101,144,147,23,79,110,67,71,13,70,33,143,40,100,73,60,121,20,141,72,36,26,92,132,105,111,145,123,148,116,91,142,137,4,50,129,112,124,6,1,78,56,53,28,46,117,113,24,44,30,39,87,96,85,102,61,114,21,93
134,11,146,79,55,145,68,10,4,138,126,49,127,94,103,108,70,25,139,95,7,115,32,122,67,66,80,1,19,93,58,29,82,104,86,102,143,15,16,59,88,85,105,21,35,48,51,116,57,131,109,77,17,83,120,119,9,8,43,13,89,22,147,140,42,27,136,99,31,54,135,128,100,20,41,141,92,37,30,69,124,96,113,65,106,34,38,75,3,46,45,133,144,0,14,84,148,101,76,62,74,2,97,18,28,73,33,60,118,71,72,36,90,121,132,129,111,98,44,12,23,142,6,137,50,5,24,78,130,47,91,110,123,53,107,64,117,81,87,52,112,39,56,125,26,40,61,114,63,149
50,147,74,79,64,145,108,10,82,142,77,49,146,94,103,132,84,115,39,134,7,21,32,133,141,15,121,1,38,139,78,131,67,130,71,135,69,28,16,105,88,137,14,20,117,55,91,48,57,96,109,116,17,90,120,75,29,8,61,2,89,22,4,102,42,41,93,80,123,118,51,138,5,23,126,107,110,87,30,11,68,129,113,136,106,9,56,25,3,59,45,18,144,0,112,26,83,70,76,62,27,119,97,127,58,73,33,140,122,148,85,114,149,37,72,95,111,81,44,12,31,65,52,13,66,143,19,101,43,47,46,104,98,53,86,6,92,40,124,54,128,100,60,125,35,34,99,24,63,36
72,85,110,148,141,145,12,106,116,81,7,49,88,100,75,132,107,115,39,45,16,98,82,146,135,30,73,1,38,76,144,131,67,130,119,22,69,93,95,105,28,137,19,25,114,42,60,86,64,91,122,34,17,90,138,10,136,8,61,147,113,66,4,9,62,14,79,112,108,59,51,11,5,23,126,50,103,87,96,121,68,53,77,24,80,70,21,127,3,6,47,133,111,94,41,142,109,124,118,78,58,65,74,71,26,117,33,140,99,134,0,89,149,37,54,55,129,29,44,120,31,84,52,13,46,143,139,57,43,101,40,104,15,56,20,36,123,102,92,48,35,2,32,125,128,97,27,83,63,18
5,20,110,148,75,145,94,49,39,81,72,48,45,32,68,15,137,47,33,0,25,147,21,146,93,37,73,99,38,127,7,131,130,78,128,98,69,2,117,121,122,135,19,112,114,79,66,86,64,97,57,34,17,134,70,100,136,8,16,52,107,61,82,125,6,76,126,56,44,59,51,35,46,23,42,50,103,87,31,139,13,53,29,24,115,88,95,144,54,55,129,71,111,65,22,10,109,102,118,74,58,140,11,4,26,14,28,67,138,142,132,113,84,12,106,30,89,108,124,120,85,91,62,77,90,149,9,80,43,101,41,104,119,116,141,60,123,27,40,92,143,36,1,133,96,105,3,83,63,18
32,78,10,111,75,145,92,49,74,24,134,81,103,30,68,99,137,123,48,0,19,76,121,106,62,149,38,31,95,127,47,2,60,93,132,114,131,4,56,45,140,135,80,112,110,79,125,86,64,82,17,143,12,133,70,6,77,39,87,37,107,34,72,109,101,122,126,91,44,108,36,7,46,8,40,16,23,83,25,139,13,53,29,138,124,84,128,58,54,142,129,89,73,65,22,88,9,66,118,146,98,117,11,28,3,102,26,94,97,61,69,59,100,115,41,35,147,55,15,120,51,57,85,113,90,21,148,5,43,136,130,104,119,116,42,141,144,50,20,33,52,67,1,14,96,105,27,71,63,18
32,52,10,125,137,63,24,56,74,146,134,4,128,92,114,8,122,116,60,0,129,105,81,77,139,35,149,31,121,111,143,43,27,103,132,53,131,34,88,45,135,94,144,82,47,66,51,16,19,75,97,25,18,87,70,6,142,54,68,37,140,62,72,133,101,130,95,113,33,12,36,7,20,86,108,48,106,126,79,29,13,76,120,138,67,84,83,65,102,118,107,30,40,91,22,15,9,17,99,109,85,117,5,28,2,78,26,145,46,61,38,59,100,64,3,96,147,55,98,110,71,57,115,44,93,21,148,49,127,136,73,69,119,123,42,141,90,50,23,1,104,39,41,14,124,89,58,80,112,11
32,52,10,30,110,3,141,56,0,146,11,2,80,86,118,8,138,4,145,128,15,66,85,77,46,29,34,112,17,111,12,74,51,103,24,129,57,122,88,20,19,48,63,135,93,117,81,28,27,75,123,14,132,87,70,131,102,54,67,99,140,144,72,133,113,130,37,147,33,91,36,60,22,105,82,127,92,126,137,44,13,76,116,125,104,16,9,65,39,83,107,71,95,115,62,43,5,96,41,25,121,49,35,7,31,108,84,68,18,78,38,59,149,143,94,97,45,55,98,47,120,40,142,100,69,61,148,134,89,136,106,64,119,101,42,6,90,79,23,1,53,73,21,139,124,109,58,114,26,50
32,120,93,61,110,126,100,56,103,15,11,7,98,52,118,18,9,8,40,129,46,73,85,127,99,42,34,107,78,121,101,4,59,5,14,45,57,43,90,66,6,117,131,123,96,70,81,28,27,119,3,86,132,21,48,44,140,54,67,41,19,149,72,87,113,83,29,147,74,91,17,58,22,92,82,144,145,1,137,68,143,76,116,125,104,35,55,47,77,31,124,105,95,115,51,128,53,75,112,25,12,49,89,64,94,108,84,13,138,71,38,36,50,102,130,97,106,88,37,111,122,65,24,0,62,16,148,80,142,20,2,135,109,63,33,60,133,79,23,146,30,141,10,134,136,39,69,114,26,139
37,120,44,24,17,126,129,74,117,141,11,119,61,52,118,43,8,22,87,86,46,57,36,149,85,6,83,123,91,121,101,4,10,99,38,63,51,56,90,66,26,103,58,14,71,70,81,98,39,20,67,40,48,21,147,7,28,54,31,9,19,148,55,49,145,34,42,89,96,84,79,134,0,72,127,144,3,113,50,132,18,76,116,131,104,35,53,125,77,60,124,94,32,115,59,142,15,25,112,135,12,69,80,68,111,108,88,143,138,110,5,107,100,102,130,97,106,73,114,16,122,93,27,65,62,92,95,2,78,64,33,137,128,23,13,109,133,82,1,146,105,29,75,30,136,41,47,45,140,139
96,11,44,63,111,43,20,74,16,141,38,97,55,137,98,17,81,36,59,7,46,71,77,85,34,90,56,123,86,47,136,91,101,99,140,80,51,127,131,69,75,50,58,14,12,70,118,117,114,18,28,125,139,109,147,40,1,54,129,9,126,68,79,49,145,132,60,89,120,115,135,102,93,65,105,144,3,113,52,2,106,76,25,8,92,35,53,61,62,67,124,121,84,103,87,142,15,26,149,31,5,27,128,119,134,108,88,83,138,110,57,107,21,66,130,4,45,73,104,143,82,24,37,72,23,78,122,64,10,42,33,94,100,39,13,22,133,0,48,146,112,29,6,148,95,41,30,116,32,19
8,127,105,50,111,43,73,115,131,91,38,16,34,137,122,17,64,18,19,7,46,85,143,102,133,90,138,123,118,70,136,45,15,146,100,84,30,98,37,67,144,96,120,14,12,71,104,117,114,23,28,79,78,109,81,94,1,77,74,9,61,68,148,59,145,126,60,99,92,103,135,87,93,141,88,48,129,113,22,2,33,76,106,58,72,124,53,32,27,140,52,29,20,142,95,110,86,54,149,31,121,107,0,75,134,108,116,6,25,5,51,132,21,66,35,4,62,63,49,130,82,24,40,128,80,47,101,89,10,26,147,65,125,39,83,55,36,69,11,112,119,57,13,42,56,3,44,139,41,97
26,43,115,18,91,23,133,84,4,2,60,16,34,111,122,131,103,98,19,29,46,85,113,99,42,129,127,123,31,15,136,45,88,83,124,8,135,147,119,14,3,128,112,138,58,51,106,117,67,12,114,79,78,95,10,27,149,53,63,9,80,70,96,105,110,126,11,30,148,104,6,87,90,141,143,48,100,146,22,68,7,76,61,94,75,109,17,32,24,140,52,144,20,5,47,73,25,71,137,59,64,107,142,0,101,93,116,37,72,1,50,66,81,56,102,86,21,108,145,130,54,132,38,28,33,92,62,89,121,82,57,65,125,39,77,55,36,69,40,118,35,134,13,74,120,49,44,139,41,97
110,60,44,35,31,108,133,75,98,2,36,16,34,19,62,61,142,131,103,29,55,112,113,69,15,140,79,129,26,53,46,99,88,83,105,28,42,97,119,116,3,85,118,87,124,65,106,7,45,12,91,64,58,38,145,27,39,90,147,9,134,141,13,107,127,115,126,30,25,51,122,114,43,6,121,48,100,146,22,139,17,66,86,137,82,109,1,78,132,117,52,144,20,57,47,73,18,71,102,59,138,101,92,63,94,93,123,67,72,148,50,80,81,32,5,56,8,21,33,111,4,136,135,130,14,143,95,89,54,24,37,0,125,68,77,76,104,40,149,11,96,84,23,74,120,49,10,70,41,128
128,39,37,86,112,7,126,122,27,2,101,16,74,8,115,61,111,131,133,29,21,127,129,69,71,5,67,93,142,79,47,120,82,83,78,94,136,99,10,117,96,85,118,36,73,26,137,134,45,148,98,116,58,38,145,0,95,42,22,46,40,48,140,107,55,60,139,108,25,89,109,114,19,6,147,63,100,15,54,9,121,146,72,141,105,91,1,66,113,35,64,44,124,34,62,11,18,53,28,59,138,31,92,130,90,103,123,75,97,30,50,80,88,32,68,56,81,65,106,87,4,144,17,77,14,143,43,110,13,33,135,76,125,12,24,3,104,132,149,51,52,84,23,49,102,20,57,70,41,119
31,56,61,23,135,85,77,93,126,2,125,18,74,8,76,28,111,131,13,29,3,127,83,73,71,51,67,101,128,79,47,88,80,17,117,14,57,116,44,103,124,66,118,96,46,38,72,142,59,104,136,144,27,55,145,0,95,21,108,16,149,40,5,70,43,45,114,134,25,105,115,41,19,6,133,63,100,15,139,26,82,146,148,141,11,91,65,97,113,10,121,50,92,34,62,112,106,53,7,147,54,94,120,130,90,35,107,75,33,30,138,123,37,32,68,140,81,109,60,9,4,42,137,143,98,58,20,78,64,48,87,86,22,49,69,52,132,122,99,36,1,84,102,110,129,24,89,39,12,119
31,125,61,108,109,85,83,147,126,2,11,135,74,116,5,100,42,115,57,29,93,68,65,131,71,121,67,48,128,4,47,86,149,17,43,39,40,32,35,144,15,58,92,54,111,38,98,142,70,9,136,76,27,16,66,134,78,137,62,69,12,114,45,119,72,90,37,124,25,97,103,41,0,6,24,82,59,89,19,26,21,118,148,22,132,91,13,122,113,10,60,50,81,34,52,129,106,51,7,75,55,94,105,88,53,140,107,139,33,120,138,96,46,127,23,146,104,44,56,117,8,87,79,143,112,36,133,80,64,141,73,63,145,99,130,3,30,28,123,18,1,84,102,110,77,95,14,101,49,20
102,56,61,139,109,85,99,147,43,54,28,97,74,116,148,114,95,76,68,90,93,115,0,37,73,121,125,34,91,11,47,86,144,134,44,141,8,92,22,9,55,142,149,77,65,33,60,38,2,118,62,132,83,16,50,101,78,67,112,48,12,71,88,89,72,57,39,103,58,128,105,46,40,6,24,82,59,96,17,26,30,36,131,84,14,75,49,122,113,10,110,15,81,145,45,100,64,51,7,94,119,21,5,31,53,140,107,41,136,13,32,120,35,70,23,146,104,87,124,69,137,80,111,143,4,127,133,117,79,135,1,63,108,19,130,3,126,66,42,18,29,25,138,129,106,52,98,123,27,20
36,107,11,69,91,72,99,120,124,54,28,6,116,71,25,114,135,76,100,67,64,115,122,9,145,70,125,21,44,8,92,139,144,134,108,132,109,33,4,27,55,142,149,74,65,29,93,110,23,57,59,22,75,16,7,101,42,136,97,47,12,39,89,146,48,68,77,78,37,58,98,148,95,32,81,82,147,128,90,26,143,141,24,60,14,66,49,112,106,73,121,15,5,113,45,52,118,79,88,94,38,133,96,31,53,19,140,41,62,13,105,102,137,123,30,56,104,87,46,1,43,35,111,17,61,127,40,51,119,34,80,63,117,131,130,3,126,0,103,50,83,10,138,129,2,18,84,86,85,20
36,78,6,54,27,144,18,10,121,32,53,84,57,52,25,128,1,56,75,67,69,115,122,58,145,132,125,21,31,8,92,74,146,87,55,82,109,71,40,72,66,114,62,5,131,95,4,3,110,100,37,22,63,138,15,101,148,136,140,47,11,64,89,142,48,68,28,45,77,61,23,116,104,12,19,81,9,2,149,107,143,141,44,60,14,134,79,51,137,59,76,106,17,113,139,38,118,13,88,94,108,133,96,73,147,34,102,39,20,16,105,65,33,98,30,97,124,43,103,70,35,90,111,129,93,24,46,26,119,29,80,117,130,135,120,127,99,0,7,50,83,126,42,123,91,49,112,86,85,41
36,68,134,90,27,38,24,95,125,92,53,32,57,55,105,65,132,99,2,12,72,148,136,67,5,84,75,21,100,77,79,137,146,110,19,129,109,106,20,52,89,16,42,56,18,26,69,87,144,17,8,22,63,145,15,101,111,54,43,47,11,64,118,142,48,14,98,45,40,121,23,13,94,141,25,81,117,120,50,107,71,74,44,140,104,112,123,51,39,59,88,130,122,113,116,86,76,135,82,126,60,103,78,149,6,34,102,10,114,1,31,3,41,58,30,97,37,28,138,70,115,139,131,133,93,143,128,9,35,29,80,124,33,46,62,127,73,0,7,4,83,147,96,85,91,49,66,119,61,108
36,122,134,23,46,40,24,54,125,45,111,32,144,109,17,21,132,48,2,88,113,58,53,89,106,126,75,50,100,38,148,11,146,137,115,85,80,135,141,121,9,128,42,56,37,30,69,25,101,131,63,22,73,26,104,129,65,43,8,47,149,64,142,60,130,77,78,41,57,72,86,13,94,33,0,81,1,110,76,107,136,74,15,140,120,118,123,52,83,59,20,28,55,18,51,4,39,7,71,12,14,119,19,90,6,34,105,10,112,95,84,3,96,87,16,103,97,27,79,70,98,139,67,68,93,143,92,82,35,49,108,31,114,133,62,127,102,66,145,124,5,147,138,29,91,117,116,44,61,99
36,55,51,84,46,40,69,86,10,31,58,9,18,136,114,103,149,48,39,108,143,45,119,89,123,126,148,50,47,141,74,98,146,120,71,8,118,135,54,137,99,75,21,107,0,27,85,25,124,131,13,35,73,63,78,125,65,122,100,23,29,64,129,121,130,77,7,41,140,15,56,104,81,12,61,128,1,97,76,14,142,105,20,24,106,42,2,52,49,147,22,80,60,28,88,4,96,127,32,111,57,3,19,33,6,38,101,70,112,95,93,113,79,87,16,11,102,17,90,94,117,139,67,53,145,37,92,82,134,83,43,109,26,133,62,144,30,68,110,66,5,59,138,34,91,132,116,44,115,72
138,95,51,84,92,29,127,52,40,132,75,121,18,69,147,110,24,48,39,112,72,45,94,10,59,87,64,13,140,141,74,98,126,37,71,120,118,136,54,137,149,108,131,89,103,44,85,25,124,135,91,35,55,63,31,88,146,109,97,46,96,105,20,99,148,34,7,41,68,60,6,104,81,134,61,38,125,47,76,139,133,129,11,144,106,16,3,12,8,33,22,80,142,56,65,36,49,21,32,114,57,101,19,0,143,128,4,1,100,77,93,9,42,62,43,78,23,17,119,15,2,5,67,27,145,53,130,102,83,116,122,70,26,79,117,113,30,73,82,66,123,111,50,28,90,86,14,58,115,107
86,146,51,121,47,68,15,57,135,18,75,52,22,69,33,74,24,62,117,14,42,16,72,10,109,87,1,92,28,95,140,81,148,115,76,122,79,112,126,3,116,37,149,89,36,44,125,12,124,17,132,8,131,63,59,136,93,40,97,46,96,105,20,99,102,34,7,41,143,134,6,60,120,113,128,137,110,73,55,35,66,9,29,144,21,139,108,133,85,80,138,107,142,56,25,61,49,26,32,114,130,64,19,0,13,11,4,141,100,77,71,67,127,58,43,5,45,27,78,101,31,106,88,104,145,38,119,54,98,65,147,30,129,103,23,2,83,39,82,118,123,111,50,70,90,48,84,94,53,91
103,146,46,75,47,134,15,8,135,124,32,128,27,61,104,92,12,88,117,58,113,16,84,107,83,78,1,24,143,45,140,80,21,42,67,148,97,126,131,19,123,37,149,95,129,44,38,52,122,17,109,114,68,77,69,136,93,98,59,22,96,105,20,99,102,34,132,125,101,87,6,60,133,54,76,137,141,115,73,30,11,9,90,144,35,0,65,108,85,43,55,49,81,56,25,116,7,110,13,70,40,72,112,119,142,64,26,41,106,33,71,36,79,29,121,14,63,10,130,82,31,28,139,4,145,74,3,111,51,127,147,100,86,18,53,23,62,39,89,118,2,66,50,138,120,48,5,94,57,91
106,79,100,59,47,134,15,77,9,51,32,52,27,25,60,92,80,88,117,137,112,48,90,99,119,78,125,13,143,74,69,72,114,42,67,148,73,104,131,19,123,37,124,95,122,75,38,26,8,121,135,34,31,40,86,89,55,126,145,111,10,146,16,142,35,71,132,120,101,44,6,149,85,105,76,96,17,50,138,30,39,65,128,91,61,107,45,58,70,33,23,49,81,62,136,116,103,110,93,5,20,46,24,140,57,63,7,41,56,109,113,36,102,29,22,147,98,12,83,11,133,144,139,4,115,108,141,130,82,127,129,21,54,18,53,43,97,3,0,118,2,84,1,68,94,14,66,87,64,28
43,131,100,4,146,134,110,1,125,13,127,33,34,116,76,92,122,40,3,137,18,138,140,118,62,58,114,10,120,70,22,72,71,42,108,148,73,106,147,19,69,87,31,119,63,45,102,51,48,44,49,9,67,130,117,89,55,126,145,36,17,12,11,123,35,64,107,74,101,5,99,149,85,105,112,96,94,54,90,30,39,65,60,143,61,82,88,8,111,75,84,66,37,78,136,95,6,32,93,38,86,2,24,57,135,47,7,41,26,109,124,81,50,23,139,79,98,128,83,29,91,103,77,53,115,46,141,20,25,21,80,104,52,15,133,144,97,142,0,56,121,16,129,68,59,14,27,132,113,28
40,98,72,126,101,80,42,74,125,49,76,33,34,16,120,92,81,23,28,22,18,108,100,70,62,58,27,91,1,67,75,104,54,145,44,134,43,124,147,144,53,48,66,4,132,45,102,10,37,146,109,36,68,86,117,89,55,24,115,69,46,73,11,123,9,99,107,26,78,19,93,149,85,105,13,96,35,17,38,32,90,65,60,143,61,84,122,39,106,12,30,131,64,51,138,95,6,142,15,130,137,5,97,57,136,141,88,41,135,110,3,63,71,50,139,79,111,59,83,29,118,116,77,129,31,119,94,20,140,21,0,114,52,127,7,112,8,47,2,56,121,128,82,25,87,113,133,148,14,103
136,44,128,125,110,93,71,74,111,72,91,33,132,73,120,51,45,5,141,134,18,53,36,96,32,15,27,62,1,57,75,60,104,13,144,143,42,0,80,9,137,48,66,4,16,12,40,10,84,135,109,76,89,86,117,112,38,145,24,100,46,122,55,123,114,133,30,41,78,35,6,63,34,105,65,130,77,147,17,43,90,14,103,94,8,108,106,56,25,118,68,79,64,107,138,95,49,142,99,98,37,85,97,20,61,92,31,11,67,28,3,140,26,50,139,148,124,59,83,29,146,47,19,129,54,119,2,58,101,21,113,88,52,127,7,131,149,70,39,115,121,82,22,102,87,81,23,69,116,126
136,44,128,58,114,143,99,106,10,37,34,33,125,100,54,72,93,94,141,134,83,15,119,38,95,84,118,73,1,45,75,31,7,13,135,82,16,21,69,89,137,66,46,60,50,48,139,6,116,147,109,144,101,86,117,71,28,23,26,47,131,40,115,123,145,105,113,41,78,35,110,63,130,121,65,74,8,5,17,57,53,14,20,36,111,108,27,76,56,129,68,133,64,107,138,61,49,12,96,103,9,85,11,88,97,126,98,146,104,92,3,132,18,90,79,32,51,59,19,29,80,24,112,122,39,142,2,0,91,22,148,4,52,127,43,87,149,70,62,124,77,55,30,102,120,81,67,42,140,25
36,8,86,10,114,74,85,80,144,37,107,13,125,63,138,72,95,124,104,88,140,15,119,139,121,84,40,142,43,3,2,31,35,19,53,82,16,21,109,96,137,49,90,60,129,48,136,22,116,62,33,93,12,111,98,73,28,23,75,0,131,47,149,41,42,113,46,103,122,145,110,67,130,1,91,102,94,66,76,148,30,99,6,58,105,44,27,134,45,25,65,133,9,128,17,50,143,5,64,81,54,135,14,11,97,126,147,146,69,92,89,132,18,7,26,78,118,59,123,52,51,24,112,115,39,29,101,106,57,61,108,4,100,34,32,87,71,70,38,56,77,55,117,141,120,20,83,79,68,127
4,78,86,142,114,74,85,27,115,101,107,13,125,63,99,58,139,104,133,1,62,8,76,68,121,60,10,37,43,5,56,31,22,100,90,84,147,21,83,122,15,141,59,28,116,39,136,112,44,48,135,130,19,111,131,75,35,23,138,0,87,47,148,41,42,143,46,119,26,145,65,67,118,79,105,113,144,45,117,54,109,132,89,53,7,110,14,134,49,25,137,70,123,128,17,6,98,124,64,81,80,127,29,11,97,93,92,66,106,57,9,55,18,129,2,72,73,3,140,94,77,24,126,96,149,88,91,30,146,95,82,61,69,34,32,52,71,16,38,103,33,36,40,50,120,20,108,102,12,51
9,57,131,68,52,74,100,27,148,136,107,13,87,63,143,2,118,132,142,64,104,114,124,121,149,60,4,73,48,5,34,31,115,77,90,62,53,21,146,108,15,147,94,130,17,128,97,99,65,51,135,120,61,111,106,81,133,18,42,11,116,8,0,41,117,32,22,119,54,47,140,33,126,78,26,113,144,45,127,1,122,83,29,96,7,109,85,134,49,35,137,70,123,88,19,67,98,112,56,101,80,71,28,84,139,16,79,66,105,25,103,24,58,129,89,72,86,6,138,14,46,10,102,44,3,75,91,30,37,95,82,23,69,145,125,92,110,55,59,39,43,36,40,50,76,141,93,38,12,20
94,74,58,132,147,7,96,54,49,122,22,67,87,63,141,70,36,32,57,93,46,114,78,52,6,3,50,73,15,5,2,109,17,45,8,62,53,21,68,26,108,149,91,23,10,128,97,107,118,64,135,104,120,144,59,16,56,18,77,11,116,72,25,117,119,65,112,146,133,47,41,9,34,90,127,105,19,136,75,89,12,88,29,35,95,100,85,134,13,143,137,28,123,60,124,31,99,0,42,140,80,71,121,38,113,48,79,139,84,66,83,24,1,129,81,20,86,98,30,14,4,61,102,27,115,142,33,51,37,138,82,111,69,101,125,92,110,106,103,39,43,131,40,130,76,145,126,55,44,148
94,32,58,77,56,31,86,103,49,8,44,149,78,63,141,52,126,72,21,28,46,128,57,73,129,3,106,90,110,23,0,64,17,45,117,36,22,108,144,26,147,48,62,97,20,113,118,107,15,18,135,104,120,111,138,7,61,4,98,59,1,146,25,53,119,102,24,2,50,43,41,9,54,142,127,105,19,11,75,89,12,88,38,35,95,84,100,134,143,137,29,81,68,60,13,131,99,91,122,140,114,42,145,116,10,14,79,83,93,66,101,121,30,74,80,69,96,67,27,109,55,130,132,76,82,40,33,71,37,47,136,139,5,70,125,65,51,85,123,39,92,87,124,6,115,112,133,34,16,148
36,46,121,126,93,119,139,103,102,8,44,1,83,147,141,10,60,87,122,28,78,128,32,86,24,56,26,64,41,23,11,113,111,124,125,138,77,108,94,19,148,95,2,35,137,118,31,107,65,61,51,104,0,75,66,131,115,4,98,15,123,5,25,53,134,90,117,71,120,146,144,42,58,132,127,9,57,116,37,82,12,21,38,105,69,45,91,149,143,81,29,79,68,18,13,17,99,89,84,3,114,145,88,130,67,14,76,97,63,142,110,136,40,74,80,129,96,7,27,109,55,48,52,106,43,135,140,54,34,47,73,50,62,70,22,72,33,85,20,39,92,49,6,30,100,112,133,101,16,59
89,101,148,70,13,60,136,112,100,8,117,92,83,147,141,10,62,26,82,142,78,128,32,68,126,56,6,109,41,23,31,113,4,37,15,119,77,133,115,54,53,135,45,38,14,118,64,107,65,146,51,104,0,75,66,125,42,91,1,48,86,96,29,73,39,2,71,24,120,25,52,79,58,132,80,9,149,137,140,85,28,94,123,81,69,110,105,106,143,87,90,59,144,103,35,17,138,134,61,49,114,3,93,67,12,127,102,99,63,7,139,130,40,74,19,129,145,46,97,108,122,47,88,57,30,76,43,116,34,22,98,50,27,55,121,111,33,95,20,5,18,84,44,21,131,124,36,72,16,11
56,6,148,70,4,17,76,107,138,5,100,92,126,109,105,0,62,75,16,7,78,128,89,97,59,86,54,98,47,15,18,142,132,37,120,119,103,33,115,87,124,23,45,139,14,53,102,68,85,121,51,112,21,30,66,131,8,104,29,77,73,96,1,58,39,2,71,24,48,25,67,79,90,133,149,41,64,111,125,123,69,94,13,81,74,52,146,22,143,42,83,140,28,135,93,117,60,134,61,49,40,72,113,144,12,82,141,106,63,31,99,46,38,50,19,101,145,9,110,108,65,136,26,116,147,57,43,129,34,130,95,3,122,55,137,32,35,88,20,127,10,84,80,114,44,118,36,27,91,11
17,88,60,21,57,99,121,54,95,27,100,132,109,130,63,68,62,75,129,19,53,128,89,97,71,86,107,105,98,42,145,45,51,3,69,46,103,38,76,87,82,143,110,114,64,16,44,125,73,48,139,29,84,30,80,66,120,104,91,77,33,96,23,58,39,115,31,24,111,81,136,142,83,133,149,9,56,131,0,123,37,67,13,65,74,141,79,146,90,41,15,140,28,127,1,40,7,134,61,49,18,72,113,144,12,122,50,106,55,93,94,126,117,102,116,101,5,52,108,35,148,8,92,135,85,14,147,59,6,34,43,32,78,2,137,26,138,25,20,4,10,22,112,70,124,118,36,119,47,11
148,17,88,90,57,71,18,128,83,126,100,1,74,130,33,58,8,75,60,29,53,93,119,85,89,23,110,44,98,87,145,12,51,113,70,46,3,38,69,116,82,108,30,73,131,25,111,105,24,9,141,121,11,54,5,66,120,14,16,124,94,96,55,28,2,109,138,114,112,143,136,142,122,48,149,81,56,32,0,123,37,125,13,36,115,72,118,146,79,41,31,140,84,102,63,42,39,134,80,64,47,104,61,144,67,68,50,106,62,127,95,76,21,103,99,101,20,52,91,35,92,40,45,135,139,129,147,59,6,43,27,49,34,15,117,4,19,86,77,26,10,22,7,107,137,132,78,65,97,133
34,104,88,93,49,72,43,31,83,22,24,1,74,130,33,53,119,75,89,94,98,27,145,134,13,23,84,4,58,85,135,37,10,11,70,73,9,128,64,116,44,108,57,67,131,106,54,105,65,149,141,46,80,48,68,81,132,95,16,87,117,96,12,123,2,109,138,114,112,103,41,142,7,148,82,69,56,32,35,47,100,124,0,42,91,111,118,146,14,137,115,86,71,15,63,110,39,6,125,36,38,28,30,60,133,120,50,25,139,127,29,76,5,101,126,90,121,52,144,122,92,40,45,17,62,143,129,61,113,20,55,19,99,66,59,18,51,147,136,21,79,26,140,107,8,3,78,77,97,102
106,103,88,143,37,18,102,82,68,148,39,113,146,130,33,16,19,75,23,104,98,149,81,64,31,72,38,101,58,85,24,97,10,112,34,73,17,114,139,65,9,108,57,79,131,76,137,105,117,8,147,12,123,48,84,5,135,11,77,87,83,107,53,67,2,109,126,54,25,69,41,142,118,1,134,14,56,136,28,96,100,124,0,89,46,36,45,7,95,47,71,86,129,116,80,40,35,6,125,133,43,91,22,60,90,13,4,119,74,115,29,127,111,122,30,144,121,49,70,63,92,3,132,27,62,94,99,61,55,42,110,44,140,66,59,138,51,52,141,21,145,26,15,50,93,32,78,20,128,120
96,119,74,137,37,18,134,82,44,9,106,87,66,130,68,144,55,5,23,94,12,56,30,64,83,51,112,20,117,15,109,97,10,73,36,105,17,114,146,60,28,108,103,79,34,131,78,26,39,53,147,92,16,91,84,8,135,11,21,41,104,24,32,67,46,86,136,102,25,22,54,48,75,1,33,148,143,62,93,90,100,124,0,80,61,139,45,115,42,35,43,122,129,99,13,40,65,6,125,38,133,95,47,107,76,111,4,88,69,57,3,98,85,81,145,149,14,49,70,63,52,118,132,27,101,72,120,19,71,31,89,116,127,29,59,138,110,142,141,121,123,58,126,50,77,7,113,140,128,2
25,119,145,137,124,18,97,81,78,67,6,95,66,85,68,93,55,5,149,41,12,63,32,73,0,131,26,133,114,15,109,122,146,141,132,8,17,40,102,47,147,16,103,115,35,111,19,113,39,27,83,92,76,91,28,110,130,135,61,9,104,24,99,96,46,106,136,128,10,22,56,105,20,1,33,148,54,48,89,90,100,112,4,71,72,127,82,23,86,125,43,59,143,2,13,36,65,98,51,38,75,31,77,116,69,64,144,42,139,101,107,87,30,62,45,57,21,49,70,118,44,3,14,108,94,7,52,60,117,34,11,88,129,29,120,138,140,80,37,121,123,58,126,50,74,79,84,142,53,134
2,119,81,137,124,18,97,58,84,115,94,13,16,85,11,33,55,5,35,64,12,77,78,148,52,123,57,95,135,101,27,68,146,4,145,88,17,44,102,42,19,143,103,128,90,47,46,113,109,22,10,92,76,31,29,110,91,99,134,40,104,50,141,111,80,106,136,0,118,108,67,133,20,1,8,144,54,132,149,127,72,96,34,71,32,83,48,120,86,89,3,59,61,139,56,122,65,98,6,38,39,75,147,70,26,60,100,63,53,117,107,15,30,114,28,125,66,36,25,93,112,41,23,51,43,7,116,87,9,105,45,130,129,24,69,21,140,49,37,121,126,82,138,14,74,62,79,142,73,131
102,64,81,138,19,90,32,36,84,22,83,23,24,85,146,33,55,5,117,66,107,77,78,148,52,53,100,95,2,124,120,68,28,4,115,93,34,26,106,141,111,143,29,99,134,47,133,13,127,103,46,92,129,31,149,110,91,137,50,42,142,8,15,11,65,112,123,18,7,108,57,0,147,1,79,16,71,119,44,37,132,96,113,144,20,41,63,109,72,3,126,145,86,49,67,21,30,98,116,38,97,75,51,69,10,60,139,104,121,58,48,105,61,114,12,125,39,136,17,6,54,135,128,35,43,101,70,87,9,89,45,73,59,118,122,88,140,80,25,130,27,82,94,14,74,62,40,56,76,131
123,61,144,138,59,133,0,143,146,73,83,23,68,91,139,58,55,99,142,35,33,7,89,148,115,34,48,95,2,124,118,22,102,62,88,27,77,107,122,141,147,4,81,75,92,132,37,127,100,38,131,57,111,42,74,116,93,17,28,110,129,44,15,24,130,112,25,64,84,108,21,20,86,54,79,36,71,119,66,82,10,96,113,134,56,41,76,109,72,3,19,90,18,26,67,29,30,16,105,70,97,120,51,69,63,46,47,87,11,13,12,137,50,104,49,125,39,126,136,6,114,135,128,1,43,101,117,94,52,149,45,145,65,106,78,121,140,80,9,103,8,5,98,14,32,53,40,31,85,60
2,127,144,138,59,133,92,146,98,65,21,105,68,9,139,84,55,99,101,129,109,38,0,6,42,34,122,91,141,83,116,22,88,32,102,27,74,106,93,69,100,1,96,35,148,114,71,79,28,4,30,57,60,149,33,70,97,17,124,13,110,44,15,24,130,125,25,78,47,108,147,20,48,107,72,16,19,66,45,82,10,119,95,134,56,143,49,18,77,86,11,90,37,120,67,29,85,128,94,63,132,36,137,51,50,126,142,58,62,131,76,12,89,123,7,43,39,112,3,113,61,135,75,87,117,46,73,81,52,41,118,145,136,140,54,121,23,80,104,103,8,64,115,26,14,53,40,31,5,111
143,82,54,3,66,127,42,92,44,62,46,109,84,85,112,9,118,128,101,129,146,13,6,91,145,11,7,34,141,83,5,22,102,25,50,149,0,132,10,69,100,2,96,35,148,79,71,86,28,4,122,137,139,123,125,110,97,17,27,138,47,104,95,58,38,124,31,78,23,70,32,20,105,107,72,51,19,136,64,119,57,77,116,134,30,115,43,18,40,1,49,90,75,120,67,144,76,93,140,63,126,26,135,99,142,55,37,36,106,131,56,108,89,87,130,21,39,33,114,98,61,45,60,81,117,147,29,24,52,41,94,121,59,16,88,8,15,80,68,103,73,48,12,133,14,53,65,74,113,111
130,46,131,82,93,56,88,127,49,6,60,109,84,85,5,42,123,44,54,129,133,13,53,31,145,132,7,34,108,83,68,102,138,25,50,16,24,144,10,98,37,18,96,35,27,0,58,86,23,4,39,113,2,69,125,92,97,29,77,47,48,72,104,66,75,142,51,78,118,95,65,38,80,107,143,103,94,1,91,32,74,139,116,33,30,141,8,81,40,136,64,90,121,114,67,105,76,14,115,100,126,26,135,99,21,55,70,36,101,61,59,9,134,62,79,11,119,149,128,28,122,45,71,120,110,147,148,124,117,41,17,3,19,112,22,146,87,57,63,140,73,43,12,20,106,89,52,15,137,111
130,81,131,18,93,89,7,111,45,140,20,109,149,66,70,59,73,82,52,129,37,148,46,31,145,95,57,9,103,108,121,30,86,97,68,11,32,21,72,98,64,51,96,127,27,39,2,84,16,4,90,113,15,53,125,146,87,33,77,40,34,25,106,13,47,142,101,78,19,80,133,118,117,112,143,92,54,115,91,6,74,10,12,116,120,102,132,139,1,136,76,147,75,114,67,105,38,14,56,124,126,26,135,137,49,0,55,36,63,60,69,48,134,62,79,50,141,94,128,17,122,44,71,24,110,35,28,22,5,41,65,3,107,88,100,119,138,61,23,104,42,43,29,83,99,144,123,58,85,8
130,81,21,12,93,89,7,53,117,102,15,109,149,66,70,40,92,82,11,134,132,138,67,18,128,49,4,19,103,69,51,147,57,110,30,140,32,39,8,61,31,114,64,79,98,33,28,84,97,148,99,47,116,50,71,146,91,0,41,17,55,27,106,127,43,76,101,78,118,52,133,124,87,112,22,104,129,59,85,6,74,10,96,136,34,20,83,139,95,144,25,68,75,63,77,143,38,46,56,135,62,26,115,54,111,90,108,105,24,60,94,48,125,2,123,100,141,16,113,137,14,44,37,13,107,9,122,35,80,1,72,3,86,88,36,119,131,121,23,145,42,142,29,65,5,120,73,58,126,45
1,113,122,105,93,89,7,129,117,31,125,90,35,17,63,40,124,54,67,70,81,138,5,95,4,49,25,149,103,45,108,94,57,68,30,23,32,39,48,66,65,83,14,79,36,71,28,84,128,97,126,47,116,18,123,107,46,3,19,61,33,27,106,112,42,102,132,78,139,144,133,50,13,51,147,82,72,91,85,6,140,10,96,136,34,74,0,119,146,115,64,86,80,99,148,98,38,12,56,58,76,26,44,59,134,2,109,55,110,60,69,77,11,114,52,100,145,16,111,62,22,41,21,87,24,9,75,20,141,15,143,37,137,88,135,101,131,104,130,121,92,142,127,43,53,29,73,118,8,120
1,113,129,122,128,15,7,11,117,31,74,36,38,17,63,40,49,24,100,89,81,37,148,66,126,45,147,0,103,105,12,77,35,18,30,86,5,142,48,146,65,19,14,64,28,71,112,84,119,83,51,59,116,67,123,140,46,3,47,131,98,27,121,135,143,102,132,78,139,73,108,23,6,33,72,56,10,91,32,99,76,127,120,101,16,26,20,125,53,13,34,136,70,133,149,134,145,118,9,137,95,124,44,52,79,42,109,61,41,60,69,62,55,114,80,115,97,92,111,58,22,39,82,87,25,8,75,107,141,85,130,54,50,96,90,2,106,104,57,68,138,94,110,43,29,21,144,88,93,4
131,64,129,24,128,1,7,124,65,31,74,19,59,17,137,80,111,82,63,89,11,20,141,66,54,84,113,0,103,36,81,114,4,67,9,149,5,37,48,146,6,99,12,112,28,41,35,107,40,101,145,77,23,142,123,53,46,3,95,61,71,122,121,27,47,102,105,85,125,73,25,2,118,98,10,104,148,79,32,93,18,127,69,119,116,26,86,97,76,30,34,51,56,45,106,134,15,120,135,139,147,117,108,52,126,130,8,109,133,42,78,62,49,29,143,115,68,92,58,14,16,75,132,87,57,33,140,83,72,39,136,55,50,70,90,60,96,13,91,44,138,94,38,43,22,21,144,88,110,100
143,119,120,24,102,40,63,87,12,122,74,80,52,77,98,93,75,82,49,111,11,138,126,39,114,128,0,30,103,36,81,44,4,133,20,43,5,29,48,149,95,7,116,99,92,54,35,107,144,101,18,97,14,142,112,59,79,17,65,61,100,25,121,131,55,136,139,110,125,1,33,88,118,13,85,104,2,83,23,62,106,127,69,53,32,129,86,60,76,105,34,31,71,45,117,15,145,123,135,56,26,90,108,148,134,130,8,84,9,42,132,22,73,21,67,3,68,19,58,50,41,28,113,124,78,46,140,57,37,115,141,10,72,70,147,64,96,89,91,66,146,94,38,109,137,51,16,6,47,27
93,119,83,24,0,123,58,124,148,122,48,128,2,94,98,126,67,82,131,111,50,7,86,39,88,49,36,26,103,121,41,107,4,87,130,43,81,108,23,9,13,141,40,64,113,14,106,147,28,101,18,31,57,70,47,59,84,17,146,77,92,25,11,21,97,10,139,133,129,5,33,53,61,114,73,104,116,102,62,66,120,35,69,29,16,15,78,32,137,19,34,110,20,45,117,112,145,22,135,56,65,90,95,85,118,30,8,115,79,42,144,149,134,127,52,44,68,74,63,132,37,75,80,125,76,46,140,54,142,105,71,100,72,138,12,96,99,89,91,55,109,136,38,60,143,51,3,6,1,27
93,129,128,131,124,123,134,122,148,101,36,144,45,35,98,74,21,139,113,89,50,12,17,60,23,70,143,65,77,39,95,107,4,87,64,32,111,108,69,90,97,82,40,96,54,84,85,147,43,126,18,31,66,41,8,59,119,25,115,49,67,57,11,29,26,10,27,52,136,5,145,37,61,28,73,104,116,102,14,114,120,92,146,16,117,15,78,94,105,81,34,42,47,13,0,3,88,130,33,55,86,91,53,141,118,20,140,121,106,2,62,137,51,127,56,44,75,7,22,132,112,58,80,125,76,6,19,38,142,9,83,100,72,109,48,46,99,63,103,110,24,138,149,79,30,68,135,71,1,133
106,75,116,131,14,2,134,65,6,37,133,144,76,139,101,120,64,63,34,89,38,12,85,35,100,70,141,71,91,72,125,107,45,87,93,1,111,36,11,128,102,19,97,62,148,82,149,147,143,59,96,32,104,58,79,81,119,8,18,54,39,50,113,29,142,10,88,52,136,60,145,23,115,28,73,24,98,74,77,132,27,92,69,49,117,43,55,94,26,21,108,42,15,56,126,3,129,130,33,9,137,16,53,122,109,20,84,121,25,40,0,127,51,5,140,44,124,86,22,41,112,7,80,47,67,105,31,146,4,68,83,103,90,114,48,46,99,78,118,95,61,138,110,13,123,66,57,135,30,17
106,44,116,94,76,80,109,65,149,29,62,67,121,75,8,45,137,40,61,55,101,148,144,85,111,105,141,70,34,72,118,127,48,63,93,27,54,142,79,131,114,19,9,24,35,82,112,6,14,59,2,38,74,58,88,81,83,134,103,0,100,104,113,39,13,26,132,52,23,41,115,136,20,30,66,96,98,12,77,133,146,92,69,128,124,43,33,117,11,21,108,86,15,89,126,95,129,130,107,10,1,16,49,122,32,36,3,102,25,87,73,37,42,60,140,64,145,120,22,18,71,7,17,84,53,68,31,119,4,123,91,125,90,51,139,46,99,147,50,47,78,138,97,143,28,5,57,135,110,56
41,52,10,44,144,55,6,29,75,88,62,67,117,125,112,106,4,40,34,124,101,148,36,20,64,105,141,70,116,131,123,109,66,110,149,139,43,80,19,120,129,46,9,32,35,82,12,39,21,132,126,81,28,71,63,85,83,134,84,0,100,104,22,128,37,26,79,74,89,118,115,121,23,30,33,18,140,69,103,61,90,59,14,87,92,68,147,2,58,17,142,86,15,31,127,95,111,130,96,25,1,16,49,107,136,143,3,102,50,145,73,94,138,65,77,11,98,48,45,91,42,7,108,93,56,133,146,119,53,54,72,8,135,51,27,38,99,24,13,47,78,122,97,114,113,5,57,76,60,137
118,52,10,41,89,55,100,130,109,88,62,67,117,125,94,50,28,136,119,124,22,102,101,38,21,105,70,35,116,112,144,77,126,34,79,42,47,0,71,120,63,46,60,131,135,82,12,27,33,11,6,81,65,106,143,85,83,1,84,132,80,13,99,43,76,26,137,74,20,16,19,72,141,30,87,18,140,98,103,61,127,64,14,78,31,57,149,2,17,37,142,91,123,108,134,45,111,58,129,104,138,115,49,107,145,75,23,7,8,95,25,92,68,32,36,122,73,48,51,110,90,59,4,93,56,121,146,97,86,40,128,15,53,9,66,96,69,147,44,148,29,113,54,114,133,5,3,139,39,24
66,52,10,41,89,55,34,38,137,2,63,67,114,138,87,50,70,113,4,144,112,24,101,148,13,121,117,20,125,88,133,77,126,29,79,22,47,56,83,109,93,46,60,131,118,82,115,97,120,90,33,102,130,106,72,84,61,57,122,124,80,119,99,12,39,26,43,74,127,0,19,44,49,3,110,59,7,135,103,25,23,64,42,35,31,18,149,141,11,37,142,58,123,81,1,65,62,51,107,108,5,98,48,45,145,75,116,14,8,9,132,27,68,32,36,91,6,73,16,136,85,143,147,129,105,30,146,40,76,104,92,15,128,100,96,95,69,86,53,21,54,139,17,28,71,111,78,134,140,94
66,13,33,94,31,32,142,38,135,108,9,85,140,64,87,21,10,20,25,144,112,60,46,99,148,121,17,0,133,105,18,54,126,29,48,22,143,63,80,109,44,106,125,131,91,96,50,11,42,90,146,102,130,132,114,84,39,57,123,40,110,119,139,145,128,26,43,70,127,72,19,4,79,101,28,95,51,59,34,115,23,56,12,1,8,73,149,141,116,37,47,58,41,81,78,103,52,62,107,24,5,98,27,45,104,67,83,14,120,3,49,77,68,2,74,118,6,100,16,82,136,134,122,55,111,30,113,7,88,69,92,71,129,89,97,76,117,36,53,75,35,137,86,65,15,147,61,93,138,124
60,109,40,141,147,133,144,110,135,81,9,137,1,64,34,74,10,143,25,37,51,128,118,99,36,68,115,4,12,8,66,54,98,123,48,126,88,18,52,0,67,106,125,17,91,20,30,61,104,90,146,102,130,132,114,15,39,57,42,131,108,84,145,31,22,76,119,46,127,87,35,13,53,101,28,95,105,6,21,77,23,56,121,32,136,148,83,5,11,27,47,116,41,70,33,94,50,103,120,24,73,80,85,62,86,129,71,14,111,3,49,100,72,2,142,63,113,29,16,82,97,138,19,112,38,96,107,59,79,134,44,89,92,58,26,78,117,43,93,75,140,55,45,65,122,69,139,149,7,124
38,76,25,16,74,133,96,110,125,77,107,6,100,75,32,52,55,143,49,9,51,128,118,99,66,97,42,109,10,78,35,50,131,58,123,126,26,18,85,0,8,94,98,70,60,84,88,83,61,90,72,120,130,57,64,15,17,132,95,134,106,43,36,31,139,67,119,101,136,122,59,91,28,3,30,103,146,44,21,147,87,19,121,104,12,148,14,5,108,27,47,116,7,102,33,145,79,117,149,39,73,80,53,24,68,37,71,4,111,22,65,23,141,2,115,129,113,29,41,82,127,138,1,11,56,135,63,142,40,114,13,89,92,69,137,48,86,105,93,62,140,144,45,34,81,46,112,54,20,124
105,133,19,28,109,60,96,129,43,26,115,13,83,75,48,52,55,85,49,56,40,128,23,124,66,16,57,20,6,131,18,63,45,58,139,112,145,5,86,0,120,94,4,136,1,84,38,100,82,37,72,47,74,59,64,15,17,146,53,134,106,76,36,31,102,90,137,8,67,71,108,78,141,119,97,103,33,44,107,147,51,70,121,104,89,148,14,92,69,61,7,116,9,62,138,24,21,81,143,39,12,110,95,126,98,87,79,142,111,22,65,123,130,2,10,118,113,42,41,46,77,122,68,132,34,135,25,73,99,27,80,91,11,127,29,3,101,149,93,88,140,32,35,125,114,50,117,54,30,144
105,38,19,72,83,60,96,129,43,52,32,15,134,133,120,123,3,36,49,13,26,128,23,85,66,126,144,53,8,121,95,63,147,115,107,143,145,6,86,4,127,31,14,35,1,99,117,100,11,46,37,25,97,138,71,94,75,118,27,17,56,76,130,9,77,90,137,149,78,112,24,73,109,40,45,103,122,28,48,22,124,102,12,110,89,139,65,92,47,61,7,57,131,62,104,148,21,81,16,93,51,82,136,18,98,87,79,70,59,5,113,20,80,140,2,141,58,0,41,84,55,119,64,54,67,135,10,106,142,33,69,91,132,108,29,42,101,116,44,88,30,39,68,125,114,50,74,34,111,146
89,38,94,49,139,60,96,82,43,112,32,95,104,21,39,123,3,36,141,13,42,59,23,85,66,109,106,65,122,54,2,63,99,9,129,19,78,79,135,15,127,144,27,35,11,128,124,40,149,26,44,113,18,131,120,147,118,68,121,88,108,69,138,114,71,90,140,46,117,105,100,84,53,64,115,25,31,28,17,134,30,102,12,110,126,70,103,92,73,67,24,57,61,62,81,87,52,111,16,93,51,75,130,76,47,148,83,14,1,5,91,6,80,119,101,107,58,45,41,72,55,98,136,0,22,86,146,56,142,33,116,4,132,8,29,137,145,48,97,77,7,133,125,20,143,50,74,34,37,10
69,106,130,59,32,138,96,82,142,146,121,131,50,149,22,9,3,127,124,13,42,141,144,12,87,109,135,65,52,31,2,86,26,107,119,62,78,45,67,21,60,23,145,41,11,128,7,40,66,140,44,48,89,37,129,143,83,5,90,97,147,134,6,35,51,104,105,15,17,79,36,84,100,63,115,25,68,28,113,108,30,102,122,110,94,34,103,92,73,98,114,57,126,77,81,91,24,70,16,93,136,75,43,71,117,148,139,14,1,133,55,99,47,61,18,19,64,111,88,58,85,27,118,95,76,112,46,132,56,33,116,4,38,53,29,137,39,72,120,54,0,20,125,80,123,74,49,101,8,10
31,106,88,65,95,57,108,82,142,146,96,131,52,38,84,9,143,101,107,89,118,55,99,51,87,109,135,80,122,66,86,53,26,123,56,121,110,7,20,21,13,23,145,48,102,22,8,40,77,140,97,149,54,37,12,46,25,59,116,103,147,34,6,35,19,28,119,15,17,133,36,44,90,63,115,148,92,41,39,114,69,120,127,79,130,5,128,113,73,18,144,10,126,141,81,2,1,112,42,139,136,67,91,71,117,50,16,30,72,49,0,93,62,61,129,138,64,111,33,58,29,27,98,125,76,43,70,85,75,100,124,4,60,14,105,47,137,24,83,104,78,11,94,68,134,74,132,32,3,45
31,106,74,40,11,27,64,82,142,124,96,57,135,38,112,9,143,76,51,134,46,55,73,144,17,4,26,60,24,66,56,53,77,99,13,145,110,7,80,21,0,123,107,42,33,47,101,130,98,78,97,16,54,36,48,61,25,50,133,69,147,34,85,35,19,84,146,15,111,12,119,44,90,63,58,23,116,41,39,94,126,72,45,8,95,22,131,137,109,87,105,102,108,43,6,62,1,88,49,104,136,89,114,117,18,141,20,30,37,128,149,93,148,83,127,138,92,79,52,81,129,139,115,75,121,122,70,28,103,100,120,5,65,14,91,2,67,125,140,10,132,29,71,68,113,118,59,32,3,86
30,22,95,117,11,100,20,82,131,68,72,76,127,13,66,9,143,57,81,10,46,41,27,144,118,92,106,136,24,128,56,96,18,99,139,145,110,7,80,21,52,134,140,25,36,28,39,65,111,78,97,16,125,59,132,119,104,19,53,62,70,34,15,149,63,84,146,8,123,12,73,44,88,14,90,23,47,113,112,74,126,94,116,101,102,60,2,71,48,40,50,51,83,69,32,4,98,130,49,55,43,133,141,33,85,93,54,147,37,38,87,64,6,142,17,138,114,79,77,3,129,42,115,75,121,122,0,31,107,135,120,5,89,137,91,124,148,61,1,67,108,29,109,105,103,35,45,58,26,86
36,22,39,129,41,73,20,82,133,63,6,58,16,13,14,7,143,87,126,76,38,65,51,72,107,137,106,108,24,110,15,96,18,83,85,147,46,11,80,78,67,120,145,99,26,28,77,136,111,128,37,17,141,57,135,104,98,19,8,105,70,54,25,149,121,134,131,132,102,5,144,119,59,69,34,23,30,29,112,21,123,74,32,101,113,31,2,71,44,40,50,3,62,146,140,4,86,130,53,55,43,49,97,33,114,93,56,89,94,47,116,64,10,142,117,125,52,79,148,84,12,42,88,75,138,122,0,81,48,90,118,103,95,115,91,66,9,61,127,45,92,100,109,27,60,1,139,124,68,35
62,48,39,129,133,73,109,64,147,63,6,58,125,104,95,7,105,47,126,46,97,65,140,16,36,124,14,34,72,130,118,98,3,121,35,11,26,107,80,28,0,102,27,106,127,148,83,37,111,8,145,53,141,57,91,76,55,19,146,66,24,54,25,32,59,114,131,69,67,5,70,12,18,103,89,144,30,29,40,82,100,74,60,101,77,31,128,86,50,49,15,22,93,149,143,87,85,96,112,132,43,23,61,33,78,71,56,21,68,94,116,137,10,17,117,4,52,79,120,142,99,38,13,75,138,122,45,41,136,90,88,113,119,44,135,108,9,2,51,123,92,1,20,81,110,115,139,84,42,134
94,31,39,55,15,11,75,66,86,104,6,129,125,69,95,12,89,64,68,70,116,133,91,45,65,71,14,134,63,142,61,83,3,113,35,57,90,137,78,107,84,102,27,99,59,148,140,82,146,8,145,53,141,0,25,40,103,81,130,106,24,9,67,32,80,87,127,93,135,121,79,126,23,85,56,144,30,124,47,36,44,74,29,101,122,4,88,28,96,49,123,22,111,149,143,46,62,147,48,132,43,42,58,33,73,26,118,21,119,1,97,128,17,120,19,10,52,117,131,77,108,38,13,109,37,51,34,41,136,98,114,50,16,100,20,76,5,2,54,138,92,112,72,60,110,115,139,105,7,18
28,42,39,16,87,11,54,121,86,104,103,38,78,36,95,62,101,64,7,112,77,2,91,45,107,71,146,92,59,69,19,46,3,98,89,99,22,40,97,14,120,138,60,12,109,148,63,129,96,8,15,6,100,44,25,85,113,0,105,66,137,65,35,32,80,127,134,122,75,133,79,9,29,131,70,23,58,124,47,126,21,30,93,106,144,4,115,61,18,67,125,34,111,149,143,123,130,43,48,26,142,90,94,56,55,13,118,83,116,1,27,128,119,33,132,10,52,31,53,110,108,51,145,84,37,17,68,88,136,140,114,50,73,135,20,76,5,141,81,24,74,41,72,117,102,82,139,57,49,147
35,34,39,94,117,33,114,135,86,1,42,119,29,47,95,62,78,64,7,13,108,2,130,45,104,71,141,92,59,6,72,96,122,79,89,113,101,10,82,14,23,21,118,61,109,37,63,129,32,120,26,148,100,102,25,5,84,105,143,66,85,8,103,27,99,54,134,56,75,90,97,131,123,116,70,106,147,124,19,111,127,30,93,121,87,4,80,40,50,67,136,43,98,149,138,137,3,128,22,52,65,69,49,68,55,31,48,83,0,81,73,142,115,77,132,12,91,44,53,133,16,51,112,76,60,88,41,145,125,140,146,36,46,107,20,58,11,144,110,24,28,18,126,17,38,15,139,57,9,74
52,47,146,69,111,55,137,33,104,1,28,119,62,123,65,98,135,140,7,59,118,143,42,124,86,71,18,92,44,78,114,72,122,129,91,113,14,149,82,29,87,34,22,61,48,37,63,8,56,64,74,4,100,102,35,5,107,105,96,66,85,38,103,27,106,84,26,6,75,21,148,83,99,60,95,45,110,127,132,126,51,30,93,19,101,94,128,115,24,77,89,68,142,130,23,43,25,54,81,97,116,12,49,17,50,31,20,112,0,32,73,3,134,138,46,57,147,39,53,133,16,117,136,76,131,88,41,145,79,121,2,36,40,11,90,58,80,144,139,108,13,70,125,67,109,15,141,120,9,10
94,40,146,43,85,55,29,22,104,115,47,61,62,11,108,98,110,118,44,59,10,69,95,124,117,71,116,92,134,111,114,28,86,145,91,126,65,143,31,149,138,100,64,99,96,37,63,148,132,137,67,4,147,68,20,18,82,88,19,7,54,38,80,27,6,84,79,23,75,12,74,130,58,83,102,45,35,51,57,30,125,122,50,103,101,42,48,112,106,77,89,24,33,72,133,119,81,107,32,97,120,46,49,17,128,34,60,52,1,78,73,135,105,0,26,139,56,39,53,129,16,93,136,25,131,3,41,21,121,5,2,36,87,113,14,127,123,144,76,8,13,141,142,140,70,15,109,90,9,66
84,37,144,117,85,18,54,83,104,114,33,61,46,133,58,98,43,96,8,59,66,67,68,63,6,71,107,92,119,17,111,97,2,103,91,149,5,143,31,42,138,100,64,99,55,50,60,145,132,78,69,4,125,116,124,45,53,88,112,7,11,148,110,26,10,82,146,20,75,47,113,70,102,36,3,32,57,15,9,48,79,115,130,62,101,49,95,39,40,77,89,24,29,72,122,51,81,65,28,136,120,19,118,137,126,142,14,52,1,13,73,127,27,131,22,139,56,12,0,35,134,21,86,25,135,147,41,44,121,74,34,16,94,23,106,109,123,87,105,108,38,141,128,140,76,30,93,90,129,80
84,122,144,134,1,60,54,87,121,41,33,131,46,107,5,98,43,69,48,59,97,23,104,8,31,71,74,143,37,61,118,102,91,103,114,95,133,57,3,92,78,36,0,126,56,50,120,117,63,129,76,135,64,66,124,26,68,125,88,136,25,4,75,106,110,82,115,80,128,51,113,20,18,119,108,32,30,70,9,85,40,28,15,62,101,116,81,90,58,77,111,24,29,89,86,130,53,65,145,149,83,12,6,137,138,142,14,99,112,13,7,123,27,79,22,93,52,2,67,35,55,21,105,39,139,147,45,127,148,47,34,16,94,49,44,109,17,73,96,19,38,141,10,140,72,42,146,132,100,11
14,15,144,134,38,141,54,87,62,41,143,21,46,31,61,44,43,69,4,59,97,45,124,131,102,82,28,27,107,20,146,77,23,130,5,112,100,16,122,92,80,36,120,81,56,66,17,75,117,129,76,133,40,6,11,3,127,125,88,48,145,73,91,104,142,34,83,8,119,25,128,115,18,106,108,96,110,70,138,85,64,1,42,99,101,111,114,39,126,68,2,26,29,89,86,9,51,109,90,149,19,12,65,137,33,139,57,121,113,13,7,71,84,79,98,93,52,58,74,35,147,105,37,60,53,30,118,123,148,72,50,24,116,55,136,0,63,49,95,32,78,22,10,140,135,67,103,132,94,47
14,76,144,134,148,30,84,80,62,114,53,3,19,0,61,10,33,97,133,23,12,124,70,131,65,82,139,38,107,20,86,77,4,2,100,95,111,16,112,6,146,66,120,81,102,29,125,69,1,31,58,147,121,142,11,113,85,67,46,123,57,72,91,104,27,60,145,40,126,25,128,115,18,106,108,17,110,105,68,136,64,103,47,44,101,26,54,39,98,143,117,129,34,89,51,119,43,109,90,149,122,87,138,99,9,50,93,5,75,59,83,7,36,55,92,21,127,28,137,35,48,132,56,41,8,79,118,45,130,63,32,24,116,37,96,73,74,49,141,13,78,22,140,88,15,42,52,71,94,135
95,138,143,115,33,30,9,74,86,114,120,2,13,0,125,117,147,55,133,84,12,124,111,20,65,80,59,107,58,61,140,96,57,85,81,106,44,16,88,99,82,35,19,98,113,54,60,102,1,83,123,23,121,29,11,7,130,21,72,89,76,77,108,45,27,14,90,40,126,22,146,119,18,101,68,25,110,100,91,93,47,103,87,43,112,137,148,39,92,97,128,129,46,70,51,104,4,31,6,149,66,52,56,105,141,62,36,5,116,142,109,134,17,145,131,34,127,28,67,10,48,132,71,41,8,79,118,50,69,63,32,122,139,37,64,73,24,49,53,94,78,3,26,38,144,42,136,15,75,135
114,136,143,115,46,81,145,49,110,15,82,125,13,0,77,109,112,55,119,64,12,22,111,120,84,148,14,3,66,105,116,80,45,85,18,106,20,63,139,96,37,35,69,98,89,10,33,5,1,16,123,23,121,59,149,7,130,101,107,42,87,62,108,43,27,134,90,40,56,140,60,61,17,19,79,99,124,100,2,86,41,138,127,9,29,117,30,113,92,128,65,58,97,70,51,102,39,75,6,25,104,52,126,47,93,21,36,44,53,83,78,135,146,57,72,137,95,76,67,142,48,132,71,8,141,91,118,50,54,73,74,68,31,26,131,133,24,88,34,94,103,32,147,38,144,28,129,122,11,4
51,77,23,115,111,81,42,26,87,6,10,36,40,32,69,91,146,43,119,64,75,7,57,117,84,148,14,61,82,15,136,85,45,114,2,106,20,112,39,96,120,35,71,68,109,142,33,89,1,16,62,105,25,12,149,88,130,47,121,70,98,24,108,139,97,8,116,29,46,13,60,135,52,145,90,79,122,125,55,86,41,138,127,22,129,74,18,95,67,128,65,11,104,49,3,102,103,0,100,144,92,124,126,83,93,19,27,50,53,31,78,44,9,143,17,137,37,76,133,147,80,132,113,54,94,5,118,28,30,99,56,72,141,63,131,73,21,48,34,110,66,101,140,38,59,107,58,123,134,4
134,43,23,5,9,81,59,18,90,6,115,119,83,32,51,122,103,123,57,64,98,7,91,93,84,99,14,101,73,112,75,45,146,77,50,106,46,127,80,13,95,15,109,124,27,63,33,125,133,16,62,42,25,12,149,104,96,47,121,2,142,3,108,139,102,17,10,148,20,117,82,135,52,30,144,28,132,128,29,86,41,138,35,22,87,70,137,31,67,36,130,140,61,49,1,44,69,0,120,40,24,39,126,4,74,118,37,100,26,92,78,110,147,143,58,89,71,136,8,65,55,19,105,11,94,88,116,111,56,79,68,72,141,113,131,129,21,53,48,85,97,66,60,38,76,107,54,145,34,114
84,37,23,5,71,122,94,78,90,60,74,0,36,111,43,25,103,123,61,12,79,21,2,109,16,115,113,55,73,112,75,83,129,77,125,53,70,127,93,13,95,15,24,85,99,142,97,67,57,28,120,54,134,137,69,58,96,47,26,146,121,3,108,34,149,98,50,148,20,46,82,145,33,41,144,31,51,131,29,11,91,138,35,22,87,68,100,105,39,4,104,140,62,18,1,9,128,101,59,80,10,56,32,133,27,130,40,76,6,92,52,119,147,139,136,89,106,102,8,42,86,19,7,44,124,143,116,126,141,14,107,72,30,48,110,49,81,45,135,63,132,66,17,38,118,88,65,117,64,114
125,124,10,86,117,71,44,50,23,15,134,99,126,84,110,77,75,127,58,88,61,21,2,32,132,6,98,55,149,118,66,108,129,37,111,53,105,26,144,35,18,83,3,20,81,142,148,52,103,29,54,60,16,137,73,42,96,47,106,146,121,140,5,34,79,69,25,135,94,46,57,145,33,67,43,72,51,78,80,11,22,93,63,28,87,41,7,12,39,100,131,74,13,82,30,9,139,101,59,104,4,56,85,133,112,130,40,76,91,48,24,119,147,138,136,89,62,102,8,0,92,115,17,120,114,143,116,65,31,141,70,27,122,36,107,128,109,45,14,123,90,49,97,38,1,19,113,95,64,68
125,61,42,134,117,20,44,50,10,96,138,71,111,86,140,135,67,127,47,51,107,149,131,13,132,6,16,55,137,22,84,26,110,37,24,18,73,15,144,25,133,48,3,68,5,142,58,105,103,8,35,147,99,98,139,39,113,75,106,146,59,52,17,1,63,21,115,104,64,129,57,145,112,69,43,121,83,102,29,11,126,93,94,128,70,41,62,12,40,88,36,72,85,82,30,9,32,77,54,2,45,81,33,46,87,130,92,136,91,118,120,60,56,4,148,34,108,119,90,80,78,65,27,28,114,143,116,0,31,53,38,23,122,79,109,76,66,101,14,123,141,49,97,100,7,19,74,95,89,124
136,114,42,69,91,147,67,96,118,54,58,36,145,86,127,135,111,50,47,142,129,43,30,74,106,76,55,81,137,11,83,5,144,45,93,66,73,68,117,115,133,0,49,13,109,17,77,105,89,8,90,94,99,98,39,131,113,75,4,1,110,101,87,61,63,21,26,22,64,20,57,52,71,6,143,23,25,102,123,134,126,146,130,128,56,41,62,37,40,88,12,72,85,10,148,9,32,46,84,2,24,16,92,95,19,139,107,100,138,140,124,18,149,14,108,34,112,119,60,122,78,65,121,28,31,38,44,29,51,53,59,79,116,70,120,27,33,125,103,80,141,35,97,15,7,3,48,104,132,82
11,114,42,76,72,142,48,63,34,39,58,66,145,86,135,47,51,133,7,118,122,78,30,90,93,137,97,28,127,95,83,8,144,31,82,132,73,68,117,115,110,0,105,121,138,4,6,113,89,146,148,94,149,69,91,131,22,75,84,1,88,125,26,123,67,101,109,116,64,104,57,52,71,37,128,23,25,35,59,103,126,36,130,129,20,62,77,106,98,61,12,53,16,120,21,9,32,111,81,29,24,60,92,74,19,85,107,65,44,136,124,87,79,14,50,40,108,119,143,140,112,13,41,43,96,147,55,70,46,18,38,10,17,139,100,27,102,99,5,2,45,33,49,15,56,134,80,54,141,3
95,125,119,55,72,142,104,63,34,48,133,66,145,89,94,16,141,92,7,76,39,35,30,120,96,84,14,46,127,61,87,117,144,44,82,105,149,68,147,107,71,0,97,121,143,4,139,113,70,110,5,42,32,102,91,106,22,43,114,1,18,54,138,131,67,132,111,116,64,37,59,52,146,41,128,21,25,6,86,56,126,65,75,58,19,62,77,2,33,3,31,53,85,90,23,100,123,8,124,45,24,73,122,74,20,81,148,28,57,136,60,98,50,134,12,40,29,115,83,140,10,13,109,26,27,93,88,129,78,103,130,79,17,9,51,49,137,36,108,38,69,101,11,15,135,99,80,118,47,112
59,125,71,113,55,75,104,67,34,27,87,78,111,89,84,128,149,97,60,76,126,132,18,22,116,10,14,86,110,13,35,117,144,73,138,105,139,146,147,107,82,133,54,37,143,4,6,122,70,12,141,45,68,79,15,91,25,134,119,1,0,127,106,3,120,36,88,129,64,8,16,21,72,145,65,32,30,96,48,56,123,53,31,58,85,62,77,2,33,83,148,135,93,90,5,100,28,46,29,23,24,94,43,57,20,81,136,118,39,131,63,95,38,52,49,61,74,40,44,99,114,69,41,109,115,66,7,98,26,103,130,102,17,142,51,124,137,92,108,19,140,101,11,42,50,9,80,121,47,112
62,147,107,0,68,75,104,57,34,29,110,21,89,66,84,128,149,18,60,37,130,77,95,22,116,33,129,13,134,119,11,90,96,8,16,105,139,146,83,93,31,61,142,24,28,100,6,122,137,102,54,41,48,79,15,132,25,27,40,126,145,127,106,115,120,12,88,97,64,14,69,86,99,144,65,114,30,94,53,101,108,10,141,58,20,4,3,1,36,50,136,135,92,138,56,49,67,71,91,81,140,73,46,87,7,85,55,118,39,133,111,76,38,131,117,23,32,35,44,63,47,9,98,109,43,52,2,148,26,103,123,121,17,82,45,124,72,143,70,19,112,59,113,42,78,5,80,125,74,51
75,92,125,0,68,139,143,57,13,29,110,21,118,145,59,127,30,18,95,65,138,7,119,51,116,97,103,9,81,39,88,100,89,52,105,91,6,146,83,38,101,3,142,46,131,129,19,122,137,37,40,24,26,79,15,66,25,27,49,126,134,78,33,64,5,4,77,43,35,133,69,36,99,144,124,41,11,104,34,120,108,84,60,58,71,113,53,1,85,54,136,135,28,121,48,115,130,141,109,8,56,93,2,87,128,61,55,132,80,17,111,10,102,148,31,23,73,90,44,63,14,42,86,140,62,12,147,20,32,149,123,96,98,82,45,106,16,67,70,114,112,22,50,107,117,76,47,72,74,94
3,142,125,100,68,120,122,57,138,116,113,21,140,145,10,67,103,121,48,39,66,79,119,101,137,131,28,118,52,37,18,97,89,126,123,14,136,64,83,54,88,92,74,46,127,146,112,63,73,27,76,111,26,8,15,95,25,11,91,110,41,78,85,99,5,4,17,102,20,133,59,36,51,144,124,32,114,104,16,69,108,84,60,132,149,58,107,31,72,34,94,45,1,24,134,115,130,22,109,98,56,93,40,55,128,61,19,30,80,143,62,33,9,148,53,23,141,96,38,135,77,35,49,82,86,12,13,43,75,44,65,139,6,42,50,106,71,147,70,87,81,29,7,0,117,90,47,129,2,105
39,142,125,14,61,120,45,90,51,54,4,21,55,145,10,67,147,7,83,103,140,6,71,19,137,131,40,29,52,42,36,104,66,96,123,17,86,64,38,121,58,92,74,46,60,30,112,95,15,27,113,82,26,97,73,2,138,37,35,68,41,116,100,75,91,99,94,102,110,3,0,129,80,144,117,32,139,33,130,43,108,84,146,132,78,57,107,28,72,34,44,126,1,24,88,22,143,79,109,98,25,93,89,49,128,133,119,106,23,124,76,136,62,5,127,18,141,111,48,135,105,114,87,11,63,85,31,59,81,9,16,148,13,115,50,101,20,118,70,47,8,56,69,53,149,12,77,122,65,134
61,50,115,127,41,79,53,139,78,58,149,51,55,116,145,67,148,142,1,100,140,147,71,54,65,95,64,29,19,92,103,104,146,96,123,17,86,46,105,48,128,2,74,87,93,30,112,129,66,38,113,118,26,97,73,131,138,8,114,68,39,83,63,75,69,21,94,102,130,72,110,144,70,126,10,32,135,16,0,124,101,43,117,132,137,62,107,22,60,28,108,36,81,57,27,6,31,23,109,98,25,120,121,49,44,122,119,106,91,5,76,80,111,33,40,133,141,143,11,45,37,90,47,99,52,125,20,59,88,9,4,18,34,77,24,13,42,3,14,89,35,56,82,85,136,12,7,15,84,134
147,99,115,145,41,69,96,139,78,58,136,51,55,82,37,124,137,10,13,100,114,111,47,54,67,95,84,123,130,101,119,90,23,72,16,92,29,76,42,74,64,118,27,81,93,2,112,88,149,14,113,131,116,44,148,53,94,8,48,22,19,39,57,45,121,21,105,129,103,79,3,86,106,126,142,34,135,104,0,73,144,127,117,138,68,9,107,141,62,12,46,36,56,97,66,6,31,63,50,98,17,120,28,4,102,122,61,7,91,5,40,83,25,33,108,1,133,52,15,32,60,59,43,26,143,125,20,71,109,49,70,18,110,77,24,80,38,65,75,89,35,128,140,85,11,146,30,132,87,134
132,85,115,122,138,69,96,83,5,86,17,136,147,82,37,105,137,10,61,40,143,135,121,72,33,25,84,54,146,100,97,77,103,59,48,52,29,45,43,16,53,118,27,108,93,63,120,88,101,32,113,39,76,81,148,65,74,35,34,95,123,73,51,23,68,21,20,129,106,79,3,92,30,141,130,149,80,104,0,41,91,145,117,75,127,9,107,42,56,99,55,36,12,49,116,111,31,78,50,98,110,102,28,4,14,13,58,7,19,131,8,18,60,26,2,94,64,140,15,66,124,128,90,22,46,125,133,71,6,142,11,126,114,70,24,62,38,119,139,89,44,134,57,109,67,1,112,47,87,144
145,114,97,122,45,108,135,92,49,24,17,136,121,57,33,89,66,127,120,40,143,54,0,70,53,63,16,81,47,82,87,27,103,29,48,52,140,123,39,131,77,1,26,61,119,104,38,88,101,32,146,148,76,138,96,65,115,21,71,95,68,73,99,23,83,2,20,8,44,84,50,7,31,67,51,149,80,116,94,11,36,102,113,75,129,9,107,124,56,37,106,46,12,25,100,111,79,78,58,137,110,14,28,4,125,126,147,10,19,30,13,132,130,34,144,42,5,86,15,18,117,141,90,3,118,112,133,74,69,142,59,6,72,98,85,62,64,35,139,41,60,134,43,109,93,128,105,55,22,91
145,21,97,86,52,33,135,13,74,61,17,76,16,93,29,90,66,98,92,10,80,54,55,5,117,125,130,144,47,82,44,99,149,129,103,108,140,57,141,131,77,64,27,43,32,4,46,30,101,91,120,148,26,139,49,65,79,122,35,147,68,37,109,114,83,2,20,132,58,112,81,7,84,8,104,73,23,69,94,102,126,111,113,75,121,9,105,67,60,138,106,88,12,25,53,40,41,78,63,95,110,14,28,50,119,51,100,123,146,56,142,87,72,11,71,24,70,42,38,18,0,96,136,62,118,137,1,3,34,15,59,6,127,107,85,115,19,45,116,143,124,134,89,36,133,128,48,31,22,39
90,40,129,15,52,33,86,130,110,98,114,58,16,1,74,118,76,88,123,136,60,9,55,5,115,125,99,64,47,82,134,53,18,29,103,108,128,57,149,131,68,81,34,19,93,80,46,30,94,36,10,148,26,51,49,65,79,122,89,54,141,117,109,127,70,147,20,67,113,112,145,7,22,8,104,13,59,69,43,102,44,111,87,75,62,77,121,105,28,96,48,142,11,25,106,144,92,31,116,63,45,101,146,32,72,38,71,135,126,56,133,97,139,42,12,91,78,95,107,138,0,132,17,66,124,137,27,3,119,100,23,6,2,14,140,85,73,35,4,143,120,21,41,37,83,24,84,50,61,39
27,40,26,15,144,84,9,130,52,98,8,29,90,103,143,132,114,14,138,137,123,30,105,140,109,58,99,111,47,129,22,53,35,145,86,108,128,124,46,89,59,2,34,139,5,78,21,33,94,133,10,56,55,88,38,85,79,91,20,54,28,16,136,101,122,118,43,67,113,112,3,135,49,68,104,95,36,97,110,102,92,51,125,66,62,82,121,147,50,65,141,142,11,80,73,57,76,31,116,63,45,120,146,0,134,93,13,131,72,4,117,44,6,42,12,24,18,41,107,69,25,81,17,1,96,37,148,149,119,100,23,77,115,75,106,60,70,32,48,7,127,71,19,74,83,126,87,64,61,39
56,25,12,4,144,86,9,100,108,90,5,29,65,103,41,27,62,46,96,16,84,95,105,44,109,66,99,68,47,129,19,53,83,73,21,77,85,113,98,89,59,30,128,140,6,78,36,87,31,24,120,23,125,116,72,93,79,126,0,54,60,35,136,69,114,43,45,51,127,80,130,119,15,58,104,101,143,97,110,71,92,3,148,88,91,82,137,118,52,7,141,142,76,102,131,57,133,22,8,34,32,149,146,49,134,81,13,50,37,132,117,138,107,42,94,64,18,20,67,14,123,122,111,1,28,135,124,139,61,145,55,63,115,75,106,10,70,38,48,147,17,121,2,74,40,11,33,26,112,39
104,78,12,4,144,86,88,108,113,95,15,50,23,103,129,70,62,121,27,105,26,64,132,125,124,18,56,93,47,92,16,20,83,7,120,85,63,68,147,89,74,59,145,25,6,67,69,39,31,143,51,11,41,82,141,77,79,110,0,81,60,35,38,101,96,100,45,33,116,114,130,119,37,36,99,43,102,34,80,65,94,138,5,139,91,21,137,24,52,29,46,58,76,142,72,73,149,22,8,57,126,3,133,9,134,30,111,55,19,90,117,97,107,42,87,66,123,127,135,140,148,84,131,109,28,48,32,136,61,44,71,146,115,75,106,10,13,128,53,14,17,118,2,122,40,98,1,54,112,49
108,125,106,118,110,23,77,17,140,123,15,12,136,101,143,135,26,121,27,149,4,115,86,31,59,68,6,74,72,92,35,20,88,7,1,9,32,126,147,89,104,64,71,75,42,103,69,129,144,97,114,21,79,82,107,36,50,73,46,81,60,37,53,124,122,100,109,63,116,83,98,119,52,44,99,43,134,111,112,33,95,113,5,38,91,131,137,24,80,47,41,58,76,85,141,34,65,22,55,57,25,3,11,67,48,30,18,142,19,90,117,145,78,70,87,66,130,127,28,0,13,133,29,10,138,45,132,84,61,49,62,146,39,56,96,94,120,128,8,14,102,16,2,93,51,105,148,139,54,40
30,113,106,94,2,108,114,99,69,104,27,63,142,17,143,135,127,115,148,149,37,123,86,118,59,81,72,74,105,23,35,45,128,87,52,117,32,126,14,107,48,84,112,131,139,103,110,64,9,39,119,21,121,137,18,13,109,73,46,88,60,122,53,124,136,100,76,1,116,83,89,101,98,129,6,140,43,44,7,41,95,70,49,38,97,11,50,24,19,71,20,42,134,147,75,34,31,22,8,25,133,3,0,26,5,145,85,138,55,29,57,111,78,47,141,58,130,33,28,92,61,90,66,10,36,15,12,68,4,82,62,146,125,144,77,79,120,91,56,80,102,16,65,93,51,132,67,40,54,96
23,145,114,21,130,108,57,99,127,148,55,63,134,10,143,137,27,91,139,111,41,17,7,35,0,81,72,46,121,131,22,43,50,112,52,113,102,135,74,107,19,84,105,103,83,136,89,64,45,39,133,85,128,87,62,110,51,68,67,9,16,126,14,53,125,117,76,129,116,37,44,11,77,124,6,140,144,3,118,24,60,97,149,38,30,109,70,40,95,71,20,42,98,147,75,49,88,56,8,25,73,58,5,26,32,106,48,138,123,28,1,18,80,47,141,104,13,33,94,115,92,29,66,34,36,15,12,59,2,82,146,93,90,100,119,79,120,61,122,4,86,31,65,69,78,132,101,54,142,96
23,145,84,21,130,119,57,8,139,91,30,63,134,20,108,5,27,123,53,9,4,78,79,87,0,81,33,55,121,131,61,43,136,54,52,77,51,44,74,96,99,146,105,22,11,141,128,80,103,39,124,18,35,40,69,89,72,37,67,60,144,115,104,90,17,41,76,129,3,85,73,46,66,71,6,120,137,65,95,34,1,70,133,94,14,117,114,107,25,12,111,42,98,10,75,148,88,31,149,122,82,58,45,26,50,106,48,47,7,13,15,135,147,28,140,127,116,16,118,32,92,29,49,102,36,132,112,113,2,125,97,93,24,100,62,64,138,68,143,56,86,59,19,38,83,110,101,126,142,109
111,145,119,21,26,1,30,65,84,130,136,13,134,20,108,34,104,40,5,128,66,99,115,72,53,92,123,54,41,131,61,43,56,22,52,121,51,70,74,75,118,57,105,83,96,59,132,33,146,91,124,107,24,12,69,35,113,37,67,138,77,120,50,103,88,149,148,129,3,8,141,44,80,81,6,64,137,79,25,17,19,71,10,7,101,2,49,31,38,87,82,63,23,45,68,73,126,114,97,143,55,58,117,78,4,106,47,16,15,98,122,135,147,28,140,127,116,29,112,32,133,144,46,102,36,18,94,60,90,125,27,93,39,100,62,85,89,11,95,48,86,14,76,0,42,110,9,142,139,109
59,145,119,98,24,70,105,1,77,130,97,21,79,26,65,121,107,40,149,88,143,18,115,144,100,29,142,89,148,13,15,50,54,22,52,6,129,82,74,128,37,48,67,83,10,104,78,99,146,4,124,92,133,12,66,57,90,33,138,72,76,120,44,103,7,127,60,43,3,28,53,5,39,8,117,42,137,23,25,17,19,36,113,147,86,35,49,31,61,101,122,20,136,45,68,80,141,114,9,16,91,58,125,69,34,106,73,62,87,135,123,84,30,93,47,109,116,126,112,32,71,118,63,102,81,131,94,2,75,41,27,140,56,85,134,38,51,11,95,96,111,14,55,0,108,110,132,46,139,64
18,50,0,98,26,76,105,61,59,2,77,86,79,42,65,137,89,40,149,41,57,123,115,144,20,29,131,16,1,121,28,31,12,38,81,52,14,4,106,128,124,6,110,83,142,104,114,99,39,85,141,53,133,138,25,67,24,33,94,147,140,120,116,48,82,100,60,130,3,5,88,117,74,8,101,125,95,66,23,17,113,127,72,134,51,64,49,47,27,22,107,111,136,126,118,80,96,119,9,148,91,44,45,69,34,78,73,62,36,135,92,132,30,93,75,112,70,122,21,109,71,139,15,102,68,54,58,7,43,37,90,35,56,97,55,63,145,11,84,129,19,146,13,32,108,103,10,46,143,87
45,50,37,53,125,100,105,76,28,19,15,20,126,12,39,129,51,144,66,120,57,112,128,14,58,79,99,54,1,18,145,31,7,88,81,52,41,4,106,115,82,6,147,95,61,21,35,93,56,131,141,64,24,69,142,67,110,94,86,132,92,149,72,48,87,140,60,77,127,70,10,116,143,8,26,65,121,111,23,119,113,34,139,68,32,17,49,22,27,40,16,11,46,123,101,80,96,0,9,148,91,136,2,104,85,78,114,62,36,135,55,146,30,83,75,138,107,122,33,109,124,130,137,102,3,84,5,73,43,117,74,29,90,97,71,63,13,42,118,44,59,38,133,25,108,103,47,134,89,98
35,54,90,63,125,100,105,12,103,88,39,121,126,24,36,129,118,98,66,32,57,10,96,133,23,79,19,58,67,73,86,31,7,1,30,52,41,142,92,99,70,140,147,95,28,148,76,61,65,48,141,20,128,69,16,22,47,109,8,146,87,149,107,37,77,64,5,114,139,60,135,116,143,131,145,34,144,108,94,53,113,112,75,0,49,6,68,104,27,17,46,50,93,123,101,13,91,56,9,84,127,136,18,137,4,81,111,11,59,134,55,45,117,83,110,138,82,122,106,26,124,120,72,102,3,85,2,15,43,14,74,51,78,33,132,29,71,42,130,44,38,97,21,25,80,62,115,40,89,119
35,32,75,132,125,100,95,130,103,88,29,60,109,24,53,142,139,40,44,141,57,90,96,126,23,79,98,93,31,54,63,39,7,30,77,25,13,62,94,128,144,140,43,55,66,148,8,70,45,101,119,20,149,19,71,106,47,72,136,146,12,99,107,17,50,64,28,114,84,89,76,116,145,131,2,3,135,133,138,108,48,112,34,9,49,6,115,104,102,86,4,67,5,61,41,105,120,56,129,27,87,10,18,52,65,124,69,11,68,134,110,38,117,83,91,78,82,122,0,26,147,36,21,123,111,85,59,15,37,14,97,143,74,58,113,16,22,127,42,121,81,137,33,1,80,92,73,118,51,46
63,32,27,109,93,100,15,7,103,26,94,98,43,111,128,61,80,110,101,105,69,29,144,145,46,104,55,137,58,54,140,9,95,30,87,25,13,41,73,12,92,99,28,77,66,72,8,78,45,35,49,20,47,53,71,106,129,14,142,146,147,88,134,131,126,89,50,52,96,18,76,34,4,112,19,3,40,133,33,108,48,2,17,125,119,6,115,124,102,22,23,67,5,135,64,91,123,56,113,81,149,10,86,114,65,44,70,141,83,117,120,38,57,138,24,39,82,16,0,51,11,36,21,31,116,85,132,59,68,37,97,143,84,42,136,90,75,79,60,121,74,148,107,1,127,62,122,118,139,130
149,29,105,97,120,81,15,63,78,69,94,101,43,22,100,61,48,110,95,16,83,4,23,145,46,126,55,123,58,133,136,35,12,30,91,25,73,129,40,59,51,6,125,107,66,54,8,64,20,84,31,148,80,53,17,9,56,76,128,121,147,88,134,11,139,112,13,52,18,24,3,116,14,10,19,132,79,127,33,93,117,141,45,131,74,27,115,67,102,106,26,138,5,135,87,104,118,92,0,2,71,146,89,114,65,77,70,34,41,96,99,72,57,37,49,39,82,60,38,137,140,36,21,111,44,85,28,47,68,50,119,143,1,42,109,90,75,130,86,108,144,98,7,122,124,103,62,142,32,113
149,119,20,97,129,81,85,63,113,69,87,33,76,86,91,148,48,110,70,71,102,4,120,74,67,126,36,133,58,139,29,66,12,37,41,25,73,90,51,95,101,28,7,107,127,84,40,112,135,23,31,0,80,53,2,78,32,55,128,100,98,88,114,11,143,83,89,72,116,18,3,17,61,94,19,10,45,82,14,27,79,141,134,131,52,26,57,8,142,9,105,93,5,132,6,15,56,104,64,65,30,1,54,59,147,77,118,137,92,96,47,68,22,125,108,99,35,60,38,43,140,115,21,13,39,46,49,117,109,16,34,111,50,42,144,138,75,130,44,123,106,146,145,122,124,103,62,24,121,136
149,120,20,95,51,27,14,77,113,69,19,141,76,1,48,145,9,71,85,100,102,4,93,129,81,59,43,61,72,40,110,66,49,68,41,25,98,112,70,90,54,101,122,124,127,84,57,133,111,23,126,0,10,116,21,130,12,140,7,136,58,137,146,144,37,83,89,30,128,8,3,138,36,94,148,67,139,55,78,92,79,86,134,109,74,31,91,131,142,99,39,32,53,132,6,44,56,28,64,65,108,115,11,24,2,104,118,17,13,96,47,29,22,125,18,119,45,114,38,42,15,80,106,73,35,46,75,117,62,16,34,88,52,103,82,5,60,63,105,123,33,26,87,97,50,107,147,135,121,143
27,120,20,97,149,46,14,36,140,69,23,141,129,57,1,85,82,24,43,134,102,9,21,52,25,51,142,117,64,59,110,66,49,106,79,96,98,112,124,116,54,83,77,45,109,114,65,104,111,100,22,2,58,148,18,130,38,17,7,144,63,72,67,138,91,19,84,30,4,126,40,108,55,33,105,88,135,113,78,92,16,86,32,0,122,31,10,41,118,99,94,8,127,87,6,39,56,28,90,26,12,103,44,81,53,137,136,101,13,61,47,115,123,125,107,119,139,29,68,74,42,80,93,73,35,11,75,48,62,15,132,71,128,34,95,5,60,89,133,131,76,145,146,37,50,147,70,3,121,143
96,81,20,117,13,42,18,51,140,94,23,141,0,57,28,85,65,105,32,64,44,56,144,22,3,133,36,16,35,103,119,66,130,47,69,52,98,128,9,116,38,80,91,45,110,111,77,104,136,100,146,53,24,148,11,101,46,17,7,39,63,131,67,138,86,19,60,30,76,126,92,145,54,33,142,1,15,108,78,59,79,121,88,43,82,83,10,50,109,99,37,113,127,87,74,55,112,97,120,26,48,40,5,106,132,58,21,72,137,14,139,84,122,90,107,118,34,29,68,115,31,6,93,73,102,149,75,27,62,135,134,114,123,12,41,61,143,89,129,8,71,4,124,125,2,147,70,25,95,49
5,81,20,52,13,9,140,116,27,79,110,141,144,111,101,72,65,90,58,6,70,56,53,137,3,133,36,97,49,103,119,66,142,147,71,63,45,128,121,99,38,114,91,130,118,143,98,104,136,94,138,82,22,54,14,122,146,106,86,2,39,85,80,26,10,19,77,16,47,126,92,149,68,60,107,96,15,108,59,11,1,84,46,33,115,50,32,78,41,62,37,113,127,87,31,117,100,88,131,139,74,21,4,25,132,35,55,24,120,148,29,44,64,42,67,51,34,57,0,93,30,125,43,73,102,69,48,112,75,135,23,76,123,12,40,61,7,89,129,8,28,83,134,145,124,105,109,17,95,18
130,12,125,99,13,96,55,135,46,112,116,98,145,111,101,72,58,45,92,124,70,56,95,26,30,133,128,50,49,25,119,84,148,147,66,63,40,94,21,38,87,114,91,41,118,53,97,108,144,1,138,82,6,42,17,143,11,4,3,2,90,62,80,69,142,136,48,129,47,19,65,126,140,139,85,86,61,52,59,14,76,28,20,134,115,54,36,78,122,127,37,93,103,68,31,105,29,123,71,10,74,22,15,141,104,35,60,24,120,89,39,131,149,51,67,27,34,57,132,9,33,100,81,5,121,137,32,16,75,113,23,64,88,107,79,43,7,146,44,8,110,83,102,106,77,73,109,0,117,18
88,13,66,139,119,27,4,111,140,112,49,116,77,91,57,131,133,45,144,124,70,109,95,38,142,64,50,21,115,25,96,143,15,114,78,97,40,145,53,93,128,82,17,41,1,37,135,108,46,69,94,48,147,42,58,12,130,2,3,72,28,33,8,5,36,136,120,55,123,30,106,126,71,146,24,103,61,52,59,10,76,39,20,134,74,23,107,54,7,127,85,101,87,14,31,105,29,129,26,84,99,22,56,148,122,35,141,6,16,80,86,63,149,51,43,19,121,117,62,9,104,100,81,34,138,137,67,132,75,113,89,125,32,83,79,90,65,60,44,11,110,118,18,68,47,73,102,0,92,98
106,18,11,139,119,144,120,79,12,7,37,115,19,61,57,131,129,103,126,63,23,83,102,137,42,64,40,88,70,3,26,112,15,141,78,145,59,92,46,93,128,82,17,41,85,135,104,108,77,87,94,56,147,95,74,53,80,2,49,72,118,33,34,138,28,136,10,55,123,30,22,9,99,148,8,117,0,4,111,71,113,39,76,134,114,133,38,54,21,90,143,101,109,127,48,124,100,1,29,84,97,25,105,86,24,35,31,6,27,65,16,36,81,51,140,96,58,98,62,20,68,89,142,32,149,130,67,132,75,73,52,125,146,13,60,121,122,66,44,5,110,91,43,107,47,50,14,116,45,69
87,32,11,76,60,149,120,96,64,7,37,25,10,82,54,27,88,103,145,63,23,9,19,8,42,122,133,34,6,3,41,112,79,51,81,95,101,48,46,127,128,98,17,116,85,135,26,72,77,148,118,142,137,28,132,78,80,2,49,121,1,59,74,104,40,136,138,14,130,140,71,30,99,20,67,22,0,4,131,83,70,102,94,114,24,50,66,146,5,39,123,75,109,84,15,124,100,92,61,106,93,56,105,97,16,35,21,141,53,12,86,36,13,113,29,143,58,44,62,111,68,90,119,55,110,43,57,108,129,73,38,125,33,18,89,147,91,52,115,126,65,134,31,107,47,144,117,139,45,69
87,110,11,62,60,127,49,67,64,26,37,25,20,106,133,8,149,86,97,10,82,135,45,18,42,119,99,13,116,128,36,6,68,146,41,4,122,48,105,83,121,9,33,107,85,5,92,66,80,148,118,21,137,95,103,46,19,7,101,51,1,129,74,130,40,73,138,98,28,145,90,114,115,96,79,12,58,111,53,112,70,39,22,71,14,50,136,78,102,104,0,75,109,57,15,124,123,91,30,94,93,88,23,56,125,35,120,141,117,81,113,34,63,55,29,140,77,44,2,54,59,100,143,24,3,43,27,108,16,61,38,144,132,84,89,147,72,76,134,126,65,52,31,17,47,32,142,139,131,69
127,101,85,113,22,130,49,30,69,68,37,25,24,100,133,106,10,42,94,149,54,135,124,18,131,75,99,78,87,90,64,55,120,146,28,14,95,59,142,23,121,9,89,84,119,27,92,111,1,6,83,21,105,97,103,46,33,128,108,51,118,71,60,43,40,66,138,76,107,8,148,80,115,96,79,12,13,19,65,112,56,39,11,16,117,50,20,74,114,109,141,48,129,70,57,17,73,91,7,104,122,72,58,5,125,35,123,77,0,81,139,126,144,29,137,140,102,44,2,116,4,88,143,45,3,41,32,82,98,61,67,47,132,36,63,147,136,38,53,62,86,52,31,34,110,15,93,26,134,145
36,69,85,55,135,117,87,30,127,101,37,104,24,100,118,0,148,42,102,107,54,31,45,13,132,68,99,28,27,90,64,49,120,124,8,130,17,16,41,65,21,9,7,84,22,134,92,131,15,25,63,81,1,97,125,71,137,82,32,38,44,142,116,105,57,66,51,59,111,119,35,80,115,56,79,10,12,19,138,144,74,60,11,78,139,33,43,46,114,126,18,39,96,70,14,103,73,88,89,83,122,72,58,5,86,123,143,77,48,61,149,91,109,29,106,26,20,95,113,2,4,94,133,23,3,52,129,6,98,141,67,47,140,50,75,147,121,53,112,108,40,128,93,34,110,136,76,62,145,146
126,44,85,125,84,87,3,30,58,103,68,12,139,82,141,109,140,46,59,17,54,107,45,66,132,15,113,106,117,95,133,98,110,33,119,2,62,16,41,19,144,9,7,50,121,56,36,38,49,25,89,81,57,37,99,52,137,134,32,43,97,94,91,105,39,129,51,14,111,124,35,18,115,69,79,10,23,148,138,47,78,122,11,63,64,8,88,24,4,142,53,27,31,70,80,100,73,55,96,83,120,72,21,5,135,102,143,77,104,90,114,93,1,136,147,26,74,76,123,118,61,48,0,127,101,65,130,6,28,22,67,86,149,92,75,20,13,60,71,108,40,112,128,34,131,116,29,42,145,146
126,44,93,85,37,39,3,109,58,9,68,2,139,143,133,92,48,107,141,117,54,65,128,72,16,110,113,100,96,144,131,98,61,33,119,122,91,88,41,94,62,14,55,67,142,56,30,38,49,24,42,81,74,80,4,132,108,76,32,123,1,7,43,129,31,40,51,87,11,60,35,18,45,22,79,47,23,148,138,19,78,46,59,64,125,8,97,53,29,140,15,147,6,70,69,63,106,111,102,137,120,99,50,28,135,114,52,17,71,104,75,10,83,66,86,26,136,112,134,118,27,82,0,5,12,90,130,13,73,84,25,127,149,105,89,20,101,36,124,21,57,103,34,77,115,116,121,95,145,146
126,37,83,84,117,39,3,79,87,92,68,5,64,143,56,12,36,81,122,140,19,65,135,2,38,110,33,66,134,144,125,121,59,142,95,116,111,93,41,69,62,72,55,32,43,88,100,14,48,24,98,25,74,54,22,132,11,76,141,63,1,7,9,30,40,44,51,105,136,42,35,31,138,124,99,73,10,120,8,67,80,127,86,17,90,45,97,53,128,49,15,147,6,20,129,139,58,28,75,137,113,102,108,104,78,114,96,85,71,13,106,26,16,46,29,21,94,112,50,118,149,82,0,27,109,148,119,103,70,131,107,61,18,115,89,133,101,47,91,130,57,52,34,77,123,4,23,60,145,146
135,111,83,129,117,146,113,74,51,127,35,5,85,56,88,12,36,99,142,140,63,139,143,2,38,133,33,66,14,80,125,18,59,50,94,1,95,78,109,110,61,72,68,25,43,82,134,101,76,124,98,122,131,107,30,91,11,60,57,27,118,24,65,17,40,93,70,75,16,42,116,29,138,55,115,21,10,54,37,67,41,7,77,144,90,132,13,28,128,49,26,147,6,20,92,126,32,105,44,137,141,58,148,104,19,114,136,8,22,89,79,46,84,71,48,121,62,100,112,81,3,97,0,9,53,39,119,103,69,108,31,4,120,102,64,96,130,47,87,52,45,73,34,15,123,149,23,86,145,106
131,111,76,130,112,48,25,27,119,1,89,5,50,56,26,12,118,133,41,84,4,128,11,85,38,110,33,142,3,22,58,40,59,102,93,17,42,78,109,62,16,72,132,149,46,43,67,37,55,124,49,122,70,86,138,57,35,36,9,66,91,24,65,23,97,34,141,99,117,47,32,21,113,135,68,146,98,54,100,129,88,7,77,144,45,81,39,143,71,10,115,104,140,20,92,126,61,30,44,137,105,73,148,94,19,74,136,8,95,125,79,29,114,63,80,121,107,64,14,6,60,90,0,120,53,69,2,101,18,116,31,83,15,139,82,96,147,75,87,52,13,108,127,51,123,103,28,134,145,106
