0,1,2,3,4,5,6,7,8,9,10,11,12,13,14,15,16,17,18,19,20,21,22,23,24,25,26,27,28,29,30,31,32,33,34,35,36,37,38,39,40,41,42,43,44,45,46,47,48,49,50,51,52,53,54,55,56,57,58,59,60,61,62,63,64,65,66,67,68,69,70,71,72,73,74,75,76,77,78,79,80,81,82,83,84,85,86,87,88,89,90,91,92,93,94,95,96,97,98,99,100,101,102,103,104,105,106,107,108,109,110,111,112,113,114,115,116,117,118,119,120,121,122,123,124,125,126,127,128,129,130,131,132,133,134,135,136,137,138,139,140,141,142,143,144,145,146,147,148,149
0,16,33,111,65,114,6,128,71,48,40,11,43,30,21,15,140,38,87,19,20,5,22,60,18,93,120,27,101,134,137,31,32,78,54,95,86,49,72,132,13,79,42,34,10,142,46,113,4,129,50,1,52,53,116,67,77,45,58,14,24,61,62,63,90,98,64,92,131,145,29,55,8,139,100,12,76,74,41,149,26,109,147,83,39,82,80,36,88,91,115,47,136,112,94,68,96,97,56,99,89,123,102,103,105,37,130,107,104,70,110,57,125,69,144,143,7,117,118,73,3,108,122,35,121,44,28,127,17,84,25,66,9,124,119,135,59,85,106,51,2,141,126,75,133,81,146,138,148,23
82,121,48,4,146,136,119,128,71,1,40,107,43,30,21,57,85,0,83,19,9,144,100,23,18,49,120,133,52,140,130,125,32,66,149,95,86,73,89,64,93,59,42,6,38,142,46,113,102,20,50,56,94,54,101,98,26,36,33,96,24,34,11,115,97,132,12,92,81,79,53,55,62,139,63,76,22,74,41,16,51,109,147,8,70,31,80,60,116,91,67,13,68,35,39,111,7,87,58,99,27,123,124,141,72,37,117,126,10,28,65,103,15,14,131,134,114,88,137,5,3,108,122,104,77,118,143,127,106,78,25,44,2,90,145,135,17,29,75,69,45,105,110,61,129,84,47,138,148,112
82,50,145,4,116,29,113,108,95,28,60,38,14,31,119,77,124,1,132,19,117,140,21,7,18,49,20,111,66,52,128,125,130,8,78,26,86,73,92,11,93,59,88,123,55,142,46,85,133,104,58,149,107,121,56,30,6,36,33,32,24,34,53,13,42,2,141,74,37,112,5,87,62,139,63,15,22,127,41,9,75,109,120,100,10,70,115,67,79,83,98,129,12,103,91,16,90,71,146,99,61,97,96,43,102,39,136,126,106,35,65,84,57,122,131,134,47,101,137,114,81,27,94,138,144,118,143,64,76,40,25,44,80,54,51,135,17,3,48,69,45,105,0,89,72,110,147,68,148,23
57,50,136,4,146,29,126,96,131,114,128,38,15,112,119,59,124,88,132,22,28,80,7,56,18,130,87,75,143,113,145,37,11,8,78,144,121,142,31,71,77,62,61,64,86,122,35,49,133,40,93,139,16,60,84,116,6,36,140,32,81,9,53,13,129,14,26,74,24,94,134,125,110,92,63,73,111,127,101,70,85,109,58,1,10,99,123,67,137,147,98,79,2,103,91,27,34,19,68,55,102,97,39,43,46,66,44,45,106,17,83,115,52,0,117,65,47,30,90,41,100,33,108,138,107,118,95,104,76,82,25,21,105,42,20,135,48,3,149,120,54,5,12,89,72,51,148,69,141,23
57,86,0,94,146,50,126,22,116,60,124,109,102,112,132,59,11,137,62,29,110,91,7,18,38,16,42,75,143,113,139,122,133,136,78,72,121,142,31,71,129,40,28,79,37,135,128,49,9,8,131,67,44,87,84,70,51,25,140,106,52,36,148,35,53,24,26,88,119,64,69,125,141,92,127,30,111,55,101,100,144,98,56,13,32,99,105,134,12,145,123,95,48,5,108,74,21,19,115,15,34,97,39,43,14,77,93,45,68,54,46,4,33,6,117,65,47,81,114,41,103,96,10,2,120,118,17,61,76,58,73,83,20,80,107,27,66,3,149,90,1,85,82,89,147,138,63,104,130,23
52,86,36,34,146,50,2,112,82,102,124,109,143,132,130,12,71,137,10,6,28,40,47,18,91,110,7,95,79,59,55,147,73,80,65,63,21,142,31,122,129,9,149,48,116,111,128,69,56,8,68,113,62,87,92,94,14,77,60,106,61,78,148,35,53,67,123,54,121,64,58,134,44,144,84,30,49,51,114,100,29,98,17,13,16,99,15,57,138,117,23,105,133,43,108,101,140,19,115,136,75,97,145,120,5,70,93,45,76,22,46,127,33,38,118,88,131,81,83,32,103,96,26,4,66,39,74,41,3,126,37,0,119,104,25,107,139,20,11,90,1,85,27,89,141,72,42,135,125,24
54,38,119,48,146,96,133,112,56,81,125,14,143,132,98,145,147,148,10,26,28,117,52,18,91,110,33,142,79,86,105,124,41,80,93,92,21,44,6,122,2,9,57,12,116,131,123,103,115,141,68,136,19,77,51,75,29,101,62,106,61,111,87,35,95,72,85,59,109,64,63,4,65,8,90,60,49,83,114,3,31,102,100,13,16,7,15,121,36,5,23,34,135,78,71,11,140,1,17,66,134,97,126,0,94,70,74,144,76,22,129,82,149,40,118,88,45,58,69,73,43,67,108,55,99,39,47,137,113,127,37,138,84,104,89,128,27,139,130,120,50,46,32,30,20,53,42,25,107,24
0,29,119,48,146,40,50,112,56,28,136,98,15,14,117,19,147,58,24,26,149,79,63,140,101,61,54,120,145,45,105,124,41,59,49,92,143,69,8,118,2,9,110,12,5,81,65,103,78,76,18,16,138,85,82,31,95,71,38,21,6,52,87,77,44,93,116,106,109,64,99,74,35,83,108,89,57,142,60,3,37,102,75,72,55,62,32,141,90,91,1,34,135,139,4,133,7,114,17,66,104,97,96,47,42,111,13,130,123,22,129,134,131,36,94,88,10,126,70,144,43,11,51,122,46,132,20,137,100,127,23,80,84,67,39,128,27,121,125,115,148,73,33,30,68,53,86,25,107,113
41,141,0,48,146,28,37,125,56,35,136,16,10,14,123,88,22,58,96,95,18,101,36,139,121,17,86,13,23,45,105,20,122,50,49,63,127,21,71,118,2,9,66,120,5,46,59,103,119,76,38,133,78,85,60,149,69,92,109,3,6,52,87,131,144,130,40,112,74,135,142,98,11,61,143,29,57,106,27,67,124,102,75,19,110,15,32,62,47,82,1,34,104,53,116,70,7,99,64,113,89,97,91,55,93,111,54,147,65,132,129,140,4,115,94,83,138,126,80,44,43,117,51,8,79,26,145,77,100,114,39,73,108,33,12,128,90,81,137,84,107,42,134,30,68,148,31,25,72,24
126,141,78,110,146,16,45,81,32,22,44,30,10,99,123,39,114,65,98,95,0,51,116,119,14,17,131,13,101,109,20,48,122,50,36,40,85,42,128,1,37,84,58,11,53,49,133,103,118,76,38,68,137,64,63,149,138,43,140,3,24,52,96,8,71,121,87,21,2,135,77,56,111,61,120,46,139,106,107,67,83,102,97,19,129,91,28,62,31,136,69,18,104,89,35,27,15,144,72,93,7,5,75,55,145,92,54,147,29,132,127,6,4,115,94,82,105,41,80,74,59,9,33,142,79,26,124,143,100,57,113,73,108,112,12,90,117,70,34,47,134,23,88,130,86,148,60,66,25,125
98,52,19,0,146,3,57,141,115,22,117,30,10,96,142,39,40,109,28,59,6,25,32,51,54,105,42,61,101,33,74,41,75,123,14,60,112,127,128,1,37,93,132,47,134,130,99,110,58,85,122,78,137,139,63,17,121,43,29,23,24,7,73,84,48,64,86,21,13,135,20,56,111,68,120,46,83,8,100,50,11,102,133,103,145,91,97,62,94,76,89,18,45,106,35,27,92,118,72,55,87,5,124,138,67,125,81,147,95,36,80,2,90,143,53,82,79,49,71,69,16,9,38,126,114,26,136,107,131,104,113,116,108,77,12,140,119,15,34,31,129,44,88,65,144,148,70,66,4,149
98,70,138,0,110,3,53,50,77,22,94,142,49,96,66,29,40,30,38,86,6,25,4,95,10,24,42,81,90,46,137,41,36,102,14,47,108,127,149,1,2,93,132,112,37,130,35,83,143,5,8,78,136,79,63,148,121,43,31,45,52,58,99,84,56,20,27,21,13,111,92,34,74,68,28,85,105,60,100,126,120,88,133,73,61,91,135,57,146,48,89,134,145,75,141,82,116,118,72,104,87,103,76,17,119,122,114,23,128,32,107,59,139,11,7,101,55,18,71,69,33,64,12,147,80,26,124,19,123,54,9,113,125,117,39,109,16,15,67,62,129,106,115,65,144,97,51,140,131,44
9,26,131,112,110,74,107,114,145,22,94,142,77,40,95,48,119,30,37,86,116,146,73,14,0,128,42,70,90,46,34,135,32,102,136,62,79,139,149,1,134,52,59,13,82,98,96,143,124,5,113,78,91,81,71,148,75,43,18,127,7,141,99,8,56,20,28,63,23,111,35,106,54,27,64,85,105,60,100,29,120,76,132,109,92,44,89,57,133,123,122,72,121,68,2,4,67,118,125,104,66,103,41,17,53,147,138,87,15,93,58,19,25,11,108,6,55,21,83,45,65,137,12,31,61,84,129,24,50,36,115,10,88,117,39,38,80,3,69,126,16,49,130,47,144,97,51,101,33,140
117,141,131,129,110,46,85,114,145,130,94,144,98,74,115,86,119,120,17,79,116,92,73,14,2,128,42,28,90,142,34,107,61,12,136,43,134,88,91,127,49,52,59,29,35,13,54,112,124,1,113,78,103,0,71,121,70,56,109,75,126,123,105,8,23,38,62,84,66,48,146,99,26,135,137,149,133,118,63,132,83,53,138,143,102,6,76,108,32,81,122,72,11,18,64,4,25,111,125,104,44,148,7,30,45,147,41,87,15,93,58,69,82,97,60,21,55,37,20,89,31,68,96,67,51,39,3,24,50,36,5,100,80,19,9,65,139,47,95,22,16,57,106,140,40,77,10,101,33,27
52,40,58,69,4,63,85,128,49,130,94,144,80,74,91,29,119,67,39,116,134,51,84,10,138,121,107,8,92,43,45,66,148,12,136,147,129,54,104,125,18,0,25,24,109,21,114,112,41,1,113,78,103,93,126,36,131,56,143,75,86,72,105,123,87,38,127,98,70,115,146,99,26,53,137,149,133,82,83,110,9,71,111,13,118,6,79,50,100,14,28,42,11,55,64,44,132,106,60,17,35,62,7,96,76,32,90,16,15,19,47,34,88,97,95,135,57,37,120,65,31,68,73,3,5,124,61,2,89,117,30,141,108,102,48,122,139,23,81,22,20,77,46,140,142,145,59,101,33,27
90,7,80,69,94,21,33,128,142,130,79,43,47,143,116,30,119,102,39,2,34,55,84,122,67,121,81,136,92,91,45,66,0,72,124,27,44,35,88,125,18,95,25,115,28,19,114,74,41,105,138,24,54,64,149,78,131,87,148,75,129,106,145,8,141,38,127,83,42,76,56,99,22,51,137,58,133,49,107,110,96,144,139,13,112,6,104,50,118,48,12,113,146,57,108,60,132,53,86,77,71,109,98,147,11,32,14,16,26,1,65,3,61,97,9,135,15,89,120,123,31,63,73,29,5,126,68,103,17,117,140,111,52,134,20,85,37,101,10,36,93,70,46,62,82,40,59,100,4,23
21,126,53,108,24,103,145,128,147,110,80,31,47,79,90,132,84,13,30,130,4,11,0,139,42,121,7,5,92,91,23,66,38,72,124,27,101,119,88,89,44,102,25,118,28,125,114,85,41,104,49,116,67,87,33,55,82,65,148,95,6,62,105,8,141,138,127,43,76,15,56,99,81,22,137,61,111,69,123,2,17,64,107,32,112,18,70,60,51,48,74,135,35,19,109,50,45,96,86,94,78,136,83,63,115,100,14,16,26,58,113,133,146,97,9,143,149,117,120,1,59,39,73,131,12,93,68,122,57,142,140,10,52,134,20,36,144,75,34,129,106,98,46,37,71,40,54,29,77,3
21,73,94,107,24,67,19,46,101,31,138,13,47,79,91,85,141,55,29,130,40,68,62,89,122,110,7,144,143,103,145,22,32,87,124,78,60,121,88,120,34,86,126,5,108,125,114,16,134,104,49,44,106,48,66,118,64,23,148,111,82,100,105,8,127,81,131,43,146,15,27,99,97,90,137,59,53,6,129,2,115,35,72,77,112,147,93,128,51,75,74,135,42,30,65,50,45,71,69,56,61,142,76,102,116,38,25,18,63,58,95,133,28,70,136,119,149,117,96,1,140,39,139,26,113,12,33,84,57,9,14,10,52,3,92,36,17,11,54,4,41,98,80,37,83,20,132,123,109,0
45,73,87,107,24,39,98,108,30,102,10,86,141,79,80,1,103,31,134,130,69,120,18,21,122,27,5,9,82,105,19,22,66,125,124,143,104,56,29,26,59,2,126,127,129,76,42,47,60,99,138,44,106,128,149,85,62,110,148,37,115,100,14,8,84,3,67,48,146,94,41,88,97,81,65,78,13,89,40,12,91,35,72,144,112,83,93,16,118,145,33,58,6,96,55,50,114,71,32,64,61,74,36,68,116,34,7,53,63,51,95,113,28,136,43,119,38,117,133,140,49,15,70,77,142,109,121,23,57,137,147,111,52,135,92,139,46,131,54,4,17,75,25,101,90,20,132,123,11,0
45,69,0,126,50,76,98,97,121,5,103,100,88,79,89,1,59,116,108,10,114,140,129,36,19,78,11,24,53,105,15,130,134,125,124,87,135,48,29,143,112,6,20,82,107,94,84,47,60,70,146,115,30,9,75,66,62,95,148,37,39,141,117,8,91,3,67,56,43,85,26,18,42,81,106,58,120,109,40,12,102,35,72,13,136,83,142,16,118,17,33,96,7,147,55,144,137,41,49,64,22,74,133,145,80,34,93,139,63,51,25,113,110,71,68,119,149,138,14,92,86,2,132,111,44,57,54,23,32,99,77,38,128,27,122,73,65,131,28,52,61,4,104,101,90,127,31,123,21,46
109,59,126,65,106,110,97,118,121,5,143,79,141,122,138,39,144,116,108,102,131,125,85,86,19,78,148,11,53,105,15,130,142,50,117,68,135,18,29,51,25,132,89,82,54,44,28,43,100,75,146,115,103,7,22,113,87,95,133,37,71,74,9,8,137,3,98,20,69,42,26,84,140,81,67,32,120,107,70,129,33,77,72,13,136,83,47,34,48,139,76,49,101,21,55,16,112,41,147,52,30,17,46,145,80,149,128,93,63,91,94,36,24,64,61,114,60,35,88,96,66,2,111,104,1,6,40,23,134,45,12,38,119,10,62,73,14,27,124,99,0,92,90,57,4,127,31,123,58,56
5,27,92,48,33,138,3,23,110,121,148,31,20,103,122,109,95,134,2,101,61,28,1,142,54,119,45,11,53,105,15,9,65,74,85,139,46,18,131,89,30,7,135,82,127,115,79,43,100,116,22,50,129,108,24,72,87,124,133,113,71,12,86,8,137,144,51,78,69,42,4,41,64,81,67,32,120,6,70,76,26,111,57,13,136,14,93,99,118,114,0,49,132,21,143,112,10,102,147,52,88,19,47,68,106,149,128,59,38,91,94,55,146,73,145,125,77,35,117,96,66,97,141,104,140,36,40,58,80,16,107,34,17,63,60,84,37,130,29,98,39,25,90,75,126,62,83,123,44,56
5,27,111,85,33,138,3,23,18,125,109,31,133,103,122,53,45,134,34,12,131,13,105,126,2,130,148,11,60,135,32,9,35,47,95,41,108,24,147,7,30,144,77,140,127,115,22,117,50,48,43,113,129,132,124,72,28,90,139,136,83,68,86,91,89,149,51,64,69,74,67,79,112,81,104,46,38,88,19,76,92,49,98,16,54,70,78,121,118,114,110,14,66,21,116,25,55,102,8,52,29,15,119,65,71,57,120,128,142,61,146,141,39,73,145,101,94,82,42,96,107,97,93,84,6,36,40,58,123,59,0,137,20,10,80,26,37,4,1,56,63,17,106,75,99,62,87,100,44,143
5,77,42,85,32,109,43,23,18,61,141,131,130,73,122,64,45,101,34,63,19,79,2,134,90,49,142,137,60,135,94,71,67,47,52,25,41,24,147,119,29,144,117,140,127,115,132,20,31,35,126,72,129,15,125,88,82,37,139,112,83,148,13,89,114,149,123,40,69,74,143,75,87,81,121,12,38,138,70,116,92,33,105,16,86,95,6,100,7,98,145,58,124,21,76,27,4,30,99,113,9,53,17,46,68,57,104,39,103,78,55,65,96,128,3,118,120,133,54,108,107,51,14,50,102,36,8,93,26,11,0,146,84,10,80,91,110,66,1,56,111,48,106,59,22,62,97,28,44,136
24,121,39,13,138,97,144,31,111,136,36,131,130,6,128,94,45,64,34,101,19,46,98,115,27,7,22,137,132,107,75,5,53,139,56,33,17,86,103,113,29,114,69,140,12,133,44,20,141,35,118,108,110,15,134,109,18,37,100,112,83,65,84,149,21,50,41,99,71,74,51,145,147,81,8,91,26,88,28,116,92,54,105,16,76,129,70,4,38,93,87,58,67,143,3,124,123,30,43,79,9,63,89,90,68,57,104,119,73,78,55,25,96,125,122,126,120,11,72,0,77,2,32,60,102,49,23,48,127,85,42,146,135,10,80,40,61,66,1,59,117,47,106,52,148,62,82,14,142,95
35,121,39,0,144,56,16,49,130,149,96,140,43,6,79,94,45,22,34,101,2,9,31,57,58,111,123,137,53,76,118,48,120,138,55,33,17,148,103,113,20,114,69,1,12,133,80,92,141,44,107,108,128,38,73,109,4,64,50,61,24,51,132,95,119,129,112,100,88,13,46,32,145,19,21,68,54,139,28,116,93,142,86,66,81,7,70,124,29,18,87,36,67,147,3,15,102,134,89,90,42,126,97,26,136,5,104,63,78,74,14,25,125,8,122,60,85,27,127,75,77,143,110,83,99,30,23,91,105,84,11,146,135,10,41,72,37,40,117,59,131,47,106,52,62,98,82,71,65,115
31,111,39,26,15,18,125,49,12,145,95,65,43,10,91,54,45,2,56,20,63,134,135,42,58,23,84,137,69,14,35,48,120,6,55,76,17,118,103,32,112,114,108,47,93,121,80,92,60,124,82,77,147,9,139,100,3,64,98,67,115,74,140,94,19,129,46,16,101,13,148,40,142,25,52,68,123,126,149,116,127,59,86,61,106,109,83,110,29,104,1,38,57,33,28,70,102,73,50,90,132,30,130,66,136,8,79,53,7,88,75,89,133,81,122,24,85,27,119,87,0,96,22,144,99,138,141,21,105,97,11,146,51,4,41,72,37,128,117,143,131,44,113,36,62,34,78,71,5,107
37,122,46,26,30,123,126,111,29,18,88,78,130,10,82,143,45,56,49,72,40,134,101,137,8,96,84,108,69,47,110,114,144,31,124,132,48,135,103,1,116,93,11,15,141,121,58,7,60,81,24,71,149,9,139,140,118,23,146,113,115,74,19,94,145,129,42,36,133,43,148,63,89,147,90,91,33,27,17,21,142,14,117,61,64,109,83,67,68,104,86,38,57,59,107,70,77,22,50,100,28,20,32,66,112,52,79,51,95,125,2,138,73,98,13,12,85,131,119,87,0,34,39,127,99,102,92,136,105,3,53,16,75,4,41,65,97,128,6,80,35,44,54,25,62,120,76,106,5,55
37,64,120,31,19,95,55,83,81,79,103,30,78,68,72,85,94,27,49,67,40,147,139,28,80,96,29,108,70,47,76,0,69,143,124,132,6,135,14,45,116,93,11,66,141,73,101,7,60,8,24,71,149,134,109,9,145,119,115,113,91,126,3,2,16,59,102,36,22,123,148,62,58,10,90,23,86,1,17,136,117,5,127,25,54,89,140,35,144,104,12,4,57,118,107,138,84,137,131,100,130,52,50,111,112,74,133,121,88,125,63,42,106,142,13,146,33,20,51,87,92,110,39,46,122,26,77,105,43,56,53,129,75,34,41,65,61,128,15,114,98,44,48,38,32,99,21,82,18,97
108,67,50,93,19,129,48,58,81,22,91,30,28,33,66,85,63,144,116,34,88,147,92,40,78,9,103,94,100,110,102,39,55,96,112,89,6,135,107,3,51,38,49,104,141,73,101,47,29,1,134,76,57,25,109,128,145,119,121,149,10,126,12,115,87,131,59,36,124,46,148,62,123,86,90,95,120,133,17,79,117,5,142,42,14,125,140,113,84,8,80,143,64,56,83,21,77,16,13,24,130,52,70,4,37,74,127,122,31,20,60,45,106,136,137,146,26,15,118,138,99,2,69,68,111,0,98,105,43,132,53,35,11,75,41,65,61,139,97,114,23,44,72,54,32,7,71,82,18,27
58,66,111,141,33,149,99,95,74,78,91,35,44,6,43,121,41,47,116,139,125,147,62,40,26,84,114,94,100,110,19,113,130,70,112,20,124,135,8,3,129,126,39,0,50,55,56,133,29,1,64,76,17,101,109,88,138,96,22,134,10,2,120,115,31,131,145,140,49,46,148,30,123,104,90,108,11,9,87,93,14,5,59,42,89,128,117,73,82,72,80,143,38,52,142,21,60,16,13,67,24,103,68,36,25,71,81,127,137,48,106,45,92,136,27,146,63,51,57,132,122,118,69,86,144,12,98,15,61,32,53,119,37,75,28,18,7,65,97,79,23,85,105,54,4,34,83,107,77,102
98,55,115,29,33,82,66,95,137,78,27,35,44,6,61,80,114,42,93,132,64,8,59,120,96,149,36,124,118,92,72,65,13,62,112,20,18,56,81,135,43,53,144,86,147,70,113,89,1,31,105,76,123,24,139,88,73,145,22,134,60,138,101,63,74,17,48,140,116,46,148,30,40,83,90,108,11,9,58,104,50,5,127,109,71,128,117,47,69,10,133,143,68,37,142,21,102,16,131,97,19,3,106,41,25,129,67,75,100,111,146,87,0,126,49,52,15,51,57,103,94,85,38,14,91,12,122,39,54,107,45,119,121,136,28,141,130,2,110,79,23,84,26,99,4,34,32,7,77,125
101,17,115,48,33,138,26,121,137,104,65,21,134,107,120,112,87,78,93,123,142,8,29,98,69,34,82,124,3,54,45,62,13,130,27,145,18,39,81,96,43,42,99,114,60,70,5,132,57,83,73,106,144,117,139,47,131,4,22,92,94,16,53,75,74,36,1,146,86,23,105,30,6,63,71,108,32,9,58,110,113,40,127,51,84,128,119,103,89,10,111,143,72,37,95,88,102,46,44,141,116,12,133,41,19,129,140,118,100,76,61,55,11,56,77,52,15,148,126,24,125,85,97,14,91,67,122,31,80,38,59,49,50,136,28,109,135,2,35,79,149,147,25,68,66,20,64,7,0,90
101,17,83,133,137,115,135,114,71,143,124,130,146,41,120,55,87,84,93,80,119,8,43,1,12,88,78,54,15,89,45,62,125,57,74,109,86,13,26,68,85,104,99,63,123,50,116,33,23,37,95,69,144,4,139,47,82,35,24,90,38,16,142,44,64,132,14,108,36,118,105,40,6,149,148,46,32,9,58,110,34,31,127,30,75,96,5,103,106,53,111,98,19,147,81,48,102,129,66,141,52,61,76,134,113,28,140,60,100,107,42,94,10,56,77,126,3,122,51,117,65,70,27,128,91,67,92,22,79,145,59,49,39,136,18,73,72,2,11,97,21,112,25,121,29,20,131,7,0,138
42,4,115,85,137,147,111,51,71,116,78,138,114,59,120,135,22,14,41,96,119,8,15,43,73,26,109,121,9,126,88,112,118,141,11,54,133,105,124,64,149,104,99,146,46,47,58,33,23,16,95,110,144,37,130,21,44,35,55,62,108,3,91,67,97,5,27,142,36,61,24,92,6,70,1,12,69,20,63,123,34,31,127,2,75,98,148,82,106,53,83,140,19,25,132,103,102,38,66,49,52,80,72,30,48,93,139,76,68,86,74,94,57,56,77,90,89,122,45,10,65,128,134,50,17,13,60,113,79,145,28,32,39,136,18,101,125,100,143,87,107,84,40,129,29,117,131,7,0,81
105,4,113,85,35,147,55,69,99,84,21,50,142,110,121,111,138,39,41,96,66,91,133,5,28,135,126,114,9,20,120,74,129,141,53,54,73,45,124,88,67,104,101,10,22,47,58,11,30,38,17,8,144,106,130,123,37,116,115,0,80,75,100,65,127,93,27,71,13,63,24,146,97,148,79,29,122,3,134,62,82,31,43,42,6,98,125,19,12,78,83,140,36,25,14,16,102,128,61,70,52,118,77,44,48,139,119,137,132,108,109,94,57,149,33,7,89,15,90,76,46,64,2,56,112,51,60,26,86,145,68,32,23,136,18,34,107,49,143,87,95,1,40,59,103,117,131,72,92,81
105,149,66,85,35,106,15,74,99,84,139,50,95,83,101,129,37,136,39,65,107,91,133,32,40,147,4,36,17,75,120,103,132,142,53,41,62,45,67,3,57,144,116,96,2,47,58,52,51,38,29,8,63,10,54,23,134,28,5,89,31,60,100,7,46,126,27,69,59,68,119,146,110,148,55,102,135,127,20,14,82,80,30,118,64,98,93,125,141,138,145,140,124,25,79,16,113,33,61,122,22,73,77,44,86,42,128,137,87,108,143,0,72,9,130,71,70,88,90,76,123,19,6,56,112,115,109,104,18,26,97,43,13,111,21,34,12,121,94,114,117,1,78,48,24,11,131,49,92,81
137,6,117,17,35,107,134,22,124,145,120,50,9,83,19,129,70,136,40,65,27,91,133,2,113,85,36,135,24,143,52,62,139,142,51,18,126,45,31,55,39,75,37,48,92,90,58,13,141,38,10,30,149,99,41,0,26,3,32,89,71,109,34,108,23,93,67,69,59,95,119,146,42,148,63,60,53,127,20,144,5,66,47,118,64,98,103,125,14,138,80,140,16,25,115,105,28,33,11,122,49,73,1,84,15,97,147,104,87,114,29,57,7,46,112,74,116,101,132,76,123,21,72,102,68,8,110,79,100,54,86,96,82,111,43,61,77,121,44,106,4,88,78,128,94,12,131,56,130,81
137,6,88,50,4,58,134,126,124,45,55,141,9,145,32,129,61,136,138,94,27,2,17,64,146,85,15,39,57,59,77,62,139,60,51,91,31,115,122,82,92,75,37,107,100,70,14,13,108,112,10,127,83,7,21,0,26,28,3,76,80,56,96,22,133,93,110,69,114,95,119,65,42,148,147,86,53,142,117,144,5,66,16,33,67,84,38,101,116,54,132,46,123,19,40,118,71,102,11,43,98,103,109,120,24,36,99,41,35,135,29,63,23,104,20,1,74,140,8,97,90,34,72,130,68,49,44,73,48,25,47,149,105,111,125,128,79,121,30,87,113,106,78,89,52,12,131,18,143,81
144,6,8,28,4,107,114,103,11,45,55,141,125,78,57,25,128,136,89,94,56,52,68,50,19,148,99,88,123,59,96,65,139,60,51,116,124,115,122,82,15,75,40,79,67,92,117,23,108,1,13,69,147,7,21,146,129,138,24,73,77,27,100,22,133,37,2,76,62,95,145,135,30,58,119,38,83,142,39,127,5,106,16,33,120,84,93,44,29,54,98,46,112,113,105,42,71,72,53,102,0,43,109,85,149,41,66,31,35,14,80,101,61,104,20,90,86,140,81,48,131,111,97,130,110,36,10,63,74,91,87,126,3,32,118,134,34,17,64,121,137,70,9,132,47,12,26,18,143,49
67,24,77,17,4,29,22,61,41,38,87,74,125,54,57,60,132,69,107,59,47,95,68,110,19,148,126,76,123,56,120,15,106,116,28,33,102,115,73,82,10,119,40,79,118,112,36,23,108,114,55,78,147,121,13,135,92,138,97,149,144,90,133,31,145,2,130,128,62,111,134,27,140,39,105,8,50,142,137,127,5,146,25,6,51,83,113,98,63,84,143,46,64,139,93,42,71,49,53,117,0,43,109,85,141,52,44,136,35,129,72,101,131,104,20,124,1,16,103,86,48,80,65,11,9,96,94,58,100,91,89,37,14,32,122,66,34,75,81,3,99,70,21,45,88,12,26,18,30,7
17,114,133,64,77,28,30,61,41,38,134,87,125,93,57,120,132,0,107,11,12,35,49,56,71,148,15,33,3,147,105,46,106,116,24,43,60,4,73,68,10,131,75,79,121,128,139,100,55,54,23,97,96,67,146,112,74,63,5,26,136,76,65,31,145,135,94,2,89,142,118,27,72,39,44,123,50,37,137,127,92,22,119,6,40,83,21,98,110,143,14,130,84,51,20,42,113,58,53,117,140,52,19,85,138,149,69,78,129,82,8,62,111,47,45,101,13,16,103,86,48,108,144,59,90,36,124,91,9,7,141,115,109,32,29,66,34,126,81,104,80,70,25,122,88,102,95,18,99,1
17,84,133,125,74,2,30,79,63,111,0,113,61,93,24,115,13,20,88,89,87,35,49,148,142,14,15,137,50,147,105,43,106,116,46,114,32,4,90,41,99,104,75,51,121,60,139,100,11,128,23,97,28,58,146,92,47,118,36,64,136,71,48,95,72,135,65,76,68,143,69,67,1,39,62,123,124,25,57,129,40,22,27,6,127,66,21,94,110,141,81,37,38,45,26,42,145,9,140,117,7,52,130,85,138,18,109,70,112,82,53,16,33,96,5,101,131,149,103,29,102,86,77,73,132,78,56,91,3,108,19,8,12,134,119,144,34,55,44,31,10,126,120,122,98,59,54,80,107,83
74,11,82,8,19,69,17,77,63,30,146,113,131,49,135,115,85,61,118,129,87,35,4,148,130,137,107,1,81,40,123,42,106,0,76,52,133,114,90,138,53,41,51,93,2,121,86,132,66,128,34,97,136,140,48,92,147,58,36,64,73,71,50,7,43,96,65,26,68,55,94,24,9,141,16,29,54,28,57,80,145,22,27,6,95,14,127,60,110,15,149,37,38,45,79,104,111,99,143,117,23,21,142,44,88,18,109,70,144,84,32,89,33,46,5,83,78,67,13,47,103,39,124,91,20,116,56,119,75,59,125,102,108,134,105,72,112,25,100,31,10,126,120,122,98,3,101,139,62,12
119,101,82,125,19,128,17,77,47,6,146,120,76,132,118,51,69,112,103,126,106,149,13,108,95,102,85,100,81,105,123,37,74,75,138,52,133,114,117,99,53,41,3,67,2,121,86,140,54,98,34,90,136,113,48,134,147,49,63,78,59,129,1,14,66,60,65,64,36,91,43,24,148,30,16,93,143,58,62,45,35,22,130,87,40,38,127,33,10,15,94,131,84,137,145,29,27,9,70,57,26,71,142,44,111,21,110,144,141,23,32,89,61,11,92,83,135,72,109,7,28,39,124,50,20,104,56,115,116,97,55,122,68,4,107,0,79,25,42,31,73,8,88,96,5,46,18,139,80,12
69,26,122,82,45,8,123,57,127,1,146,120,3,119,118,78,5,30,76,126,106,133,104,15,125,107,79,100,52,83,88,132,49,75,138,65,149,2,71,99,64,41,101,67,11,121,129,111,105,98,63,22,77,32,48,134,113,117,55,74,93,89,73,136,33,143,39,85,36,18,43,147,20,42,16,114,140,31,62,12,35,97,34,87,40,38,66,72,10,17,91,23,54,137,145,29,94,135,70,139,53,4,13,44,130,90,95,84,86,25,148,59,61,102,112,144,80,92,109,7,68,21,124,60,58,103,56,115,116,19,96,81,14,142,28,0,6,50,131,9,110,27,128,24,51,46,141,37,47,108
148,34,122,130,45,8,123,57,127,43,13,23,63,53,118,117,5,2,12,126,113,110,59,15,124,107,79,100,98,94,88,25,56,75,31,52,70,102,69,99,74,41,33,22,149,21,129,84,138,73,120,9,103,11,140,29,134,78,39,47,93,58,71,109,68,0,32,10,66,18,19,147,20,97,42,114,7,112,83,49,35,135,54,108,40,139,146,72,111,27,44,128,62,61,119,105,132,87,67,76,141,4,145,36,125,90,95,142,86,50,16,48,89,106,38,144,143,92,65,85,51,80,136,30,133,3,64,46,116,131,96,81,104,17,28,121,6,115,60,24,101,82,26,14,137,55,1,37,77,91
1,34,46,130,127,8,141,41,138,12,81,26,89,50,119,148,5,2,128,86,9,110,27,15,122,115,104,70,98,58,134,92,33,83,117,77,66,19,96,125,109,44,45,13,149,6,129,84,103,101,120,63,91,11,95,29,55,85,24,82,93,114,71,57,68,53,113,80,49,137,126,10,20,135,78,48,7,112,59,79,35,146,54,40,38,139,23,72,99,133,0,28,105,61,56,62,3,111,67,136,39,64,124,36,14,90,144,142,131,47,22,97,42,106,16,140,143,43,65,147,51,100,25,30,32,31,94,87,116,21,4,145,102,17,75,121,69,76,60,123,18,52,107,132,74,73,37,108,118,88
46,148,33,67,23,70,19,8,138,11,87,1,4,50,119,88,136,112,73,78,9,110,134,97,122,115,104,135,34,14,126,92,22,103,117,77,74,65,96,36,128,43,45,13,91,113,83,141,79,15,120,39,54,86,68,81,89,85,76,90,93,127,72,137,109,41,0,63,44,69,47,95,28,82,6,48,94,7,25,133,35,132,2,40,18,139,129,20,99,37,140,21,105,61,71,108,3,111,101,106,118,64,30,143,27,98,80,131,125,124,49,145,146,53,16,114,55,12,56,62,51,100,144,38,59,31,149,66,116,5,26,147,102,17,58,24,32,84,60,123,121,52,107,29,42,75,142,57,130,10
117,114,92,67,30,70,140,2,91,83,56,1,94,129,119,88,51,112,146,77,9,69,134,97,8,115,104,135,139,103,89,124,116,65,48,28,142,16,96,36,128,58,143,126,144,32,109,141,84,15,120,39,55,127,148,33,90,22,64,130,93,66,82,60,34,137,0,122,45,78,25,95,118,63,6,132,18,7,50,75,35,100,17,40,81,76,19,47,53,37,147,21,105,61,71,44,3,111,86,108,74,72,138,29,87,31,24,42,125,99,98,4,110,149,13,26,68,49,14,113,136,12,43,38,59,27,106,62,11,133,85,5,102,46,79,57,23,20,10,52,73,121,107,101,41,145,54,131,80,123
117,34,5,65,73,70,59,2,91,24,56,42,94,38,96,6,51,47,102,116,30,40,62,50,75,145,108,132,100,46,135,44,57,130,48,126,121,60,25,131,128,58,45,106,79,69,127,81,84,83,105,88,146,78,32,7,90,22,95,20,93,66,137,149,53,55,28,122,143,109,13,134,118,63,120,67,0,92,72,139,35,76,64,141,3,8,19,17,12,21,80,148,89,61,71,9,36,111,142,140,74,1,147,29,87,31,4,14,125,15,98,107,41,33,114,26,27,49,10,113,136,129,43,77,97,103,115,82,86,133,119,101,138,37,11,144,23,39,99,52,112,110,124,68,18,16,54,123,104,85
117,34,62,111,66,61,59,64,91,56,48,81,40,38,124,84,26,149,83,70,126,63,67,50,106,145,95,24,45,30,135,89,41,133,51,71,121,65,20,131,33,58,86,92,141,39,101,134,53,42,122,46,113,78,9,60,105,110,29,75,17,138,136,116,4,11,28,36,25,109,32,100,13,115,120,144,0,130,140,139,35,73,132,128,3,79,22,82,12,21,2,148,96,1,85,94,87,76,142,7,119,102,74,118,99,88,43,14,125,15,98,19,80,129,69,47,68,137,10,37,127,8,93,77,97,103,49,27,6,5,143,108,57,55,44,107,23,146,52,90,112,114,31,72,18,16,54,123,104,147
96,34,62,27,101,90,66,131,91,70,54,36,40,139,124,74,145,43,44,84,61,63,126,95,141,71,25,114,100,30,135,89,11,133,33,20,22,65,85,119,45,57,58,56,59,39,9,149,53,51,122,60,113,78,86,12,105,147,29,93,21,50,46,116,69,17,28,146,127,81,41,77,13,143,24,26,18,130,0,48,55,73,92,110,117,115,76,98,132,104,99,72,4,1,140,75,87,125,142,7,23,120,49,118,31,88,83,108,8,109,79,134,64,129,121,47,68,35,128,37,6,80,15,42,106,103,10,5,32,94,144,137,14,138,148,3,19,102,52,67,112,107,38,136,2,16,97,123,82,111
96,110,80,76,73,90,119,131,112,70,135,72,75,77,39,116,2,83,44,104,22,63,59,137,84,71,25,115,100,29,46,89,11,36,12,93,121,130,9,143,88,51,58,64,67,56,54,149,53,138,3,1,105,61,99,6,17,69,45,0,133,50,124,34,134,147,139,57,111,13,41,27,106,74,24,26,18,48,60,127,55,81,128,65,117,5,68,146,132,113,142,101,92,114,98,97,30,126,136,7,35,120,82,118,4,109,28,66,8,86,49,62,33,148,16,47,108,125,21,145,78,85,15,42,141,37,103,40,32,94,144,140,14,31,20,43,19,102,52,23,79,107,91,122,38,87,129,123,95,10
88,55,80,5,73,29,103,12,106,141,0,100,105,127,39,97,90,83,142,51,76,56,78,87,10,37,45,115,67,129,61,17,118,36,143,16,23,19,46,145,111,119,20,64,124,84,54,22,108,138,3,68,122,116,99,42,62,52,71,6,57,50,41,82,89,147,27,28,72,13,86,93,24,74,31,26,18,34,95,79,32,140,133,65,117,134,1,146,104,149,128,101,109,77,98,130,131,25,136,69,35,113,148,48,81,9,30,66,91,60,49,75,92,137,112,47,94,125,8,139,4,85,15,121,96,11,63,40,2,21,144,120,14,59,132,43,135,102,44,114,58,107,110,53,38,70,33,123,7,126
107,66,21,33,54,29,132,11,123,121,142,127,43,12,39,97,90,83,75,115,45,73,78,31,86,149,1,135,98,129,145,76,133,99,84,13,50,87,46,57,17,119,28,64,130,55,94,114,3,138,72,68,122,9,67,124,14,141,71,27,131,96,41,82,89,77,95,0,8,108,32,93,53,139,26,136,18,105,22,61,80,52,30,137,34,134,109,10,104,16,128,6,74,147,20,62,51,143,91,60,35,113,92,48,81,116,42,112,56,118,47,103,65,37,15,120,79,125,117,25,4,49,36,5,24,140,63,40,102,23,144,148,111,59,88,100,44,146,2,69,58,85,110,106,38,70,101,19,7,126
101,46,21,110,115,52,4,114,49,61,19,127,135,81,130,22,64,27,82,9,120,73,70,3,2,149,119,77,98,129,56,76,142,17,91,106,50,146,66,55,136,38,28,102,33,45,141,117,93,138,145,68,59,26,67,124,43,83,25,40,131,96,5,90,24,126,54,0,8,108,32,112,105,139,140,97,84,58,31,125,80,71,30,69,34,134,10,29,88,128,95,133,74,42,20,62,109,143,51,60,13,18,92,48,148,116,132,121,1,118,87,123,65,6,94,85,7,111,11,63,39,15,36,113,104,99,78,79,14,57,144,86,12,41,107,100,44,103,75,35,37,147,23,47,72,16,122,89,53,137
110,139,28,97,115,36,138,101,76,61,102,49,38,34,107,48,14,149,133,79,126,73,37,108,2,145,119,116,98,129,120,46,12,124,92,89,50,67,70,55,136,106,137,20,118,45,105,87,16,6,114,4,130,125,140,44,43,94,25,40,131,141,144,26,109,128,32,0,93,11,8,112,146,24,57,51,84,99,121,52,77,134,58,69,19,13,83,29,88,1,64,123,132,96,5,10,59,68,135,60,143,18,147,62,148,90,9,21,66,95,127,103,31,74,80,85,7,111,78,63,39,15,35,33,104,75,17,54,142,91,117,86,56,41,65,100,113,3,82,42,30,47,23,27,72,71,122,22,53,81
110,105,44,93,69,36,91,95,65,30,75,121,119,54,107,141,116,21,98,35,126,27,61,109,2,46,42,139,28,130,77,76,12,79,73,90,112,49,74,38,16,40,120,100,118,67,70,87,29,82,114,14,60,125,51,25,33,94,101,18,104,92,144,85,148,43,32,0,127,11,8,3,146,59,134,86,84,115,23,4,129,19,58,53,37,13,99,22,88,63,64,47,132,137,113,106,71,55,135,97,145,149,147,89,57,66,48,62,20,52,128,133,31,140,80,26,7,9,78,111,39,15,83,1,24,96,17,34,142,103,117,122,56,41,123,143,136,50,124,5,102,68,10,6,72,45,131,138,108,81
110,2,44,74,62,36,15,92,33,11,20,41,25,28,140,138,4,21,80,64,23,101,43,144,125,126,93,5,122,141,50,61,12,147,14,90,67,103,34,134,18,27,120,54,118,70,63,65,29,82,114,106,146,16,8,13,47,38,57,69,104,107,71,78,77,130,32,148,49,51,137,109,10,59,119,84,139,115,97,42,129,60,58,53,37,113,143,76,88,7,86,66,121,87,40,127,135,55,83,105,3,132,22,85,56,24,48,98,100,52,128,133,31,131,94,26,73,9,95,111,39,0,19,1,99,96,108,142,102,89,117,112,149,91,123,72,79,35,136,30,124,68,145,6,75,45,116,46,17,81
52,25,5,98,62,68,134,58,33,130,20,84,106,50,140,138,2,51,80,64,97,101,0,76,149,103,94,30,122,109,90,37,61,147,69,125,40,10,100,110,18,27,131,77,85,108,29,65,41,82,119,93,120,9,8,16,47,42,121,15,59,71,4,126,13,57,32,11,118,86,137,17,148,91,36,81,66,115,49,114,22,73,92,38,113,89,23,53,88,7,46,35,6,87,14,127,136,55,83,67,107,132,21,142,60,24,48,43,31,104,135,44,117,112,56,72,139,74,95,111,39,146,63,1,99,96,105,3,102,141,54,128,34,129,144,70,79,78,12,28,124,26,45,19,75,116,133,145,143,123
124,107,5,19,62,111,134,113,33,57,12,84,45,54,132,66,58,82,80,87,112,61,0,76,34,103,94,52,130,36,136,106,140,29,127,123,20,18,85,75,121,27,131,77,142,68,117,73,41,100,115,70,109,9,10,16,47,42,65,38,56,63,4,48,141,114,59,11,43,88,102,104,138,91,6,81,137,32,49,30,7,98,92,145,24,89,23,93,2,79,83,78,139,53,126,13,149,8,147,67,90,50,129,31,116,3,71,40,14,101,17,44,55,125,110,51,119,74,95,37,72,97,108,1,99,96,105,15,25,86,69,128,46,135,144,120,118,122,64,28,39,22,60,133,26,146,148,21,143,35
124,89,5,70,98,111,52,66,30,57,13,138,92,118,123,141,46,50,63,105,143,0,87,82,38,103,9,34,58,84,145,106,130,29,75,148,8,18,11,69,121,142,131,112,37,68,2,44,41,100,60,120,81,61,10,133,19,73,65,64,79,86,140,48,67,85,80,115,43,113,94,47,6,114,4,15,137,71,49,56,28,76,33,129,21,126,23,93,12,104,83,78,39,53,125,24,99,54,147,35,90,72,109,1,116,132,136,32,14,101,27,102,55,62,110,51,119,88,95,128,36,97,108,16,146,59,107,135,20,17,77,96,22,3,144,26,91,122,25,7,149,74,127,117,45,40,42,139,134,31
109,89,78,142,71,23,8,83,47,22,13,138,92,112,90,52,67,108,11,16,63,123,120,82,38,149,141,119,58,5,145,110,20,99,35,148,91,139,105,30,70,134,111,45,54,24,6,113,41,32,60,98,81,128,117,77,124,73,97,64,56,104,57,48,100,87,80,0,95,121,62,17,136,33,43,15,137,125,102,79,28,76,103,129,10,36,9,49,37,7,39,68,147,53,115,3,106,94,4,130,107,72,42,116,84,132,85,34,14,101,114,118,55,50,75,51,18,88,1,27,65,46,133,69,131,59,96,135,44,140,29,143,86,2,144,26,66,146,25,61,19,74,127,93,21,40,126,122,12,31
115,33,78,54,149,4,84,88,144,22,13,27,123,68,106,136,65,108,130,62,87,5,102,103,24,77,8,119,135,48,139,110,20,109,35,11,66,147,105,52,70,18,81,148,82,132,6,113,104,32,73,57,131,75,117,53,29,100,97,90,56,91,63,107,89,137,60,111,44,121,0,16,85,128,43,17,142,125,42,98,28,99,134,92,37,80,9,129,49,31,39,46,26,118,145,3,30,94,141,15,50,47,23,41,25,112,36,124,7,45,21,1,55,67,114,51,101,64,122,133,138,96,2,69,83,59,58,72,38,140,61,143,86,126,95,76,14,146,120,34,19,74,127,93,10,40,79,71,12,116
85,48,78,58,149,70,84,88,15,26,13,9,123,68,40,136,130,108,143,62,138,137,109,103,24,114,146,119,133,59,139,129,91,41,22,144,14,147,8,27,141,18,28,148,72,132,101,21,11,35,106,37,2,75,131,53,93,125,16,29,99,94,63,111,89,34,73,135,83,39,122,67,110,127,3,0,44,31,6,98,17,77,87,50,142,80,81,61,49,116,7,46,65,118,105,134,5,64,43,36,104,47,23,97,25,112,54,76,120,128,86,82,55,4,92,100,60,52,90,38,42,102,96,69,56,20,45,10,145,140,115,66,32,126,57,1,121,74,51,117,30,19,124,113,107,33,79,71,12,95
147,55,137,58,91,4,98,139,15,100,13,116,123,61,114,21,130,115,3,142,6,30,109,5,107,40,146,80,108,149,53,129,23,42,57,54,14,85,89,90,128,18,28,148,50,67,43,11,56,141,106,125,2,72,131,132,127,36,78,44,133,94,63,121,10,126,16,52,84,39,122,68,145,71,99,0,41,31,9,113,70,111,29,37,27,134,1,136,49,81,105,46,65,26,117,48,82,118,119,60,138,47,110,97,25,34,112,33,73,22,87,45,76,59,64,103,93,17,88,19,62,102,96,69,20,8,144,79,24,140,135,66,32,83,86,101,35,74,51,120,7,143,124,92,75,104,77,38,12,95
147,65,111,56,43,4,98,139,15,79,120,73,89,45,114,76,143,61,36,112,58,21,134,5,100,119,121,99,11,52,88,28,23,13,35,54,46,85,109,90,30,2,60,148,10,75,68,146,118,127,117,116,62,105,131,132,42,129,122,144,96,94,63,107,19,34,137,67,84,64,22,106,53,71,126,0,92,17,9,145,70,29,130,93,49,31,1,44,48,81,39,7,138,83,77,115,82,47,125,104,123,128,110,97,142,16,6,33,91,25,87,149,57,59,50,3,141,40,78,8,14,102,26,113,20,69,74,24,140,133,135,66,32,55,86,27,41,103,72,38,51,37,124,136,108,80,101,18,12,95
88,134,68,56,39,4,98,3,15,90,85,42,96,109,54,129,10,17,0,12,32,82,27,34,19,101,9,99,35,61,28,33,57,86,53,66,142,65,64,122,128,2,70,148,75,55,59,11,74,30,25,116,62,105,114,22,145,124,139,58,21,73,149,107,130,112,137,44,147,100,78,106,144,80,50,110,92,84,97,81,120,29,143,140,49,31,123,52,48,23,93,5,138,83,77,79,26,7,125,131,45,146,47,1,104,16,6,119,91,141,87,103,121,76,13,43,127,67,118,8,38,102,126,113,20,69,63,24,36,14,135,89,18,46,115,117,41,108,72,111,51,132,37,136,40,71,94,133,60,95
53,107,69,14,39,76,28,3,15,130,5,42,0,24,54,120,61,36,8,41,129,82,138,149,109,101,71,114,66,32,63,147,57,25,83,140,7,9,64,26,94,98,70,33,65,29,134,59,74,30,122,121,62,105,85,90,145,124,23,13,21,73,2,81,11,127,111,44,1,47,86,106,93,80,115,110,58,84,119,37,112,34,91,92,49,46,123,128,35,100,68,4,20,137,77,79,48,104,136,95,50,146,72,40,88,16,142,22,131,141,133,75,60,6,97,43,143,67,118,125,78,102,126,113,17,31,12,18,10,148,87,135,89,116,96,117,51,45,19,108,99,132,55,38,144,56,27,52,139,103
36,2,69,86,8,76,28,81,9,130,52,115,85,24,4,100,129,118,141,122,55,142,138,147,105,74,26,14,66,32,16,116,49,25,93,140,58,39,0,70,94,98,123,33,3,29,134,108,50,30,13,113,41,127,120,38,145,80,128,84,64,17,44,57,136,143,101,59,1,73,114,23,146,53,35,110,149,63,119,92,60,34,46,71,99,6,72,97,109,133,15,87,20,121,47,19,83,102,91,27,45,148,10,112,88,79,132,22,131,12,40,82,21,54,18,43,5,67,107,125,78,65,126,77,42,95,106,56,37,61,104,135,89,75,96,117,51,90,11,124,62,137,7,31,144,68,111,48,139,103
63,51,69,90,53,73,91,15,58,87,52,61,85,110,79,49,43,118,141,72,124,142,138,147,77,74,17,65,139,23,38,116,89,86,93,36,106,97,134,140,94,137,123,127,24,46,107,100,50,14,81,130,41,113,80,54,145,133,117,84,71,120,11,13,132,57,16,1,149,2,78,129,146,30,35,144,56,21,40,92,104,96,66,9,99,128,148,19,109,101,44,105,20,121,47,131,83,102,5,27,45,12,10,112,88,32,122,26,59,33,7,42,0,6,55,76,29,22,126,125,18,82,39,119,136,70,4,143,37,108,3,98,111,75,135,31,115,67,28,64,62,95,60,25,114,68,8,48,103,34
92,51,69,85,13,97,75,15,0,23,125,71,1,56,76,133,101,118,141,147,144,142,72,149,80,42,61,65,102,62,5,122,89,91,93,32,114,77,110,140,68,46,20,127,24,49,63,107,50,14,35,82,10,2,39,54,145,98,34,84,100,120,146,45,132,38,16,31,112,143,60,108,44,70,129,79,99,87,17,137,104,96,130,9,126,43,33,48,116,90,11,28,136,148,47,131,83,86,105,12,128,67,138,40,88,4,94,30,26,106,7,117,119,59,55,73,29,22,139,74,18,109,3,115,19,78,135,36,37,134,124,6,111,121,123,58,113,81,103,64,27,95,53,25,21,57,8,66,41,52
136,95,99,105,134,10,75,30,0,23,15,125,24,38,94,133,101,118,97,100,48,5,72,84,9,12,116,65,41,142,1,122,131,91,148,70,73,55,110,140,81,62,20,32,58,4,63,44,50,26,144,31,76,40,138,22,25,93,34,139,98,120,3,36,60,18,16,132,2,143,6,108,92,69,129,79,111,43,89,137,14,96,7,109,126,61,39,13,128,78,11,53,127,28,47,74,57,114,115,17,59,67,147,56,88,80,54,21,86,29,145,117,119,42,85,103,107,46,90,83,149,68,77,52,106,104,27,71,37,33,124,51,35,121,123,87,113,141,49,19,146,102,64,112,130,82,8,66,135,45
127,27,43,81,134,18,75,146,28,23,113,125,24,40,94,72,101,14,97,29,48,5,36,80,32,12,116,65,19,50,114,61,44,130,148,115,25,55,110,140,11,16,42,0,95,4,77,39,67,118,91,31,76,142,138,13,139,93,37,34,149,26,3,56,60,51,98,64,131,45,106,108,71,119,120,30,111,54,89,46,102,96,84,73,49,21,70,144,83,10,53,7,78,8,2,141,57,69,126,100,135,38,79,82,6,17,132,112,47,128,145,62,137,74,122,103,33,143,68,85,88,117,1,52,129,104,15,59,109,147,124,22,35,121,123,9,63,92,90,86,99,58,41,136,107,20,133,66,87,105
127,38,23,117,36,119,133,108,149,9,42,125,24,138,75,72,93,120,97,99,47,5,121,131,62,78,116,65,140,50,94,100,44,59,33,1,137,34,101,81,35,16,110,124,95,26,147,39,77,118,102,85,76,142,141,122,139,10,123,128,145,146,54,56,60,148,98,64,115,45,106,25,32,52,63,6,49,12,11,135,17,103,67,73,130,90,112,27,83,21,107,7,3,114,2,37,91,46,126,136,0,53,79,82,84,74,132,48,40,58,55,61,92,69,105,4,89,143,30,29,14,134,57,68,129,104,15,22,109,51,66,8,31,71,28,70,20,43,96,86,144,19,80,41,113,88,18,13,87,111
127,38,118,121,143,88,71,120,149,75,42,125,24,112,73,77,99,41,97,49,47,141,65,131,117,63,68,43,140,148,70,145,102,93,33,1,137,139,111,86,35,142,110,92,95,59,67,9,132,58,83,74,147,128,69,122,26,53,114,29,4,19,51,89,31,57,34,56,115,81,2,50,6,52,25,32,46,79,11,135,17,103,5,45,130,106,119,62,21,48,101,7,3,39,16,85,60,124,126,27,14,90,12,105,54,123,0,146,8,10,55,61,133,109,40,72,36,107,30,76,100,91,28,94,108,104,15,22,138,136,64,134,66,78,129,13,20,44,96,116,144,18,23,84,113,80,82,98,87,37
66,44,33,50,16,109,126,120,84,0,78,24,79,127,73,77,99,13,133,49,47,22,65,42,136,75,68,2,140,17,108,95,94,35,56,54,137,148,111,132,118,53,110,103,119,34,59,9,101,58,128,32,147,43,69,45,70,100,31,87,114,26,51,39,8,138,92,38,145,81,74,60,21,52,25,46,143,131,11,112,141,36,123,89,91,12,15,62,29,20,64,149,3,67,117,85,14,124,7,76,135,90,102,5,23,41,61,146,97,10,57,48,121,27,130,106,93,107,113,63,71,40,28,88,83,125,142,105,115,4,104,134,19,86,129,30,72,6,96,116,144,37,55,18,122,80,82,98,1,139
142,135,43,92,145,120,9,134,31,0,78,141,79,127,50,68,33,2,133,96,70,146,106,42,16,57,109,73,15,17,143,19,94,122,61,62,89,25,112,48,56,93,110,103,95,21,115,65,101,5,128,32,147,87,22,69,54,3,119,8,85,124,51,44,140,138,126,34,58,77,74,55,121,104,80,46,59,131,26,13,108,36,137,6,91,12,123,47,49,20,64,29,66,67,76,84,14,40,7,60,81,10,102,129,28,45,111,4,136,37,132,24,90,39,130,71,98,107,27,63,41,148,149,11,83,117,18,105,86,114,53,125,139,35,88,52,72,23,118,116,144,75,97,113,38,30,82,100,1,99
119,126,30,92,145,138,9,67,100,16,141,53,144,125,23,11,49,2,42,55,70,61,4,57,3,35,109,113,39,118,137,19,94,44,134,8,59,25,143,140,56,17,110,103,80,21,115,27,85,107,24,32,95,20,22,48,54,114,68,89,43,91,96,73,127,124,58,34,62,77,129,98,52,65,136,46,74,131,139,13,108,132,82,1,120,130,123,10,5,66,64,29,15,18,76,84,90,40,106,60,99,147,112,50,117,33,111,37,72,79,146,102,148,78,6,71,26,31,45,63,41,93,104,135,83,12,128,105,149,121,97,87,86,101,133,14,88,47,0,116,75,81,69,51,38,142,36,28,7,122
107,98,30,92,115,138,26,76,109,119,146,105,17,39,93,11,7,27,24,55,70,42,10,57,61,22,114,77,112,29,137,19,36,50,134,16,59,25,33,140,12,79,110,102,125,21,58,35,44,122,139,149,143,133,73,56,132,66,103,40,43,91,28,0,141,147,83,67,62,100,129,116,127,32,52,20,74,54,65,13,108,49,82,48,1,130,2,85,53,142,106,78,68,9,71,80,90,60,75,14,99,94,46,120,117,64,111,31,72,95,101,4,8,113,6,18,148,126,3,69,41,136,144,135,89,38,128,131,63,5,97,87,96,45,121,84,88,118,15,124,47,81,37,51,104,34,123,145,23,86
8,132,49,92,44,47,26,125,3,22,142,103,52,14,139,134,146,119,48,113,110,59,20,135,69,68,147,62,112,29,137,19,74,54,122,16,94,87,33,6,50,105,9,73,129,21,106,101,55,7,130,95,143,133,91,40,136,121,109,24,66,149,141,0,88,126,83,114,72,118,124,116,127,102,28,123,100,15,65,98,108,81,4,30,1,11,2,70,53,56,36,84,57,115,10,71,12,60,75,90,99,140,46,32,120,64,111,13,145,67,97,82,58,43,27,18,148,138,61,39,144,78,42,35,89,25,128,131,93,5,79,85,96,51,77,63,41,107,17,31,38,45,37,117,104,34,80,76,23,86
70,8,88,66,1,116,54,145,69,6,81,92,126,14,139,11,31,72,119,85,77,79,20,146,134,47,147,62,32,90,137,65,35,44,122,16,25,87,80,114,91,105,29,23,52,21,106,117,55,64,138,41,143,133,26,7,109,60,28,37,99,149,48,0,82,130,136,45,9,84,124,108,67,19,75,10,112,15,63,98,94,131,148,30,71,59,2,3,53,56,24,4,57,115,43,50,86,95,142,78,12,140,38,36,120,121,111,13,83,129,102,103,123,132,127,113,27,22,73,141,58,46,42,34,100,125,128,89,74,5,68,144,96,51,49,61,39,107,17,18,110,76,101,40,104,93,118,135,97,33
70,53,4,109,68,122,114,103,86,6,72,74,63,90,139,18,118,2,119,128,22,21,20,43,84,41,147,62,10,50,59,65,101,44,130,115,25,88,80,129,91,133,7,117,99,8,142,108,55,61,1,113,42,24,14,35,77,148,17,78,107,100,54,0,97,93,136,32,144,40,132,76,67,27,75,85,112,9,45,105,94,131,28,30,134,98,19,16,23,56,15,92,126,121,33,52,49,95,127,26,57,140,146,5,120,143,111,13,83,60,102,11,71,12,137,69,3,149,73,135,58,46,123,106,82,125,145,89,38,66,124,34,96,51,81,36,39,64,141,48,110,31,104,37,79,116,138,87,47,29
73,65,101,91,7,149,114,39,129,100,60,74,76,26,112,95,96,117,119,27,110,92,20,130,116,0,18,55,51,109,59,13,41,44,24,98,120,93,85,57,14,146,139,50,133,99,148,106,105,61,1,113,42,108,6,86,143,131,17,63,121,34,8,64,115,2,23,19,136,40,9,144,107,122,75,62,66,87,45,124,94,54,78,30,49,140,138,68,53,43,12,142,126,37,33,52,22,31,127,47,84,56,90,5,16,69,111,77,103,28,102,11,71,35,137,10,3,32,70,88,58,46,83,104,82,125,135,89,38,67,145,80,123,97,81,36,132,21,141,147,48,15,72,128,79,118,134,4,25,29
126,44,101,35,37,127,114,118,129,102,138,70,69,46,112,95,125,15,119,111,59,57,20,116,41,56,18,16,43,19,103,13,149,32,128,106,120,93,85,98,14,62,74,50,133,100,72,75,105,73,11,83,42,110,144,140,5,131,34,63,54,58,8,64,115,86,22,21,132,40,79,76,107,52,122,77,136,27,113,33,94,45,24,39,49,96,78,66,53,2,82,26,90,10,65,109,148,68,47,61,84,67,71,12,25,55,99,147,143,6,92,31,123,51,137,28,23,60,17,9,81,142,97,104,7,139,135,89,108,121,145,4,3,88,38,36,30,146,141,87,48,130,124,1,91,0,134,117,80,29
126,3,101,107,37,92,114,106,132,91,52,70,103,46,120,100,97,44,123,12,59,112,84,58,64,17,18,16,24,80,47,73,111,32,131,96,0,115,85,76,14,62,2,50,79,130,51,75,138,11,22,13,137,65,121,81,54,35,34,127,30,95,40,86,118,72,141,29,129,25,15,1,60,53,102,77,136,27,113,33,122,56,38,57,9,69,61,66,78,43,82,26,45,21,5,119,67,68,149,20,42,93,142,104,144,48,99,147,10,6,55,31,74,89,49,28,23,71,94,98,109,41,125,39,7,139,87,116,108,105,145,110,83,88,63,135,133,4,117,19,128,148,124,146,90,36,134,143,8,140
139,90,74,123,37,78,137,106,132,91,5,114,67,19,15,100,32,79,112,64,59,39,9,53,57,30,144,21,43,80,0,73,51,14,131,96,49,6,85,109,126,111,125,50,35,81,47,116,138,11,10,13,20,107,38,148,12,83,76,120,44,97,69,65,118,58,113,95,129,72,147,1,75,119,102,56,3,149,141,127,28,117,60,140,54,84,86,66,42,27,82,26,45,40,33,46,77,68,25,98,103,41,142,115,136,122,99,61,34,121,92,24,124,89,146,55,23,94,7,130,29,2,101,104,52,18,87,16,108,70,145,110,22,105,63,62,133,4,31,88,128,93,48,8,143,36,134,17,135,71
139,90,128,7,30,144,129,147,116,91,5,142,97,19,100,48,107,75,112,67,37,14,9,39,103,28,36,132,131,80,0,73,51,93,126,27,105,54,94,70,53,137,78,109,6,99,47,45,138,63,50,72,21,120,44,3,12,96,76,25,81,92,83,130,118,58,87,95,13,102,11,69,22,135,104,59,111,149,141,127,123,117,60,140,133,84,146,66,110,56,82,26,125,24,10,113,49,55,61,46,98,41,57,115,52,122,35,43,38,121,106,89,124,33,62,108,86,23,77,42,29,71,101,85,64,15,4,2,74,136,134,40,18,16,79,32,17,34,31,88,145,65,143,8,1,68,148,119,20,114
118,15,12,7,44,34,129,88,6,94,5,31,97,71,79,28,107,21,65,67,47,98,128,40,139,130,61,149,32,80,37,136,51,93,140,27,105,54,84,13,59,137,114,148,127,11,36,90,138,63,14,72,70,20,103,1,110,96,76,22,89,92,73,75,115,112,104,124,35,102,42,69,120,109,81,48,9,111,135,53,64,38,123,143,133,10,146,68,49,56,113,141,24,126,33,85,16,55,57,60,19,41,50,86,52,0,132,43,116,58,106,119,147,45,62,108,121,23,25,74,29,82,39,100,77,3,4,2,134,95,125,131,18,145,99,83,17,87,101,122,78,144,117,8,26,30,142,46,91,66
68,95,12,126,69,131,129,23,98,42,14,79,97,71,70,136,107,27,32,110,48,122,113,74,127,37,2,106,51,146,63,103,111,93,29,52,105,22,84,60,20,24,80,140,21,138,36,116,45,11,10,72,134,58,148,1,141,6,147,76,7,92,73,65,56,99,62,121,64,102,75,135,120,109,81,57,15,47,13,53,8,137,34,143,133,40,25,3,49,108,130,96,54,5,44,104,17,128,59,41,115,101,33,86,66,0,132,43,85,9,119,90,88,18,149,78,123,16,35,118,19,82,39,125,77,91,4,89,28,100,139,124,55,145,112,83,114,87,94,38,31,144,117,67,26,30,142,46,61,50
18,95,109,71,112,113,103,12,92,89,121,143,38,130,13,8,50,111,32,30,48,122,145,136,72,84,2,106,17,127,63,6,78,93,56,52,120,133,27,23,3,142,96,102,21,37,57,116,135,131,44,5,134,100,137,68,141,107,147,49,76,138,73,65,125,99,124,80,64,61,9,110,67,144,81,98,15,47,83,53,20,148,123,34,39,140,25,29,132,16,119,75,54,58,7,104,35,128,86,41,114,88,24,31,42,0,79,43,149,105,51,90,97,59,62,85,82,45,36,33,22,117,115,14,77,91,4,40,101,1,139,46,55,129,66,108,74,87,94,126,70,118,146,11,26,19,60,69,28,10
11,83,133,138,112,130,41,18,44,8,121,63,72,2,141,74,70,68,43,30,48,126,119,20,114,22,10,106,56,118,82,6,1,149,145,34,14,51,132,23,3,142,52,35,61,93,57,116,135,131,101,5,104,100,50,111,143,107,127,49,27,81,73,65,55,71,94,67,26,137,9,90,99,144,123,98,15,47,4,97,120,80,108,17,39,113,103,89,136,79,124,78,95,58,7,87,19,28,86,38,105,146,24,31,96,88,128,32,37,139,75,85,12,59,62,46,122,140,36,91,64,33,115,109,54,77,21,40,102,117,148,76,125,134,66,29,129,110,42,92,53,84,147,13,0,45,60,69,16,25
95,53,133,78,110,18,81,48,111,32,77,63,79,15,138,6,120,41,3,5,40,106,119,128,148,22,10,105,25,31,82,70,121,7,145,87,108,16,56,107,125,26,122,35,11,33,102,116,118,131,137,126,104,76,21,8,20,74,114,49,27,91,73,65,1,101,94,86,112,135,28,136,99,144,43,38,17,47,4,34,84,50,36,55,39,113,103,89,139,90,124,100,19,58,9,80,83,127,98,115,12,146,62,57,46,88,54,59,37,2,75,92,52,44,23,66,93,140,132,13,64,0,68,24,67,117,109,141,142,71,85,143,29,134,96,30,129,69,42,97,51,14,147,123,72,45,60,149,130,61
95,124,57,78,110,18,81,48,42,44,97,93,79,15,83,6,9,82,3,54,10,107,70,73,148,134,28,105,68,61,115,100,121,137,139,87,108,16,116,92,125,127,147,66,36,98,141,38,33,131,1,126,2,84,80,8,21,74,114,145,27,91,58,46,11,142,101,14,119,135,94,25,99,144,130,76,120,47,51,106,117,50,96,128,39,85,103,53,30,112,133,55,37,7,75,45,0,20,17,4,12,146,64,67,29,56,104,59,90,52,26,41,132,71,34,77,43,65,140,113,102,5,35,88,32,149,69,122,138,89,63,143,13,118,24,49,129,60,22,86,136,62,19,123,72,40,111,109,31,23
18,94,147,88,110,61,130,83,41,1,97,124,121,15,54,64,62,82,3,136,6,107,71,103,148,134,81,90,68,36,138,100,67,142,85,53,115,132,116,4,20,122,70,80,73,98,27,38,149,60,13,50,2,125,76,91,28,45,112,108,42,139,12,46,135,93,126,63,119,105,127,25,146,144,117,14,11,47,120,106,87,44,22,128,51,0,99,75,66,77,133,37,9,32,34,72,96,114,39,141,137,118,86,131,29,56,101,21,57,17,109,84,145,33,59,113,43,65,10,48,102,16,35,95,26,79,69,8,5,89,7,143,30,52,24,49,129,78,92,58,23,55,19,104,140,40,111,123,31,74
18,105,66,31,30,22,123,131,82,130,110,69,121,15,148,64,62,67,114,136,52,125,55,103,59,3,81,34,113,54,138,126,116,142,96,53,115,28,39,143,33,92,70,118,139,120,17,38,72,60,13,109,147,24,135,29,42,40,127,50,129,1,12,145,89,93,56,63,119,104,10,25,146,32,117,74,88,144,75,106,87,107,51,94,98,0,99,26,149,77,8,37,47,83,76,112,21,122,134,141,128,48,86,4,61,9,101,80,57,73,85,100,90,46,133,68,43,2,79,20,71,16,124,108,44,19,11,23,5,7,45,132,84,91,6,41,14,78,35,58,65,111,49,36,27,137,97,102,95,140
83,105,82,10,3,93,100,111,74,20,110,37,136,27,4,128,127,120,19,129,96,112,68,103,71,148,67,11,81,54,126,50,116,34,7,132,115,28,29,104,70,92,131,99,76,141,122,85,1,60,13,109,45,142,135,143,53,2,5,140,56,62,12,52,118,137,31,97,119,125,57,25,146,32,117,114,42,61,75,106,87,38,51,86,15,72,139,102,123,30,134,0,44,39,14,49,21,43,107,47,113,48,94,64,91,22,18,80,101,73,55,24,95,46,133,40,130,23,79,121,89,16,124,108,33,9,8,26,65,144,36,69,84,145,6,41,138,78,35,58,63,88,66,77,59,90,147,17,98,149
125,44,6,21,16,93,105,57,144,135,110,39,136,27,79,41,127,115,19,111,96,13,43,103,71,86,109,11,134,72,108,82,0,34,7,124,14,77,25,104,70,130,131,99,92,40,122,76,1,141,59,101,17,142,112,100,54,69,60,120,56,62,12,23,126,68,26,81,114,42,138,51,146,8,89,119,117,147,102,106,133,38,145,33,85,128,35,132,97,90,75,28,78,3,50,49,129,24,107,137,113,148,94,87,91,31,118,61,121,15,55,36,95,30,47,4,37,84,45,52,123,22,5,20,46,9,88,48,83,53,32,143,139,74,64,140,29,18,116,58,63,73,66,10,2,65,80,67,98,149
68,100,6,84,147,10,105,132,111,107,110,82,7,142,117,41,108,85,19,89,29,13,43,88,5,65,86,74,11,72,83,139,53,73,101,61,144,93,118,59,125,77,81,99,92,40,122,76,27,141,130,30,17,44,28,96,129,57,95,120,114,62,113,23,4,21,32,25,145,58,34,51,103,71,66,119,55,69,102,106,126,42,115,49,146,128,75,90,3,8,149,39,78,60,1,56,140,24,26,87,131,94,70,54,91,143,35,33,121,15,97,36,47,124,148,14,37,138,134,2,16,22,112,79,46,9,123,48,12,31,104,0,127,137,136,50,133,18,116,109,63,67,52,64,38,45,135,20,98,80
52,100,6,50,91,123,7,132,59,47,138,82,72,36,17,18,135,85,119,89,27,13,43,86,5,66,103,129,11,63,83,115,53,74,37,32,144,124,116,118,4,77,10,57,92,121,122,76,110,141,102,21,67,44,28,117,69,139,95,56,114,29,30,23,65,96,70,120,145,143,101,40,39,105,54,46,88,146,3,22,64,42,73,19,149,128,126,90,31,108,34,109,0,38,1,107,48,24,55,87,131,94,113,147,41,60,35,33,79,75,80,15,134,112,148,14,133,16,25,97,93,140,26,62,58,106,142,9,99,49,78,111,8,125,12,127,61,68,51,81,45,71,130,137,104,84,2,20,98,136
101,115,6,36,91,123,60,132,59,65,138,124,17,7,21,96,22,85,63,41,27,78,43,13,18,57,142,84,11,33,88,83,79,129,76,52,144,47,116,143,64,77,10,55,92,131,87,23,110,137,139,86,56,140,42,107,31,26,95,4,114,29,81,99,49,44,70,97,145,93,135,46,39,38,54,25,30,147,105,89,67,20,8,19,61,128,16,50,45,40,34,24,35,94,1,37,90,74,141,66,109,103,71,100,126,68,120,119,106,75,48,15,82,112,148,122,130,72,133,73,80,146,9,62,58,136,69,2,117,32,149,111,3,125,12,127,53,134,108,98,113,102,0,5,104,121,51,28,118,14
13,115,144,36,51,110,38,132,8,117,130,139,67,135,21,41,56,9,3,111,137,90,43,95,94,57,142,33,101,17,88,97,79,108,96,141,22,39,69,129,64,53,10,55,14,145,87,23,112,29,26,54,44,49,35,107,31,77,105,4,12,127,81,99,2,73,80,121,91,102,25,134,86,118,37,120,63,114,82,148,59,20,71,84,131,128,136,50,45,70,34,24,138,113,1,116,122,74,147,66,109,103,65,100,62,78,119,89,106,40,48,15,32,61,85,126,58,30,133,16,143,76,27,60,18,7,83,146,104,93,149,140,46,11,28,125,19,75,72,98,6,92,0,42,5,68,123,47,52,124
120,65,54,58,23,70,14,102,77,48,49,148,126,135,21,91,56,9,78,86,110,90,83,95,94,57,62,75,112,144,52,79,63,108,26,141,137,76,129,139,18,53,60,6,5,145,68,143,117,40,146,61,44,107,39,33,24,30,69,4,66,55,123,99,36,2,80,121,17,124,41,67,1,42,73,93,130,140,82,111,134,127,71,118,131,88,136,22,46,115,34,142,138,113,109,116,122,128,87,50,27,103,47,59,45,20,119,89,106,105,97,100,32,31,29,43,25,96,133,85,10,28,15,7,3,114,74,37,104,132,149,51,38,147,16,125,19,11,72,13,35,92,84,101,81,64,0,12,8,98
78,145,27,32,23,70,48,65,49,120,19,110,99,135,2,45,3,86,105,42,82,125,74,102,141,126,77,107,94,14,109,79,33,95,26,31,17,76,129,57,35,53,124,6,39,29,118,63,117,40,30,24,7,146,4,50,112,62,69,143,66,55,21,44,133,83,80,113,59,10,122,84,101,130,16,93,121,92,100,52,134,91,136,43,131,88,54,13,5,115,34,81,138,25,123,116,75,128,87,73,127,61,103,60,47,147,119,89,106,64,98,111,58,108,67,28,140,96,97,85,137,1,15,37,144,114,139,56,11,132,90,51,71,104,142,41,68,38,72,9,149,148,22,46,20,18,0,12,8,36
50,17,43,12,88,11,118,64,33,96,25,110,42,65,2,45,27,86,49,15,102,58,111,0,141,126,84,107,115,139,38,72,40,135,121,109,137,76,127,5,35,53,129,6,39,56,100,9,117,78,149,62,7,3,21,98,138,81,95,103,113,13,79,44,133,106,80,55,59,10,122,19,67,123,16,93,94,148,41,73,70,120,136,85,30,63,74,29,14,104,34,82,77,23,131,116,52,125,87,32,46,142,91,60,31,108,119,89,112,54,130,51,114,57,128,28,140,99,97,66,26,1,61,37,144,105,4,48,147,132,68,8,36,145,146,90,47,101,69,24,75,134,22,143,71,18,92,20,124,83
113,54,110,68,88,43,118,132,57,19,25,38,102,13,39,67,27,86,96,22,111,73,56,24,141,109,77,107,142,139,17,138,33,49,121,84,7,76,95,140,91,42,129,6,97,87,105,9,5,4,125,108,72,3,31,104,80,81,89,127,135,10,75,133,112,78,100,55,59,2,15,26,123,51,94,8,93,148,41,65,70,83,46,128,53,63,74,147,14,36,34,136,116,23,85,45,1,29,122,32,58,124,143,60,137,119,131,12,98,64,130,120,114,103,79,71,40,99,50,66,145,90,61,44,126,0,47,48,149,21,117,82,35,106,16,101,144,62,69,30,11,134,37,115,28,18,92,20,52,146
45,60,124,129,63,43,118,47,57,87,77,79,142,13,39,147,28,70,96,121,111,85,81,24,141,100,107,73,23,71,117,67,33,41,29,56,143,35,82,64,105,68,30,6,17,84,51,9,14,4,16,108,34,80,104,101,126,40,139,83,135,42,99,44,112,137,10,55,66,92,15,26,123,20,133,2,72,1,88,65,89,31,62,86,53,148,93,27,22,138,54,110,98,74,12,122,136,90,3,32,58,37,91,18,69,119,131,97,140,76,130,120,114,103,146,7,125,36,132,106,145,5,61,102,75,0,19,127,149,21,38,48,113,94,59,95,144,11,128,49,25,134,50,115,78,116,8,109,46,52
76,49,50,129,107,43,114,91,147,75,77,79,140,13,39,30,60,9,62,128,28,92,26,24,32,83,137,149,148,98,36,73,71,67,94,96,143,35,46,48,33,68,100,1,126,70,51,19,89,4,139,88,41,25,103,101,136,40,47,56,134,42,135,81,117,111,31,55,127,38,121,44,123,6,86,144,17,61,5,65,138,69,10,112,53,142,18,141,14,146,54,110,45,124,3,122,66,90,85,27,58,37,59,20,34,57,131,87,52,63,130,120,133,12,104,7,82,78,132,106,84,113,23,105,22,0,15,72,8,21,145,16,108,64,119,95,74,11,102,118,2,125,93,115,99,116,97,109,29,80
76,56,58,129,84,36,124,9,89,140,18,105,96,13,108,30,24,2,147,128,28,51,81,103,101,53,79,149,148,98,48,31,33,121,45,57,49,123,63,61,64,117,100,136,115,47,132,19,133,113,29,114,40,25,23,104,143,144,42,26,134,109,62,10,126,41,59,55,127,38,77,93,7,6,44,69,17,94,88,65,142,3,68,91,43,35,135,141,14,139,138,118,70,116,83,90,95,110,71,78,67,37,54,27,34,66,131,87,52,22,130,120,122,12,1,46,125,4,8,106,112,86,85,50,75,0,15,72,5,21,145,111,73,97,119,137,146,20,102,16,11,32,82,92,99,80,60,107,39,74
101,137,75,100,81,41,90,78,3,133,18,76,95,110,108,102,74,2,1,105,51,135,127,45,93,56,85,25,103,121,48,59,64,10,55,57,32,116,63,61,23,145,114,143,115,47,132,19,27,138,29,97,4,68,71,136,6,107,46,40,134,109,62,94,28,30,72,117,120,38,42,54,66,22,44,69,17,96,88,53,142,35,149,91,37,79,15,111,87,139,58,118,123,92,83,77,130,98,31,84,126,11,148,124,34,9,131,26,52,119,147,13,33,113,144,14,125,122,8,106,112,89,5,50,24,82,0,36,43,65,86,73,67,146,128,141,140,20,49,16,21,129,104,39,99,80,60,12,7,70
101,137,69,134,36,114,90,72,99,55,120,54,147,108,39,71,38,2,26,105,115,4,20,45,93,132,83,146,29,121,24,139,96,48,11,57,32,135,102,118,117,34,65,103,75,73,124,22,131,119,77,97,127,18,142,67,62,7,46,128,109,95,143,94,28,12,64,145,81,51,133,78,66,56,110,123,76,58,122,53,5,35,149,91,40,79,41,42,87,10,88,15,37,92,25,6,144,138,31,84,126,3,148,112,80,9,8,100,16,63,85,13,33,113,111,14,125,68,107,106,17,82,0,21,70,74,52,61,43,59,86,98,27,141,130,23,140,44,116,136,49,89,104,129,50,1,60,30,19,47
101,137,124,90,7,114,50,24,106,148,32,131,140,67,45,86,149,126,26,92,115,4,20,145,93,132,71,146,29,65,30,122,96,78,11,57,51,99,129,54,81,143,47,14,75,66,112,82,41,119,107,147,127,42,138,141,105,60,120,110,109,95,1,94,76,103,64,34,44,79,133,15,125,18,48,116,117,91,49,56,68,102,59,12,104,97,43,35,46,9,88,73,37,6,25,22,39,123,31,84,62,61,98,55,85,144,21,142,69,63,8,40,10,113,111,139,16,135,108,100,2,118,0,87,70,74,52,134,77,33,17,38,27,80,130,5,136,121,72,53,3,89,36,83,28,58,128,13,19,23
101,137,124,122,98,131,144,147,106,148,21,40,140,67,57,76,95,42,26,92,120,4,141,108,59,78,65,146,62,34,103,14,16,49,115,118,94,99,71,82,13,143,47,80,75,10,8,20,119,48,43,116,2,56,138,23,105,41,24,110,63,129,1,22,128,102,91,70,44,111,79,104,88,89,29,68,97,61,72,81,127,3,58,90,18,93,39,35,46,9,25,45,125,6,109,36,38,123,60,84,136,11,12,83,85,112,86,142,69,37,114,145,19,51,126,139,64,135,66,100,0,133,17,52,96,74,50,31,77,134,30,121,27,117,130,5,87,149,107,53,113,73,54,32,55,28,7,15,132,33
9,6,39,144,13,3,42,0,24,148,25,81,17,67,57,76,4,8,26,74,23,87,82,147,92,78,83,40,79,35,103,14,16,125,115,89,84,49,71,146,53,102,131,135,75,10,62,149,86,48,21,126,2,63,138,34,45,18,124,110,20,129,143,72,60,128,91,105,73,31,22,136,88,114,36,95,97,93,65,44,29,145,30,116,100,70,5,120,46,121,141,139,94,123,32,122,38,47,113,41,101,119,52,137,85,112,133,142,69,37,108,80,104,51,111,1,64,99,66,134,15,61,98,96,90,50,43,33,77,54,56,7,27,117,130,28,68,118,107,109,59,12,58,19,55,11,106,127,132,140
59,10,74,92,13,3,41,14,22,28,110,19,17,61,6,33,38,129,36,34,23,115,137,122,44,58,42,135,79,56,7,148,102,103,21,149,96,86,113,146,91,94,131,39,75,87,62,144,112,48,78,126,2,63,125,117,45,84,127,67,20,25,140,27,32,128,124,35,57,31,143,136,72,73,89,95,69,98,65,52,29,66,12,116,83,70,50,120,46,121,82,139,119,60,134,40,138,0,49,18,101,16,15,71,77,55,133,142,24,90,105,81,104,147,111,54,51,99,8,108,37,123,47,130,64,26,107,97,80,141,1,76,30,93,9,85,68,118,11,109,53,114,4,5,43,100,106,145,132,88
40,10,93,35,57,2,39,14,31,28,110,65,77,23,41,33,38,129,36,140,56,37,137,15,59,146,42,132,73,63,139,78,49,103,91,96,43,116,113,45,66,101,131,84,75,100,117,34,127,94,25,18,9,114,125,19,7,22,64,67,148,16,0,27,8,124,79,115,141,54,106,48,46,133,62,108,69,98,6,52,29,83,112,71,119,70,87,134,121,142,82,51,12,72,17,95,120,58,5,81,118,109,32,89,122,147,92,50,144,53,105,149,104,74,111,135,128,99,55,21,90,123,47,26,136,85,107,97,80,86,1,24,30,143,130,20,68,61,11,13,76,44,4,145,138,126,3,60,102,88
29,10,41,27,57,3,39,108,14,28,82,7,47,126,109,48,101,72,65,140,56,23,147,15,59,134,42,132,5,9,11,85,49,93,91,12,21,25,60,119,81,6,55,84,75,73,135,94,107,44,99,18,83,114,121,19,136,116,68,67,148,36,131,26,8,43,79,45,141,54,106,37,17,133,89,69,2,113,53,87,142,4,112,52,1,70,46,90,117,63,122,51,96,50,33,30,120,35,64,0,149,86,32,105,98,71,95,34,144,22,118,127,104,88,58,146,137,124,78,62,115,129,128,111,125,102,77,74,80,130,76,24,66,143,110,20,16,103,92,38,97,40,100,145,138,123,31,61,13,139
106,2,41,109,57,62,39,131,123,115,82,7,116,95,3,141,98,27,65,144,56,23,88,139,59,134,34,122,89,4,5,103,128,147,126,12,21,37,11,119,81,17,55,133,0,43,135,145,107,45,111,18,46,50,121,80,33,14,68,67,85,36,149,26,8,90,51,93,97,129,16,19,101,47,61,22,38,44,104,87,142,114,30,143,94,24,91,73,83,63,99,112,96,108,148,32,66,102,64,110,48,58,10,105,9,49,117,140,53,124,118,20,15,92,72,31,137,28,78,54,42,130,132,75,125,1,71,74,79,84,76,77,127,69,146,29,25,35,6,13,120,52,100,86,138,40,60,113,136,70
128,52,54,109,116,34,6,119,82,59,101,7,93,100,103,86,0,27,45,144,56,67,21,73,141,29,136,122,89,4,10,16,120,71,74,149,140,37,39,30,81,17,105,133,48,113,53,145,106,51,134,92,84,50,11,104,33,14,24,66,85,36,41,110,131,124,130,97,123,40,88,19,142,26,68,147,38,70,44,125,23,114,87,57,94,129,111,143,83,112,99,8,118,108,42,95,126,32,107,65,64,117,72,80,137,49,79,18,69,98,62,20,5,46,148,31,22,55,78,43,90,3,132,15,58,1,13,9,139,61,76,77,127,96,146,135,25,35,121,47,63,28,102,12,138,60,75,91,2,115
64,93,112,63,116,100,128,76,88,94,122,140,87,67,8,86,132,27,45,144,104,6,26,73,78,29,2,89,30,46,101,16,121,71,130,66,3,37,142,107,81,15,83,133,105,113,53,36,106,141,54,12,72,59,11,9,33,68,65,115,48,60,127,19,85,42,114,147,123,40,80,138,35,135,82,131,13,70,44,148,134,75,0,57,69,129,38,39,43,117,99,52,149,108,24,95,126,32,34,50,1,56,18,111,118,103,79,28,119,109,61,20,96,14,137,31,22,55,145,84,90,97,49,47,58,41,10,4,51,139,120,77,23,98,146,102,74,136,124,92,17,25,110,7,62,5,143,91,21,125
2,102,144,63,22,47,131,141,88,94,81,52,124,74,8,86,35,125,91,50,104,48,118,11,127,77,65,89,60,46,140,136,66,21,130,20,29,37,92,107,5,84,142,133,105,113,26,98,106,129,49,148,23,59,34,132,85,68,70,115,4,121,97,45,58,42,114,0,24,40,43,138,126,135,122,117,128,39,44,16,134,139,55,82,120,79,38,9,33,57,80,73,149,99,145,12,72,69,83,67,110,56,25,111,95,108,53,28,119,76,75,101,143,137,54,31,71,64,15,19,90,100,93,87,112,109,32,6,51,36,123,18,13,61,146,147,103,78,96,14,17,30,27,7,62,10,1,116,41,3
33,42,65,63,91,54,131,141,88,43,68,84,118,16,61,86,89,48,69,93,104,128,143,71,97,77,112,53,75,0,147,121,45,110,130,102,37,81,92,11,5,64,142,126,29,113,2,35,106,136,49,13,23,15,105,148,85,28,56,115,51,25,140,96,3,146,114,72,60,40,107,99,21,133,47,34,144,7,44,103,108,73,139,82,129,79,38,145,19,57,80,125,66,9,52,116,94,127,74,67,17,41,20,111,95,123,70,22,119,26,124,101,59,137,117,135,31,90,122,87,30,100,138,55,18,149,50,6,78,36,132,109,46,24,8,120,27,98,134,14,58,12,32,76,62,10,1,4,39,83
135,69,126,45,91,48,122,75,88,43,68,21,2,113,118,61,120,76,111,18,104,86,143,71,62,137,112,53,136,67,26,46,23,47,92,4,73,82,124,24,5,64,147,14,102,55,128,35,106,130,49,138,125,65,141,66,85,25,30,119,28,139,140,22,3,103,114,72,60,95,93,81,115,133,149,34,144,33,117,148,52,37,10,63,129,79,146,31,36,80,110,1,9,74,50,98,29,127,108,145,17,41,20,27,32,123,70,107,16,109,96,101,131,134,105,56,90,42,121,116,59,100,7,40,83,77,142,19,78,0,99,132,6,15,8,44,94,11,89,87,58,12,38,57,84,54,97,13,39,51
135,69,126,127,142,105,107,75,66,43,37,21,143,100,118,145,120,125,35,141,113,50,34,45,62,137,9,53,63,83,26,138,132,149,57,117,88,82,124,67,91,19,106,68,102,25,121,94,130,31,49,128,64,65,112,133,5,6,30,85,28,104,111,97,38,16,44,86,4,110,71,95,115,116,14,76,144,33,2,129,23,119,10,52,46,27,56,134,1,80,54,147,47,74,89,98,123,78,131,92,18,41,72,84,11,17,99,73,59,109,96,36,148,29,79,15,32,42,0,20,22,103,7,24,139,77,136,93,146,114,61,108,81,122,8,3,48,12,40,87,58,90,140,101,60,70,55,13,39,51
138,69,85,43,137,91,40,35,66,125,131,79,143,30,129,145,130,17,114,71,59,50,68,101,62,140,45,53,98,93,42,10,105,149,57,117,88,65,37,67,92,19,148,135,36,25,6,118,121,52,31,18,64,141,146,3,5,58,139,106,28,104,120,56,109,83,76,86,4,77,16,103,27,144,46,63,23,11,2,8,119,78,136,115,112,128,90,134,1,80,54,9,41,13,147,82,123,122,87,111,61,133,110,84,14,49,97,116,75,113,26,51,89,29,124,15,32,21,0,44,22,99,132,24,47,95,96,100,38,73,142,74,81,107,94,33,48,126,34,72,7,20,60,127,102,70,55,12,39,108
138,42,85,126,108,91,35,28,128,125,131,88,143,60,8,119,110,17,140,71,105,50,34,101,62,141,30,82,98,93,55,68,3,106,57,40,99,116,37,67,76,103,148,139,36,38,80,130,29,142,20,123,6,79,146,97,32,58,92,19,144,104,5,134,81,31,121,48,114,77,16,83,18,122,117,145,87,52,70,39,56,23,136,44,115,26,22,112,63,111,74,9,109,137,147,45,0,4,11,89,61,73,69,14,95,49,127,72,75,54,118,41,113,90,135,46,27,21,65,120,107,133,84,24,47,132,96,100,1,53,25,51,78,64,94,2,124,59,43,13,7,33,15,66,102,10,129,12,86,149
138,31,57,126,108,2,41,38,15,16,120,49,124,107,69,119,92,35,140,8,105,139,28,62,1,131,30,33,85,144,55,37,102,0,89,128,99,127,110,53,76,103,51,101,70,14,133,83,29,68,106,117,91,50,24,11,93,80,34,19,61,104,5,118,81,43,18,48,90,22,122,134,54,132,147,142,145,52,4,97,148,88,32,44,78,26,136,13,42,121,79,56,109,47,123,45,111,146,115,7,130,73,60,141,67,59,74,72,75,17,40,3,116,71,135,96,27,21,65,113,137,114,84,58,10,149,95,100,39,23,25,6,82,64,94,46,87,77,112,98,9,143,20,66,125,36,129,12,86,63
136,90,135,126,142,23,41,38,15,75,93,55,147,1,137,119,92,124,58,50,40,139,134,62,48,89,140,130,85,53,4,37,141,0,28,20,102,97,110,12,76,24,11,34,44,80,54,46,3,49,94,117,74,107,148,14,128,43,69,60,125,47,138,106,91,68,18,105,100,22,65,95,87,132,96,31,82,144,51,71,33,121,32,108,30,122,73,88,79,77,81,7,103,84,123,57,111,39,2,133,16,118,42,13,70,59,35,72,83,17,21,26,56,112,101,61,27,5,145,113,115,114,6,146,10,149,45,109,52,131,25,78,116,64,67,29,120,104,127,98,9,143,19,66,99,36,129,8,86,63
35,82,69,49,126,9,54,110,15,75,43,145,147,17,72,119,105,124,133,136,63,47,134,44,113,77,108,14,40,89,83,95,8,0,2,20,137,38,61,135,129,115,79,116,34,80,1,46,122,123,36,33,74,132,148,31,52,71,85,22,53,6,128,142,4,68,12,121,100,102,130,91,87,37,101,138,10,90,51,96,112,67,32,117,30,24,73,25,50,60,81,66,103,84,94,57,19,39,99,13,16,118,143,48,125,59,64,3,111,7,21,55,18,144,27,42,107,28,97,114,41,58,65,146,106,23,45,109,88,131,11,78,127,76,141,29,120,104,70,98,140,62,5,139,92,56,93,149,86,26
126,71,117,110,142,136,138,37,10,78,132,86,36,6,72,119,50,124,133,58,63,98,9,56,105,77,88,69,1,30,128,95,8,108,2,107,66,90,141,135,79,96,44,25,34,33,16,22,41,123,52,61,137,147,149,31,40,129,99,28,21,120,112,27,54,68,114,121,100,94,62,91,87,55,101,4,15,74,17,75,24,102,131,106,118,73,46,38,84,122,81,148,103,14,3,57,19,104,39,13,70,48,143,47,125,59,64,83,111,7,18,109,130,144,145,51,134,5,115,49,0,20,23,146,127,116,45,43,26,80,11,93,97,76,53,29,113,12,32,82,89,140,60,139,92,42,35,85,65,67
121,8,97,81,102,66,94,19,136,92,4,110,93,30,46,108,103,126,48,36,37,98,42,23,105,39,115,69,3,123,104,95,125,75,26,58,32,90,141,53,116,96,119,54,13,31,91,133,15,120,52,71,137,124,59,146,40,129,99,28,47,135,112,33,2,147,11,43,82,1,62,140,117,55,14,149,127,74,132,138,24,106,131,5,118,22,21,38,148,122,12,17,18,16,101,57,78,6,72,114,83,10,143,9,68,89,64,35,73,29,79,109,84,144,145,27,7,88,100,49,0,20,130,50,86,70,34,61,51,80,128,111,87,76,142,77,113,44,63,45,134,25,107,139,56,60,41,85,65,67
62,64,56,75,16,71,23,19,136,92,24,107,93,30,46,35,146,126,66,140,40,98,130,22,85,110,115,7,3,123,104,14,13,112,26,132,32,95,141,67,116,96,119,88,29,78,91,133,15,57,69,99,79,41,59,90,2,100,39,122,94,148,139,33,138,9,87,127,34,1,137,97,117,145,82,149,20,84,37,55,74,106,131,76,36,27,6,45,108,42,12,83,81,128,101,68,129,47,43,105,28,118,143,49,10,89,60,58,80,73,114,86,120,48,21,8,72,25,11,44,109,50,5,124,147,4,53,61,51,54,18,111,125,113,142,77,17,0,103,38,134,70,52,63,65,135,121,31,144,102
61,64,56,119,16,59,23,19,136,82,115,20,1,48,46,78,121,126,66,140,88,100,80,22,85,8,25,3,129,123,108,2,141,29,51,39,55,13,149,147,9,77,133,60,96,146,91,105,112,35,31,110,79,106,0,47,84,90,15,130,5,89,62,26,69,38,33,127,63,113,132,87,76,104,94,11,116,117,137,36,74,139,131,103,50,27,101,93,83,138,12,75,42,128,34,107,45,111,118,95,43,114,41,49,10,142,40,58,81,17,57,86,120,122,24,125,72,28,98,44,109,148,71,124,92,30,53,99,37,54,18,4,97,73,67,21,144,32,6,7,134,70,143,145,65,135,68,52,14,102
93,64,31,34,38,85,80,136,103,60,115,32,19,122,141,61,16,148,66,98,88,69,24,22,95,8,25,36,118,131,108,58,18,29,51,82,125,13,149,9,110,89,6,86,105,129,27,43,39,106,74,147,79,1,144,73,33,104,30,130,113,83,139,12,140,145,0,15,47,42,59,87,57,72,94,23,40,117,137,5,55,53,49,100,50,78,91,84,11,133,3,37,76,128,63,56,45,111,10,62,126,107,101,90,112,142,4,138,81,119,114,143,120,70,21,134,44,46,48,77,109,20,71,124,92,28,123,121,116,54,127,41,97,67,17,146,99,75,2,7,35,132,26,96,65,135,68,52,14,102
93,0,31,34,38,24,115,136,103,50,55,22,19,131,5,51,40,121,3,118,88,146,66,134,129,62,16,61,46,90,41,58,18,63,77,82,144,64,57,127,110,109,112,86,39,91,13,138,42,108,74,59,141,1,69,73,102,89,56,135,87,83,130,12,25,120,99,17,47,100,95,45,44,140,133,29,32,71,125,147,9,72,11,49,60,124,37,84,143,122,117,145,137,128,8,21,65,111,2,14,126,54,148,33,78,142,76,30,27,113,132,139,105,70,80,114,23,123,48,106,81,20,85,149,92,28,101,36,116,15,79,68,97,67,6,10,98,75,43,7,35,119,26,96,107,53,104,52,94,4
6,62,49,102,38,33,63,21,103,104,55,121,2,100,52,146,107,138,136,51,148,32,149,134,129,48,16,61,142,37,66,130,18,69,77,82,99,64,57,127,110,47,112,86,12,7,122,25,31,108,74,59,81,17,78,141,109,29,116,30,92,124,45,118,34,60,58,147,67,8,89,42,19,94,133,10,40,15,120,22,135,72,115,132,96,43,39,13,143,95,0,41,44,125,5,114,65,111,117,20,126,24,119,83,50,56,84,53,9,91,90,139,140,70,11,128,105,93,101,106,137,88,85,80,144,28,46,36,131,73,79,68,97,71,3,87,98,23,75,14,35,76,26,54,123,27,145,1,113,4
6,62,96,102,66,40,120,21,103,12,104,18,2,132,129,15,126,19,118,3,148,71,87,134,9,48,82,113,78,68,127,88,83,38,30,53,99,64,130,51,44,47,110,86,85,105,43,50,106,108,114,56,81,122,55,36,79,69,91,124,92,141,147,74,34,25,58,29,10,8,89,112,49,75,63,57,61,123,35,13,135,72,24,7,97,117,16,98,14,95,111,41,138,125,100,4,133,119,139,76,121,77,5,70,45,142,84,17,80,143,90,109,60,67,37,128,59,93,1,52,137,33,31,20,144,28,22,107,131,73,149,101,11,94,115,0,145,23,46,140,39,42,26,54,116,27,136,65,146,32
6,97,47,99,66,145,120,117,103,79,104,18,141,132,122,59,116,19,16,101,135,130,138,140,9,26,38,58,33,68,129,88,80,78,46,53,62,40,114,134,48,5,86,73,100,147,143,57,98,52,118,56,37,65,63,13,102,69,105,43,92,115,119,81,34,25,93,3,121,8,15,112,51,71,83,144,91,49,85,12,123,72,41,50,95,31,127,107,111,29,94,55,96,125,131,44,133,35,139,42,23,77,70,7,27,74,2,17,142,126,90,109,113,67,64,128,124,60,1,30,137,108,0,20,39,28,22,149,82,24,76,10,106,4,75,61,110,89,14,45,148,84,21,54,87,36,136,11,146,32
6,97,132,20,66,65,59,117,127,79,104,122,28,7,38,123,90,93,96,101,135,106,148,140,9,27,14,10,112,26,34,134,128,42,46,62,108,40,32,52,99,76,33,73,109,147,18,103,5,41,118,30,17,74,53,68,50,94,39,102,92,15,48,87,3,13,86,100,136,16,129,110,56,114,83,144,91,49,85,43,78,60,146,88,22,31,37,107,95,29,145,55,57,19,131,4,133,81,24,126,98,113,51,21,89,105,2,63,142,70,125,25,71,1,141,67,124,116,44,64,137,23,130,139,77,0,138,149,72,115,58,143,8,120,75,121,35,61,47,45,119,84,12,54,69,36,111,11,80,82
42,86,132,38,19,65,114,79,127,84,64,21,81,7,49,6,90,115,97,111,135,100,148,102,29,87,14,123,149,26,55,28,96,67,117,62,104,126,35,140,142,50,27,141,59,147,108,60,37,146,118,10,17,82,113,68,99,69,129,20,92,119,43,46,18,85,53,32,103,122,33,110,56,22,83,144,57,1,2,66,5,138,101,88,40,52,31,106,95,47,145,112,71,93,76,4,133,94,109,105,41,63,39,107,89,9,137,98,3,24,125,25,58,73,136,131,124,51,44,134,8,91,130,139,48,0,34,13,128,15,78,143,54,120,23,121,16,72,74,77,116,45,12,75,70,36,80,11,61,30
61,86,73,83,19,65,114,79,123,52,48,21,5,3,49,34,35,25,97,111,81,2,22,15,46,116,9,75,100,137,55,28,38,110,117,130,104,72,66,26,12,70,8,11,45,147,122,136,148,146,62,121,1,23,59,68,99,87,132,112,69,42,113,33,40,128,95,119,96,115,50,134,118,108,93,4,57,140,60,16,141,138,80,103,143,71,53,18,98,20,37,17,145,14,76,149,133,27,126,105,106,94,39,107,89,144,6,129,31,24,125,13,58,30,67,29,124,51,102,10,64,91,85,139,44,0,7,127,41,47,135,90,54,120,109,43,142,32,74,77,78,131,101,84,88,36,56,63,92,82
80,9,73,117,96,3,2,79,27,132,112,21,5,128,95,36,22,91,97,69,13,19,59,115,145,143,53,75,63,137,55,81,64,122,144,93,38,43,66,60,12,127,103,14,61,26,134,94,4,70,28,121,45,23,7,1,138,50,58,82,104,42,68,33,74,136,15,35,77,30,84,51,147,113,87,99,72,140,124,105,89,102,149,11,148,71,118,135,98,20,37,123,141,107,111,24,133,116,109,65,106,39,40,119,44,32,6,108,31,67,125,46,100,130,25,29,18,110,52,83,57,146,85,86,48,0,126,129,41,47,10,17,54,120,62,114,142,34,139,49,78,131,101,76,88,16,56,90,92,8
14,9,118,148,108,78,67,5,132,54,3,114,21,35,124,74,22,89,97,69,48,41,70,115,33,43,64,142,50,137,55,81,15,122,105,93,125,23,138,60,18,1,103,10,61,26,13,84,4,104,147,139,45,140,53,85,73,20,58,82,129,57,91,40,94,136,27,75,77,38,59,51,130,28,7,65,2,30,39,96,126,66,110,11,19,119,92,42,87,12,49,123,24,107,146,90,133,116,102,32,106,31,34,68,44,111,6,101,47,134,149,79,8,145,25,63,46,99,52,113,141,128,109,86,36,0,37,117,76,120,144,17,121,135,62,127,72,98,112,143,80,131,71,100,83,16,56,29,88,95
149,9,28,29,108,33,142,5,7,54,57,30,21,126,140,96,38,89,12,104,85,51,70,115,84,39,31,148,50,66,65,4,47,122,105,93,23,59,137,55,18,19,10,40,6,43,24,103,72,134,87,121,118,16,133,123,73,113,2,82,129,11,35,138,32,68,131,20,77,22,3,81,27,75,125,26,14,67,45,111,97,92,80,144,147,13,102,15,107,78,49,114,74,61,146,90,99,127,17,91,41,37,34,112,44,116,132,101,58,136,109,60,42,119,128,145,46,56,52,25,130,106,8,86,36,0,117,94,76,120,1,110,69,135,62,124,141,53,63,143,48,79,71,100,83,139,98,64,88,95
47,118,33,29,108,19,54,115,12,53,94,30,8,126,1,59,139,60,14,144,98,51,70,136,20,11,21,148,50,66,111,107,68,102,92,93,56,31,137,55,138,121,81,40,6,133,79,142,72,135,18,44,78,16,35,123,96,10,2,89,38,140,101,24,32,48,128,87,49,39,26,146,28,17,125,69,105,103,145,15,75,143,22,71,52,85,114,76,0,131,130,27,112,61,110,97,63,80,67,91,104,99,74,13,34,116,132,65,129,5,82,4,42,119,84,45,43,147,100,25,134,106,3,86,36,83,117,149,7,120,23,73,9,77,62,124,141,109,122,37,46,41,57,127,58,90,113,64,88,95
36,127,148,58,110,79,65,70,112,82,137,114,75,72,32,142,139,12,51,149,130,6,98,81,73,85,53,48,115,39,29,71,68,56,95,113,37,13,66,19,138,80,11,131,64,106,22,121,49,135,0,55,105,140,35,123,16,10,2,89,38,93,3,24,147,74,133,87,60,88,100,146,92,17,125,69,118,103,145,15,34,143,14,33,52,122,86,43,107,128,83,27,78,57,44,47,63,50,99,91,104,26,42,101,136,116,20,9,132,134,61,4,31,119,84,45,5,111,126,25,23,46,21,90,144,28,117,7,97,120,67,30,96,129,62,124,141,109,77,94,76,41,8,59,54,102,1,40,108,18
91,14,116,112,81,16,57,128,10,82,137,7,123,102,129,142,139,147,51,69,130,6,83,72,23,85,98,68,115,126,29,95,149,124,109,113,64,79,70,122,55,80,11,1,148,104,22,121,49,135,84,67,105,12,19,60,145,0,119,77,38,93,40,24,76,134,106,87,56,15,39,138,42,131,66,75,47,103,127,46,33,97,94,37,52,45,86,43,107,58,125,92,96,4,8,146,140,50,99,89,78,26,13,101,110,136,90,9,35,2,74,133,41,53,132,5,30,111,32,25,120,34,20,44,118,36,117,61,141,17,31,143,63,62,65,59,27,71,48,100,88,114,3,28,54,73,144,21,108,18
136,14,146,119,81,94,46,71,38,11,137,79,141,129,8,82,87,123,26,51,116,6,77,103,20,23,98,17,115,31,68,89,40,83,10,140,64,72,70,142,93,37,21,7,27,13,22,121,139,135,59,67,54,12,16,25,145,36,57,132,0,124,1,101,39,86,106,110,43,15,74,138,33,95,66,131,97,9,127,92,29,143,56,85,52,18,63,113,107,58,144,78,104,4,102,42,122,50,99,62,128,30,44,80,47,120,126,96,35,2,91,134,41,53,75,130,109,111,19,28,3,34,60,32,118,90,148,61,84,24,114,105,49,117,5,125,133,149,48,100,88,147,65,76,112,73,55,69,108,45
136,25,9,27,59,111,106,96,145,69,98,79,141,62,130,82,87,84,5,88,44,42,48,57,20,124,73,17,15,140,11,89,28,83,85,148,142,110,70,21,93,47,55,7,24,33,52,119,112,121,38,90,37,12,16,13,66,75,68,132,6,116,31,36,126,81,149,104,35,118,74,138,43,143,39,131,8,135,127,92,29,129,77,56,123,18,95,22,51,101,144,122,40,67,102,26,10,50,99,80,128,108,134,54,139,120,133,32,30,71,91,63,41,53,107,64,23,113,72,0,3,97,94,109,103,114,4,61,34,19,65,105,49,46,146,60,2,115,1,100,78,137,125,76,14,147,86,58,117,45
7,43,29,17,132,138,64,134,145,69,8,13,6,62,116,57,87,91,14,0,129,88,59,79,42,15,143,111,36,140,16,37,32,83,85,147,53,21,54,58,93,75,55,96,139,33,52,86,112,121,128,90,115,12,68,113,135,76,60,47,80,124,133,3,67,11,149,81,35,5,74,142,97,10,136,19,119,141,127,100,98,66,4,56,123,18,28,22,51,101,144,94,40,9,63,84,26,46,99,50,49,108,38,77,24,118,2,20,30,104,48,61,27,122,137,131,107,92,72,82,89,65,71,109,103,39,126,95,34,73,105,114,44,41,146,78,102,25,70,31,148,130,125,23,110,106,1,120,117,45
52,97,130,127,132,67,64,86,145,69,49,71,48,62,27,119,2,51,122,55,129,37,59,118,116,56,143,135,36,12,16,38,117,83,85,14,32,88,39,58,25,75,44,23,9,94,96,128,133,41,148,90,104,15,68,29,65,107,60,78,106,53,87,138,91,11,149,134,35,5,74,82,21,139,24,140,0,112,43,79,111,19,4,22,142,54,28,98,95,101,144,57,141,110,84,100,26,46,99,66,81,3,125,77,108,109,45,50,47,76,121,113,8,105,137,30,10,124,1,102,89,131,18,147,103,93,126,13,34,80,115,114,61,70,146,33,136,72,123,31,20,40,17,7,120,92,6,63,42,73
142,146,32,118,113,4,64,56,36,57,148,49,48,62,12,80,61,13,75,26,133,112,14,96,33,94,143,135,37,136,16,41,125,83,109,124,27,105,76,130,25,67,119,63,100,131,2,116,73,45,114,90,104,15,68,92,65,107,46,123,106,111,87,28,97,39,70,134,35,117,149,82,21,139,7,140,144,127,43,79,74,6,31,5,23,84,66,3,95,101,50,122,141,110,77,99,91,121,55,29,81,47,22,128,58,0,8,93,44,69,52,19,60,98,78,30,85,120,1,9,89,145,102,147,103,59,38,53,34,54,11,132,126,18,129,88,51,115,86,71,20,40,137,24,72,17,108,10,42,138
91,146,12,42,97,26,64,13,133,4,22,2,120,60,148,41,105,103,62,54,65,112,14,96,33,94,131,27,16,30,11,118,35,109,74,124,95,77,76,130,135,67,9,55,68,52,39,116,46,72,32,145,125,15,71,66,29,107,110,123,106,117,45,28,104,144,80,98,99,81,37,82,21,8,78,58,75,25,114,93,136,6,73,5,90,84,85,61,38,101,113,49,141,63,43,89,115,1,108,59,57,87,79,128,139,0,143,140,44,50,7,48,92,137,23,149,127,70,100,83,36,24,102,147,31,138,47,53,34,119,142,126,132,18,129,88,121,51,86,3,20,40,56,69,19,17,134,111,10,122
33,146,12,98,97,96,39,6,142,79,71,139,34,60,131,94,105,65,82,132,28,77,54,111,143,13,90,49,48,30,11,118,112,74,8,31,41,133,127,130,73,67,61,10,68,52,103,84,149,18,32,91,125,85,136,47,29,88,5,123,106,138,45,101,122,59,24,26,99,81,134,3,21,145,19,58,75,104,43,93,55,56,15,95,102,121,113,1,38,148,2,144,46,63,50,20,109,86,62,83,57,87,120,16,70,0,42,140,44,116,115,7,92,137,124,117,129,22,100,14,108,40,35,147,76,107,141,53,89,25,23,126,128,114,78,27,51,9,36,135,17,80,66,69,37,72,110,119,4,64
75,34,121,142,89,146,64,33,20,13,49,78,81,102,131,38,105,127,82,99,96,77,86,31,79,94,118,111,48,18,11,25,134,133,8,5,91,101,54,10,62,115,43,87,30,103,60,6,149,106,74,126,97,85,128,71,29,148,69,138,47,61,95,44,112,19,24,137,130,39,80,32,56,65,109,55,51,76,147,84,67,7,122,98,119,136,52,1,68,70,2,144,46,63,50,42,145,107,45,88,57,23,90,16,4,73,140,66,83,116,104,108,92,132,124,117,129,22,41,14,3,40,35,100,123,12,141,53,27,139,28,15,125,114,26,120,59,9,36,135,17,143,58,21,37,72,110,0,113,93
75,66,124,100,89,52,64,73,108,13,83,20,45,61,37,79,105,119,82,99,96,94,9,84,131,120,62,3,78,127,12,25,134,140,107,125,33,7,23,10,51,115,143,36,30,103,40,6,149,106,74,126,123,1,128,71,29,8,69,138,132,93,26,137,77,0,56,70,130,90,34,146,111,65,133,129,87,11,44,2,67,39,122,135,32,101,118,49,46,98,41,144,142,4,50,42,145,21,55,88,57,91,31,16,24,85,58,14,113,95,80,18,68,86,110,97,116,5,109,19,63,114,92,48,147,81,72,76,15,139,28,136,22,27,121,60,35,148,104,141,17,47,117,102,54,38,43,53,112,59
9,149,37,100,89,52,64,73,142,50,53,20,17,61,55,65,146,74,104,132,82,121,85,71,131,35,91,72,78,127,148,8,134,140,107,47,14,7,23,10,114,124,16,36,42,145,99,123,22,106,48,43,147,1,25,110,97,133,112,98,40,93,115,137,77,6,2,70,130,31,19,4,109,75,84,129,108,81,101,13,135,54,94,59,32,69,15,49,46,30,41,126,3,11,56,33,29,111,51,88,26,102,120,21,125,38,58,83,44,95,80,18,68,67,138,143,136,86,103,0,63,79,92,116,96,28,117,62,105,141,34,139,128,87,39,60,90,66,24,12,119,122,76,144,27,5,45,118,57,113
145,98,17,63,89,29,12,85,60,58,146,112,26,51,55,134,9,101,34,0,82,121,120,95,131,71,126,124,41,114,21,132,139,140,44,47,77,7,43,57,144,38,73,54,148,100,99,4,22,106,48,147,72,18,128,50,136,133,36,40,143,68,52,137,35,104,23,70,130,37,19,27,108,32,94,129,78,117,109,16,31,149,87,59,5,69,8,142,46,64,91,10,3,11,14,30,49,111,28,88,42,102,74,15,84,107,96,83,56,20,80,1,62,67,138,13,122,86,103,123,110,25,93,116,97,105,24,2,92,115,135,141,125,61,53,39,81,66,90,76,119,127,75,6,33,65,45,118,79,113
140,114,17,92,89,36,12,147,60,79,78,62,38,116,75,40,144,101,33,0,50,7,120,95,49,3,2,6,41,29,21,132,139,122,63,31,77,138,25,69,93,105,131,54,148,88,61,133,22,106,72,30,113,18,43,23,136,118,121,4,45,51,32,137,37,104,10,126,80,64,5,82,44,142,56,129,108,117,128,127,110,149,124,59,94,24,73,107,112,87,143,28,146,11,14,26,15,74,97,46,42,102,1,85,84,16,96,83,145,27,100,98,39,134,19,13,103,86,47,123,20,130,66,55,76,8,91,58,65,115,111,90,68,48,52,109,81,99,67,34,119,135,57,125,141,70,35,53,9,71
127,114,60,91,72,63,97,43,12,125,51,62,38,66,74,112,100,82,56,17,148,103,120,95,49,61,2,6,41,122,21,132,149,129,139,31,69,0,25,128,19,143,147,54,90,131,3,93,77,106,67,87,113,118,44,50,104,71,23,86,39,70,32,65,37,18,75,126,80,30,101,40,33,22,5,88,137,105,142,145,110,45,134,9,94,16,81,46,107,36,59,20,26,117,14,55,4,13,89,121,24,144,138,79,84,47,96,83,133,27,76,98,136,130,7,73,1,124,115,64,52,29,92,35,28,8,123,58,15,34,111,135,42,48,102,109,116,99,11,10,119,85,57,140,141,146,68,53,78,108
127,131,6,101,67,34,97,7,12,114,33,24,38,120,8,112,100,15,50,145,148,103,90,59,86,16,2,88,41,51,44,132,113,27,68,31,69,65,25,13,129,144,104,54,57,139,64,147,61,19,98,43,89,118,81,140,9,71,23,92,126,142,3,14,37,95,130,73,80,29,102,111,128,49,123,35,137,46,106,74,30,5,134,70,18,42,39,93,107,143,122,20,26,109,115,55,116,32,4,75,135,66,138,108,0,47,133,56,17,149,117,45,110,94,72,63,96,87,121,141,52,28,76,82,60,83,84,58,105,125,77,1,62,48,36,91,85,99,11,10,119,136,124,22,40,146,79,53,78,21
127,131,84,15,93,64,115,7,54,114,134,65,38,63,57,55,100,69,44,123,96,139,34,111,132,97,99,88,41,51,112,136,31,27,105,4,85,92,74,13,118,144,104,101,47,82,116,68,61,135,98,103,32,142,81,49,52,71,43,148,23,2,140,58,37,95,130,1,80,3,143,12,86,50,75,90,83,46,94,124,33,129,78,20,18,125,145,120,146,14,122,73,26,109,72,126,141,53,149,22,79,110,5,108,8,70,133,56,17,9,117,128,67,30,107,45,16,102,28,48,19,42,6,138,60,0,119,113,87,106,77,59,11,89,36,91,25,137,35,10,76,39,29,147,40,66,62,121,24,21
138,40,10,15,91,41,79,125,88,141,43,25,75,63,20,87,45,69,71,47,96,139,135,131,132,76,102,92,36,106,105,1,19,46,64,140,85,120,34,70,124,144,94,101,83,4,3,77,50,27,98,107,32,114,81,49,12,24,21,58,121,103,118,93,37,48,65,100,116,29,61,145,86,115,30,11,104,99,44,2,33,129,78,137,133,130,90,18,74,95,17,73,67,109,72,111,31,53,38,22,16,82,5,108,8,7,66,56,146,9,55,128,142,84,35,59,122,113,28,52,148,42,6,68,123,0,119,80,127,97,143,134,136,89,54,112,51,60,13,149,23,39,57,147,126,26,62,117,14,110
138,131,38,132,128,52,102,11,1,141,5,25,75,55,106,87,82,61,91,29,19,26,135,47,86,76,126,101,71,120,105,58,43,90,7,140,85,45,31,144,92,14,35,77,83,12,13,32,50,27,98,95,63,148,81,49,23,97,21,70,121,94,20,93,37,53,65,100,124,119,46,145,88,115,44,134,137,99,17,28,123,2,78,72,64,111,104,107,60,67,136,30,66,24,133,15,18,103,74,69,80,130,79,108,117,84,6,56,146,9,125,147,40,109,110,34,122,113,54,10,129,42,73,89,96,0,114,57,139,39,3,142,116,4,48,112,51,68,16,149,59,22,127,33,8,143,62,41,36,118
138,131,19,129,145,61,21,11,1,139,9,140,53,55,106,54,143,51,91,50,40,26,29,47,97,59,126,62,3,22,141,136,16,104,128,67,109,120,57,144,76,113,121,80,83,127,92,133,52,27,69,108,63,148,88,35,13,146,0,25,37,94,20,93,111,95,122,39,124,66,41,32,43,74,44,31,137,99,149,33,100,2,78,81,15,70,118,85,60,84,90,30,68,24,12,38,17,147,105,36,48,130,79,45,117,86,6,56,101,116,125,64,134,77,75,34,65,10,119,102,46,82,4,89,96,28,135,5,87,49,107,98,132,71,110,112,142,23,115,123,114,14,18,103,8,42,7,58,73,72
74,131,1,129,108,9,111,101,34,100,138,50,40,116,37,54,143,22,49,102,114,119,91,57,130,145,126,76,3,39,141,2,77,25,98,67,53,120,8,144,65,20,107,89,99,127,75,45,132,27,69,142,24,59,88,35,93,55,117,33,86,94,52,51,29,95,31,72,41,66,64,38,104,80,85,148,106,136,149,137,121,62,133,19,15,21,42,128,60,124,92,11,84,135,12,30,61,147,105,36,48,90,118,26,68,139,6,14,79,13,125,96,134,43,78,123,46,103,73,109,47,82,71,0,122,28,23,5,87,83,146,16,4,58,110,112,140,56,115,44,32,81,18,70,97,63,7,113,10,17
86,131,115,112,108,9,11,142,129,84,138,110,100,116,64,111,120,82,80,102,125,119,91,65,57,107,126,13,53,39,37,54,69,25,43,67,147,146,103,15,30,34,101,89,22,121,75,58,74,87,70,135,24,59,19,113,149,144,117,33,61,16,52,10,7,95,105,28,81,72,18,38,14,83,1,51,85,136,62,137,114,12,133,132,73,21,71,128,56,124,31,141,20,5,94,77,130,32,97,47,48,2,118,104,92,139,76,29,79,42,98,60,134,63,78,93,148,3,96,109,49,45,140,0,122,106,23,143,68,4,26,66,127,50,90,88,145,35,44,46,123,41,8,6,55,27,99,40,36,17
136,131,115,112,111,19,142,48,1,66,95,110,83,97,85,90,120,57,80,82,36,119,143,56,127,4,76,146,53,113,37,78,79,25,43,135,133,22,8,67,40,34,21,89,31,20,123,103,77,87,26,38,24,121,84,137,149,63,117,33,44,16,52,10,7,14,118,28,81,106,61,3,5,125,70,129,102,132,17,86,114,12,62,126,15,0,128,23,130,98,100,141,75,72,71,49,30,32,51,47,104,13,138,122,74,54,9,29,2,124,116,91,55,105,73,93,96,59,50,109,101,68,140,92,65,144,88,42,45,145,148,58,99,60,134,94,11,35,147,46,39,41,139,6,18,27,69,108,64,107
136,149,13,2,111,114,53,88,56,17,33,110,85,97,141,24,21,74,80,68,36,119,120,90,30,4,46,86,143,64,31,71,34,70,40,135,96,87,1,104,106,95,52,83,103,11,41,50,109,98,26,75,67,77,84,137,9,63,20,38,28,16,140,10,125,108,118,7,78,55,100,3,14,121,142,124,102,32,22,60,35,58,133,43,15,81,128,23,130,132,144,148,72,127,54,49,61,145,45,82,117,115,99,122,12,146,66,29,0,76,116,91,89,47,73,93,57,123,107,126,101,139,6,92,65,105,48,8,18,51,131,37,5,138,134,94,62,25,147,112,39,129,59,79,113,27,69,19,42,44
136,149,85,18,5,139,45,130,67,57,62,23,107,79,53,24,69,111,37,0,36,7,120,22,30,40,88,42,43,46,11,71,34,70,80,92,13,28,47,104,106,147,52,129,110,8,15,105,41,98,68,108,99,77,84,103,9,126,87,112,4,16,50,91,65,86,101,76,49,118,100,146,109,74,142,10,60,61,25,26,35,58,140,56,21,81,148,141,17,54,12,95,72,127,78,133,14,1,134,82,117,63,55,122,121,33,2,29,31,137,116,97,89,128,44,125,96,114,66,123,90,135,6,73,39,115,48,144,27,51,131,119,20,138,75,93,83,94,3,132,145,124,59,64,113,38,143,19,32,102
41,103,119,18,60,24,52,130,63,57,62,42,107,79,81,69,121,111,91,94,89,39,59,86,139,83,68,97,102,99,11,71,23,149,33,4,13,44,47,55,40,134,45,100,67,114,10,34,35,129,85,108,19,54,84,1,43,0,82,112,58,16,116,77,3,29,101,28,147,31,136,98,38,145,142,146,109,61,88,138,124,15,92,56,21,72,53,141,127,126,65,95,48,148,78,115,137,128,110,8,117,105,46,49,104,30,120,7,87,5,50,70,2,133,32,125,96,144,66,76,90,135,6,22,9,123,36,140,27,51,131,25,20,37,75,106,122,26,64,132,74,14,17,118,113,12,143,80,73,93
27,95,119,18,7,56,52,130,103,70,62,128,92,109,63,117,6,30,91,32,25,39,147,86,114,49,68,148,3,99,61,1,24,84,33,122,13,44,47,31,80,81,111,100,93,11,5,137,104,143,85,59,79,54,126,144,43,0,82,83,112,16,55,23,45,110,2,125,19,135,136,28,105,145,108,12,116,65,88,138,9,98,66,75,139,57,113,58,127,53,69,133,97,77,26,115,74,21,34,146,149,22,46,35,140,67,120,72,87,107,50,4,101,94,29,132,96,142,134,131,90,10,121,42,60,123,38,76,141,51,78,15,37,89,8,40,64,129,20,14,102,71,17,118,36,48,124,106,73,41
27,108,85,52,41,56,98,31,23,114,30,128,101,109,132,117,6,68,115,134,95,13,26,19,86,36,49,148,53,146,61,1,24,130,113,16,145,58,47,82,57,81,96,84,127,105,12,137,104,92,25,59,40,64,120,77,122,60,46,48,50,76,80,62,15,133,5,7,126,94,90,3,43,0,142,69,116,138,88,112,9,29,66,75,55,144,70,20,54,28,141,103,97,136,11,110,74,44,45,22,149,106,42,35,83,67,63,79,100,107,129,93,72,2,99,39,140,32,123,37,147,10,121,119,135,18,38,34,73,125,78,4,65,89,8,51,111,131,91,14,102,71,17,118,21,87,124,143,33,139
27,47,4,30,37,80,46,116,23,89,110,41,113,109,43,117,6,68,92,42,118,137,101,119,86,105,35,21,53,112,133,99,24,132,1,135,138,102,107,22,56,51,96,127,45,17,100,20,104,149,25,125,40,64,120,146,122,60,57,48,11,9,142,67,15,3,144,61,126,94,139,0,74,145,130,103,134,131,129,28,58,73,123,69,29,108,93,141,83,79,82,7,52,13,114,19,39,44,84,50,16,106,31,136,62,55,63,95,77,81,14,49,72,2,54,98,140,32,148,26,147,10,121,70,5,18,66,34,128,12,78,59,65,88,8,143,33,124,111,36,97,71,85,115,75,87,91,38,76,90
114,140,142,41,37,60,133,116,8,87,110,124,113,109,71,48,125,132,138,42,9,137,101,122,141,105,98,21,53,112,136,134,94,39,66,86,15,102,143,22,18,51,49,127,115,104,126,20,5,107,7,62,1,119,118,27,45,145,54,13,147,32,73,24,91,3,144,96,84,31,130,0,74,11,29,103,78,89,59,28,58,77,6,120,135,65,149,146,83,79,82,17,106,131,117,85,97,52,40,50,16,139,148,44,63,67,12,25,92,14,55,56,80,99,2,43,30,108,123,26,93,61,121,70,57,64,23,34,128,75,33,47,129,88,36,68,4,95,111,81,69,19,35,90,10,100,46,38,76,72
78,125,13,121,124,54,59,116,94,45,105,119,58,1,149,35,68,108,138,145,19,137,101,67,147,4,127,21,104,93,136,134,33,141,77,86,34,102,12,22,18,5,114,118,115,23,71,20,32,107,7,62,65,3,40,97,81,132,70,79,89,129,52,60,73,0,144,87,72,84,39,91,27,11,29,103,92,69,48,28,140,110,6,47,135,112,15,9,83,10,146,14,106,36,82,85,53,75,61,50,16,139,148,133,63,111,17,131,41,95,113,96,80,109,128,43,30,42,8,31,46,26,49,38,57,64,44,143,2,98,99,74,56,88,90,123,122,130,142,24,51,66,117,100,120,37,126,25,76,55
78,95,66,109,36,106,27,116,8,48,130,96,79,124,37,35,68,108,49,104,6,41,99,146,18,129,25,21,70,80,136,134,33,29,26,13,1,128,12,51,14,101,86,118,93,10,127,20,45,107,141,62,139,61,40,39,81,132,71,147,89,103,52,56,11,0,65,125,4,102,137,149,69,30,60,64,119,55,47,28,54,138,140,94,135,105,126,9,83,59,74,38,88,7,82,115,53,121,73,50,16,142,148,133,114,111,23,131,34,24,63,3,113,120,92,90,17,144,15,75,46,145,31,112,72,76,84,143,2,32,43,98,97,57,5,123,77,87,67,19,42,85,117,100,110,44,91,22,58,122
149,21,74,109,141,50,75,9,96,32,0,55,45,25,37,27,76,5,144,123,6,60,99,146,18,125,137,52,70,116,61,49,121,29,26,100,58,128,103,110,130,101,86,12,15,43,24,124,139,107,115,62,140,17,136,112,68,69,1,54,89,104,92,111,48,134,88,39,4,102,94,147,93,30,77,91,119,56,47,28,127,41,135,20,82,105,120,126,3,129,65,90,14,7,133,113,53,11,72,40,51,142,148,57,143,71,23,131,34,38,16,83,145,64,106,78,13,2,85,108,8,63,31,118,73,138,98,10,22,35,132,46,97,95,36,79,80,87,67,19,42,33,117,84,66,44,114,81,59,122
149,26,74,18,125,87,142,9,92,116,0,55,45,51,110,102,91,136,144,123,46,88,113,146,111,50,82,52,8,139,2,43,121,33,61,64,54,38,106,73,101,95,21,137,15,119,24,124,135,128,115,114,49,58,37,133,68,104,130,41,89,11,109,103,48,70,57,141,40,76,35,127,93,122,140,107,99,20,60,129,112,39,143,4,34,108,120,12,42,17,98,32,14,7,71,3,53,62,27,86,77,25,69,29,23,148,147,138,19,105,16,83,56,1,30,6,75,28,31,5,145,96,13,118,65,126,85,10,22,97,78,90,94,100,36,79,80,47,67,63,72,132,117,84,66,44,134,81,59,131
149,0,112,88,125,62,115,85,99,116,51,69,45,58,2,23,18,86,81,123,46,143,8,144,107,50,119,106,37,54,111,14,121,82,61,65,21,20,126,73,101,95,39,13,56,120,24,138,70,141,34,114,142,27,16,10,68,104,67,41,89,7,109,103,134,1,57,96,53,76,148,19,102,132,42,92,9,12,32,139,113,140,80,4,33,35,131,130,91,90,72,15,108,38,17,59,105,84,26,122,77,25,44,98,127,124,147,11,93,118,66,135,6,128,71,74,75,43,31,5,145,87,137,110,30,40,49,52,22,97,78,28,94,83,36,79,136,47,146,60,100,48,117,133,29,129,55,64,63,3
136,0,105,6,125,77,67,124,99,34,35,69,66,94,60,87,18,86,19,9,27,13,8,144,25,149,131,106,128,84,112,28,121,145,62,49,108,20,126,73,15,101,71,44,54,133,89,74,70,120,52,22,2,58,123,53,68,81,116,55,75,80,117,103,143,36,57,96,56,76,31,51,109,82,64,111,61,12,32,139,113,140,46,141,33,92,42,142,7,90,11,148,130,97,95,10,45,129,4,79,88,26,3,98,127,29,147,114,104,17,37,138,85,93,134,16,24,43,38,5,100,63,137,14,30,110,40,119,1,72,78,122,91,83,65,132,135,47,146,102,118,48,50,23,41,107,21,115,39,59
1,51,41,6,125,78,32,124,70,82,113,91,61,45,130,27,0,86,19,71,3,13,52,137,25,9,127,106,128,37,112,28,101,114,8,49,108,92,63,135,119,144,142,2,48,30,76,74,12,98,66,22,54,77,10,94,73,81,104,33,75,85,29,103,99,36,97,18,16,53,72,55,109,84,64,62,89,15,116,123,93,140,57,46,42,120,100,34,7,90,60,148,20,138,83,44,80,143,145,139,141,26,146,87,4,43,68,134,24,96,14,126,129,39,79,5,131,149,38,47,11,17,110,59,111,31,40,133,121,88,69,122,35,95,65,132,56,136,117,102,118,67,50,23,105,107,21,115,147,58
48,79,39,34,135,0,119,124,70,82,37,149,137,98,28,68,138,27,104,71,51,22,17,130,18,9,148,26,19,125,109,118,140,114,127,72,108,113,57,101,91,144,142,23,96,54,99,74,90,3,93,62,83,65,32,24,110,81,38,33,15,85,29,97,102,106,133,35,16,56,25,4,20,84,64,75,53,128,116,8,145,76,10,46,42,120,100,112,1,13,60,12,21,146,69,50,47,143,123,14,59,49,139,87,86,43,132,67,36,121,141,126,129,94,111,5,131,89,30,2,11,77,80,73,31,63,40,45,103,88,117,122,78,95,105,44,115,136,134,6,66,61,55,58,7,107,41,52,147,92
41,79,68,34,135,90,119,19,77,9,97,94,137,98,28,66,147,125,85,115,1,22,100,130,56,84,5,114,82,93,109,74,140,38,39,7,13,99,141,57,88,123,44,25,96,117,11,53,17,3,26,62,110,113,23,81,129,51,49,54,108,118,70,64,58,106,133,72,16,78,112,15,75,65,86,21,43,128,116,124,47,142,10,46,80,89,76,18,12,146,36,4,8,35,27,42,127,144,29,14,59,37,139,87,33,138,132,67,148,55,48,73,102,63,24,32,143,91,30,2,104,149,121,69,31,111,40,83,52,131,101,122,134,95,105,71,60,136,45,103,145,61,6,50,0,107,20,126,120,92
92,44,17,34,43,15,119,41,82,104,97,94,137,89,8,39,147,102,63,115,1,22,83,18,113,77,61,110,33,93,13,30,32,60,31,130,2,99,141,71,127,123,51,11,96,85,73,36,66,20,42,129,70,106,72,81,23,75,52,80,95,118,142,101,58,55,28,131,78,54,109,24,108,7,69,111,65,87,48,124,47,140,107,40,64,74,76,103,12,146,53,57,114,62,138,29,9,56,3,14,59,37,139,88,35,116,132,67,148,125,90,91,26,126,49,5,143,10,79,120,128,98,121,84,112,16,133,19,21,4,100,122,134,68,105,86,50,136,149,46,145,38,6,144,0,135,117,25,27,45
134,149,110,131,74,15,114,91,9,98,5,49,95,89,119,39,100,38,104,0,42,22,118,18,47,73,61,80,147,148,57,111,32,37,70,62,2,1,141,60,33,123,102,11,106,85,52,138,66,20,94,139,25,99,46,27,23,75,140,29,101,127,103,7,35,55,28,126,133,54,109,24,108,43,69,129,10,19,113,93,77,36,105,8,64,116,143,122,44,146,117,41,82,13,17,65,53,51,3,14,88,58,90,48,125,83,71,67,34,78,59,97,26,50,63,45,72,6,79,120,128,121,144,124,112,16,84,142,56,4,30,130,21,68,87,31,92,136,86,115,145,81,40,135,132,107,76,12,96,137
54,58,97,77,74,57,114,89,42,98,113,17,129,117,80,27,65,51,104,99,90,22,61,18,47,73,141,34,147,71,106,19,4,37,70,39,128,149,60,36,142,123,102,66,15,78,49,138,12,103,86,139,131,111,46,87,23,52,75,29,101,26,32,21,35,55,28,126,30,121,31,24,115,5,69,9,48,118,100,82,8,95,105,112,13,11,143,38,25,146,72,68,148,43,119,2,110,41,93,116,88,10,64,53,40,67,135,14,136,107,125,85,56,50,140,45,62,59,79,3,20,83,144,124,16,33,120,122,127,91,94,6,109,1,134,0,7,108,44,63,137,81,130,84,132,133,76,145,96,92
99,90,101,13,36,104,23,55,71,98,94,8,108,117,50,86,14,64,37,16,42,22,27,95,47,92,43,142,39,107,106,60,26,80,24,141,128,149,76,69,41,123,6,113,56,116,49,138,125,103,146,0,131,120,5,70,9,1,17,29,78,66,32,62,35,33,28,126,112,121,19,2,115,129,30,54,136,118,31,82,74,148,105,25,72,11,143,134,21,89,122,137,45,46,97,85,110,4,93,3,53,10,114,7,111,100,44,83,119,88,109,65,48,139,140,61,57,59,79,81,51,87,18,124,147,52,135,20,127,91,58,38,68,102,84,75,67,40,12,63,144,73,130,132,15,133,77,145,96,34
99,107,101,13,36,50,35,55,71,25,72,113,120,10,79,103,14,100,37,68,42,48,141,97,47,22,148,20,76,49,129,6,139,88,67,130,91,117,43,69,46,142,115,23,44,80,32,136,24,39,146,108,131,118,5,1,89,94,122,29,60,70,0,62,134,33,75,126,30,4,19,2,9,3,81,54,28,63,144,66,53,119,105,121,123,135,125,17,104,102,114,112,124,84,90,85,110,59,93,41,38,56,86,12,21,58,111,83,138,132,95,65,8,45,26,61,57,109,143,16,51,87,77,147,149,52,34,11,127,116,31,140,64,128,137,74,7,40,96,78,18,73,82,27,15,133,98,145,106,92
99,34,101,75,26,118,35,126,74,109,72,100,120,6,133,137,14,55,103,84,42,48,141,83,56,5,87,20,47,49,57,54,10,88,22,140,93,114,102,96,46,131,147,23,44,15,32,136,59,91,71,92,33,81,61,1,3,121,122,76,112,80,115,62,73,82,51,138,139,4,19,2,29,135,85,36,28,63,105,24,40,41,108,50,66,130,125,53,104,119,148,77,124,30,90,142,110,145,134,31,38,58,52,107,9,68,94,149,18,132,95,123,8,45,111,60,64,0,43,86,106,69,17,65,98,129,113,11,146,116,79,127,144,7,78,143,89,13,39,12,25,21,97,27,70,37,67,16,128,117
131,52,101,144,114,118,80,126,55,54,72,100,32,1,74,44,112,119,12,84,107,102,68,83,56,145,62,99,17,49,18,5,90,88,26,106,130,129,98,96,46,65,14,57,10,11,9,73,127,91,53,13,39,81,123,75,43,16,89,3,132,48,105,113,19,82,51,33,139,4,87,29,92,61,117,64,47,63,40,103,122,41,24,22,66,71,147,35,104,135,148,77,50,125,124,142,120,69,2,31,38,58,79,115,141,136,94,149,109,138,95,37,8,121,85,7,111,27,20,76,45,86,70,140,23,97,133,28,110,116,59,60,134,42,78,143,93,67,34,6,25,21,137,15,30,0,146,36,128,108
133,7,125,123,94,46,80,111,39,54,72,48,73,1,17,115,34,57,49,84,47,102,92,107,87,131,62,109,86,63,18,21,65,12,85,40,75,55,104,37,42,16,97,2,3,68,14,106,33,38,26,134,82,81,9,52,78,5,89,67,128,4,32,113,77,11,51,23,144,64,45,29,137,145,69,130,88,116,129,103,139,41,24,98,110,15,114,101,132,135,148,28,50,74,71,142,124,83,112,31,120,58,79,100,35,136,126,149,25,8,119,10,99,121,53,96,22,27,20,76,43,138,70,140,105,127,117,90,146,61,59,95,91,36,66,143,93,118,147,6,122,19,44,56,30,0,60,141,13,108
94,28,65,101,61,113,147,53,125,96,72,92,76,135,58,59,0,7,137,122,35,102,63,9,46,141,62,100,73,6,47,27,74,85,15,8,75,39,90,10,54,16,84,37,133,145,123,106,116,79,26,134,82,22,146,107,78,114,89,97,128,4,14,21,18,86,51,118,144,64,50,56,71,115,69,104,88,23,129,29,44,41,126,136,110,1,68,87,132,45,12,25,17,111,91,142,124,83,77,31,120,139,30,36,112,38,80,119,130,2,98,149,121,40,33,99,3,67,20,81,43,138,52,140,105,127,117,32,5,60,57,95,42,24,55,143,93,48,108,103,131,19,66,148,34,70,13,49,11,109
36,28,56,101,128,60,147,24,104,96,118,92,5,88,140,59,85,133,121,119,116,145,94,9,29,35,62,131,38,143,82,139,117,37,15,52,61,39,75,63,8,2,84,146,102,44,123,48,3,18,26,130,27,51,93,7,78,122,89,47,132,4,16,125,113,86,129,106,73,135,74,95,83,77,69,124,149,103,79,144,90,41,126,136,110,107,68,57,114,45,109,25,19,111,100,142,22,46,134,98,120,30,13,53,112,23,6,20,141,17,108,76,105,87,33,99,10,67,11,81,138,12,97,58,21,148,71,32,14,0,80,115,42,34,1,50,72,43,127,137,65,91,66,64,54,70,31,49,40,55
36,28,56,119,83,148,46,102,20,55,91,10,5,88,93,59,85,52,94,29,3,145,70,22,87,138,84,131,15,61,82,25,89,124,31,76,23,114,43,63,132,133,75,96,34,69,123,112,39,81,110,92,47,51,19,7,21,122,140,64,78,130,16,125,116,37,8,79,49,128,141,32,73,27,44,146,107,103,62,74,67,41,126,147,118,97,68,18,106,121,95,127,98,111,100,137,115,136,134,38,139,90,13,53,142,105,72,2,9,17,108,101,6,24,120,99,4,14,11,77,30,12,58,33,0,57,71,35,86,42,80,117,45,144,1,50,135,143,149,109,65,60,66,104,54,113,48,40,129,26
133,87,25,119,11,103,65,102,80,55,146,137,3,145,93,111,88,123,94,106,7,50,70,83,104,149,77,64,59,139,82,116,89,141,53,76,98,37,67,63,132,128,9,40,34,74,138,112,39,81,110,86,47,62,19,14,75,96,140,79,31,130,16,95,6,114,129,124,60,122,42,99,36,27,144,32,52,5,71,134,43,41,126,147,12,66,20,22,18,121,44,8,118,142,135,84,33,17,131,38,97,35,13,58,23,54,72,2,107,51,108,100,125,24,143,136,4,49,10,21,30,148,113,57,0,85,69,127,105,101,91,117,90,56,120,45,73,46,15,109,92,26,68,115,29,28,48,78,1,61
20,87,25,2,104,37,3,47,113,55,126,137,17,66,32,100,57,140,93,111,7,50,70,102,83,67,77,95,84,147,119,117,92,130,53,75,48,33,101,69,132,128,9,14,34,74,138,112,82,133,88,86,62,85,19,121,149,118,99,145,61,15,18,29,141,12,4,124,51,40,42,38,44,27,106,56,63,24,71,134,78,41,11,5,122,65,28,22,131,76,139,103,58,142,135,64,59,80,45,39,97,35,107,21,6,89,116,108,120,91,43,36,125,79,143,31,60,73,10,146,90,94,127,129,0,23,49,148,105,13,54,136,144,109,16,30,8,46,98,123,52,26,81,115,114,72,96,110,1,68
94,7,25,9,51,37,14,47,87,16,58,137,17,114,45,41,117,8,53,111,128,50,121,4,113,67,77,95,68,5,71,75,92,124,57,61,140,33,69,123,84,56,145,2,19,91,138,74,147,127,88,106,23,27,119,62,149,15,60,20,85,52,97,29,79,12,38,104,86,22,24,55,118,148,49,82,63,66,26,141,120,135,11,48,93,65,28,6,3,83,59,21,108,142,122,64,130,80,90,39,76,100,107,112,105,89,134,116,40,126,103,36,31,35,72,144,131,73,70,43,44,42,143,129,1,78,18,96,46,13,54,10,0,109,102,30,136,32,98,133,99,125,81,115,132,34,146,110,101,139
94,71,6,69,43,40,80,47,139,120,25,58,17,19,128,41,117,3,146,111,72,60,121,4,53,115,5,95,145,34,141,33,63,7,57,61,85,149,99,123,55,56,84,142,138,91,113,136,147,127,88,22,23,119,50,0,73,54,2,64,140,52,97,75,79,130,38,29,148,42,105,27,134,62,51,39,10,87,114,21,132,135,20,144,93,65,36,76,122,110,89,18,133,37,66,45,74,14,118,48,108,100,107,9,77,129,90,82,68,16,44,49,112,35,103,106,131,1,70,116,83,32,31,15,92,78,109,96,46,126,28,104,24,67,102,30,59,13,98,12,137,125,81,26,124,101,8,143,11,86
