0,1,2,3,4,5,6,7,8,9,10,11,12,13,14,15,16,17,18,19,20,21,22,23,24,25,26,27,28,29,30,31,32,33,34,35,36,37,38,39,40,41,42,43,44,45,46,47,48,49,50,51,52,53,54,55,56,57,58,59,60,61,62,63,64,65,66,67,68,69,70,71,72,73,74,75,76,77,78,79,80,81,82,83,84,85,86,87,88,89,90,91,92,93,94,95,96,97,98,99
17,6,81,58,98,52,72,7,78,89,92,91,12,0,75,22,2,93,18,71,43,21,9,16,8,25,32,27,33,29,24,53,23,66,70,38,30,55,34,39,40,45,95,86,10,77,46,68,94,1,73,51,36,14,97,4,28,31,5,83,60,61,62,63,54,76,50,67,42,69,35,49,59,20,74,80,79,56,90,11,41,3,82,47,84,85,37,87,88,44,13,64,26,19,48,15,96,57,65,99
8,14,81,58,18,52,75,71,74,54,10,64,85,89,6,92,20,30,22,3,98,41,83,23,31,25,32,27,29,60,24,53,26,7,88,38,72,55,90,39,57,91,99,86,16,21,96,73,77,87,28,51,42,49,84,4,70,40,95,67,33,61,12,69,2,76,63,17,68,5,35,62,0,11,79,80,59,56,48,46,93,82,43,47,36,9,37,97,15,44,13,94,34,19,66,50,45,78,65,1
78,14,81,91,24,52,8,71,38,96,60,69,85,36,6,92,99,56,22,1,12,17,83,51,31,25,3,95,7,65,39,90,86,54,5,89,70,29,35,32,61,50,79,41,16,49,9,73,77,0,28,37,33,20,10,2,64,30,76,67,15,84,57,55,88,74,19,75,27,59,40,62,53,11,47,80,87,4,48,58,43,82,23,26,98,72,18,97,94,44,13,45,63,34,66,42,93,46,68,21
97,53,81,91,76,0,8,86,38,65,26,49,44,36,6,61,50,75,22,4,43,92,83,51,66,16,3,9,7,20,39,78,24,71,15,19,48,29,35,34,37,57,67,70,82,28,33,73,88,14,5,85,95,77,10,2,96,30,64,80,87,25,27,69,93,63,74,72,32,1,55,99,68,13,47,17,60,79,89,31,11,42,23,90,98,52,18,59,94,62,45,40,58,84,41,54,56,46,12,21
97,90,83,41,25,82,8,43,35,0,44,4,81,38,63,95,50,71,22,55,76,92,75,62,68,11,3,66,96,77,80,79,64,6,99,19,48,57,67,21,37,78,36,33,86,16,23,2,28,14,5,85,73,91,24,34,30,59,42,88,87,70,13,94,31,93,74,72,32,54,47,51,27,20,39,17,60,40,89,18,61,65,26,58,98,15,7,29,69,52,45,53,9,84,10,1,56,46,12,49
37,91,83,41,25,99,79,97,28,34,67,18,62,11,70,45,22,71,94,75,47,90,88,52,57,35,29,95,96,66,51,3,8,6,63,19,53,33,9,21,50,78,7,74,10,42,23,2,38,98,16,55,17,58,24,64,30,13,73,86,87,39,54,5,31,93,59,72,80,26,85,61,27,32,14,92,0,40,89,36,69,65,1,43,44,15,49,84,76,81,20,60,4,82,68,48,56,46,12,77
71,91,5,21,45,99,85,40,10,33,77,18,4,30,48,39,22,15,63,75,47,57,88,52,98,8,29,80,96,66,51,84,62,6,42,55,92,34,27,0,50,78,17,31,3,90,69,37,79,58,49,43,13,67,24,89,70,11,73,16,87,74,65,32,59,93,76,72,68,12,41,61,28,14,25,9,35,38,23,36,56,7,1,95,44,54,26,83,86,19,94,60,81,53,82,2,97,64,20,46
17,20,41,19,81,69,85,38,28,98,95,40,29,13,48,96,91,36,12,75,55,2,35,0,71,7,6,80,26,66,31,33,70,72,42,99,8,18,27,92,94,78,74,89,86,90,34,37,14,84,49,39,47,67,24,43,64,51,73,22,21,59,65,5,77,83,76,58,68,3,79,61,97,53,25,9,4,10,57,88,56,52,1,45,44,15,82,87,54,23,16,60,11,63,32,50,30,93,62,46
51,20,91,62,11,15,39,49,25,71,84,36,29,45,1,61,43,73,12,64,63,2,48,80,33,82,42,74,99,81,31,56,28,79,52,97,75,13,27,92,94,78,58,16,86,96,34,0,14,72,5,85,47,19,24,18,4,50,67,22,21,59,65,6,23,38,76,53,68,3,57,46,26,77,10,70,40,37,83,69,9,93,95,17,44,30,35,87,54,88,98,55,8,66,32,89,7,60,41,90
51,64,4,40,11,50,27,46,97,20,84,42,29,98,1,58,32,2,12,56,79,82,48,39,69,60,80,61,99,57,45,43,7,37,49,22,95,13,36,83,28,35,73,16,63,96,34,30,14,75,5,85,47,81,87,52,41,88,44,72,21,26,70,6,23,94,76,53,77,3,25,91,86,68,17,10,90,62,71,19,33,93,24,0,89,38,55,59,54,78,92,67,9,66,8,65,18,31,74,15
32,64,26,76,87,4,10,40,44,63,59,72,65,51,7,58,85,69,54,29,52,37,48,39,6,41,80,61,99,57,60,71,35,11,49,21,2,13,53,83,30,62,73,74,23,46,14,78,95,75,42,24,31,81,34,79,84,88,5,45,1,38,70,22,50,94,92,18,77,96,47,91,68,97,17,66,27,9,56,89,20,93,90,0,12,19,55,33,3,86,16,67,82,36,8,28,15,43,98,25
20,64,2,15,28,71,44,22,25,46,11,90,65,53,7,14,70,69,54,29,98,4,49,40,63,59,17,10,47,38,60,26,19,72,5,51,24,85,80,93,30,18,73,74,89,56,48,43,95,21,42,0,31,62,99,83,37,39,23,1,79,75,94,84,50,32,35,3,61,77,52,91,68,13,6,66,27,9,33,76,78,34,88,67,12,58,55,92,96,97,16,41,82,36,8,81,45,87,86,57
68,12,20,3,30,34,44,0,64,40,88,35,65,10,16,91,70,96,26,67,9,24,49,55,69,66,17,6,47,98,60,23,54,5,43,51,87,45,11,93,84,18,97,77,89,56,83,79,95,38,82,42,31,62,94,22,14,39,4,59,80,25,53,50,48,75,27,58,61,21,52,8,1,13,76,29,90,46,33,99,78,2,72,37,15,92,71,32,41,74,19,63,85,36,73,81,28,7,86,57
10,63,20,82,12,34,42,97,64,40,88,4,90,80,3,84,70,96,92,37,60,0,35,55,13,36,98,24,47,61,21,31,51,5,43,28,72,45,11,9,86,76,49,68,74,67,83,17,95,1,99,48,65,54,18,71,44,39,56,59,62,91,30,53,8,75,29,58,32,14,52,87,89,23,25,2,81,79,27,6,78,57,22,94,15,50,38,69,7,77,19,33,85,26,73,93,41,46,66,16
10,63,33,95,58,37,52,49,22,41,88,34,42,80,11,74,70,96,32,93,60,44,25,77,20,36,24,15,47,67,21,98,51,5,75,28,56,94,1,23,86,30,57,68,31,84,72,91,45,62,61,48,89,71,18,64,99,35,3,12,73,16,38,55,8,4,59,87,85,14,43,13,17,79,29,54,81,53,92,82,39,2,90,26,6,50,65,83,7,97,19,0,40,27,78,9,76,46,66,69
8,98,33,78,52,55,31,36,21,13,99,34,79,87,40,74,93,96,70,39,4,44,2,11,20,29,47,42,83,28,72,16,76,5,41,57,82,88,1,77,17,61,97,37,62,84,67,25,45,22,73,48,53,32,18,89,50,3,66,63,24,27,38,95,56,49,59,30,85,58,60,35,94,15,23,54,81,75,71,68,80,0,90,26,6,12,65,43,7,51,92,14,10,86,19,9,64,46,91,69
70,98,80,93,16,7,31,21,66,91,64,92,79,74,69,36,4,96,34,1,97,40,81,12,5,9,63,13,86,44,72,52,29,85,41,57,10,68,23,77,17,51,49,8,87,84,27,25,45,22,65,48,53,62,18,89,50,3,32,88,24,20,59,71,28,94,39,30,19,78,6,14,82,99,46,54,95,35,67,11,56,0,33,26,2,47,61,43,73,37,75,60,38,76,83,15,90,55,42,58
70,80,90,98,57,38,42,82,12,7,66,31,58,91,63,9,51,22,36,17,81,88,84,64,52,77,45,34,79,56,72,92,99,74,44,18,13,53,86,96,55,97,49,60,87,73,27,1,41,10,65,48,26,62,67,25,50,89,69,15,24,20,28,71,21,94,39,83,19,3,0,14,93,29,46,78,85,32,16,11,35,54,33,30,2,47,61,43,23,37,59,4,40,76,75,8,95,5,6,68
70,73,43,4,13,38,58,21,94,29,97,52,32,10,28,9,17,68,57,77,81,66,19,64,88,39,67,34,79,56,84,25,89,74,96,26,50,51,44,63,98,6,49,60,54,92,87,1,41,20,65,48,85,33,69,15,91,99,72,8,18,22,14,83,11,80,62,82,55,3,42,90,93,27,46,78,31,47,95,53,12,35,71,30,76,24,61,7,23,5,59,37,40,86,75,36,16,2,0,45
99,53,40,27,37,81,58,94,67,52,70,21,32,1,28,54,17,68,77,20,50,66,10,43,29,92,56,44,79,41,89,51,31,3,75,16,26,84,34,76,73,86,82,60,93,25,0,61,14,90,65,38,85,95,69,15,2,97,72,8,74,83,63,59,11,80,24,78,55,30,42,48,87,9,46,6,5,47,4,18,12,39,71,35,91,22,88,57,23,7,49,98,33,13,96,36,19,64,62,45
99,27,40,43,82,3,0,4,67,50,61,21,52,1,41,28,17,58,25,51,31,9,10,55,93,14,63,44,91,66,73,83,68,2,96,16,49,84,71,86,20,90,48,94,45,19,34,7,81,39,65,38,60,35,97,76,62,5,72,29,32,57,53,59,69,92,24,78,56,30,89,15,80,75,46,37,22,79,77,18,95,42,87,8,47,85,88,26,54,74,6,98,33,13,70,36,12,64,23,11
42,34,33,23,0,3,58,65,70,91,26,69,10,12,63,4,17,30,54,21,22,9,27,41,28,14,25,44,99,66,73,29,24,52,95,16,49,93,71,75,53,5,48,94,51,40,61,43,68,39,87,19,90,35,97,86,98,79,37,20,83,89,92,59,50,1,81,78,57,15,60,45,62,32,2,74,76,82,77,18,56,55,47,8,80,46,88,67,96,7,72,31,85,13,6,36,38,64,84,11
11,47,52,77,59,16,91,17,60,10,71,37,83,67,8,4,1,30,25,21,76,27,63,41,28,26,73,23,36,66,13,29,24,42,95,64,7,93,53,49,56,55,81,65,51,74,20,43,33,39,87,38,84,35,40,99,19,92,89,68,86,61,2,94,50,75,22,78,79,15,34,45,97,32,58,98,14,82,96,18,12,5,31,0,54,46,9,85,48,80,72,70,62,69,6,90,88,44,3,57
51,68,60,5,59,16,41,86,90,93,71,80,29,67,11,55,1,20,17,77,74,4,13,42,28,12,73,21,33,66,9,38,49,3,95,94,83,91,53,89,24,45,52,99,36,54,22,35,72,27,87,25,84,40,50,76,32,92,56,64,75,31,63,10,7,78,37,57,30,15,43,0,6,23,58,98,14,8,47,18,97,26,39,61,81,46,82,85,48,70,96,79,62,69,19,2,88,44,34,65
89,20,51,40,59,4,98,78,90,60,71,39,29,12,11,46,57,96,21,13,36,93,99,74,82,8,68,19,33,66,25,38,49,65,72,94,22,80,76,5,95,86,45,24,85,69,67,70,63,27,79,41,84,88,50,61,32,92,48,64,55,53,83,14,7,1,44,9,30,15,52,56,6,23,58,31,10,2,35,0,97,26,62,87,37,75,43,81,54,91,3,42,77,18,28,16,73,17,34,47
89,83,17,84,0,28,98,13,90,60,2,69,3,12,53,1,78,38,75,19,15,68,99,5,4,32,7,11,33,21,8,57,70,6,72,94,95,80,54,24,41,86,56,39,85,16,66,88,23,27,79,81,18,35,50,61,67,92,30,76,55,65,71,77,93,25,44,22,14,74,31,96,45,42,58,49,10,51,64,34,40,37,29,87,9,46,82,26,97,91,52,20,59,36,43,48,73,62,63,47
89,83,75,22,32,6,98,24,51,60,63,13,91,64,40,1,43,95,5,50,15,4,3,39,10,77,67,11,23,18,8,58,56,62,72,94,68,80,54,70,92,86,16,74,55,19,82,2,84,57,0,81,38,35,85,27,47,28,79,33,59,48,71,96,61,73,44,69,14,37,76,78,45,7,9,42,53,90,31,34,25,49,41,87,17,46,29,26,97,52,65,20,99,88,36,30,66,12,21,93
75,20,24,22,92,37,51,65,88,40,3,96,28,7,26,1,64,29,5,50,15,62,71,39,6,97,95,11,23,89,10,91,31,14,9,94,68,87,54,79,16,86,30,74,18,33,83,66,84,60,59,81,38,47,85,27,35,61,8,52,34,48,69,67,55,63,72,36,0,53,12,78,98,42,57,4,45,90,93,80,25,73,41,13,43,46,21,44,2,58,49,19,99,77,17,56,76,82,70,32
76,91,58,22,42,16,59,65,48,40,74,96,97,7,30,47,9,29,50,75,15,62,86,3,49,84,60,68,28,89,10,34,77,71,26,55,12,93,56,95,64,78,38,51,44,99,83,66,63,2,27,81,24,4,14,79,35,20,39,25,87,23,18,67,5,52,88,85,0,1,80,92,98,54,33,61,45,90,17,41,53,73,94,37,72,46,13,43,69,11,31,19,57,21,6,36,8,82,70,32
47,52,96,24,85,60,72,87,90,40,74,84,97,7,18,73,9,13,64,75,15,77,10,56,57,44,67,68,76,63,43,33,35,62,26,55,89,22,86,12,25,71,16,88,49,99,83,66,98,29,32,30,48,4,95,8,80,20,39,21,81,23,14,78,82,93,46,3,51,17,1,92,91,79,61,27,45,58,70,41,53,28,94,37,34,6,11,42,38,5,31,19,65,54,69,0,59,2,36,50
99,97,96,71,10,27,40,66,90,29,28,49,32,74,24,41,61,13,7,9,15,83,93,0,37,44,59,47,76,2,88,75,23,62,26,55,14,94,51,57,25,3,16,1,56,98,72,4,85,38,19,81,48,46,95,5,80,68,39,67,69,86,21,64,11,22,18,89,87,17,73,92,70,91,36,20,45,52,35,60,53,79,58,65,34,6,43,42,82,30,31,12,33,54,84,8,78,63,77,50
54,26,75,53,12,27,81,38,71,23,36,40,32,94,24,56,61,96,55,2,8,83,39,78,37,28,68,47,25,35,88,58,95,62,0,97,14,49,3,57,29,43,76,15,13,80,73,93,85,70,19,10,48,45,86,5,1,16,90,98,69,6,4,64,20,82,51,7,87,33,72,92,79,11,65,17,99,77,41,67,21,44,66,52,89,18,74,42,59,30,31,60,91,9,84,46,22,63,34,50
32,58,75,53,9,47,30,99,90,50,67,24,51,1,36,56,88,96,55,72,18,17,7,81,45,28,23,79,25,13,21,77,95,76,2,97,14,49,26,44,39,43,66,0,64,92,73,37,85,3,80,40,48,46,19,12,33,16,52,62,69,8,38,71,34,83,5,6,74,63,29,87,15,82,98,4,11,93,41,68,94,70,78,54,86,35,27,42,59,20,31,60,91,61,84,57,22,89,10,65
32,84,75,14,78,35,95,99,23,86,67,53,58,56,36,70,66,91,82,72,16,17,52,81,45,68,7,4,25,92,47,42,48,37,80,59,96,88,12,97,76,8,50,13,30,24,73,5,85,3,6,26,0,46,40,18,33,90,10,62,69,57,74,34,31,83,43,11,93,64,39,87,15,89,98,28,94,55,79,29,77,51,27,54,38,21,49,9,19,20,71,60,61,22,44,1,63,2,41,65
44,31,51,72,27,94,78,24,74,5,67,59,18,42,54,56,89,91,98,75,48,97,77,81,82,10,7,93,25,92,47,80,4,8,23,14,96,61,63,2,65,55,50,87,86,20,9,52,85,3,95,26,22,46,40,57,33,90,32,62,53,6,13,34,64,83,35,11,38,79,66,73,15,39,1,28,37,69,0,29,17,58,88,76,45,71,49,43,16,21,84,12,30,60,70,36,99,19,41,68
51,14,92,7,27,34,29,37,49,28,67,35,18,42,91,56,89,5,15,73,88,62,52,87,57,10,8,53,82,40,98,77,1,50,68,86,96,61,63,25,24,55,46,80,76,60,21,23,84,22,9,4,20,79,32,72,99,90,3,74,59,6,13,16,64,83,2,31,30,47,78,11,93,81,54,44,94,69,0,65,17,95,85,43,45,71,75,33,97,38,26,12,66,41,70,36,39,19,48,58
28,14,92,71,99,24,78,37,52,15,67,35,2,72,85,23,61,86,29,5,21,11,89,83,57,47,70,44,10,40,33,87,76,19,68,77,45,8,62,25,50,55,46,60,48,75,74,82,16,22,51,56,20,1,32,49,96,90,3,12,59,0,73,13,34,58,91,38,30,80,39,63,18,81,54,26,27,42,79,65,17,95,66,9,93,69,84,64,97,53,94,31,7,41,4,43,6,98,88,36
47,6,92,28,88,96,14,37,52,44,67,35,2,72,85,23,61,75,60,8,22,86,71,51,7,95,4,84,10,24,99,87,76,36,68,62,39,40,27,55,50,1,46,21,93,74,78,30,82,77,66,56,29,69,43,18,57,81,80,12,59,63,5,17,34,70,53,3,25,0,13,98,97,58,54,91,11,26,31,65,73,20,19,79,83,90,33,64,16,38,94,89,9,41,15,48,45,42,32,49
47,15,36,30,23,21,5,20,45,78,67,54,92,72,25,69,19,83,17,31,89,8,71,11,57,61,2,84,10,32,99,63,3,88,7,90,95,28,27,91,50,44,60,52,49,55,6,4,82,9,66,58,29,46,43,18,48,81,80,65,86,24,39,74,34,42,14,68,97,0,87,1,40,79,13,75,12,26,76,53,73,93,77,33,35,70,98,64,16,38,94,96,22,41,85,37,56,59,62,51
31,80,34,47,82,21,96,20,45,78,75,93,87,18,24,69,88,86,83,5,76,8,30,38,57,54,14,67,17,9,44,4,50,36,13,49,95,62,64,91,61,25,28,33,63,70,6,22,46,27,23,58,29,15,26,43,7,81,90,2,85,48,39,74,66,42,79,68,97,0,3,19,40,52,11,32,73,60,65,72,84,98,77,71,35,59,41,99,16,1,92,94,55,10,89,37,12,56,53,51
33,62,93,47,78,94,91,20,45,0,75,17,13,40,24,69,5,12,83,96,48,4,51,11,42,38,97,77,18,41,54,55,50,36,86,49,89,16,87,88,95,34,28,32,61,30,90,66,53,73,23,46,3,15,43,80,67,81,76,35,21,92,39,74,8,52,79,98,25,9,84,19,7,70,14,82,68,60,65,27,85,44,6,71,31,29,10,99,59,1,26,63,64,72,57,37,22,56,58,2
65,62,44,47,78,99,31,94,54,1,13,84,56,40,64,68,88,12,6,96,48,87,51,25,42,38,36,58,3,41,49,81,92,35,27,76,89,26,93,60,91,17,28,32,4,30,90,66,70,33,23,24,59,19,79,75,9,16,69,34,0,73,39,74,67,97,29,46,5,22,18,20,7,55,14,82,11,15,86,80,77,21,98,45,85,10,43,61,72,37,8,95,50,63,57,53,71,83,52,2
59,36,31,37,83,70,33,67,50,0,13,65,73,23,49,16,24,12,75,53,69,87,54,94,42,22,38,28,3,32,17,89,25,35,27,76,80,20,93,60,91,48,79,39,4,30,90,66,58,68,1,41,26,19,11,6,64,29,71,18,10,8,7,74,21,34,99,46,78,77,92,51,56,55,61,82,88,9,63,86,81,44,98,45,40,84,97,47,72,43,95,2,96,85,57,5,15,14,52,62
47,31,57,71,83,70,6,34,50,32,62,42,73,77,49,16,19,36,75,74,37,58,38,30,78,22,86,23,80,95,17,20,5,35,18,91,79,65,72,4,66,10,67,39,12,98,26,45,64,68,1,92,14,21,54,43,0,96,3,29,33,41,53,8,13,87,99,46,90,69,97,9,56,55,7,82,88,40,63,51,25,44,59,48,76,84,93,85,60,11,94,2,28,81,61,24,15,27,52,89
47,87,57,84,92,70,29,67,78,26,44,42,83,37,49,16,52,94,81,2,38,58,32,99,24,60,98,23,31,95,17,55,76,66,7,12,79,43,5,62,1,10,40,39,73,0,61,45,64,18,86,46,77,93,69,15,53,96,25,65,33,41,68,11,74,27,14,13,50,35,90,9,56,6,28,82,88,75,85,51,63,4,72,48,22,34,3,8,21,36,19,20,97,80,30,71,91,54,59,89
97,28,57,84,94,79,0,90,64,4,80,18,83,37,27,87,42,48,55,26,1,77,10,99,19,60,98,32,53,9,17,71,68,5,89,12,35,43,23,38,47,78,14,59,73,2,33,45,41,70,86,46,6,13,69,29,93,96,25,56,36,91,66,16,74,61,65,85,22,62,67,8,54,40,7,21,50,95,24,51,63,81,72,49,11,34,3,92,75,15,76,20,82,52,30,88,58,44,31,39
97,29,31,67,64,83,68,28,63,38,46,18,52,79,93,87,82,3,74,50,1,48,10,99,19,47,44,2,11,9,17,35,78,95,80,5,62,76,23,4,84,49,91,59,26,72,12,43,33,77,86,0,34,13,70,45,36,6,25,90,60,42,71,39,21,32,96,85,22,98,65,69,8,40,55,89,66,53,24,51,57,81,56,7,61,27,41,92,54,15,20,94,37,14,30,88,58,16,75,73
17,90,52,67,28,39,75,57,71,61,46,53,78,79,93,13,82,97,68,27,2,48,10,5,19,31,44,96,16,55,56,43,86,72,80,88,40,76,1,83,84,11,70,36,26,4,3,51,33,29,14,0,34,62,87,92,8,6,59,98,60,24,37,63,20,32,64,74,22,49,65,38,81,69,18,89,73,9,50,85,25,42,21,23,30,41,77,47,54,12,45,94,66,99,35,15,58,91,7,95
78,90,49,27,92,39,5,97,31,22,47,59,38,30,93,53,83,74,76,45,2,10,14,71,65,81,73,12,16,86,19,24,61,99,34,52,87,32,1,91,84,88,70,28,7,4,3,46,33,51,42,56,67,21,96,36,82,6,75,23,60,98,37,63,20,79,50,0,11,29,43,69,72,17,80,89,64,13,57,85,25,54,9,18,40,68,77,41,26,8,55,62,66,44,35,15,58,48,94,95
78,81,98,3,86,82,89,35,94,22,47,85,59,70,31,96,7,17,28,45,2,4,9,50,64,38,73,92,54,23,49,71,61,99,34,14,30,55,97,91,84,48,16,12,52,24,93,75,33,51,29,42,67,76,37,36,60,57,65,18,10,90,25,1,63,32,95,0,11,21,43,69,83,72,74,62,20,88,79,39,87,13,19,46,5,68,77,41,15,8,6,56,53,44,26,27,58,80,40,66
95,18,71,26,31,96,12,35,94,22,47,27,91,23,1,58,67,8,70,15,46,48,9,87,25,28,73,17,54,84,34,69,36,55,89,51,76,56,97,30,57,32,63,10,52,24,14,90,33,99,29,50,49,81,37,65,60,78,59,38,11,72,2,85,75,40,3,16,42,21,64,88,82,98,74,62,20,92,53,39,93,13,19,4,68,86,7,41,6,83,5,79,0,44,77,43,45,80,61,66
35,38,94,26,48,88,12,40,81,22,69,68,91,6,93,54,67,87,16,15,45,41,9,89,25,28,39,17,18,90,30,80,31,55,14,0,77,73,59,49,23,96,27,10,32,52,71,44,33,99,34,47,43,24,37,66,21,78,76,97,11,72,57,56,62,36,1,98,42,7,60,46,79,92,74,64,20,75,53,61,51,2,19,4,83,95,13,70,85,8,5,84,3,58,29,86,82,50,65,63
73,77,52,26,48,47,12,68,81,25,16,8,90,66,93,14,44,67,33,15,45,41,11,89,71,22,7,96,54,2,38,18,43,55,4,84,56,78,64,24,1,62,34,40,79,17,36,91,21,83,53,23,32,65,80,88,0,94,76,60,86,72,57,69,35,85,97,98,6,5,51,61,50,92,74,99,20,75,27,31,49,39,19,10,37,95,13,63,28,30,70,87,3,58,29,46,82,42,9,59
50,57,52,95,91,89,12,69,79,44,5,8,1,17,7,59,13,67,38,14,45,41,21,25,71,26,90,47,16,2,9,92,43,19,75,80,56,48,87,98,11,0,84,40,51,96,64,94,77,58,31,28,81,36,55,88,62,73,32,53,86,72,18,24,35,60,97,23,34,74,70,61,66,39,99,68,46,20,76,85,22,83,6,10,37,49,15,63,54,30,27,93,3,65,29,4,82,42,33,78
50,65,27,95,90,63,84,37,64,41,76,3,33,58,42,78,62,60,79,75,32,38,8,25,71,26,91,97,98,36,0,80,7,19,13,17,56,67,48,6,11,68,39,40,51,96,87,52,77,4,99,28,23,74,34,88,94,9,12,82,44,72,18,24,35,59,57,15,14,85,70,61,83,66,73,43,1,16,53,21,22,20,86,10,45,30,69,31,54,49,89,93,55,2,29,81,47,92,5,46
50,65,51,54,9,72,84,16,57,41,76,3,17,32,34,78,71,81,79,75,42,95,29,25,64,83,85,27,98,11,14,91,4,19,13,23,10,67,68,56,26,88,1,18,12,82,93,8,48,87,90,28,89,74,30,44,21,36,37,97,22,86,0,40,99,94,33,7,53,38,70,61,35,47,66,43,24,55,73,15,31,63,59,62,45,58,69,77,96,49,92,80,20,2,52,6,60,39,5,46
29,65,51,69,72,56,78,16,57,41,14,3,81,38,40,89,71,70,42,95,45,9,86,25,63,35,43,27,61,11,24,77,4,31,22,23,79,67,68,48,93,32,1,18,62,82,54,92,99,10,98,64,26,85,30,74,37,75,55,21,5,97,53,80,73,94,33,7,28,76,46,84,47,90,96,13,8,49,36,15,91,39,59,87,88,12,44,58,17,50,6,83,66,34,52,19,60,0,2,20
24,65,62,36,84,56,78,16,99,8,5,31,26,21,39,27,52,9,51,95,0,90,86,25,63,19,6,81,32,82,97,77,93,55,22,23,79,72,40,48,49,71,68,18,58,94,54,92,50,85,73,64,69,7,57,30,74,46,66,3,1,11,61,42,45,14,33,89,28,75,29,67,43,10,17,13,87,88,41,96,91,59,70,38,37,12,47,98,53,2,35,83,4,76,15,80,60,44,34,20
26,6,30,36,84,42,59,15,99,43,47,74,39,25,97,95,52,86,62,56,0,54,77,58,78,19,71,81,50,38,3,55,65,11,7,23,2,17,29,37,49,83,94,18,67,57,34,45,5,85,75,32,69,27,80,46,31,28,14,48,22,1,61,91,90,73,33,51,8,82,64,16,92,10,68,13,87,93,24,96,40,53,70,66,89,12,88,98,9,21,35,79,4,63,76,60,41,44,72,20
26,53,30,8,68,23,93,55,70,32,96,17,49,78,97,95,33,86,19,88,56,66,71,58,54,63,74,83,50,62,98,37,35,57,7,79,0,99,29,14,69,3,42,59,72,91,34,40,84,85,75,67,43,27,80,46,18,12,31,48,13,1,77,36,90,73,94,76,38,28,60,16,51,65,81,92,87,22,24,52,6,2,41,15,61,39,25,5,64,21,11,10,4,44,82,45,9,47,89,20
44,7,51,8,98,70,53,55,59,99,88,42,41,46,97,95,23,83,19,58,56,66,86,26,78,63,74,11,50,9,34,37,80,22,18,93,15,61,84,62,45,3,91,90,64,54,96,40,13,85,39,67,43,89,25,33,2,69,49,82,71,57,32,68,14,73,29,94,76,20,52,16,30,31,81,10,87,28,24,65,6,92,72,1,17,12,75,5,36,35,48,77,4,60,79,21,0,47,27,38
98,65,28,8,75,83,26,43,10,99,61,46,13,76,57,51,78,30,45,58,56,66,86,19,27,24,14,11,40,34,85,37,80,50,18,59,0,67,62,15,3,29,91,93,69,52,39,63,7,32,72,1,9,95,25,33,2,41,4,48,71,44,88,68,90,54,84,94,47,35,87,55,22,31,16,6,64,42,53,73,81,89,38,70,17,12,23,5,36,49,20,77,82,60,79,92,96,97,21,74
40,75,28,60,5,61,3,11,88,73,21,89,46,81,99,51,39,7,38,80,56,66,86,43,27,24,93,25,77,52,0,67,92,33,6,59,79,8,62,53,36,1,84,69,57,37,90,63,32,47,72,97,9,19,91,29,2,22,18,48,94,44,45,83,31,54,85,78,15,87,30,55,13,17,16,98,64,95,34,14,65,70,35,71,58,12,23,74,26,49,20,68,82,41,42,50,96,76,4,10
40,95,28,36,67,24,55,50,99,10,56,12,46,53,73,51,18,5,38,80,15,60,89,92,47,42,74,61,77,22,0,57,11,7,23,63,79,8,68,25,98,1,65,97,96,66,82,81,32,91,72,26,21,88,39,29,3,84,90,48,4,93,19,83,34,54,75,17,94,87,45,49,52,86,13,62,64,16,33,14,37,9,78,71,58,31,27,2,69,70,20,59,35,41,30,44,43,76,85,6
40,70,96,92,21,29,45,50,99,10,26,12,46,53,73,85,94,41,97,80,93,57,76,24,47,84,11,82,20,30,67,22,77,52,54,81,79,95,25,68,98,1,65,86,51,37,62,15,36,91,71,58,19,88,89,23,3,59,74,61,4,69,14,83,34,0,13,60,18,6,17,49,9,38,72,55,39,64,33,16,87,75,43,31,28,5,66,2,90,27,42,48,35,56,7,44,78,63,32,8
59,63,62,47,13,55,45,12,60,17,88,7,46,93,97,85,40,96,6,9,33,57,26,50,71,78,11,69,20,44,67,22,41,52,73,38,79,95,51,54,74,86,65,39,89,92,94,15,36,91,82,70,83,58,19,23,2,76,18,8,72,87,14,53,34,0,16,98,3,25,75,49,1,56,30,99,80,64,61,77,81,28,4,32,24,5,31,21,90,66,42,68,35,10,29,43,48,37,27,84
16,63,34,93,92,51,68,12,1,59,25,96,46,50,97,47,2,60,8,9,33,75,42,54,35,83,11,27,3,20,6,22,43,26,61,38,79,94,99,28,64,19,21,39,44,89,85,13,36,55,82,78,62,58,70,23,72,40,31,88,73,87,14,53,65,0,77,69,17,48,41,7,84,15,30,18,56,80,45,76,81,98,74,86,24,95,57,4,90,66,52,5,49,71,91,32,10,37,29,67
46,63,23,95,22,3,68,12,18,59,29,96,66,50,74,98,69,31,35,57,33,75,42,80,0,6,14,27,93,16,39,38,43,89,48,99,20,94,36,28,51,19,21,97,88,77,56,13,90,55,10,78,62,44,87,82,32,40,8,92,34,2,4,53,60,9,65,5,84,11,76,7,54,72,41,15,64,67,45,1,47,71,52,86,73,37,49,26,83,61,85,79,58,17,91,30,81,24,70,25
46,91,12,95,4,3,88,18,7,25,19,99,22,28,92,51,69,31,35,57,1,66,80,36,72,59,14,0,30,16,39,96,5,89,83,10,62,75,90,2,44,94,77,97,20,6,56,13,58,76,93,42,71,85,87,27,55,40,43,34,64,32,78,84,38,49,81,15,65,23,48,41,54,8,45,61,53,67,82,21,24,68,52,9,73,37,98,26,29,86,47,79,63,17,50,33,11,74,70,60
74,52,12,95,97,82,11,18,62,61,19,25,57,70,7,88,13,31,35,37,9,16,81,29,28,85,22,51,59,47,39,96,69,80,14,38,42,75,92,26,87,94,45,78,71,68,56,4,84,2,93,99,73,63,77,27,55,30,43,65,6,76,64,8,40,49,20,34,83,32,48,41,54,33,66,1,53,67,46,21,79,23,36,5,90,3,44,15,72,86,0,60,91,17,50,89,98,58,10,24
71,52,73,95,97,35,92,31,65,8,19,17,56,9,68,26,87,79,14,10,20,16,96,29,94,85,18,51,81,70,2,12,23,84,39,38,42,75,1,46,37,40,45,22,49,32,24,57,15,47,93,61,11,63,77,36,55,90,91,99,28,76,64,98,7,5,34,27,59,13,48,41,54,74,88,21,53,67,43,89,69,33,25,4,82,3,0,72,6,44,66,60,86,58,62,78,83,80,50,30
88,82,81,7,52,94,92,31,50,56,76,38,78,15,68,26,48,21,84,53,95,44,41,29,36,85,18,51,55,17,46,74,23,42,73,60,47,19,22,34,93,90,45,69,58,0,24,13,49,33,9,43,11,6,77,14,87,63,91,99,28,80,64,98,16,37,96,40,59,10,1,27,54,2,86,3,39,35,71,32,75,72,25,4,65,12,70,57,79,62,66,67,97,61,89,20,83,8,5,30
88,90,71,56,52,94,6,49,81,39,61,91,28,22,44,68,87,59,85,18,45,11,41,98,4,72,53,65,51,29,0,74,33,77,73,36,25,19,47,58,30,5,21,70,86,15,66,92,17,34,9,43,84,78,60,69,26,63,93,99,27,80,14,48,8,37,96,40,7,10,1,67,54,38,76,46,64,35,55,32,75,31,16,95,57,79,24,23,13,42,50,2,97,12,89,20,83,3,62,82
27,90,71,43,51,21,39,17,61,16,6,91,30,23,66,68,10,59,14,18,79,13,73,24,80,85,53,0,15,29,82,74,83,69,3,62,25,19,47,58,44,5,36,70,84,65,98,49,38,89,86,31,81,28,72,33,52,63,78,7,96,8,77,41,94,1,95,11,34,22,26,35,54,67,37,46,57,60,76,32,75,92,99,12,55,45,64,48,87,42,50,2,97,40,4,20,88,9,93,56
65,90,91,71,51,20,60,33,61,84,78,35,75,23,66,17,21,64,14,7,27,1,88,24,80,85,62,41,40,92,96,74,69,97,39,9,93,19,77,48,44,30,12,76,79,18,32,49,73,11,86,31,56,63,72,83,52,47,3,13,45,8,25,68,94,59,67,58,4,22,98,57,53,0,29,46,16,82,6,34,95,5,99,42,55,87,10,81,43,36,50,2,28,15,89,26,37,54,70,38
38,90,79,58,5,67,6,81,55,77,21,35,71,23,41,72,17,70,14,57,27,63,89,24,61,60,9,36,46,92,80,13,12,97,39,15,19,3,85,93,44,8,94,76,65,18,32,49,43,11,20,48,62,52,42,84,99,47,54,69,45,74,59,22,31,33,40,30,4,82,98,51,56,0,66,68,16,88,29,75,86,7,87,2,91,28,10,25,53,96,50,95,64,83,73,26,37,34,1,78
37,17,93,32,31,53,89,59,55,77,21,91,52,26,5,72,15,13,48,84,50,63,80,24,7,76,4,10,38,42,56,14,12,97,65,71,34,83,36,33,2,8,70,9,69,18,74,49,43,81,20,90,47,57,27,68,99,6,67,41,45,85,19,78,94,64,3,30,22,82,98,73,96,0,66,23,16,88,54,92,86,87,62,61,39,28,75,46,11,25,44,95,40,60,1,51,79,29,58,35
82,78,93,72,29,51,61,40,11,55,91,92,66,26,27,58,15,21,96,86,50,63,47,67,31,2,81,25,44,53,56,14,24,17,65,71,34,0,36,64,60,43,13,41,69,70,10,49,97,48,42,73,57,37,83,18,80,38,87,8,22,85,19,46,94,98,3,30,35,75,84,74,59,89,7,23,16,88,54,68,90,9,52,32,33,28,62,4,1,45,99,95,12,77,6,5,79,20,76,39
65,2,86,38,28,51,61,95,67,10,40,63,68,26,50,99,12,45,96,33,55,13,70,74,43,88,81,25,44,53,56,36,93,9,24,71,34,18,78,30,41,72,52,22,20,73,85,49,97,98,0,54,87,37,83,16,14,64,77,82,62,80,19,7,94,60,3,47,4,75,79,91,69,89,31,23,21,8,27,58,66,90,1,32,35,17,48,46,15,84,11,6,42,92,57,5,59,29,76,39
65,2,67,38,28,17,29,80,68,41,36,90,9,42,1,81,50,40,56,94,61,13,6,54,43,88,19,25,11,53,14,5,73,87,55,71,97,77,78,85,10,24,52,63,20,99,59,98,74,12,31,23,49,37,83,16,0,69,3,95,96,30,66,39,76,60,57,47,34,75,79,93,72,89,21,4,33,48,27,44,92,64,35,32,86,45,82,46,15,91,58,8,18,84,51,70,62,26,7,22
53,2,87,19,28,43,94,61,68,29,50,24,14,8,1,95,25,17,54,76,73,90,55,84,63,82,33,38,11,22,34,15,75,3,7,27,74,36,92,77,10,20,52,4,6,99,59,98,5,30,31,48,96,97,70,16,9,65,37,47,12,86,51,91,57,60,80,56,64,81,40,83,72,89,21,85,69,49,67,44,79,0,35,32,39,45,66,46,41,71,58,13,18,88,93,23,62,26,42,78
53,2,63,55,28,26,77,61,68,33,89,1,97,78,34,52,14,12,0,67,8,90,45,49,57,25,80,44,17,92,43,4,75,3,7,27,13,94,70,59,48,20,19,29,86,99,15,98,51,30,31,60,42,56,35,23,9,73,71,16,22,24,32,84,87,82,93,46,64,81,40,65,72,18,88,36,69,85,37,96,79,38,76,74,39,11,66,41,6,91,58,50,5,62,95,83,47,10,21,54
95,2,19,65,32,3,30,61,55,33,10,85,67,78,41,6,1,98,54,99,8,97,24,25,57,53,43,34,13,71,82,4,29,27,7,50,60,17,23,74,81,20,40,48,86,28,52,59,51,91,45,92,42,56,94,77,9,73,22,64,69,75,63,84,87,89,31,35,66,93,14,26,72,38,88,36,49,70,5,96,79,18,12,39,21,11,46,68,76,80,16,15,0,62,58,83,44,47,37,90
23,2,56,95,1,67,6,82,62,60,27,92,16,98,93,90,0,81,28,38,54,50,97,94,75,53,43,66,13,71,21,42,29,17,30,5,41,14,72,74,10,51,86,48,32,52,65,59,68,40,45,24,77,34,79,76,87,73,88,12,57,25,7,84,4,80,39,35,85,22,83,26,61,31,63,36,49,64,89,96,19,18,20,78,70,11,46,9,33,99,55,15,69,91,58,3,44,47,37,8
23,2,53,11,95,19,18,56,78,60,72,92,93,87,74,90,73,42,39,38,4,55,41,94,75,46,43,30,64,37,21,8,29,52,65,20,89,14,54,81,50,97,86,48,33,47,61,40,68,13,12,24,45,77,32,62,66,88,51,9,35,25,67,17,57,36,58,84,82,22,79,26,28,71,63,6,49,96,99,15,83,1,76,80,98,7,31,34,0,10,59,27,69,91,85,3,44,70,16,5
9,30,53,18,33,55,15,56,69,1,14,89,93,87,74,76,80,42,22,36,7,31,70,72,83,86,43,34,57,68,78,21,29,52,17,11,47,67,54,85,50,35,71,27,94,5,61,40,19,2,90,81,45,97,32,96,16,64,51,3,88,25,48,10,73,95,82,84,98,92,79,66,28,37,46,6,49,58,39,65,26,60,4,77,23,38,99,13,8,75,59,41,62,91,20,12,44,0,63,24
34,97,68,38,32,55,15,56,69,73,27,58,49,14,33,76,3,42,22,72,29,89,70,64,50,53,74,51,71,23,78,24,11,52,26,21,88,67,8,61,75,44,79,35,9,2,84,40,59,85,90,45,96,46,86,7,81,93,87,6,36,25,83,31,18,95,82,63,98,12,92,10,28,37,91,19,47,30,39,65,1,60,43,77,48,80,99,54,41,4,20,66,62,5,57,0,13,94,16,17
41,1,10,25,32,55,15,65,69,38,44,84,85,52,45,3,4,8,22,74,40,49,66,64,50,0,92,51,71,82,27,67,11,20,99,37,88,33,56,42,75,61,2,35,86,6,97,36,31,9,90,46,28,24,73,7,23,93,87,18,79,72,83,91,26,39,53,12,68,76,29,54,96,81,59,19,21,58,57,95,62,47,43,77,48,80,98,17,78,89,30,16,34,70,63,14,13,94,60,5
41,84,92,25,61,10,28,65,51,34,79,90,14,78,85,3,9,73,31,56,44,49,37,89,69,13,19,16,74,32,27,5,11,20,1,40,82,63,48,42,75,29,99,86,60,39,97,36,23,0,35,46,47,24,43,7,66,12,87,57,33,26,72,83,6,64,53,15,2,76,91,8,93,22,59,17,21,58,67,81,52,96,88,45,95,80,98,71,18,50,30,94,54,70,77,55,38,68,4,62
91,41,20,25,61,75,33,55,69,92,68,90,54,36,85,6,82,62,31,10,27,63,1,89,84,47,19,16,38,60,34,5,3,35,28,78,0,30,48,42,37,29,71,86,23,39,2,67,72,53,7,77,44,24,93,76,49,12,9,87,58,26,95,83,11,46,32,15,70,51,59,8,66,22,17,52,13,96,43,4,99,73,88,45,81,80,18,98,97,50,56,14,40,94,74,21,65,64,79,57
6,51,16,15,17,66,33,32,2,92,41,90,54,36,7,27,55,64,82,10,0,42,14,57,76,47,69,43,31,86,97,49,75,84,28,5,19,3,71,81,38,29,73,61,23,39,12,74,60,53,48,59,45,35,93,24,34,1,9,25,89,26,11,83,44,20,88,79,70,99,68,30,91,22,95,40,13,96,37,78,65,67,94,72,4,80,18,62,46,50,56,63,98,87,77,21,85,8,58,52
26,88,19,85,65,66,33,87,47,0,92,91,45,36,7,80,55,18,29,10,2,52,14,68,90,89,81,43,58,71,95,49,20,53,28,59,13,24,94,42,38,84,63,17,3,39,12,41,83,31,76,73,1,69,93,79,32,57,9,99,35,23,11,27,44,4,15,51,70,48,34,6,96,22,78,64,67,72,30,74,5,97,40,86,25,16,37,62,46,56,60,50,98,54,77,21,82,8,61,75
53,18,76,34,86,68,83,39,58,0,97,91,45,55,7,50,47,32,1,23,10,8,62,20,95,89,81,26,21,57,19,49,38,69,92,9,13,24,56,67,64,79,63,90,16,3,12,41,27,11,61,70,4,82,93,66,65,80,60,46,35,51,88,29,44,30,15,78,99,2,42,6,96,22,5,52,31,72,36,87,17,54,40,94,25,71,37,48,43,85,98,73,28,59,77,84,74,14,33,75
53,14,80,34,60,39,83,86,2,79,37,54,77,55,75,24,47,31,98,28,92,12,64,18,23,76,20,85,63,57,19,89,38,69,29,49,13,45,43,67,84,1,78,95,62,90,7,88,27,59,52,44,91,82,93,66,61,70,21,9,97,51,81,41,11,50,15,16,10,35,42,6,87,22,5,8,99,58,33,4,17,26,32,96,25,71,72,73,65,46,40,36,0,56,68,94,74,30,3,48
44,32,13,14,50,51,69,86,2,95,37,84,67,55,73,34,56,89,98,27,92,57,64,4,25,76,42,30,38,61,63,93,72,41,29,8,33,39,43,31,83,28,62,68,48,49,7,9,60,23,52,22,36,15,40,66,82,18,54,58,97,88,26,81,1,24,70,16,10,74,35,6,87,78,5,20,91,65,47,59,17,77,85,96,11,99,19,53,90,46,80,12,0,79,75,94,45,71,3,21
88,27,13,26,28,55,39,36,2,12,22,84,7,93,11,1,44,89,98,59,17,57,37,83,53,72,42,34,38,14,3,50,47,41,29,63,82,69,73,99,31,25,62,15,48,30,0,9,60,85,75,45,67,65,56,96,94,18,78,58,10,4,68,54,33,32,70,66,64,40,49,6,5,16,61,20,91,52,51,35,87,77,43,23,21,86,19,24,90,46,92,95,81,79,76,80,71,8,97,74
8,27,21,20,28,52,95,2,98,64,36,55,29,93,92,1,46,14,4,13,59,57,48,83,34,66,42,77,38,7,76,50,47,81,30,22,99,37,73,60,71,49,51,41,65,89,25,88,84,85,54,44,67,63,40,33,94,18,61,12,10,31,68,75,78,32,16,43,82,45,15,96,5,17,53,39,86,80,3,35,91,62,26,23,58,87,19,24,56,70,69,90,72,6,0,11,79,9,97,74
57,27,21,33,31,8,96,44,65,72,46,43,29,51,92,1,75,14,40,50,59,55,28,64,32,68,39,22,66,90,18,34,47,81,5,11,45,37,42,86,30,97,17,41,73,58,94,20,84,48,69,79,67,63,0,10,83,54,61,71,6,3,23,93,77,15,16,89,82,80,7,2,49,12,53,25,38,19,70,36,91,62,26,9,99,87,78,24,56,98,95,4,85,13,35,88,52,76,60,74
57,27,21,75,68,7,96,46,19,72,14,43,29,51,62,1,37,76,90,20,59,55,28,86,44,49,73,22,5,92,41,67,74,79,33,2,87,31,45,42,89,12,17,63,84,60,47,97,40,48,69,56,35,70,98,9,95,34,30,11,6,13,85,65,77,81,16,83,82,94,15,80,26,61,53,25,71,4,39,64,91,8,99,58,66,38,54,24,0,50,10,88,23,78,32,93,52,36,3,18
27,57,46,75,60,7,87,10,22,82,18,21,29,85,50,16,25,66,49,55,59,83,17,62,13,43,52,79,12,92,41,42,74,67,91,73,37,31,96,94,89,81,64,30,23,86,47,34,69,90,70,28,35,1,98,5,95,71,84,11,6,48,93,68,44,54,77,63,45,20,76,39,2,61,53,56,0,4,14,65,19,8,99,78,33,38,58,24,36,26,15,88,80,40,32,97,9,72,3,51
27,79,53,7,19,26,97,5,70,6,0,40,72,24,43,67,25,66,49,85,32,54,55,41,13,65,87,63,29,90,17,36,74,51,39,10,37,71,96,31,88,81,64,30,60,80,47,35,69,57,68,28,2,22,98,15,18,50,34,16,95,62,48,73,44,61,77,11,45,89,76,78,4,56,86,84,8,59,14,75,20,91,52,23,33,38,58,21,42,92,99,83,12,94,1,82,9,93,3,46
27,79,49,92,19,64,66,22,45,57,86,71,1,5,43,67,81,18,24,50,32,59,75,0,90,58,89,63,29,14,35,93,74,51,3,41,40,52,87,31,65,30,6,12,60,80,47,46,69,4,68,28,2,7,98,62,25,96,55,16,97,42,48,99,23,77,34,78,84,85,70,91,26,44,17,11,37,13,73,33,20,15,76,10,56,88,61,21,8,72,39,83,9,36,95,82,38,94,54,53
10,92,43,94,40,64,66,49,45,57,86,70,38,67,42,17,1,20,39,2,35,24,75,91,12,58,89,56,29,18,9,93,74,22,52,48,99,65,51,31,90,78,61,32,23,80,69,46,55,11,8,96,59,7,4,14,25,36,54,19,41,62,81,16,84,3,34,6,28,85,37,72,71,68,63,97,44,13,73,33,30,15,26,95,53,98,0,21,5,60,77,83,27,50,79,82,47,76,87,88
53,92,45,91,40,33,81,18,12,34,29,96,38,52,54,17,16,20,75,10,35,4,63,58,85,8,42,60,57,66,24,93,86,22,0,46,30,78,51,79,90,83,6,32,84,28,69,31,65,5,55,94,59,70,64,23,25,37,39,99,41,62,15,48,80,3,73,27,14,77,87,72,71,68,44,26,74,13,82,43,61,89,9,95,76,67,11,21,56,2,49,19,36,50,1,98,47,88,97,7
37,28,92,91,85,33,20,14,56,34,6,96,82,75,80,17,16,95,69,50,68,4,63,10,36,8,42,25,57,29,21,84,9,51,0,46,83,78,87,61,45,41,40,79,55,18,3,86,64,94,97,99,31,93,38,23,5,60,39,32,77,62,59,74,24,98,2,27,70,52,58,44,53,1,65,26,90,13,71,43,7,22,81,73,76,48,11,89,47,54,49,66,30,35,72,12,67,88,19,15
37,96,92,91,85,99,86,14,42,88,52,54,82,34,36,41,16,2,35,62,19,68,63,11,31,5,45,81,18,0,21,84,46,47,1,90,43,78,51,27,53,58,23,13,55,89,32,74,83,56,12,17,9,93,75,8,80,60,40,87,77,69,59,72,4,94,97,28,79,7,25,44,38,29,65,64,95,10,71,3,24,22,67,26,76,48,98,39,73,6,49,50,30,20,70,61,57,33,66,15
87,31,57,91,85,56,97,0,42,98,52,27,3,69,20,41,30,54,35,62,47,18,63,58,80,36,49,81,93,14,96,78,8,50,1,90,79,26,65,99,53,83,25,92,66,89,32,76,5,21,55,29,37,48,12,4,82,60,13,86,77,45,59,9,19,75,22,28,70,7,46,44,38,72,17,64,11,10,23,74,84,40,39,24,6,15,34,2,51,67,88,94,95,71,43,61,73,33,68,16
61,9,57,79,35,24,56,0,19,49,18,12,15,47,20,2,88,16,17,14,31,46,54,98,81,36,44,26,93,67,82,78,96,41,13,90,65,83,60,38,62,69,25,92,66,59,32,6,40,21,87,52,37,48,89,4,99,29,94,86,77,91,51,42,84,75,55,73,23,7,39,1,80,72,45,64,27,58,70,74,76,8,22,85,3,10,97,30,50,28,33,5,11,71,43,34,53,95,68,63
57,3,74,79,26,24,36,0,19,38,72,8,71,58,51,39,4,35,63,81,31,46,54,86,65,55,44,97,92,84,47,48,96,82,13,90,52,40,33,64,83,37,25,22,50,98,32,20,11,21,87,49,99,16,89,12,30,2,94,78,17,77,23,91,45,75,27,73,80,15,88,18,9,53,28,61,14,34,70,66,76,6,60,85,56,1,62,42,29,7,43,5,41,93,69,10,67,95,68,59
70,80,74,40,4,6,36,55,23,38,68,8,2,58,29,39,62,57,67,11,98,46,7,14,65,92,17,5,88,10,87,83,96,82,81,47,12,79,90,32,9,28,64,13,50,75,49,20,56,31,99,41,16,15,72,21,30,54,3,78,85,77,71,35,45,94,22,73,43,63,84,18,44,66,25,97,61,91,24,48,76,19,60,86,26,1,51,42,0,27,33,89,53,93,69,37,52,95,59,34
85,73,72,40,69,25,60,55,90,79,68,36,59,58,53,83,82,86,67,61,98,74,89,29,38,52,17,12,42,35,65,70,96,57,13,94,0,8,10,32,51,26,56,99,44,14,49,18,80,41,33,46,16,78,71,21,63,93,3,45,7,77,9,88,84,31,22,47,43,91,87,97,30,66,15,4,92,54,24,6,76,19,28,81,48,1,20,64,75,27,50,62,2,11,23,37,39,95,5,34
14,59,71,43,21,25,28,55,31,65,68,94,1,33,60,49,24,86,66,22,90,34,89,29,67,40,79,57,42,35,4,18,61,87,13,27,0,8,98,32,51,45,41,99,44,95,72,76,82,74,30,80,26,78,83,20,63,93,23,85,48,12,9,88,58,96,69,47,46,19,70,5,91,73,15,75,62,16,77,6,11,3,38,50,39,10,53,64,81,54,97,56,17,52,2,37,92,7,36,84
99,59,67,43,34,55,51,4,63,33,68,23,1,81,2,79,24,21,14,36,39,53,94,31,50,66,60,57,42,7,9,61,69,18,13,47,20,8,98,85,86,45,44,72,52,10,48,76,90,74,89,41,26,30,83,6,91,93,49,70,77,17,22,87,58,78,32,54,46,19,35,0,40,16,92,75,62,64,5,11,71,3,38,28,88,73,29,96,95,27,97,56,82,37,12,65,25,15,84,80
95,59,67,80,73,77,24,75,58,74,37,30,1,48,2,97,32,44,98,78,45,33,94,99,81,66,39,89,5,55,51,7,42,49,13,47,20,27,3,85,91,96,87,72,52,10,63,88,90,22,65,8,53,79,31,92,21,83,76,70,16,17,18,9,54,6,41,4,26,19,46,35,12,40,86,71,62,64,23,43,93,50,38,82,14,69,29,0,11,68,34,56,36,28,61,57,25,15,84,60
4,60,63,25,73,0,11,66,58,30,8,33,37,57,2,97,32,44,21,9,84,39,77,99,52,18,20,89,5,22,81,76,42,79,50,88,90,56,91,83,85,96,87,36,55,1,46,74,6,41,24,47,51,67,31,92,10,27,98,70,26,75,82,48,54,13,93,72,45,19,3,7,34,59,86,71,62,64,23,43,69,40,65,94,15,12,29,17,49,68,61,35,16,80,14,53,95,78,28,38
1,76,57,10,92,0,11,66,58,51,93,3,24,67,75,31,55,37,89,61,8,98,77,90,14,18,20,17,5,88,46,6,32,79,99,78,12,56,9,4,85,96,87,34,54,60,94,39,23,41,22,13,84,48,72,62,81,27,59,2,83,44,15,50,53,30,80,21,69,19,63,70,47,43,86,26,49,64,28,82,33,40,65,52,45,97,36,42,91,68,7,35,16,71,29,25,95,73,74,38
1,3,54,10,15,34,76,26,84,19,61,50,27,37,25,31,55,24,79,18,8,23,35,90,14,16,20,74,5,4,46,77,95,88,71,21,52,80,9,47,7,96,49,62,85,60,67,32,39,56,22,13,40,48,92,59,57,75,12,2,11,44,41,30,29,73,98,99,51,94,81,70,17,43,86,91,87,42,69,58,38,72,65,66,45,97,33,28,82,68,53,63,83,36,93,0,89,78,64,6
1,0,54,25,74,45,72,26,77,94,61,68,30,37,85,32,55,90,53,18,63,42,96,56,84,73,65,10,5,4,64,21,95,99,71,43,62,80,69,19,46,48,14,20,34,11,67,57,39,24,22,3,40,50,9,44,16,88,12,2,13,98,33,58,47,36,29,60,51,76,81,66,70,89,86,31,87,35,59,17,6,15,97,91,8,27,92,28,79,41,7,49,82,23,93,52,38,78,75,83
2,58,77,63,71,20,75,26,85,94,79,32,30,29,92,21,55,90,72,19,57,54,96,73,84,49,82,0,5,4,64,3,9,99,70,51,83,76,46,74,27,48,88,61,39,8,11,13,69,81,22,65,6,16,10,44,80,34,66,18,25,53,33,45,14,36,24,87,95,40,68,43,23,89,86,59,62,35,93,17,91,15,97,42,37,12,47,52,50,41,98,1,31,28,60,56,38,78,67,7
2,14,77,69,71,79,82,53,85,36,48,90,42,1,92,21,99,16,72,35,94,54,58,73,38,60,24,30,84,83,37,95,9,43,55,61,57,6,97,87,27,33,64,91,19,62,70,78,45,74,29,23,32,63,10,15,80,34,8,18,25,89,93,75,26,17,44,0,5,40,3,56,22,28,86,65,49,51,81,67,4,66,76,46,13,12,47,52,88,41,98,11,31,68,20,50,59,39,96,7
2,98,37,32,71,20,38,1,50,36,11,90,5,86,92,47,33,30,72,70,94,54,58,15,14,62,66,84,24,67,88,80,46,23,55,26,57,93,97,28,22,52,64,8,6,89,34,78,79,74,29,60,45,59,10,63,91,87,96,44,61,21,9,25,19,17,13,0,42,40,3,56,81,39,95,65,27,12,4,18,85,77,69,35,48,83,16,76,82,49,73,75,31,68,53,43,51,7,99,41
57,72,10,43,82,93,85,75,50,36,11,74,45,18,92,12,61,31,54,15,38,32,16,5,8,62,80,98,42,67,88,13,39,41,68,70,89,78,97,4,22,52,64,2,83,47,9,58,23,40,29,60,59,87,17,79,91,28,96,30,53,37,69,25,33,84,26,6,46,1,3,56,81,95,21,65,27,55,20,94,63,73,71,14,48,7,66,76,19,49,99,90,24,77,34,0,51,44,35,86
57,21,10,94,22,17,90,43,50,84,59,74,4,16,87,27,79,98,48,39,46,32,81,58,8,62,38,80,20,67,88,13,34,85,68,56,51,78,72,2,60,33,63,89,83,47,9,11,23,40,26,37,7,24,41,5,61,28,96,91,86,52,92,69,82,25,15,54,29,1,44,31,66,0,36,65,42,55,71,35,18,73,12,77,64,14,70,76,19,93,49,53,30,6,97,99,45,95,3,75
91,52,10,90,98,17,1,64,20,97,67,44,26,16,54,27,78,53,39,6,94,88,41,58,8,25,74,65,80,18,29,50,82,83,45,87,51,2,33,7,57,99,63,72,81,59,38,79,23,40,68,9,89,5,70,76,86,75,96,71,62,46,92,69,37,22,3,84,56,28,60,31,36,0,47,43,42,55,19,35,48,21,12,77,13,14,34,85,66,93,49,11,30,4,24,15,61,95,73,32
37,69,10,90,66,40,74,64,31,19,98,30,34,81,52,57,78,71,39,62,94,2,41,12,99,72,15,79,80,84,25,50,35,83,45,75,88,14,91,20,95,53,63,7,96,82,27,76,18,44,68,58,21,17,22,16,43,54,26,32,1,4,92,61,8,46,23,33,3,51,60,38,36,0,47,97,42,55,65,56,93,9,48,77,13,29,6,89,87,5,28,11,86,67,24,49,59,85,73,70
16,23,33,21,15,40,88,90,63,19,98,30,34,11,79,6,78,10,86,62,94,74,57,12,18,56,29,72,39,0,14,89,35,7,76,50,51,87,91,71,59,66,31,44,58,52,28,84,9,75,68,93,83,17,22,61,2,95,26,32,99,13,73,64,8,48,47,5,3,82,4,38,46,42,43,80,92,55,65,49,85,81,20,77,27,60,96,45,53,69,97,54,36,67,24,37,1,41,25,70
28,23,89,39,54,26,88,67,93,79,98,45,24,82,56,68,78,10,9,33,12,80,57,17,86,90,29,47,66,0,14,65,71,36,77,50,19,87,74,1,59,40,11,44,4,52,91,84,21,75,58,7,32,2,13,61,64,95,16,34,37,18,96,8,62,25,83,5,94,3,69,63,38,48,43,6,22,41,31,30,15,49,20,70,27,60,92,46,53,72,97,73,85,81,76,35,42,51,55,99
28,63,61,68,14,26,62,97,83,3,25,58,94,82,71,80,78,19,39,5,12,48,64,11,86,79,95,54,38,40,32,65,76,36,29,47,41,16,74,1,59,31,84,43,57,52,87,69,7,45,77,53,49,10,13,21,44,42,9,34,37,93,96,20,81,35,70,88,2,92,17,66,67,98,24,6,22,90,55,23,15,46,30,75,27,60,33,18,0,72,89,73,85,99,91,4,50,51,8,56
49,68,15,84,1,26,37,91,83,77,28,0,46,80,71,13,67,19,39,56,64,17,22,11,86,79,92,55,38,31,32,16,47,5,2,97,3,18,74,33,59,58,94,43,9,8,87,82,7,78,61,48,51,25,69,81,23,75,40,24,21,93,96,20,60,35,36,54,12,29,10,66,34,98,88,6,4,90,70,27,42,99,30,72,95,85,62,14,50,52,57,73,41,53,65,89,63,45,76,44
49,68,15,57,77,69,5,91,83,61,27,38,80,73,71,48,12,87,29,51,6,22,56,26,23,72,32,13,60,40,44,16,66,43,59,97,84,53,74,33,1,58,31,7,42,8,14,82,20,37,39,11,67,19,45,93,0,52,90,24,21,78,9,3,96,35,36,99,18,89,64,47,4,98,88,92,81,28,70,62,17,86,30,95,34,85,75,79,50,54,65,46,2,94,41,10,63,25,76,55
2,16,15,12,21,18,45,54,68,64,43,92,81,73,5,48,10,51,33,19,77,96,44,69,85,6,32,13,8,91,98,24,71,20,59,97,84,53,56,55,1,17,28,7,94,93,87,41,65,57,39,66,3,40,14,86,60,35,42,27,31,78,9,29,25,76,36,99,58,89,70,47,23,82,61,67,38,11,50,62,22,52,30,95,34,83,72,79,37,90,26,46,80,4,75,0,63,74,49,88
48,28,19,12,57,69,45,33,25,81,42,43,92,31,5,36,8,2,32,60,77,34,88,15,85,93,23,62,73,91,63,71,9,20,59,97,80,53,29,55,1,17,30,11,94,52,84,41,37,54,61,46,3,64,14,27,67,83,66,87,65,39,40,51,78,82,95,99,58,24,18,98,49,56,47,70,89,86,50,13,44,90,6,7,76,10,72,79,16,21,75,96,68,4,22,0,35,74,26,38
65,28,19,39,88,69,45,85,38,0,87,40,79,57,10,25,8,2,62,32,71,34,93,83,86,75,74,80,91,59,63,82,64,20,96,6,33,53,5,21,1,81,94,72,49,52,47,17,51,46,66,99,60,12,16,11,73,14,44,41,29,54,67,35,78,84,95,68,58,24,31,98,30,9,48,70,89,18,50,97,43,90,4,7,76,77,23,3,13,61,92,37,27,55,22,15,36,42,26,56
35,28,74,76,88,69,50,16,38,73,2,40,63,6,72,25,93,26,32,14,71,34,91,0,59,75,23,30,42,78,21,86,45,47,96,39,87,84,8,27,53,13,33,56,48,4,60,17,15,43,95,99,83,55,20,64,24,62,1,80,29,54,67,49,94,85,36,44,58,9,11,82,92,65,57,70,89,18,19,97,66,5,10,7,22,77,12,3,51,61,79,37,31,52,90,41,98,81,68,46
35,71,74,76,44,79,7,14,38,56,25,51,64,6,15,26,97,0,18,10,58,86,63,68,33,89,20,67,42,84,98,17,65,99,83,13,87,45,8,27,23,59,31,32,55,69,60,46,53,43,80,93,36,24,96,40,4,62,95,70,49,54,22,75,94,78,52,39,41,9,11,82,1,66,2,72,21,91,19,47,92,5,81,50,16,77,12,3,30,61,48,37,57,28,90,73,88,29,34,85
35,71,9,8,95,44,48,57,96,19,25,99,83,11,38,26,68,0,29,94,58,97,22,17,74,89,41,77,42,6,24,80,84,33,21,14,13,73,36,27,23,59,75,37,55,69,51,85,56,20,2,46,76,15,31,40,34,30,79,81,49,88,60,54,61,78,52,39,92,4,66,67,1,32,65,72,10,91,18,82,64,5,87,50,28,43,12,93,53,45,47,62,70,63,90,98,86,3,7,16
35,71,69,91,95,27,74,58,82,10,55,3,57,18,14,37,78,92,83,28,46,80,0,97,30,43,21,77,40,6,24,15,39,47,90,85,93,29,13,45,23,87,75,59,11,84,19,65,56,98,2,9,81,73,31,20,34,86,79,96,49,63,60,25,61,99,52,26,17,4,66,67,89,41,48,72,44,1,36,51,64,5,33,38,62,68,22,94,53,32,88,54,42,8,76,12,16,70,7,50
78,11,62,5,40,9,20,42,82,22,58,29,45,63,14,27,48,3,83,28,46,39,0,97,24,56,21,96,68,6,77,41,4,47,18,85,61,57,23,43,93,30,65,59,91,31,71,69,12,98,2,72,81,73,49,52,34,17,79,19,67,53,60,25,50,99,32,75,90,13,33,80,89,76,7,15,55,26,66,1,51,87,86,38,64,35,10,36,74,44,88,84,54,8,92,94,70,95,37,16
78,16,51,52,40,4,69,66,81,22,58,24,56,23,54,65,43,64,83,10,15,75,0,61,29,36,25,77,68,3,30,41,20,82,67,46,95,76,97,74,93,32,84,59,91,31,44,13,12,94,2,72,62,7,90,96,34,63,79,19,53,73,6,38,98,42,33,5,99,92,85,80,89,17,28,87,55,26,11,60,21,27,86,50,18,39,71,57,49,47,88,8,48,35,9,37,70,1,14,45
82,16,77,11,94,39,92,49,34,93,47,7,22,20,54,36,43,2,98,56,8,33,84,48,29,66,25,86,75,68,30,44,96,51,65,46,69,76,61,74,15,32,40,59,97,52,72,27,3,58,42,87,45,73,90,37,41,70,79,19,53,13,6,67,50,17,12,5,78,85,83,80,89,60,0,10,55,26,28,99,71,81,24,4,21,18,23,57,31,95,88,91,38,63,9,35,14,1,64,62
25,14,45,86,48,39,92,12,2,8,47,7,44,64,54,82,66,62,23,56,18,5,16,29,73,91,32,22,28,42,60,3,96,51,65,72,69,0,4,71,15,61,40,30,97,1,10,67,93,35,41,76,46,13,90,94,27,17,77,57,80,98,6,58,81,53,74,79,59,85,24,43,89,36,50,20,19,26,83,99,68,34,84,49,21,55,33,9,31,95,88,87,38,63,75,11,78,70,52,37
89,69,45,93,32,18,33,96,54,50,91,79,71,88,46,75,66,60,58,56,94,92,30,68,0,82,80,22,28,42,49,99,81,9,65,43,13,77,24,87,29,44,40,15,97,64,10,83,14,35,31,76,84,67,74,17,27,98,90,48,16,4,6,62,73,53,25,47,11,57,61,26,85,36,3,39,19,86,41,12,34,51,20,8,21,55,72,59,5,95,7,52,38,63,23,1,78,70,2,37
40,69,92,28,43,18,33,93,89,84,6,54,67,88,3,75,11,51,58,56,25,31,30,98,0,82,41,22,4,42,80,35,12,72,65,70,13,7,71,94,86,59,57,16,97,64,17,44,14,49,39,96,10,47,85,55,29,8,90,81,99,63,20,38,73,74,36,87,15,53,61,24,46,32,68,95,19,27,76,26,34,45,66,79,9,83,62,48,5,50,78,60,37,21,23,1,52,91,77,2
29,69,46,51,90,54,16,93,98,6,56,76,68,88,12,78,75,37,58,96,1,31,84,47,0,82,41,22,4,18,94,67,32,87,19,77,60,7,35,8,86,55,57,52,64,65,26,33,14,49,25,62,15,17,85,97,21,40,95,81,83,63,20,9,24,30,36,13,23,53,45,10,48,43,89,80,99,50,28,42,34,3,59,79,61,71,66,38,5,70,74,27,11,39,44,2,72,91,92,73
69,84,45,51,97,54,19,96,52,81,74,4,28,78,15,73,37,18,23,90,46,86,21,16,0,76,35,7,26,48,94,93,42,88,77,67,60,82,8,75,27,55,91,24,72,89,49,33,14,22,25,62,38,17,80,39,1,40,29,6,34,63,20,9,41,43,36,30,12,13,58,57,98,95,56,70,99,50,10,79,53,83,59,64,61,71,66,87,5,44,68,31,11,65,32,3,85,47,92,2
57,66,13,51,72,2,19,80,79,87,96,88,28,97,22,41,14,18,23,65,74,86,7,16,0,6,78,35,26,48,82,21,15,99,1,83,60,38,75,93,12,77,43,46,95,89,94,33,73,71,56,39,4,17,76,52,11,40,29,61,91,90,63,42,49,8,36,10,37,25,58,47,98,34,27,70,54,62,9,30,53,5,59,64,32,67,45,68,44,84,20,50,69,31,81,3,85,55,24,92
62,66,77,76,16,82,56,80,21,17,84,33,9,27,22,1,67,18,71,50,74,85,7,45,0,20,78,35,79,57,96,40,98,65,89,13,6,11,75,37,12,39,43,46,63,28,86,95,41,29,14,72,51,91,19,52,69,32,88,61,94,93,83,90,49,8,36,3,10,68,58,47,70,34,60,73,55,99,15,2,53,54,38,64,26,87,92,23,44,42,81,5,48,31,30,97,59,25,4,24
63,94,4,44,48,58,56,80,21,17,84,88,9,20,42,1,27,45,13,50,74,85,91,18,52,25,78,35,8,22,36,5,7,62,89,66,46,40,75,2,11,16,43,87,31,99,86,37,41,77,65,98,51,10,19,54,69,26,14,67,34,93,6,90,83,39,79,28,0,24,97,60,38,49,47,15,64,23,33,71,53,12,59,55,32,68,57,72,61,3,81,76,73,95,30,70,82,92,96,29
71,28,19,44,48,75,86,65,21,17,99,23,56,57,36,97,27,5,43,13,61,3,35,76,45,25,94,52,8,79,82,66,30,90,89,77,42,64,50,2,11,63,22,87,31,33,88,39,78,20,92,37,6,72,84,80,69,26,46,67,58,18,59,16,12,98,62,47,0,24,54,60,38,14,49,4,91,95,93,83,53,32,40,34,10,85,74,41,9,55,81,51,73,1,15,70,68,7,96,29
67,28,33,44,5,20,60,65,66,1,64,97,75,68,92,12,54,47,36,13,61,3,63,78,62,99,71,32,8,17,43,31,30,10,74,77,42,88,18,49,21,86,25,89,4,37,80,2,52,79,56,24,6,50,57,39,69,81,46,73,16,72,45,93,53,98,55,7,27,94,90,22,76,14,95,23,91,0,38,83,9,82,40,34,59,85,48,41,96,58,11,51,87,35,15,70,19,26,84,29
45,87,33,44,5,4,39,60,93,1,70,69,80,40,30,12,54,47,92,75,49,95,63,28,62,82,50,58,43,19,31,91,81,24,18,2,42,88,25,59,13,65,86,3,46,34,77,67,9,79,83,61,21,37,74,10,32,8,22,84,7,72,66,38,6,36,55,68,27,94,78,35,56,14,64,23,73,15,20,57,97,52,90,71,0,85,48,41,96,53,11,51,76,89,99,17,26,16,98,29
17,23,58,91,5,4,22,85,93,83,69,26,80,8,30,12,18,47,92,84,46,32,38,88,62,95,21,96,43,45,31,35,81,2,33,3,99,24,71,41,19,56,86,77,53,11,27,73,28,79,34,61,39,59,16,10,25,48,63,65,55,72,36,66,6,52,13,0,29,94,54,75,57,37,64,67,7,74,60,82,97,1,90,20,44,42,49,14,40,9,70,51,76,87,89,68,15,78,98,50
73,36,17,46,29,42,22,39,93,58,64,84,19,49,6,51,18,47,57,27,68,32,30,50,48,95,89,56,35,45,31,85,24,2,33,9,99,53,71,16,81,67,79,77,13,66,1,7,55,20,34,61,87,59,3,23,8,69,74,80,62,72,60,4,76,10,12,91,75,94,54,11,83,25,52,26,5,65,37,82,92,41,90,96,43,15,28,21,40,63,70,86,14,0,88,38,97,78,98,44
73,36,6,82,67,48,13,52,93,58,86,27,54,37,17,51,61,47,57,18,32,60,30,1,96,95,46,56,89,75,59,90,50,2,81,9,99,16,0,22,28,23,92,98,45,10,53,19,11,20,79,84,78,68,3,88,41,55,74,39,7,72,83,24,31,40,12,91,8,62,49,69,64,25,66,65,26,35,85,80,29,87,43,42,33,94,77,21,5,63,70,14,4,97,15,38,71,34,76,44
14,75,6,82,3,7,13,10,78,41,63,12,27,25,53,51,84,71,87,18,58,62,30,1,5,64,46,95,89,11,55,94,0,2,81,17,99,16,42,60,28,23,92,4,24,88,38,19,21,20,57,36,76,68,43,90,39,77,45,56,69,52,8,48,31,40,9,47,22,33,49,50,72,67,37,32,83,93,73,80,26,79,96,54,29,65,59,74,86,35,70,97,44,91,15,66,85,61,98,34
13,47,71,95,89,2,78,17,93,41,7,50,27,42,35,53,84,65,91,6,55,46,30,1,20,57,24,90,66,80,0,73,58,69,81,19,99,16,70,74,79,23,92,9,29,88,72,34,86,64,32,36,76,15,43,85,39,77,31,14,98,52,4,38,51,10,3,75,22,33,45,49,60,67,37,21,83,8,96,11,56,82,28,18,87,59,68,5,25,26,54,97,44,12,40,63,94,61,48,62
13,47,83,10,46,34,64,35,93,41,37,50,2,14,15,51,55,65,91,6,3,70,12,1,78,32,56,17,66,80,0,38,58,69,52,73,48,16,20,27,79,23,68,86,77,98,30,28,76,75,60,39,26,49,43,85,90,72,89,45,61,9,74,94,53,8,33,82,22,67,87,7,42,29,97,24,19,71,59,11,63,57,4,92,96,99,18,5,25,36,54,44,21,81,40,31,88,84,62,95
13,16,80,96,93,40,75,57,5,41,26,92,14,15,33,89,30,52,21,20,3,51,71,38,78,1,4,17,66,39,0,35,81,34,46,22,62,76,10,27,79,23,68,86,77,11,12,8,42,28,24,56,70,49,43,97,90,53,88,45,61,6,74,82,37,60,65,91,59,32,72,7,67,69,63,18,19,47,87,85,98,2,31,83,29,99,50,55,25,36,64,94,48,44,95,54,58,84,73,9
84,76,80,64,93,40,75,57,16,74,48,3,14,23,85,50,11,81,21,5,51,88,39,38,79,1,12,17,66,19,87,35,42,94,46,78,22,61,29,18,41,32,68,90,99,83,15,58,71,28,62,24,77,49,52,44,34,31,92,56,97,96,4,36,53,9,82,91,20,55,27,7,65,45,63,43,33,47,86,13,98,2,67,59,30,37,72,8,0,6,25,26,70,60,95,54,10,89,73,69
98,6,86,28,77,36,75,67,89,74,94,51,30,23,53,50,80,95,62,5,29,88,39,38,43,76,12,17,55,19,33,31,42,57,46,78,3,84,64,18,49,26,63,90,82,60,91,56,71,65,40,73,99,35,48,44,54,1,11,16,0,61,4,7,9,72,32,20,79,47,27,93,69,45,66,97,96,83,87,13,24,37,15,92,59,21,34,2,22,68,25,85,70,14,41,58,10,81,8,52
98,47,86,28,59,93,75,65,10,66,17,72,70,23,64,26,80,74,81,61,29,88,53,38,41,96,12,56,37,63,31,51,42,62,40,19,55,67,2,18,4,89,87,90,82,60,43,8,71,34,57,52,99,27,48,44,91,84,0,35,25,14,16,49,9,3,22,30,21,11,54,85,69,45,77,95,6,83,50,13,78,7,46,76,94,36,33,24,15,1,79,39,97,32,5,58,73,92,68,20
90,28,86,37,59,93,26,19,24,14,89,21,48,39,57,54,8,74,81,15,20,99,53,6,41,0,77,76,42,88,85,51,1,23,40,47,55,9,80,18,87,17,97,16,5,50,71,33,7,34,98,52,75,22,4,91,30,84,63,35,2,96,56,62,65,49,10,27,32,11,60,61,64,45,25,95,31,3,67,13,78,12,46,58,70,66,38,94,69,72,79,43,36,44,83,29,73,92,68,82
11,21,86,80,79,17,26,92,24,83,14,57,48,27,91,28,54,56,58,15,20,45,53,87,41,38,9,76,31,71,36,16,25,19,40,23,35,39,1,18,65,29,12,2,42,82,78,61,51,37,69,75,34,22,4,99,77,90,63,50,64,44,81,59,74,49,10,66,32,46,60,5,85,8,97,95,6,3,52,84,55,67,88,33,70,7,30,94,0,72,89,43,93,96,62,13,47,73,68,98
90,77,86,63,79,17,67,92,98,93,21,55,15,91,29,33,53,56,46,66,95,45,26,87,76,38,22,69,39,11,4,51,25,65,83,23,70,31,1,59,13,47,40,18,54,42,78,61,19,58,71,14,34,96,2,99,12,41,75,50,9,20,48,57,88,60,10,80,97,36,74,5,81,8,6,28,16,7,62,84,82,94,73,49,24,30,64,52,0,72,89,43,44,85,3,35,37,32,68,27
69,45,91,42,95,15,67,92,96,93,18,28,66,97,80,77,34,68,89,40,7,41,37,98,76,87,52,6,39,70,30,57,65,63,27,23,17,46,1,13,81,47,38,73,79,61,49,86,33,58,71,78,10,2,4,14,12,26,51,21,9,20,31,36,88,60,19,22,90,55,74,5,29,8,16,53,25,72,62,84,11,94,82,35,24,32,50,48,3,54,64,43,44,85,56,83,0,59,75,99
15,13,42,46,29,25,99,92,71,87,83,28,66,23,95,96,0,68,94,9,49,86,80,76,51,98,70,91,55,8,69,7,65,64,27,52,40,31,63,22,81,47,38,73,6,61,11,93,26,41,33,78,10,60,45,56,12,53,17,21,97,1,3,36,79,88,19,77,20,2,74,90,14,18,32,50,57,72,62,82,37,43,84,35,24,16,5,85,34,54,39,89,44,30,67,59,48,58,75,4
15,10,93,46,29,75,9,92,50,74,71,28,7,78,64,88,36,61,42,23,34,56,86,76,20,98,91,70,58,6,69,73,35,54,94,72,66,79,63,22,81,47,38,84,89,87,16,52,60,41,95,97,3,44,14,85,57,53,17,27,99,65,37,12,90,80,45,77,30,2,21,5,24,18,33,48,68,8,62,82,83,43,51,26,96,13,55,11,32,31,39,19,59,0,67,25,40,49,1,4
31,83,93,99,95,75,46,58,60,11,71,85,7,70,17,48,4,10,50,29,34,56,94,9,53,27,92,52,84,89,86,73,35,54,2,72,22,79,77,5,65,47,14,41,45,38,97,23,98,18,78,66,3,67,74,96,57,8,1,81,55,51,61,64,28,69,42,76,30,6,20,16,24,91,15,44,68,87,62,33,13,21,43,26,88,90,63,59,82,32,39,19,12,0,36,25,40,49,37,80
86,12,41,99,30,75,46,58,60,79,5,15,21,28,17,31,4,83,95,22,84,29,40,26,48,70,61,52,54,89,82,7,39,94,2,33,90,6,14,25,76,62,10,50,45,16,81,23,27,18,85,72,36,9,74,96,92,8,78,57,38,51,64,11,0,69,1,97,42,73,19,56,24,91,66,35,68,87,53,65,59,93,20,98,88,47,63,71,32,44,80,37,67,43,34,77,13,49,55,3
86,12,67,44,30,75,20,58,60,68,21,53,22,14,39,56,54,84,79,65,85,8,40,73,13,89,61,66,69,74,17,7,55,41,96,92,90,46,6,25,76,62,10,94,45,16,64,33,99,77,15,2,36,29,43,91,81,51,78,82,38,18,3,11,35,83,5,4,59,95,19,31,24,97,9,50,87,42,23,57,1,93,52,0,27,34,28,63,32,71,49,37,26,72,80,47,88,48,98,70
86,12,22,60,69,34,20,94,41,68,21,53,47,25,1,14,6,84,63,15,85,96,0,73,24,18,38,66,74,31,33,93,55,26,40,28,39,46,51,61,56,88,7,80,45,30,50,92,99,36,16,54,8,13,43,91,42,70,5,64,72,49,65,81,35,83,75,67,10,95,19,71,79,3,77,9,87,90,23,44,89,48,2,62,27,98,52,11,32,58,78,37,97,29,59,82,17,4,76,57
85,3,98,4,69,51,93,94,44,68,21,52,24,41,11,55,39,88,63,23,54,67,59,96,13,18,37,6,25,80,15,60,82,73,40,26,77,0,53,74,47,31,7,49,45,33,71,92,72,17,89,30,90,99,86,91,42,70,5,46,62,50,65,56,2,66,75,10,84,95,19,48,79,81,34,9,22,64,28,87,58,32,12,1,36,27,8,16,35,38,78,61,97,29,43,20,14,83,76,57
70,64,19,4,98,3,61,81,27,34,21,94,24,6,82,47,57,88,91,36,54,66,16,96,62,11,63,89,12,80,37,90,18,20,26,95,42,56,51,74,31,40,60,49,67,33,71,75,72,53,77,45,8,99,10,43,65,52,44,25,55,41,50,73,2,5,58,93,84,0,14,48,86,69,13,9,22,79,59,87,15,32,1,39,38,23,7,85,35,30,78,28,97,92,46,17,29,83,76,68
70,49,52,83,19,3,47,5,64,21,31,20,24,9,87,41,57,95,58,54,85,89,94,96,62,11,59,27,43,80,28,10,55,81,26,53,48,56,67,78,97,71,84,88,50,36,51,75,73,34,77,45,8,98,44,40,30,61,29,93,90,42,18,72,99,25,32,16,60,0,14,76,86,69,13,66,35,79,12,33,2,6,1,38,15,23,91,74,7,92,37,65,82,63,46,17,4,22,39,68
82,96,52,3,51,4,41,5,37,21,32,62,83,9,72,34,92,31,58,40,46,6,23,45,16,99,59,10,43,13,61,38,73,44,91,53,56,54,70,12,97,71,95,87,50,36,15,75,67,93,47,11,60,98,64,89,8,25,29,85,48,42,2,18,28,69,55,80,84,77,14,76,26,19,17,33,63,79,66,20,88,94,1,30,27,0,68,74,7,57,24,65,90,78,49,86,35,22,39,81
89,91,8,3,10,4,14,22,60,21,49,43,95,73,51,70,92,31,45,86,46,87,64,67,16,99,20,54,53,13,80,29,39,44,40,41,32,85,15,0,97,71,11,72,50,36,79,7,58,55,47,34,93,98,27,17,30,96,24,2,1,42,57,82,28,84,81,59,62,9,48,78,26,37,69,33,25,90,66,12,88,38,6,94,23,52,68,74,5,19,76,83,61,63,65,56,35,75,77,18
58,87,14,91,1,96,98,18,60,37,61,54,16,73,51,62,41,12,10,22,28,27,59,92,50,99,63,20,53,39,8,93,3,44,40,45,32,24,69,85,97,11,68,29,88,36,79,7,38,49,19,34,25,46,17,30,15,47,55,90,70,66,57,89,9,84,75,82,78,86,48,95,26,21,2,33,64,56,76,71,4,67,72,94,43,52,23,13,5,80,31,83,0,74,65,42,35,6,77,81
58,87,79,11,84,44,85,19,60,99,1,0,34,78,51,25,42,16,5,22,28,41,59,92,68,74,9,26,53,12,77,83,3,10,40,50,76,24,64,86,97,91,95,38,52,36,2,14,72,13,29,57,63,45,8,31,27,47,82,39,75,93,90,89,37,54,69,70,65,48,61,18,88,4,20,33,30,56,94,71,55,67,6,32,43,15,23,21,73,80,46,66,98,96,49,7,35,17,62,81
27,87,34,30,18,95,48,19,39,80,1,0,54,92,32,97,65,84,29,70,83,25,59,96,68,74,12,5,62,63,60,3,53,4,40,72,76,24,64,88,15,26,79,44,52,50,75,22,7,13,11,35,46,45,8,31,67,47,66,42,81,93,17,38,36,33,69,89,49,51,61,58,23,82,85,37,55,56,94,71,2,41,6,9,57,98,99,21,86,73,90,28,77,16,20,43,91,78,14,10
58,87,34,65,28,95,46,15,39,47,1,2,66,30,75,97,9,40,29,84,83,11,74,96,79,26,4,82,99,12,76,0,53,23,69,7,56,36,64,70,89,3,73,25,94,50,43,22,49,93,71,91,77,45,8,88,67,24,86,44,85,59,35,32,68,31,20,38,52,51,27,17,41,90,80,92,55,37,60,72,61,5,6,13,57,98,63,21,42,62,81,48,54,16,78,19,18,33,14,10
58,62,65,78,28,48,46,35,51,24,14,68,31,53,75,93,70,23,29,79,9,44,88,99,86,42,94,82,22,13,76,57,30,47,49,7,95,10,64,69,55,3,73,25,4,50,66,15,26,72,6,91,43,45,8,21,0,5,61,2,85,59,56,32,52,36,20,38,74,77,63,33,41,84,60,40,17,90,92,18,12,1,98,39,37,89,11,87,97,19,81,80,54,16,83,67,27,34,96,71
90,40,43,78,94,52,64,62,98,24,93,80,16,44,75,61,5,51,36,31,23,12,88,99,86,42,58,82,22,60,50,14,85,30,17,79,54,10,73,48,26,13,6,25,4,33,66,15,46,72,56,91,53,77,11,28,70,68,35,81,27,19,83,45,37,7,20,38,84,9,65,0,41,21,87,29,32,67,92,18,34,1,8,39,59,89,74,95,97,96,76,71,47,69,2,63,3,57,49,55
75,40,67,43,21,51,34,62,39,49,30,80,77,0,31,52,79,47,69,84,93,90,95,15,86,22,36,63,2,54,88,14,85,4,5,94,32,42,87,48,26,13,6,25,72,33,57,9,74,11,81,55,60,28,56,83,71,68,35,16,27,19,7,45,66,70,20,97,58,29,65,17,38,61,24,89,82,12,92,18,50,8,1,41,59,37,78,91,53,96,76,46,64,44,23,99,3,98,73,10
32,28,49,24,93,71,34,12,14,43,61,51,77,65,35,52,63,79,84,3,42,90,95,59,30,22,36,97,64,96,88,8,41,4,18,94,11,56,16,19,75,98,6,74,1,47,83,9,45,87,57,55,0,21,72,10,91,68,86,66,33,17,7,92,85,69,60,99,58,29,78,27,26,15,13,2,82,67,38,70,50,25,80,20,89,37,5,53,31,40,76,46,54,44,23,39,62,48,73,81
22,68,43,5,79,67,52,12,40,51,61,29,87,65,99,90,50,84,32,3,34,63,95,73,30,83,36,97,64,25,88,82,41,23,58,11,91,56,16,96,98,93,54,86,10,94,45,49,18,81,35,14,24,31,72,8,70,39,47,57,33,38,7,92,62,74,76,9,60,4,78,27,19,28,13,2,15,37,77,71,89,48,80,75,66,0,21,53,20,1,42,46,55,44,6,69,17,59,85,26
22,10,68,5,15,96,82,69,25,0,9,36,74,53,48,90,13,35,32,81,70,8,28,73,30,17,43,61,3,56,60,75,7,20,87,11,91,24,29,39,98,16,54,12,59,1,86,49,18,65,50,14,71,31,23,58,92,40,37,57,33,67,51,64,66,44,76,62,93,4,79,27,83,6,41,2,19,88,52,94,21,63,84,78,47,45,34,38,95,89,42,46,55,97,99,80,77,72,85,26
95,32,19,46,94,50,82,17,25,15,6,47,42,74,65,90,99,59,89,67,70,8,63,73,41,7,43,78,31,30,60,75,40,61,87,9,91,58,29,39,98,88,54,10,51,1,5,49,18,38,83,20,16,84,24,28,36,69,35,55,77,93,62,64,48,71,68,81,3,4,33,13,72,79,86,2,53,44,52,27,21,0,23,92,14,56,76,37,97,96,34,11,85,45,12,80,22,57,66,26
48,25,27,65,67,88,73,98,59,64,84,40,42,31,41,90,99,81,82,71,28,2,49,29,95,57,17,94,35,30,78,22,60,32,13,9,91,20,87,39,26,97,19,10,51,72,5,66,18,0,83,69,23,47,24,96,36,92,76,55,1,93,45,44,77,7,14,89,3,43,33,4,11,79,6,86,74,50,52,63,8,21,61,38,62,56,54,37,16,53,46,34,85,15,12,80,58,68,70,75
36,95,94,23,51,17,73,45,31,38,9,40,10,16,27,90,99,81,49,0,62,2,96,29,85,67,32,89,6,61,66,22,82,84,13,57,44,19,3,39,37,97,54,80,20,72,5,56,18,55,76,69,78,93,26,83,88,1,60,33,15,42,30,71,77,7,98,86,70,35,46,4,87,79,63,48,74,50,52,24,8,21,65,25,68,41,91,28,43,64,12,75,53,34,92,59,58,47,14,11
36,52,90,23,51,16,73,12,31,85,6,70,87,84,32,82,41,81,49,60,39,2,47,34,69,67,22,74,54,15,66,78,71,57,25,72,38,19,50,8,56,11,65,4,20,45,5,21,18,29,35,0,93,17,26,40,88,7,58,33,61,24,97,86,77,53,98,99,9,3,95,1,10,28,63,79,13,46,80,94,55,48,75,62,68,42,91,44,43,83,96,89,92,27,64,59,30,76,14,37
36,44,30,23,45,16,98,19,65,24,25,74,35,84,6,81,62,80,85,90,3,2,64,40,69,4,52,43,54,72,15,78,93,60,33,34,89,96,70,8,61,11,68,57,20,18,39,21,0,46,47,58,12,10,83,14,42,7,32,41,97,87,50,86,77,67,29,75,9,26,95,88,1,51,31,79,13,17,63,71,55,48,73,37,38,28,91,82,59,94,22,49,92,27,56,53,66,76,5,99
14,97,23,76,2,71,89,53,69,99,25,50,56,21,92,1,95,36,85,63,84,87,5,16,82,26,60,43,34,33,15,78,41,79,11,64,52,96,70,61,51,30,13,80,20,6,37,7,81,35,10,58,12,57,83,55,4,40,19,27,9,72,0,86,77,32,29,68,42,46,8,88,65,47,39,18,98,17,3,73,24,48,44,67,38,28,91,75,59,94,22,49,93,90,54,45,66,74,31,62
37,30,23,76,68,74,39,58,47,99,59,93,56,33,34,43,18,26,38,97,63,10,89,29,82,22,72,31,92,94,15,12,41,79,2,9,52,44,54,42,51,14,13,80,60,6,95,27,81,96,11,19,32,57,83,5,67,87,28,86,84,78,4,88,77,69,7,55,16,46,8,90,65,3,61,17,98,24,62,21,35,48,73,85,70,40,91,75,1,0,49,71,20,53,64,25,66,36,50,45
78,30,11,54,68,47,92,86,90,95,38,93,56,33,69,85,13,18,35,3,63,1,41,29,82,43,57,81,94,14,99,71,39,79,2,9,52,74,22,26,21,16,19,80,66,7,76,0,55,96,25,50,32,89,59,44,67,31,49,73,84,72,65,88,77,58,12,23,87,46,8,34,45,28,24,17,98,37,91,62,53,42,20,5,70,40,61,4,60,97,6,36,15,48,83,27,75,10,64,51
78,81,11,54,57,99,90,16,34,74,91,15,13,48,92,46,84,18,10,52,63,1,41,29,42,80,33,56,69,44,96,71,70,79,59,9,66,35,65,19,30,24,5,68,86,50,27,0,31,22,26,28,32,89,6,73,67,62,21,82,60,47,39,88,87,95,12,85,51,3,38,7,25,23,8,17,14,37,58,98,53,77,43,49,45,40,61,4,55,94,97,93,75,72,83,76,20,2,64,36
32,81,73,77,57,99,90,62,82,91,98,53,13,93,92,3,84,18,10,9,94,69,52,29,45,33,8,74,85,40,96,88,36,61,68,19,48,75,4,95,30,24,28,34,86,16,27,80,50,21,26,49,59,38,6,60,35,31,79,17,7,47,39,63,87,15,83,78,51,58,70,22,0,67,65,23,42,37,25,46,55,56,43,54,5,2,44,66,71,76,89,14,41,72,1,64,20,12,11,97
32,92,59,77,69,53,3,93,24,55,1,46,14,42,62,13,71,37,10,9,94,47,52,26,4,16,8,74,86,29,63,15,36,44,68,19,28,84,98,95,30,21,27,33,40,23,88,96,38,17,90,11,66,34,41,73,35,31,58,87,7,6,39,81,50,85,75,78,51,82,79,60,22,43,25,49,54,57,70,45,99,56,83,72,5,80,48,20,2,18,89,65,67,76,91,64,61,12,0,97
74,60,59,38,69,22,3,93,18,0,79,88,5,68,62,52,36,99,10,66,91,41,97,26,4,16,35,37,86,31,63,15,84,53,48,57,28,46,25,42,21,96,98,94,40,23,73,39,1,85,9,82,44,6,2,65,12,32,24,87,90,89,8,92,19,64,75,78,30,47,77,80,20,95,71,49,54,13,70,45,33,56,17,34,55,11,83,58,7,81,50,51,67,76,14,27,29,43,72,61
10,4,11,89,38,22,83,93,34,50,85,88,5,68,45,18,13,35,39,55,29,32,76,26,69,1,60,51,42,36,63,15,33,12,37,77,57,21,25,67,9,96,97,94,40,27,73,65,43,6,48,82,79,53,78,99,2,61,24,0,8,19,59,92,52,81,28,56,31,47,41,98,20,95,44,64,62,23,70,87,71,80,17,86,16,74,30,58,7,49,90,66,46,75,14,84,3,54,72,91
10,5,30,26,38,57,75,54,47,1,85,4,15,68,78,18,37,64,39,96,91,99,55,62,41,32,2,51,23,89,35,16,11,82,61,76,69,20,25,43,7,88,97,94,40,27,73,46,93,92,53,67,19,58,65,33,12,45,24,0,8,22,56,14,21,81,28,6,87,44,59,77,72,52,3,95,71,63,70,42,36,31,17,83,50,74,79,48,80,49,90,66,86,13,98,84,29,9,34,60
