0,1,2,3,4,5,6,7,8,9,10,11,12,13,14,15,16,17,18,19,20,21,22,23,24,25,26,27,28,29,30,31,32,33,34,35,36,37,38,39,40,41,42,43,44,45,46,47,48,49,50,51,52,53,54,55,56,57,58,59,60,61,62,63,64,65,66,67,68,69,70,71,72,73,74,75,76,77,78,79,80,81,82,83,84,85,86,87,88,89,90,91,92,93,94,95,96,97,98,99,100,101,102,103,104,105,106,107,108,109,110,111,112,113,114,115,116,117,118,119,120,121,122,123,124,125,126,127,128,129,130,131,132,133,134,135,136,137,138,139,140,141,142,143,144,145,146,147,148,149
13,1,21,3,132,5,6,7,8,55,10,29,15,107,14,97,16,17,18,19,20,12,22,102,2,25,26,27,87,9,30,31,32,33,28,23,36,37,38,39,40,41,42,43,44,45,46,47,48,49,50,51,52,110,54,64,56,35,58,59,60,61,62,63,34,65,66,67,68,69,137,71,72,73,11,24,76,77,78,79,80,86,82,83,70,85,113,53,88,89,90,91,92,93,94,95,149,140,98,99,100,101,75,103,104,105,106,74,108,109,4,111,112,96,114,115,116,117,118,119,120,121,122,123,84,125,126,127,128,129,130,131,57,133,134,135,124,81,138,139,136,141,142,143,144,145,146,147,148,0
13,1,93,3,20,5,6,7,94,55,25,29,15,107,14,31,16,17,18,86,19,12,22,102,2,113,26,27,10,9,132,60,32,33,28,23,36,37,38,97,40,41,42,43,30,45,0,47,48,49,50,51,52,110,54,71,56,35,58,106,104,61,62,63,34,65,66,67,68,69,59,39,72,73,11,24,76,46,78,79,80,137,82,131,70,85,126,115,88,89,90,91,92,114,143,95,149,140,98,99,100,101,75,103,64,44,148,74,108,109,4,111,112,96,105,8,83,117,118,119,120,121,122,123,84,125,116,127,128,129,130,133,57,21,134,135,124,81,138,139,136,141,142,87,144,145,146,147,77,53
13,1,93,3,34,5,6,7,94,55,25,29,15,107,14,31,16,17,83,86,19,12,22,102,2,78,36,27,10,128,132,60,32,133,33,23,57,113,38,97,40,41,42,43,68,45,0,47,48,49,50,51,125,110,54,71,56,76,58,106,104,61,62,63,103,65,66,124,100,69,59,112,72,89,139,24,52,46,114,79,80,137,82,131,70,85,126,115,88,109,90,91,92,138,143,95,149,140,98,99,67,101,75,96,64,44,148,30,108,11,4,74,20,28,105,8,73,117,118,119,120,121,122,123,84,35,116,127,37,129,130,26,144,21,134,135,9,81,111,39,136,141,142,87,18,145,146,147,77,53
13,1,93,3,34,5,6,7,94,134,122,29,23,116,14,31,107,17,83,86,19,12,22,53,80,103,36,27,10,56,132,60,32,133,33,25,57,113,38,97,40,41,42,43,68,45,0,47,48,49,50,39,9,110,54,71,82,76,58,20,104,61,62,115,102,65,66,124,100,69,125,112,105,89,139,24,52,46,114,79,72,78,55,131,15,85,126,51,88,109,90,91,92,106,143,95,149,70,98,99,140,101,75,96,64,44,148,30,120,11,4,74,137,28,127,8,73,117,118,119,59,121,63,123,84,16,2,67,37,129,130,26,144,21,108,135,138,81,111,35,136,141,142,87,18,145,146,147,77,128
27,1,87,3,34,5,6,7,94,134,122,29,23,77,17,31,107,36,83,86,75,12,22,53,80,103,70,140,10,56,132,60,32,110,33,112,57,63,38,25,40,41,42,97,93,26,0,47,48,49,68,39,9,45,54,71,82,59,58,20,104,61,62,115,102,65,66,124,100,69,125,14,105,89,139,24,52,46,114,79,72,78,55,131,15,85,123,51,88,118,90,121,92,106,143,95,149,101,98,99,113,67,91,96,64,44,148,30,120,11,4,74,137,28,127,8,43,117,109,119,136,19,126,76,84,16,2,133,37,129,130,13,144,21,108,135,138,81,111,35,116,141,142,50,18,145,146,147,128,73
1,73,87,3,34,5,6,7,94,134,20,29,23,77,124,31,107,36,13,86,75,12,137,53,51,96,70,103,10,56,132,60,15,72,33,112,57,63,38,32,40,2,42,97,93,26,0,47,48,49,17,39,9,45,54,71,69,55,117,110,104,61,62,115,102,65,66,122,100,79,125,14,105,89,139,24,52,46,114,27,119,78,22,131,80,68,123,58,88,118,90,121,92,106,143,95,149,101,98,99,113,67,91,140,64,44,148,30,120,11,4,74,59,28,127,8,43,147,109,76,136,19,41,126,84,16,82,133,37,129,130,116,144,21,108,25,138,81,111,35,135,141,142,50,18,145,146,83,128,85
1,15,94,3,34,5,6,7,91,134,20,29,23,77,124,31,107,36,13,86,75,12,137,53,51,96,79,103,10,56,132,60,89,72,33,112,57,16,110,32,40,35,42,97,93,26,0,104,48,49,17,71,73,45,149,108,69,58,117,101,47,61,62,115,102,88,66,122,111,70,125,14,105,19,139,24,52,46,114,27,119,78,54,4,80,68,123,2,38,118,55,121,92,106,143,39,63,131,98,99,113,67,22,140,64,44,148,30,120,11,146,74,59,28,127,18,43,147,109,76,136,87,41,126,84,65,82,133,37,129,130,116,144,21,9,25,138,81,8,100,135,141,142,50,95,145,90,83,128,85
1,15,94,3,115,44,6,7,91,134,20,29,23,77,54,31,107,22,13,117,75,12,137,53,51,96,79,103,10,56,82,60,89,72,33,112,57,16,108,146,40,35,42,97,93,26,0,104,48,49,17,71,73,36,149,111,69,58,86,101,47,61,62,9,102,65,66,122,84,70,106,14,105,19,139,24,52,140,114,27,119,78,133,4,80,68,45,2,124,118,55,131,92,76,143,39,63,18,98,99,113,67,5,121,64,90,148,30,120,11,123,74,59,28,21,127,43,147,109,110,136,87,41,126,145,130,34,38,37,129,46,116,144,88,125,25,138,81,8,100,135,141,142,50,95,132,32,83,128,85
1,15,94,3,115,133,124,44,91,134,20,29,23,77,54,31,107,22,13,102,75,12,137,53,51,96,79,46,10,56,82,60,142,72,6,112,48,16,108,146,66,35,42,64,93,26,0,104,132,49,17,71,73,36,149,109,103,58,86,101,117,61,62,41,118,65,83,122,84,70,106,14,105,19,139,24,52,140,114,27,119,78,9,4,80,68,45,130,85,97,148,131,92,76,143,39,63,18,69,99,113,40,5,121,141,90,2,30,11,89,123,74,59,28,21,127,43,147,111,110,136,87,120,126,145,47,34,38,37,129,98,116,144,88,125,25,138,81,57,100,135,8,55,50,95,33,32,67,128,7
1,15,94,142,115,89,124,44,91,87,20,29,3,77,54,92,107,22,13,102,75,85,137,133,51,96,79,46,10,56,82,128,72,148,125,49,48,16,108,146,66,35,42,64,93,26,0,104,39,139,17,71,73,36,149,109,103,58,86,101,117,61,62,41,118,65,83,122,121,70,12,14,100,19,105,24,52,140,114,27,119,78,9,4,32,53,45,130,68,106,59,131,126,76,143,6,63,31,69,99,113,40,5,23,141,90,2,30,11,80,123,74,120,28,60,127,43,147,111,110,136,144,134,97,145,47,34,38,37,129,98,116,18,88,84,25,138,81,57,132,135,8,55,50,95,33,112,67,21,7
1,15,94,142,115,89,124,44,91,87,23,45,3,77,54,92,107,56,13,102,75,25,137,36,37,96,79,46,10,58,82,41,72,148,100,49,48,16,108,141,66,29,42,20,93,26,0,104,39,139,17,71,73,103,149,109,51,97,59,101,117,61,62,88,118,65,83,85,121,70,12,14,64,6,105,127,52,140,114,27,119,78,9,4,32,19,55,130,68,106,35,131,126,76,125,147,63,31,69,99,113,40,128,50,53,90,2,30,11,80,123,74,120,28,60,143,43,133,111,110,136,144,134,24,145,86,34,38,22,129,98,116,18,47,84,122,138,81,57,132,135,8,5,146,95,33,112,67,21,7
47,15,88,142,115,89,124,7,91,77,23,45,3,12,54,92,107,56,13,102,75,25,137,37,130,96,79,87,1,58,82,41,72,148,100,36,48,16,108,141,66,39,46,20,93,57,0,104,135,139,17,71,73,53,26,9,51,97,59,110,117,61,62,101,118,65,83,85,121,63,149,44,64,6,105,127,52,140,114,27,119,78,43,4,32,19,55,80,70,106,35,131,109,76,125,14,126,31,69,99,113,40,128,50,29,90,2,30,11,147,123,74,120,28,60,143,10,133,111,98,136,144,134,24,145,86,34,38,22,129,8,116,18,42,84,122,138,81,49,132,103,68,5,146,95,33,112,67,21,94
47,15,128,101,115,89,124,7,122,77,23,45,141,76,54,92,107,61,13,102,119,25,137,37,130,43,75,87,1,58,57,41,68,148,100,36,48,16,108,91,66,39,46,20,93,142,0,104,21,123,17,71,96,53,3,9,51,95,59,110,117,90,62,74,118,65,83,85,121,63,149,135,64,6,105,127,52,140,114,27,139,78,79,4,32,19,55,80,70,106,56,131,109,40,125,14,126,88,69,99,113,84,120,50,29,26,2,30,11,147,12,44,138,28,60,143,10,133,111,98,136,144,134,24,145,86,34,38,22,129,8,116,18,42,35,82,72,81,49,132,103,97,5,146,31,33,112,67,73,94
51,99,79,43,131,89,124,7,122,77,23,45,141,76,54,92,107,61,119,66,102,129,137,37,130,71,75,87,1,110,57,41,68,148,100,36,48,16,65,91,13,39,46,20,93,142,0,58,21,123,17,139,96,53,3,9,63,95,59,108,117,90,62,31,118,24,83,85,121,28,149,135,64,6,72,127,22,140,114,27,143,78,25,4,32,19,55,80,70,106,56,128,109,40,125,14,126,88,69,132,113,84,120,50,29,26,2,52,11,147,12,44,138,105,60,82,30,74,111,98,136,144,134,10,145,86,34,38,101,47,8,116,18,42,35,133,15,81,49,104,103,97,5,146,115,33,112,67,73,94
51,99,79,43,131,89,124,7,122,77,23,106,141,76,84,0,107,61,119,66,102,129,137,17,130,71,75,87,16,110,57,41,68,148,100,36,48,81,65,91,13,149,46,111,93,142,30,58,21,54,103,139,24,53,92,9,63,95,59,108,117,3,62,4,120,12,83,85,121,28,39,135,64,6,31,128,22,140,114,74,143,78,123,25,32,19,55,80,70,118,56,82,109,40,125,14,126,88,69,132,113,116,127,50,29,26,37,52,11,45,147,44,138,105,60,133,1,96,72,98,136,144,134,10,145,86,34,38,101,47,8,2,18,42,35,27,15,90,49,104,20,97,5,146,115,33,112,67,73,94
7,99,79,43,131,40,31,11,90,77,26,106,141,76,122,0,107,61,119,66,102,129,137,17,130,54,110,87,16,3,23,41,68,148,100,51,75,81,65,91,134,149,46,111,93,142,30,84,21,1,103,139,24,53,92,9,63,95,59,108,117,36,62,4,94,101,83,89,121,28,39,135,64,6,124,128,22,140,114,74,143,78,123,57,15,19,55,80,70,118,56,82,109,35,125,14,126,88,69,132,42,116,127,50,29,58,37,52,71,45,147,85,138,105,60,133,32,96,72,98,136,144,20,10,145,86,34,38,13,47,8,2,18,12,120,27,25,113,48,104,49,97,5,146,115,33,112,67,73,44
122,99,79,43,131,40,31,11,149,123,26,106,102,76,105,0,107,61,119,66,54,129,51,17,139,48,110,87,29,3,90,16,68,148,100,141,75,81,65,91,134,7,46,111,93,142,30,84,21,59,63,71,25,53,92,9,45,95,97,130,117,36,62,4,94,101,83,89,121,28,39,23,64,6,137,128,77,140,114,13,143,78,24,57,15,19,55,80,70,118,56,82,109,35,125,14,126,124,69,132,42,116,127,50,108,58,37,52,1,144,147,85,138,135,60,133,32,96,72,98,136,74,20,22,145,86,34,38,67,47,8,2,18,12,120,27,41,113,10,104,49,103,5,146,115,33,112,88,73,44
122,99,71,61,131,40,132,11,149,42,26,106,102,76,105,144,107,1,119,123,54,129,66,51,139,48,110,87,29,3,90,16,68,148,100,115,75,81,65,91,134,7,46,0,133,142,30,84,21,59,63,125,25,53,92,9,121,17,97,130,117,36,62,4,94,101,83,89,22,28,39,23,64,6,137,128,77,140,114,13,143,78,80,57,15,19,24,96,45,73,56,82,109,35,14,50,126,124,69,79,138,116,127,43,141,58,70,52,145,95,147,111,108,135,60,55,32,37,72,98,136,74,20,118,31,86,34,38,67,47,8,2,18,12,120,27,41,113,10,104,49,103,5,146,85,33,112,88,93,44
122,99,71,24,125,40,132,11,149,28,26,106,102,76,5,144,79,1,119,123,54,129,66,51,139,48,110,147,29,3,90,16,17,148,100,115,75,131,70,91,134,7,143,0,133,142,32,84,21,59,36,130,25,53,92,9,121,35,97,22,117,65,62,4,94,101,83,89,30,27,135,23,64,6,137,128,77,140,114,13,61,78,80,57,15,19,52,96,45,73,56,81,109,87,14,50,126,107,69,43,138,116,127,105,141,58,46,82,145,95,124,111,108,34,63,68,104,37,60,98,136,74,20,118,31,86,42,38,67,47,8,2,18,12,120,72,41,113,10,39,49,103,55,146,85,33,112,88,93,44
122,52,71,117,125,108,132,11,149,28,26,106,102,76,5,144,79,1,119,68,54,129,66,51,111,48,139,147,29,3,90,16,17,116,100,115,75,131,70,91,134,7,83,92,133,110,32,84,21,142,24,130,30,45,148,9,121,25,97,22,82,65,87,4,94,101,40,89,53,27,135,23,64,99,137,128,77,140,114,13,61,0,80,57,8,19,78,96,36,73,56,41,109,104,143,50,126,107,69,43,138,6,127,105,141,58,46,20,145,95,124,14,15,34,63,62,81,37,60,98,136,74,35,118,31,86,42,38,67,47,59,2,18,12,120,72,85,113,10,39,49,103,55,146,123,33,112,88,93,44
122,52,71,117,125,108,132,11,149,28,26,106,6,142,5,144,79,33,119,68,54,129,66,51,111,145,139,147,29,3,90,16,17,9,100,115,75,131,70,38,134,7,83,92,133,110,32,91,21,137,24,130,30,45,13,88,121,25,76,35,82,65,31,4,113,101,40,89,53,99,135,23,64,46,80,128,77,140,94,39,61,0,10,57,8,19,78,95,36,73,56,41,109,22,143,84,126,107,148,43,138,102,127,105,141,58,69,20,48,27,124,14,15,34,96,63,81,37,60,98,136,74,1,118,104,86,42,116,67,47,59,2,18,12,120,72,85,62,50,97,49,103,55,146,123,87,112,114,93,44
35,52,71,117,125,108,132,11,149,28,26,97,6,51,63,144,42,33,119,68,54,129,66,112,138,145,82,147,29,3,90,16,17,9,142,115,75,131,70,79,134,7,83,92,133,110,32,126,21,137,24,130,30,45,13,88,121,25,76,95,41,65,31,4,102,113,40,89,53,99,135,111,64,122,80,128,77,140,94,39,61,0,10,5,8,23,78,101,36,109,56,19,91,22,143,84,100,107,73,47,106,139,127,105,141,58,69,20,48,27,124,14,15,34,96,38,81,37,60,98,136,74,1,118,104,57,43,148,67,46,59,86,18,12,120,72,50,62,2,116,49,103,55,146,123,87,85,114,93,44
131,52,71,133,125,108,65,91,149,143,26,97,6,51,49,47,42,33,119,68,54,25,116,112,138,145,82,147,29,3,5,16,17,9,142,44,75,64,70,79,66,83,11,92,1,110,32,126,21,137,24,130,30,117,13,88,34,45,76,95,41,134,31,4,102,113,40,89,53,99,135,111,115,122,80,128,141,140,94,39,61,0,10,144,8,23,129,101,36,109,56,19,35,22,118,7,100,107,73,62,28,77,127,105,63,58,69,20,48,27,124,14,15,78,96,38,81,37,60,98,136,74,121,84,104,57,43,148,67,46,59,86,18,12,120,72,50,90,2,139,132,103,55,146,123,87,85,114,93,106
131,125,71,133,107,108,52,43,149,118,26,97,76,91,75,139,42,98,119,68,59,25,116,112,50,145,82,147,29,3,5,16,17,51,65,44,14,64,70,79,7,83,11,92,19,9,32,126,21,137,24,130,30,117,13,88,4,45,142,95,41,134,31,34,102,113,40,89,53,99,135,111,115,122,80,128,141,140,94,6,61,0,10,144,49,23,129,101,36,109,56,67,35,22,1,27,63,33,73,62,28,77,127,105,47,58,69,20,48,110,124,143,15,78,96,38,81,37,60,39,136,74,121,84,104,138,66,148,8,46,100,86,18,12,120,72,54,90,2,57,132,103,55,146,123,87,85,114,93,106
131,125,115,133,55,108,52,43,149,118,139,97,148,91,86,107,42,116,119,68,59,34,51,112,50,88,82,147,29,3,20,76,6,13,87,18,14,64,70,79,7,143,11,92,19,9,32,126,21,137,24,130,44,117,5,106,4,45,142,95,41,134,31,120,71,113,40,89,53,99,135,111,102,122,80,128,141,140,26,75,61,0,10,144,49,23,129,101,36,109,56,67,35,22,1,27,63,33,73,62,28,77,127,105,47,58,69,8,48,110,124,25,15,78,83,38,81,37,60,39,145,74,121,84,104,138,66,94,65,17,100,16,30,12,46,72,54,90,2,57,132,103,98,146,123,136,85,114,93,96
32,30,115,133,55,108,52,43,149,71,139,97,25,91,148,107,42,116,5,68,15,131,51,112,50,88,119,147,135,3,20,76,6,83,87,21,14,48,70,79,7,37,11,92,19,9,23,126,78,137,24,130,44,117,18,106,4,45,142,125,41,134,31,29,118,113,138,89,53,99,140,111,102,127,80,128,141,120,26,75,61,0,10,144,49,82,129,101,36,109,56,12,35,22,1,27,63,33,73,62,28,77,86,105,47,58,69,8,59,13,124,40,122,123,143,38,81,67,60,39,145,74,121,84,104,110,66,94,65,17,100,16,64,34,46,72,54,90,2,57,132,103,98,146,95,136,85,114,93,96
2,30,115,133,23,46,52,43,149,71,139,97,1,88,148,32,42,116,5,68,15,131,51,112,113,69,119,22,135,3,20,76,6,117,87,21,14,48,70,79,58,37,7,92,50,9,55,126,78,137,24,130,44,147,60,106,108,45,142,125,47,134,31,29,118,63,138,89,53,99,140,111,102,127,80,128,141,120,26,75,61,0,10,122,82,11,129,101,36,18,56,12,132,91,4,27,73,33,83,41,28,77,86,105,25,35,62,8,59,13,124,40,94,123,143,38,81,67,109,39,145,74,121,84,104,110,66,19,65,17,100,16,64,34,144,72,54,90,49,57,107,103,98,146,95,136,85,114,93,96
2,30,92,9,23,57,52,43,149,71,139,97,1,88,115,32,56,77,5,68,15,131,51,112,113,69,119,22,135,3,20,76,6,58,87,21,89,48,133,79,10,37,7,42,50,117,55,126,78,137,24,130,143,147,99,106,108,45,142,125,47,134,31,29,118,63,138,72,53,116,140,124,102,127,80,128,141,120,26,75,61,0,46,41,82,11,129,27,36,18,91,95,132,146,4,121,14,33,83,111,28,104,86,105,25,35,62,8,59,13,39,40,94,123,60,38,81,67,109,74,145,12,122,84,101,44,66,19,65,17,100,16,64,34,144,73,54,90,49,70,107,103,98,148,110,136,85,114,93,96
2,30,92,9,123,57,108,43,149,71,139,97,103,88,115,32,56,77,5,68,62,40,51,39,113,69,119,52,135,28,20,21,84,58,87,138,89,33,133,79,10,37,7,66,50,117,55,126,78,137,15,130,143,147,99,106,81,45,48,24,47,134,31,29,118,63,112,72,53,44,140,124,102,73,80,128,141,120,26,75,61,0,46,41,82,11,129,27,36,125,91,95,132,146,4,121,6,18,83,111,3,104,86,105,25,35,23,8,59,13,116,85,94,16,60,38,17,67,109,74,145,12,122,142,101,127,65,19,76,22,100,42,64,34,144,14,54,90,49,70,107,1,98,148,110,136,131,114,93,96
2,87,92,9,123,98,108,43,149,71,139,80,103,14,115,104,77,21,5,68,62,90,51,39,30,69,119,48,135,28,20,145,84,32,56,138,89,33,133,79,10,37,7,66,50,117,55,23,78,137,15,130,143,147,99,58,81,45,25,24,47,134,31,29,118,63,112,72,53,44,107,124,102,1,73,128,141,34,26,75,61,0,46,41,82,11,129,27,36,125,91,95,132,146,4,126,6,18,83,111,52,40,86,105,120,35,8,106,59,13,116,85,94,16,60,121,17,67,109,74,70,12,122,142,101,140,65,19,76,22,57,42,64,38,113,144,54,3,49,97,127,100,88,148,110,136,131,114,93,96
2,87,92,68,123,98,108,43,73,71,139,80,103,14,20,104,78,21,143,3,9,90,51,39,30,145,119,110,135,32,149,107,84,114,56,138,89,99,122,62,10,37,7,66,142,117,55,5,50,137,48,59,67,147,130,77,81,45,25,24,47,134,31,29,118,63,112,72,53,44,86,124,102,1,23,128,141,34,26,28,61,0,46,41,82,11,129,27,36,125,91,95,132,146,4,126,6,18,83,111,52,40,115,105,120,35,8,106,15,13,96,85,94,16,60,121,17,79,109,74,70,12,58,33,101,133,65,19,76,22,57,42,64,38,113,144,54,75,49,97,127,100,88,148,116,136,131,69,93,140
2,87,60,68,140,98,145,43,56,71,139,80,103,14,20,104,78,21,143,51,9,50,8,39,30,81,119,110,135,32,57,107,23,90,69,64,89,99,122,62,10,37,7,66,142,117,55,5,100,137,48,59,67,147,130,77,93,18,25,92,47,134,31,44,118,82,112,72,53,29,86,123,102,1,42,128,141,34,26,3,61,0,46,41,73,11,129,27,36,125,91,95,132,146,28,126,6,148,83,111,52,40,115,105,120,35,149,106,15,13,96,85,94,16,108,121,17,79,109,74,70,12,58,33,101,133,65,19,76,22,138,84,4,38,113,144,54,75,49,97,127,114,88,124,63,136,24,45,131,116
2,87,5,68,140,98,145,43,56,123,139,16,52,14,133,104,78,60,143,138,9,50,8,39,80,81,119,110,135,32,57,73,63,90,69,64,76,99,131,62,10,37,7,66,142,117,55,19,100,137,48,59,67,147,130,77,93,18,17,92,47,134,31,122,118,82,112,72,53,105,86,21,102,1,42,128,141,34,26,3,61,0,46,41,84,11,129,27,25,125,91,95,132,146,28,30,6,148,83,111,29,40,51,44,120,35,115,107,15,13,96,85,94,113,108,121,149,79,109,74,70,12,58,33,101,54,65,20,126,22,106,36,4,38,24,144,23,75,49,103,127,114,88,124,97,136,71,45,89,116
2,87,5,68,140,98,102,43,56,123,139,16,27,14,138,104,28,60,143,37,72,50,8,39,80,81,119,110,135,133,57,73,63,90,69,64,76,99,131,62,10,114,7,9,66,117,36,19,100,137,132,59,67,147,130,77,93,18,55,92,47,134,31,122,118,82,42,85,53,105,86,21,32,1,115,48,141,26,11,3,61,0,46,41,84,128,129,30,25,124,91,95,113,146,145,17,6,148,83,111,29,40,51,34,120,35,127,107,15,13,96,52,94,24,108,121,149,79,109,74,70,12,58,33,101,44,65,112,126,22,106,142,4,38,78,144,23,75,49,103,45,125,88,54,97,136,71,20,89,116
2,87,148,68,140,28,102,43,56,112,16,48,27,72,138,104,8,60,143,37,149,50,17,39,80,81,119,110,135,133,57,73,63,15,69,25,76,99,131,92,10,114,7,9,66,117,36,19,100,137,132,59,67,147,130,77,93,18,55,98,14,134,31,30,118,82,42,85,86,105,22,21,32,1,115,40,141,75,11,3,61,0,46,41,84,128,129,26,108,124,91,53,113,146,145,5,6,95,83,111,123,109,51,20,120,35,127,107,122,13,96,52,94,29,139,121,47,79,103,74,70,12,58,34,101,44,65,90,126,24,106,142,4,38,78,144,23,62,49,33,45,125,88,54,97,136,71,64,89,116
69,145,148,68,140,28,102,43,56,112,16,48,27,72,138,104,65,60,95,0,149,50,17,39,80,81,119,110,2,133,57,73,63,143,75,25,76,99,131,92,78,114,7,9,98,117,36,19,100,94,132,59,67,147,130,77,93,18,55,34,14,12,31,30,118,82,42,85,86,52,22,79,32,135,115,105,141,126,11,3,137,40,46,41,84,128,129,26,108,124,91,53,113,146,109,5,6,97,83,111,123,66,51,20,120,35,127,107,29,13,96,87,122,21,139,121,1,10,103,74,70,134,58,8,101,44,88,90,89,24,106,142,4,38,61,144,23,62,49,33,15,125,47,54,45,136,71,64,37,116
69,145,148,68,140,82,102,43,56,81,16,48,119,72,138,8,65,60,95,142,149,50,6,17,80,76,52,110,2,40,57,73,63,143,75,25,118,99,47,92,78,114,7,44,98,117,36,27,19,94,132,59,67,147,130,77,39,18,55,34,14,12,31,30,49,107,9,85,0,86,28,79,32,135,115,105,141,42,11,100,137,112,46,41,84,128,129,26,108,124,91,89,113,146,109,5,126,136,83,111,123,66,51,20,120,35,127,131,29,13,96,87,122,21,139,121,22,10,103,74,70,97,58,3,101,104,88,90,1,24,106,134,4,38,61,144,23,62,53,33,15,125,133,54,45,93,71,64,37,116
85,145,40,61,140,82,102,43,56,81,46,48,12,72,138,8,87,60,95,142,28,50,6,17,80,76,109,16,2,119,57,136,63,143,75,25,118,99,47,92,78,114,7,44,98,117,96,27,19,94,132,59,0,147,130,77,39,18,55,34,14,74,69,30,49,107,9,33,126,86,36,120,32,73,115,144,141,42,11,100,137,112,113,41,84,128,129,26,108,116,91,89,65,146,31,135,124,67,83,111,123,66,51,20,110,35,127,131,29,13,5,52,122,21,139,121,22,10,103,148,70,97,58,3,101,104,88,90,1,24,134,105,4,38,68,106,23,62,53,149,15,125,133,54,45,93,71,64,37,79
85,3,40,64,32,82,102,43,56,81,46,48,115,139,87,8,112,60,95,142,28,50,6,29,80,76,109,16,39,119,57,136,36,143,75,25,17,99,133,92,78,114,7,144,98,117,96,27,128,94,132,59,111,147,130,77,134,63,55,34,14,74,44,30,49,107,9,33,126,86,19,120,72,73,18,37,141,42,11,47,137,69,113,41,84,68,129,26,108,116,91,89,65,146,31,135,124,67,83,0,123,66,51,15,110,35,127,131,2,13,5,52,122,21,20,121,22,10,103,148,145,97,58,61,101,104,88,90,1,24,100,105,4,38,138,106,23,12,53,149,140,125,118,54,45,93,71,62,70,79
73,3,40,19,93,82,102,43,17,81,46,48,127,139,87,8,112,60,95,148,28,50,6,29,80,76,109,16,86,119,113,58,36,143,75,25,98,99,142,92,78,114,7,144,96,117,89,27,128,64,132,59,111,147,130,77,134,63,55,34,14,74,18,30,49,107,39,32,126,135,133,120,72,52,13,37,141,42,11,47,137,69,62,41,84,68,129,26,108,123,91,53,65,146,31,44,124,67,83,0,136,66,51,15,110,35,103,131,2,57,5,33,122,21,20,121,22,10,85,115,145,97,116,61,101,104,94,90,1,24,100,105,4,38,138,106,9,12,125,149,140,23,118,54,45,56,71,88,70,79
40,3,0,73,93,21,102,43,17,81,46,48,1,139,87,8,127,60,7,148,28,50,19,29,80,76,109,16,24,119,113,56,36,143,75,25,98,99,37,92,78,114,137,144,96,117,90,27,128,64,132,59,111,61,147,77,134,63,55,6,14,74,18,30,49,107,39,32,91,135,133,58,72,52,13,86,141,42,11,47,89,69,142,94,84,126,129,120,108,123,130,53,65,146,31,62,26,67,83,34,136,66,51,15,41,35,103,5,2,57,131,33,122,95,20,121,22,10,85,115,145,97,116,44,101,104,68,124,82,110,100,105,4,38,138,106,9,12,125,149,140,23,118,54,45,112,71,88,70,79
40,3,0,108,93,21,102,43,147,81,46,76,1,139,87,8,27,60,7,148,28,32,19,123,80,89,109,125,63,119,127,96,36,143,75,25,98,99,37,92,134,114,45,144,38,9,90,17,128,64,105,59,111,61,140,77,146,16,55,6,14,74,18,30,49,107,39,131,91,135,133,58,72,52,13,86,141,42,11,47,132,69,142,94,84,126,129,29,48,113,130,137,65,120,31,62,26,67,83,34,66,78,51,15,41,35,53,5,2,57,24,33,73,95,20,121,22,10,85,115,145,97,116,44,101,104,68,124,82,110,100,136,4,56,138,106,50,12,122,149,117,23,118,54,103,112,71,88,70,79
40,3,0,108,93,21,102,43,147,81,46,24,1,131,4,8,27,60,126,139,28,34,73,123,80,89,109,76,67,63,127,96,19,143,75,25,87,99,105,92,134,114,45,144,71,9,90,17,128,95,36,2,111,61,140,77,146,16,55,6,14,74,18,30,49,130,38,39,91,135,133,58,72,52,13,86,141,42,148,47,132,69,142,94,84,7,64,37,129,113,57,137,65,120,31,62,26,98,83,138,66,78,51,15,41,35,53,5,107,125,118,33,11,119,20,121,22,10,85,115,145,97,116,32,101,104,68,124,82,110,100,136,59,56,29,106,50,12,122,149,117,23,44,54,103,112,48,88,70,79
40,3,0,108,93,21,82,43,147,81,46,24,1,131,4,8,27,123,61,139,28,34,115,141,80,89,109,83,75,63,127,26,19,143,148,25,87,99,105,92,134,114,45,102,71,9,90,17,101,95,36,128,111,13,140,77,60,16,55,68,14,74,18,30,49,130,38,39,91,135,133,58,67,52,73,86,2,42,62,47,132,69,142,94,37,7,64,57,129,84,33,113,65,120,122,96,126,98,6,138,146,78,51,15,41,35,53,100,107,125,118,76,11,119,20,121,22,10,85,110,145,97,116,32,66,104,72,124,144,5,31,136,59,56,29,106,50,12,137,149,117,23,44,54,103,112,48,88,70,79
60,3,0,108,137,21,82,17,147,39,46,24,1,131,4,8,27,123,61,139,28,34,115,141,80,89,84,83,75,130,127,26,19,143,148,25,87,99,43,92,134,81,109,102,71,9,90,72,101,95,36,128,111,13,140,77,52,16,55,68,14,74,18,30,49,149,38,45,110,63,133,58,67,96,100,86,2,42,62,47,132,65,142,94,37,114,64,7,129,73,138,113,5,120,122,41,126,98,6,69,146,78,51,15,105,35,53,91,107,125,118,76,11,119,20,54,22,10,85,57,145,97,116,32,66,104,40,48,144,93,31,136,59,56,29,106,50,12,124,121,117,70,44,135,103,112,23,88,33,79
60,3,0,108,137,129,82,132,147,54,46,31,64,131,53,8,27,123,92,139,146,145,149,141,80,89,84,83,75,130,127,26,19,143,148,25,85,99,43,57,134,81,109,102,71,24,90,72,101,95,36,128,111,13,140,77,52,16,55,68,14,74,18,30,87,49,38,39,110,63,17,58,21,96,100,86,2,42,62,47,66,65,142,34,37,114,67,7,76,73,138,113,5,120,122,41,126,98,6,69,23,1,28,15,105,35,104,91,107,125,118,115,133,119,20,51,22,10,9,4,40,97,116,32,11,45,61,48,144,93,94,136,59,56,29,106,50,12,124,121,117,70,44,78,103,112,135,88,33,79
60,3,0,108,137,129,82,132,17,76,46,31,64,93,54,8,21,123,92,139,48,40,149,141,78,18,84,83,75,130,127,26,19,143,134,25,85,99,135,57,43,81,109,102,71,24,90,72,4,95,36,128,58,13,140,77,29,16,55,68,14,74,33,30,87,49,38,122,110,63,136,104,124,96,100,86,2,80,62,47,66,65,142,34,37,114,67,7,27,73,138,113,5,120,147,41,126,89,6,69,23,1,28,15,105,35,101,91,107,125,118,115,133,119,20,51,22,10,9,53,52,97,116,32,11,45,61,12,144,39,94,70,59,56,98,42,50,146,148,121,117,145,44,111,103,112,131,88,106,79
60,3,0,108,137,9,73,132,17,140,46,31,64,139,54,8,21,123,92,100,48,40,149,141,78,18,84,83,14,130,127,26,19,143,134,103,85,99,135,57,43,81,109,102,69,24,76,125,4,95,74,128,58,13,93,77,29,16,55,117,59,75,33,72,87,49,38,122,51,63,136,133,124,96,129,86,2,80,62,47,66,65,142,34,37,114,67,7,27,71,138,113,5,120,147,70,126,89,6,82,23,90,28,15,105,35,101,91,107,36,118,115,146,119,20,25,41,10,30,53,52,97,116,32,11,45,148,12,144,39,94,61,104,56,98,42,50,79,131,121,22,145,44,1,110,112,111,88,106,68
60,3,0,42,137,84,73,17,94,124,65,31,11,90,54,8,21,123,92,100,127,40,149,140,78,116,139,83,14,130,28,26,19,143,134,103,4,99,135,57,43,81,109,102,69,24,76,125,110,95,74,128,58,13,93,77,29,64,55,117,59,75,33,72,87,49,38,122,51,111,132,133,97,96,129,86,2,80,62,47,66,1,142,34,37,9,67,7,27,91,138,113,5,120,147,70,16,89,6,18,23,46,121,15,105,35,101,82,107,36,118,115,146,119,20,25,41,10,30,53,52,85,126,32,48,45,148,12,144,39,108,61,104,56,98,63,50,79,131,136,22,145,44,68,141,114,71,88,106,112
60,3,73,42,137,84,69,17,94,62,65,31,0,90,54,147,21,123,92,100,127,40,149,140,78,116,139,83,41,130,28,26,19,105,134,103,4,99,135,138,29,81,109,102,85,16,76,125,110,95,74,128,112,13,93,77,22,101,11,117,59,75,33,72,8,49,38,122,51,111,132,52,97,96,129,86,2,80,143,47,66,1,142,34,37,9,55,7,27,91,43,113,5,120,64,70,53,89,6,18,23,46,10,15,144,35,133,82,107,36,118,115,146,119,20,121,39,79,30,106,124,25,24,32,48,45,148,12,67,87,108,61,104,56,98,63,50,14,131,136,58,145,44,68,141,114,71,88,57,126
110,3,73,42,137,84,69,17,45,58,65,31,0,90,54,147,21,123,92,10,127,40,149,140,78,116,139,124,142,1,28,26,19,105,134,103,4,131,135,138,18,100,109,102,85,16,76,125,29,95,74,128,81,33,93,77,119,101,11,117,59,75,99,72,8,49,94,122,51,111,132,52,97,96,129,39,2,80,143,47,66,25,88,34,37,9,55,113,57,91,43,79,5,120,64,70,53,89,6,27,23,46,13,15,144,112,133,82,107,36,118,115,146,22,20,121,60,61,30,106,63,86,24,32,48,41,148,12,67,87,108,62,104,56,98,114,50,14,7,136,38,145,44,68,141,83,71,130,35,126
89,3,126,42,117,84,69,4,55,45,65,144,32,90,118,147,21,123,92,132,127,40,149,140,78,116,139,124,142,1,28,95,19,105,134,103,10,110,135,138,18,17,109,102,85,16,76,125,29,51,74,128,81,33,70,77,119,101,11,36,59,75,99,72,8,131,94,122,98,111,0,52,97,87,129,39,2,80,143,47,96,25,88,34,37,9,49,113,57,91,43,79,5,120,64,31,53,104,6,27,23,115,13,15,137,112,133,26,107,73,148,12,146,22,20,121,60,61,30,106,63,86,24,46,48,41,58,66,67,100,108,62,93,56,54,114,50,14,7,136,38,145,44,68,141,83,71,130,35,82
89,3,126,120,117,10,69,73,49,45,65,144,32,90,118,84,57,123,136,132,127,40,149,140,78,116,139,124,142,1,28,95,19,105,134,103,77,110,135,53,55,17,109,102,25,16,76,125,54,92,74,128,29,33,70,85,119,101,11,36,59,75,147,72,8,137,94,122,98,111,0,52,97,87,129,131,2,80,143,47,96,42,24,34,37,9,12,113,64,91,43,79,5,88,82,31,41,104,6,67,23,115,13,15,100,112,133,26,107,68,148,4,146,22,20,121,60,61,30,106,63,86,18,27,48,138,58,66,46,39,108,62,93,56,81,114,50,14,7,21,38,145,44,51,141,83,71,130,35,99
116,3,126,71,94,10,69,73,49,95,65,144,32,90,118,84,57,113,136,132,127,40,149,117,78,100,139,70,103,1,28,96,19,105,101,119,77,110,135,53,55,17,109,114,25,16,76,125,54,92,74,128,29,33,66,61,2,12,89,36,59,75,147,72,8,146,11,122,98,111,0,52,97,87,129,131,107,80,143,47,140,42,24,34,37,9,68,6,64,91,43,79,5,88,120,31,41,104,82,4,23,115,13,15,137,112,133,26,142,124,148,85,134,22,123,121,60,86,30,106,63,67,18,27,48,138,58,20,46,39,108,62,93,56,81,102,50,14,7,21,38,145,44,51,141,83,45,130,35,99
116,3,126,71,94,10,69,73,49,95,65,144,131,90,118,84,86,113,128,132,127,40,149,54,78,100,139,70,103,57,136,96,48,105,101,119,77,11,135,53,55,17,109,114,25,16,76,98,59,92,74,148,29,33,66,61,2,12,89,36,67,75,47,72,8,32,28,122,5,42,0,52,97,87,129,38,107,80,143,19,1,111,24,34,37,9,68,6,64,147,43,79,21,110,120,31,41,104,82,4,23,115,13,15,124,112,133,26,142,50,18,85,134,123,137,121,60,140,30,106,63,88,117,27,83,138,58,20,46,39,108,62,93,56,81,102,99,14,7,91,125,145,44,51,141,146,45,130,35,22
116,3,95,71,94,10,69,73,49,128,65,144,46,90,118,84,138,15,140,77,135,16,149,54,78,100,139,70,103,57,136,96,48,86,101,119,34,11,79,53,134,17,109,114,25,40,72,98,59,92,74,133,29,33,66,76,28,12,89,36,67,75,47,91,8,32,0,122,5,42,104,52,97,87,129,38,107,80,105,19,1,111,24,85,37,9,68,6,64,147,43,143,21,110,120,31,41,62,82,4,23,115,13,126,124,7,106,26,142,50,18,132,131,123,137,121,60,2,30,102,63,88,117,27,83,61,58,20,113,39,108,55,93,56,81,127,99,14,148,112,125,145,44,51,141,146,45,130,35,22
89,3,95,71,94,10,81,73,49,128,47,77,46,90,109,84,43,15,117,25,135,16,82,54,78,80,139,70,103,24,136,96,48,86,112,119,34,38,79,53,69,17,100,32,11,116,0,98,59,92,74,133,29,33,66,76,28,12,93,36,67,75,143,91,8,115,138,122,5,42,104,52,97,87,129,101,107,40,105,19,1,111,72,85,37,9,68,6,64,147,149,57,21,110,120,31,41,62,106,4,23,134,13,126,124,7,140,26,142,50,18,132,65,123,137,121,60,2,30,102,63,88,114,27,83,61,58,20,113,39,108,55,148,56,99,127,131,14,118,144,125,145,44,51,141,146,45,130,35,22
89,3,95,71,94,10,39,73,49,128,47,77,46,90,109,84,29,15,117,25,135,16,34,54,78,80,35,70,74,24,136,96,139,23,112,119,97,38,79,53,69,17,100,87,11,99,0,98,59,92,86,133,85,103,66,13,28,12,144,36,67,75,106,91,8,115,138,122,5,42,104,52,126,76,129,101,107,40,116,19,147,111,72,32,37,9,68,6,82,1,149,57,21,110,81,31,41,62,140,4,143,134,120,7,124,114,43,26,142,50,18,132,65,130,137,121,60,2,30,102,63,123,105,27,83,61,58,20,113,33,108,55,148,56,64,127,131,14,118,93,125,145,44,51,141,146,45,88,48,22
41,3,51,89,94,137,71,73,49,128,83,95,30,90,109,58,29,77,117,25,48,16,34,54,78,80,35,70,74,97,39,96,82,23,112,119,122,38,79,53,69,17,100,87,11,99,0,98,59,92,138,133,85,103,66,13,28,7,144,36,67,106,47,91,8,115,84,123,5,42,104,52,126,76,129,101,107,40,116,19,147,111,72,32,37,9,118,6,86,1,149,57,124,110,81,31,12,62,140,4,143,134,120,24,15,114,43,26,142,136,18,132,65,55,68,121,60,2,50,102,63,46,105,27,21,61,75,20,113,33,108,10,148,56,64,127,131,14,130,93,125,145,44,135,141,146,45,88,139,22
41,5,51,40,94,32,146,73,49,22,83,95,30,90,109,58,29,77,117,3,48,16,34,68,78,80,35,70,74,97,39,96,82,23,0,119,122,38,79,53,69,17,13,125,11,99,115,4,59,92,138,136,85,103,66,111,6,7,144,36,67,106,47,91,8,126,84,100,112,42,81,52,143,76,120,101,107,25,116,19,147,88,72,54,37,9,118,26,86,1,149,57,124,110,15,31,12,62,140,98,104,134,133,24,128,114,43,2,142,137,18,132,65,55,28,121,60,123,50,102,63,46,105,27,21,61,75,20,113,33,108,10,148,56,64,127,131,14,130,93,87,145,44,135,141,71,45,129,139,89
41,139,9,40,94,32,42,51,49,22,83,95,30,132,109,148,54,145,31,3,48,16,34,68,78,80,5,146,74,123,39,96,82,23,0,119,77,38,79,90,69,17,13,125,73,99,115,4,59,92,138,136,85,29,66,111,6,7,107,36,67,103,47,91,8,126,84,100,112,11,81,52,143,76,117,101,122,25,116,19,147,88,35,120,37,75,118,26,86,1,149,57,124,27,72,15,12,62,140,98,104,129,133,24,128,114,43,2,142,137,18,58,65,55,28,121,60,44,50,102,63,46,105,106,21,61,53,20,113,33,108,134,97,56,64,127,131,14,130,93,87,70,144,135,141,71,45,110,10,89
72,139,41,40,94,32,42,51,109,22,83,37,89,132,79,148,96,145,31,3,48,16,34,68,78,115,5,146,9,123,47,93,82,23,0,119,77,38,53,90,69,17,13,125,14,99,110,4,59,92,138,136,85,29,66,111,6,7,107,36,39,86,70,91,8,126,84,100,112,11,81,52,143,65,117,101,122,10,116,19,147,88,35,120,76,75,118,95,25,1,149,57,124,27,74,15,12,62,140,98,33,129,133,24,128,80,43,2,142,137,18,58,20,55,28,121,60,73,50,102,67,46,105,106,21,61,63,103,113,49,108,134,97,56,64,127,131,26,130,87,114,30,144,135,141,71,45,104,54,44
72,139,41,40,94,32,42,51,109,22,83,89,124,132,118,148,96,145,31,3,48,16,34,68,78,115,5,80,9,123,47,93,82,23,137,119,77,33,20,90,69,17,13,24,14,53,110,4,59,146,138,136,85,29,66,111,6,7,107,52,39,86,70,91,8,126,84,100,112,11,81,58,143,65,117,101,122,10,116,19,147,88,35,120,76,46,142,95,25,1,149,57,125,18,74,15,12,62,140,98,45,129,133,131,113,27,21,2,99,55,141,73,79,92,28,121,60,75,50,102,67,43,105,106,135,0,63,103,128,49,108,130,97,56,64,127,61,26,36,87,114,30,144,134,37,71,38,104,54,44
92,120,41,40,143,32,42,51,109,22,83,89,98,1,118,148,97,145,31,3,48,16,34,99,78,110,5,80,9,123,2,93,94,45,68,119,77,33,137,90,69,17,13,105,14,53,20,4,59,146,138,144,85,29,66,111,6,136,107,52,39,86,70,91,8,7,84,100,106,11,81,58,65,129,117,101,122,10,116,74,147,88,35,139,76,46,142,95,25,115,149,57,125,18,132,15,12,62,140,126,72,19,130,131,113,27,21,23,60,55,141,73,79,124,28,121,47,75,50,102,67,43,133,112,135,0,63,103,128,49,108,24,96,56,64,127,61,26,36,87,114,30,82,134,37,71,38,104,54,44
92,120,41,40,143,32,42,73,109,22,83,89,98,1,118,148,97,145,31,3,48,16,34,71,78,110,5,80,9,123,46,93,94,45,68,119,77,20,102,90,56,17,13,105,14,53,107,4,59,146,138,25,85,29,66,111,6,136,125,52,39,86,91,33,8,7,84,100,106,79,81,58,65,129,117,19,121,10,122,74,116,144,35,139,76,11,142,95,2,37,149,57,147,18,72,15,12,62,140,126,69,28,130,131,113,27,21,23,60,55,141,124,132,50,70,44,47,75,82,137,67,43,133,112,135,0,63,103,128,49,108,99,51,24,64,127,61,26,36,87,114,30,96,134,88,101,38,104,54,115
92,120,51,43,143,38,123,73,109,22,68,89,98,1,118,148,44,12,31,3,48,16,34,71,107,110,35,80,9,66,46,93,94,45,95,63,77,20,102,90,56,17,13,105,14,53,70,4,59,146,78,25,85,29,138,111,32,136,125,116,39,86,97,33,8,7,140,100,106,79,81,58,65,129,117,19,121,10,122,74,144,24,96,5,76,11,142,52,2,37,149,57,147,18,72,15,145,62,40,126,69,28,130,131,113,27,21,23,60,55,101,124,132,50,114,83,47,75,82,137,67,41,133,112,135,0,119,84,128,49,108,99,139,103,64,127,61,26,36,87,91,30,42,134,88,6,141,104,54,115
92,120,51,91,31,38,123,142,109,22,68,89,43,144,118,148,44,12,34,3,48,16,35,71,107,110,146,80,9,66,46,93,131,45,95,15,77,20,102,90,56,134,128,105,14,53,70,4,59,13,78,65,85,143,138,111,32,136,125,116,29,82,97,33,8,7,140,100,106,79,81,58,74,129,117,19,121,10,122,119,103,1,96,5,94,11,126,52,2,37,149,57,147,25,72,108,145,62,40,135,69,28,130,24,113,27,86,23,60,55,101,124,132,50,17,83,47,75,39,137,67,41,133,112,76,0,127,84,73,49,21,99,139,114,64,98,61,26,36,87,18,30,42,63,88,6,141,104,54,115
14,120,51,91,95,38,123,142,5,68,102,89,43,144,118,148,44,12,34,3,48,16,35,22,107,110,146,119,9,66,46,93,131,45,137,15,77,20,141,90,56,134,116,105,31,53,70,36,59,13,78,65,85,113,109,111,101,136,98,79,29,82,97,33,125,7,140,64,106,47,81,58,74,129,117,19,121,10,122,4,103,1,96,32,94,11,126,52,2,71,149,57,72,25,80,108,145,62,40,135,69,28,130,24,21,27,86,23,60,55,112,124,132,50,17,83,147,128,39,8,67,41,133,114,76,0,75,84,73,49,37,99,139,92,127,143,61,26,100,87,18,30,42,63,88,6,138,104,54,115
41,120,117,91,27,61,133,142,5,68,102,62,43,144,118,148,32,12,87,3,48,113,45,146,107,110,74,119,9,66,38,93,131,14,127,15,77,20,51,90,56,134,116,105,31,53,70,36,59,13,78,65,85,95,109,111,101,136,98,138,29,82,97,141,44,7,140,64,106,47,81,58,35,129,115,137,121,10,122,4,103,1,96,89,94,11,126,52,2,123,16,57,72,25,80,108,145,83,40,22,69,28,130,24,21,34,86,23,60,55,112,124,132,50,17,71,147,128,39,8,67,149,33,114,76,0,75,84,73,49,37,99,139,92,79,143,19,26,100,135,125,30,42,63,88,6,18,104,54,46
41,120,124,91,29,61,133,39,5,68,102,62,43,144,118,148,32,12,87,3,48,97,45,82,107,110,74,119,9,66,49,93,138,14,116,15,104,20,146,90,56,134,96,105,31,83,70,36,59,13,78,65,85,95,109,111,101,136,98,24,75,10,100,141,60,7,140,64,139,92,81,58,35,129,115,137,121,51,122,72,103,1,106,89,94,11,126,52,2,123,16,57,4,25,80,108,145,79,40,22,69,28,130,77,21,44,86,23,53,55,112,27,132,50,17,71,147,128,113,8,67,149,33,114,76,0,34,84,6,73,37,99,127,47,142,143,19,26,38,135,125,30,42,63,88,131,18,117,54,46
41,52,124,12,29,61,4,39,126,68,102,62,5,144,80,148,32,79,73,3,48,130,45,82,107,110,74,119,9,66,118,93,138,14,116,15,104,20,146,90,56,134,96,97,31,83,70,36,24,13,81,65,85,122,109,111,101,136,98,121,75,10,100,141,60,7,140,64,105,92,42,58,35,145,115,137,21,51,129,72,103,43,106,89,94,11,91,142,2,123,77,57,139,25,78,108,1,95,40,22,69,28,17,87,16,44,86,23,53,55,112,27,132,120,76,71,147,128,113,8,67,149,33,114,49,0,34,133,6,50,37,99,127,47,84,143,19,26,38,135,125,30,59,63,88,131,18,117,54,46
41,24,124,12,29,61,4,39,43,68,102,62,72,144,80,148,104,79,45,63,48,130,149,82,107,110,74,98,9,126,118,93,36,14,116,15,89,20,146,90,56,134,96,109,31,83,70,138,51,13,81,65,85,122,120,101,58,136,99,121,75,52,100,141,143,7,140,64,105,92,42,113,35,145,115,137,21,60,129,10,103,123,5,73,94,11,91,142,2,3,77,57,139,25,78,108,1,95,40,22,69,28,17,53,16,44,86,23,32,55,112,27,132,66,76,87,147,128,54,8,67,119,33,114,49,0,34,133,6,50,37,30,127,47,84,106,19,26,38,135,125,111,59,97,88,131,18,117,71,46
41,24,124,12,137,61,68,39,86,135,102,62,72,144,80,148,1,79,113,63,48,130,149,82,107,110,74,98,9,126,118,45,36,0,116,15,89,20,146,95,4,134,96,109,54,83,70,138,51,13,81,97,85,122,120,8,58,136,99,121,75,52,100,141,143,7,140,64,105,56,42,90,35,53,115,111,21,133,129,101,29,123,5,73,94,11,91,142,2,3,60,57,10,25,78,108,139,46,40,22,69,28,17,14,16,44,77,23,67,55,112,27,132,66,76,87,147,128,43,106,31,119,33,114,49,104,34,19,6,50,37,30,127,47,84,32,145,26,38,65,125,93,59,92,88,131,18,117,71,103
41,24,124,12,89,95,68,39,86,135,102,62,72,37,80,148,1,79,113,2,48,130,78,82,107,110,58,98,9,126,118,45,36,0,116,15,61,122,146,42,4,134,96,105,20,83,70,74,51,13,81,97,53,140,120,77,131,136,99,121,75,52,100,141,143,7,63,64,109,56,69,88,35,94,115,111,21,133,129,101,29,43,5,73,76,11,91,142,123,137,60,57,10,106,149,108,139,46,40,22,17,28,54,14,16,44,85,23,67,55,112,27,132,66,144,87,147,8,25,138,31,119,33,114,49,104,34,19,6,50,128,30,127,47,84,90,145,26,38,65,125,93,59,92,3,32,18,117,71,103
42,61,124,12,89,95,68,39,86,135,102,74,40,37,80,148,1,79,113,2,48,130,118,69,107,110,58,78,9,126,81,72,36,0,17,43,116,122,146,87,51,134,96,105,20,83,70,31,142,13,14,97,53,54,120,77,131,136,99,121,75,52,100,65,143,7,63,64,109,56,19,88,35,94,115,108,21,133,129,101,29,15,41,73,76,11,91,111,123,137,60,57,10,106,149,32,139,46,98,22,125,28,82,141,16,44,85,23,67,55,112,27,132,66,144,62,147,8,140,138,4,119,33,114,49,104,34,45,6,50,128,30,5,47,24,90,145,26,38,127,84,93,59,92,3,25,18,117,71,103
42,61,124,12,89,95,68,39,144,135,102,74,40,37,80,148,1,79,71,2,48,130,118,24,69,110,58,78,120,126,70,72,7,0,17,43,116,122,32,137,51,134,96,65,20,83,25,31,90,13,14,97,53,54,9,113,131,136,99,121,75,52,100,88,143,36,63,64,109,112,19,57,35,94,115,108,21,133,146,101,29,149,41,73,76,114,92,111,123,15,60,104,10,106,11,105,139,56,98,22,125,28,82,141,16,44,77,23,67,55,47,27,132,66,129,62,147,8,140,138,4,119,33,85,49,142,34,45,6,50,128,30,5,86,46,107,145,26,38,127,84,93,59,87,3,81,18,117,91,103
42,61,124,12,89,95,72,39,144,135,102,60,40,37,73,148,74,79,71,14,48,130,118,24,69,34,58,78,120,126,70,13,7,0,17,43,116,138,32,88,100,134,44,149,20,83,25,31,90,142,99,97,53,54,9,113,131,136,68,2,75,52,80,143,110,36,63,64,109,112,19,57,117,94,115,108,122,133,51,101,29,76,41,1,96,114,92,111,123,21,10,15,137,106,11,105,139,56,98,22,125,28,82,128,16,67,77,23,35,55,47,27,132,66,129,62,147,8,146,141,4,119,33,85,49,121,140,45,6,50,65,30,5,86,46,107,145,26,38,127,84,93,59,87,3,81,18,104,91,103
42,61,124,94,89,95,72,39,144,105,102,60,135,37,8,148,74,79,71,14,48,130,118,100,40,10,73,78,33,126,104,13,7,0,17,20,112,138,32,88,49,134,44,149,11,83,25,31,90,142,99,97,53,54,9,113,131,136,68,2,96,52,80,143,76,36,69,64,58,109,29,57,117,3,115,108,122,133,51,101,19,43,41,1,34,114,92,111,12,21,59,15,137,106,116,129,139,56,98,22,125,28,82,128,16,67,110,23,35,55,47,27,132,66,120,62,70,147,146,141,4,119,77,85,63,121,140,45,6,50,65,30,5,86,46,107,145,26,38,127,84,93,103,87,24,81,18,123,91,75
42,61,124,52,27,95,72,39,144,105,63,60,135,37,8,82,74,126,71,14,48,130,118,102,46,10,73,78,90,114,104,13,7,0,17,20,51,68,32,88,49,134,44,149,11,83,25,31,92,142,99,97,53,54,34,113,79,56,47,2,30,40,80,143,76,36,69,136,58,109,29,57,117,3,115,108,122,133,91,101,19,43,41,15,100,70,121,111,12,21,59,96,64,106,116,129,139,50,98,22,125,28,89,128,16,67,110,23,35,55,137,1,132,66,120,62,148,147,112,141,4,119,77,85,138,146,140,45,6,94,65,131,5,86,9,107,145,26,38,127,84,93,103,87,24,81,18,123,33,75
42,129,120,52,27,95,72,39,144,128,63,60,135,37,8,82,149,126,71,14,48,130,118,102,46,112,73,88,90,114,104,13,7,143,17,20,51,11,32,61,49,134,44,103,38,83,25,31,92,142,99,97,62,101,34,68,79,56,47,2,30,40,80,74,76,21,69,136,58,109,29,115,117,3,0,108,122,45,75,54,19,43,41,15,100,70,121,111,12,91,59,96,36,106,24,113,139,50,98,22,125,28,89,78,16,67,110,23,35,55,137,53,132,10,116,146,148,147,105,66,4,119,77,85,138,1,140,57,6,94,65,131,5,86,9,107,145,26,124,127,84,93,64,87,133,81,18,123,33,141
42,129,120,52,27,95,26,39,144,128,136,47,135,107,8,126,149,29,71,14,106,130,51,102,46,19,73,88,90,114,104,113,7,6,17,20,18,11,32,61,37,134,44,77,38,83,25,31,72,82,99,118,62,101,34,85,79,56,141,2,30,40,80,74,76,21,69,63,58,109,68,115,117,3,0,108,122,45,75,54,143,43,41,15,100,70,121,111,12,91,97,96,60,36,24,93,139,50,98,22,125,28,89,78,16,67,110,23,35,55,137,53,132,10,116,146,148,147,105,66,4,13,119,103,138,1,140,57,49,94,65,131,5,92,9,59,145,142,124,127,84,112,64,87,86,81,33,123,48,133
42,129,5,52,27,95,35,39,142,44,136,4,135,107,8,126,149,29,71,14,103,87,51,144,46,137,73,88,90,114,104,113,7,102,17,20,18,11,32,61,92,94,78,77,38,83,25,31,72,26,99,118,37,101,34,85,79,56,141,2,134,40,147,74,80,21,69,63,58,109,86,115,124,3,0,108,122,45,75,54,143,43,41,15,100,70,121,111,12,91,128,19,60,36,24,93,139,50,98,22,62,28,89,82,16,67,110,23,97,55,130,53,132,10,116,146,148,6,105,66,117,13,119,96,125,1,140,57,49,68,65,131,138,64,9,59,145,76,47,127,84,112,120,106,30,81,33,123,48,133
42,93,5,52,27,95,35,39,142,44,129,4,135,107,8,126,149,29,38,14,103,87,121,59,46,137,73,88,90,62,104,113,7,102,99,123,18,11,0,76,92,94,136,77,114,72,130,31,119,26,81,118,37,101,34,85,79,56,141,2,134,40,147,74,17,21,69,63,58,109,86,115,124,71,144,108,128,24,75,54,143,51,41,32,100,70,20,111,12,91,45,19,60,125,61,36,139,50,98,22,84,28,89,82,16,67,110,23,97,55,25,53,132,10,116,146,148,6,105,66,117,13,122,96,15,1,140,57,49,68,65,131,138,64,9,47,145,83,80,127,78,112,120,106,30,43,33,3,48,133
42,93,142,52,36,45,35,39,60,90,129,97,135,107,8,81,149,27,38,14,103,87,121,59,46,137,33,88,72,16,104,113,7,102,99,44,18,11,0,76,92,94,136,77,114,26,130,31,119,105,117,118,37,101,34,85,79,64,141,2,56,40,147,48,17,21,69,62,58,109,86,115,124,71,144,108,128,24,75,54,143,63,47,32,134,70,20,111,12,91,66,19,1,125,74,123,139,50,98,22,84,28,89,82,116,67,110,23,73,55,25,53,132,10,126,146,148,6,95,4,41,13,122,96,15,131,140,57,49,68,65,61,138,5,9,29,145,83,80,127,78,112,120,106,30,43,51,3,100,133
42,136,142,129,36,45,35,39,67,90,72,120,135,52,8,12,93,27,38,14,103,87,121,104,11,137,33,88,21,16,5,113,7,102,99,44,18,71,75,76,92,0,125,77,114,26,130,31,133,105,117,59,37,60,34,85,79,64,141,2,56,40,147,94,17,81,69,62,58,109,86,115,124,32,144,108,128,24,4,54,143,63,119,123,134,127,149,111,48,91,66,19,1,110,74,20,139,50,98,22,84,28,89,82,116,97,118,23,73,55,25,53,132,10,126,146,148,6,95,107,41,13,122,96,15,131,140,57,49,68,65,70,138,61,9,29,145,83,80,46,78,112,101,106,30,43,51,3,100,47
109,148,142,137,36,55,35,39,67,76,53,120,135,83,8,12,93,9,38,129,103,87,121,104,72,22,33,88,102,16,5,113,7,86,99,44,18,71,75,84,92,0,125,77,108,26,130,31,133,105,117,59,29,32,34,85,79,64,141,2,56,40,147,90,17,81,91,62,58,95,96,115,124,11,144,42,128,24,4,54,143,63,114,123,134,127,149,111,48,69,66,19,1,110,74,20,139,50,98,126,60,28,89,82,116,97,118,23,73,3,25,136,132,10,21,146,45,6,94,107,41,13,122,138,15,131,140,57,49,68,65,70,119,61,52,27,145,14,80,46,78,112,101,106,30,43,51,37,100,47
109,58,142,43,36,55,35,41,67,110,53,120,135,83,5,12,118,17,38,129,103,66,69,39,72,22,33,88,102,16,104,113,9,86,99,93,18,71,75,84,92,0,125,77,130,97,19,31,133,105,117,59,143,32,34,85,79,64,141,2,56,40,147,90,29,81,91,62,37,76,96,115,124,11,144,108,128,24,4,54,112,63,114,123,134,127,121,111,48,95,42,137,1,46,74,20,139,50,140,126,60,28,89,82,116,7,148,23,73,3,25,136,132,10,21,146,45,6,94,107,44,13,122,87,138,131,26,57,49,68,65,70,119,61,52,27,145,14,80,149,78,98,101,106,30,8,51,15,100,47
109,1,145,43,36,0,117,58,67,110,53,120,8,83,5,12,26,17,88,129,103,66,91,39,72,22,40,55,49,16,104,113,135,86,107,99,18,71,112,35,92,51,125,77,130,97,19,31,133,105,94,59,143,32,34,85,79,64,141,2,142,118,147,90,29,81,69,62,37,76,96,115,124,11,41,108,131,24,4,54,93,63,114,123,134,127,75,111,48,95,42,137,56,46,74,20,139,50,140,126,60,28,89,82,116,7,148,23,73,3,25,136,132,10,21,102,45,6,47,84,44,13,122,87,138,121,128,57,146,144,65,70,119,61,52,27,68,14,80,149,78,98,101,106,30,38,9,15,100,33
109,85,145,43,36,0,117,58,67,110,53,19,106,24,51,12,26,17,88,120,103,66,91,40,72,22,5,55,69,16,104,113,135,86,107,99,18,71,112,79,129,111,125,77,130,97,123,49,144,105,54,126,143,32,34,94,133,64,141,2,142,45,147,90,29,81,84,62,37,76,96,115,124,11,41,108,131,127,4,83,93,63,114,137,134,31,75,8,48,95,42,132,118,46,74,20,139,50,140,35,60,28,92,82,116,3,148,23,73,59,25,136,1,10,21,102,39,6,47,7,44,13,122,87,138,121,128,57,146,56,65,70,119,89,52,27,68,14,80,149,78,98,101,61,30,38,9,15,100,33
109,85,81,141,12,0,117,58,67,110,53,19,106,24,51,139,26,17,88,120,103,66,91,40,30,22,5,55,135,16,104,29,128,86,107,99,18,15,112,79,129,113,125,148,130,97,123,49,144,122,36,145,143,32,34,47,133,77,126,2,142,45,147,90,68,131,84,62,37,76,96,115,124,11,41,108,78,127,4,83,98,63,114,137,134,31,75,8,48,95,42,132,118,46,74,20,70,50,140,35,105,28,92,38,116,3,72,23,73,59,25,136,1,60,21,102,64,6,71,7,44,13,54,87,138,121,43,57,146,56,65,111,119,89,52,27,101,14,80,149,39,93,94,61,10,69,9,82,100,33
109,85,81,141,43,0,117,58,67,36,53,19,106,24,51,139,26,4,88,120,103,93,82,40,30,22,5,68,135,16,104,29,62,63,107,99,20,15,112,79,129,113,125,148,76,97,123,49,86,122,18,145,111,32,34,110,133,77,126,66,142,55,147,91,128,131,84,143,37,137,96,2,124,11,41,108,78,127,12,90,98,130,114,115,134,31,75,8,48,95,42,132,45,46,74,33,140,50,87,35,105,28,92,38,116,3,72,23,73,59,25,136,1,60,21,102,64,9,71,7,70,13,54,6,138,121,83,57,146,56,65,44,119,89,52,27,101,14,80,149,39,47,94,61,10,69,118,17,100,144
109,78,141,91,43,0,117,58,67,19,33,63,66,24,51,139,26,4,88,120,103,93,82,113,30,22,133,68,135,16,104,29,62,98,107,99,53,110,112,79,129,81,125,59,76,97,123,49,85,122,18,145,111,119,34,108,25,77,126,90,142,15,147,96,127,131,84,143,37,137,128,2,124,11,41,132,20,40,12,69,105,65,114,115,134,31,75,8,48,95,42,36,45,46,74,121,140,50,87,35,55,28,92,38,116,3,72,23,73,5,148,136,1,60,21,102,64,9,71,7,70,13,54,6,138,130,83,57,146,56,32,44,106,89,52,27,101,14,80,149,39,47,94,61,10,86,118,17,100,144
109,78,141,147,43,0,117,58,67,19,33,63,66,24,51,139,27,45,88,131,103,137,82,113,30,22,133,68,32,16,105,29,62,37,84,99,53,110,112,79,129,81,91,59,76,97,23,49,95,122,18,93,111,119,100,125,25,120,101,90,142,15,13,96,127,123,126,107,98,104,128,2,124,11,41,132,20,40,108,69,26,65,114,115,134,31,75,8,48,12,42,36,83,46,74,121,7,50,87,35,55,140,92,38,116,3,72,28,73,5,148,136,1,60,21,102,64,9,71,145,70,135,54,6,138,130,4,57,146,56,118,44,106,89,52,85,77,14,80,149,39,47,94,61,10,86,143,17,34,144
30,78,141,147,43,0,53,58,26,19,67,1,55,24,105,8,27,45,88,131,103,137,82,113,59,22,133,68,32,16,71,41,62,37,84,99,66,110,112,79,136,81,91,123,140,97,23,49,95,122,18,109,111,119,60,125,25,120,101,15,142,93,13,96,127,138,126,107,98,129,128,76,124,11,12,132,20,40,108,69,2,65,114,115,134,31,75,106,48,121,42,36,83,46,74,63,7,50,87,35,33,104,92,38,116,3,72,28,73,5,148,64,139,100,21,102,117,9,77,145,70,135,54,6,29,130,4,57,146,51,118,44,90,89,52,85,56,14,80,149,39,47,94,61,10,86,143,17,34,144
30,78,141,34,43,85,53,55,26,19,67,40,66,24,17,8,27,45,108,60,103,77,82,113,117,22,133,131,32,16,71,41,62,37,84,13,63,110,112,99,136,147,91,123,140,97,23,68,95,122,18,109,11,119,42,125,25,120,101,15,142,93,59,96,127,138,126,83,49,129,128,76,56,105,12,132,20,88,135,69,2,65,114,115,134,31,75,106,48,121,79,36,137,46,3,111,7,50,87,35,33,104,92,38,116,74,72,28,73,5,148,64,139,100,21,102,81,9,58,145,70,0,54,6,29,130,4,57,146,51,118,44,90,89,52,98,107,14,80,124,39,47,94,61,10,86,143,1,149,144
30,78,141,34,43,60,18,55,26,59,67,40,66,24,17,8,27,143,108,52,103,77,82,113,125,22,133,53,32,16,71,41,62,37,84,115,63,110,112,99,136,147,91,123,7,97,23,68,95,122,127,109,48,119,42,101,25,120,79,86,140,93,85,96,142,36,126,83,49,129,128,76,56,11,54,132,20,88,135,19,2,65,114,45,134,31,6,106,13,121,90,35,137,46,3,111,12,50,87,69,33,104,92,38,116,74,72,117,73,5,138,64,139,100,21,102,81,9,58,145,70,0,105,75,29,130,4,57,146,51,118,44,131,89,1,98,107,14,80,124,39,47,94,61,10,28,148,149,15,144
30,78,115,34,43,60,18,55,26,59,51,40,66,112,31,8,27,143,108,52,103,77,131,113,125,22,133,53,32,16,132,41,62,37,84,48,63,110,122,99,136,147,91,123,7,97,23,68,3,70,127,118,106,119,42,19,25,120,79,86,140,93,85,96,142,36,126,83,49,129,128,76,56,11,54,61,20,73,135,114,2,65,67,45,134,95,39,88,13,121,90,15,137,46,109,111,12,50,87,69,33,104,92,38,116,74,72,117,94,5,138,64,139,100,21,102,71,9,58,81,24,0,105,75,29,82,4,57,146,145,28,44,80,35,1,98,107,14,6,124,101,47,17,10,141,89,148,149,130,144
30,78,99,34,43,60,18,55,26,76,135,40,66,140,74,8,65,143,108,52,103,77,124,37,21,22,133,53,32,16,132,41,62,51,84,147,63,142,122,118,136,90,91,94,7,97,112,39,3,68,127,79,106,119,42,19,25,120,23,86,56,93,31,96,48,36,59,83,49,129,128,6,27,11,54,115,20,73,70,114,2,123,67,45,134,95,0,88,13,121,110,15,137,46,109,111,12,50,87,69,33,104,92,38,116,126,72,117,113,5,138,64,139,100,1,102,71,9,58,81,24,131,105,75,29,82,4,57,146,145,28,44,80,35,61,98,107,14,125,85,101,47,17,10,141,89,148,149,130,144
30,78,99,34,43,60,128,55,26,76,135,40,19,6,74,8,47,140,18,52,103,77,124,37,21,22,133,53,32,16,71,41,144,51,84,147,63,142,122,118,136,90,91,94,7,0,112,39,3,68,127,79,106,119,42,20,25,120,23,86,56,93,31,96,48,36,59,83,49,129,61,38,27,11,54,115,75,5,70,114,2,62,67,58,134,95,46,88,104,121,110,15,137,97,109,111,102,113,87,69,33,12,92,13,98,126,72,117,73,132,138,64,131,100,1,123,45,9,143,81,24,125,105,50,29,82,4,57,146,145,28,44,80,35,85,108,107,14,139,66,101,116,17,10,141,89,148,149,130,65
30,7,99,34,43,52,128,55,26,76,135,40,19,6,54,8,47,143,18,1,103,77,124,37,21,22,133,53,32,74,71,41,144,51,84,147,63,0,122,118,136,45,91,94,5,78,112,39,3,68,127,35,16,70,42,20,25,120,23,15,56,93,31,96,48,36,59,12,49,107,61,38,27,11,90,115,75,105,125,114,119,62,67,58,134,95,46,88,104,121,110,106,137,97,109,140,102,113,87,69,33,64,92,13,2,126,72,117,101,132,138,79,131,100,141,123,10,9,57,81,24,142,60,50,29,82,4,83,146,145,28,44,80,129,85,108,98,14,139,73,66,116,17,111,86,89,148,149,130,65
30,7,99,34,1,52,128,139,26,76,135,40,94,6,54,132,47,8,91,31,66,77,124,37,21,22,0,53,32,74,71,41,144,110,84,147,63,106,122,118,136,45,72,86,133,78,112,39,3,68,127,35,16,70,59,20,25,120,129,15,56,57,55,96,48,36,18,12,137,107,61,38,27,11,92,115,75,105,125,114,119,62,67,58,134,95,46,88,104,121,97,42,90,103,109,140,43,113,87,69,33,64,143,51,2,126,19,117,101,130,138,79,131,100,141,123,10,9,23,81,24,142,60,50,29,82,4,83,146,145,28,44,80,102,85,148,98,14,13,73,93,116,17,111,5,89,108,149,49,65
30,7,99,34,1,52,128,103,26,76,135,40,94,6,54,132,82,43,91,21,66,77,124,37,15,22,0,53,64,74,57,41,144,110,84,147,63,106,122,118,136,45,72,86,133,117,112,39,3,68,127,35,16,70,67,20,25,120,31,59,90,9,55,96,48,98,80,12,137,107,129,38,104,11,92,115,75,105,125,114,119,62,65,58,134,2,46,88,18,121,97,42,85,123,109,140,49,113,87,69,32,102,143,51,33,126,19,23,101,130,138,79,131,100,139,56,10,8,95,81,24,142,60,50,29,27,4,83,146,145,28,44,71,61,47,148,141,14,13,73,93,116,17,111,5,89,108,149,78,36
30,7,99,34,114,52,128,103,26,17,135,40,94,6,60,132,82,43,91,21,149,116,49,148,15,22,0,53,12,74,123,41,144,110,84,147,63,66,122,118,145,45,72,86,133,117,112,39,3,37,127,124,16,70,57,20,13,1,48,59,90,9,55,96,2,77,80,76,137,107,129,38,104,11,92,115,75,105,125,113,119,62,65,58,98,36,46,88,18,121,97,10,85,54,109,140,31,67,87,69,32,102,143,51,33,134,106,23,101,130,138,79,131,100,139,56,126,8,95,81,24,142,42,50,29,27,4,83,146,136,28,44,71,61,47,25,141,14,35,73,93,64,19,111,5,89,108,68,78,120
30,7,99,34,62,36,89,103,26,17,135,40,78,13,60,132,6,43,91,21,20,79,49,148,22,87,15,53,12,74,123,41,144,110,84,147,119,71,122,118,145,45,72,86,133,117,112,28,3,37,94,124,16,70,57,33,101,1,48,59,82,9,55,25,2,19,80,76,137,107,129,38,114,11,92,115,75,46,125,113,52,131,65,58,98,77,90,88,18,121,97,10,85,54,109,140,31,67,96,69,32,102,143,51,0,134,106,23,104,130,138,39,149,100,139,56,126,8,95,81,24,142,42,50,29,27,4,83,146,136,128,44,66,61,47,63,141,14,35,73,93,64,127,111,5,68,108,105,116,120
81,7,69,34,62,36,89,77,26,17,135,40,78,13,60,132,6,30,91,21,55,79,49,148,22,66,15,68,12,74,123,41,144,110,84,147,70,71,122,118,145,45,119,86,133,108,116,80,3,37,94,87,16,141,57,33,101,1,48,59,82,9,102,43,88,19,10,76,137,107,129,38,114,73,92,115,75,63,125,113,52,131,65,58,112,93,90,25,18,32,97,124,85,54,109,140,31,67,96,28,117,121,143,51,0,134,106,23,104,130,138,39,149,100,139,56,126,8,95,98,24,142,42,50,29,11,4,83,146,136,128,44,72,61,47,53,103,14,35,2,27,64,127,111,5,46,20,105,99,120
81,7,69,34,62,36,124,77,42,17,135,40,78,22,13,132,6,30,148,21,55,79,49,108,143,66,12,68,35,74,123,41,144,64,84,147,70,71,122,118,145,45,15,91,133,137,116,80,3,37,94,87,16,141,57,33,101,1,63,59,82,9,102,43,88,19,10,76,121,39,129,38,114,73,92,23,75,86,26,113,28,131,107,110,112,93,90,25,18,32,97,52,85,54,109,140,89,67,96,149,117,31,58,51,0,134,106,119,104,130,139,65,72,100,115,56,126,8,95,98,24,142,138,50,60,11,4,83,125,136,128,44,146,61,47,53,103,14,48,2,27,29,127,111,5,46,20,105,99,120
81,101,69,15,62,36,124,77,9,17,135,40,78,22,6,66,10,129,148,21,55,79,49,108,143,26,12,68,35,104,123,41,89,64,146,147,70,71,122,118,145,45,84,91,133,137,116,80,113,37,94,87,16,141,57,33,92,1,19,59,82,65,102,43,88,74,63,76,121,39,120,38,114,73,3,23,75,86,32,27,28,42,107,110,112,93,90,25,18,31,97,52,85,54,30,13,105,67,96,149,117,4,58,51,0,134,106,119,7,130,139,100,72,53,115,56,126,8,95,98,24,142,138,109,60,11,50,83,125,136,128,44,140,61,47,132,103,14,48,2,131,29,127,111,5,46,20,34,99,144
81,10,49,15,62,36,132,133,9,17,135,40,78,52,6,95,66,129,69,21,64,79,105,108,53,26,12,68,35,72,83,41,89,50,146,147,70,71,122,118,145,45,84,91,77,137,112,80,113,37,94,87,126,141,57,33,92,1,16,59,127,65,102,43,88,74,63,76,121,143,120,38,114,73,3,23,75,86,32,27,28,42,107,110,101,93,90,25,18,31,97,131,85,54,30,13,124,67,116,149,117,4,58,51,0,134,106,119,22,130,139,123,20,96,115,56,19,8,48,98,24,142,138,39,60,11,55,7,125,136,128,44,140,61,47,104,103,14,100,2,82,29,109,111,5,46,148,34,99,144
81,28,49,15,62,36,132,55,9,17,135,40,78,31,105,95,66,129,91,21,134,79,0,108,53,26,12,68,35,72,83,41,89,64,38,115,70,71,122,125,145,45,84,146,77,137,51,18,69,37,94,87,50,141,57,33,92,1,16,59,3,52,102,43,118,74,63,114,121,143,120,104,133,73,88,23,75,86,32,27,147,42,107,110,101,93,90,25,112,76,97,131,85,54,30,13,124,67,116,149,109,4,58,119,148,6,106,10,22,130,139,123,20,96,117,56,19,8,48,98,24,142,138,39,60,11,65,7,126,136,128,44,140,61,47,80,103,14,100,2,82,29,111,127,5,46,113,34,99,144
81,28,49,15,62,5,19,55,9,17,135,40,26,74,142,95,66,129,91,21,7,79,0,108,53,42,33,68,35,103,83,41,89,64,38,115,70,116,122,125,145,45,84,146,77,137,51,18,69,37,94,87,50,141,57,6,92,56,16,59,3,52,102,43,118,86,63,114,121,143,120,104,139,73,132,23,75,12,32,27,147,119,107,111,101,128,90,25,112,76,97,131,85,54,30,31,124,67,134,149,109,4,58,72,88,13,106,10,22,130,110,123,20,71,117,98,36,8,48,96,24,1,138,39,60,11,65,61,126,136,140,44,133,105,47,80,148,14,100,2,82,29,113,127,78,46,93,34,99,144
81,28,49,48,62,87,19,74,9,17,80,40,26,61,140,95,66,129,122,21,56,79,0,108,146,42,57,68,35,103,137,33,89,64,16,115,7,116,18,125,145,45,84,100,77,91,51,38,69,37,94,53,50,141,30,6,92,118,139,59,3,52,102,43,106,86,63,114,121,73,120,104,75,147,132,23,5,12,32,27,15,119,41,111,101,128,90,25,112,76,97,131,85,54,134,31,124,67,107,149,109,4,58,72,88,13,24,10,22,130,110,123,20,71,117,98,36,8,83,96,135,1,138,39,60,11,65,55,126,136,70,44,133,105,47,142,148,14,143,2,82,29,113,127,78,46,93,34,99,144
81,28,49,48,62,87,19,35,144,17,122,74,26,61,140,95,66,129,96,21,56,79,0,108,63,42,57,68,111,103,137,33,89,64,16,115,7,116,18,125,138,45,84,100,77,97,75,38,119,37,94,53,50,141,30,6,92,118,139,59,55,52,102,43,106,86,51,114,121,120,39,104,73,36,132,23,5,12,32,27,15,145,41,146,101,128,90,25,112,76,91,131,99,54,134,31,124,67,107,123,109,113,58,72,88,13,24,10,22,130,110,143,3,71,80,98,69,8,83,85,135,1,29,147,60,11,65,14,126,136,70,9,133,105,47,142,148,40,44,2,82,20,4,127,78,46,93,34,117,149
95,48,49,104,62,87,129,35,144,20,122,74,26,61,139,16,66,37,96,21,56,79,0,108,63,42,57,68,111,103,137,33,89,135,93,115,7,116,53,125,138,45,84,100,64,145,59,38,119,19,94,92,50,141,75,6,17,118,18,41,55,52,102,43,67,86,51,114,121,25,39,106,73,36,132,113,5,12,32,27,15,28,8,146,101,128,90,140,112,76,91,131,99,120,134,31,124,54,107,123,142,23,58,72,88,13,24,10,22,130,110,143,81,71,80,98,69,47,83,85,30,1,29,147,60,11,65,14,126,136,70,9,133,105,77,97,148,40,44,2,82,109,4,127,78,46,3,34,117,149
95,68,67,104,62,87,129,35,52,20,122,121,26,61,139,16,66,37,7,21,56,79,147,108,63,42,57,128,111,103,137,33,89,135,93,115,118,74,53,43,98,45,138,148,64,145,28,38,119,19,94,92,50,141,75,70,17,6,18,41,55,84,102,131,49,86,51,15,116,25,39,106,73,36,132,113,5,12,32,144,44,96,8,146,101,140,90,114,112,76,91,125,99,59,134,31,83,54,107,123,142,23,58,72,88,13,133,10,22,130,27,143,81,71,80,120,69,47,24,85,30,1,29,0,60,11,65,14,126,136,100,9,48,105,77,97,124,40,110,2,82,109,4,127,78,46,3,34,117,149
95,68,23,104,62,87,129,140,52,20,99,121,26,61,139,16,28,37,7,40,56,102,147,108,65,42,57,128,111,103,137,33,89,66,93,115,109,54,53,122,1,45,91,148,43,145,76,38,119,19,94,92,50,141,75,70,17,6,18,98,127,84,21,131,49,86,51,15,116,25,39,106,73,41,132,113,5,12,44,34,135,96,8,146,101,126,90,114,112,118,79,35,55,59,134,31,83,32,107,36,142,63,58,72,88,13,133,10,22,130,27,143,81,71,80,120,69,47,24,85,30,125,29,0,60,11,67,14,144,136,100,9,48,105,77,97,124,123,110,64,82,74,4,138,78,46,3,2,117,149
95,68,23,104,62,87,129,18,52,64,99,121,26,61,139,16,28,37,7,40,56,102,109,108,65,42,57,128,111,103,137,33,89,66,93,115,38,54,53,122,1,45,91,15,43,145,76,142,51,19,90,92,130,140,75,70,17,6,141,98,94,106,79,131,49,86,84,101,116,25,39,48,88,41,132,113,146,12,44,34,135,96,8,73,105,126,78,114,112,20,118,35,55,59,134,0,83,32,107,36,148,63,58,24,127,13,133,10,22,72,27,119,81,71,80,120,5,47,147,85,30,125,29,69,60,11,67,14,144,136,100,9,31,143,77,97,124,50,110,21,82,74,4,138,123,46,3,2,117,149
95,68,23,148,62,27,129,18,52,64,35,121,26,61,139,16,28,37,7,40,56,102,109,108,65,143,57,128,111,103,51,15,89,66,93,115,38,54,84,122,1,53,91,106,43,145,76,142,45,29,90,92,130,140,75,70,118,6,141,98,94,137,79,131,49,69,87,101,116,25,39,48,88,41,132,30,85,12,44,34,135,96,8,73,105,58,78,114,112,20,33,42,55,59,86,0,83,32,107,36,113,63,99,123,127,13,133,10,22,72,146,138,81,71,80,120,5,47,147,126,119,125,31,82,60,11,67,14,19,136,100,9,104,24,77,97,124,50,110,74,21,17,4,134,144,46,3,2,117,149
64,68,23,40,148,95,129,18,52,132,35,121,26,61,139,16,8,114,7,33,56,102,109,39,65,143,57,128,111,62,51,15,89,66,93,115,38,54,84,122,75,53,91,63,136,145,76,142,45,29,90,92,20,12,71,70,118,6,4,96,94,137,79,108,49,69,87,101,141,25,37,48,88,41,117,30,85,3,44,34,140,147,98,73,105,58,78,116,112,1,131,42,55,59,86,0,83,32,107,36,113,135,99,123,127,13,133,10,22,72,146,138,81,103,80,120,5,47,130,126,119,125,31,82,60,11,67,14,144,106,100,9,104,24,77,97,124,50,110,74,21,17,19,134,28,46,43,2,27,149
64,68,94,40,148,95,96,67,52,132,35,3,26,61,139,16,8,114,7,24,56,46,109,82,65,143,88,128,137,62,51,15,89,66,93,115,38,54,84,122,57,53,91,63,136,145,129,142,45,29,90,39,20,12,111,70,118,6,48,36,5,102,79,108,49,69,87,101,134,25,37,75,1,41,47,30,85,92,99,34,140,147,76,73,105,58,78,116,112,98,131,42,55,59,86,0,83,32,107,4,113,135,23,123,127,13,133,10,22,72,146,138,81,80,126,120,33,141,130,103,119,125,31,18,60,11,100,14,144,106,121,9,104,44,77,97,124,50,110,74,21,17,19,71,28,117,43,2,27,149
64,68,94,40,148,115,96,149,125,132,35,112,26,61,139,16,52,3,7,62,56,4,109,147,65,37,88,128,137,113,51,15,89,66,93,46,38,54,84,122,57,53,91,63,136,123,129,142,45,29,90,39,20,12,111,18,118,6,48,36,5,102,79,108,22,69,87,101,134,25,24,75,70,41,47,42,85,92,99,34,140,106,21,73,105,97,78,116,30,98,131,110,55,59,11,0,83,32,107,86,8,135,23,82,127,67,133,10,145,72,146,138,81,80,126,120,33,141,130,103,119,143,31,49,60,9,100,14,144,58,121,114,104,44,77,95,124,50,13,74,76,17,19,71,28,117,43,2,27,1
36,68,94,40,149,75,96,33,125,132,35,98,26,61,139,16,52,3,7,56,9,4,129,38,65,37,12,128,137,113,51,15,89,66,101,46,93,67,84,115,57,53,91,63,136,123,41,142,45,62,90,85,20,147,111,18,64,131,48,6,5,102,79,108,22,69,87,81,134,25,24,122,70,54,47,42,23,92,99,34,39,106,21,73,105,97,78,116,30,10,109,110,55,59,11,0,83,32,107,86,8,135,148,82,118,112,133,127,145,72,146,138,71,80,126,29,88,141,130,103,119,143,31,49,60,140,100,14,144,58,121,114,120,44,77,95,124,50,13,74,76,17,19,104,28,117,43,2,27,1
36,68,94,63,7,75,96,33,31,132,35,37,26,61,125,16,120,3,42,56,9,4,129,38,65,53,12,130,116,113,51,15,89,11,101,46,41,67,84,115,66,59,91,137,136,24,145,142,83,62,90,85,52,147,111,18,64,131,48,6,76,102,79,108,22,69,87,100,134,25,118,122,70,54,47,123,139,92,99,34,39,106,21,73,105,97,78,98,30,10,109,110,55,57,81,0,5,32,107,86,8,135,148,82,45,112,133,127,40,72,146,138,71,80,126,29,88,141,128,103,119,143,149,49,60,140,20,14,144,58,121,114,44,13,77,95,124,50,93,74,27,17,19,104,28,117,43,2,23,1
71,68,94,63,121,75,96,7,31,132,81,37,130,61,125,16,35,3,42,56,9,4,129,38,98,53,12,83,116,30,51,15,89,25,108,46,33,67,84,115,66,59,91,137,136,24,145,142,69,62,90,85,52,147,77,95,64,131,48,6,76,19,57,113,22,18,87,100,134,65,118,122,70,54,47,74,139,92,99,34,39,106,21,73,105,97,78,93,5,10,109,110,55,120,36,0,102,32,107,11,111,135,148,82,45,112,133,28,40,72,146,138,119,80,126,29,88,141,128,103,79,143,149,49,60,140,20,14,144,58,41,114,44,13,127,101,124,50,8,26,27,17,123,104,86,117,43,2,23,1
71,68,94,63,121,112,96,7,46,132,81,37,130,22,58,123,35,38,42,56,9,4,129,100,98,114,12,83,116,30,51,89,25,136,108,55,33,67,84,115,66,59,91,78,125,24,145,1,61,62,90,85,52,147,77,29,64,131,48,6,76,19,18,113,15,128,87,31,134,65,118,122,70,142,47,74,139,92,99,34,39,106,21,73,105,75,97,93,5,10,109,95,110,120,36,57,102,32,107,11,111,135,148,82,45,137,133,28,40,72,146,138,119,80,126,143,16,141,41,103,79,88,149,49,60,140,20,14,144,53,54,124,44,13,127,101,0,50,8,26,27,17,69,104,86,117,43,2,23,3
19,68,94,63,20,112,96,23,121,132,81,49,130,25,110,123,79,38,42,53,9,4,129,100,98,114,12,83,116,37,51,89,144,136,108,55,46,66,84,115,74,59,91,78,125,24,145,131,61,62,90,85,52,147,77,29,64,28,48,6,76,70,71,113,15,57,87,31,134,65,118,122,107,142,47,1,139,92,75,34,39,102,21,73,105,67,97,93,5,10,109,95,7,120,36,58,35,32,99,11,111,135,148,82,45,137,133,18,40,72,128,138,119,80,126,143,16,141,41,103,22,88,149,146,0,140,106,14,56,60,54,124,44,13,127,101,33,50,8,26,27,17,69,104,86,117,43,2,30,3
19,68,94,63,14,112,96,89,7,132,81,49,123,25,110,83,28,38,20,53,91,4,129,100,98,114,12,130,65,37,51,92,144,136,108,55,46,66,84,115,74,59,79,78,125,24,9,131,61,62,90,85,52,147,77,116,64,87,48,6,76,70,71,113,15,57,23,31,134,142,118,54,107,138,47,3,127,135,75,34,39,102,21,26,105,67,97,8,5,10,109,95,29,120,36,58,35,32,121,11,111,72,148,82,42,137,133,18,40,99,128,145,119,80,139,143,16,141,41,103,22,88,149,146,0,140,106,126,56,60,122,124,44,13,93,101,33,50,69,1,27,17,45,104,86,117,43,2,30,73
19,69,8,21,14,112,96,89,7,132,81,49,123,42,110,25,28,38,20,11,91,4,125,100,98,114,12,130,65,37,51,92,144,136,63,108,46,66,23,115,74,59,47,78,2,24,9,131,61,62,90,85,52,147,77,116,64,87,48,6,70,56,71,113,15,57,137,55,134,142,118,86,107,50,145,3,127,135,75,34,39,102,79,26,105,67,97,43,5,10,109,95,29,120,36,58,54,32,121,141,111,72,148,82,101,41,133,18,40,99,128,117,119,80,139,143,16,60,31,103,22,88,149,146,0,140,106,126,83,129,122,124,44,13,35,68,33,93,53,1,27,17,45,104,94,76,84,138,30,73
19,69,40,21,14,112,96,89,7,132,81,49,26,42,99,25,28,38,20,11,91,4,125,100,75,114,23,148,57,37,143,92,144,136,63,108,30,65,93,115,74,59,107,78,62,24,9,131,61,15,90,85,52,147,77,116,64,87,48,6,70,98,5,113,53,73,137,55,134,142,118,86,46,50,145,3,127,135,124,34,39,102,79,0,88,67,97,43,119,10,109,95,29,120,36,58,54,105,121,141,111,72,8,56,101,41,133,18,71,110,128,117,47,80,139,103,16,60,31,51,22,130,149,146,123,140,106,126,83,129,122,32,44,13,35,68,33,12,82,1,27,17,45,104,94,76,84,138,66,2
104,69,124,21,94,112,96,89,7,132,81,49,26,42,99,25,28,73,79,11,109,4,125,91,75,114,23,118,57,37,127,51,144,136,110,108,30,65,20,78,74,59,107,63,62,24,9,131,61,15,90,85,52,147,77,116,64,87,48,6,70,98,5,145,148,40,137,55,134,142,115,86,46,14,53,3,38,135,123,34,39,102,100,0,141,67,97,43,119,113,29,95,93,120,36,58,54,105,121,88,111,72,8,56,101,41,133,18,19,106,128,117,47,80,139,103,16,60,50,10,22,130,149,146,92,140,122,126,83,129,71,32,44,13,35,68,33,12,82,1,27,17,45,84,31,76,143,138,66,2
104,69,124,21,94,112,96,9,7,132,81,49,26,141,99,25,123,73,79,11,109,4,125,91,75,27,23,118,111,37,129,80,144,55,110,108,127,65,20,78,39,59,107,63,62,24,114,29,61,15,90,85,52,147,28,116,64,87,48,89,70,98,5,145,148,40,105,42,134,142,115,86,46,14,53,3,38,135,140,34,30,102,51,0,60,67,97,43,18,113,137,95,93,120,36,58,54,122,121,88,136,72,8,56,57,41,133,17,19,106,146,117,47,77,139,103,131,6,50,10,22,16,149,101,92,100,45,126,83,119,71,32,44,13,35,68,33,12,82,1,74,130,128,84,31,76,143,138,66,2
104,69,117,21,94,112,35,9,124,132,81,49,79,141,99,25,15,73,137,11,109,4,125,91,111,27,23,96,30,64,129,29,144,55,110,108,83,65,26,78,39,59,107,63,62,24,7,115,61,123,90,14,52,147,28,116,8,87,48,89,70,2,5,145,74,119,98,42,134,142,53,86,46,88,126,3,38,135,140,118,37,102,51,0,60,67,97,43,18,113,75,95,93,120,36,58,54,122,121,127,136,72,20,56,57,41,133,17,19,106,146,34,114,77,139,103,131,6,50,10,22,16,149,101,92,100,45,80,148,47,71,32,44,13,40,68,33,12,82,1,105,130,128,84,31,76,143,138,66,85
104,69,117,93,94,112,35,9,124,132,36,49,34,141,99,25,15,73,38,11,109,4,125,91,111,27,23,96,30,64,129,29,144,55,110,108,7,21,44,78,12,59,107,63,142,24,86,81,61,123,90,83,52,147,28,116,8,87,32,14,70,2,5,145,74,119,98,42,134,22,53,137,72,88,126,71,43,135,39,118,37,102,51,0,60,67,97,33,18,41,75,95,48,120,47,58,54,122,121,127,136,115,20,56,57,140,26,17,19,106,146,62,114,77,139,103,131,6,50,10,133,16,149,101,92,100,1,80,148,3,65,68,79,13,40,45,46,89,82,113,105,130,128,84,31,76,143,138,66,85
104,69,94,93,107,112,67,9,68,132,36,49,34,141,79,25,15,73,11,52,109,29,125,91,111,27,23,96,30,108,129,110,144,55,121,148,35,21,124,78,12,59,7,63,31,24,86,101,61,145,90,83,46,147,28,116,8,64,32,14,70,2,5,89,74,119,98,42,134,22,53,137,72,88,126,71,18,135,39,118,37,102,51,0,60,115,117,33,44,41,4,97,48,120,47,58,54,122,38,127,136,81,142,56,57,140,26,17,19,106,146,62,114,77,139,103,131,6,43,10,133,16,149,20,92,100,1,80,99,3,65,50,87,13,40,45,75,95,82,113,105,130,128,84,123,76,143,138,66,85
104,66,94,52,127,112,67,9,68,132,41,49,34,141,23,25,15,107,11,55,109,27,125,91,69,138,147,62,30,100,129,110,144,126,121,148,35,21,124,12,78,5,57,63,31,24,86,101,61,145,90,83,46,7,28,116,8,64,32,14,70,2,96,89,74,119,98,42,134,22,53,137,72,3,29,71,18,135,39,59,37,102,20,0,79,115,117,120,44,73,4,97,48,118,47,58,54,122,38,51,136,81,142,56,60,140,26,17,19,106,146,93,114,77,139,111,131,6,43,10,133,16,149,33,92,103,1,80,99,108,65,50,87,13,40,45,75,95,82,113,105,130,128,36,123,76,143,84,88,85
104,66,3,52,127,55,143,9,16,132,41,49,34,141,23,25,15,107,11,53,109,27,125,91,69,138,112,75,30,142,7,110,97,126,121,148,68,21,124,12,78,128,57,63,31,24,86,101,61,145,90,83,46,67,89,116,8,64,58,14,70,5,96,87,74,119,35,42,17,22,129,137,72,43,29,71,18,135,39,59,37,102,20,0,79,115,117,120,44,73,4,144,48,118,47,28,54,122,38,51,136,81,32,56,60,140,26,111,19,106,98,113,114,77,139,146,131,36,2,10,133,93,149,33,92,103,1,80,99,108,65,50,147,13,40,45,134,95,82,62,105,130,6,84,123,76,94,100,88,85
104,66,3,145,127,55,143,9,16,132,41,49,98,141,23,25,15,107,11,53,64,124,125,91,69,147,109,75,30,142,19,110,97,126,121,148,68,21,47,12,78,128,57,63,31,24,86,34,61,32,90,83,46,67,89,116,8,7,58,14,70,5,96,87,74,81,20,51,17,139,129,27,72,43,29,71,18,135,39,59,37,102,52,101,79,115,149,120,44,73,4,56,48,118,119,28,54,122,38,106,136,131,92,6,60,140,26,111,22,13,112,113,114,144,117,146,35,36,2,10,133,93,0,33,42,103,1,138,99,108,65,50,77,82,40,45,134,95,137,62,105,130,80,84,123,76,94,100,88,85
104,66,3,145,127,55,143,9,113,132,41,6,98,141,53,63,15,107,11,13,64,124,125,91,69,147,109,130,30,121,19,110,97,126,148,58,142,21,47,12,78,5,57,51,31,24,71,34,61,80,90,83,46,67,16,116,8,7,23,14,70,25,96,87,74,81,68,89,17,139,129,27,72,75,29,82,18,135,39,32,37,102,52,101,79,115,128,120,44,73,4,56,48,118,93,149,54,122,38,106,136,131,92,59,60,1,26,111,22,144,112,77,114,140,117,146,35,36,2,10,133,94,0,33,42,103,86,138,99,108,65,50,20,28,40,45,134,95,137,62,105,88,119,84,123,76,43,100,49,85
94,66,3,145,127,7,143,9,55,108,41,48,98,63,53,89,90,107,11,60,64,124,125,65,69,147,109,130,30,121,134,141,97,126,148,58,61,21,10,12,91,5,84,51,31,24,71,34,104,80,139,83,132,67,16,116,8,56,23,14,70,25,96,87,74,81,68,6,17,88,129,27,72,75,29,19,18,135,39,32,37,102,52,101,79,115,128,120,44,73,144,15,13,118,93,149,54,122,38,106,136,131,92,59,82,1,26,111,137,57,112,77,114,140,117,146,113,36,2,110,133,46,0,33,42,103,86,138,99,4,35,50,20,28,40,45,47,95,78,62,105,142,119,22,123,76,43,100,49,85
94,66,3,145,127,7,143,73,55,108,131,48,77,63,53,89,115,107,11,75,64,43,125,13,141,147,109,130,30,121,134,120,71,126,148,58,61,21,10,12,65,138,84,51,31,24,59,34,104,80,139,97,132,67,16,116,8,56,23,14,70,25,96,87,74,81,68,142,17,88,129,6,60,83,29,19,40,117,39,32,37,91,52,101,79,27,128,50,44,54,144,15,5,118,93,149,72,122,38,106,136,123,92,135,82,1,26,111,137,57,112,18,114,140,102,146,113,9,2,110,133,124,0,33,42,103,86,98,99,4,35,36,20,28,41,45,47,95,78,62,105,90,119,22,69,76,46,100,49,85
94,66,101,107,127,12,143,73,55,108,131,49,69,31,53,89,115,63,11,56,64,43,125,13,141,17,109,130,30,121,134,120,24,126,148,58,61,21,10,4,65,138,84,51,3,36,47,34,83,133,139,97,132,67,71,116,8,6,23,14,70,114,96,87,74,81,68,142,75,88,129,77,42,25,29,28,40,117,39,32,37,91,52,104,79,27,128,50,44,54,144,15,5,118,93,149,72,122,38,106,136,123,92,135,82,1,59,111,147,57,112,18,16,140,60,146,113,9,2,110,137,124,0,33,26,103,86,98,99,7,35,145,20,19,41,48,80,95,78,62,105,90,119,22,102,76,46,100,45,85
94,66,101,79,127,12,143,73,55,108,131,106,69,31,53,107,115,57,11,45,64,70,56,13,141,17,109,130,30,121,134,120,114,126,148,58,61,21,10,4,65,138,84,89,3,36,47,34,83,133,135,82,132,67,71,116,8,6,23,149,49,32,96,87,74,81,68,142,75,102,129,77,42,25,78,28,26,46,39,16,37,91,52,104,88,27,128,48,44,54,144,15,5,118,93,29,72,122,38,43,33,123,92,63,40,1,59,111,147,14,112,18,76,140,60,146,113,97,2,110,137,124,0,139,125,103,86,98,99,7,35,145,20,19,41,117,80,95,85,62,105,90,119,22,9,136,51,100,50,24
94,66,3,79,127,12,143,73,82,108,102,106,69,51,53,107,101,74,11,45,64,70,42,21,141,17,109,130,30,121,134,120,54,126,148,58,61,115,10,5,65,138,84,89,55,36,63,13,83,133,135,56,132,67,71,116,8,6,23,149,18,32,96,87,60,7,68,142,38,86,129,77,114,25,78,105,26,46,39,16,37,91,52,104,88,81,128,48,44,28,144,15,4,118,93,29,72,122,22,43,33,123,92,47,40,1,59,111,147,34,112,14,76,131,140,146,113,97,2,110,137,124,0,139,125,103,19,98,99,41,35,145,20,31,57,117,80,95,85,62,49,90,119,27,9,136,75,100,50,24
94,66,9,110,127,12,143,73,82,108,102,106,98,129,53,101,69,74,11,45,92,70,42,21,0,17,124,130,30,121,134,120,80,35,148,58,61,115,10,5,65,138,84,89,55,36,63,13,83,133,135,56,132,79,71,72,8,6,23,149,18,32,109,87,60,100,68,142,145,86,131,122,77,25,78,105,26,46,39,16,37,91,52,104,88,81,128,48,44,28,64,15,4,118,93,22,144,114,29,43,33,123,51,47,40,1,59,111,147,34,112,14,76,117,140,146,113,97,2,126,137,7,141,139,125,103,19,54,99,41,107,3,20,31,57,96,116,95,85,62,49,90,119,24,38,136,75,67,50,27
94,66,9,110,127,12,143,73,82,108,102,106,98,129,53,101,87,74,11,45,92,70,113,121,0,1,124,15,30,139,32,120,80,35,148,58,61,115,10,114,134,138,84,89,5,36,63,13,83,133,135,56,132,72,71,8,116,6,23,149,18,131,109,55,21,100,68,142,145,91,111,122,60,79,78,117,26,86,39,16,37,46,52,104,88,81,128,76,25,28,64,130,4,118,93,22,144,42,29,43,33,123,51,2,40,44,125,105,147,34,112,14,17,77,140,146,48,97,47,126,137,7,141,59,69,103,19,54,99,41,107,3,20,31,57,96,65,95,85,62,49,90,119,24,38,136,75,67,50,27
94,66,9,110,127,12,143,73,82,108,102,106,5,124,53,101,87,74,17,45,44,70,113,121,0,84,52,15,30,129,32,120,80,35,148,58,92,61,10,48,134,14,149,89,100,1,63,60,83,133,98,56,132,72,71,8,116,6,23,47,18,131,109,55,21,11,68,142,145,91,111,36,140,79,78,117,26,86,39,16,37,46,13,104,51,81,128,76,114,28,64,130,4,118,93,22,144,42,29,43,33,122,123,2,40,25,125,105,147,34,135,115,88,77,62,146,31,97,138,126,137,90,141,59,69,103,19,54,99,41,107,3,139,20,57,96,65,95,85,7,49,38,119,24,112,136,75,67,50,27
60,66,9,110,127,12,143,73,82,108,102,42,5,124,53,101,87,74,2,45,44,106,113,121,0,84,52,15,30,129,32,120,80,35,148,58,92,1,10,48,134,14,149,89,100,125,63,117,83,133,112,56,132,72,71,8,116,28,23,47,18,144,4,55,17,114,75,142,145,91,76,36,65,79,78,85,26,62,39,16,21,11,13,104,51,81,128,111,6,61,64,130,146,118,93,22,140,98,29,43,33,122,123,88,40,25,86,105,147,34,135,115,46,77,67,109,31,97,138,126,137,90,141,59,69,94,19,54,99,41,107,3,139,103,57,96,131,95,70,7,49,38,119,24,68,136,20,37,50,27
57,32,9,110,87,66,143,73,82,108,64,114,5,12,53,118,6,74,11,45,44,106,95,121,0,84,137,15,30,129,113,120,92,35,148,58,122,1,10,48,134,14,149,89,100,125,63,117,83,101,22,56,132,72,71,8,116,28,23,47,124,144,4,79,17,19,75,142,49,91,76,36,65,60,78,85,26,62,39,16,21,52,13,104,51,81,128,111,59,61,80,130,146,2,93,42,140,98,29,43,33,27,123,88,40,25,86,105,147,34,135,115,46,77,133,109,31,97,138,126,67,90,141,127,69,94,3,54,99,41,107,145,139,103,112,96,131,55,70,7,68,38,119,24,18,136,20,37,50,102
57,32,9,2,87,66,143,73,55,108,64,54,60,12,56,118,6,74,11,45,5,106,44,121,0,84,137,15,30,129,40,101,92,35,7,58,122,1,10,48,134,119,149,89,100,125,63,117,83,85,22,93,132,72,71,8,116,28,23,77,124,144,4,79,17,19,75,142,49,91,82,36,65,141,47,98,26,62,39,113,21,52,13,104,51,81,3,111,59,61,80,130,146,16,148,128,123,42,29,43,33,27,102,88,114,25,86,105,147,34,135,115,46,110,133,109,31,97,138,126,67,90,140,127,69,94,136,53,99,41,107,76,139,103,112,96,14,120,70,145,68,38,131,24,18,78,20,37,50,95
57,32,137,2,87,127,143,73,101,108,64,54,60,12,56,118,6,74,11,112,5,106,44,13,104,84,67,96,14,129,40,1,92,35,7,58,121,51,10,48,134,119,149,89,38,93,63,17,83,85,22,117,132,72,66,8,116,28,23,77,124,144,45,79,4,19,75,142,9,91,82,36,65,141,47,98,26,62,39,113,21,52,33,100,131,81,114,111,59,61,80,130,146,16,148,128,123,3,29,43,41,27,102,88,0,25,86,105,42,15,147,115,46,110,133,109,31,97,138,126,30,90,140,135,69,94,136,53,99,34,107,76,139,103,49,125,122,120,70,145,68,71,55,24,18,78,20,37,50,95
57,32,137,2,87,22,79,73,101,108,60,54,25,12,56,118,6,9,107,112,62,106,44,13,104,84,67,96,14,129,40,1,72,35,49,58,121,51,10,48,134,119,149,89,38,93,74,17,20,85,34,117,132,139,66,8,116,28,23,77,86,144,45,61,92,19,75,11,83,80,82,36,65,141,127,143,26,91,39,113,21,52,33,124,131,81,114,111,100,69,70,130,146,16,148,128,123,3,29,43,41,27,102,88,0,63,98,64,99,15,147,115,46,110,133,109,31,97,138,126,30,90,140,135,105,94,136,53,47,142,5,76,7,103,42,125,122,120,4,145,68,71,55,24,18,78,59,37,50,95
57,32,137,2,87,23,79,130,93,1,60,54,37,74,56,118,6,9,59,112,62,106,0,101,104,84,67,96,14,129,40,127,72,35,24,58,121,51,10,48,77,119,149,89,38,80,90,17,26,85,34,117,132,139,66,8,116,28,73,18,86,16,45,61,92,19,75,11,64,25,82,36,65,141,133,143,131,91,13,113,21,52,33,124,78,81,114,111,100,69,70,12,22,49,148,128,39,3,29,43,41,27,102,88,146,63,98,44,99,15,147,115,46,110,47,109,31,97,138,126,30,20,140,135,105,94,136,53,134,142,5,76,7,103,42,125,122,120,4,145,68,71,55,107,123,108,83,144,50,95
57,32,39,2,87,23,79,130,93,1,38,78,37,49,56,118,33,9,59,4,17,106,0,101,126,84,67,96,14,105,40,127,72,137,24,46,121,75,10,48,77,119,149,89,34,80,90,74,26,54,129,117,132,139,66,63,116,143,73,18,86,16,85,61,45,19,58,11,64,28,82,36,65,141,133,13,131,91,55,113,21,52,6,124,104,81,114,111,92,69,70,12,22,100,148,128,8,3,50,43,41,27,102,88,146,35,98,44,99,15,147,115,29,110,47,109,31,97,138,60,30,20,140,135,51,94,136,53,134,142,5,76,7,112,42,125,122,120,62,145,68,71,103,107,123,108,83,144,25,95
57,32,39,2,87,23,79,130,147,1,38,78,37,92,102,118,33,9,59,146,17,101,94,116,126,84,67,96,99,105,40,108,72,137,24,93,121,75,10,115,77,119,26,89,49,80,149,74,58,54,129,22,132,139,66,63,4,143,73,18,86,16,85,61,45,19,25,11,64,28,56,36,65,141,133,13,131,91,55,117,21,52,6,124,104,127,114,14,76,113,70,12,46,100,148,128,8,3,50,43,41,27,83,88,82,35,98,44,111,15,120,81,29,110,47,109,31,97,138,34,30,20,140,135,51,69,136,106,134,142,5,53,7,112,42,125,122,48,62,145,68,71,103,107,123,90,60,144,0,95
57,32,105,132,87,63,79,44,147,1,38,78,37,92,102,118,33,9,59,146,17,140,94,129,90,84,67,96,99,122,40,108,89,137,24,20,138,75,10,127,77,39,26,47,49,80,149,74,58,54,72,22,50,139,66,145,4,82,73,18,86,16,68,61,45,19,25,11,64,28,56,116,65,141,119,2,131,91,55,117,21,52,6,124,104,101,114,14,76,130,70,12,46,100,148,128,8,3,36,43,41,27,83,121,126,93,98,115,111,15,120,81,29,110,13,109,31,97,113,34,85,23,35,135,51,69,136,106,134,142,5,53,7,112,42,125,30,48,62,143,88,71,103,107,123,133,60,144,0,95
57,32,105,132,87,63,79,44,147,1,38,78,2,92,102,118,120,9,59,142,74,140,94,129,90,84,67,96,99,19,40,48,89,146,24,20,34,75,10,127,77,103,26,47,49,138,37,122,58,54,72,22,50,139,66,17,111,82,73,76,86,16,0,61,45,56,25,42,64,28,137,116,65,141,119,91,131,148,55,117,21,52,6,124,104,101,114,14,108,130,70,12,46,100,145,128,8,3,36,43,41,27,83,121,126,93,98,115,95,30,53,81,29,110,13,109,31,97,113,68,85,23,35,135,51,125,136,106,134,62,5,149,7,112,39,15,69,80,11,143,88,71,33,107,123,133,60,144,4,18
57,32,105,132,87,63,79,44,147,6,38,71,2,92,102,25,68,9,59,43,74,11,94,61,90,118,67,96,1,129,40,48,89,146,24,20,34,148,10,127,77,82,26,47,49,137,37,122,120,54,72,103,50,139,66,17,111,80,73,76,86,75,0,91,45,56,97,42,64,28,53,116,65,141,119,58,131,142,55,117,21,52,84,124,104,101,114,14,108,19,70,12,46,16,145,128,8,3,36,138,41,27,83,121,126,93,98,115,95,30,143,81,29,110,13,109,22,140,113,39,85,23,144,135,51,125,136,106,134,62,5,35,7,112,31,15,69,130,149,99,88,100,33,107,123,133,60,78,4,18
68,32,19,132,87,63,79,0,147,6,38,71,2,92,102,25,28,9,59,43,74,11,94,61,90,118,67,82,1,60,40,48,89,146,86,113,34,148,97,127,78,129,26,96,10,137,18,122,120,54,72,103,50,139,66,128,49,80,73,76,24,75,37,91,45,56,77,145,64,111,53,116,65,141,119,58,131,17,55,117,133,142,84,124,104,101,114,14,108,41,70,12,46,16,106,42,8,3,36,138,57,27,83,121,126,93,98,115,95,30,143,81,21,110,13,109,22,44,29,39,85,23,52,135,51,125,136,47,134,62,5,35,140,112,31,15,69,130,149,99,88,100,33,107,123,7,105,144,4,20
68,123,72,132,87,63,139,0,147,6,38,71,2,103,102,25,28,146,59,43,3,11,94,61,64,118,67,82,1,60,40,48,89,32,86,136,34,148,97,127,78,129,50,96,10,137,18,122,120,54,113,26,149,76,79,13,49,80,73,124,24,75,37,91,45,56,77,145,92,111,53,116,65,141,119,58,29,17,55,117,70,88,84,52,104,101,114,14,108,41,9,12,46,142,106,42,98,138,36,19,57,27,83,121,126,93,115,85,95,30,143,81,8,110,128,109,22,44,133,39,131,23,74,135,51,125,21,47,134,62,5,35,140,112,31,15,69,130,66,99,90,100,33,107,16,7,105,144,4,20
68,123,72,132,87,63,41,0,147,6,38,2,79,103,102,52,28,146,59,43,86,11,94,67,64,118,133,82,1,60,40,74,89,32,25,136,138,148,97,24,78,35,34,96,10,137,18,122,120,54,113,26,149,76,106,13,69,80,73,124,127,75,37,91,48,56,77,145,92,111,53,116,4,141,119,58,15,36,55,117,70,88,100,50,104,61,114,14,108,45,9,12,46,142,143,42,98,17,112,144,57,27,83,121,126,93,115,85,95,30,29,81,8,110,128,109,22,44,71,39,131,23,101,135,51,125,21,47,134,62,5,139,140,129,31,84,3,130,66,99,90,19,33,107,16,7,105,49,65,20
82,123,48,132,86,25,41,69,147,6,38,2,79,103,148,52,28,146,59,43,1,8,94,67,64,118,133,93,63,60,17,74,89,32,16,136,138,11,97,24,78,35,34,96,10,135,18,122,120,54,113,36,149,87,106,13,14,80,73,76,42,75,108,91,125,115,77,145,92,111,53,116,124,141,119,58,15,4,55,117,70,88,100,50,104,61,114,81,65,45,9,12,46,142,143,68,98,56,112,144,57,27,83,121,126,137,26,85,95,30,37,72,40,110,128,109,22,44,71,39,131,23,101,102,51,29,21,47,134,62,5,139,140,0,31,84,3,130,66,99,90,19,33,107,129,7,105,49,127,20
82,46,48,132,86,25,41,69,147,6,5,2,79,103,148,52,7,146,59,43,1,8,136,38,64,118,133,29,63,60,17,74,89,32,78,93,138,11,123,24,127,110,34,96,10,135,39,122,117,54,113,36,149,87,106,13,14,109,73,76,42,95,108,91,125,115,77,145,92,111,53,116,124,141,119,58,15,4,55,134,70,88,100,50,104,61,114,49,65,105,9,12,94,142,143,68,98,56,112,144,57,27,23,121,126,137,26,85,51,30,37,72,40,97,128,83,22,44,71,28,16,35,101,102,120,80,75,47,45,18,107,139,140,0,31,84,3,130,66,99,90,19,33,21,129,62,67,81,20,131
8,46,48,112,33,25,41,105,147,6,5,2,79,103,148,52,7,146,82,43,1,24,136,108,64,118,133,29,63,60,17,74,89,32,78,93,138,11,111,144,127,110,34,96,10,135,39,122,117,54,113,66,149,87,106,13,14,109,83,76,42,126,55,91,125,115,77,145,92,70,53,116,124,141,36,58,15,4,67,134,16,88,100,3,104,61,114,49,65,98,0,12,94,142,143,68,102,56,59,123,57,27,23,121,72,47,26,85,51,30,37,50,40,97,128,86,22,44,71,28,21,35,101,9,120,80,75,137,45,18,107,132,140,95,31,84,131,130,73,99,90,19,69,139,129,62,38,81,20,119
8,14,48,112,59,25,78,105,118,15,5,44,79,103,0,52,7,147,82,43,1,24,136,108,64,109,133,29,63,60,17,74,89,32,91,93,138,11,111,144,127,110,34,126,10,135,39,122,117,54,46,139,149,87,106,13,36,66,83,76,42,33,98,65,125,115,77,145,92,70,53,116,61,141,6,58,129,4,67,134,22,88,100,3,104,2,114,49,41,148,55,96,94,142,143,68,16,56,30,123,57,27,23,121,72,47,26,85,51,146,37,50,40,97,128,86,131,71,81,28,21,35,101,9,120,80,75,137,102,18,107,132,140,95,31,84,12,130,73,99,90,19,69,45,113,62,38,124,20,119
8,14,48,112,59,25,78,142,118,37,5,44,79,103,12,0,116,147,82,43,1,24,31,108,64,109,133,29,32,60,17,74,89,73,91,93,138,70,111,144,127,110,34,63,10,135,39,122,117,54,95,139,149,87,106,52,36,66,69,76,42,33,98,65,125,115,100,145,92,102,53,45,61,46,6,71,132,4,67,134,136,88,129,3,104,2,114,49,41,148,55,96,94,77,143,83,16,56,30,123,13,27,23,121,72,26,22,126,51,146,57,50,40,97,128,86,131,11,81,28,68,35,101,9,120,80,75,137,15,18,107,47,140,141,21,84,105,130,7,99,90,19,85,58,113,62,38,124,20,119
104,14,48,122,59,25,78,142,118,37,63,44,79,103,12,0,124,76,5,43,1,24,31,123,64,109,133,29,32,60,17,74,89,73,91,93,138,70,111,144,127,110,88,33,10,135,39,20,117,54,147,139,30,87,106,69,36,66,22,107,42,114,116,65,125,115,100,149,34,102,53,45,95,21,6,71,86,4,67,134,136,82,129,3,52,2,97,49,41,148,55,96,94,77,143,83,16,92,145,46,13,27,98,121,72,26,61,126,51,146,57,50,40,8,128,113,131,11,81,28,68,35,101,9,120,80,75,137,15,108,112,47,140,141,18,84,105,130,7,99,90,19,85,58,132,62,38,56,23,119
104,14,48,88,59,25,78,142,118,37,63,44,79,66,12,0,1,76,5,43,89,90,31,123,64,81,77,29,32,60,17,74,84,73,105,93,138,70,111,144,127,110,19,33,56,135,39,20,117,54,147,139,30,87,106,69,36,129,22,107,95,133,116,65,125,115,100,149,34,102,28,45,58,21,6,71,86,4,67,134,114,82,57,3,52,41,97,2,83,148,55,96,94,136,143,24,103,92,42,46,13,27,98,121,72,26,61,126,51,146,122,50,40,8,128,113,131,11,53,132,68,35,101,9,120,80,75,137,10,108,112,47,140,49,18,15,124,16,7,99,130,109,85,91,145,62,38,141,23,119
133,14,48,88,59,25,78,142,118,37,63,44,79,66,122,0,107,76,65,74,89,90,31,123,97,81,77,29,138,60,51,62,84,73,1,93,6,70,3,144,127,110,19,33,56,135,132,20,17,5,147,139,30,87,106,69,83,129,22,117,95,105,116,32,125,115,100,149,34,102,28,104,58,21,111,124,86,4,67,119,114,71,57,120,52,41,96,2,16,148,55,36,94,136,143,24,103,92,42,46,13,27,98,121,72,26,61,126,54,146,18,50,40,8,128,113,131,11,53,39,68,35,101,9,23,80,75,137,10,108,112,47,140,49,43,15,64,82,7,99,130,109,85,91,145,134,38,141,45,12
133,14,35,142,61,25,78,88,22,37,63,44,79,66,122,0,107,76,65,74,89,81,31,123,97,68,77,29,110,60,51,62,84,73,1,93,6,70,3,144,127,116,96,33,41,135,132,101,17,5,147,82,30,87,115,69,83,98,125,117,95,105,126,19,106,139,100,149,34,102,28,104,58,21,111,124,86,4,67,119,114,71,57,120,52,10,129,2,16,148,55,36,94,136,143,24,103,92,90,46,13,27,32,121,72,26,56,20,54,146,18,50,40,8,128,113,131,11,134,39,53,42,43,9,23,80,75,137,47,108,112,118,140,59,138,48,49,64,7,99,130,109,85,91,145,15,38,141,45,12
133,14,35,0,61,25,78,88,16,37,118,39,79,66,122,44,107,76,130,74,89,81,31,123,97,68,77,29,11,60,51,128,108,73,1,121,93,70,3,144,127,116,145,33,41,135,132,34,17,5,147,82,30,87,142,69,83,55,125,117,95,105,126,19,149,65,100,120,6,102,28,104,58,21,111,124,86,4,67,57,106,71,15,139,52,10,129,2,22,148,101,36,94,136,143,24,96,92,90,46,13,27,32,119,72,26,110,20,54,146,18,50,40,8,115,113,131,56,134,63,53,114,43,9,23,80,75,137,47,103,112,42,140,59,138,48,49,64,62,99,7,109,85,91,98,84,38,141,45,12
133,14,35,84,42,25,78,88,10,37,117,39,79,66,122,44,107,7,130,74,89,81,116,123,112,68,77,29,11,60,51,128,108,73,1,121,93,70,3,144,127,146,145,33,41,135,132,34,22,5,147,82,30,97,142,69,80,55,125,63,9,105,31,19,149,65,138,120,6,102,28,27,58,21,111,124,100,4,67,57,106,71,15,139,85,95,129,2,101,148,16,36,17,83,143,24,96,92,90,46,13,87,32,119,72,26,110,20,54,118,126,50,40,8,115,113,131,56,134,38,86,114,43,104,23,53,75,137,47,103,98,76,140,59,0,48,49,64,62,99,136,109,94,91,61,52,18,141,45,12
21,14,35,112,42,65,140,88,147,37,104,39,79,66,122,44,12,7,130,74,89,81,116,123,98,142,77,62,11,60,29,128,108,73,1,78,93,70,3,144,127,146,145,4,41,135,132,34,22,5,43,95,30,97,8,117,80,55,125,63,9,133,31,19,149,105,136,120,6,69,28,82,58,47,111,124,100,68,67,57,106,71,15,139,85,83,129,137,101,148,16,36,17,110,143,24,96,92,90,46,13,87,32,119,72,26,51,20,54,118,126,50,40,27,115,113,131,56,134,38,86,114,138,107,23,53,75,102,33,103,121,76,10,59,0,48,49,64,2,99,84,109,94,91,61,52,18,141,45,25
21,14,141,74,42,65,140,88,147,37,104,39,79,66,86,44,12,7,130,6,36,81,77,85,98,116,105,124,11,60,29,128,108,73,1,78,93,70,5,87,127,146,82,4,13,34,132,142,22,89,43,95,30,97,8,117,80,55,125,63,9,133,31,19,149,62,136,52,10,69,28,122,58,47,111,145,100,48,59,57,106,71,15,139,120,83,129,137,101,135,16,35,17,41,143,24,96,92,90,46,131,112,32,119,72,26,51,20,54,118,126,50,40,27,115,113,67,56,134,144,123,114,138,107,23,53,75,102,33,103,121,76,110,148,0,38,49,64,2,99,84,109,94,91,61,3,18,68,45,25
21,49,141,74,42,65,4,88,147,37,104,39,79,66,38,44,12,7,130,6,134,81,77,85,110,116,105,72,11,60,29,128,99,73,1,78,93,70,148,87,127,146,82,98,126,23,132,142,22,89,43,95,30,97,8,117,80,113,125,63,9,133,124,19,149,62,136,52,10,20,28,122,140,47,111,145,100,86,59,57,34,71,15,139,120,31,129,137,101,135,83,35,17,114,143,24,96,92,90,5,131,58,32,119,108,26,51,46,54,118,13,50,40,27,115,84,67,56,48,144,123,55,138,69,14,53,75,102,33,103,121,76,106,18,0,36,16,107,2,64,112,109,94,91,61,3,41,68,45,25
21,49,119,25,42,65,80,88,147,74,104,56,79,66,38,44,12,7,47,95,134,81,77,85,110,116,105,72,11,60,29,130,101,73,1,78,145,70,148,87,127,146,82,98,126,23,132,142,22,100,43,52,30,97,8,117,4,39,125,63,41,133,124,90,149,62,136,37,10,20,28,122,140,9,111,115,16,86,59,57,34,71,89,139,120,19,129,137,75,135,94,35,17,114,143,24,96,92,50,5,131,58,32,144,108,26,51,46,54,118,13,102,40,27,83,84,67,36,48,31,123,55,138,69,14,53,99,113,33,103,121,76,106,18,0,141,93,107,6,64,112,109,15,91,61,3,2,68,45,128
21,16,119,25,145,65,80,88,147,74,104,98,79,66,127,44,12,133,47,7,134,81,77,38,110,107,99,72,11,60,29,22,101,135,116,78,39,70,148,87,137,146,82,90,126,23,132,142,73,100,43,52,30,97,8,117,28,64,125,63,41,62,124,53,149,49,136,4,10,20,95,122,140,85,111,115,105,86,59,57,34,1,89,139,120,19,129,42,75,143,94,35,17,114,5,24,96,92,50,46,131,58,71,144,108,26,51,130,54,118,13,102,40,27,83,84,67,36,48,31,123,55,138,56,14,32,37,113,33,103,121,76,106,18,0,141,93,6,9,69,112,109,15,91,61,3,2,68,45,128
143,68,119,25,76,45,80,88,147,74,104,72,79,66,127,22,12,133,47,7,134,78,77,38,110,107,99,144,11,109,29,123,101,44,116,27,39,70,148,87,137,146,82,90,126,23,19,142,73,100,43,52,92,97,8,117,28,64,60,63,41,62,124,138,149,49,136,4,16,20,95,122,140,85,111,115,105,86,132,135,34,1,89,139,120,81,129,42,75,125,94,35,17,30,5,24,96,145,50,46,131,58,71,59,108,26,51,130,10,53,13,93,40,65,83,84,67,36,48,31,114,55,0,56,14,32,37,113,33,103,121,112,106,18,102,141,61,6,9,69,54,118,15,91,21,3,2,57,98,128
143,68,119,3,76,45,21,88,99,74,104,72,79,66,127,22,12,133,47,7,134,82,77,38,110,107,113,144,11,109,29,123,101,44,116,2,39,70,148,87,137,9,25,90,126,23,89,142,84,100,43,52,92,97,8,118,28,64,60,117,81,62,124,138,149,63,136,4,16,20,80,122,140,85,111,115,49,86,48,135,34,1,131,139,120,78,129,42,75,56,94,35,17,30,5,24,96,145,50,53,14,58,71,59,108,26,51,130,10,73,13,93,125,65,83,37,67,36,105,31,114,55,0,61,128,32,57,46,33,103,121,112,106,18,102,141,27,6,95,69,54,146,15,91,41,19,147,132,98,40
143,68,41,3,76,85,21,88,73,74,104,72,79,56,7,50,12,133,47,55,134,82,77,38,136,107,113,144,111,48,29,105,101,44,116,2,39,70,148,87,137,9,25,90,126,23,89,142,84,100,43,52,31,97,8,118,28,64,60,117,81,62,124,138,149,63,146,4,16,20,24,127,140,22,108,115,49,86,119,99,34,1,131,66,120,58,129,42,75,122,94,35,17,30,109,139,96,145,80,53,14,46,71,59,78,26,51,130,10,5,13,106,125,65,83,37,110,36,57,123,114,11,0,61,128,32,92,135,33,103,121,112,67,18,102,141,27,6,95,69,54,45,15,91,93,19,147,132,98,40
66,68,41,3,76,85,21,88,73,74,130,72,79,56,7,50,12,133,101,55,134,129,77,38,136,107,113,144,111,48,29,105,142,44,116,123,39,70,148,87,137,9,25,90,126,143,89,45,84,100,43,33,23,97,31,118,57,64,60,117,81,62,124,138,149,63,146,4,104,20,24,127,140,22,108,115,94,86,119,120,34,1,131,19,99,58,49,42,75,122,17,35,141,30,109,139,8,145,80,16,14,110,71,96,78,26,51,15,10,5,13,52,125,65,83,37,67,36,132,11,114,106,0,61,128,32,92,135,2,103,121,112,59,18,102,82,27,6,95,69,54,46,28,91,93,47,147,40,98,53
66,68,127,48,26,85,98,88,73,74,130,72,79,109,7,129,137,133,65,55,134,56,77,38,136,107,113,82,111,76,29,105,142,44,116,123,39,70,99,87,101,148,25,90,126,143,13,45,84,100,43,33,23,97,31,118,57,64,60,117,81,62,124,138,149,9,146,4,104,20,24,51,140,22,78,115,94,86,119,120,34,1,131,19,139,58,49,42,75,122,17,35,12,30,144,103,8,145,80,16,41,89,71,96,63,54,46,15,10,5,27,52,125,14,83,37,67,36,132,11,141,106,0,61,128,32,92,135,2,110,121,112,59,18,114,21,102,6,95,69,3,93,28,91,50,47,147,40,108,53
66,68,127,48,26,85,98,88,6,74,130,72,79,109,7,129,137,133,65,62,120,56,77,21,136,107,40,82,111,76,29,105,63,44,99,123,39,70,121,142,101,36,25,90,126,143,13,45,84,100,43,33,24,97,113,118,57,64,60,124,81,96,148,138,149,23,146,4,104,20,55,51,140,22,78,58,119,86,83,131,34,1,115,73,139,132,49,94,75,122,17,35,12,30,144,103,8,145,9,16,41,89,71,114,134,54,46,15,10,5,27,52,125,14,117,37,67,42,116,11,141,106,0,61,128,32,92,135,31,110,2,112,59,18,80,38,102,87,95,69,3,93,28,91,50,47,147,108,19,53
66,119,55,48,26,45,98,88,6,74,62,72,79,109,7,30,77,133,65,91,120,56,104,73,14,107,40,82,111,76,130,105,63,12,99,123,39,70,121,142,101,36,25,8,126,143,87,68,84,100,43,33,24,97,21,149,57,64,60,124,81,96,148,138,85,23,146,4,50,20,19,51,90,22,78,58,137,86,83,131,34,1,115,13,139,132,49,94,113,122,17,35,147,140,144,103,46,145,9,16,41,89,71,114,134,54,118,15,10,5,27,52,125,129,117,37,67,42,116,11,141,106,0,61,127,32,92,135,31,110,2,112,29,128,80,38,44,75,95,69,3,93,28,59,18,47,136,108,102,53
66,19,55,48,26,8,98,88,6,74,62,72,79,109,149,30,77,7,111,35,120,134,104,73,14,107,117,91,65,75,130,105,63,53,99,123,39,70,12,142,101,36,25,133,145,143,87,68,10,100,43,33,24,97,21,141,57,64,60,124,81,96,148,138,85,119,146,4,50,20,121,51,90,22,78,58,137,86,83,131,34,1,115,23,139,132,31,82,113,128,17,84,56,140,144,103,46,147,9,122,41,89,71,114,11,54,118,15,18,5,27,52,125,129,94,37,67,42,116,40,126,106,0,61,127,32,92,45,49,110,2,112,29,16,80,38,44,135,95,69,3,93,28,59,76,47,136,108,102,13
62,19,55,48,26,8,98,88,6,74,50,121,79,78,149,37,44,117,111,35,0,134,104,109,14,107,82,91,65,75,130,105,63,122,99,123,39,70,12,142,101,36,25,133,120,143,30,3,10,100,43,34,24,97,21,135,57,64,60,124,90,96,95,138,85,119,146,4,145,20,68,51,16,22,141,58,137,86,83,131,32,81,115,77,139,132,31,87,113,128,17,84,56,66,144,103,46,147,9,73,41,89,71,114,11,54,118,15,18,5,27,52,125,129,94,33,67,42,116,40,126,106,49,61,127,23,92,45,1,110,2,112,29,148,80,38,53,72,47,69,140,93,28,59,76,7,136,108,102,13
63,19,55,48,26,136,56,88,6,74,50,121,79,8,32,93,44,117,111,35,0,134,104,109,58,107,82,91,65,75,130,105,66,122,99,123,148,62,12,144,101,36,25,133,120,143,15,3,10,89,43,34,37,97,21,135,57,64,60,124,90,78,95,138,142,119,146,4,145,20,70,51,14,22,141,16,137,86,83,131,84,81,115,77,139,132,31,87,113,128,17,80,24,71,2,103,100,147,9,73,41,59,96,114,11,54,118,53,68,5,27,52,125,129,94,33,67,42,116,40,126,106,49,46,149,23,92,45,1,110,30,112,29,98,127,38,39,72,47,69,140,61,28,18,76,7,85,108,102,13
63,62,133,48,26,104,56,88,6,74,65,121,79,140,45,93,118,117,94,35,0,134,28,109,52,107,82,91,4,75,54,105,66,122,99,123,148,100,12,144,101,130,25,49,120,143,15,3,10,89,43,18,37,97,149,135,57,64,24,124,90,21,114,138,142,119,146,50,145,20,70,51,14,22,32,16,19,86,83,131,84,81,115,77,139,132,31,87,113,128,17,80,111,71,2,103,137,147,9,73,41,59,96,116,11,58,141,53,68,5,27,40,125,129,44,33,67,42,136,55,126,106,95,46,60,23,92,78,1,110,30,112,29,98,127,38,39,72,47,69,8,61,36,34,76,7,85,108,102,13
63,112,133,48,26,104,61,118,6,37,65,105,79,140,45,93,21,49,94,35,0,134,28,109,52,107,82,91,4,75,54,42,66,122,99,123,148,86,12,144,101,130,8,74,141,143,15,100,10,89,149,18,43,111,72,135,57,64,24,124,90,70,114,9,142,119,146,50,145,20,96,51,14,22,32,41,19,103,83,38,84,81,115,77,139,132,31,87,113,128,17,80,120,71,2,121,137,147,56,73,3,59,25,116,11,58,1,53,117,5,27,40,125,129,44,33,67,60,136,55,126,106,95,46,138,23,92,78,68,110,30,62,29,98,127,97,39,131,47,69,16,88,36,34,76,7,85,108,102,13
63,112,133,2,26,97,61,90,6,40,53,67,79,140,94,93,21,49,33,105,0,134,28,109,52,107,82,65,64,75,56,42,104,122,99,124,148,86,12,144,101,130,8,74,141,143,15,100,10,89,149,18,43,111,69,135,57,136,24,45,4,70,114,9,142,119,146,50,145,20,96,51,14,22,32,41,19,103,83,38,84,81,48,77,139,132,31,87,113,128,91,80,120,71,44,121,137,147,123,73,3,59,118,116,11,37,1,125,117,5,27,58,72,25,66,129,54,108,39,55,126,106,95,60,138,23,92,78,68,110,30,62,29,98,127,115,35,131,47,17,16,88,36,34,76,7,85,46,102,13
63,112,133,2,26,97,61,106,6,40,17,67,79,140,94,93,21,49,33,105,0,134,22,109,52,143,28,65,89,75,56,42,104,90,99,124,15,86,85,144,101,130,8,74,141,69,148,100,10,128,149,18,43,111,125,135,131,136,24,45,4,70,110,9,142,119,29,50,145,20,96,51,14,114,47,41,19,103,83,82,84,81,48,77,139,132,31,53,113,7,23,80,120,71,44,121,137,147,107,73,3,59,57,116,11,146,1,32,117,5,91,58,72,123,66,129,54,108,12,55,126,27,95,60,138,38,92,78,68,25,30,62,37,98,127,115,35,64,39,122,16,88,36,34,76,87,118,46,102,13
63,112,133,2,26,12,61,23,43,40,59,67,79,140,94,93,21,49,33,105,121,134,22,109,52,143,28,65,89,75,56,42,104,90,99,124,130,86,85,97,101,6,8,74,141,0,148,100,107,66,55,129,144,111,125,135,131,102,24,45,14,70,110,9,142,4,29,50,145,38,96,51,30,114,47,41,19,103,83,136,84,81,48,77,139,132,31,53,113,7,17,106,120,15,44,119,137,147,149,73,3,36,71,82,18,146,1,32,117,5,91,58,72,123,10,116,54,108,11,20,126,27,95,60,138,69,92,78,68,25,57,62,37,98,127,115,35,64,128,122,16,88,39,34,76,87,118,46,80,13
63,112,133,135,26,85,61,23,43,143,118,67,79,140,94,93,21,49,77,105,124,134,5,109,52,108,28,65,22,75,56,42,34,90,99,40,130,86,136,97,101,6,8,74,141,0,148,100,107,66,55,129,144,111,125,88,131,84,24,45,14,70,110,9,142,4,102,50,145,38,96,122,59,114,47,41,19,103,83,29,64,30,48,89,139,132,31,69,121,7,17,113,120,2,44,119,137,147,149,73,3,36,71,82,18,146,1,32,117,53,91,58,106,123,10,81,72,104,11,20,126,27,95,60,138,51,92,78,68,25,57,62,37,98,127,115,35,12,128,46,16,15,39,13,76,87,33,116,80,54
63,112,23,135,26,85,61,121,43,143,118,95,79,140,94,93,21,33,104,107,124,134,5,12,52,59,28,60,22,78,56,114,34,42,99,40,130,86,136,97,101,6,8,74,141,77,109,100,90,66,55,129,144,29,125,88,131,81,24,45,14,70,110,9,142,4,102,50,145,38,96,122,89,84,47,41,19,103,83,111,64,30,48,71,139,132,31,69,120,7,108,113,17,2,44,119,0,147,67,73,3,36,49,82,18,105,1,32,117,53,91,75,106,123,146,51,72,133,11,20,126,27,148,65,138,10,92,137,68,25,57,62,37,98,127,115,35,149,128,46,16,15,39,13,76,87,58,116,80,54
18,112,23,135,51,85,122,121,43,98,118,95,79,140,94,93,21,33,109,107,81,134,5,39,72,59,28,60,29,78,56,114,34,42,99,40,130,86,136,97,101,6,8,74,141,57,46,100,90,66,55,104,144,25,125,88,131,124,24,45,14,37,110,9,132,4,102,50,145,142,96,26,89,84,47,41,19,103,83,111,64,30,48,71,139,63,31,69,120,7,108,113,17,2,44,119,0,117,67,16,52,36,49,82,22,105,38,32,11,53,91,75,106,123,146,77,138,133,61,20,126,27,73,65,148,10,92,137,68,3,87,62,70,129,127,115,35,149,128,12,143,15,1,13,76,147,58,116,80,54
18,112,29,135,143,27,122,67,43,98,9,95,79,140,11,93,21,33,56,148,81,134,5,39,72,59,28,32,121,78,66,114,34,60,99,40,130,86,136,97,101,6,44,74,141,57,46,100,90,149,55,104,144,25,125,88,131,124,24,45,14,77,110,118,138,4,102,50,145,142,96,26,89,84,47,41,70,85,83,111,64,30,42,71,139,63,31,69,94,7,108,113,37,2,54,119,0,117,107,23,52,36,49,82,137,105,38,103,22,53,91,75,106,123,146,19,120,133,61,20,126,10,73,65,51,16,92,17,68,3,87,62,132,129,127,115,35,8,128,12,48,15,1,13,76,147,58,116,80,109
11,112,29,135,143,27,55,67,43,18,9,78,13,140,99,93,21,33,50,148,95,134,5,39,72,59,28,32,121,128,66,114,98,60,61,40,130,117,136,97,101,6,44,46,68,57,86,100,79,122,62,104,144,25,125,88,131,124,24,45,14,77,110,118,56,4,102,81,0,142,96,17,89,84,47,41,70,85,83,111,64,30,42,71,139,63,31,69,94,7,145,34,37,2,54,119,51,115,107,23,52,36,49,82,137,105,38,103,22,53,91,75,106,123,132,19,120,149,74,20,126,10,73,65,113,16,92,90,133,3,87,35,108,129,127,26,138,8,146,12,48,15,1,141,76,147,58,116,80,109
11,112,29,135,143,120,47,67,43,18,57,78,13,140,99,93,109,33,50,148,87,34,30,39,72,59,81,32,3,5,66,114,98,60,61,136,130,117,126,97,101,6,44,46,68,15,86,54,21,122,62,104,9,25,55,88,131,124,24,45,14,115,110,118,56,28,102,79,0,128,96,17,89,84,27,41,70,85,83,142,64,111,42,71,139,63,31,69,94,95,145,125,37,2,4,119,51,100,107,23,52,36,49,144,137,105,38,103,22,53,91,75,106,123,132,19,116,149,74,20,82,10,73,65,113,16,92,77,133,146,7,35,108,129,127,26,138,8,90,12,48,40,1,141,76,147,58,134,80,121
11,112,29,135,143,120,47,67,116,18,57,131,96,140,99,93,109,64,21,1,92,34,30,148,72,59,81,32,3,5,66,114,98,33,61,136,130,117,126,97,101,6,44,46,68,15,86,54,37,122,62,104,9,25,55,88,103,124,24,45,17,115,110,118,56,28,102,79,0,128,125,43,89,84,27,41,70,85,83,75,142,78,42,71,105,63,31,69,94,95,145,77,147,111,91,119,51,100,107,23,52,36,2,144,137,60,38,82,22,53,134,80,106,14,132,19,13,149,74,20,39,10,4,65,87,16,49,113,133,146,7,35,108,129,127,26,138,8,90,12,48,40,139,141,76,50,58,73,123,121
11,112,29,135,143,120,47,67,35,18,91,131,96,140,99,93,109,64,21,1,92,104,30,81,56,122,110,32,3,5,137,114,98,116,61,136,130,117,126,97,101,6,129,46,68,15,86,54,37,62,72,13,9,26,76,88,103,124,24,45,17,77,84,118,149,28,102,127,0,128,125,43,89,7,27,41,70,85,83,75,142,78,42,71,105,63,31,69,94,95,145,25,147,111,40,119,51,44,107,23,52,36,2,144,141,60,38,82,22,53,134,80,106,59,132,19,115,74,14,20,39,10,4,65,87,16,49,113,133,146,79,33,57,34,55,138,108,8,90,12,48,100,139,148,66,50,58,73,123,121
66,46,93,135,143,120,146,67,35,136,91,131,96,140,99,62,109,64,21,1,92,104,30,81,103,122,48,32,3,5,137,114,98,116,61,55,130,117,126,97,101,134,129,94,68,15,86,54,37,83,72,13,9,123,76,88,19,124,108,45,17,77,84,118,149,28,11,127,106,128,125,43,89,7,27,29,70,85,90,75,142,78,95,71,105,63,31,69,110,26,145,25,147,18,40,119,51,44,107,23,52,36,2,144,141,60,38,82,22,73,14,80,47,59,132,102,0,74,12,20,39,10,4,65,87,16,49,113,133,56,79,33,57,34,53,138,6,8,112,41,115,100,139,148,42,50,58,24,111,121
66,46,93,135,143,120,146,67,53,136,71,131,96,140,99,62,109,64,21,1,3,104,30,111,103,42,139,124,48,5,137,114,50,89,61,55,130,117,126,97,101,98,129,35,68,15,86,54,37,83,72,13,9,123,81,88,19,32,108,45,17,77,84,118,149,28,11,127,26,128,125,43,91,7,27,29,113,85,90,75,142,78,95,94,105,63,31,69,110,49,87,25,147,18,40,106,51,44,107,23,52,36,112,92,141,60,76,82,22,73,100,80,47,34,132,102,0,59,12,20,39,10,4,65,38,16,145,119,133,56,79,33,57,116,122,138,6,8,74,41,115,144,70,148,14,2,58,24,134,121
