0,1,2,3,4,5,6,7,8,9,10,11,12,13,14,15,16,17,18,19,20,21,22,23,24,25,26,27,28,29,30,31,32,33,34,35,36,37,38,39,40,41,42,43,44,45,46,47,48,49,50,51,52,53,54,55,56,57,58,59,60,61,62,63,64,65,66,67,68,69,70,71,72,73,74,75,76,77,78,79,80,81,82,83,84,85,86,87,88,89,90,91,92,93,94,95,96,97,98,99,100,101,102,103,104,105,106,107,108,109,110,111,112,113,114,115,116,117,118,119,120,121,122,123,124,125,126,127,128,129,130,131,132,133,134,135,136,137,138,139,140,141,142,143,144,145,146,147,148,149
107,1,43,103,4,5,97,136,92,9,86,117,52,140,14,3,13,145,65,19,20,21,22,23,24,81,26,27,28,29,30,31,42,33,34,35,8,37,93,39,6,41,18,149,44,66,46,119,48,2,50,51,15,63,54,55,56,57,67,59,60,131,10,82,64,123,58,74,68,69,36,71,87,73,113,135,132,11,70,49,80,61,79,83,84,85,127,78,16,126,90,91,75,115,25,95,96,124,98,99,100,101,102,129,104,105,106,77,108,109,110,111,112,89,114,130,116,88,118,17,45,121,122,94,72,125,138,76,128,40,137,47,120,133,134,12,32,0,143,139,146,141,142,53,144,62,38,147,148,7
107,92,43,109,91,115,97,136,133,103,13,117,138,12,14,81,82,50,65,19,83,5,3,23,24,99,22,27,32,29,30,31,90,94,34,146,110,141,25,39,131,41,18,149,44,102,93,61,7,2,20,119,15,63,54,55,0,57,53,59,37,6,10,111,64,51,58,74,84,69,36,68,87,21,75,86,132,11,70,49,46,4,79,26,16,85,127,78,28,126,71,60,113,38,76,95,96,124,98,80,100,101,145,9,104,105,129,77,108,67,1,88,73,89,114,130,116,125,118,33,45,121,122,48,72,42,66,112,128,40,137,47,120,52,134,140,135,35,143,139,56,106,142,123,144,62,8,147,148,17
107,92,78,109,66,80,97,136,25,103,13,117,21,12,14,81,32,50,65,19,83,57,90,23,24,99,102,5,20,112,130,31,17,94,34,147,110,82,85,39,35,41,18,149,44,138,93,61,7,128,86,1,16,63,54,142,42,87,53,59,120,37,10,111,129,51,58,52,84,69,36,68,132,47,22,115,38,75,133,49,73,4,79,96,70,46,127,30,91,126,71,89,113,28,76,146,101,124,98,11,100,27,145,9,104,105,141,77,95,67,74,29,144,119,114,48,116,125,118,0,45,121,122,8,72,15,43,55,6,123,137,26,131,143,3,140,135,2,88,139,56,106,64,108,33,62,40,60,148,134
95,92,78,119,148,80,58,136,25,88,13,84,21,12,14,19,76,35,42,129,83,57,90,23,103,27,149,5,113,55,130,31,139,94,34,147,93,82,85,39,106,41,122,52,38,72,29,61,7,60,30,1,16,54,133,142,145,87,102,59,46,20,10,111,47,51,126,98,65,69,36,68,132,125,22,86,91,75,97,49,73,81,79,96,70,33,128,124,115,120,71,89,146,15,28,123,101,138,53,11,100,99,127,8,104,105,109,77,37,67,74,63,144,18,114,48,116,6,118,0,45,121,32,141,108,112,43,135,117,9,137,26,131,143,3,140,44,2,107,50,56,4,64,66,17,62,40,110,24,134
95,33,109,83,31,80,14,82,25,88,27,143,146,12,63,19,76,35,20,90,102,141,112,21,103,100,57,5,113,55,136,120,9,94,17,147,93,1,85,127,106,41,122,126,38,58,53,61,7,60,30,125,16,97,144,44,145,87,101,59,46,42,10,111,47,51,52,98,65,69,36,68,89,79,117,13,91,75,29,39,86,81,72,96,70,73,54,124,115,133,45,49,50,15,28,123,78,138,135,64,130,99,119,8,104,105,149,11,37,131,74,129,4,18,114,48,116,6,118,0,67,121,134,148,108,32,43,139,128,92,137,26,71,132,3,140,142,24,107,34,56,22,2,66,77,62,40,110,23,84
111,33,109,83,5,34,14,80,25,88,27,113,31,129,63,19,104,35,20,59,102,48,112,21,84,44,57,103,41,116,11,18,6,94,17,147,93,144,85,127,106,126,45,131,38,58,148,61,7,95,30,125,16,146,23,90,145,87,141,47,107,42,92,98,72,51,52,4,65,69,121,68,89,79,117,13,91,75,77,39,86,81,1,0,10,73,71,133,55,46,12,49,122,15,36,123,78,60,135,64,130,99,119,2,120,105,149,96,37,100,74,101,110,22,29,139,28,118,136,70,67,8,134,115,108,124,43,137,128,54,50,26,114,132,3,140,142,24,53,138,56,97,32,66,82,62,40,9,76,143
51,33,109,83,14,34,144,80,25,88,27,113,108,131,63,54,104,62,20,112,1,98,9,21,84,61,57,37,41,2,49,18,6,94,35,147,93,60,85,71,87,126,45,68,38,58,148,16,7,133,30,99,28,118,23,11,73,29,8,47,146,42,119,66,72,59,52,4,143,69,121,139,107,111,117,13,91,100,81,39,86,17,141,0,10,12,65,136,55,46,19,36,122,15,43,127,114,97,135,64,130,138,106,123,120,105,149,48,128,103,74,101,110,22,75,77,116,31,140,70,67,44,134,115,78,124,79,137,5,90,50,26,125,132,3,129,142,24,53,96,95,92,32,89,82,102,40,56,76,145
117,37,109,40,14,34,106,143,25,35,27,91,108,115,127,54,104,57,12,112,62,98,51,21,84,60,85,125,41,2,67,103,50,94,82,147,128,1,59,71,87,29,45,68,61,58,36,26,83,133,30,38,28,122,23,11,120,3,8,47,146,130,119,66,72,139,52,4,6,69,121,118,9,111,65,13,19,80,81,39,86,17,141,20,10,138,144,136,100,46,145,93,42,15,142,43,16,97,99,88,73,90,63,148,131,105,135,48,7,126,114,101,110,22,75,77,116,31,74,70,55,44,134,5,78,124,79,137,149,107,18,49,92,132,0,129,33,24,53,96,95,64,32,89,113,102,123,56,76,140
117,40,109,53,14,138,82,126,26,120,47,127,108,115,29,130,129,57,102,112,62,98,51,21,80,60,85,91,41,2,5,103,28,94,56,147,128,149,59,71,87,74,50,92,61,90,36,34,83,133,30,70,131,122,110,11,25,38,20,63,72,35,1,66,145,139,101,4,6,69,121,118,23,42,65,13,19,18,81,39,86,17,141,15,10,119,144,136,84,46,37,93,143,58,142,3,16,24,99,111,73,89,43,148,140,105,135,107,12,27,31,114,77,22,75,55,116,48,146,88,9,44,134,104,78,124,79,97,68,8,7,49,52,132,0,106,33,125,45,96,95,64,32,100,113,54,123,137,76,67
117,40,144,53,14,138,133,97,79,105,7,127,108,115,29,30,129,57,102,17,62,66,51,41,80,112,85,91,110,45,5,103,92,94,96,19,121,149,140,71,122,0,28,25,61,90,36,34,83,10,126,101,131,95,2,11,55,38,20,143,72,35,93,73,82,139,47,4,6,69,56,118,23,1,65,13,59,18,3,39,50,78,141,15,74,119,42,136,26,46,104,100,145,58,67,86,16,120,99,111,84,89,43,148,12,130,135,75,21,27,134,114,128,22,9,68,116,48,146,88,107,63,124,60,33,142,81,37,125,8,147,49,52,132,24,106,87,98,70,31,109,64,32,77,113,54,123,137,76,44
9,54,144,21,100,48,133,97,91,105,55,127,70,89,123,30,129,57,102,79,49,66,51,41,19,112,80,1,110,53,106,98,42,29,96,3,121,13,10,59,134,0,28,2,61,90,36,34,83,139,126,84,131,95,117,11,14,38,108,143,122,111,20,73,82,142,115,31,6,7,76,118,23,43,65,85,37,17,25,39,50,78,141,15,56,119,69,136,26,46,104,18,145,58,124,86,16,120,99,40,74,4,93,148,12,72,135,75,101,27,47,114,128,125,92,68,116,67,146,130,107,63,149,60,33,24,81,45,87,8,147,22,103,132,94,88,62,52,35,140,109,64,32,77,113,44,5,137,138,71
19,54,144,21,73,48,43,64,124,111,82,127,70,89,57,61,129,132,112,79,49,35,23,85,59,20,80,113,110,53,106,41,42,2,67,76,4,13,51,100,0,98,28,32,91,90,36,34,96,139,126,84,131,37,117,140,14,77,108,97,122,115,38,30,123,142,27,83,104,7,125,118,107,145,65,147,105,17,25,9,50,78,141,15,56,119,69,136,135,46,31,18,55,58,1,86,16,120,143,40,99,133,93,68,12,72,66,75,101,8,47,102,128,3,92,6,116,130,146,10,44,63,149,60,33,24,81,45,87,11,95,22,134,29,94,88,62,52,103,148,74,39,114,121,109,138,5,137,26,71
135,52,133,21,73,0,43,64,124,2,8,75,143,89,60,61,115,79,112,76,18,35,23,81,59,20,80,113,148,70,39,26,42,51,67,96,129,82,111,85,127,144,28,19,140,90,1,34,41,72,126,71,131,37,117,57,14,108,4,97,88,58,38,30,123,142,27,65,104,7,125,118,134,145,91,147,105,17,77,99,50,78,32,48,56,119,69,136,83,46,31,12,55,87,5,33,16,120,53,40,106,149,54,68,25,6,66,122,101,141,47,102,128,3,92,130,116,49,146,10,44,121,36,63,11,24,132,45,86,84,95,22,110,29,94,100,62,15,103,9,74,139,114,107,109,138,98,137,13,93
125,52,2,119,73,0,69,66,124,34,126,91,143,89,138,61,127,102,41,76,18,35,23,81,22,20,104,113,148,145,39,15,80,51,114,96,4,82,40,85,64,97,28,19,140,90,1,88,133,72,50,71,131,37,117,57,14,108,62,79,24,58,38,135,137,142,27,65,112,29,87,78,134,49,43,147,48,17,77,99,45,55,32,74,56,26,67,118,84,7,31,95,149,63,5,33,139,92,53,107,106,11,54,68,25,6,70,122,101,141,47,83,128,3,98,30,116,136,146,10,44,121,36,12,42,115,132,86,129,105,144,46,110,75,94,100,111,8,103,9,16,21,120,60,109,123,130,59,13,93
125,52,146,119,73,0,3,66,124,2,95,28,46,89,138,39,85,102,23,54,18,35,143,26,22,20,104,21,148,145,34,92,80,14,114,96,4,74,40,129,64,97,108,19,140,90,41,50,1,72,76,33,134,59,117,69,37,12,62,79,24,58,112,135,67,91,103,142,121,38,87,82,147,49,88,16,48,6,77,99,45,55,32,65,43,78,29,139,106,7,57,10,149,133,5,44,126,109,53,107,27,11,31,130,25,86,70,122,101,136,47,131,128,84,98,30,116,15,61,63,113,118,36,127,42,115,132,68,56,105,144,51,110,75,94,100,111,8,17,9,71,81,120,60,83,123,137,141,13,93
125,52,146,46,48,0,73,135,124,57,95,109,38,19,138,93,23,102,71,21,86,103,143,26,22,20,104,25,148,145,41,64,59,94,14,92,4,74,40,129,76,97,18,77,67,78,66,50,112,106,142,33,134,62,35,69,105,42,47,121,24,58,110,30,37,91,120,99,114,87,54,90,147,49,88,16,96,34,89,79,45,55,32,65,43,85,29,139,132,7,82,10,117,133,5,44,126,39,53,136,27,11,119,130,80,31,70,122,101,61,131,108,128,84,98,118,116,15,1,63,113,100,36,127,111,28,72,68,56,12,144,51,2,75,115,149,140,8,17,9,3,81,6,60,83,123,137,141,13,107
29,52,146,46,54,0,136,77,124,57,95,8,38,61,106,72,23,74,71,21,41,84,12,26,22,47,104,25,148,97,3,64,59,94,14,24,4,132,40,129,76,7,18,117,67,78,135,50,112,9,142,27,75,86,102,123,87,42,34,121,105,133,110,58,114,68,120,99,138,37,33,88,101,49,90,16,96,143,44,2,45,55,108,65,43,85,79,109,119,19,82,107,48,69,5,32,126,39,91,53,93,11,103,130,80,31,70,122,73,139,131,10,128,89,98,118,127,15,1,63,113,100,92,36,66,28,30,111,56,137,144,51,62,134,115,149,140,125,17,145,35,81,6,60,83,13,147,141,116,20
97,52,146,28,93,51,102,131,124,54,95,136,129,91,117,56,18,74,71,30,41,96,50,26,22,49,104,38,148,127,31,64,59,94,3,24,4,132,40,145,23,7,82,105,98,84,135,55,76,101,37,77,75,86,67,123,87,42,34,121,9,133,110,68,114,109,14,99,138,5,33,88,21,36,90,16,122,100,142,2,80,25,108,65,43,85,79,60,119,19,0,107,48,69,116,32,126,39,8,53,143,11,78,106,130,1,70,58,73,61,57,10,128,89,15,118,47,12,120,144,113,139,13,29,66,44,17,111,45,137,112,103,62,134,115,149,140,125,92,63,35,81,6,27,83,72,147,141,46,20
97,52,90,28,93,51,1,9,124,146,98,119,14,91,117,0,18,74,129,5,41,143,70,123,20,49,104,110,69,127,120,64,103,94,3,56,4,132,40,145,23,7,82,22,29,84,135,55,76,105,37,59,71,47,136,131,10,42,34,121,106,133,140,118,114,109,148,99,138,21,33,50,95,36,141,16,142,88,48,2,80,75,108,65,43,85,79,86,96,73,13,107,31,72,116,32,126,39,128,53,60,102,19,134,25,101,68,58,8,67,57,24,38,89,61,77,15,12,147,144,113,78,26,130,66,44,17,111,45,137,112,11,62,27,115,100,139,125,54,63,35,81,6,92,83,149,30,87,46,122
36,52,90,59,93,51,1,73,124,146,98,66,14,61,18,97,132,136,69,88,113,143,13,109,45,12,37,145,28,127,120,38,103,20,3,137,4,133,40,79,65,23,82,119,0,25,135,55,33,105,7,60,29,47,91,131,6,42,34,94,110,64,140,118,117,41,148,111,138,21,15,129,95,76,141,16,142,10,48,2,80,75,108,70,43,85,74,86,84,56,50,107,106,72,123,104,22,39,128,49,126,102,19,134,96,63,68,116,8,67,57,24,114,89,32,77,139,54,147,144,58,78,26,30,121,44,17,53,5,130,112,11,62,27,115,100,35,125,31,101,9,81,99,92,83,149,71,87,46,122
36,52,45,59,93,51,1,73,127,118,81,98,55,146,18,97,132,136,69,39,113,27,0,109,121,101,37,22,28,79,13,53,54,57,3,137,102,133,40,83,90,23,140,104,80,25,135,78,33,107,9,60,82,124,91,131,47,42,123,94,31,64,89,35,117,103,148,65,138,106,15,129,95,76,49,16,142,141,48,2,110,75,38,70,43,85,74,71,84,56,50,20,105,41,66,12,72,7,128,108,4,120,19,134,96,122,68,112,8,67,88,24,114,10,32,77,139,58,147,144,63,17,26,30,21,119,86,14,143,130,111,11,5,145,115,100,44,125,6,29,116,62,99,92,126,149,61,87,46,34
110,52,45,10,93,51,1,73,59,53,81,123,55,146,21,97,64,136,144,36,79,27,69,138,121,118,37,86,129,98,109,32,92,57,67,137,38,133,40,83,90,23,72,104,80,25,42,78,33,107,9,134,82,124,63,131,47,94,132,96,31,49,135,145,39,103,91,65,85,106,15,56,95,76,5,16,142,141,48,3,108,75,0,70,43,60,139,71,84,77,50,2,66,41,117,122,12,20,17,35,4,120,19,22,128,148,68,112,140,89,88,24,113,99,54,6,28,7,147,74,101,58,13,30,125,119,8,14,143,130,111,11,26,127,115,100,18,116,44,29,114,62,105,102,126,149,61,87,46,34
110,101,45,89,93,52,1,73,59,53,97,128,123,60,21,58,133,46,144,36,79,131,69,138,121,114,37,86,2,98,109,99,104,57,67,40,88,124,100,83,90,137,72,30,80,78,63,51,33,107,9,134,55,10,136,15,47,94,129,96,31,49,115,145,27,44,42,65,38,85,62,56,95,125,5,118,142,141,70,3,108,75,0,14,43,146,126,71,84,77,81,105,66,64,117,122,12,106,17,35,4,68,19,22,116,28,25,112,140,41,91,24,113,48,54,132,20,7,34,74,16,61,13,82,148,120,32,130,143,139,111,11,26,127,39,147,18,8,6,29,76,135,23,102,119,149,103,87,50,92
4,101,78,89,93,52,1,51,2,53,35,114,123,60,21,58,77,88,100,64,3,131,9,138,146,43,132,86,148,36,109,99,104,134,67,39,62,124,22,40,95,137,59,30,83,70,26,79,33,107,14,54,55,10,136,15,47,94,65,23,31,128,133,145,37,44,102,17,38,85,72,56,147,125,140,118,142,141,120,144,108,75,0,61,7,50,126,71,84,91,81,105,66,5,103,122,12,106,115,97,135,68,57,129,116,28,25,112,98,41,76,24,113,48,6,42,20,80,34,74,16,96,27,82,13,63,32,121,143,139,111,11,49,127,46,73,18,8,45,90,29,69,130,117,119,19,110,87,149,92
89,101,85,93,83,121,132,68,117,10,92,114,123,149,81,58,77,88,100,125,3,95,60,138,118,43,147,86,16,36,109,107,56,57,67,2,62,41,51,40,5,137,59,30,133,104,26,79,102,53,14,54,55,18,11,15,47,94,65,23,31,128,130,20,37,4,97,111,38,127,72,9,48,108,140,39,64,141,120,144,1,124,0,61,7,50,122,71,75,91,134,105,66,142,103,84,12,106,115,76,135,33,63,129,116,28,25,112,98,70,52,126,136,35,6,42,17,82,34,74,131,96,27,73,13,99,32,21,143,139,113,119,49,24,46,22,29,8,45,90,44,69,148,78,145,80,110,87,19,146
102,139,85,149,83,121,132,7,72,10,92,114,123,99,81,58,77,80,100,112,3,5,60,138,118,96,44,86,16,17,109,107,56,143,1,2,133,41,11,40,27,137,146,30,57,104,66,76,48,53,136,89,55,18,144,84,47,94,65,23,31,128,45,20,37,4,6,63,38,46,64,49,14,108,140,39,54,79,120,21,68,125,0,33,88,50,122,71,61,91,134,32,67,142,116,129,12,106,115,35,135,127,15,59,141,28,25,36,98,110,52,126,97,70,51,42,43,82,34,74,131,117,105,22,147,8,75,62,111,93,113,119,9,24,26,103,29,13,130,90,69,124,148,78,145,101,95,87,19,73
27,139,104,149,144,121,113,7,72,43,92,133,82,99,68,84,77,81,100,18,71,5,60,138,118,96,73,86,29,24,28,107,56,143,1,136,134,41,11,122,85,137,4,30,120,12,66,76,48,58,53,89,16,25,75,14,6,94,65,23,31,8,128,20,112,110,114,63,38,108,64,49,33,146,140,39,119,54,148,21,79,111,0,19,88,34,50,42,61,91,35,32,67,142,98,129,3,106,115,131,135,127,15,90,44,141,123,36,132,2,52,126,97,10,51,59,102,116,40,74,45,117,105,22,147,125,109,62,17,93,46,57,9,103,26,47,80,13,130,70,69,124,55,78,145,101,95,87,37,83
62,114,104,149,120,121,113,7,85,144,92,86,83,112,16,4,97,81,124,18,90,118,60,138,53,45,73,130,29,24,12,139,56,143,28,136,134,41,94,122,77,137,71,30,65,69,66,61,23,58,102,117,47,25,75,142,6,35,99,46,43,8,128,20,91,110,125,129,38,108,64,49,68,78,140,39,119,54,148,21,5,127,48,82,88,34,50,42,3,133,1,32,67,27,98,31,135,106,115,131,57,37,15,19,44,141,111,36,132,0,52,126,100,10,51,59,11,76,40,74,63,14,105,22,107,72,109,84,17,93,70,147,9,103,26,146,80,13,2,101,145,79,55,96,116,89,95,87,123,33
62,114,71,149,119,121,113,7,85,144,92,24,14,61,83,139,17,81,31,2,90,118,60,4,53,45,73,86,29,138,27,26,56,143,146,68,134,41,94,40,84,88,22,30,124,107,63,76,23,58,102,49,112,25,75,96,70,35,99,46,6,8,127,20,131,110,125,129,38,108,64,82,106,39,140,120,65,47,18,21,36,87,48,142,137,34,50,42,12,122,1,15,67,74,98,79,136,32,115,78,57,37,28,135,44,141,111,77,132,0,103,126,100,69,51,59,11,133,54,97,5,19,104,3,128,72,52,16,105,93,117,147,9,130,148,66,80,13,109,101,145,10,55,91,116,89,95,43,123,33
62,114,71,41,32,60,113,7,85,144,27,1,14,30,52,139,17,10,31,2,29,127,42,4,115,55,51,67,92,138,74,26,98,143,142,64,134,56,24,40,84,88,22,146,124,25,49,76,13,58,86,9,112,94,75,73,118,35,99,46,80,48,128,20,3,50,119,131,38,108,72,82,106,39,140,120,81,47,18,34,36,149,97,19,137,83,121,90,12,122,96,110,54,70,61,79,136,15,129,78,57,65,68,135,44,141,111,77,132,0,23,87,100,69,126,59,53,103,45,37,5,43,104,21,102,11,6,16,105,28,117,147,63,130,148,66,107,8,109,101,145,93,133,91,116,89,95,125,123,33
62,114,71,41,32,40,113,29,85,144,27,1,53,119,48,139,17,66,98,136,147,127,89,4,59,126,63,103,92,138,125,128,115,143,142,64,134,56,24,39,68,72,22,101,124,25,77,76,13,58,86,9,112,75,132,141,140,35,117,60,30,0,61,20,3,50,99,131,109,108,18,31,106,88,47,120,82,38,84,34,36,149,94,19,73,91,121,90,12,122,96,118,46,26,55,79,97,10,129,78,57,65,111,135,44,74,15,42,146,8,23,87,100,137,7,11,133,70,45,37,5,67,104,21,102,69,6,16,105,28,43,49,80,130,148,123,107,51,2,52,145,93,54,14,116,33,95,83,110,81
62,141,71,41,80,40,113,26,85,112,27,1,10,119,81,122,17,66,98,136,147,28,54,4,111,133,20,103,92,138,125,128,115,143,32,146,134,84,89,135,68,72,22,60,70,25,11,121,13,58,75,29,36,39,132,42,140,8,117,74,30,0,61,101,3,107,99,131,34,108,18,31,106,56,52,76,24,38,53,109,47,59,116,19,73,91,35,90,14,126,9,104,46,82,55,79,97,64,129,67,57,65,16,86,142,139,15,44,33,118,23,43,100,137,45,120,77,78,144,63,5,87,124,21,102,69,6,149,105,12,88,49,127,130,148,123,50,51,2,94,145,93,114,96,37,48,95,83,110,7
85,141,71,41,80,40,113,26,9,112,27,94,10,119,136,122,0,66,98,117,115,5,8,4,111,133,20,87,60,138,65,75,97,143,105,146,139,50,89,91,3,72,22,53,2,25,11,23,68,103,132,1,147,47,55,42,140,14,81,149,30,104,61,109,63,70,99,131,34,108,18,134,28,129,54,76,24,12,37,84,31,59,116,19,73,101,35,90,86,126,128,45,74,82,46,79,58,148,17,67,57,32,62,64,13,123,15,44,33,118,29,43,100,137,96,120,77,78,144,92,38,121,124,21,16,69,6,39,107,125,88,49,56,130,135,52,102,51,127,142,145,93,114,36,106,48,95,83,110,7
85,50,91,41,80,143,148,26,33,112,106,100,10,119,136,113,36,66,127,117,115,5,70,4,111,133,20,87,75,138,65,53,139,24,35,146,123,38,62,30,57,79,22,89,2,25,122,23,68,96,132,72,130,47,55,42,140,14,81,149,147,104,44,109,63,145,82,99,34,9,142,134,28,129,54,102,95,98,37,84,144,64,116,19,97,101,13,46,86,126,128,45,40,125,141,94,58,1,17,67,103,32,77,71,83,59,15,114,73,118,110,43,131,137,8,120,90,61,3,92,31,121,124,21,16,69,6,39,78,105,88,49,56,107,74,52,18,51,108,76,29,93,135,0,60,48,12,11,27,7
18,145,91,59,80,143,141,32,33,112,106,148,85,66,54,24,36,26,127,117,115,20,133,4,111,70,7,87,75,100,119,68,95,110,35,146,123,51,62,30,42,50,22,52,63,27,122,23,136,96,132,57,55,29,25,93,140,14,81,56,147,104,130,139,67,5,64,16,34,9,128,107,92,129,21,102,53,98,37,84,144,138,116,19,97,101,13,76,86,126,28,113,40,125,72,94,65,1,15,134,89,58,77,71,83,44,61,114,73,118,41,43,38,137,8,149,90,120,3,10,31,121,124,109,131,69,6,39,78,105,88,49,45,17,74,79,135,82,108,99,60,47,46,0,103,48,12,11,142,2
79,146,115,120,9,66,55,32,59,112,20,148,85,36,12,92,0,26,67,133,54,98,141,4,131,70,7,8,18,127,100,68,69,110,86,142,123,51,62,145,42,50,22,2,63,27,122,23,136,29,132,57,40,109,25,93,91,14,81,56,35,104,130,24,11,5,48,87,89,31,128,102,147,13,21,95,53,113,37,84,144,138,34,19,97,6,77,76,72,126,28,61,129,117,16,94,111,52,15,134,99,58,119,71,83,44,1,114,73,118,41,43,38,137,139,149,90,75,3,10,80,105,124,101,30,140,107,39,78,106,88,49,45,17,74,116,135,82,108,47,60,96,46,121,103,64,65,143,125,33
79,41,118,120,107,67,55,69,53,39,56,2,85,36,11,143,123,40,49,133,90,98,141,4,104,70,7,8,18,124,100,60,23,110,46,6,24,147,62,64,42,50,22,12,75,122,47,63,136,61,132,57,142,144,25,93,91,14,5,58,35,20,51,108,37,103,48,112,89,31,21,109,32,13,127,3,68,113,87,84,114,138,34,19,59,115,77,76,72,126,28,102,129,117,131,94,111,52,15,146,99,26,119,71,83,44,1,66,73,88,16,43,38,137,139,86,145,97,116,128,80,105,0,101,30,140,149,92,78,106,9,81,45,17,74,148,135,82,130,27,134,96,10,121,95,29,65,54,125,33
79,133,37,120,107,52,55,104,66,63,56,2,76,45,11,143,44,40,28,147,116,98,108,18,109,13,130,8,39,124,100,17,58,90,69,6,24,89,62,64,42,50,95,12,75,122,70,25,136,61,0,9,99,123,115,93,91,14,5,35,144,31,51,119,49,22,48,129,85,7,21,47,32,127,141,60,68,20,87,73,114,138,34,19,59,112,77,41,36,126,142,102,113,117,131,94,111,96,15,46,53,26,128,4,54,103,1,110,132,88,16,43,38,137,139,71,57,97,23,84,80,105,3,146,30,140,149,92,118,106,101,81,33,78,74,148,135,82,67,27,134,86,10,121,145,29,65,83,125,72
127,133,37,118,52,9,55,135,66,63,26,2,76,45,102,143,149,40,28,147,116,62,7,18,109,81,33,87,110,75,12,17,41,90,148,6,24,130,113,137,95,50,57,112,36,122,34,11,136,61,0,129,99,142,115,104,91,14,15,47,144,124,51,67,59,22,120,16,85,4,21,58,32,35,141,60,68,20,119,73,114,138,123,19,107,131,77,54,125,126,25,64,106,117,98,94,96,71,8,46,53,44,128,93,111,103,1,70,132,69,31,27,38,42,139,39,100,97,23,84,80,105,56,146,3,140,79,92,48,30,101,49,43,78,74,89,108,82,88,13,134,86,10,121,145,29,65,83,5,72
52,88,37,86,31,55,123,102,68,63,26,2,76,107,35,104,149,98,69,140,116,40,100,34,109,61,33,87,110,75,80,17,41,90,89,62,78,139,113,137,95,50,25,112,36,108,60,143,136,118,0,129,99,142,115,18,126,14,15,54,114,124,11,67,59,22,7,57,1,4,135,58,120,28,141,16,128,20,119,73,133,45,29,19,32,131,77,138,71,48,9,53,24,117,64,94,96,66,8,46,74,44,81,6,111,103,85,70,132,51,83,27,38,42,47,39,125,97,23,144,106,105,56,146,3,93,79,92,65,30,101,130,43,12,91,49,21,82,122,13,134,84,10,121,145,147,148,127,5,72
52,88,37,86,31,80,123,102,68,56,26,122,76,64,134,104,108,6,30,140,84,40,100,94,29,112,51,87,93,32,16,27,41,3,73,35,9,139,36,137,95,50,110,2,4,62,60,143,78,118,0,61,99,13,144,18,126,14,149,54,114,42,11,67,59,147,7,57,1,113,135,125,120,129,79,28,128,20,119,47,133,45,69,19,115,131,55,103,71,48,107,77,24,117,58,98,65,66,34,17,74,44,81,138,92,46,85,70,132,121,83,8,38,15,63,39,33,136,23,75,22,105,141,146,89,25,106,90,124,53,101,130,43,12,91,49,21,82,111,96,97,116,142,10,145,109,148,127,5,72
82,88,37,86,31,30,140,55,68,56,26,122,105,146,134,104,97,6,81,73,84,40,100,28,29,64,51,45,42,112,47,27,41,89,18,25,85,131,36,137,95,50,110,108,3,147,111,132,78,52,21,60,99,24,144,76,126,123,149,109,35,117,13,87,59,32,114,7,1,113,135,93,120,4,79,125,57,20,119,143,102,127,69,106,94,80,77,103,71,48,107,141,67,115,58,129,23,133,34,17,74,44,62,138,92,46,66,70,128,121,54,8,38,15,63,39,33,136,83,75,22,2,19,142,16,139,14,90,124,53,101,130,43,12,91,49,116,61,0,96,11,118,98,10,145,9,148,65,5,72
82,139,104,86,31,99,140,55,61,63,26,122,30,97,134,117,37,6,5,41,89,40,23,44,108,64,60,87,42,112,47,58,28,111,18,25,49,83,36,137,95,50,121,12,3,34,68,132,38,52,21,43,123,24,144,76,126,141,149,73,35,45,13,56,10,32,114,7,1,29,135,93,103,8,79,125,57,20,11,143,19,142,69,106,94,91,77,14,71,48,90,66,67,115,100,129,127,133,131,102,74,39,88,138,146,59,81,78,128,110,84,54,80,15,85,46,33,136,51,75,22,62,113,17,16,27,147,4,124,53,101,130,92,119,120,107,116,105,0,96,109,118,98,2,145,9,148,65,70,72
82,139,74,86,31,59,140,135,61,63,26,122,30,18,134,117,50,6,9,55,40,119,23,112,65,13,60,87,25,128,47,58,28,111,37,8,132,33,36,5,131,106,121,95,143,34,114,145,0,52,21,43,123,24,78,76,64,141,149,41,35,45,125,56,10,98,15,68,1,29,71,49,103,147,137,146,57,20,11,118,19,142,69,32,94,144,77,116,100,2,126,91,67,79,73,138,127,133,108,102,93,39,88,12,44,99,81,38,101,110,84,97,80,66,85,46,3,7,51,75,22,62,113,17,16,27,48,4,124,136,104,53,115,54,120,107,14,105,92,96,109,130,83,72,89,129,148,42,70,90
125,79,74,1,31,148,140,51,61,89,26,109,130,18,134,117,50,16,9,57,40,85,23,112,149,13,56,87,25,128,33,144,65,58,37,82,27,43,36,5,131,106,121,95,97,67,114,145,0,52,21,143,7,141,78,76,100,59,142,41,35,45,88,49,10,98,8,68,44,29,126,102,103,136,119,146,108,20,83,118,19,38,69,32,94,147,77,116,113,138,22,34,46,60,73,120,127,63,135,47,93,39,2,12,55,99,6,124,137,110,84,3,80,66,123,71,139,15,122,75,133,62,81,17,111,28,48,4,101,53,104,132,115,54,64,107,14,105,92,96,30,11,70,72,91,129,24,42,86,90
125,79,118,1,31,75,140,51,61,122,136,109,90,141,95,130,126,16,9,57,40,85,81,106,62,13,56,50,112,87,33,144,65,58,25,82,34,43,36,148,131,103,121,97,35,23,91,60,3,77,146,143,7,27,14,76,100,59,52,41,72,54,88,49,10,98,117,68,44,29,20,139,145,120,18,70,93,119,83,45,89,4,69,32,94,39,102,116,113,107,22,5,46,134,15,92,127,63,135,47,108,129,2,73,55,74,6,124,137,110,84,38,80,66,123,138,96,149,147,37,133,19,128,17,111,28,48,26,99,53,104,132,115,21,64,114,101,105,71,0,30,11,12,142,78,67,24,42,86,8
72,71,118,1,120,75,140,128,69,6,136,52,99,141,102,130,57,16,80,123,147,45,81,34,62,13,56,50,36,132,58,144,65,33,25,82,126,116,20,148,131,15,121,97,35,23,91,60,3,77,146,143,70,27,54,76,100,59,125,4,47,115,112,105,90,98,117,68,51,29,111,139,145,95,10,101,93,119,14,38,89,92,31,32,106,49,18,44,103,113,122,5,79,134,9,83,127,2,135,46,87,129,41,40,55,74,109,124,137,110,84,88,108,66,61,138,96,39,22,94,43,19,42,17,133,37,48,26,7,53,28,85,63,21,64,114,73,104,149,0,30,11,12,142,78,67,24,107,86,8
72,71,118,1,120,104,140,76,116,6,106,63,99,141,102,130,57,28,80,123,137,129,0,126,62,13,115,46,87,32,58,144,65,33,124,60,7,20,16,148,64,15,121,97,35,23,91,75,3,77,12,139,70,27,54,31,26,59,125,4,39,40,112,105,34,98,43,68,82,128,111,83,52,95,10,117,93,119,14,56,113,145,132,30,49,38,18,44,86,88,147,5,79,134,81,51,127,74,135,21,89,109,41,45,55,100,2,53,101,61,84,146,108,66,110,138,96,9,90,94,69,19,42,17,133,37,48,92,36,114,47,85,136,122,131,29,73,143,149,103,24,11,22,142,78,67,50,107,25,8
116,40,134,147,120,104,75,76,146,6,106,63,99,141,102,30,103,117,136,123,137,78,129,126,33,77,101,46,87,32,127,144,91,133,124,60,35,20,45,148,109,15,0,97,1,23,42,18,3,83,11,139,131,27,54,31,26,59,125,4,62,21,112,105,34,74,80,68,82,128,39,92,52,95,10,110,93,119,14,55,115,145,132,118,58,2,89,22,86,88,43,5,79,28,71,56,25,140,135,13,48,49,113,65,67,50,121,53,70,61,84,7,108,130,51,138,96,9,98,94,69,12,64,17,66,37,81,72,36,114,47,85,57,122,100,29,73,143,149,41,24,16,111,142,44,19,90,107,38,8
68,40,134,67,56,104,121,63,95,6,50,45,4,141,102,30,99,117,136,123,137,146,129,126,23,77,101,46,87,32,21,144,29,133,55,60,35,91,120,149,139,15,0,97,1,69,42,124,53,83,11,65,131,52,107,54,26,59,125,122,62,103,112,105,34,74,18,138,82,145,39,92,148,89,10,110,76,147,47,13,115,22,132,118,128,140,78,108,86,88,48,5,33,38,43,3,25,109,79,71,58,75,113,31,49,116,80,93,70,2,20,7,127,130,51,143,96,9,98,94,135,12,85,17,64,37,81,72,36,114,16,27,57,119,100,61,73,106,14,41,84,111,24,142,44,19,90,28,66,8
105,40,13,77,64,104,68,58,95,6,50,45,4,130,96,30,99,63,136,123,48,129,110,126,23,61,89,79,87,51,21,44,29,133,55,60,35,56,120,149,139,37,57,119,47,69,108,124,19,83,11,70,131,52,42,91,26,59,135,122,62,103,112,100,34,74,18,121,118,66,39,92,148,82,10,141,76,147,25,67,15,22,132,16,128,12,53,138,86,142,140,5,107,38,3,46,145,146,1,125,90,28,113,85,49,116,80,93,134,2,20,7,127,137,117,143,71,9,98,94,106,144,43,17,97,102,81,72,75,114,32,27,115,33,101,109,73,31,14,41,84,111,24,88,54,65,0,78,36,8
105,55,13,131,9,79,68,60,95,6,50,45,129,130,96,30,90,63,121,123,5,113,19,126,94,140,89,91,87,51,21,44,3,133,142,48,8,102,120,7,139,58,57,24,47,69,108,110,16,33,11,70,77,4,42,103,26,59,22,122,62,38,112,100,34,135,18,28,86,66,39,35,148,20,99,141,76,1,25,88,73,37,132,31,128,12,53,138,117,27,82,147,107,104,64,46,145,146,10,125,56,78,119,85,49,40,80,93,74,114,118,83,127,137,144,23,71,92,98,61,106,52,136,17,43,15,81,116,75,29,32,124,115,134,101,109,41,67,14,97,84,111,2,143,54,65,0,149,36,72
105,55,102,131,9,17,89,66,16,50,147,73,129,130,18,68,90,124,121,123,79,113,19,126,94,93,29,91,87,51,67,103,122,133,142,48,8,46,120,118,139,44,27,24,77,62,108,74,69,33,11,70,100,4,37,140,31,59,22,95,86,38,112,149,14,135,116,28,99,63,39,141,148,35,1,53,58,20,25,88,76,21,6,13,137,12,97,30,117,92,23,110,107,104,64,0,145,146,10,115,56,78,119,85,49,40,80,128,132,114,47,83,42,45,57,82,71,7,98,138,106,52,136,125,43,15,81,61,75,60,32,5,34,134,101,109,41,127,26,111,144,3,2,143,54,65,96,84,36,72
53,55,76,98,9,17,89,66,16,131,51,73,129,11,18,137,75,124,121,127,143,39,19,126,94,43,29,91,90,123,67,112,140,133,142,48,44,138,120,118,119,132,70,24,145,62,63,74,128,33,88,97,100,4,65,79,95,59,22,38,86,25,1,149,35,111,83,28,50,130,47,141,148,41,61,146,58,20,77,108,8,21,6,69,147,27,32,30,117,92,23,110,107,104,64,0,102,7,10,115,56,78,96,85,49,40,80,71,26,114,113,13,42,45,116,82,31,52,68,37,87,12,136,125,139,15,81,14,103,60,105,5,34,134,93,109,46,99,101,106,144,3,122,57,54,135,2,84,36,72
53,55,66,43,39,32,56,81,16,131,145,73,59,11,18,137,46,13,129,45,143,25,19,76,63,106,65,95,90,123,67,112,29,133,91,48,98,138,72,38,119,132,70,9,61,62,84,74,128,80,111,114,34,135,24,44,87,88,22,118,86,7,1,60,121,17,83,28,50,130,47,141,148,124,10,35,58,20,41,108,8,75,6,69,147,104,27,30,117,92,23,110,107,51,64,0,3,79,149,126,14,68,96,85,49,102,4,71,26,33,113,142,42,78,116,82,31,52,94,37,146,12,40,125,139,15,136,120,103,93,105,5,99,134,77,109,115,97,101,100,144,89,127,57,54,140,2,21,36,122
53,121,141,60,39,32,56,48,16,68,46,73,25,11,95,14,125,13,94,131,83,143,19,76,132,43,111,37,96,66,7,112,29,133,91,1,98,138,12,118,119,15,70,9,120,69,84,59,4,80,28,5,34,135,24,72,87,106,22,3,128,124,114,144,38,17,88,67,50,130,47,123,148,126,10,35,58,20,30,108,82,75,129,74,54,104,27,116,117,92,23,110,41,51,63,0,18,79,149,109,105,137,6,85,49,102,26,71,44,33,113,142,42,78,86,65,31,52,45,64,107,55,61,36,40,146,136,62,103,93,8,139,99,134,77,90,115,97,101,100,81,89,127,57,147,140,2,21,145,122
53,95,118,51,39,88,56,90,16,98,46,73,25,122,107,14,125,138,52,131,83,108,19,18,72,43,111,129,58,66,62,112,29,133,91,1,145,109,48,0,119,15,59,9,11,69,84,141,4,128,143,5,96,68,28,121,87,106,22,116,120,124,114,144,147,17,117,67,94,130,47,2,148,126,10,35,6,20,30,34,76,75,82,103,149,80,27,37,146,38,23,110,7,135,63,3,134,79,86,40,105,137,113,85,49,92,26,71,44,64,50,142,42,78,74,65,31,100,45,123,12,55,132,77,115,32,136,102,33,93,8,139,99,60,54,70,101,97,41,24,81,89,127,57,13,140,61,21,104,36
63,95,74,51,14,67,57,90,128,98,46,73,25,122,53,20,125,117,50,30,72,135,55,18,70,69,111,129,58,66,83,112,29,123,39,1,114,109,43,0,12,88,59,9,11,116,84,120,47,142,68,5,96,82,119,121,136,106,138,133,105,23,108,144,147,17,86,60,94,130,56,49,148,41,10,35,6,131,33,34,76,75,15,103,62,80,27,37,146,38,19,110,7,87,89,54,134,79,118,149,77,13,113,85,52,92,26,145,44,22,31,107,42,78,4,21,126,100,45,28,71,141,132,143,115,32,48,102,124,93,8,139,99,64,40,3,101,97,65,24,81,91,127,2,137,140,61,16,104,36
100,95,68,107,14,67,50,69,144,35,46,62,55,122,1,88,125,133,51,30,72,93,81,112,70,13,146,129,58,66,73,117,29,123,39,64,114,109,57,0,98,128,59,83,11,116,84,120,47,36,124,5,96,82,106,121,19,136,138,61,105,23,80,3,147,134,86,20,94,130,56,139,148,15,10,48,6,76,33,75,111,99,31,103,25,135,27,37,12,38,131,110,7,87,89,54,9,41,118,149,45,85,113,108,52,92,119,145,44,22,49,53,16,78,4,60,126,142,63,28,71,141,79,143,115,77,43,102,104,101,8,21,132,18,40,42,90,97,65,24,34,91,127,2,137,17,32,26,140,74
100,105,77,107,14,67,4,21,144,39,50,62,8,85,130,88,125,133,42,30,72,49,81,112,98,13,64,129,58,139,38,117,29,123,46,71,114,109,95,0,92,128,59,10,140,116,84,120,127,36,124,17,96,82,106,68,19,45,76,61,138,23,80,3,147,24,99,20,94,86,56,40,148,34,110,75,60,32,33,65,111,113,31,103,25,135,27,37,12,131,51,146,93,22,89,54,5,41,118,149,47,121,9,108,52,97,119,145,44,70,134,53,87,78,143,15,126,142,63,28,57,141,35,16,115,6,48,102,104,83,137,43,132,18,136,69,90,122,11,91,7,73,74,2,79,55,101,1,26,66
100,105,77,121,14,67,18,61,144,39,50,62,8,113,130,124,51,133,4,30,48,49,81,112,123,35,64,129,13,139,38,88,29,98,136,71,97,109,95,93,37,128,126,104,16,116,54,120,127,115,46,125,96,82,106,56,19,107,99,59,114,23,17,3,147,84,10,20,94,86,145,40,138,34,72,47,36,76,53,65,66,75,31,103,15,135,45,27,12,131,68,146,80,119,32,21,5,52,42,149,148,0,9,108,111,101,2,92,44,70,134,85,87,78,143,117,33,142,25,28,57,141,118,90,60,6,22,102,110,83,137,43,132,89,24,69,58,122,55,91,7,73,74,140,79,1,63,41,26,11
17,1,77,121,69,67,105,61,99,39,147,133,141,113,129,109,41,100,12,30,58,29,81,112,123,35,53,84,13,139,38,111,120,98,136,31,36,82,95,93,37,128,102,104,16,116,83,33,127,115,108,97,96,75,106,56,19,107,28,59,114,131,89,14,6,48,10,20,94,86,145,9,138,64,4,47,130,76,21,132,66,65,124,103,15,135,45,49,18,34,68,146,80,3,32,27,88,144,42,142,148,0,62,5,126,101,2,92,44,70,134,85,87,40,72,11,125,8,25,71,50,143,118,90,60,78,22,119,54,57,24,43,23,79,52,149,110,122,55,91,7,73,74,140,137,117,63,46,26,51
28,75,77,33,69,97,84,61,2,0,147,133,141,16,111,41,11,100,19,30,58,127,81,112,83,35,27,123,13,139,38,107,120,98,136,31,36,82,95,93,37,67,129,104,54,116,146,99,90,115,108,21,96,60,39,135,113,118,124,62,114,131,3,14,12,29,74,20,6,86,145,94,109,64,102,47,130,76,55,9,66,65,137,138,15,106,45,49,10,34,121,103,80,53,117,59,88,144,44,105,56,46,134,4,126,101,5,92,79,70,48,85,87,40,72,17,125,8,25,71,50,143,142,128,89,78,110,119,68,57,24,148,23,63,52,149,132,122,42,91,7,73,1,22,43,140,18,32,26,51
28,75,113,90,69,97,84,61,100,0,147,133,141,16,37,41,11,32,19,78,87,72,81,112,83,30,27,144,13,139,5,40,120,98,136,31,99,111,93,51,54,67,33,104,132,39,46,116,146,115,38,49,96,60,70,135,53,118,122,62,114,47,3,14,119,29,74,20,6,86,145,2,109,64,102,107,130,131,103,9,129,89,123,117,82,106,36,66,10,34,121,24,108,76,52,65,88,63,44,105,134,137,101,4,127,12,80,92,94,126,48,57,85,21,56,35,125,8,25,71,50,143,142,42,95,58,110,73,68,79,15,148,23,128,140,149,124,59,77,91,7,55,1,22,43,45,18,17,26,138
28,26,21,90,146,91,43,36,12,29,147,133,141,16,37,41,11,67,19,78,129,105,40,140,64,30,27,144,56,72,139,4,120,61,136,126,74,111,93,106,125,85,33,87,132,81,46,45,94,115,109,0,51,60,66,135,3,118,122,62,117,47,114,14,22,54,104,20,84,73,96,2,86,92,102,107,130,131,103,9,44,32,38,75,53,69,100,39,10,34,121,24,108,76,52,65,88,63,119,13,134,89,101,49,127,112,80,31,83,137,48,57,142,116,123,35,128,8,25,71,50,143,113,42,95,58,110,5,68,82,15,98,23,97,77,149,124,59,6,79,7,55,1,99,148,145,18,17,70,138
106,26,21,90,20,76,43,103,18,60,147,133,119,16,137,65,11,149,5,109,129,105,0,140,64,30,53,144,128,72,139,4,131,8,130,126,9,111,93,87,37,85,33,92,132,81,46,80,94,115,12,78,51,95,66,135,3,118,122,86,117,127,45,54,22,67,104,14,84,38,27,2,136,73,49,107,69,40,39,134,44,32,99,75,19,98,58,101,10,1,121,24,74,62,52,148,88,63,61,13,41,89,15,28,25,112,141,31,83,50,48,57,142,116,123,35,29,114,36,71,34,143,113,70,102,96,110,146,68,82,6,120,23,97,77,47,124,59,125,100,7,55,56,91,108,145,42,17,79,138
27,26,21,24,108,76,43,67,60,30,41,133,119,81,54,65,11,47,5,69,148,3,0,140,64,149,66,70,73,20,139,83,131,8,130,61,9,111,93,87,37,85,33,113,132,82,4,123,94,72,79,78,99,95,103,135,138,118,122,86,117,127,45,107,110,38,49,59,84,105,62,2,42,58,74,13,147,40,39,134,80,32,104,75,19,98,17,101,92,1,121,50,46,18,52,12,88,63,102,7,10,89,109,28,25,112,141,31,6,14,48,57,115,116,22,35,29,114,36,128,34,142,90,144,137,96,106,146,15,51,129,143,23,97,77,136,124,68,125,100,44,55,56,91,120,145,16,53,126,71
27,26,141,67,65,76,43,102,60,6,119,133,97,68,54,51,3,47,5,69,148,48,0,140,64,149,24,78,73,20,125,83,10,17,16,87,9,111,93,96,41,85,52,114,132,82,4,123,129,72,79,33,99,95,45,135,94,118,138,30,117,127,112,107,110,8,144,15,84,105,62,2,42,58,18,13,130,40,39,134,80,88,116,75,108,35,128,101,136,1,121,50,70,109,21,22,131,63,32,7,49,89,37,81,12,55,86,31,25,14,38,57,106,36,113,139,29,145,104,147,34,142,90,46,137,92,11,146,122,59,98,143,23,53,77,115,124,19,74,100,44,103,56,91,120,66,28,61,126,71
132,113,141,67,1,76,18,69,60,6,75,133,97,142,54,51,122,47,5,45,148,27,0,19,4,149,80,95,73,20,125,72,139,83,16,87,9,111,93,48,89,85,52,140,24,82,71,136,110,137,79,33,99,2,102,128,94,119,138,30,117,127,112,107,61,129,145,116,31,105,62,96,42,41,3,13,130,121,39,134,104,88,44,64,108,35,15,63,43,36,101,50,65,109,114,25,131,58,32,7,49,123,37,81,12,55,86,106,84,14,38,57,22,40,29,91,26,8,78,147,34,90,10,46,103,92,11,56,28,120,98,143,23,53,77,115,124,135,74,100,21,59,68,144,118,66,70,146,126,17
132,116,141,67,1,14,18,69,53,83,121,133,122,142,33,51,41,47,5,45,58,27,134,19,4,149,112,95,73,2,114,72,139,6,16,87,91,111,93,145,89,85,52,20,24,60,70,140,110,137,79,40,99,103,102,128,94,119,138,30,82,104,0,81,61,107,136,15,31,105,62,96,42,12,3,13,143,108,39,74,135,88,37,64,54,35,131,68,43,36,101,115,65,113,146,25,90,125,80,7,49,17,84,32,86,55,38,11,129,29,148,57,22,106,109,75,26,8,44,147,46,56,10,63,78,92,50,34,28,120,98,76,117,66,77,130,124,123,59,100,21,48,23,144,118,127,97,9,126,71
145,116,141,67,1,14,142,64,97,18,121,49,148,70,33,73,41,20,5,45,102,27,140,19,138,149,76,95,40,24,114,53,139,15,105,87,83,81,93,124,89,85,13,68,69,47,25,46,110,137,60,71,99,103,111,128,94,119,90,96,82,51,0,7,136,109,10,16,31,11,62,129,42,12,3,117,143,108,39,78,135,88,37,29,91,35,131,74,43,36,101,115,65,113,107,72,79,77,48,61,104,23,84,32,86,55,112,2,17,80,132,57,22,106,58,75,26,8,30,133,122,56,52,63,147,92,4,34,28,120,98,54,130,66,146,50,6,123,59,100,21,134,44,144,118,127,125,9,126,38
133,116,141,128,1,14,142,104,97,18,60,49,148,70,98,73,37,20,5,45,102,27,110,19,138,122,76,96,24,46,113,105,146,114,74,87,85,81,93,124,117,6,13,68,120,59,25,34,30,23,71,50,139,103,111,57,94,119,90,106,82,51,0,7,136,109,10,16,44,95,92,67,42,12,3,130,112,108,83,78,135,29,144,31,91,35,140,137,43,36,21,64,65,33,22,72,79,41,48,61,101,77,84,32,15,107,53,2,17,147,132,62,47,80,4,75,26,8,89,131,58,56,52,121,40,63,55,39,69,88,143,54,149,66,129,86,11,123,145,100,99,134,28,115,118,127,125,9,126,38
133,116,141,72,1,62,142,101,97,40,60,32,148,70,149,73,37,4,5,45,31,27,95,19,138,122,8,96,75,46,111,105,56,114,74,94,85,109,3,42,117,6,91,68,120,59,112,107,30,108,71,50,124,103,18,57,52,51,90,13,82,20,0,7,136,26,130,16,44,144,34,67,10,38,146,14,100,128,17,78,135,102,131,92,118,35,140,137,66,36,87,64,65,89,113,49,79,41,48,145,127,119,81,121,61,23,53,2,123,147,132,21,47,80,110,84,104,83,76,93,15,29,77,58,24,63,55,39,69,88,143,54,22,43,129,86,11,98,25,12,99,134,28,115,106,139,125,9,126,33
133,116,141,72,2,75,12,101,97,85,60,15,148,70,149,73,37,127,5,45,42,92,95,19,20,122,71,96,54,46,55,84,56,41,107,94,59,138,3,51,8,6,13,68,120,121,61,44,86,34,131,9,146,103,18,57,104,58,90,98,63,111,0,16,136,7,130,76,40,144,1,67,109,38,4,14,10,128,17,78,135,102,32,124,39,35,140,21,66,36,28,64,50,89,113,49,79,100,48,145,117,119,81,31,134,23,53,118,123,105,43,132,47,80,110,52,87,83,24,30,82,29,77,137,27,106,91,142,69,88,143,114,22,74,129,26,11,62,25,65,99,93,108,147,112,139,125,115,126,33
133,85,141,0,2,75,12,125,114,108,27,10,148,70,149,89,37,97,5,45,42,92,33,19,20,122,71,96,54,46,55,105,56,140,129,93,3,17,138,34,127,116,22,68,143,106,62,44,86,146,131,32,43,115,18,103,130,58,90,98,63,111,87,145,136,7,118,76,48,101,1,67,109,38,4,14,29,128,107,78,53,102,135,124,39,35,72,99,66,8,28,64,50,144,113,49,100,59,60,126,117,79,16,31,134,23,121,6,123,21,120,40,47,80,110,52,91,83,24,30,61,36,77,137,104,15,51,142,69,88,132,25,119,84,73,26,11,9,139,65,41,81,13,147,112,57,95,94,82,74
133,105,69,0,2,75,72,142,114,53,93,145,34,50,143,141,7,44,5,129,17,92,33,112,20,122,149,96,54,46,55,10,131,87,81,77,140,82,138,124,127,116,22,68,37,106,57,49,103,146,83,32,43,115,18,136,27,58,21,71,107,111,63,62,120,130,118,76,48,110,1,67,101,38,45,148,29,128,109,6,3,102,135,125,39,35,139,99,60,8,28,64,134,144,113,108,100,13,91,11,117,79,16,31,51,23,121,24,123,70,78,40,47,80,89,12,90,59,56,19,61,36,85,137,104,15,66,52,126,88,132,25,119,84,73,26,86,9,4,65,41,14,98,147,97,30,95,94,42,74
133,57,69,131,32,75,128,142,16,40,118,145,34,50,44,141,108,143,5,129,17,140,110,112,20,15,149,96,54,46,72,10,56,87,81,64,7,82,9,124,39,58,22,68,37,106,24,49,103,146,83,27,43,30,18,36,119,137,42,71,107,111,63,62,120,130,33,76,116,77,78,65,101,38,134,88,29,135,136,6,132,102,28,1,138,35,139,99,60,113,53,41,61,144,122,100,52,4,91,11,117,79,2,105,51,23,121,115,123,70,13,66,127,47,89,12,90,86,45,19,31,0,85,21,104,148,125,114,126,59,109,25,55,84,67,26,98,48,73,3,92,14,80,147,97,8,95,94,93,74
63,57,69,131,125,23,10,12,132,71,82,67,34,50,44,96,24,143,101,129,65,100,3,102,137,144,149,70,54,46,88,15,56,87,72,64,7,140,111,124,115,39,22,108,68,106,78,94,103,146,83,0,43,30,18,36,119,116,42,75,112,141,17,62,120,130,33,110,16,61,37,127,107,38,134,29,80,86,136,81,77,40,28,1,138,35,139,99,60,113,53,41,90,98,122,74,52,4,91,11,117,79,2,105,51,20,121,95,123,6,13,66,8,73,89,21,5,31,45,19,76,58,85,32,9,93,135,114,126,59,109,25,55,84,128,26,148,48,118,49,92,14,142,147,97,47,104,145,27,133
63,57,49,131,95,132,72,67,26,71,82,68,122,16,44,77,117,29,101,56,114,100,3,102,137,144,149,70,54,46,88,15,126,20,47,64,18,140,148,61,115,27,139,141,87,106,78,73,120,146,12,0,43,30,33,36,119,34,94,75,112,39,103,129,123,79,96,10,91,48,37,83,116,110,28,109,98,86,136,81,127,40,69,1,138,35,42,99,60,113,53,41,90,107,145,74,52,4,2,24,111,45,7,105,128,108,121,17,135,6,13,66,8,80,62,21,5,31,125,19,76,58,85,32,9,93,11,59,124,134,38,25,55,84,65,130,89,23,118,22,92,14,142,147,97,143,104,51,50,133
63,57,127,135,82,66,72,67,144,71,91,68,122,16,44,138,117,29,136,56,114,55,3,102,137,118,34,140,54,46,143,26,126,20,47,42,18,128,148,61,37,27,94,141,87,106,78,73,120,146,12,92,43,30,33,36,22,65,95,35,83,75,103,38,59,107,96,10,4,48,149,70,116,110,28,132,98,86,0,69,81,40,133,100,50,19,14,99,60,113,15,41,90,51,145,74,24,5,108,53,111,45,101,105,52,131,121,109,123,77,13,97,8,80,88,21,6,31,125,58,11,62,85,32,1,93,17,49,9,134,2,76,139,84,119,130,89,23,112,25,7,39,142,147,129,115,104,124,79,64
146,87,144,135,82,66,72,1,32,51,91,116,122,105,62,138,117,29,136,69,3,55,12,4,137,118,34,103,54,8,95,26,46,85,73,42,60,128,148,61,37,27,94,141,131,106,10,71,120,143,6,92,43,30,89,14,22,65,100,35,114,9,126,96,20,58,39,33,18,48,149,70,52,110,28,16,98,86,0,63,23,68,133,101,50,19,81,59,140,113,40,41,108,99,145,74,24,67,139,53,111,45,75,56,5,109,121,7,123,77,13,97,132,80,88,83,47,31,125,104,11,102,57,107,78,93,17,127,79,134,2,76,15,84,119,130,90,115,112,25,147,21,142,38,129,44,49,124,36,64
94,56,144,135,82,66,11,143,32,61,91,116,122,14,23,121,63,29,148,16,117,70,12,105,137,118,62,103,109,8,38,26,46,85,73,42,60,45,55,79,37,27,6,141,131,5,101,71,95,17,127,92,43,4,13,104,22,65,100,81,114,9,126,75,20,58,39,120,18,48,30,64,52,51,133,54,28,50,0,147,34,68,89,90,31,69,10,59,3,106,40,41,136,110,145,74,24,67,139,53,111,96,130,72,49,35,138,7,123,146,57,97,132,80,88,33,47,86,125,84,108,102,19,107,78,93,124,140,99,134,2,87,15,113,119,83,77,115,112,25,149,21,142,128,129,44,76,98,36,1
36,21,144,135,62,40,134,73,60,61,91,116,122,4,23,34,63,92,148,16,117,70,143,45,137,118,39,103,112,127,38,71,48,35,105,42,96,145,55,14,37,27,6,141,149,108,12,15,30,17,94,82,43,129,64,104,22,65,100,81,90,26,126,58,20,11,131,120,19,79,18,33,52,51,133,54,28,50,0,85,140,109,69,5,31,7,10,142,3,106,114,41,136,128,95,74,24,67,139,53,66,89,130,72,49,56,110,138,123,9,57,8,132,80,88,2,47,86,125,84,59,102,101,107,78,93,124,32,99,29,146,87,97,113,83,76,77,115,25,68,75,121,13,147,119,44,111,98,46,1
36,62,52,103,64,88,14,27,31,61,91,116,142,53,123,34,122,92,148,16,51,70,143,45,66,118,39,134,112,127,63,121,48,35,105,42,96,77,55,29,37,32,144,141,149,108,12,15,110,40,117,82,6,129,100,43,76,65,119,23,132,26,79,90,20,11,131,13,19,57,86,33,17,49,124,126,72,50,75,85,140,109,135,5,94,7,10,4,3,106,114,41,73,128,95,71,24,67,22,99,47,89,130,136,21,56,146,138,38,9,0,8,145,104,18,2,107,93,58,84,59,102,101,81,78,28,74,69,60,80,125,87,97,113,83,115,30,137,25,68,54,139,120,147,133,44,111,98,46,1
36,35,52,103,149,97,14,27,31,132,91,86,32,53,123,34,122,92,111,138,126,70,143,100,66,118,112,148,135,127,7,62,48,67,105,42,96,77,43,5,136,39,144,17,145,9,110,15,46,65,117,1,6,129,59,41,115,61,119,23,24,26,79,51,20,11,131,13,19,57,76,63,81,37,124,40,139,50,113,85,140,142,45,55,94,134,10,4,21,106,114,29,73,88,101,71,64,125,82,99,3,89,130,69,121,56,146,54,38,16,0,8,104,72,18,2,107,93,108,12,75,102,90,49,78,28,74,47,33,80,60,87,109,141,83,95,116,137,25,68,84,30,120,147,133,44,58,98,22,128
65,35,52,103,90,97,14,27,95,132,36,86,32,91,123,34,107,53,111,138,126,70,114,120,136,10,112,139,135,145,7,62,73,67,105,42,96,92,43,131,141,39,48,134,41,101,110,15,116,100,117,1,6,93,59,122,94,61,119,23,26,74,79,71,20,24,144,129,19,29,76,63,2,37,124,11,115,44,31,85,140,142,45,55,13,68,46,4,21,106,64,50,99,137,143,127,5,125,9,130,88,89,66,69,121,17,146,77,38,16,104,8,118,28,18,51,58,72,108,22,75,102,57,49,78,81,56,47,33,80,60,87,109,12,83,148,3,54,25,128,84,30,113,147,133,40,98,149,82,0
89,28,61,103,13,112,75,27,95,132,36,139,32,94,53,110,107,118,111,138,126,62,145,120,133,10,44,14,113,131,64,56,73,67,105,88,41,57,70,37,101,39,35,134,48,81,45,15,116,100,117,123,29,93,59,43,6,86,119,23,26,74,3,142,20,24,144,129,19,40,60,63,2,66,124,11,84,21,31,85,91,42,127,55,1,68,46,114,96,79,51,50,115,137,122,77,5,125,34,130,99,71,128,69,121,17,146,49,38,16,104,8,76,92,18,97,58,72,108,65,136,102,9,7,78,143,140,47,33,80,106,87,109,12,83,148,147,54,25,141,135,30,22,90,52,4,98,149,82,0
89,28,145,84,13,112,36,123,4,132,128,139,32,94,53,110,107,149,111,5,126,124,91,120,133,10,44,14,113,131,82,127,73,8,105,88,11,136,59,37,101,67,35,134,48,138,45,15,72,100,117,83,95,93,125,43,68,79,119,148,26,38,3,142,20,6,144,129,16,40,60,65,2,66,85,74,39,61,41,106,81,42,116,31,1,143,46,114,96,21,51,104,115,137,24,64,118,77,34,130,99,47,147,58,121,17,146,19,55,0,69,56,76,92,63,97,70,50,108,25,90,102,9,7,71,12,140,122,33,80,62,87,29,57,49,86,98,54,109,141,135,23,22,78,52,18,27,30,75,103
110,28,11,84,13,112,75,123,79,134,107,30,108,94,53,27,119,39,89,54,126,124,91,120,133,80,44,105,141,47,82,127,73,70,16,50,95,136,59,37,101,67,21,35,116,131,45,15,72,100,117,83,149,93,32,43,86,22,17,148,139,38,3,104,106,6,144,129,88,40,66,85,2,5,57,74,29,48,41,118,81,122,98,31,132,143,46,14,96,103,51,111,115,142,24,64,146,113,9,130,99,68,147,58,121,42,71,60,55,0,69,56,76,92,63,8,34,20,61,25,90,102,7,77,145,12,140,137,33,4,62,87,65,1,49,138,26,19,109,128,135,23,97,78,52,18,114,10,125,36
39,64,119,75,13,112,148,121,79,108,14,41,105,94,67,27,110,23,89,54,126,124,53,111,56,135,44,130,137,47,82,127,73,70,16,103,95,136,59,37,101,134,21,42,116,131,45,107,72,1,117,123,149,93,19,104,86,145,20,143,139,24,3,34,9,6,113,129,88,15,109,85,66,100,57,74,29,48,33,118,81,122,98,31,132,55,46,125,91,71,51,68,115,142,32,96,146,2,22,83,99,35,147,58,120,30,17,133,43,0,69,50,76,92,40,8,144,114,61,52,90,102,25,77,63,12,140,128,138,4,62,80,65,60,49,38,26,11,28,7,84,5,97,78,106,18,141,10,87,36
110,3,41,75,119,83,148,121,30,111,14,78,16,11,37,26,115,23,89,13,126,124,53,147,56,135,87,130,137,145,82,81,48,70,31,7,95,102,96,42,101,134,21,72,116,131,45,107,88,1,117,123,44,100,118,104,139,112,20,40,8,27,67,34,9,6,143,129,71,97,109,85,66,74,57,68,29,93,33,55,73,122,98,132,2,79,46,125,59,39,51,91,84,142,32,127,146,136,22,141,99,140,19,25,120,49,17,133,43,0,69,50,76,92,61,35,144,114,86,52,90,58,54,77,63,36,149,128,138,12,62,80,65,60,15,38,94,4,28,47,103,5,113,64,106,18,108,10,105,24
110,41,63,75,119,83,148,121,30,46,111,78,16,11,146,21,115,45,94,43,26,113,53,73,27,125,87,122,137,105,82,23,54,25,31,7,147,126,96,42,127,35,102,72,116,131,101,107,135,1,80,138,44,100,64,117,139,112,145,40,8,124,67,34,9,6,143,129,130,97,109,85,66,74,59,68,29,57,144,55,79,91,89,132,2,84,14,12,28,39,17,88,93,142,32,3,5,18,22,141,99,140,19,10,120,61,71,133,20,0,69,50,81,134,77,56,38,114,86,52,95,58,123,118,92,36,149,128,98,65,62,76,37,60,15,90,70,4,51,47,103,13,104,33,106,136,108,49,48,24
87,5,100,75,10,83,148,121,30,41,111,78,37,97,146,21,105,45,94,43,26,113,53,110,27,119,35,55,101,63,65,46,54,25,108,7,147,0,96,141,24,133,42,128,116,135,57,125,144,1,107,129,136,62,64,117,12,140,145,40,8,124,67,34,9,6,112,79,102,16,109,85,66,74,59,68,29,77,88,51,4,91,89,132,23,84,149,18,28,39,14,114,82,142,32,17,3,127,80,122,72,118,19,44,120,130,71,92,20,61,115,50,93,134,11,56,38,139,86,52,95,138,123,69,58,36,73,99,98,31,143,76,2,60,15,90,70,22,131,47,103,13,104,33,106,126,137,49,48,81
87,5,100,75,46,83,133,121,30,41,98,8,37,144,107,21,105,16,94,43,67,141,140,59,12,7,35,55,101,42,65,147,54,25,108,126,130,82,96,88,24,123,19,128,26,135,57,114,27,1,58,129,17,29,131,125,23,111,148,40,117,124,104,34,62,6,112,79,102,9,109,14,66,74,137,68,53,77,4,51,44,91,89,122,47,84,149,39,28,138,85,120,127,142,32,18,20,45,80,106,72,113,110,136,132,134,71,92,0,61,115,50,93,63,11,56,38,139,86,52,95,145,97,69,99,36,90,118,10,31,143,76,2,146,15,22,70,119,116,3,60,13,64,33,78,103,73,49,48,81
14,5,100,75,46,83,92,121,30,114,50,28,139,98,105,113,3,80,125,43,73,141,118,42,12,7,35,55,17,99,58,147,93,132,112,56,130,82,145,88,24,54,19,128,49,96,89,149,119,41,116,129,40,22,20,94,126,111,148,135,52,124,117,144,62,6,8,79,102,9,109,59,66,74,137,2,53,77,4,51,44,91,140,122,47,84,142,38,37,138,85,120,127,18,32,136,133,45,65,106,72,131,110,108,21,134,71,87,0,25,26,123,67,63,11,16,68,104,86,23,29,48,97,69,39,36,90,27,10,31,143,76,1,146,15,61,70,107,57,34,60,13,64,33,78,103,95,101,115,81
24,5,125,75,15,83,92,121,30,114,138,11,139,129,105,127,3,80,118,43,73,141,112,42,119,7,35,55,17,99,103,41,78,132,1,143,98,54,145,27,50,126,57,128,146,33,56,19,58,31,140,149,40,12,47,34,62,135,148,111,109,124,48,144,14,6,8,60,102,9,101,110,52,74,89,2,53,77,65,51,44,91,88,28,94,84,82,38,71,18,85,120,142,36,32,136,133,45,22,106,72,131,20,108,96,134,46,147,0,25,26,123,67,79,59,16,68,104,86,23,29,100,97,69,39,21,90,137,10,130,117,76,122,87,66,37,70,107,61,116,63,13,64,49,4,113,95,93,115,81
58,5,125,75,15,83,92,115,118,114,34,11,139,129,105,127,54,10,71,43,78,141,112,47,119,7,51,55,137,99,103,41,98,146,1,142,0,101,145,144,50,126,57,128,28,33,56,124,29,116,140,149,40,12,79,30,62,135,148,20,88,52,68,25,60,6,8,18,19,9,97,42,89,74,130,2,138,77,65,100,45,91,26,31,94,84,82,38,14,3,85,121,72,36,24,136,133,49,22,106,70,131,59,80,96,134,46,102,61,69,44,123,67,109,111,16,120,104,86,73,35,53,48,23,39,21,90,143,17,147,117,76,122,87,66,27,107,81,32,110,132,13,95,108,4,113,37,93,63,64
101,28,54,75,15,98,92,77,118,39,57,11,144,18,102,114,68,10,47,43,78,141,112,65,120,121,51,55,137,99,103,41,88,146,117,53,0,21,145,129,109,126,71,128,82,33,56,124,29,116,69,2,40,140,79,30,48,7,148,138,110,52,105,25,60,20,8,106,19,9,35,42,119,27,64,134,85,130,62,100,45,135,26,31,94,84,50,38,14,3,36,125,72,16,123,136,22,49,67,73,70,131,1,80,96,127,46,5,61,149,83,143,86,37,111,133,12,104,139,74,6,142,44,23,34,24,90,89,17,147,108,76,122,87,66,59,107,81,32,115,132,13,95,97,4,113,58,93,63,91
101,28,54,75,71,77,92,5,118,39,57,6,144,18,41,114,68,10,47,19,78,79,122,65,120,116,51,55,56,117,103,133,88,146,94,53,0,27,48,16,109,12,139,128,82,115,85,124,29,99,112,3,46,140,50,141,145,86,23,138,148,87,40,25,76,90,15,106,126,9,35,42,119,7,64,63,149,137,62,100,70,135,26,31,125,123,102,38,14,45,104,129,72,110,30,58,33,49,67,121,11,22,1,80,96,127,69,83,61,105,143,98,134,37,111,60,131,21,34,74,43,142,44,84,108,24,8,89,17,147,2,20,36,52,66,59,107,81,32,136,132,13,95,97,4,113,130,93,73,91
101,68,54,75,81,97,19,134,124,39,50,45,135,142,108,41,112,91,47,144,78,79,122,126,120,22,51,55,56,21,80,133,88,146,94,5,38,27,48,9,109,12,139,65,125,115,85,14,29,99,6,3,46,140,90,132,145,28,23,138,148,87,40,96,76,130,15,33,121,16,35,42,119,7,64,63,143,52,62,128,70,25,13,31,86,106,102,71,37,69,73,129,72,116,30,58,18,0,92,67,11,10,1,100,113,127,114,83,61,105,43,98,110,111,53,60,104,49,34,74,59,26,44,84,149,24,8,89,17,147,2,20,131,57,66,77,107,141,32,82,36,136,95,137,4,117,123,93,103,118
149,23,54,41,30,97,19,120,124,39,67,45,121,59,46,64,112,91,47,144,78,79,122,126,31,75,51,55,56,101,65,109,88,146,94,48,38,27,0,139,102,12,69,11,125,115,129,14,29,68,6,3,107,140,147,5,90,28,104,89,81,87,40,127,76,98,132,33,22,16,135,42,134,7,80,63,71,52,62,128,70,25,99,111,138,106,66,82,143,21,73,96,72,13,24,58,18,10,148,15,142,20,37,130,119,116,114,83,61,100,43,113,110,1,53,60,136,49,34,74,9,108,44,84,105,86,8,145,85,26,2,133,131,17,92,77,50,141,32,36,57,35,95,137,4,117,123,93,103,118
98,23,54,41,55,88,19,77,21,96,26,24,121,59,127,116,120,91,47,57,149,37,122,126,31,132,51,39,138,101,65,109,111,30,136,45,38,124,61,110,102,78,117,11,42,9,145,14,29,12,6,34,107,140,64,5,108,28,104,144,81,87,67,69,76,89,66,33,94,46,135,112,134,7,80,63,105,52,115,3,70,25,90,99,22,146,40,82,143,106,73,139,72,79,119,58,18,10,148,75,142,20,17,130,48,147,114,71,92,16,43,113,68,1,53,60,13,49,128,74,125,133,62,84,15,86,8,100,85,83,2,44,131,0,27,129,50,141,32,36,56,35,95,137,4,97,123,93,103,118
4,44,54,7,55,107,19,98,21,96,26,63,121,59,127,56,77,91,20,57,41,37,122,126,31,102,51,79,138,133,43,109,111,46,136,100,38,141,61,110,2,78,117,11,42,106,145,3,29,12,39,34,64,140,81,5,149,28,104,144,97,124,1,142,76,35,89,33,53,14,6,112,134,86,74,70,105,58,115,69,60,25,90,99,10,9,40,82,143,101,73,148,72,30,119,23,18,94,118,75,66,67,108,48,27,62,114,71,92,16,45,113,68,135,125,120,13,49,128,22,147,139,88,84,47,130,8,17,85,103,132,65,131,0,83,129,50,80,32,36,52,15,95,137,87,24,123,93,116,146
55,44,54,123,52,107,47,98,21,142,26,63,121,59,75,56,39,131,20,57,41,37,122,3,31,102,51,61,138,85,43,109,6,50,136,82,38,141,137,139,2,118,115,11,42,106,46,129,33,140,9,126,65,4,81,5,149,95,104,0,97,124,8,86,145,35,78,101,119,14,110,112,134,108,74,70,105,25,133,69,18,71,90,99,10,17,40,120,143,34,73,148,72,30,29,100,76,111,64,114,66,67,49,48,27,127,16,79,92,23,45,113,68,135,125,60,13,58,128,22,117,96,88,84,7,130,19,91,144,103,36,62,132,94,83,1,28,80,77,12,15,32,89,147,87,24,53,93,116,146
137,44,25,123,12,14,49,57,96,142,26,63,121,59,75,56,39,104,20,38,102,18,95,3,32,19,51,17,138,85,43,122,6,50,148,45,109,141,83,139,132,48,115,11,42,106,58,133,33,140,9,21,65,101,81,5,146,55,54,149,97,124,107,13,145,88,78,136,116,129,110,112,98,108,74,70,105,41,100,37,128,71,67,99,10,127,40,120,90,34,73,60,72,30,69,2,76,111,64,35,66,118,113,4,27,103,16,79,1,23,0,131,68,91,125,31,52,61,8,84,117,92,114,29,7,130,135,86,144,134,36,119,22,94,126,47,28,80,77,82,15,62,89,147,87,24,53,93,46,143
70,67,25,123,12,90,49,57,37,142,26,63,121,28,75,132,0,56,20,66,102,34,38,3,111,19,104,17,138,95,1,122,59,134,109,7,47,141,21,44,42,48,115,60,143,106,58,133,31,140,9,83,148,101,51,41,45,55,54,149,97,65,107,53,145,88,78,136,116,18,110,112,98,108,32,5,105,33,23,85,30,52,91,74,144,99,40,120,64,129,73,43,137,39,103,72,76,124,4,35,50,118,113,2,27,84,71,79,128,87,10,81,68,11,125,139,127,61,8,146,117,92,114,29,131,130,135,86,16,69,36,119,22,94,126,15,6,80,77,82,100,62,89,147,14,24,96,93,46,13
140,17,88,93,102,70,32,44,23,57,26,63,121,28,75,132,0,56,36,31,8,34,110,90,74,19,104,87,138,95,1,122,59,134,109,7,47,119,21,117,42,114,115,99,143,20,58,133,54,123,83,118,108,101,51,41,45,66,2,149,97,65,107,53,145,76,48,136,116,33,94,112,98,12,11,5,105,64,15,85,49,52,91,38,78,40,4,120,3,72,73,43,81,9,147,129,25,124,68,35,37,141,113,30,27,84,71,79,128,82,10,60,29,77,125,139,127,61,131,146,106,92,39,103,148,69,135,86,16,55,111,50,22,18,126,142,67,80,130,13,100,62,89,137,144,24,96,6,46,14
35,143,88,90,102,81,70,44,14,57,26,63,121,28,40,36,144,64,83,85,86,34,110,142,87,136,104,23,138,95,8,127,29,75,109,16,47,77,119,117,13,54,132,99,56,137,0,133,52,123,59,118,108,101,43,41,45,66,2,149,97,65,107,116,145,3,22,103,7,33,94,112,140,12,11,89,122,24,15,53,49,17,91,38,78,125,4,74,141,72,1,62,98,9,147,129,25,124,68,115,37,20,113,30,27,84,93,48,128,82,10,60,79,19,6,120,5,61,131,51,71,92,39,42,148,69,135,73,134,55,111,50,146,18,126,58,67,80,130,139,100,105,46,21,32,31,96,76,106,114
35,143,64,70,102,81,52,44,14,57,26,92,121,53,9,65,144,24,83,51,56,34,110,142,88,136,118,23,111,95,8,127,29,74,76,36,47,77,119,86,13,54,19,99,96,45,59,133,134,123,82,20,139,101,16,41,5,66,73,106,97,146,107,116,145,3,22,103,7,120,0,115,6,12,11,89,148,109,15,78,49,108,61,38,100,125,4,104,141,137,1,147,98,138,85,129,25,124,68,122,140,128,113,75,27,84,117,48,21,37,40,60,63,10,131,43,93,112,91,149,71,130,39,42,135,69,33,62,30,55,90,50,72,18,126,58,67,80,132,79,2,105,46,28,32,31,87,94,17,114
103,81,137,70,13,106,52,34,9,102,26,92,121,66,50,65,144,54,120,51,5,118,14,142,88,64,131,23,111,95,8,127,29,117,46,36,11,77,10,41,18,24,17,67,96,45,59,133,27,123,44,20,139,3,16,82,83,94,101,40,97,115,107,116,1,76,22,114,7,47,0,72,129,113,100,89,148,43,15,78,49,108,61,147,38,125,4,104,141,42,146,87,98,138,85,145,25,124,68,6,140,128,35,75,119,84,74,99,21,48,56,60,30,109,143,37,93,112,91,149,71,130,39,122,110,57,33,62,80,55,90,19,53,63,126,58,136,135,132,79,2,105,69,28,32,31,73,86,12,134
91,81,147,70,144,106,52,34,9,102,26,92,50,66,65,64,57,8,120,116,5,49,24,142,68,128,131,61,23,85,40,127,29,51,113,36,11,77,112,32,18,67,17,16,96,45,59,129,27,123,146,88,139,3,14,82,124,94,101,60,97,115,103,111,1,122,22,30,7,47,125,72,95,109,100,89,137,43,83,78,133,108,31,149,118,107,4,104,141,42,90,87,98,138,54,145,25,10,126,119,140,41,35,75,79,84,0,99,37,2,56,117,21,76,143,121,93,53,105,48,71,130,39,80,110,73,33,46,55,6,13,114,38,63,19,58,136,135,132,74,15,148,69,28,62,20,44,86,12,134
67,81,12,28,0,66,76,30,37,14,52,92,116,103,65,64,59,38,73,48,5,143,120,24,62,128,131,31,23,85,40,127,147,142,144,36,11,91,79,61,90,72,17,9,96,45,51,129,27,123,146,88,139,3,113,41,124,94,101,60,140,115,108,111,1,122,22,70,7,47,125,18,33,32,87,82,137,43,16,78,133,109,135,149,35,8,4,104,141,42,106,130,102,34,107,145,25,10,126,119,98,95,83,75,55,84,57,99,118,2,148,117,21,56,138,97,93,89,105,26,71,86,39,80,110,121,134,46,77,6,13,114,49,63,19,58,136,112,132,74,15,100,69,53,68,20,44,54,29,50
90,81,118,135,134,106,76,30,37,14,125,56,28,103,6,64,59,139,86,48,5,143,120,43,62,128,131,31,23,101,72,127,147,145,144,36,11,91,93,61,146,22,17,9,92,45,51,129,142,123,78,88,0,3,67,41,49,26,7,60,140,124,75,20,1,122,113,89,132,47,29,18,33,32,87,63,137,8,16,21,133,109,19,12,35,2,110,104,141,42,74,130,102,34,107,38,25,94,126,66,149,95,4,117,55,111,57,99,98,65,148,115,24,108,138,97,40,73,46,69,71,79,39,80,54,121,85,83,136,13,105,114,70,10,77,58,82,96,27,119,15,100,116,53,68,84,44,112,52,50
90,81,28,135,134,23,50,30,139,14,91,97,39,45,6,64,59,125,86,48,102,5,83,43,62,128,146,104,143,101,72,127,147,145,144,36,137,37,93,61,38,41,76,24,75,52,51,129,26,123,85,33,0,4,67,77,49,133,17,60,22,124,68,20,1,94,113,122,132,47,87,96,112,32,13,54,92,8,16,9,114,109,19,12,35,2,21,78,141,42,74,130,126,34,107,11,3,15,140,66,149,95,70,89,55,63,57,99,98,110,148,115,84,131,138,56,40,73,118,69,108,79,105,80,120,121,117,116,136,25,7,31,18,10,103,58,82,71,27,119,46,100,111,53,65,106,44,88,29,142
25,81,28,135,134,23,59,85,24,14,91,97,39,13,3,64,62,55,86,60,57,5,83,43,142,128,146,104,143,101,72,7,31,42,61,36,137,147,51,22,38,41,30,114,105,52,6,129,90,88,78,35,0,4,99,77,2,133,50,144,19,124,68,20,1,112,113,122,132,47,40,96,27,32,65,54,92,8,16,9,45,109,148,21,33,93,131,74,141,11,145,130,126,34,107,84,49,73,102,66,53,95,70,89,15,63,67,127,98,110,140,115,149,111,138,29,117,44,118,12,108,79,103,48,120,121,94,116,136,87,75,123,18,10,80,58,82,71,125,119,46,100,106,56,26,37,139,69,76,17
25,135,28,2,63,14,44,85,18,99,55,137,141,13,3,64,62,134,1,60,57,5,123,145,142,128,146,104,143,101,52,7,31,42,61,36,81,91,116,29,12,41,30,67,105,51,79,129,92,88,78,35,0,4,74,77,133,103,50,144,100,148,68,20,118,32,83,122,132,47,107,72,27,114,65,54,89,8,16,9,45,109,106,126,33,93,131,53,34,59,75,97,80,43,15,102,40,73,127,140,130,95,70,86,147,90,96,84,98,38,112,115,149,124,138,22,117,23,39,24,108,19,37,48,49,121,94,111,136,87,11,58,21,10,66,120,82,71,125,119,46,110,6,56,26,113,139,69,76,17
65,135,28,2,1,14,67,39,131,18,55,137,102,98,138,64,62,134,116,60,38,77,123,145,70,88,52,29,143,30,149,45,128,92,61,36,81,91,27,13,12,41,78,54,105,4,144,129,142,57,74,73,35,7,22,17,31,103,50,51,100,84,68,90,118,32,83,40,132,23,20,72,0,114,85,99,89,8,16,9,125,109,106,126,47,93,6,53,34,59,42,141,80,43,15,147,146,66,96,140,130,95,117,86,148,107,44,133,49,101,122,115,97,124,3,127,113,33,25,24,108,19,37,48,63,121,94,112,136,87,11,58,21,10,5,120,82,71,111,119,46,110,75,56,26,104,139,69,76,79
65,58,28,2,94,14,38,39,131,84,53,137,102,34,99,64,62,134,116,111,67,96,22,10,70,88,52,141,143,127,149,45,128,132,61,36,54,91,27,13,12,41,78,29,105,4,79,60,115,145,68,73,35,7,90,17,1,125,126,98,100,44,106,3,118,146,135,40,80,50,55,72,0,114,85,81,89,113,16,9,92,109,5,42,48,93,6,32,140,59,148,43,15,142,112,23,63,66,31,121,130,95,117,86,123,107,82,133,49,101,122,57,144,124,129,138,83,33,25,24,108,19,37,30,120,119,20,74,136,11,47,103,21,8,51,77,147,71,75,97,46,110,18,56,26,104,139,69,76,87
65,58,92,2,94,22,127,4,146,84,20,50,102,34,99,5,62,53,116,111,101,132,39,10,37,27,52,23,143,54,149,45,48,77,61,36,81,31,14,13,12,41,134,11,86,89,79,60,115,145,113,73,131,7,90,17,103,148,126,98,107,125,106,96,118,15,70,33,80,72,55,105,0,114,85,128,82,8,16,9,120,109,3,42,24,29,6,32,140,59,68,21,74,56,112,66,63,135,1,129,130,95,117,67,123,78,93,44,49,88,122,57,144,124,91,138,83,133,25,28,108,19,142,30,69,40,141,100,136,47,64,121,43,76,51,137,147,71,75,97,46,35,18,38,26,104,139,119,110,87
111,141,92,57,94,22,127,28,146,3,33,50,114,46,99,5,62,121,19,2,101,132,32,10,37,136,52,91,143,42,149,139,48,77,24,36,81,56,14,13,12,41,134,71,86,89,79,60,115,145,131,73,65,7,8,29,103,76,102,39,107,69,67,0,118,9,23,54,80,72,55,105,78,26,116,128,82,117,16,106,34,109,88,120,112,31,125,21,140,59,68,6,74,61,113,66,63,49,104,110,130,95,90,126,11,47,93,44,70,129,122,87,144,27,98,138,83,133,25,17,108,15,53,30,45,40,123,100,58,4,64,85,43,1,51,137,147,142,75,97,96,35,18,38,148,84,124,119,20,135
111,62,92,57,141,22,127,39,146,3,48,50,114,148,99,144,72,121,19,2,101,52,94,10,86,136,82,67,83,42,149,139,81,77,24,1,38,56,14,109,104,41,68,71,147,87,126,60,132,145,134,17,65,7,73,89,66,76,102,6,107,69,135,0,118,131,58,128,80,5,96,105,78,26,25,91,37,117,16,106,13,51,108,9,103,116,140,21,138,59,55,30,74,61,12,8,63,49,32,40,130,95,90,15,11,47,120,44,70,129,122,31,28,27,98,112,115,133,34,20,110,29,53,113,45,143,123,100,23,54,64,4,43,36,85,137,93,142,75,97,125,35,18,46,79,84,124,119,88,33
101,61,92,32,106,91,59,39,22,43,48,23,114,148,99,84,72,121,19,87,107,44,17,10,86,136,3,67,138,110,149,139,85,77,127,52,38,56,14,109,104,76,68,119,147,21,88,60,70,145,1,94,40,7,73,100,96,128,144,6,135,74,131,0,118,120,58,140,65,5,41,105,78,26,25,50,37,117,16,132,13,146,108,2,103,116,18,126,80,111,55,49,89,42,12,8,63,81,51,83,130,95,90,15,11,47,45,82,30,129,122,102,28,27,97,112,115,24,34,20,142,29,53,113,69,143,36,98,66,54,64,4,57,123,125,137,93,141,75,71,134,35,124,46,79,9,133,31,62,33
31,61,92,32,10,91,109,39,110,43,48,98,114,44,99,4,88,121,19,87,107,86,134,106,100,136,149,67,138,101,120,139,85,77,118,52,38,56,14,2,123,76,21,119,27,47,7,60,70,145,1,41,40,147,24,115,8,45,144,6,135,74,131,0,130,133,58,140,34,63,68,105,78,26,25,81,37,11,35,117,13,146,108,96,104,116,18,84,80,111,55,49,89,42,12,9,62,95,50,83,29,65,142,15,30,102,5,127,126,36,122,132,28,72,97,22,129,51,94,20,90,148,53,113,46,143,103,16,66,54,64,57,82,23,125,137,93,69,75,71,128,112,124,73,79,59,141,3,17,33
59,61,92,77,10,91,109,83,95,43,48,142,36,101,99,44,21,121,19,16,107,86,124,70,1,24,127,85,138,31,137,139,114,29,118,52,38,56,14,2,123,149,136,119,112,103,74,60,90,145,12,41,73,147,50,76,72,45,58,6,49,105,131,0,130,110,27,140,134,63,68,8,54,26,25,81,37,11,39,117,13,47,108,96,35,116,120,84,80,100,15,57,89,42,128,9,62,115,144,102,97,65,98,40,30,135,79,5,133,34,122,132,28,78,94,22,129,51,104,20,18,148,53,113,55,143,69,4,66,67,64,87,82,23,125,88,93,32,75,71,46,146,111,7,126,106,141,3,17,33
32,61,92,131,10,91,74,83,95,43,42,142,36,49,104,44,21,47,77,136,107,70,124,51,1,24,52,146,82,111,15,139,68,29,126,85,38,118,14,57,16,149,48,119,112,103,109,60,135,53,12,41,127,147,50,125,120,45,58,6,31,105,28,0,123,110,114,140,134,2,20,19,54,132,25,81,37,11,102,117,56,84,108,96,72,116,145,67,80,100,97,89,35,13,73,9,115,148,144,101,133,65,98,40,30,76,27,5,17,90,128,8,46,34,94,22,129,122,79,130,18,99,86,113,55,143,69,4,66,78,138,87,63,23,62,88,93,64,75,71,121,26,59,7,137,106,141,3,39,33
32,61,92,131,10,23,138,83,95,43,146,101,7,42,104,44,21,9,77,136,74,33,11,111,1,35,52,128,86,148,15,36,68,116,39,85,38,118,78,121,16,149,47,60,30,103,109,110,135,48,70,41,127,76,50,125,120,96,57,8,2,105,147,145,123,119,114,140,134,37,58,19,54,132,25,6,62,56,34,81,28,84,108,29,137,64,139,67,80,100,97,94,5,13,45,91,115,141,144,102,133,65,98,40,72,49,117,124,17,90,12,73,46,107,27,22,129,122,79,130,18,99,0,113,14,24,69,4,82,112,51,87,63,55,53,88,93,126,75,71,31,26,59,142,66,106,20,3,143,89
22,32,92,131,10,7,116,119,135,43,146,101,66,126,134,96,21,9,77,136,74,23,109,111,102,35,52,128,86,4,15,36,18,148,39,85,118,108,78,121,16,149,58,60,30,97,47,99,40,17,38,41,115,76,127,125,83,112,57,8,2,48,147,19,110,56,114,105,130,0,120,51,54,132,25,6,62,94,71,81,28,84,65,29,137,64,138,67,37,123,103,50,5,13,45,91,143,141,144,68,133,87,98,100,72,49,117,124,61,90,12,107,46,75,27,20,129,122,79,80,1,106,104,63,14,24,73,145,82,95,34,142,139,55,53,88,93,59,33,44,31,11,69,42,70,26,140,3,113,89
93,32,119,131,10,132,15,7,51,110,146,101,116,53,134,96,21,92,77,45,74,23,34,57,102,35,52,128,86,4,63,67,99,9,39,85,123,66,49,37,142,149,126,60,31,22,97,137,40,88,38,25,58,76,127,115,17,112,6,8,47,48,147,19,111,56,114,108,130,0,78,3,27,41,43,117,62,94,71,148,28,84,65,136,26,2,138,36,83,107,103,133,70,13,30,91,143,141,50,68,59,87,98,100,29,72,64,124,61,90,12,109,46,75,18,20,129,122,73,80,1,106,104,145,14,24,55,121,82,95,105,144,139,5,54,79,81,135,33,44,16,11,69,120,118,42,140,125,113,89
33,32,119,91,10,63,15,81,26,58,125,110,66,11,134,12,21,139,43,45,74,8,28,57,5,35,135,146,86,4,116,53,99,9,39,85,123,93,145,71,142,149,126,88,31,22,121,137,89,60,38,25,132,67,127,115,17,112,6,96,47,130,147,19,111,56,114,113,7,0,78,106,27,50,23,3,62,94,64,148,101,84,18,136,42,2,41,61,83,107,36,34,70,13,30,90,143,65,117,68,59,87,98,100,29,77,118,124,52,72,76,109,128,75,40,51,129,122,73,80,1,97,104,37,48,133,55,24,82,95,105,14,49,138,54,20,79,46,131,44,16,144,141,120,108,102,140,92,103,69
55,70,119,6,10,16,78,81,26,138,37,117,66,148,127,12,36,11,43,58,74,126,63,19,57,35,4,146,48,61,73,135,99,9,39,85,123,93,145,18,142,92,96,88,31,22,121,137,47,130,38,25,132,56,41,8,17,100,147,52,125,71,112,32,29,46,114,113,7,0,124,1,27,50,64,3,62,94,79,115,101,84,24,136,42,2,23,5,83,15,140,34,86,30,13,90,143,106,111,68,149,87,98,134,59,77,118,107,82,72,76,67,128,75,40,51,129,122,103,80,21,97,104,45,109,133,110,33,89,95,105,14,49,116,54,20,139,65,131,44,53,144,141,120,108,28,60,102,91,69
19,70,119,6,136,31,22,81,83,138,30,76,66,148,127,12,36,11,75,131,79,126,63,104,28,35,4,80,99,61,73,121,16,33,39,85,140,93,48,18,145,92,58,147,37,112,32,137,47,130,38,25,132,56,78,134,17,100,74,52,125,43,57,23,116,46,114,113,7,0,124,1,27,50,8,29,62,94,84,117,101,139,24,141,42,64,107,5,135,15,3,34,90,45,13,40,143,106,9,68,149,87,98,86,71,55,146,123,82,115,10,118,128,51,111,26,129,59,103,142,21,97,2,20,72,53,54,67,89,95,105,14,49,96,88,133,41,65,102,44,122,144,109,120,108,77,60,69,91,110
19,147,119,6,92,31,89,132,83,138,30,64,66,148,127,12,16,26,97,109,79,126,63,81,13,35,4,69,134,61,73,2,50,33,39,49,140,93,75,42,145,24,58,137,59,112,23,104,47,130,38,25,1,56,96,55,17,100,99,32,107,62,57,95,116,46,110,113,7,111,124,74,76,131,8,22,91,94,34,117,101,139,28,141,135,80,70,5,84,15,3,14,90,20,21,40,143,106,9,11,149,87,98,86,27,18,146,123,82,115,0,122,128,36,68,142,129,121,103,29,45,37,71,51,72,133,54,48,52,65,105,43,78,67,88,118,41,114,102,44,53,144,10,120,108,77,60,125,85,136
19,147,119,6,92,135,23,132,83,8,140,64,78,148,127,12,81,82,97,2,79,73,63,31,111,20,144,69,134,54,56,47,50,33,39,126,40,105,75,85,145,61,58,72,65,45,142,80,32,130,35,57,1,117,96,91,17,100,99,7,107,62,25,95,116,59,90,113,41,52,124,60,87,131,27,114,49,94,34,89,101,139,28,141,123,125,70,5,84,15,3,71,112,24,21,14,143,129,9,30,149,137,98,86,16,18,38,55,13,115,0,122,128,36,68,76,26,121,103,29,93,37,138,51,108,133,109,48,42,77,4,43,11,67,88,118,74,22,102,44,110,53,10,120,146,106,66,104,46,136
19,56,0,40,92,84,72,113,83,8,101,123,78,5,127,111,117,122,97,114,79,59,145,31,12,98,144,69,134,75,119,47,50,143,39,104,64,105,129,85,126,61,116,24,65,45,142,23,32,130,13,51,77,1,136,4,124,100,66,7,107,62,25,95,26,67,90,37,41,140,29,103,87,131,27,52,49,94,34,89,149,139,28,96,35,125,70,80,53,15,48,71,112,63,21,14,91,74,9,30,33,137,82,86,16,18,38,55,109,58,115,99,128,36,68,76,44,121,132,147,93,135,138,106,108,133,81,148,42,54,2,43,11,73,17,118,141,22,102,60,110,3,10,120,146,57,20,6,46,88
19,16,0,40,36,81,21,113,83,8,63,123,78,45,53,111,86,120,101,114,97,146,145,104,26,54,88,69,72,58,35,47,50,125,39,37,84,105,129,76,30,61,106,24,65,31,93,126,98,51,13,121,56,77,136,4,124,100,66,7,107,75,25,95,41,67,89,1,85,140,29,15,87,131,27,149,49,94,34,38,64,139,28,96,116,143,70,80,23,62,48,71,112,46,144,14,91,74,9,52,55,137,127,130,90,18,59,117,32,17,115,99,128,118,5,142,43,92,132,147,135,103,138,134,108,133,33,148,42,12,2,119,11,73,68,122,141,22,102,60,110,3,10,79,57,44,20,6,82,109
70,16,0,40,36,81,21,113,82,123,63,55,86,45,149,53,59,41,101,114,97,90,145,104,26,64,80,69,72,57,35,78,18,52,39,51,84,105,143,76,47,61,106,119,65,134,129,126,58,60,13,133,144,77,136,4,124,141,66,7,107,75,54,19,125,67,25,1,91,140,29,37,87,131,85,118,49,94,34,38,20,111,28,96,50,128,135,56,23,44,48,71,73,24,148,14,68,74,9,8,92,137,30,100,121,93,43,89,32,17,27,99,102,108,5,142,88,98,132,147,112,103,138,117,46,115,33,139,42,12,2,127,11,130,146,122,83,95,22,62,110,3,10,79,120,15,116,6,31,109
126,80,0,40,36,96,113,81,87,119,106,55,86,45,79,112,59,41,101,115,99,90,145,89,140,64,129,69,73,57,29,82,18,52,53,51,2,16,26,76,47,61,23,78,132,134,130,44,25,60,58,133,144,77,136,4,124,42,66,7,107,75,14,19,125,67,123,1,91,13,48,37,74,131,109,118,49,94,34,12,120,111,28,141,50,128,135,149,63,97,143,100,35,71,148,105,68,39,9,8,127,137,30,146,114,20,38,85,32,17,104,95,102,108,5,142,88,98,72,3,56,33,138,117,46,21,103,139,84,147,92,65,11,54,70,122,24,43,22,62,27,110,10,121,83,15,116,6,31,93
52,80,120,129,18,144,113,40,127,74,49,81,122,45,4,112,31,41,101,115,2,126,146,6,140,64,37,69,73,90,87,82,116,27,109,79,88,100,26,76,60,58,23,78,132,134,98,44,25,29,36,130,39,77,139,8,124,42,0,89,107,75,83,19,125,67,123,1,91,13,48,9,61,131,136,118,11,142,34,12,47,111,28,141,99,128,135,149,63,96,143,133,35,68,92,105,85,43,7,145,106,137,30,104,114,20,38,51,32,148,97,95,102,108,5,10,119,16,72,3,56,14,138,117,46,21,93,66,84,147,71,65,50,54,70,103,24,17,22,62,59,110,86,121,55,15,53,57,94,33
52,20,120,58,18,77,113,40,127,17,101,81,122,19,98,137,99,84,7,115,2,126,146,27,143,64,6,72,73,32,34,74,116,36,62,79,49,148,15,60,45,70,82,78,132,134,26,44,66,69,131,130,39,89,139,5,129,23,0,112,107,75,88,47,125,67,123,1,91,31,48,9,61,8,147,118,11,142,95,12,109,111,108,141,83,128,135,25,63,136,149,133,86,42,92,4,85,43,68,145,106,3,30,104,114,96,38,51,80,28,97,13,102,144,53,10,119,16,94,124,56,14,21,117,37,57,93,29,90,87,71,65,50,54,41,103,24,105,22,100,59,110,140,121,55,46,138,35,76,33
44,43,120,58,18,77,113,40,101,17,39,36,122,19,99,48,95,84,59,79,2,126,146,62,123,130,6,149,73,139,34,68,116,102,42,12,49,67,31,142,63,70,145,28,33,129,26,5,66,143,131,109,134,98,133,56,148,23,60,93,107,15,88,7,125,115,32,97,91,52,0,9,61,8,147,118,11,75,74,89,104,111,108,141,83,128,96,25,110,136,127,69,86,47,92,4,85,144,106,24,81,3,30,64,1,132,38,51,80,135,46,138,20,72,53,10,119,16,82,124,78,14,21,117,37,57,112,29,90,87,71,65,50,54,41,103,94,45,22,100,13,114,140,121,55,27,137,35,76,105
109,43,120,75,18,77,113,40,101,17,78,36,11,87,48,91,95,84,51,79,100,126,57,62,45,130,41,66,73,139,34,68,116,102,106,115,49,6,31,85,63,89,145,12,42,7,26,5,53,134,131,98,14,146,133,148,28,92,60,15,107,44,88,50,125,27,19,97,149,52,90,129,127,39,147,83,3,142,74,33,104,0,108,141,56,128,58,38,110,136,29,69,2,47,23,4,123,144,86,24,81,35,30,64,9,132,61,111,80,135,143,138,20,72,94,10,119,16,82,124,71,25,1,117,37,96,112,122,32,55,118,65,46,54,59,103,21,99,22,67,13,114,140,121,70,76,137,8,93,105
109,43,63,75,102,77,113,8,101,17,34,36,11,87,100,116,95,84,7,79,45,126,72,62,13,53,146,66,73,120,10,68,30,122,106,115,110,91,31,85,111,89,145,12,71,67,131,83,5,49,144,98,104,32,149,148,28,0,142,15,107,59,41,50,136,27,88,97,40,52,90,129,127,39,147,114,3,125,58,33,23,24,108,19,56,57,44,38,37,92,29,69,2,47,42,55,123,18,86,6,139,35,60,74,9,132,61,130,134,16,143,138,20,80,94,137,119,128,48,124,4,25,141,117,64,96,112,26,140,14,118,65,133,54,78,103,21,99,22,1,76,82,51,121,70,81,135,46,93,105
107,51,44,75,50,35,34,8,46,6,105,36,11,23,106,116,95,84,7,62,45,126,72,147,13,145,47,24,125,120,10,68,88,87,53,77,110,71,61,122,111,89,18,12,85,115,131,130,5,49,144,117,118,135,149,1,28,104,100,15,113,59,41,79,101,27,31,97,40,20,99,123,127,39,121,91,32,33,58,69,30,52,108,19,56,57,73,38,37,92,29,3,2,0,67,55,137,109,86,90,139,133,60,74,9,132,93,17,134,16,143,138,63,80,94,146,119,42,48,124,4,25,141,26,64,96,112,129,140,103,102,65,98,54,78,136,21,83,22,142,76,82,43,66,70,81,114,128,14,148
107,51,44,23,145,70,34,8,141,6,109,36,11,25,106,68,64,134,7,62,45,110,72,147,120,38,9,24,125,146,10,67,88,87,53,77,129,71,144,33,14,89,108,103,66,115,85,102,116,49,46,117,118,135,78,1,28,104,100,15,73,59,41,121,101,111,31,126,92,16,40,123,127,39,61,91,32,84,58,69,30,52,20,83,56,57,95,113,37,21,29,3,2,0,50,55,19,99,79,90,139,54,143,5,131,132,93,13,75,114,12,18,63,42,105,94,119,27,48,124,4,86,74,26,133,96,112,130,140,60,137,65,98,43,138,136,82,97,22,142,76,149,47,80,17,81,122,35,128,148
64,51,44,71,145,31,5,119,135,42,58,19,11,20,106,134,48,98,143,62,45,28,129,147,37,36,9,70,125,146,85,67,88,10,53,77,3,79,144,33,14,89,108,103,24,115,120,102,116,73,46,117,118,2,78,38,75,87,100,15,49,128,41,121,101,111,133,126,92,16,40,123,127,39,93,47,32,104,57,6,25,76,83,69,56,122,95,34,72,21,17,1,7,0,50,55,4,99,140,90,66,141,26,84,131,132,68,13,29,114,12,18,63,107,105,94,91,27,112,124,23,80,74,30,136,96,82,130,113,60,137,65,148,43,138,54,109,97,22,142,86,149,8,61,139,81,110,35,52,59
64,52,124,71,120,37,130,119,22,42,132,19,11,140,20,134,48,148,143,54,45,126,111,147,32,127,9,96,125,146,102,77,88,10,53,15,3,79,144,33,14,84,106,103,44,115,62,41,116,73,46,117,18,142,7,38,60,87,25,69,118,67,92,121,101,49,128,93,113,16,70,123,85,39,136,47,94,104,31,6,36,26,83,24,56,122,95,34,74,40,21,1,58,0,50,55,4,99,98,90,66,141,17,51,8,2,57,13,29,114,12,76,63,107,105,149,75,27,112,145,23,80,5,72,28,108,82,78,68,129,137,65,89,43,138,100,109,97,35,133,86,81,131,61,139,135,110,91,30,59
136,52,47,126,120,17,130,119,138,80,146,19,11,140,62,99,48,98,83,0,45,124,38,147,32,25,9,96,51,36,6,31,88,34,53,111,3,12,144,90,14,60,106,103,44,115,73,70,46,149,49,117,18,142,7,55,84,87,77,69,118,67,92,93,101,50,139,86,113,105,122,123,85,39,41,127,102,104,15,148,135,26,79,24,56,42,95,94,74,40,21,1,43,125,2,33,5,133,109,71,66,141,128,64,8,16,57,13,29,114,132,76,63,107,59,10,75,27,112,145,23,4,143,72,28,108,82,78,58,129,137,121,89,116,54,97,37,65,35,20,100,81,131,61,22,68,110,91,30,134
136,52,132,87,27,17,130,123,138,80,62,19,6,60,25,85,48,98,83,129,45,124,147,63,110,128,9,96,51,36,39,100,0,126,53,111,29,12,144,90,18,120,106,73,44,115,94,70,46,149,49,117,47,142,14,55,84,114,61,89,118,67,92,31,101,50,56,86,99,34,122,59,75,143,41,127,74,141,15,148,135,26,20,24,93,21,95,113,13,40,102,1,43,38,104,33,5,28,109,71,72,42,16,64,4,140,57,2,125,10,76,88,3,107,133,81,30,69,103,145,23,7,146,32,77,108,82,78,58,112,137,121,119,116,54,97,37,8,35,105,66,139,131,65,22,68,11,91,79,134
115,52,29,23,27,17,130,90,138,119,62,116,6,60,25,89,51,98,100,129,75,124,147,63,110,128,9,143,96,34,39,65,33,136,1,111,5,12,144,36,18,120,121,73,46,88,94,53,45,19,92,70,47,13,14,55,84,114,131,32,118,67,54,31,101,86,148,79,99,126,122,59,80,21,105,42,74,141,15,123,135,26,20,43,93,132,95,81,48,40,137,85,106,38,104,117,56,69,109,71,72,142,24,77,4,28,57,2,102,10,76,83,3,107,133,61,7,44,103,145,127,0,146,113,134,30,82,78,58,112,140,49,41,87,64,97,37,8,108,50,66,139,125,16,22,68,11,91,35,149
115,52,29,127,27,17,105,129,58,119,62,42,6,74,25,130,67,98,100,89,133,124,147,137,110,54,38,50,125,34,145,65,33,136,1,111,144,12,83,15,18,120,121,73,142,14,94,140,45,60,53,51,47,13,46,81,84,114,9,32,118,35,37,102,101,86,148,79,99,126,122,59,80,21,113,16,63,141,23,123,135,41,20,43,90,28,95,70,48,40,36,66,71,92,104,143,31,93,109,3,138,128,24,19,4,97,57,2,85,10,76,77,132,107,56,61,7,44,96,146,5,26,69,55,134,30,149,78,91,112,72,88,103,87,64,116,39,8,108,49,117,139,0,106,22,68,11,131,75,82
115,123,129,127,27,17,76,12,91,119,62,148,38,74,25,69,56,98,100,89,133,124,147,50,78,54,21,87,75,34,145,58,33,136,1,111,131,116,125,126,40,120,67,73,138,68,94,140,144,102,0,51,47,13,46,81,142,114,9,8,143,35,37,117,93,86,44,79,99,149,3,112,118,84,113,16,63,141,23,95,106,41,20,43,90,83,137,70,48,132,36,66,6,92,105,30,61,29,122,5,109,128,24,19,4,97,57,2,85,10,101,77,60,107,110,64,7,45,53,146,28,18,59,55,134,42,14,130,15,135,72,88,26,80,31,121,39,65,108,49,71,139,32,52,22,103,11,96,104,82
147,90,129,127,27,17,107,12,91,119,135,28,123,74,25,130,145,98,100,83,133,103,15,122,89,54,21,87,75,34,85,58,33,136,1,48,63,116,125,88,40,41,105,73,56,146,62,140,144,69,60,2,115,13,99,81,23,126,9,8,143,35,37,117,93,86,114,79,59,124,47,112,118,84,148,16,50,67,141,95,106,46,110,0,64,14,137,82,68,132,36,66,43,92,32,42,30,29,138,5,49,128,24,20,4,120,57,78,109,10,101,77,61,111,76,72,7,131,53,19,70,18,52,55,134,45,3,44,142,11,102,51,26,80,31,121,39,65,108,6,71,139,149,38,22,94,113,96,104,97
147,90,87,142,27,73,107,12,88,39,135,28,123,74,25,95,145,98,100,138,133,103,17,4,89,148,21,92,34,48,85,58,5,136,32,60,112,116,1,140,40,37,54,46,130,114,23,93,119,69,144,2,115,59,99,81,26,126,65,8,143,35,125,117,141,86,78,113,137,124,47,91,118,84,128,16,149,42,131,80,106,67,101,0,64,38,105,82,68,132,36,66,43,63,76,11,30,110,134,72,14,9,29,20,15,120,57,83,109,10,56,77,61,111,33,50,7,24,53,19,70,18,52,55,45,129,3,44,62,13,102,51,108,41,31,121,146,75,6,127,71,139,122,96,22,94,79,49,104,97
82,90,87,142,27,85,107,48,88,49,135,43,123,100,12,95,65,98,78,133,143,76,17,145,79,148,93,92,2,47,25,58,80,136,32,60,112,105,1,75,68,37,26,46,130,109,73,39,38,137,50,21,115,59,134,84,23,126,81,8,89,114,125,117,140,86,31,113,69,124,56,4,102,121,128,16,118,40,138,14,106,42,101,0,64,91,103,52,11,132,36,66,97,54,61,35,30,110,10,72,29,9,63,20,15,120,57,83,28,149,116,77,5,111,33,67,7,147,119,19,70,18,141,55,45,129,3,44,62,13,24,51,108,41,53,74,146,131,144,127,71,139,122,96,22,94,6,34,104,99
89,90,87,47,27,85,107,95,88,30,135,122,123,28,12,119,65,99,62,133,60,76,17,109,104,148,93,92,117,112,25,106,33,136,127,16,80,2,51,75,84,37,61,46,130,1,73,124,38,137,50,21,72,4,134,91,23,126,81,8,147,128,113,34,140,86,68,59,69,118,56,70,64,146,115,149,58,40,138,9,98,42,101,132,131,105,5,52,144,78,36,66,97,48,145,35,100,110,10,143,29,54,63,20,15,120,57,83,32,11,116,77,103,111,125,67,7,82,39,102,6,18,141,55,45,129,3,44,79,13,24,71,108,41,53,74,31,0,19,22,43,139,26,96,14,94,49,142,114,121
92,95,89,47,93,96,117,133,79,19,90,122,123,140,12,119,65,99,62,34,60,76,17,51,104,146,7,67,4,112,85,106,33,72,44,100,80,147,36,75,84,110,61,127,16,1,31,21,38,137,14,73,77,41,64,28,23,126,81,8,103,128,113,86,18,59,124,130,69,118,56,70,87,27,115,39,135,149,138,9,98,42,83,94,37,50,52,30,144,78,132,66,97,82,46,35,109,136,10,131,107,54,63,20,15,120,57,40,32,11,116,88,26,111,125,25,29,143,91,102,6,105,141,55,45,129,3,5,68,13,24,71,108,48,53,74,2,0,145,22,43,139,134,148,101,58,49,142,114,121
93,95,89,47,21,96,117,133,79,103,90,146,123,130,109,108,65,82,62,57,60,94,17,51,104,100,44,67,129,112,85,52,34,72,97,25,135,125,36,75,0,33,101,127,16,145,124,106,38,137,14,73,77,41,87,28,81,107,6,8,132,128,31,86,142,5,43,64,69,32,56,70,61,147,18,4,99,149,138,9,98,76,42,35,37,50,140,30,144,78,39,119,84,126,46,3,118,71,91,131,83,11,63,74,15,120,92,40,1,59,116,88,26,111,110,23,29,143,113,102,54,105,66,55,45,19,122,20,68,13,24,27,10,48,53,80,2,115,136,22,7,139,134,148,12,58,49,141,114,121
14,120,89,102,130,96,75,107,79,103,90,146,123,54,114,26,39,82,64,57,60,115,17,20,21,62,19,67,129,112,85,52,72,12,47,74,135,125,36,51,0,94,34,32,16,141,124,106,95,137,98,73,77,139,87,28,81,97,99,140,132,128,31,86,76,53,111,105,69,33,56,70,61,147,18,4,43,8,138,68,113,104,42,35,108,50,45,58,84,101,3,119,6,126,46,93,118,71,91,131,83,27,63,117,15,44,92,40,1,59,116,88,22,127,30,23,29,11,9,109,41,133,66,55,110,65,122,143,25,13,24,149,10,48,49,80,2,144,145,100,7,5,134,148,142,38,37,78,136,121
124,120,88,102,70,136,75,110,19,103,55,146,95,23,114,143,39,35,64,1,90,115,119,20,21,62,125,67,129,130,85,107,72,44,47,93,135,52,36,51,0,94,37,61,106,141,74,89,112,82,138,73,126,139,101,28,56,24,99,140,132,128,12,86,76,81,71,105,69,98,7,87,121,147,18,92,43,8,84,68,113,104,53,33,50,42,45,58,34,148,54,3,6,17,4,38,60,108,91,131,83,27,63,117,15,16,57,40,111,11,116,118,22,127,32,97,29,30,9,109,41,133,66,137,31,65,122,123,25,13,77,79,10,96,49,46,2,144,145,100,59,5,134,149,142,48,14,78,80,26
124,56,88,90,70,136,75,110,108,100,82,146,30,121,68,83,39,35,106,149,95,142,132,24,21,62,125,67,129,11,85,107,104,59,97,93,135,52,36,51,0,94,37,76,78,141,74,89,112,60,131,120,48,64,44,16,1,101,4,61,47,128,12,86,55,81,71,105,69,148,46,87,126,147,139,92,130,143,23,73,113,42,53,29,84,123,33,58,45,17,54,3,140,119,34,38,103,19,91,138,114,27,63,117,15,134,57,40,111,8,116,118,22,127,32,7,28,80,9,109,41,133,66,137,31,102,122,25,18,13,77,50,10,96,49,145,2,144,98,20,99,5,115,6,79,72,14,65,43,26
124,56,4,90,70,136,75,110,108,100,58,146,76,50,68,138,39,19,106,149,16,142,132,24,21,62,13,67,129,54,85,3,26,10,97,93,18,52,36,51,115,123,95,83,78,17,32,89,148,60,86,61,48,64,44,57,137,74,12,118,47,128,1,59,55,81,72,105,69,9,42,99,126,147,139,92,45,143,23,73,113,71,53,29,84,46,35,135,66,49,30,40,140,119,34,38,103,91,120,0,130,20,27,117,15,134,109,94,33,8,104,43,22,127,88,101,37,11,63,28,41,133,111,7,31,82,122,25,121,114,77,80,102,96,65,145,2,144,141,107,131,5,112,6,79,98,14,125,87,116
72,56,105,83,70,138,75,110,0,42,71,146,50,90,39,131,36,19,120,12,16,145,132,24,21,62,13,67,74,54,127,3,61,113,97,93,18,52,25,51,106,123,79,94,68,17,32,38,58,60,86,37,96,64,85,49,137,92,57,118,47,139,1,59,55,81,149,125,69,95,142,99,76,116,119,144,45,141,26,136,115,78,53,29,84,46,147,135,66,148,10,65,140,48,34,30,103,100,43,40,130,20,27,89,15,134,143,109,33,8,104,117,22,28,88,101,82,11,63,124,41,133,111,7,31,9,122,126,121,114,35,80,102,108,23,2,91,44,129,107,77,5,112,6,4,98,14,128,87,73
72,103,105,83,35,138,75,110,79,42,71,146,4,0,39,20,145,1,120,107,16,85,132,128,36,62,13,67,55,80,127,15,61,91,97,93,18,52,126,56,14,96,58,94,68,11,32,38,78,29,59,117,129,24,89,49,147,92,23,118,47,139,6,116,60,81,111,125,69,33,142,99,95,45,119,144,17,141,26,86,115,54,131,64,84,70,109,135,66,50,25,65,140,48,34,30,82,100,43,40,130,137,27,10,112,134,143,46,8,21,104,19,22,28,88,101,37,113,57,124,41,106,108,7,31,9,63,3,122,114,149,148,102,90,12,2,123,44,74,76,77,5,53,51,136,98,121,133,87,73
81,103,15,140,92,12,77,110,17,86,63,112,66,47,39,55,145,1,120,107,105,85,114,128,36,4,62,67,43,69,127,11,61,27,97,80,30,52,126,56,100,91,70,94,68,75,32,13,78,29,59,73,102,24,89,131,31,57,23,116,58,139,6,123,60,20,111,125,141,33,142,99,95,45,119,144,48,88,42,79,115,54,72,64,83,18,16,135,147,38,25,65,14,143,34,96,82,93,50,149,130,137,146,10,49,134,8,46,53,21,104,19,22,28,118,101,37,113,44,124,41,106,108,7,138,9,129,87,148,40,26,117,0,90,132,2,35,109,74,76,122,5,3,51,136,98,121,133,71,84
95,103,135,140,92,144,77,110,20,86,132,14,45,81,146,116,145,1,143,107,56,85,114,128,36,4,62,120,75,61,127,50,149,27,148,80,30,52,126,112,100,91,70,94,97,12,32,40,78,29,59,73,142,24,89,131,34,57,64,15,69,139,6,123,83,43,71,88,104,33,118,84,93,22,66,138,48,17,42,79,115,54,72,31,106,18,67,63,7,38,25,65,11,46,82,96,74,39,44,8,130,137,113,10,49,105,23,9,13,21,99,19,117,28,102,101,37,68,119,124,141,58,108,47,16,134,129,87,111,109,26,55,0,90,125,53,35,2,147,76,122,5,3,51,136,98,121,133,41,60
83,103,23,140,141,119,70,110,71,122,47,18,45,81,41,116,97,1,111,102,56,85,114,128,127,86,62,74,51,61,44,30,113,27,148,80,107,52,126,112,75,91,101,94,146,12,99,64,78,24,32,73,14,139,89,131,34,57,121,15,149,33,6,16,136,43,36,22,104,144,118,84,82,8,66,138,48,17,42,79,115,54,72,31,106,77,67,63,7,38,25,65,68,69,11,96,135,39,29,9,130,137,58,10,100,132,76,143,40,21,46,49,117,28,20,19,37,0,93,134,95,50,88,120,123,142,129,4,87,109,26,55,13,90,125,53,35,2,147,145,124,5,3,108,59,98,105,133,92,60
83,103,136,69,141,119,70,110,71,122,72,104,126,81,84,58,97,18,92,102,37,125,35,128,33,121,127,140,51,45,44,30,107,105,139,47,26,52,62,111,75,39,56,94,146,12,99,41,78,23,32,73,0,95,89,131,34,57,5,15,149,80,6,65,40,43,64,22,114,144,130,85,82,96,86,138,48,25,42,79,129,54,87,31,106,77,115,100,7,38,8,16,68,148,11,109,135,36,93,9,66,137,113,2,118,132,76,28,24,21,112,10,117,91,20,19,49,46,14,134,67,50,88,120,27,142,1,4,101,116,123,55,13,90,143,53,61,74,147,145,124,63,3,108,59,98,29,133,17,60
83,103,136,69,141,57,70,110,71,122,72,104,130,81,100,55,97,18,92,102,62,82,35,128,52,121,127,22,64,10,44,30,107,58,148,45,1,11,146,111,75,39,56,94,84,3,139,41,78,23,79,73,51,32,89,131,66,29,113,90,149,80,6,43,93,34,24,95,132,144,33,26,120,7,15,74,129,25,91,140,67,54,87,19,106,77,115,142,14,38,8,16,0,76,31,109,135,36,138,9,114,137,85,59,118,2,133,65,40,21,112,37,117,68,143,86,49,46,98,134,119,50,88,48,27,42,12,99,101,116,123,96,13,5,4,53,61,47,147,145,124,63,126,108,105,125,20,28,17,60
47,103,136,69,17,75,50,110,9,122,81,30,26,58,100,57,97,18,92,55,62,23,33,128,52,98,68,22,64,16,44,144,141,54,148,45,1,11,146,111,102,39,49,94,84,3,42,126,78,127,79,73,51,32,89,29,66,27,113,90,15,19,6,43,93,83,95,130,132,138,63,70,120,56,8,74,129,25,71,104,67,80,121,119,135,77,115,142,14,88,5,139,0,76,82,109,143,37,140,10,114,137,13,59,131,2,36,65,40,21,112,91,117,149,41,86,28,46,106,134,133,38,60,48,7,35,12,99,123,116,72,34,108,107,4,53,61,96,147,145,124,85,87,101,105,125,20,31,24,118
47,103,136,69,98,15,91,110,117,145,81,4,77,139,100,12,97,18,92,55,62,87,85,128,52,130,127,105,64,124,44,111,86,54,148,45,78,57,146,25,102,71,123,94,1,3,65,126,61,11,79,73,51,76,89,29,66,27,113,90,144,112,50,43,93,83,95,16,132,20,63,70,120,56,8,74,107,141,138,22,34,80,133,119,135,104,30,96,14,88,147,129,101,82,149,58,143,37,140,10,84,137,13,59,9,2,36,42,40,21,125,122,114,6,41,24,28,46,109,134,0,38,60,48,7,35,106,99,75,116,72,39,108,33,31,53,121,17,142,5,26,67,19,49,115,23,68,131,32,118
70,43,136,21,98,15,91,110,117,51,81,7,77,139,100,32,96,29,69,55,140,132,85,26,104,48,127,105,64,124,56,66,73,54,148,12,10,57,146,62,102,71,123,94,115,20,65,97,50,11,79,45,135,76,89,25,137,27,126,67,144,112,109,111,86,83,95,1,93,68,113,52,120,129,8,74,107,141,138,3,61,80,133,122,142,103,30,147,14,119,4,92,101,82,149,47,143,37,108,99,88,84,13,59,9,2,36,42,40,34,125,19,0,16,41,24,28,22,49,134,6,5,60,63,130,35,106,18,75,116,72,39,145,33,31,53,121,17,78,87,46,38,128,23,90,44,58,131,114,118
70,43,75,12,98,15,104,110,117,125,128,67,77,139,16,32,96,108,90,91,55,57,85,21,79,103,127,24,7,124,93,66,73,54,28,2,8,142,146,62,102,71,48,126,115,68,84,97,50,69,140,17,135,25,89,148,94,34,39,51,144,76,109,1,86,119,95,82,5,27,113,19,11,123,116,74,107,141,138,3,61,80,52,122,29,137,30,147,60,72,4,92,101,112,149,47,143,37,46,99,88,20,13,59,9,100,36,42,40,78,49,14,0,64,41,133,136,105,81,134,6,56,132,63,130,35,106,18,120,26,33,131,145,10,31,53,121,22,45,87,111,38,83,23,129,44,58,65,114,118
70,96,75,12,98,135,5,59,117,125,104,67,77,139,16,72,55,60,90,91,83,39,85,21,79,103,127,24,7,124,69,145,71,54,48,50,8,43,2,62,102,128,149,30,126,68,84,14,35,141,140,92,3,25,89,148,52,34,0,51,78,76,20,93,86,119,108,82,1,17,4,22,80,123,122,74,107,146,138,101,28,36,66,110,29,137,41,115,147,61,57,88,19,112,64,47,143,37,46,99,105,27,13,73,9,15,31,6,40,144,49,131,95,38,109,133,136,142,81,134,94,113,132,63,130,32,106,18,120,26,33,100,97,10,45,53,121,11,87,42,111,116,56,23,129,44,58,65,114,118
70,36,75,12,98,118,5,59,117,125,64,7,77,139,33,107,52,60,147,16,83,39,85,121,79,103,11,66,148,8,42,61,43,54,127,50,140,99,2,62,102,44,124,30,126,68,84,80,35,141,128,92,3,88,89,146,123,119,69,51,120,76,20,13,86,135,78,96,67,17,37,15,1,48,23,74,129,55,138,101,109,142,112,0,29,137,41,115,10,22,57,14,19,24,71,47,143,134,46,136,105,27,95,73,9,91,31,6,149,144,49,131,18,38,63,133,28,82,81,110,94,113,132,25,130,32,106,72,93,26,108,100,97,34,45,53,87,40,4,122,111,116,56,104,65,21,58,90,114,145
33,71,34,80,98,118,5,69,89,125,143,124,77,12,106,107,9,42,147,52,30,39,85,55,149,79,11,66,41,8,51,61,43,15,127,83,140,48,2,62,102,14,84,72,126,21,105,132,137,141,119,92,3,88,0,146,123,32,114,101,68,60,20,108,86,135,78,117,67,17,37,103,120,7,23,74,129,134,138,70,99,142,112,35,1,136,148,115,10,22,57,16,19,36,94,47,56,26,46,75,31,6,95,73,40,91,54,109,50,144,49,131,18,38,63,133,93,82,81,110,28,113,24,96,130,13,139,25,27,128,121,100,97,44,45,53,87,29,4,122,111,116,64,104,65,59,58,90,76,145
82,9,41,39,98,118,65,69,99,101,143,124,77,12,106,107,21,149,91,52,26,90,80,138,63,103,11,66,45,34,51,61,43,15,36,7,140,119,2,139,110,24,84,89,126,76,105,132,5,141,125,136,3,56,0,146,35,32,114,116,68,60,20,8,86,135,18,117,67,17,37,55,25,83,23,47,95,134,129,70,74,142,112,147,1,71,148,79,10,85,57,16,123,46,94,128,131,30,48,72,31,6,108,73,40,58,54,109,50,144,102,88,13,38,75,133,93,22,81,42,28,113,78,96,130,92,49,59,115,62,33,100,97,44,127,53,87,27,4,122,111,120,64,104,19,14,121,29,137,145
82,31,41,39,134,118,4,69,99,101,143,0,77,12,106,107,21,149,91,52,8,90,80,37,113,34,65,67,9,142,51,61,14,100,36,133,147,121,2,56,110,98,84,72,63,76,128,132,119,141,92,136,125,46,66,146,35,32,114,140,68,54,20,138,86,135,18,117,71,29,40,144,105,83,23,79,95,22,129,70,74,13,112,47,1,5,116,73,10,85,57,16,123,124,126,104,60,30,48,94,89,6,108,45,33,58,27,109,50,102,43,103,145,38,24,15,93,7,81,55,28,115,78,96,148,127,59,49,3,62,130,75,97,44,131,53,87,42,26,122,111,120,64,88,19,11,139,25,137,17
61,31,41,39,134,79,4,124,82,101,77,0,27,12,106,107,21,49,91,52,80,65,149,37,113,34,78,67,85,142,51,123,14,100,36,133,147,121,2,83,110,30,96,72,105,43,93,128,125,141,92,136,8,26,44,33,47,32,114,60,84,140,20,138,86,135,18,98,71,29,40,144,45,7,23,119,95,22,129,70,3,90,112,63,38,5,116,73,10,69,109,16,103,99,117,104,132,118,74,9,89,48,108,58,46,115,120,24,50,102,94,55,56,57,88,15,64,1,81,35,28,54,143,137,148,127,59,66,62,75,130,122,97,76,131,53,87,42,146,6,145,13,111,68,19,11,139,25,126,17
103,31,41,39,134,17,118,124,82,101,55,58,27,12,139,107,90,126,91,68,80,96,149,37,123,92,78,72,85,42,51,75,14,100,36,133,81,109,2,145,110,60,131,128,142,16,93,121,125,141,115,76,104,77,1,53,47,32,114,143,105,140,20,138,86,135,18,98,71,136,40,144,45,7,23,119,95,22,129,70,3,44,52,30,38,5,63,73,21,69,116,112,6,99,117,49,132,84,74,9,29,65,19,33,46,54,13,24,89,102,94,10,56,57,61,15,64,113,48,35,4,87,67,137,147,127,59,66,62,34,88,79,97,26,28,50,130,8,146,120,108,148,0,43,111,11,106,25,83,122
103,31,121,52,85,17,118,88,95,101,55,58,27,90,76,107,30,126,91,68,36,137,149,37,123,124,65,72,38,42,51,14,45,59,94,148,53,109,125,145,110,60,131,128,138,16,93,48,12,22,115,2,141,18,46,143,44,74,114,104,9,140,20,133,86,135,146,98,80,6,40,144,100,7,23,119,73,54,129,70,3,122,32,41,136,5,63,77,83,97,116,112,71,75,117,49,28,84,69,134,29,99,19,33,96,82,13,24,89,142,39,10,56,78,47,15,64,113,61,35,4,87,67,139,147,127,92,66,62,34,8,132,43,26,57,81,111,21,79,120,108,102,0,105,130,11,106,25,50,1
103,18,121,52,113,29,118,56,35,101,55,133,105,137,76,107,90,126,70,7,22,63,149,37,123,97,129,72,38,87,51,14,31,59,30,148,53,109,110,32,124,60,86,5,83,16,58,34,12,104,115,131,62,74,138,75,44,93,42,95,9,140,20,102,125,135,146,98,80,114,106,144,100,68,23,119,73,54,111,82,27,122,91,41,143,88,2,77,66,85,116,112,71,94,117,69,28,147,48,134,46,99,19,33,96,4,13,24,84,142,39,10,67,78,47,15,64,45,49,25,17,141,6,139,89,127,92,79,145,3,136,132,43,26,57,81,61,21,128,120,108,36,0,1,130,11,8,40,50,65
103,18,117,52,113,29,118,139,30,101,105,133,55,5,107,148,13,126,70,11,22,63,68,144,123,97,129,47,6,87,51,14,73,59,127,42,53,81,110,38,137,60,86,91,83,72,58,34,12,41,115,131,62,141,99,75,44,76,45,95,9,140,98,102,125,135,16,104,64,71,106,143,100,93,66,15,142,54,111,90,46,69,10,40,50,88,67,77,2,85,74,112,7,65,27,20,28,147,48,134,146,94,19,33,96,4,130,24,84,36,39,37,82,78,116,0,32,124,49,21,23,25,119,138,89,31,92,79,145,3,136,132,43,26,57,35,61,17,128,120,108,56,149,1,122,109,8,121,114,80
109,18,117,46,114,8,102,2,87,143,129,133,105,147,107,148,13,125,70,48,22,43,68,38,99,97,1,112,34,29,51,14,73,59,126,42,53,81,110,85,137,144,86,91,83,72,58,30,40,41,115,131,138,122,149,121,44,120,45,95,9,140,98,101,130,80,16,94,64,134,106,62,100,93,132,15,142,3,60,90,71,69,136,10,50,88,67,77,61,128,39,0,7,65,27,20,28,104,56,63,146,123,12,113,24,4,118,135,84,36,5,37,82,78,116,52,32,124,49,21,23,25,119,11,139,31,92,79,145,89,19,103,96,26,57,35,75,17,111,47,108,6,76,141,127,55,33,74,54,66
109,120,15,104,54,100,102,2,7,51,83,133,105,1,110,135,13,125,65,141,116,43,103,45,145,148,63,112,34,52,97,14,73,47,126,42,53,81,68,85,77,144,10,59,29,48,58,30,40,41,115,131,121,122,149,134,5,147,119,124,46,140,98,101,27,80,16,130,64,143,106,70,62,93,132,72,22,3,60,76,71,69,136,107,50,12,67,91,61,129,18,0,35,95,24,114,28,8,56,44,90,123,25,113,87,4,118,57,84,36,20,37,82,78,38,99,32,9,49,21,23,66,117,11,139,31,92,79,142,89,138,39,96,88,128,86,75,17,111,137,108,6,26,94,127,55,33,74,146,19
134,120,15,104,57,100,102,40,7,51,61,35,105,114,110,135,13,77,65,141,73,43,103,45,145,148,63,112,86,96,97,14,42,47,20,24,84,124,68,85,21,144,10,39,70,16,139,30,44,41,142,131,81,122,116,52,113,50,119,106,46,127,98,101,27,6,49,17,64,143,115,72,91,93,130,1,22,53,128,76,71,69,3,147,37,12,67,2,138,129,18,83,95,33,58,109,121,8,118,9,90,123,25,34,87,0,48,62,140,36,4,136,82,78,38,23,32,28,149,59,125,66,117,11,60,31,92,79,126,89,54,5,107,88,99,132,75,56,111,137,108,29,26,94,133,55,80,74,146,19
95,68,20,57,77,135,102,40,7,72,113,35,105,114,15,136,131,50,130,31,73,2,103,23,125,148,51,112,86,96,65,14,42,84,43,55,134,124,24,74,21,81,10,141,70,16,139,19,44,41,142,110,127,85,116,52,78,61,13,106,46,100,98,101,119,6,49,17,69,143,115,58,63,121,30,1,22,90,128,38,39,97,3,147,144,12,67,123,138,129,27,25,132,33,18,109,62,104,118,9,145,45,76,34,87,0,48,8,91,36,4,122,82,37,47,71,32,140,149,59,28,66,117,83,94,75,92,79,126,11,54,5,120,88,99,60,64,56,111,137,108,29,26,53,133,89,80,93,146,107
95,84,20,57,36,135,42,40,48,72,139,35,105,80,15,76,119,52,130,109,26,68,110,113,125,148,51,112,86,96,65,32,78,37,134,55,23,121,24,74,124,81,10,141,70,31,106,129,44,12,142,98,127,19,34,29,2,100,13,102,46,114,58,101,54,6,49,17,69,143,27,50,140,77,30,117,22,131,128,38,39,97,3,147,144,116,67,123,103,92,75,25,132,73,18,61,62,104,16,9,145,45,43,0,60,8,122,63,91,14,53,108,82,88,47,71,90,136,149,59,28,66,4,93,120,115,33,79,126,11,87,5,41,85,99,21,64,56,111,137,1,118,94,83,133,89,7,138,146,107
37,124,20,101,87,2,76,40,48,72,139,35,131,80,15,135,119,52,130,26,54,111,81,46,53,148,42,112,146,136,65,32,78,115,132,55,23,123,24,21,97,13,134,86,70,33,106,30,44,12,116,98,34,143,105,0,10,100,138,102,128,27,58,121,108,51,49,17,69,145,74,50,25,77,99,117,22,140,31,38,39,59,3,147,144,41,6,57,103,83,29,110,68,73,18,61,62,104,84,9,47,142,43,92,60,8,122,63,91,14,96,16,82,88,141,71,90,75,149,19,28,66,4,114,120,45,5,79,126,11,109,129,113,85,64,93,67,56,127,137,1,118,94,125,133,89,7,36,95,107
59,42,20,107,86,113,79,40,67,72,135,35,131,66,76,69,119,52,130,26,29,111,1,100,28,148,121,112,146,136,65,32,78,0,132,55,23,123,24,21,97,108,134,48,110,81,106,139,44,12,116,57,68,143,105,41,10,61,5,102,128,101,39,138,104,51,49,17,75,145,74,50,25,91,99,117,16,140,149,64,87,122,3,147,144,120,6,8,103,54,30,58,31,73,18,126,9,84,37,124,47,11,33,92,60,70,71,63,114,46,96,98,56,88,141,15,90,38,2,19,27,22,4,83,77,45,115,13,82,43,109,129,93,85,14,34,53,62,127,137,142,118,94,125,133,89,7,36,95,80
59,141,134,107,55,31,79,40,67,133,53,34,131,66,108,69,119,52,130,26,32,82,1,100,28,148,121,112,146,129,92,95,78,0,132,63,23,123,24,21,20,56,57,135,46,81,76,111,127,12,30,109,106,143,118,41,10,61,116,102,83,101,137,89,104,74,49,17,75,145,33,50,144,91,99,73,16,4,110,64,94,122,147,124,44,120,47,8,103,87,51,58,11,6,18,126,128,84,37,105,25,97,35,113,39,70,71,117,114,5,96,98,36,88,90,15,9,136,2,19,27,22,138,72,65,45,115,13,3,43,48,140,93,85,14,38,86,42,60,77,142,139,149,125,68,62,7,54,29,80
59,141,92,107,55,31,79,40,67,102,53,54,86,66,116,78,69,52,133,26,32,34,11,100,28,61,121,112,85,84,142,4,134,103,136,120,23,124,24,58,20,63,80,82,128,105,76,88,10,57,30,109,106,143,118,1,87,119,48,49,43,101,137,89,104,74,3,17,75,145,33,50,144,91,123,73,110,62,64,99,94,21,147,115,44,22,47,81,5,135,51,122,127,6,18,126,16,131,37,148,25,97,56,113,114,70,71,117,93,8,96,98,140,36,83,15,9,0,2,19,27,146,138,72,65,45,46,13,39,129,35,149,41,132,14,38,95,42,60,77,108,111,12,125,68,130,7,90,29,139
99,109,92,30,87,33,3,40,67,122,8,54,86,66,117,53,69,79,102,26,56,103,11,112,28,68,121,97,137,78,142,4,134,130,136,63,74,124,0,52,20,23,41,82,128,42,76,88,147,100,24,84,106,143,118,105,43,108,10,49,95,101,72,89,120,141,47,6,75,19,7,50,93,91,123,73,140,62,64,1,94,21,48,115,58,22,59,81,5,135,51,55,17,110,18,126,16,131,37,61,25,36,107,113,114,70,80,119,57,44,96,98,145,13,83,15,9,34,2,104,116,146,138,144,65,45,46,32,127,39,35,149,133,132,14,38,71,129,60,77,31,111,12,125,27,148,85,90,29,139
11,107,92,30,20,33,3,40,91,54,8,121,102,66,117,4,69,68,130,97,93,103,47,56,146,147,104,14,137,78,142,144,134,19,75,63,0,124,29,52,82,23,41,140,26,53,76,88,83,132,100,84,106,60,118,113,43,108,10,49,95,101,39,24,129,141,17,6,110,90,36,50,122,67,143,73,7,62,64,1,94,21,48,87,58,22,59,81,98,128,51,55,18,72,86,126,16,133,136,61,109,85,45,2,25,70,80,119,57,44,96,79,145,13,38,15,112,34,135,74,116,31,138,28,65,37,46,32,127,131,35,149,9,89,114,5,71,115,105,77,123,111,12,125,27,148,42,99,120,139
11,33,92,30,20,109,60,40,91,54,51,108,79,66,97,4,69,121,138,75,93,53,47,41,146,27,126,14,137,130,142,26,107,19,122,76,31,124,29,78,82,61,64,140,139,113,2,70,83,6,44,84,106,131,118,134,116,37,10,145,95,101,74,24,129,141,17,117,110,36,52,50,125,67,143,73,7,62,56,77,25,21,96,87,28,22,49,81,98,128,0,55,18,72,86,58,16,133,136,147,39,103,43,68,45,63,80,119,57,8,59,9,1,13,38,15,112,34,102,100,35,3,104,85,48,23,46,32,127,94,65,149,89,120,114,5,71,115,105,88,123,111,12,135,90,148,42,99,132,144
107,37,92,23,137,30,60,90,41,14,51,73,3,66,74,139,69,103,138,75,93,134,47,141,146,27,126,32,84,105,10,78,145,19,122,76,100,124,29,123,82,61,0,140,68,130,2,4,83,6,44,135,106,89,118,79,18,31,16,56,95,129,9,24,111,96,17,50,110,62,52,142,125,67,143,104,7,54,20,77,25,33,11,87,28,22,49,81,98,128,147,55,91,72,53,86,148,133,136,109,39,5,116,101,45,63,80,119,57,71,59,120,1,13,38,15,40,34,102,64,35,144,43,85,48,70,46,99,127,94,65,149,21,121,114,108,131,115,113,88,58,36,12,8,97,117,42,112,132,26
107,85,47,23,50,55,81,90,41,14,52,73,127,19,137,24,40,37,138,18,146,134,145,75,30,69,126,32,131,1,10,66,143,92,122,99,100,26,29,123,82,25,93,84,27,130,2,141,83,6,44,135,106,91,118,79,33,105,16,56,95,3,9,136,111,4,125,96,103,62,124,61,147,67,149,104,31,54,20,97,139,110,11,87,28,22,76,46,98,60,129,121,71,89,78,86,148,133,101,140,77,109,116,7,51,63,80,119,57,12,59,120,45,13,38,15,49,34,102,64,35,144,43,142,48,70,0,128,72,94,65,53,21,68,114,108,39,115,5,88,58,36,74,8,17,117,42,112,132,113
123,85,47,108,76,32,119,55,24,78,52,73,127,131,137,124,40,105,138,18,77,134,71,6,9,69,126,36,62,1,10,90,66,92,122,99,115,26,82,37,38,25,93,143,27,130,75,141,83,100,145,107,106,81,118,42,33,58,16,56,95,19,22,136,111,4,125,8,103,46,63,61,139,67,149,2,31,54,20,97,0,104,11,87,28,41,89,7,98,60,144,121,140,128,48,86,135,133,14,72,84,109,116,23,96,79,80,114,146,12,59,120,45,13,29,15,49,51,102,44,35,5,43,142,39,70,147,101,30,94,65,57,21,68,53,50,91,129,74,88,3,148,34,64,17,117,110,112,132,113
35,59,93,14,109,85,42,75,22,3,137,81,54,39,52,124,40,105,138,18,6,134,83,127,9,19,126,36,62,1,10,90,7,92,119,99,115,78,82,37,38,108,106,143,27,110,20,76,56,100,73,107,32,130,118,61,64,58,87,131,95,102,79,148,111,4,33,125,103,17,145,47,139,67,149,2,31,11,84,101,0,104,122,147,28,41,89,25,98,60,144,121,140,128,48,86,44,133,34,123,26,68,116,23,96,55,80,114,71,12,132,120,45,24,29,15,49,51,8,43,77,5,46,142,141,70,69,97,30,94,65,57,16,66,63,50,91,129,74,88,136,53,72,135,146,117,13,112,21,113
111,105,138,14,18,76,79,23,6,24,137,81,77,42,57,89,40,92,22,38,106,134,83,127,102,19,34,36,108,1,10,90,7,85,21,99,112,78,55,37,95,15,113,143,98,110,30,20,39,100,73,107,32,3,118,61,64,58,101,131,82,9,4,148,27,75,33,125,103,17,149,47,129,67,62,2,31,8,84,69,0,104,122,68,28,41,96,25,109,60,144,121,140,94,119,86,44,114,147,123,120,115,87,116,59,124,80,54,71,12,132,48,52,56,29,45,49,51,141,43,139,5,65,142,128,70,26,97,11,145,133,88,16,66,63,50,91,130,74,35,136,53,72,135,146,117,13,46,93,126
111,92,138,14,1,76,32,23,6,19,137,81,77,25,57,52,40,51,106,38,2,134,83,127,102,107,34,36,108,86,42,9,68,85,21,7,119,78,55,64,44,15,113,120,97,110,47,144,148,136,67,95,22,3,118,61,135,58,122,94,131,82,4,133,27,130,33,73,103,17,149,63,129,125,62,80,112,65,35,69,100,104,99,8,28,0,96,143,109,60,75,89,31,18,145,90,46,114,59,123,10,115,30,116,147,124,24,54,71,142,132,48,12,56,29,105,49,37,141,43,139,5,128,72,101,70,26,45,11,121,87,88,16,66,79,50,91,84,74,41,98,53,20,140,146,117,13,39,93,126
