0,1,2,3,4,5,6,7,8,9,10,11,12,13,14,15,16,17,18,19,20,21,22,23,24,25,26,27,28,29,30,31,32,33,34,35,36,37,38,39,40,41,42,43,44,45,46,47,48,49,50,51,52,53,54,55,56,57,58,59,60,61,62,63,64,65,66,67,68,69,70,71,72,73,74,75,76,77,78,79,80,81,82,83,84,85,86,87,88,89,90,91,92,93,94,95,96,97,98,99
0,1,2,3,4,5,6,7,8,9,10,11,12,13,14,15,16,17,18,19,20,21,46,23,24,25,26,27,28,29,30,99,95,33,34,35,36,37,38,39,40,41,42,22,44,45,43,47,48,49,50,87,52,53,54,55,56,57,58,59,60,31,62,63,64,65,66,67,68,69,70,71,72,73,74,75,76,77,78,79,80,81,82,83,84,85,86,51,88,89,90,91,92,93,94,61,96,97,98,32
0,1,2,71,4,5,6,7,11,9,10,48,12,28,14,15,13,17,18,19,20,82,46,23,24,25,26,27,21,29,30,99,95,33,34,35,36,37,38,39,40,41,42,22,44,45,43,47,8,49,50,87,52,53,54,55,56,57,58,59,60,31,62,63,64,65,66,67,68,69,70,3,72,73,74,75,76,77,78,79,80,81,16,83,84,85,86,51,88,89,90,91,92,93,94,61,96,97,98,32
0,1,2,71,4,5,6,7,11,9,10,48,12,28,14,15,50,17,18,19,20,82,46,23,24,25,26,27,21,13,51,99,95,33,34,35,36,37,38,39,83,41,42,22,44,45,43,47,40,49,8,87,52,53,54,55,56,57,58,59,60,31,62,63,64,65,66,67,68,69,70,3,72,73,74,75,76,77,78,79,80,81,16,30,89,85,86,29,88,84,90,91,92,93,94,61,96,97,98,32
0,1,2,71,4,5,6,7,11,9,10,58,12,28,14,15,50,17,18,19,20,82,46,23,24,25,26,3,21,13,51,99,95,33,34,35,43,37,38,39,83,41,42,22,44,45,48,47,40,49,8,87,52,53,54,55,56,57,70,59,60,31,62,27,64,65,66,67,68,69,97,77,72,73,74,75,76,63,78,79,80,81,16,30,89,85,86,29,88,84,90,91,92,93,94,61,96,36,98,32
0,1,2,71,4,5,6,7,11,9,10,58,12,28,14,15,62,17,18,19,20,69,46,23,24,25,26,3,21,95,51,99,50,33,34,35,43,37,38,39,83,41,42,22,44,45,48,47,40,49,8,87,52,53,54,55,56,57,70,59,60,31,86,27,64,65,66,67,68,61,97,77,72,73,74,75,76,63,78,79,80,81,13,30,89,85,16,29,88,84,90,91,82,93,94,92,96,36,98,32
0,1,2,71,4,5,6,7,11,9,10,58,12,28,14,15,62,17,18,19,20,69,46,23,24,25,97,3,64,95,51,99,50,33,34,63,43,37,38,39,83,41,21,22,44,45,48,47,40,49,8,87,52,53,92,55,56,57,70,59,60,31,86,42,27,65,66,67,68,61,35,77,72,73,74,75,76,54,78,79,80,81,13,30,89,85,16,29,88,84,90,91,82,93,94,26,96,36,98,32
0,1,2,71,4,5,6,7,60,9,10,58,12,28,14,15,62,35,18,19,20,52,46,23,24,25,97,3,64,95,51,85,50,33,34,63,43,37,38,39,83,41,21,22,44,45,48,47,40,49,8,87,17,53,92,55,56,57,70,59,99,31,86,42,27,65,66,67,68,61,11,77,72,73,74,75,76,54,78,79,80,81,13,93,89,30,16,29,88,84,90,91,82,69,94,26,96,36,98,32
0,1,2,71,4,5,6,7,60,9,10,58,12,28,14,15,62,35,18,19,20,52,46,23,24,25,97,3,64,95,54,85,50,33,34,63,43,37,44,80,83,41,21,22,68,45,48,47,40,49,8,87,17,53,92,55,56,57,70,59,99,31,86,66,27,65,38,67,42,61,11,77,72,73,74,75,76,51,78,79,16,81,13,93,89,30,39,29,88,84,90,91,82,69,94,26,96,36,98,32
0,78,2,71,4,5,6,7,60,9,10,58,12,28,14,15,62,35,18,19,20,52,46,23,24,25,97,3,64,95,54,85,50,47,34,94,43,37,44,80,83,41,21,22,68,45,48,98,40,49,8,87,17,53,92,55,56,57,70,59,99,63,86,66,1,65,38,67,42,61,11,77,72,73,74,75,76,51,33,79,16,81,13,93,89,30,39,29,88,84,90,91,82,31,69,26,96,36,27,32
0,78,2,89,4,5,6,7,80,9,10,58,84,28,14,15,62,35,18,19,20,52,46,23,24,25,97,3,64,95,54,85,44,47,34,94,43,37,12,77,83,41,21,22,68,45,48,98,40,49,8,50,17,53,92,55,56,57,70,59,99,63,86,66,1,65,38,67,42,61,11,60,72,73,74,75,76,51,33,79,16,81,13,93,71,30,39,29,88,87,90,91,82,31,69,26,96,36,27,32
0,40,2,89,4,5,6,7,80,9,10,58,84,28,14,15,62,35,18,19,20,38,46,23,24,25,97,3,64,95,54,85,44,47,34,94,43,37,55,77,83,41,21,22,68,45,48,98,29,49,8,50,17,53,92,78,56,57,70,59,99,63,86,66,1,65,33,67,42,61,11,60,72,73,74,75,76,51,96,79,16,81,13,93,71,30,52,39,88,87,90,91,82,31,69,26,12,36,27,32
0,40,2,89,4,5,6,7,80,9,10,58,84,28,14,15,62,35,18,19,20,38,46,23,24,25,97,3,64,95,54,85,30,47,34,37,43,82,55,44,83,41,21,22,68,45,48,98,29,49,8,50,17,53,92,78,56,91,70,59,99,63,94,66,1,65,33,77,42,61,11,60,72,73,74,75,76,51,96,79,16,81,13,93,71,57,52,39,88,87,90,67,86,31,69,26,12,36,27,32
0,40,73,2,4,5,6,7,29,9,10,58,84,28,89,15,62,35,14,19,20,38,46,23,24,25,97,3,64,95,54,85,30,47,34,37,43,82,55,44,83,41,21,22,68,45,48,98,63,49,8,50,17,53,92,78,56,91,70,59,99,31,94,66,1,65,33,77,42,61,11,60,72,18,74,75,76,51,96,79,16,81,13,93,71,57,52,39,88,87,90,67,86,12,69,26,80,36,27,32
0,40,73,2,4,5,6,7,29,9,10,58,84,28,68,15,62,35,14,19,20,38,46,23,24,25,97,3,64,8,54,85,30,47,34,37,43,82,99,44,83,69,21,22,57,45,48,98,63,49,41,50,17,53,92,78,56,91,70,59,88,31,94,66,1,65,33,77,42,61,11,60,72,18,74,75,76,51,96,79,16,81,13,93,71,89,52,39,55,87,90,67,86,12,95,26,80,36,27,32
0,40,73,2,4,5,6,7,29,9,10,58,84,28,68,15,62,35,14,19,20,38,46,23,24,25,97,3,64,8,99,85,13,47,34,37,43,82,54,44,83,69,21,22,57,45,67,98,63,49,41,50,17,53,30,78,56,91,70,59,88,31,94,66,1,65,33,77,26,61,11,60,72,18,74,75,42,51,96,79,16,81,76,93,71,89,52,39,55,87,90,48,86,12,95,92,80,36,27,32
0,40,73,2,4,5,6,7,29,9,10,58,84,28,68,15,46,35,14,13,20,38,62,23,24,25,97,3,64,8,99,85,51,47,34,67,43,82,54,44,83,69,21,22,57,45,17,37,63,49,41,50,1,53,30,78,56,91,70,59,88,31,94,66,19,65,33,77,26,61,11,60,72,18,74,75,42,98,96,79,16,81,76,93,71,89,52,39,55,87,90,48,86,12,95,92,80,36,27,32
0,40,73,2,4,5,6,23,29,63,10,58,84,28,68,15,46,35,14,13,20,38,62,11,24,25,97,3,64,8,99,85,51,47,34,67,43,82,54,7,83,69,21,22,57,45,17,37,66,49,41,50,1,53,30,78,56,91,70,59,44,31,94,95,19,65,33,77,26,61,12,60,72,18,74,75,42,98,96,79,16,81,76,93,71,89,52,39,55,87,90,48,86,88,9,92,80,36,27,32
0,40,73,2,4,5,11,23,29,63,10,58,84,28,68,15,46,35,14,13,20,38,62,54,77,24,97,3,64,8,87,85,51,47,34,67,43,76,99,7,83,69,21,22,57,45,17,37,66,49,41,50,1,53,30,78,56,91,70,59,44,31,94,95,19,65,33,82,26,61,12,60,72,18,74,75,42,98,96,79,16,81,6,93,71,89,52,39,55,25,90,48,86,88,9,92,80,36,27,32
0,40,73,2,38,5,11,23,29,63,10,58,84,42,68,15,46,35,14,13,20,4,62,54,60,24,97,3,64,8,87,85,51,47,34,67,43,76,92,7,83,69,21,22,57,45,36,37,66,49,41,50,1,53,30,78,56,91,70,59,44,31,94,95,19,65,33,82,26,61,12,77,72,18,74,75,17,98,96,79,16,81,6,93,71,89,52,39,55,25,90,48,86,88,9,99,80,28,27,32
0,40,73,2,38,5,11,23,29,63,10,72,84,42,68,15,46,28,14,13,20,4,49,54,60,24,27,3,64,8,87,85,51,47,34,67,43,76,92,7,83,69,21,22,57,45,36,37,66,35,41,50,1,53,30,78,56,91,70,59,44,31,94,95,19,65,33,82,26,61,12,97,77,18,74,58,17,98,96,79,16,81,6,93,71,89,52,39,55,25,90,48,86,88,9,99,80,62,75,32
0,40,73,2,38,5,11,23,29,63,10,72,8,42,68,15,46,28,14,13,20,4,92,25,49,24,27,3,64,60,87,85,51,47,34,67,43,76,7,74,83,69,21,22,57,45,36,37,66,35,41,50,1,53,30,78,56,91,70,59,44,31,94,95,19,65,33,82,84,61,12,97,77,18,26,58,17,98,96,79,16,81,6,93,71,89,52,39,55,54,90,48,86,88,9,99,80,62,75,32
0,40,31,2,38,5,56,23,54,63,10,72,8,42,68,39,46,28,14,13,20,4,92,25,49,24,27,3,64,60,87,85,51,47,34,67,44,76,7,74,83,69,21,22,57,45,36,37,66,35,41,50,1,53,30,78,29,91,70,59,43,73,94,95,19,65,33,82,84,61,12,97,77,18,26,58,17,98,96,79,16,81,6,93,71,89,52,15,55,11,90,48,86,88,9,99,80,62,75,32
0,40,31,2,38,5,56,61,54,63,10,39,1,42,68,21,46,28,14,13,20,4,92,25,23,24,27,3,64,60,87,85,51,47,34,67,44,76,7,74,83,69,49,22,57,45,36,37,66,35,41,50,84,53,30,78,29,91,70,59,43,73,94,95,19,65,33,82,80,8,12,97,77,18,26,58,17,98,96,79,16,81,6,93,71,89,52,15,55,11,90,48,86,88,9,99,72,62,75,32
12,40,31,2,83,5,56,61,23,63,10,39,1,42,68,21,46,28,14,13,20,4,92,25,96,24,27,3,64,60,87,85,51,47,34,67,44,76,7,74,8,69,49,22,57,45,36,37,66,54,41,50,84,53,30,78,29,91,70,59,43,73,94,95,19,65,33,82,80,38,35,97,77,18,26,58,17,98,9,79,16,81,6,93,71,89,52,15,55,11,90,48,86,88,0,99,72,62,75,32
12,40,31,2,83,5,56,61,23,63,10,39,1,42,68,21,46,28,14,13,20,4,92,25,96,97,27,3,64,60,87,85,51,47,34,67,44,24,7,74,8,89,78,22,57,45,36,37,66,54,41,50,84,53,30,29,33,91,70,59,43,73,94,95,19,65,52,82,80,38,35,49,77,18,26,58,17,98,9,79,16,81,6,93,71,76,69,15,55,11,90,48,86,88,0,99,72,62,75,32
12,40,31,2,83,5,56,61,52,23,99,39,1,42,68,21,46,28,14,13,20,4,92,25,96,97,27,10,64,60,87,85,51,47,34,67,44,24,7,74,8,89,78,37,57,45,36,3,66,54,41,50,84,53,30,29,33,91,70,59,43,73,94,95,32,65,19,82,80,38,35,49,77,18,26,58,17,98,9,79,16,81,6,93,71,76,69,15,55,11,90,48,86,88,0,63,72,62,75,22
5,40,31,2,83,77,56,61,52,23,99,39,44,42,68,21,46,28,14,13,20,4,92,25,96,97,27,10,64,60,87,85,51,47,34,1,9,24,7,74,8,89,78,37,57,45,36,3,66,54,41,50,84,53,30,29,33,91,70,59,43,73,94,95,32,65,19,82,80,38,35,49,72,18,90,58,17,98,12,79,16,81,6,93,71,76,69,15,55,11,67,48,86,88,0,63,26,62,75,22
5,40,31,2,83,77,56,61,52,45,99,39,44,42,68,21,46,28,14,13,20,4,92,97,96,93,27,10,64,60,87,85,51,47,34,26,9,24,7,74,8,89,78,37,57,1,36,3,66,54,41,50,84,53,75,29,33,91,70,59,43,73,94,95,32,65,19,82,80,38,30,49,72,18,90,58,17,98,12,79,16,81,6,25,71,76,69,15,55,11,67,48,86,88,0,63,23,62,35,22
5,51,31,2,83,77,56,61,52,45,99,40,44,42,68,21,46,28,14,13,20,4,12,97,96,93,27,10,64,60,87,85,63,47,34,26,9,24,7,74,8,89,78,37,57,1,36,3,66,54,41,50,84,53,75,29,39,91,70,22,43,73,94,95,32,65,19,82,80,38,30,49,72,18,90,58,17,98,69,79,16,81,6,25,71,76,92,15,55,11,67,48,86,88,0,33,23,62,35,59
5,51,31,2,83,77,56,61,52,17,99,40,44,42,68,21,73,28,14,13,20,4,12,97,96,93,27,10,64,60,87,85,63,47,34,26,9,24,7,74,8,89,78,98,57,1,36,3,66,54,41,50,84,53,75,29,39,91,70,35,43,45,94,95,32,37,19,82,80,38,30,49,72,18,90,58,79,46,69,22,16,81,6,25,71,76,92,15,55,11,67,48,86,88,0,33,23,62,65,59
5,51,31,2,83,77,9,61,52,17,99,40,44,42,68,21,73,28,14,13,20,4,97,12,96,93,27,65,64,60,87,85,63,47,34,26,16,24,7,74,8,89,78,98,57,1,36,3,66,54,41,50,84,53,75,29,39,91,70,35,43,45,94,95,32,37,19,82,80,38,30,49,72,18,90,58,79,46,69,67,10,81,6,25,71,76,92,15,55,11,56,48,86,88,0,33,22,62,23,59
5,51,31,2,83,77,9,61,52,17,99,40,44,42,68,21,73,28,14,13,20,4,7,12,96,93,27,65,10,60,87,85,63,47,34,26,43,24,91,74,8,89,78,98,57,1,36,3,66,54,41,50,84,53,75,29,39,55,70,35,16,45,94,95,32,37,19,82,80,38,30,49,72,18,90,58,79,46,69,71,64,81,6,25,97,76,92,15,67,11,56,48,86,88,0,33,22,62,23,59
5,51,31,2,83,28,9,61,52,17,99,40,44,42,65,21,73,68,14,13,20,4,7,12,96,93,27,94,10,60,87,85,63,47,34,26,43,24,91,74,8,89,78,98,57,1,36,71,66,54,41,50,84,53,75,29,39,55,64,35,16,45,33,95,32,37,19,82,80,38,30,49,72,18,90,58,79,46,69,3,70,81,6,25,97,76,92,15,67,11,56,48,86,88,0,77,22,62,23,59
5,51,31,2,83,28,9,61,52,17,36,40,44,42,65,21,73,68,14,13,20,4,7,12,96,93,27,94,10,78,87,85,63,47,34,26,43,24,91,74,8,89,38,98,48,1,37,71,66,54,41,50,84,53,75,29,39,55,64,35,16,45,33,95,32,97,19,82,80,72,30,49,60,18,90,58,79,46,69,3,70,81,6,25,99,76,92,15,67,11,56,57,86,88,0,77,22,62,23,59
5,51,31,2,99,28,9,61,52,17,36,40,44,42,65,21,73,68,14,13,20,4,7,12,66,93,27,94,10,78,87,85,63,47,34,26,43,24,91,74,8,89,38,98,48,1,37,71,83,54,59,50,84,53,75,29,39,55,64,35,49,45,33,95,32,97,19,82,80,72,30,41,60,18,90,58,79,46,69,3,70,81,6,25,57,96,92,15,67,11,56,76,86,88,0,77,22,62,23,16
5,51,31,2,99,70,9,61,52,17,36,28,44,42,65,21,73,68,14,13,20,4,7,12,66,93,27,94,10,78,87,85,63,47,34,26,43,24,91,74,76,89,38,98,48,1,37,71,83,54,59,50,84,53,75,29,39,55,64,35,49,45,33,95,32,97,19,82,80,72,30,41,60,62,90,58,79,46,40,3,15,81,6,25,57,96,8,92,67,11,56,69,86,88,0,77,22,18,23,16
5,51,3,23,99,70,9,61,52,17,36,28,44,42,80,21,73,68,14,13,20,4,7,12,54,93,27,94,10,78,87,30,63,47,34,26,43,24,91,74,76,89,38,98,48,1,37,71,83,66,59,50,84,53,75,29,39,55,64,35,49,45,33,95,32,97,19,82,31,72,85,41,60,62,90,58,79,46,40,65,15,81,6,25,57,96,8,92,67,11,56,69,86,88,0,77,22,18,2,16
5,51,3,23,14,70,9,61,52,17,36,28,44,42,80,21,73,68,62,13,20,4,7,12,54,93,27,94,10,78,87,30,63,47,34,26,43,24,91,74,76,89,38,25,48,1,40,71,83,66,99,50,84,53,75,29,39,55,64,35,49,45,33,95,32,97,19,82,31,72,85,41,60,58,90,46,79,59,98,65,15,81,6,37,57,96,8,92,67,11,56,69,86,88,0,77,22,18,2,16
5,51,3,23,14,70,9,61,52,17,36,11,44,42,80,21,20,68,73,13,50,4,7,12,54,93,27,94,10,78,87,30,63,47,34,26,43,24,91,74,76,89,38,25,48,1,40,71,46,28,99,83,84,53,75,29,39,55,64,35,49,45,33,95,32,97,19,82,31,72,85,41,60,58,66,90,79,59,98,65,15,81,6,37,57,96,8,92,67,62,56,69,86,88,0,77,22,18,2,16
5,96,3,23,14,70,50,61,52,17,36,11,44,42,80,21,20,9,73,13,51,4,7,12,54,93,27,94,10,78,29,68,63,47,34,26,43,24,91,74,76,89,38,25,48,1,40,71,46,28,99,83,84,53,75,30,39,55,64,35,49,45,33,95,32,97,19,82,31,72,85,41,60,98,66,90,79,59,87,65,15,81,6,37,57,58,8,92,67,62,56,69,86,88,0,77,22,18,2,16
72,96,3,23,14,70,50,61,52,17,36,11,44,42,80,21,20,9,35,13,51,4,7,12,54,93,27,94,10,78,29,68,73,92,34,26,43,24,91,74,76,89,38,25,48,63,40,47,46,28,99,83,84,53,71,30,39,55,64,75,49,45,33,95,32,97,19,82,31,5,85,41,60,98,66,90,79,59,87,65,15,81,6,37,57,58,8,1,67,62,56,69,86,88,0,77,22,18,2,16
72,96,3,23,14,70,50,61,90,17,36,11,1,42,80,43,20,9,35,30,51,4,7,12,54,93,27,94,10,78,29,68,73,92,34,26,91,24,21,74,76,89,38,25,48,63,40,47,46,28,99,83,84,53,71,45,39,55,64,75,49,13,33,95,32,97,19,82,31,5,85,41,60,98,66,52,79,59,87,65,15,81,6,37,57,58,8,44,67,62,56,69,86,88,0,77,22,18,2,16
72,96,3,67,14,70,50,61,90,17,36,11,53,42,80,43,20,9,35,30,51,4,7,12,54,93,27,58,23,78,29,68,73,92,52,26,91,24,21,74,76,89,38,25,48,63,40,47,46,1,99,83,84,34,71,45,39,55,64,75,49,13,33,95,32,97,19,82,31,5,85,41,60,98,66,28,79,59,87,65,15,81,6,37,57,94,8,44,10,62,56,69,86,88,0,77,22,18,2,16
72,96,3,67,58,70,50,61,90,17,36,11,53,42,80,43,20,9,35,30,51,4,7,12,54,93,27,65,23,78,29,68,73,92,52,26,91,24,21,74,76,89,38,62,48,63,40,47,46,1,99,83,84,34,77,45,39,55,64,75,49,13,33,95,32,97,86,82,31,5,85,41,60,98,66,28,79,71,87,59,15,81,6,37,57,94,8,44,10,19,56,69,25,88,0,14,22,18,2,16
72,96,3,67,58,70,50,61,94,17,36,11,53,42,75,43,20,9,35,30,51,4,7,12,54,93,27,65,23,78,29,68,60,92,52,26,91,24,21,74,76,89,38,62,48,63,40,47,46,1,99,83,84,34,77,45,39,55,64,86,49,13,33,95,81,97,32,82,31,5,85,41,80,98,66,28,79,71,87,59,15,73,6,37,57,22,8,44,10,19,56,69,25,88,0,14,90,18,2,16
72,96,3,67,58,40,50,61,94,17,36,11,53,42,75,43,57,9,35,30,51,4,7,12,54,93,27,65,23,78,29,1,60,92,52,26,91,24,21,74,76,89,38,62,48,63,90,47,46,41,99,83,84,34,68,45,39,55,64,86,49,13,33,95,81,97,32,82,31,5,85,19,80,98,66,28,79,71,87,59,15,73,6,37,70,22,8,44,10,77,56,69,25,88,0,14,20,18,2,16
72,96,3,67,58,40,50,61,94,17,36,11,53,42,75,43,57,48,35,30,51,4,7,12,54,93,27,65,23,78,29,1,60,39,52,26,91,24,21,74,76,89,38,62,5,63,90,47,46,41,99,83,84,34,68,45,10,55,64,86,49,13,33,95,81,97,32,82,31,0,85,19,80,98,66,28,79,92,87,59,15,9,73,37,70,22,8,44,71,77,56,69,25,88,6,14,20,18,2,16
72,96,3,67,58,40,50,61,94,17,36,11,53,42,75,43,57,48,35,30,51,4,7,12,54,93,27,65,23,78,16,1,60,39,52,9,91,24,21,74,76,89,38,62,5,63,90,47,46,41,99,73,84,34,68,45,10,55,64,86,49,13,33,95,81,97,32,82,83,59,85,31,80,98,66,28,79,92,87,26,15,0,29,37,70,22,8,44,71,77,56,69,25,88,6,14,20,18,2,19
72,96,3,67,58,40,50,61,44,25,36,11,53,42,75,43,57,48,35,30,51,81,62,12,54,93,27,65,23,78,16,1,60,39,52,9,91,24,21,74,76,89,38,94,5,63,90,47,46,41,99,17,84,34,68,45,10,55,64,86,49,13,33,95,4,97,32,82,83,59,85,31,80,98,66,28,79,92,87,26,15,0,29,37,70,73,8,7,71,77,56,69,22,88,6,14,20,18,2,19
72,30,3,67,58,40,50,61,44,25,36,11,53,42,75,43,33,48,35,20,51,81,62,12,54,93,27,65,23,78,16,1,60,39,52,9,91,24,21,74,76,89,38,94,5,63,90,47,46,41,99,17,84,59,68,45,10,55,64,86,49,13,31,95,4,97,32,82,83,96,85,57,80,98,66,28,79,92,34,26,15,0,29,37,70,73,8,7,71,87,56,69,22,88,6,14,77,18,2,19
72,30,3,67,10,40,50,36,44,25,76,11,53,42,37,43,33,48,35,20,51,81,62,12,54,93,27,65,23,78,16,1,60,39,52,9,91,24,21,74,96,89,38,94,5,63,90,47,46,41,99,17,84,59,68,45,0,55,64,86,49,13,31,95,4,97,32,82,83,75,85,57,80,98,66,28,79,92,34,26,15,6,29,58,70,73,8,7,71,87,56,69,22,88,61,14,77,18,2,19
72,30,3,67,31,40,50,36,44,25,57,11,53,42,37,43,33,48,35,20,51,81,62,12,54,93,27,65,23,78,16,1,60,39,52,9,91,24,21,74,96,89,38,94,5,63,90,47,46,41,99,17,84,92,68,45,0,55,64,86,49,13,71,95,4,97,76,82,83,75,85,10,80,98,66,28,79,6,34,26,15,32,29,58,70,73,8,7,77,87,56,69,22,88,61,14,59,18,2,19
72,30,52,67,31,40,50,36,44,25,57,11,53,42,37,32,33,48,35,20,51,81,62,12,54,93,27,65,23,78,16,1,60,39,26,9,91,24,21,74,96,89,38,94,5,63,90,47,46,41,99,17,84,92,68,45,0,55,64,86,49,13,71,97,4,75,76,82,83,80,85,10,43,98,66,28,79,3,34,95,15,6,29,58,70,73,8,7,77,87,56,69,22,88,61,14,59,18,2,19
72,30,28,88,31,40,50,36,44,25,57,11,29,42,37,32,33,48,35,20,51,81,62,12,54,93,27,65,23,78,16,1,60,39,26,9,91,24,21,74,73,89,38,94,5,63,90,47,46,41,99,17,84,92,68,45,0,55,64,86,49,13,71,97,4,75,76,52,83,80,85,10,43,98,66,53,79,3,34,95,15,6,58,67,70,96,8,7,77,87,56,69,22,82,61,14,59,18,2,19
72,30,28,88,31,40,50,36,44,25,57,11,29,42,37,32,33,48,99,20,51,81,62,12,54,93,27,65,23,78,16,1,60,39,26,9,91,24,21,74,73,89,38,94,76,63,90,47,46,41,13,17,84,92,68,43,0,55,64,5,49,86,71,97,4,75,8,52,83,80,85,10,35,98,66,53,79,3,34,95,15,6,45,67,70,96,58,7,77,87,56,69,22,82,61,14,59,18,2,19
72,30,28,18,31,40,50,36,44,25,57,11,29,42,37,32,38,48,99,20,51,81,62,12,54,93,27,65,23,78,16,1,60,39,26,9,17,24,21,74,73,89,90,94,76,63,56,47,46,41,13,88,84,92,68,43,0,55,64,5,49,86,71,97,4,75,8,52,33,80,85,10,35,98,66,53,79,3,34,95,15,6,45,67,70,96,58,7,77,87,91,69,22,83,61,14,59,82,2,19
72,30,28,18,31,40,50,4,44,25,57,45,29,42,37,32,38,19,99,20,51,81,62,12,54,93,27,65,23,78,16,1,60,39,26,2,17,24,21,74,9,89,90,94,76,63,56,47,46,41,13,88,84,92,68,43,0,55,48,5,49,86,71,97,73,75,8,52,33,80,85,10,35,98,66,53,79,3,34,95,15,6,64,67,70,96,58,7,77,87,91,69,22,83,61,14,59,82,11,36
72,30,28,18,31,40,50,4,44,25,57,45,29,42,37,32,38,19,99,8,51,81,62,88,54,93,27,65,12,78,16,1,60,39,20,2,17,24,21,74,9,89,90,94,76,63,56,47,46,41,13,23,84,92,68,43,0,55,48,5,49,86,71,83,73,75,33,52,36,80,85,10,35,98,66,53,79,3,34,95,15,6,64,67,70,96,58,7,77,87,91,69,22,26,61,14,59,82,11,97
72,30,28,18,53,40,50,4,44,25,57,45,29,7,37,32,38,19,99,8,51,81,62,88,54,93,27,65,12,78,16,1,31,39,60,2,17,24,21,74,9,89,90,94,76,63,56,47,46,41,13,80,84,92,68,43,0,55,48,5,49,86,71,83,73,75,33,52,36,96,85,10,35,98,66,79,42,3,34,95,15,6,64,67,70,23,58,20,77,87,91,69,22,26,61,14,59,82,11,97
72,30,28,18,53,40,50,4,44,25,57,11,29,7,37,32,38,19,99,8,51,81,62,88,54,93,27,65,12,78,16,1,56,39,60,48,17,24,21,74,9,89,2,94,76,63,31,47,46,41,13,80,84,92,68,43,0,55,69,5,66,86,71,83,73,75,33,52,36,96,85,10,35,98,45,79,42,3,34,95,15,6,64,67,70,23,58,20,77,87,91,49,22,26,61,14,59,82,90,97
72,30,28,18,53,40,50,4,44,85,57,11,29,7,37,32,38,19,99,8,51,81,62,88,54,93,27,65,12,78,16,1,56,39,60,48,17,24,21,74,9,89,2,94,76,63,31,59,46,41,13,80,90,92,68,43,0,55,69,5,66,86,71,83,73,75,33,52,36,58,96,10,35,98,45,79,42,3,34,67,15,6,64,95,70,23,84,20,77,87,91,49,22,26,61,14,47,82,25,97
72,30,28,18,53,40,50,4,44,85,24,11,29,7,37,32,38,19,99,8,51,81,62,74,54,93,27,65,12,78,16,1,56,39,60,48,17,61,21,3,9,89,2,94,71,63,82,59,46,41,13,80,90,92,68,43,0,55,69,5,66,86,76,83,73,75,33,52,36,58,96,10,35,98,45,79,42,57,34,67,15,6,64,95,70,23,84,20,77,87,91,49,22,26,31,14,47,88,25,97
10,30,28,18,53,40,50,4,44,39,24,11,29,93,37,32,38,19,99,8,51,81,62,74,54,72,27,65,12,78,16,1,56,46,60,48,17,61,21,3,9,89,2,94,71,63,82,59,6,41,0,80,90,92,68,43,7,55,69,5,66,86,76,83,73,75,33,52,36,58,96,85,35,98,45,79,42,57,34,67,15,13,64,95,70,23,84,20,77,87,91,49,22,26,31,14,47,88,25,97
10,30,23,18,53,64,50,4,51,39,24,11,29,93,37,32,38,19,0,8,44,81,62,74,54,72,27,65,40,78,16,1,56,46,60,48,17,61,21,3,12,89,2,94,71,63,82,59,6,41,28,80,90,92,68,43,7,55,69,5,66,86,76,83,73,75,33,52,36,58,96,85,35,98,45,79,42,57,34,67,15,13,99,95,70,9,84,20,77,87,91,49,22,26,31,14,47,88,25,97
8,30,23,18,53,64,50,4,51,39,24,12,29,93,37,32,38,19,11,95,44,81,62,74,54,72,27,65,40,78,16,71,56,46,60,48,17,61,21,3,90,89,2,10,94,63,82,59,6,41,28,80,0,92,68,43,7,55,69,5,66,86,76,83,73,75,33,52,36,58,96,85,35,98,45,79,42,57,34,67,15,13,99,1,70,9,84,20,77,87,91,49,22,26,31,14,47,88,25,97
8,30,23,18,53,64,50,4,51,39,24,12,29,93,37,32,28,19,11,95,44,81,62,58,54,91,27,65,40,78,16,71,56,34,60,48,17,61,21,3,90,89,2,10,94,63,82,59,6,41,72,80,0,92,68,43,7,55,69,5,66,86,76,83,73,75,33,52,36,25,96,85,35,98,45,79,42,57,38,67,15,13,99,1,70,9,84,46,77,87,74,49,22,26,31,14,47,88,20,97
8,30,23,18,53,64,50,4,51,39,47,12,29,93,37,24,28,19,11,95,44,81,62,58,54,91,27,65,40,78,16,71,56,34,60,48,17,61,52,3,21,89,2,10,94,63,82,59,6,41,72,7,0,92,68,43,98,55,69,5,66,86,76,83,73,75,33,90,36,25,96,85,35,80,45,79,42,32,38,67,15,13,99,1,70,9,84,46,77,87,74,49,22,26,31,14,57,88,20,97
8,30,23,18,53,64,98,4,51,39,62,32,29,93,37,24,28,19,11,85,44,81,95,58,54,91,27,65,40,78,16,71,56,34,12,48,17,61,52,3,21,89,2,10,94,63,82,59,6,41,72,7,0,92,68,43,90,55,69,5,66,86,76,83,73,75,33,47,36,25,96,60,35,80,45,79,42,50,38,67,15,13,99,1,70,9,84,46,77,87,74,49,22,26,31,14,57,88,20,97
8,30,23,18,53,64,98,4,51,39,62,32,29,93,37,24,28,19,11,45,34,81,95,58,54,91,27,65,40,78,16,71,56,85,12,48,17,61,52,3,21,55,2,10,94,63,82,72,6,41,33,7,0,92,68,43,90,69,89,5,66,86,76,83,73,75,44,47,36,25,96,60,35,80,59,79,42,50,38,67,15,13,99,1,70,9,84,46,77,87,74,49,22,26,31,14,57,88,20,97
8,30,23,18,53,64,98,4,51,39,62,32,29,93,37,24,28,19,11,45,34,81,95,58,54,21,27,65,40,78,16,71,56,85,12,48,17,61,52,3,6,55,2,10,94,63,82,72,70,41,33,83,14,92,68,43,90,69,89,5,66,86,76,67,73,75,44,47,36,25,96,60,35,80,59,79,42,50,38,91,15,13,99,1,0,9,84,46,77,87,74,49,22,26,31,88,57,7,20,97
8,30,23,18,53,64,98,4,51,39,62,32,29,93,37,24,28,19,11,45,34,81,95,58,54,21,27,65,40,78,16,71,56,85,12,48,17,61,52,3,6,55,2,10,94,63,82,72,70,15,33,83,14,92,41,57,90,68,89,5,66,86,76,67,73,75,44,47,36,25,13,60,35,80,59,79,42,50,38,91,96,0,99,1,69,9,84,46,77,87,74,49,22,26,31,88,97,7,20,43
8,30,23,18,53,64,98,4,51,87,62,32,29,73,37,24,28,19,11,45,34,81,95,58,54,21,27,65,40,93,16,26,56,78,12,48,17,61,52,3,6,55,2,10,94,63,82,72,70,15,33,83,85,92,41,57,90,39,89,5,66,86,76,67,68,75,44,47,36,25,13,60,35,80,59,79,42,50,38,91,96,0,99,1,69,9,84,46,77,14,74,49,22,71,31,88,97,7,20,43
8,30,23,18,53,59,98,4,51,87,62,32,29,73,37,24,28,19,11,45,34,81,95,58,54,21,27,65,40,93,16,26,56,78,12,48,17,61,52,3,6,55,2,10,94,63,15,72,70,92,33,83,85,36,41,57,90,39,89,5,66,86,76,67,68,38,64,47,82,25,13,60,35,80,20,79,42,50,75,91,96,0,99,1,69,9,84,46,77,14,74,49,22,71,31,88,97,7,44,43
8,30,23,18,53,59,98,4,51,87,62,32,29,73,37,85,28,19,11,45,34,24,95,58,54,79,21,65,40,93,16,26,56,78,12,35,17,61,52,3,6,55,2,10,94,63,15,72,70,92,33,83,81,36,41,57,90,39,89,5,66,86,76,67,68,38,64,47,82,25,13,60,91,80,20,48,42,50,75,97,96,0,99,1,69,9,84,46,77,14,74,49,22,71,31,88,27,7,44,43
8,30,23,18,53,59,98,4,40,87,62,32,29,73,37,85,28,61,93,45,34,24,95,58,54,79,51,65,11,19,16,26,56,78,12,35,17,3,52,21,6,55,2,10,94,63,15,72,70,92,33,83,81,36,41,57,90,39,27,5,66,86,76,67,68,38,64,47,82,25,13,60,91,80,20,48,42,50,75,97,96,0,99,1,69,9,84,46,77,14,74,49,22,71,31,88,89,7,44,43
8,30,92,18,53,59,98,4,40,87,62,32,29,73,37,85,28,19,93,45,34,60,95,58,54,79,51,65,11,24,16,23,56,78,12,35,17,39,52,21,6,55,2,10,94,63,15,3,70,26,33,83,81,36,41,57,90,61,27,5,66,86,76,67,68,38,64,47,82,25,13,72,91,80,20,48,42,50,75,97,96,0,99,1,69,9,84,46,77,14,74,49,22,71,31,88,89,7,44,43
8,30,92,18,53,59,98,4,54,87,62,32,29,73,37,85,33,19,93,45,34,60,95,58,40,79,51,65,11,24,16,23,56,78,12,35,17,39,26,21,6,55,2,10,94,99,15,3,70,22,28,83,81,36,41,57,90,61,27,52,66,86,76,67,68,38,64,47,82,25,13,72,91,80,20,48,42,50,75,97,96,0,5,1,69,9,84,46,77,14,74,49,63,71,31,88,89,7,44,43
8,30,92,18,36,59,98,4,54,87,62,32,29,73,37,85,33,19,93,45,34,60,95,58,40,79,51,65,11,63,16,53,56,78,12,35,17,39,26,21,6,55,2,10,94,99,15,3,67,22,28,83,81,70,41,57,90,13,27,52,66,86,23,24,68,38,64,47,82,25,76,72,91,80,20,48,42,50,75,97,96,0,5,1,69,9,84,46,77,14,74,49,61,71,31,88,89,7,44,43
8,30,61,18,36,59,98,4,54,87,62,32,41,73,37,85,56,19,93,45,34,60,95,58,40,79,51,65,11,63,16,53,29,78,12,35,17,39,26,20,49,55,2,10,94,99,15,3,67,22,28,83,81,70,21,57,90,13,27,52,66,86,23,24,68,38,64,47,82,25,76,72,91,80,33,48,42,50,75,97,96,0,5,1,69,9,84,46,77,14,74,6,92,71,31,88,89,7,44,43
8,30,61,9,36,59,41,4,54,87,62,42,56,73,37,85,15,19,93,45,34,60,95,58,40,79,51,65,11,63,16,53,29,78,12,35,17,39,26,20,49,55,2,10,94,18,0,3,67,22,28,83,81,70,21,57,90,13,27,52,66,86,23,24,68,38,64,47,82,25,76,72,91,80,33,48,98,50,75,97,96,99,5,1,69,32,84,46,77,14,74,6,92,71,31,88,89,7,44,43
8,30,61,9,36,59,41,4,54,87,62,42,56,73,37,85,15,19,93,45,34,60,95,58,28,79,51,65,11,63,16,82,29,78,12,35,17,39,53,20,69,55,2,10,94,18,0,3,67,22,26,83,81,70,21,57,90,13,27,52,66,86,23,24,68,38,64,31,47,25,76,72,91,80,33,48,98,50,75,97,96,99,5,1,71,32,84,46,77,14,74,6,92,49,40,88,89,7,44,43
8,30,61,9,36,59,41,4,54,87,62,42,56,73,37,85,15,19,93,45,34,60,95,58,44,79,51,65,11,2,16,82,29,53,12,35,17,39,49,20,69,55,14,10,94,18,0,3,67,28,26,83,81,70,21,57,90,78,27,52,66,86,23,24,68,38,64,31,47,25,76,72,91,80,33,48,98,50,75,97,96,99,5,1,71,32,84,46,77,13,74,6,92,63,40,88,89,7,22,43
8,30,61,9,36,59,41,4,54,16,62,42,56,73,37,85,15,70,93,45,34,60,95,58,44,79,51,65,11,2,87,82,29,53,12,35,17,39,49,20,69,99,14,10,94,18,0,3,67,28,26,83,81,72,21,57,90,78,27,52,66,86,23,24,68,38,64,31,47,25,76,74,91,80,33,48,98,50,75,97,96,55,5,1,71,32,19,84,77,13,46,6,92,63,40,88,89,7,22,43
8,30,61,9,36,59,41,4,54,16,62,42,56,73,37,85,15,70,93,45,34,60,95,58,44,79,51,65,11,2,87,82,29,53,12,35,17,39,49,20,69,99,14,10,94,52,0,81,31,28,26,83,63,72,21,57,90,78,27,66,18,86,23,24,68,38,64,3,47,25,76,74,91,80,33,48,98,67,75,97,96,55,5,1,71,32,19,84,77,13,46,6,50,92,40,88,89,7,22,43
8,30,61,9,36,59,41,4,40,16,62,42,56,73,37,85,15,70,93,1,34,60,95,58,44,79,51,54,11,2,49,82,29,53,12,35,17,39,87,20,45,99,14,10,94,52,0,81,31,28,26,83,63,72,21,57,90,78,27,66,18,86,23,24,68,38,64,3,47,25,76,74,91,80,33,48,98,67,75,97,43,55,5,65,71,32,19,84,77,13,46,6,50,92,96,88,89,7,22,69
8,30,61,9,36,59,41,4,40,16,62,42,56,73,37,85,15,70,93,1,34,60,95,58,44,79,35,54,11,2,49,82,29,53,12,91,96,39,87,20,45,99,14,10,94,52,0,81,31,28,26,83,63,72,21,57,18,78,27,66,46,86,23,24,68,38,64,3,47,25,76,89,74,80,33,48,98,67,75,97,43,55,5,65,71,32,19,84,77,13,17,6,50,92,90,88,51,7,22,69
36,30,61,9,28,59,41,4,40,16,62,42,34,73,37,85,15,70,93,1,81,60,83,58,44,79,35,54,11,2,49,82,8,53,12,91,96,39,87,20,45,99,14,10,94,52,0,31,95,29,26,56,63,72,21,57,18,78,27,66,46,86,23,24,68,38,64,3,47,25,76,89,74,80,33,48,98,67,75,97,43,55,5,65,71,32,19,84,77,13,17,6,50,92,90,88,51,7,22,69
36,30,61,9,28,59,41,4,40,16,62,42,34,73,37,85,15,70,93,48,81,60,83,58,44,79,35,1,11,2,0,82,8,53,12,91,96,39,87,20,45,99,14,10,94,52,6,31,95,29,26,56,63,72,21,57,18,78,27,66,46,86,23,24,68,38,64,3,47,76,54,89,74,80,33,49,98,67,75,97,50,55,5,65,71,32,19,84,77,13,17,43,25,92,90,88,51,7,22,69
36,30,61,9,28,59,94,4,40,16,62,42,34,73,37,85,15,70,93,48,81,60,83,88,44,79,35,1,11,2,0,82,8,53,12,91,96,39,87,20,45,71,14,10,99,52,6,31,41,29,26,56,27,72,21,57,18,78,63,66,46,86,23,24,68,38,58,3,47,76,54,89,74,80,33,49,98,67,75,97,50,55,5,65,95,32,19,84,77,13,17,43,25,92,90,64,51,7,22,69
36,30,61,9,28,59,94,4,40,16,62,54,34,68,37,85,15,70,93,48,81,60,83,88,44,79,35,1,11,2,0,82,8,53,12,91,96,39,87,20,45,71,14,10,99,80,6,31,41,29,26,56,27,72,21,73,18,78,63,66,46,86,57,24,90,38,58,3,47,76,52,89,74,17,33,49,98,67,75,97,50,55,5,65,95,32,19,84,77,13,23,43,25,92,42,64,51,7,22,69
36,30,61,9,28,59,94,4,40,16,62,54,34,68,63,85,15,70,93,48,81,33,60,88,44,79,35,1,11,82,0,77,8,53,12,91,96,39,87,20,45,71,14,10,99,80,6,31,41,29,26,56,27,72,21,73,18,78,83,64,46,86,57,24,90,38,58,3,47,76,52,89,74,17,37,49,98,67,75,97,50,55,5,65,95,32,19,84,66,13,23,43,25,92,42,2,51,7,22,69
36,30,61,9,28,59,94,4,40,16,62,54,23,68,63,85,15,70,93,48,81,33,83,88,44,13,35,1,11,34,0,77,8,53,12,91,96,39,87,20,45,71,14,10,99,80,6,31,41,29,26,56,27,72,21,73,18,78,60,64,46,86,57,24,42,38,58,3,47,76,52,89,74,17,37,49,98,67,75,97,50,55,5,65,95,32,19,84,66,22,90,43,25,92,79,2,51,7,82,69
36,30,61,9,28,59,94,4,40,16,62,54,23,68,63,85,15,70,93,48,81,33,83,46,91,13,35,1,90,34,0,77,8,53,12,38,88,39,87,20,45,71,14,10,99,80,6,31,41,29,26,56,27,72,21,73,18,78,60,44,11,86,57,24,42,64,58,3,47,76,52,89,74,17,37,49,96,67,75,97,50,55,5,65,95,32,19,84,66,22,98,43,25,92,79,2,51,7,82,69
36,30,61,9,28,59,94,4,40,16,62,54,23,68,63,85,15,70,88,48,81,33,83,46,74,13,35,1,90,34,0,66,8,53,12,38,51,39,87,20,45,76,14,10,99,80,6,31,41,29,26,71,27,72,21,73,18,78,60,44,11,86,57,24,42,64,58,3,47,93,52,89,56,17,37,49,96,67,75,97,50,55,5,65,95,32,19,84,77,22,98,43,25,92,79,2,91,7,82,69
36,30,61,9,28,59,94,4,40,16,65,54,23,68,63,85,73,70,42,48,81,33,83,46,74,13,35,1,90,34,0,66,8,53,12,38,51,39,87,20,45,76,14,10,99,80,6,31,41,29,26,71,27,72,21,95,18,78,15,44,11,86,57,24,5,64,58,3,47,93,52,89,56,17,62,49,96,67,75,97,50,55,88,37,60,32,19,84,77,22,98,43,25,92,79,2,91,7,82,69
40,30,61,9,70,59,94,4,84,16,65,54,23,68,63,85,73,19,42,48,81,33,83,46,74,13,35,1,90,34,0,66,8,53,12,38,51,39,87,20,45,76,14,10,99,80,96,31,41,29,26,71,27,72,21,95,6,78,15,44,11,86,57,24,18,64,58,3,47,93,52,89,56,17,62,49,36,67,75,97,50,55,88,37,60,32,28,5,77,22,98,43,25,92,79,2,91,7,82,69
40,30,79,9,70,59,94,4,84,16,65,54,23,68,63,85,73,19,42,48,81,33,83,46,74,13,35,53,90,34,0,66,8,25,12,38,51,39,87,20,45,76,14,10,99,80,96,31,41,29,26,71,27,72,21,95,6,78,15,44,11,86,57,24,18,75,58,3,92,64,52,89,56,17,62,49,36,67,47,97,50,55,88,37,60,32,28,5,77,22,98,43,61,1,93,2,91,7,82,69
40,30,79,9,70,59,42,4,84,83,65,54,23,68,63,85,73,19,66,48,81,33,3,46,74,13,35,53,34,16,0,89,8,25,12,38,51,39,87,20,45,76,14,10,99,80,96,31,41,29,26,71,27,72,21,95,6,78,15,44,11,86,57,24,18,75,90,94,92,64,52,58,56,17,62,49,36,67,47,97,50,55,88,37,60,32,28,5,77,22,98,43,61,1,93,2,91,7,82,69
40,30,79,9,70,59,42,4,35,82,65,54,23,68,63,85,73,19,66,48,81,33,3,46,74,80,32,53,34,16,0,89,8,25,12,71,51,39,87,20,45,76,14,10,99,83,96,31,41,29,26,13,27,72,21,95,6,78,15,44,11,86,57,24,18,75,90,94,84,64,52,58,56,17,62,49,36,67,47,97,50,55,88,37,60,38,28,5,77,22,98,43,61,1,93,2,91,7,92,69
40,30,79,9,70,59,42,4,35,33,65,54,23,68,63,85,73,19,66,48,81,43,3,46,74,80,32,53,34,16,0,89,13,25,12,71,51,39,87,20,45,55,14,10,99,83,96,31,41,29,26,76,27,72,21,95,6,78,15,44,11,86,57,24,58,75,90,94,84,64,52,8,56,17,62,49,36,67,47,97,50,7,88,37,60,38,28,5,77,22,98,18,61,1,93,2,91,82,92,69
40,30,79,9,70,59,31,4,35,33,17,54,23,68,63,85,73,19,66,48,81,43,3,46,74,80,32,53,34,16,0,89,13,25,94,71,51,39,87,20,45,91,14,10,99,83,96,65,41,29,12,76,27,72,21,95,6,78,15,26,11,86,57,24,58,75,90,44,84,64,52,8,56,42,62,49,36,67,47,97,50,7,88,37,60,38,28,5,77,22,98,18,61,1,93,2,55,82,92,69
40,30,79,9,70,59,31,4,35,33,17,54,23,68,63,85,73,19,66,48,75,43,3,46,74,80,32,53,34,16,25,89,13,20,94,71,51,39,87,29,45,91,14,10,99,50,96,65,41,81,83,76,27,72,21,95,6,78,15,26,11,86,57,24,58,0,90,44,84,64,52,8,56,42,62,49,36,67,47,97,22,7,88,37,60,38,28,5,77,12,98,18,61,1,93,2,55,82,92,69
40,30,43,9,70,59,31,4,96,33,17,54,23,68,76,85,73,19,66,35,75,69,3,46,74,80,32,53,34,16,25,89,13,20,94,79,51,39,87,29,45,91,14,10,99,71,50,65,41,81,83,48,27,72,21,95,6,78,15,26,11,86,57,24,58,0,90,44,84,64,52,8,56,42,62,49,36,67,47,97,22,7,88,37,60,38,28,5,77,12,98,18,61,1,93,2,55,82,92,63
40,30,43,9,70,59,31,4,96,33,17,54,23,68,76,85,73,19,66,35,75,27,3,46,74,80,32,53,34,16,25,89,13,20,8,79,51,39,87,98,45,91,14,10,99,71,50,65,41,81,6,48,47,72,21,95,15,78,94,26,11,86,57,24,58,0,90,44,84,64,52,29,56,42,62,49,36,67,69,97,22,7,88,37,60,38,28,5,77,12,83,18,61,1,93,2,55,82,92,63
99,30,43,9,70,59,31,4,96,65,17,54,10,68,76,85,73,23,66,35,75,27,3,46,33,80,32,53,34,16,25,89,13,20,8,40,51,39,87,98,45,19,14,91,74,71,50,79,41,81,6,48,47,72,21,95,15,78,94,26,11,86,57,24,58,0,90,44,84,64,52,29,56,42,62,49,36,67,69,97,22,7,88,37,60,38,28,5,77,12,83,18,61,1,93,2,55,82,92,63
89,30,43,9,70,59,31,4,96,65,17,54,10,68,76,85,73,23,66,35,75,27,3,99,33,80,32,53,34,16,25,61,13,20,8,40,51,39,87,98,26,19,14,91,74,71,50,79,41,81,78,48,47,72,21,95,15,46,94,82,11,86,57,24,58,0,90,44,84,64,52,29,56,42,45,49,36,67,69,97,22,7,88,37,60,38,28,5,77,12,83,18,62,1,93,2,55,6,92,63
89,30,43,9,70,59,31,4,96,65,17,54,10,68,76,85,73,23,94,35,75,27,3,99,33,80,32,53,34,16,25,61,13,20,8,40,51,39,87,98,26,19,14,91,74,71,50,79,41,81,78,2,48,72,21,95,47,46,97,82,11,86,57,24,58,0,93,44,84,64,52,29,56,42,45,49,36,67,69,7,22,15,88,37,60,38,28,5,77,12,83,18,62,1,66,90,55,6,92,63
89,30,43,9,70,59,31,4,53,65,26,54,10,68,76,85,73,99,94,35,75,27,3,60,33,80,32,81,34,16,25,61,13,20,8,40,51,39,87,98,17,19,14,91,74,71,96,79,41,97,78,2,48,72,21,95,47,46,50,82,11,86,57,24,58,0,93,44,84,64,52,29,56,42,45,49,36,67,69,7,22,15,88,37,23,38,28,5,77,12,83,18,62,1,66,90,55,6,92,63
89,30,43,9,70,59,31,4,53,65,26,54,56,68,10,85,73,99,94,35,75,27,3,60,33,80,32,81,34,16,25,61,18,20,8,40,51,39,15,98,13,19,14,87,74,71,96,79,41,97,78,2,48,72,21,95,47,46,50,82,11,86,57,24,58,0,93,44,84,64,52,29,66,42,45,49,36,67,69,7,22,17,88,37,23,38,28,5,77,12,83,91,62,1,76,90,55,6,92,63
89,30,43,9,70,59,31,4,53,65,81,54,80,68,10,85,73,99,48,35,75,27,3,60,33,74,32,12,34,16,25,61,18,20,8,40,51,39,15,98,13,19,14,87,26,71,96,79,41,97,78,2,58,72,21,95,47,46,50,82,11,86,57,24,56,94,93,44,84,64,52,29,66,42,45,49,36,67,69,7,22,17,88,37,23,38,28,5,77,0,83,91,62,1,76,90,55,6,92,63
89,30,43,9,70,59,31,4,53,65,81,54,80,68,10,85,73,99,48,35,75,27,52,60,33,74,32,12,34,16,25,61,18,20,8,40,51,39,3,98,13,19,14,87,26,71,69,79,41,97,78,2,58,72,21,95,47,46,50,82,11,86,57,24,56,94,93,44,84,64,28,29,96,42,45,49,36,67,66,7,22,17,88,37,23,38,6,5,77,15,0,91,62,1,76,90,55,83,92,63
89,30,43,9,70,59,31,4,53,65,81,54,39,68,10,85,73,99,48,35,75,27,52,60,76,74,37,12,34,16,25,61,26,20,8,40,51,33,3,98,13,19,14,87,45,71,69,79,41,97,78,2,58,72,21,95,47,46,50,82,11,86,57,18,56,94,93,44,84,64,28,29,96,42,80,49,36,67,66,7,22,17,88,32,23,38,6,5,77,15,0,91,62,1,24,90,55,83,92,63
89,30,43,9,70,59,88,4,53,65,81,54,39,68,18,85,73,99,48,35,75,27,52,60,76,74,37,12,34,16,25,61,26,20,8,84,51,33,3,98,13,19,14,87,45,71,69,79,41,97,78,2,58,72,32,95,47,46,50,82,94,86,57,10,56,21,93,44,11,64,28,29,96,42,80,49,36,67,66,7,22,17,31,40,23,38,6,5,77,15,0,91,62,1,24,90,55,83,92,63
95,30,43,9,70,59,88,4,53,65,89,54,39,68,18,85,73,99,48,35,75,27,52,60,76,74,37,12,34,16,25,61,26,20,8,84,51,33,3,98,13,19,14,87,45,71,69,79,41,97,78,2,58,66,32,72,47,46,50,82,94,86,57,10,56,21,93,44,11,64,42,29,96,28,49,23,36,67,81,7,22,17,31,40,80,38,6,5,77,15,0,91,62,1,24,90,55,83,92,63
95,30,43,9,70,59,88,4,53,65,89,54,58,68,18,85,73,99,48,35,75,27,25,60,76,74,37,12,39,16,51,61,26,20,8,84,52,33,3,98,13,19,14,87,45,71,69,79,34,97,78,2,56,66,32,72,17,46,50,82,94,86,57,10,41,21,93,44,11,64,42,29,96,28,49,23,36,67,81,7,22,47,31,40,80,38,6,5,77,15,0,91,62,1,24,90,55,83,92,63
95,30,43,9,70,59,46,4,53,65,89,54,58,68,18,85,73,99,48,35,75,27,25,60,76,74,37,12,39,16,51,61,26,20,8,84,78,33,3,98,13,19,14,87,45,71,91,79,34,97,24,2,56,66,32,72,17,81,50,82,94,86,57,10,41,21,93,44,11,64,42,29,96,28,49,23,36,67,69,52,22,47,31,40,88,38,6,5,77,15,0,7,62,1,80,90,55,83,92,63
95,60,43,9,70,59,46,4,30,65,89,54,58,68,18,85,73,99,48,35,75,27,25,44,76,74,37,12,39,16,51,61,26,20,8,84,78,33,3,98,13,19,14,87,45,71,91,6,34,97,24,2,86,66,32,72,17,81,50,82,94,57,56,10,53,21,93,41,11,64,42,29,96,28,49,23,36,67,69,52,22,47,31,40,88,38,79,5,77,15,0,7,62,1,80,90,55,83,92,63
95,42,43,9,70,59,46,4,30,65,89,54,58,68,18,85,73,99,48,35,75,27,25,44,76,74,37,12,39,16,51,19,26,20,8,84,78,33,3,98,13,93,14,87,45,71,91,6,34,97,24,2,69,66,32,72,17,81,50,82,94,57,56,10,53,21,79,41,11,64,40,29,96,28,49,23,36,67,61,52,22,47,31,55,88,38,86,5,77,15,0,7,62,1,80,90,60,83,92,63
95,42,43,9,70,59,46,4,30,65,89,54,58,68,18,85,73,99,48,35,75,27,25,44,76,8,37,12,64,16,51,19,26,20,74,84,83,33,3,98,13,93,14,87,45,71,91,6,39,97,24,2,69,66,32,72,17,81,50,82,77,57,56,10,53,34,79,41,11,21,40,29,96,28,49,23,36,67,61,52,22,47,31,55,88,38,86,5,94,15,0,7,62,1,80,90,60,78,92,63
23,42,43,9,70,59,46,4,30,65,89,54,58,68,18,85,73,99,48,35,75,27,25,41,76,8,37,12,64,16,51,19,26,20,74,84,83,33,3,98,13,93,14,87,95,22,91,6,39,97,24,2,69,66,32,44,17,81,50,21,77,57,56,10,53,34,79,71,11,45,40,29,96,28,49,72,36,67,61,52,82,47,31,55,88,38,86,5,94,15,0,7,62,1,80,90,60,78,92,63
23,42,43,9,70,59,46,4,30,65,86,54,58,68,18,85,73,99,67,35,75,27,92,41,76,8,37,12,64,16,51,19,26,20,74,84,83,33,3,98,13,93,14,87,95,22,91,6,39,5,24,2,69,66,32,44,17,81,50,21,77,57,56,10,53,34,79,71,11,45,40,29,96,28,49,72,36,82,61,52,97,47,31,55,88,38,89,25,94,15,0,7,48,1,80,90,60,78,62,63
23,42,43,9,70,59,46,4,30,65,86,54,58,68,63,85,93,99,67,35,75,27,92,41,76,8,18,12,64,16,51,19,26,20,95,84,83,33,3,98,13,73,14,87,48,22,91,6,39,5,24,2,69,66,32,44,17,81,50,21,77,57,56,10,45,34,79,71,11,74,40,29,96,28,49,72,36,82,61,52,97,47,31,55,88,38,89,25,94,15,0,7,37,1,80,90,60,78,62,53
23,42,17,9,70,59,46,4,30,65,86,54,99,68,63,3,93,58,67,35,75,27,92,41,76,8,18,12,64,16,51,19,26,20,66,84,83,33,95,98,13,73,14,87,48,22,91,39,43,5,24,2,69,85,32,44,6,81,50,21,77,57,56,10,45,34,79,71,11,74,40,29,96,28,49,72,36,82,61,52,97,47,31,55,88,38,89,25,94,15,0,7,37,1,80,90,60,78,62,53
23,42,17,9,70,59,46,4,30,65,86,54,99,78,58,3,93,66,67,35,95,27,92,41,76,8,18,12,64,16,51,19,26,20,85,84,83,33,6,98,13,73,14,87,48,22,91,39,43,5,24,75,69,2,32,44,68,81,50,21,77,57,56,10,45,34,79,71,11,74,40,29,96,28,49,72,36,82,61,52,97,47,31,55,88,38,89,25,94,15,0,7,37,1,80,90,60,63,62,53
23,42,17,9,70,59,46,4,30,65,14,54,67,78,58,3,93,66,2,35,95,27,92,41,76,8,18,12,64,16,82,19,26,20,85,84,83,33,6,98,13,73,52,87,48,22,91,39,43,5,24,75,69,99,32,44,36,81,50,21,77,57,56,10,45,34,79,71,11,74,40,29,96,28,49,72,51,68,61,86,97,47,31,55,88,38,89,25,94,15,0,7,37,1,80,90,60,63,62,53
23,49,17,9,70,59,46,4,30,65,14,54,67,78,58,3,93,66,2,35,95,96,92,41,76,8,18,12,77,16,82,19,26,20,85,84,83,33,6,98,13,73,52,28,48,22,91,39,43,5,24,75,69,99,32,44,36,81,50,21,64,57,56,10,45,34,79,87,27,74,40,29,71,42,11,72,51,68,61,86,97,47,31,55,88,38,89,25,94,15,0,7,37,1,80,90,60,63,62,53
23,49,17,9,70,59,46,4,30,65,93,54,67,78,71,3,8,66,2,35,95,96,92,41,76,85,18,12,77,16,82,19,57,20,14,84,83,33,6,98,13,73,26,28,48,22,91,39,43,5,24,75,69,99,32,44,36,81,50,52,64,58,56,10,45,34,79,87,27,74,40,29,21,42,11,72,51,68,61,86,97,47,31,55,88,38,89,25,94,15,0,7,37,1,80,90,60,63,62,53
23,49,17,9,70,59,46,4,94,65,93,54,67,51,71,3,8,66,2,16,95,45,92,41,76,30,18,12,77,85,82,19,57,20,14,84,83,33,6,98,13,73,26,28,48,22,91,39,43,5,24,75,69,99,32,44,36,81,50,52,64,58,56,10,96,34,79,87,27,74,40,29,21,42,11,72,68,78,61,86,97,47,31,55,88,38,89,25,35,15,0,7,37,1,80,90,60,63,62,53
23,24,17,9,70,59,46,13,94,65,93,54,67,51,71,3,8,66,2,16,95,45,92,41,76,30,5,18,77,85,82,19,57,20,14,84,83,33,6,98,97,73,26,28,48,22,91,39,43,21,49,75,69,99,32,44,36,81,50,52,64,58,56,10,96,34,79,87,27,74,40,29,25,42,11,72,68,78,61,86,12,47,31,55,88,38,89,4,35,15,0,7,37,1,80,90,60,63,62,53
23,24,17,9,70,59,46,13,94,65,93,54,52,77,71,3,8,66,38,16,95,45,92,41,76,30,5,18,51,85,28,19,57,20,14,84,83,33,6,98,97,11,26,67,48,22,91,39,43,21,49,75,69,99,32,44,36,81,50,2,64,58,56,10,96,34,79,87,27,74,40,29,25,42,82,72,68,78,61,86,12,47,31,55,88,73,89,4,35,15,0,7,37,1,80,90,60,63,62,53
23,24,17,9,70,59,46,13,94,65,93,54,52,77,71,3,8,66,38,16,95,45,32,41,76,30,99,18,51,88,28,19,12,20,14,84,83,33,6,98,97,11,26,67,48,22,91,39,43,21,49,75,69,72,92,44,36,81,50,2,64,58,56,10,96,34,79,85,27,74,40,29,25,42,82,57,68,78,61,86,87,47,31,55,5,73,89,4,35,15,0,7,37,1,80,90,60,63,62,53
23,24,17,9,85,59,46,13,94,38,93,54,52,77,71,3,8,66,80,16,95,45,32,41,76,30,99,18,51,88,28,19,12,20,14,84,83,33,6,65,97,11,26,67,48,22,91,39,43,21,40,75,69,72,92,44,36,98,50,2,64,58,56,10,96,34,79,62,27,74,81,29,25,42,82,57,68,78,61,86,87,47,31,55,5,73,89,4,35,15,0,7,37,1,49,90,60,63,70,53
23,24,17,9,73,59,46,13,94,38,93,54,52,77,71,3,8,66,80,16,95,45,32,58,76,30,99,18,51,88,28,19,12,20,14,85,83,33,41,65,97,11,26,67,48,6,91,39,43,21,40,75,69,72,92,22,36,98,50,2,64,44,56,10,96,34,79,62,60,74,81,29,25,42,82,57,68,78,61,86,87,47,31,55,5,27,89,4,35,15,0,7,37,1,49,90,84,63,70,53
23,24,93,9,73,59,46,13,94,38,62,54,52,77,71,3,8,66,80,17,95,45,32,58,76,30,99,18,51,88,28,19,83,20,14,85,63,33,41,65,97,11,26,67,48,12,91,39,43,21,40,75,69,72,92,22,36,98,50,2,64,44,56,10,96,34,79,6,60,74,15,29,25,42,82,57,68,78,61,86,87,47,31,55,5,27,89,4,35,16,0,7,37,1,49,90,84,81,70,53
23,24,93,9,73,59,43,46,94,38,62,54,52,77,90,3,8,66,80,17,95,45,32,58,76,30,99,18,51,88,28,19,83,20,40,85,63,33,41,65,97,11,26,67,48,12,91,39,60,21,89,75,69,72,92,22,36,98,50,2,64,44,56,10,96,34,14,6,71,74,15,29,25,42,82,57,68,78,61,86,87,47,31,55,5,27,79,4,35,16,0,7,37,1,49,13,84,81,70,53
23,24,93,9,73,59,43,25,94,38,62,54,52,77,90,3,8,66,80,17,95,45,32,58,76,30,99,18,51,88,28,19,83,20,40,85,63,33,41,65,97,11,26,67,4,12,91,39,5,21,89,75,69,72,92,22,36,98,50,2,64,44,35,78,96,34,14,6,71,74,15,29,46,42,82,57,68,56,61,86,87,47,31,55,48,27,79,10,60,16,0,7,37,1,49,13,84,81,70,53
23,24,93,9,73,59,43,25,16,38,62,54,52,77,90,3,8,66,80,17,95,45,32,58,76,30,99,18,51,88,28,19,83,21,40,85,63,33,41,65,97,11,26,67,4,12,91,39,5,87,89,75,69,72,92,22,94,98,50,36,64,44,35,78,96,79,14,6,71,74,15,29,20,42,82,57,68,56,61,86,46,47,31,55,48,27,34,10,60,2,0,7,37,1,49,13,84,81,70,53
23,24,93,9,73,59,43,25,16,38,62,54,52,77,92,3,8,66,80,17,95,45,32,58,76,30,99,18,51,63,28,19,83,21,40,85,74,88,41,65,97,11,26,36,4,12,91,39,5,87,89,75,69,72,67,22,90,98,50,94,64,44,35,78,96,79,14,6,71,29,15,33,20,42,82,57,68,56,61,86,46,47,31,55,48,27,34,10,60,2,0,7,37,1,49,13,84,81,70,53
23,24,93,9,73,59,43,25,16,38,62,52,54,77,92,20,8,66,80,17,95,45,32,58,76,30,99,18,51,63,88,19,83,28,40,85,74,21,41,65,97,11,26,36,4,12,91,39,5,87,89,75,69,72,67,22,90,98,50,94,64,44,35,78,96,79,81,6,71,29,15,3,33,42,82,57,68,56,61,86,46,47,31,55,48,27,34,10,60,2,0,7,37,1,49,13,84,14,70,53
23,24,93,9,73,59,43,25,16,38,62,52,54,77,92,20,8,66,80,17,95,45,32,58,81,30,99,18,51,63,26,19,83,28,40,85,74,21,41,65,97,11,36,1,4,12,91,39,5,87,89,75,69,72,53,22,90,49,50,94,64,44,35,78,96,79,67,6,71,29,15,3,33,42,82,57,68,56,61,86,46,47,31,55,48,27,34,10,60,2,0,7,37,98,76,13,84,14,70,88
23,24,93,9,73,59,43,25,16,38,62,52,54,77,92,20,8,66,80,17,95,45,32,58,81,30,42,18,51,63,26,71,83,28,40,85,74,21,41,65,97,11,36,1,4,12,91,39,44,87,89,75,69,72,53,22,90,49,50,48,64,0,35,78,96,79,67,6,5,29,15,3,33,94,82,57,68,56,61,86,46,47,31,55,27,99,34,10,60,2,19,7,37,98,76,13,84,14,70,88
23,24,93,9,73,59,43,25,16,38,62,52,54,77,92,20,8,66,80,17,95,45,63,58,81,30,42,18,51,36,26,71,83,28,98,85,74,21,41,65,97,7,11,1,4,12,91,39,44,87,89,75,69,72,53,22,90,49,50,48,64,0,35,78,96,79,67,6,5,29,3,15,33,94,82,57,68,56,61,86,46,47,31,55,27,99,32,10,60,2,19,40,37,34,76,13,84,14,70,88
23,24,93,9,73,96,43,25,16,38,62,52,54,77,92,20,8,66,80,17,95,45,63,58,81,30,42,18,51,36,26,71,83,28,98,85,74,21,41,65,76,7,11,1,4,12,91,39,44,87,89,56,75,72,53,22,90,49,50,48,64,0,35,69,78,79,67,6,5,29,3,15,33,97,82,57,68,37,61,86,46,47,31,55,27,99,32,10,60,2,19,40,59,34,94,13,84,14,70,88
23,24,93,9,73,96,43,25,16,38,62,52,54,7,92,20,8,4,80,17,95,45,63,58,81,30,42,68,51,36,26,71,83,28,98,85,74,21,41,65,76,18,11,1,13,12,91,39,44,87,89,56,75,61,53,22,90,49,50,48,64,0,35,69,78,79,67,6,5,72,3,15,33,97,82,57,66,37,29,86,46,47,31,55,27,99,32,10,60,2,19,40,59,34,94,77,84,14,70,88
23,2,93,9,73,96,43,25,16,38,62,52,54,7,92,20,8,4,80,17,95,45,69,58,81,30,63,68,51,36,26,71,83,28,98,85,74,21,41,65,76,18,11,1,13,12,91,39,44,87,89,56,75,61,24,22,90,49,50,48,64,0,35,34,78,79,67,6,5,72,3,15,33,97,82,57,59,37,29,86,46,47,31,55,27,99,32,10,60,66,19,40,94,53,42,77,84,14,70,88
23,2,65,9,73,96,43,25,68,38,62,52,54,7,92,20,8,4,80,17,95,45,69,58,81,30,63,66,51,36,26,71,83,28,98,85,74,5,41,93,76,18,11,1,13,12,91,39,44,87,89,56,75,61,24,22,90,49,50,48,37,64,35,34,78,79,67,6,0,72,3,15,33,97,82,57,59,16,29,86,46,47,31,55,27,99,32,10,60,21,19,40,94,53,42,77,84,14,70,88
23,2,65,9,73,96,78,86,40,38,62,52,54,7,92,20,8,4,80,59,95,45,17,58,81,30,63,66,51,36,26,71,83,28,98,85,74,5,41,93,76,18,11,1,13,12,91,39,44,87,89,56,75,61,24,22,90,49,50,48,37,64,35,34,69,79,67,6,0,72,3,15,33,97,82,57,43,16,29,31,46,47,25,55,27,99,32,10,60,21,19,68,94,53,42,77,84,14,70,88
23,2,65,9,73,96,78,86,40,38,62,18,54,7,92,20,8,4,80,59,95,45,17,58,81,30,63,52,51,36,26,71,83,28,98,85,74,14,41,93,76,56,11,1,13,12,91,39,44,87,89,70,75,61,24,22,90,49,50,48,37,64,35,34,69,79,67,6,0,68,3,15,66,97,82,57,43,16,29,31,46,47,25,55,27,99,32,10,60,21,19,5,94,53,42,77,84,72,33,88
23,2,9,10,73,96,78,86,40,38,62,18,54,7,92,20,8,4,80,59,95,45,17,58,81,30,63,52,51,36,26,71,83,28,98,85,74,49,41,76,65,56,11,1,13,12,91,39,44,87,89,70,75,61,24,22,90,35,50,48,37,64,31,34,14,79,67,6,0,68,3,15,66,97,82,57,43,16,29,93,46,47,25,55,27,99,32,69,60,21,19,5,94,53,42,77,84,72,33,88
23,2,9,10,73,96,78,86,40,38,62,18,54,7,92,20,8,4,22,59,95,57,17,58,81,30,15,52,51,36,26,71,83,69,98,85,74,49,41,76,65,56,63,1,13,12,91,39,44,87,89,70,75,61,24,11,90,35,50,48,37,64,31,34,14,79,67,6,0,68,45,3,66,97,82,28,43,16,29,93,46,47,25,55,27,99,32,80,60,21,19,5,94,53,42,77,84,72,33,88
23,2,9,10,73,96,11,86,40,38,62,18,54,7,92,20,78,4,22,59,95,57,69,58,81,6,15,52,51,36,26,71,83,8,98,85,74,49,41,76,65,56,63,1,13,12,91,60,44,39,89,70,75,61,24,30,90,35,50,48,37,64,31,34,14,79,67,17,0,68,45,3,66,97,82,28,43,16,29,93,46,47,25,55,27,99,32,80,87,21,19,5,94,53,42,77,84,72,33,88
23,2,9,10,73,96,11,86,40,38,62,18,67,7,92,42,78,4,22,59,95,76,69,58,81,6,15,52,51,36,26,71,83,8,98,85,74,49,41,57,65,56,63,1,13,66,91,60,44,39,89,70,75,61,24,30,90,35,50,48,37,32,31,34,14,79,20,17,0,68,45,3,12,97,82,28,43,16,29,93,46,47,25,55,27,99,54,80,87,21,19,5,94,53,64,77,84,72,33,88
37,2,9,10,73,96,11,86,40,38,62,18,67,7,92,42,78,4,52,59,95,23,69,58,81,6,15,87,51,22,26,71,83,8,98,85,74,49,41,57,65,56,63,1,13,66,91,60,44,39,89,70,75,61,24,30,90,35,50,48,43,32,31,34,14,79,20,17,0,68,45,3,12,97,82,28,53,16,29,93,46,47,25,55,27,99,54,36,80,21,19,5,94,76,64,77,84,72,33,88
37,2,9,10,73,96,24,86,40,38,62,18,67,7,92,42,78,4,52,59,95,23,69,64,81,6,33,87,51,22,26,89,83,8,98,85,74,49,41,57,65,56,63,1,13,66,91,60,44,39,70,15,75,61,71,30,90,35,50,48,43,32,31,34,14,79,20,17,0,68,45,3,12,97,82,28,53,16,29,93,46,58,25,55,27,99,54,36,80,21,19,5,94,76,11,77,84,72,47,88
93,2,9,10,73,96,24,86,40,1,62,18,67,7,92,42,78,44,52,59,95,23,69,64,81,38,33,87,51,22,26,89,83,30,98,85,74,49,41,57,65,56,63,37,13,66,91,60,8,39,70,15,75,61,71,6,90,35,50,48,43,4,31,34,14,79,20,17,0,68,45,3,12,97,82,28,53,16,29,32,46,58,25,55,27,99,54,36,80,21,19,5,94,76,11,77,84,72,47,88
93,2,9,10,73,96,24,86,40,1,49,18,67,8,92,42,78,44,52,59,95,23,69,64,81,38,33,87,51,22,26,89,83,30,98,85,74,3,41,57,65,56,63,37,13,66,91,60,12,39,70,15,75,61,71,6,90,35,50,48,43,79,31,34,14,27,20,17,0,68,45,11,62,97,82,28,53,16,29,32,46,58,25,55,4,99,54,36,80,21,19,5,94,76,7,77,84,72,47,88
93,2,9,10,73,96,24,86,40,1,49,18,67,8,92,42,78,44,52,59,95,23,69,64,81,38,33,80,51,22,26,91,83,30,98,85,74,89,41,57,65,21,63,37,13,66,87,60,12,39,70,15,56,61,71,6,90,35,50,48,43,79,31,34,14,27,20,17,5,68,45,11,62,97,82,28,53,16,29,32,46,58,25,55,4,99,54,36,75,3,19,0,94,76,7,77,84,72,47,88
93,28,9,10,73,96,24,86,40,1,49,18,67,8,92,42,78,44,52,59,0,23,69,64,81,38,33,80,51,22,26,91,83,30,98,85,74,89,41,57,3,21,63,37,13,66,87,60,65,39,70,15,56,61,71,6,90,35,50,48,95,79,31,34,14,27,20,17,5,68,45,11,62,97,82,72,53,16,29,2,46,58,25,55,4,99,54,36,75,43,19,12,94,76,7,77,84,32,47,88
93,28,9,10,73,96,24,86,40,1,49,18,67,43,92,42,78,44,59,7,0,23,69,64,81,38,33,80,51,62,26,91,83,30,98,85,74,89,41,57,3,21,63,37,13,66,87,60,65,39,70,15,56,61,71,48,90,35,50,52,95,79,31,34,14,27,20,17,5,68,45,11,6,97,82,72,53,16,29,2,46,58,25,55,4,99,54,36,75,22,19,12,8,76,94,77,84,32,47,88
23,28,37,10,73,96,24,86,40,1,49,18,67,43,92,42,78,44,59,7,0,74,69,64,89,38,33,80,51,62,26,91,83,30,98,85,41,76,81,57,3,21,63,35,13,66,87,60,65,39,70,15,56,61,71,48,90,93,50,52,95,79,31,34,14,27,20,17,5,68,45,11,6,97,82,72,53,16,29,2,46,58,25,55,4,99,54,36,75,22,19,12,8,9,94,77,84,32,47,88
23,28,75,10,73,96,24,86,40,1,49,18,67,43,92,42,78,44,59,7,0,74,69,64,89,76,33,80,51,62,26,91,83,4,98,85,41,3,81,57,30,21,63,35,13,66,87,60,65,39,70,15,56,61,71,20,90,93,50,52,95,79,31,34,14,27,5,17,38,68,45,11,6,97,82,72,53,16,29,2,46,58,25,55,37,99,54,36,48,22,19,12,8,9,94,77,84,32,47,88
23,28,75,83,73,96,24,86,40,1,49,18,67,43,92,42,78,44,59,7,0,74,69,26,89,76,81,80,51,62,64,91,46,4,98,9,41,3,33,57,30,21,63,35,13,85,87,60,65,39,70,15,56,61,71,20,90,93,50,52,95,79,31,34,14,27,5,17,38,68,45,11,6,97,82,72,53,16,29,2,66,58,25,55,37,99,54,36,48,22,19,12,8,10,94,77,84,32,47,88
23,21,75,83,73,96,24,90,40,1,49,86,67,43,92,42,78,44,59,7,0,74,69,26,89,76,81,80,51,62,64,91,46,4,98,9,41,3,28,57,30,31,63,35,13,85,95,60,65,39,70,15,56,61,71,20,33,93,50,52,87,79,19,34,14,27,5,17,38,68,45,11,6,97,82,72,53,16,29,2,66,58,25,55,37,99,54,36,48,22,18,12,8,10,94,77,84,32,47,88
23,21,75,83,73,5,24,90,40,1,49,62,67,43,92,42,78,44,59,7,0,74,69,26,89,76,81,80,51,19,36,91,46,4,98,9,41,3,28,57,30,31,63,35,13,85,95,60,65,39,70,15,52,61,71,20,33,93,50,72,87,79,56,34,14,27,64,17,38,68,45,11,6,97,82,96,53,16,29,2,66,58,25,55,37,99,54,86,48,22,18,12,8,10,94,77,84,32,47,88
23,21,75,83,73,5,24,90,40,1,49,62,67,43,92,42,78,44,59,7,0,74,69,26,89,76,81,80,51,19,36,91,46,77,98,9,41,3,28,87,57,31,63,35,13,85,95,60,65,39,70,15,52,61,71,20,33,93,50,72,96,79,6,34,14,30,64,17,38,68,45,11,56,97,82,27,53,16,29,2,66,58,25,55,37,99,54,86,48,22,18,12,8,4,94,10,84,32,47,88
23,21,75,83,73,5,10,90,40,1,49,62,67,43,92,42,78,44,59,7,0,74,69,26,89,76,81,87,51,19,36,91,46,77,98,9,41,3,28,71,57,31,63,35,13,85,95,60,65,39,70,15,52,61,80,20,33,93,50,72,96,79,6,34,14,29,64,17,27,68,45,11,56,97,82,2,53,16,30,24,66,58,25,55,37,99,54,86,48,22,18,12,8,4,94,38,84,32,47,88
23,21,75,83,73,5,42,90,40,1,49,62,67,15,92,43,78,44,59,7,0,74,69,26,89,76,81,87,51,19,36,91,46,77,98,9,41,3,28,82,57,31,63,35,13,85,95,60,65,71,39,66,52,61,80,20,33,93,50,72,96,10,6,34,14,29,64,17,27,68,45,11,56,97,79,2,53,16,30,24,70,58,25,55,37,99,54,86,48,22,18,12,8,4,94,38,84,32,47,88
23,21,75,83,73,5,42,90,40,1,49,62,67,15,92,43,78,44,59,7,0,11,69,26,89,76,81,87,51,19,36,91,46,77,98,47,41,64,28,82,57,31,63,35,13,85,95,60,80,71,39,66,52,61,74,20,33,93,50,72,96,10,3,34,14,29,65,6,27,68,45,9,56,97,79,2,53,16,30,24,70,58,25,55,37,99,54,86,48,22,18,12,8,4,94,38,84,32,17,88
23,21,75,83,73,5,42,90,40,65,49,62,67,15,92,43,68,44,59,7,0,11,69,26,89,76,81,87,51,19,36,91,46,77,98,47,41,64,28,82,78,3,63,35,13,85,95,60,80,71,39,66,52,61,74,20,33,93,18,72,96,10,31,34,14,29,9,6,27,57,45,50,56,97,79,2,53,16,30,24,70,58,25,55,37,99,54,86,48,22,1,12,8,4,94,38,84,32,17,88
23,21,75,83,73,5,42,90,40,65,49,62,67,15,16,43,68,44,78,7,0,11,69,26,89,76,81,87,51,19,92,91,46,77,98,47,41,64,28,82,29,3,63,35,22,85,95,60,80,71,39,66,52,61,74,20,33,93,18,72,96,10,31,34,36,59,9,6,27,57,45,50,56,97,79,2,53,13,30,24,70,58,25,55,37,99,54,86,48,84,1,12,8,4,94,38,14,32,17,88
7,21,75,83,73,5,42,90,40,65,49,62,67,15,16,43,68,44,78,23,2,11,69,26,89,76,81,87,51,19,92,91,46,77,98,47,41,64,28,82,29,3,9,35,22,85,95,60,80,71,39,66,0,61,74,20,33,93,18,72,96,10,31,34,36,59,88,6,27,57,45,50,56,97,79,86,53,13,30,24,70,58,25,63,37,99,54,55,48,84,1,12,8,4,94,38,14,32,17,52
7,21,75,83,73,5,42,90,40,65,49,62,67,15,16,43,68,44,78,23,2,72,69,33,89,76,81,31,51,19,92,91,46,77,98,47,41,64,28,82,29,3,9,87,22,85,95,60,80,71,39,66,0,61,74,20,11,93,18,35,96,10,59,34,36,24,88,6,27,57,45,50,56,97,79,86,53,13,30,94,70,58,25,63,37,99,54,55,48,84,1,12,8,4,26,38,14,32,17,52
7,21,75,83,73,5,42,90,40,65,49,62,9,15,16,43,68,44,78,23,2,72,69,33,89,60,81,31,51,19,92,91,46,77,98,47,41,64,28,82,29,3,67,87,22,88,95,74,85,71,37,66,0,61,76,20,11,93,18,35,96,10,59,34,36,24,39,6,27,57,45,50,56,97,79,86,53,13,30,94,70,58,25,63,80,99,54,55,48,84,1,12,8,4,26,38,14,32,17,52
7,21,75,83,73,5,42,90,79,65,49,62,9,15,16,61,68,44,78,23,2,72,69,33,89,60,81,31,51,19,92,91,46,77,98,47,41,64,28,82,29,3,67,87,22,88,95,74,85,71,59,66,0,39,76,20,11,93,18,35,96,14,40,34,37,24,43,6,27,57,45,50,56,97,10,86,53,13,30,94,70,58,25,63,80,99,54,55,48,84,1,12,8,4,26,38,36,32,17,52
7,21,75,83,73,5,22,90,16,65,49,62,9,15,19,61,68,44,78,23,2,28,69,33,89,60,81,31,51,42,92,91,46,77,98,47,41,64,24,82,29,3,67,87,25,88,95,74,85,71,59,66,0,39,76,20,11,93,18,35,96,14,40,34,37,79,43,6,27,57,45,50,56,97,10,86,53,13,30,94,70,58,63,72,80,99,54,55,48,84,1,12,8,4,26,38,36,32,17,52
7,21,75,83,73,5,22,90,16,65,49,62,9,86,19,61,68,44,78,23,2,28,69,31,89,60,81,15,51,42,33,91,46,17,98,47,41,64,24,82,29,3,67,87,25,88,95,74,85,71,59,66,0,39,76,20,11,93,18,35,96,14,40,34,37,79,43,6,27,57,45,50,56,97,10,8,53,13,30,94,92,58,70,72,80,99,54,55,48,84,1,12,77,4,26,38,36,32,63,52
7,34,75,83,73,5,22,90,16,65,49,62,9,86,19,61,68,44,78,23,80,28,69,31,89,60,81,87,51,42,33,91,46,17,98,47,41,64,24,82,29,3,67,2,25,88,95,74,85,71,59,66,0,39,76,20,11,93,18,21,96,14,40,15,13,79,35,6,27,57,45,50,56,97,10,8,53,37,30,94,92,58,70,72,43,99,54,55,48,84,1,12,77,4,26,38,36,32,63,52
7,34,99,83,73,5,22,90,16,65,49,62,28,86,19,61,68,44,78,23,80,75,69,31,89,60,81,47,51,42,33,91,87,17,54,12,41,64,24,82,29,3,67,2,25,88,95,74,85,71,59,66,0,39,76,20,11,93,18,21,96,14,40,15,13,79,35,6,27,57,45,50,56,97,10,8,53,37,30,94,92,58,70,72,43,9,46,55,48,84,1,98,77,4,26,38,36,32,63,52
7,34,99,83,73,5,22,90,16,74,49,62,28,86,19,61,68,65,78,23,80,75,69,31,89,60,81,47,51,42,33,91,87,17,54,12,41,64,24,82,29,3,67,2,25,88,95,30,85,71,59,66,0,8,76,20,11,93,18,21,96,14,40,15,44,79,35,6,27,57,45,50,56,97,10,70,53,37,77,94,92,58,39,72,43,9,46,55,48,84,13,98,1,4,26,38,36,32,63,52
7,34,99,83,73,5,22,41,16,74,49,62,28,86,19,61,68,65,78,23,80,75,26,31,89,60,81,47,51,42,33,91,87,17,54,12,35,64,24,82,29,3,67,2,25,38,95,30,85,71,90,66,0,8,76,20,11,93,18,21,96,14,40,15,44,79,27,6,88,57,45,50,59,97,10,70,53,37,77,94,92,58,39,72,43,9,46,55,48,84,13,98,1,4,56,69,36,32,63,52
87,34,45,83,73,5,22,41,16,74,49,62,28,86,19,61,68,65,78,23,80,75,26,31,89,60,81,47,51,42,33,91,32,17,54,12,35,64,24,82,29,98,67,2,25,38,95,30,48,71,90,66,0,8,76,20,11,93,18,21,96,14,40,15,85,79,27,6,88,57,7,50,59,97,10,70,53,37,77,94,92,58,39,72,43,9,46,55,99,84,13,3,1,4,56,69,36,44,63,52
87,34,45,83,99,5,22,41,16,74,49,62,28,86,19,61,68,65,78,23,26,75,17,31,89,60,81,47,51,42,66,91,32,73,54,12,35,64,24,82,29,98,67,2,25,38,95,30,48,71,90,72,0,8,76,20,11,93,18,21,96,14,40,15,85,79,27,6,88,7,33,50,59,97,10,70,53,37,77,94,92,58,39,57,43,9,46,55,80,84,13,3,1,4,56,69,36,44,63,52
87,34,45,83,99,5,22,41,16,74,49,62,28,86,19,61,68,65,78,23,26,75,17,31,89,60,81,95,51,42,66,91,32,73,54,12,35,64,24,82,29,98,67,8,25,38,47,30,48,71,90,72,0,58,52,20,11,93,18,21,96,14,40,15,85,76,27,6,88,7,33,50,59,97,10,70,53,37,77,94,92,13,39,57,43,9,46,55,80,84,2,79,1,4,56,69,36,44,63,3
87,34,45,83,99,5,22,41,16,74,49,62,28,86,19,61,68,65,78,23,26,9,17,51,89,60,81,95,38,42,66,91,32,73,54,12,35,64,24,82,29,98,67,8,25,85,47,30,48,71,90,72,0,58,52,20,11,93,18,37,96,14,40,15,31,76,27,6,88,7,33,50,59,97,10,70,53,21,77,94,92,13,39,57,43,1,46,55,80,84,2,79,4,75,56,69,36,44,63,3
87,34,45,83,99,5,22,41,16,74,49,62,28,86,7,61,68,65,78,23,26,9,17,4,89,60,19,95,38,42,66,91,32,73,54,12,35,64,24,82,29,98,67,8,25,81,47,30,48,71,90,88,0,58,52,20,11,93,18,37,96,14,40,15,31,76,27,6,75,72,33,50,59,97,10,70,53,21,77,94,92,13,39,57,43,1,46,55,51,84,2,79,80,85,56,69,36,44,63,3
87,34,45,83,99,5,22,41,16,74,49,62,28,86,7,61,68,65,78,23,47,9,17,4,89,60,19,95,38,15,66,91,32,73,54,26,35,64,24,82,29,98,67,8,88,81,12,30,48,71,90,18,0,58,52,20,11,93,42,37,96,14,40,80,31,76,27,6,75,72,33,50,59,97,10,70,53,25,77,94,92,13,39,57,43,1,46,55,51,84,2,79,21,85,56,69,36,44,63,3
87,34,45,30,31,5,22,41,77,74,49,62,28,86,7,61,68,65,78,23,47,9,17,4,89,60,19,95,38,15,66,91,32,73,54,26,35,64,24,82,29,98,67,8,88,81,12,16,48,71,90,18,0,58,52,20,11,93,42,37,96,14,40,80,72,75,27,6,83,99,33,50,59,97,10,70,53,25,1,94,92,13,39,57,43,76,46,55,51,84,2,79,21,85,56,69,36,44,63,3
64,34,45,30,31,5,22,41,77,74,49,62,28,86,7,61,68,65,78,24,47,9,17,4,89,60,19,95,38,16,66,91,32,73,54,26,35,15,12,82,29,98,67,8,88,81,83,23,94,71,90,18,0,58,52,20,11,93,42,37,96,14,40,80,72,75,27,6,87,99,33,50,59,97,10,70,53,25,1,48,92,13,39,57,43,76,46,55,51,84,2,79,21,85,56,69,36,44,63,3
33,34,45,30,31,5,22,41,77,74,49,62,28,86,7,61,90,65,78,24,47,9,17,4,89,60,19,95,38,64,66,91,32,73,54,26,35,15,12,82,29,98,67,75,88,81,83,23,94,71,11,18,0,58,52,20,14,93,42,37,96,68,40,80,72,63,27,6,87,99,16,50,59,97,10,70,53,25,1,48,92,13,39,57,43,76,46,55,51,84,2,79,21,85,56,69,36,44,8,3
33,34,45,30,31,5,22,41,77,74,49,62,28,86,7,61,90,65,78,24,47,9,17,4,82,60,19,95,38,64,66,91,76,73,54,96,35,15,12,11,29,98,67,75,88,81,83,23,94,71,18,43,0,58,52,20,14,93,42,37,55,68,40,80,72,63,27,6,87,99,16,50,59,97,10,70,53,25,1,48,92,13,39,57,89,32,46,26,51,84,2,79,21,85,56,69,36,44,8,3
33,34,45,30,31,5,22,41,77,74,96,62,28,86,7,61,90,65,78,24,47,82,17,4,36,49,19,9,38,64,66,91,76,73,54,95,35,15,12,11,29,98,67,75,88,81,83,23,94,71,18,43,0,58,52,20,14,93,42,37,55,68,40,80,72,51,27,6,87,99,16,50,59,97,10,70,53,25,1,48,92,13,39,57,89,32,46,26,2,84,63,79,21,85,56,69,60,44,8,3
33,34,45,30,31,5,22,41,77,74,96,62,28,86,7,61,90,65,78,24,47,82,58,4,36,49,19,9,38,64,66,91,76,73,54,95,35,15,12,11,29,98,67,75,88,81,83,23,94,71,18,43,0,37,52,21,14,93,42,10,55,68,40,80,72,51,27,6,87,99,16,50,59,97,17,70,53,2,1,48,92,13,39,57,79,32,46,26,25,84,63,20,89,85,56,69,60,44,8,3
33,34,45,75,80,5,22,41,77,74,96,17,28,86,7,37,90,65,78,24,47,82,58,4,36,49,19,9,38,64,66,91,76,73,54,95,35,15,12,11,29,98,67,72,88,81,30,23,94,71,18,43,0,31,52,21,14,93,42,10,55,68,40,61,83,51,27,6,87,99,16,50,59,97,62,70,53,2,1,48,92,13,39,57,79,32,46,26,25,84,63,20,89,85,56,69,60,44,8,3
33,34,45,75,80,5,22,41,77,74,96,17,28,86,7,37,90,65,78,70,47,82,58,8,36,49,19,9,52,64,66,91,76,73,54,95,35,15,12,11,29,98,67,72,88,81,30,23,94,71,18,43,0,31,84,24,14,93,42,10,55,68,40,61,83,51,27,6,87,99,16,50,59,97,62,69,4,2,1,48,92,13,39,57,79,32,46,26,25,38,63,20,89,85,56,53,60,44,21,3
33,34,45,29,80,5,22,41,77,74,96,17,28,75,7,37,65,25,78,70,47,82,58,8,36,49,19,9,52,64,66,91,76,73,54,95,86,15,12,11,90,98,67,72,88,81,30,23,94,71,18,43,62,31,84,24,14,93,42,10,55,68,40,61,83,51,27,6,87,99,16,50,59,97,0,69,4,2,1,48,92,13,39,57,79,32,46,26,38,35,63,20,89,85,56,53,60,44,21,3
4,34,45,36,80,2,22,41,77,74,96,17,28,75,7,37,65,25,78,70,47,82,58,8,33,49,19,29,52,64,66,91,76,73,54,95,86,15,12,11,90,98,67,72,88,81,30,23,94,71,18,43,62,31,84,24,14,93,42,10,55,68,40,5,83,51,27,6,87,99,16,50,59,97,0,69,9,32,1,48,92,13,39,61,79,57,46,26,38,35,63,20,89,85,56,53,60,44,21,3
4,34,45,36,80,2,22,41,77,74,25,17,28,75,7,37,65,40,78,70,47,82,64,8,33,49,19,29,52,96,66,91,76,58,54,95,86,15,12,35,90,98,67,72,88,81,30,23,94,71,18,43,62,31,84,24,14,93,42,10,55,68,11,5,83,51,27,6,87,99,16,50,59,97,0,69,9,32,1,48,92,13,39,61,79,57,46,26,38,44,63,20,89,85,56,73,60,53,21,3
4,34,45,36,80,2,99,41,77,74,25,17,28,75,7,52,65,40,78,70,47,82,64,8,13,49,19,29,22,96,66,91,76,58,54,95,86,15,12,35,90,98,67,72,88,85,73,23,94,71,18,43,62,31,84,24,14,93,42,10,55,68,11,5,83,51,27,6,87,30,16,50,59,97,0,69,9,32,1,48,92,33,39,61,79,57,46,26,38,44,63,20,89,37,56,81,60,53,21,3
4,34,45,36,23,2,99,41,77,74,63,17,28,75,7,52,65,40,78,70,47,82,64,72,13,49,19,29,22,96,66,91,76,58,54,95,86,15,12,35,90,98,67,25,88,71,8,1,94,80,18,43,62,31,84,24,14,93,42,10,55,68,11,5,83,51,27,6,87,30,16,50,59,97,0,69,9,32,85,48,92,33,39,61,79,57,46,26,38,44,73,20,89,37,56,81,60,53,21,3
48,34,45,36,23,2,99,41,77,74,63,17,28,75,7,44,65,40,54,70,47,82,64,72,13,49,19,29,22,96,66,91,76,58,78,95,86,15,12,35,90,98,4,25,88,71,8,1,94,80,18,43,62,31,84,24,51,93,42,10,55,68,11,5,83,52,27,6,87,30,16,50,59,97,0,69,9,32,85,61,92,33,39,67,79,57,46,26,38,14,73,20,89,37,56,81,60,53,21,3
