0,1,2,3,4,5,6,7,8,9,10,11,12,13,14,15,16,17,18,19,20,21,22,23,24,25,26,27,28,29,30,31,32,33,34,35,36,37,38,39,40,41,42,43,44,45,46,47,48,49,50,51,52,53,54,55,56,57,58,59,60,61,62,63,64,65,66,67,68,69,70,71,72,73,74,75,76,77,78,79,80,81,82,83,84,85,86,87,88,89,90,91,92,93,94,95,96,97,98,99
6,52,50,76,53,91,89,24,93,49,17,55,84,72,38,60,21,57,33,77,85,4,90,35,31,14,37,51,1,27,34,44,81,36,74,88,10,83,58,18,66,67,26,46,19,47,54,16,0,3,62,45,80,40,86,75,92,64,96,61,87,69,59,56,15,29,99,63,30,13,98,8,73,2,25,39,82,70,11,94,43,41,20,97,28,7,48,32,22,79,12,9,23,71,5,65,42,68,78,95
13,40,80,97,98,34,59,11,43,41,46,91,94,69,82,54,73,14,78,39,57,81,92,36,15,56,44,95,0,7,99,19,68,17,64,74,1,33,52,85,60,38,96,49,53,32,20,55,50,89,31,4,77,48,12,5,26,45,79,29,10,83,86,21,6,22,24,25,37,51,70,3,42,93,2,75,35,27,58,47,66,63,23,9,90,71,67,18,62,76,87,28,8,30,88,61,72,16,65,84
42,4,74,66,79,0,1,71,17,15,32,55,73,77,61,52,34,29,82,33,99,51,25,88,91,41,70,76,95,85,48,11,80,59,56,38,2,24,43,47,13,46,26,9,78,60,40,69,22,49,50,5,53,62,57,98,94,8,68,14,36,65,19,23,67,16,21,58,92,28,30,27,10,84,86,97,83,12,37,89,18,45,20,63,93,90,81,64,54,6,96,3,39,75,87,35,7,44,31,72
2,30,62,71,9,35,50,55,27,98,88,0,93,91,54,26,14,76,74,84,59,23,58,72,18,83,86,33,51,6,90,95,47,53,4,16,52,19,8,67,25,36,68,13,64,12,66,37,43,81,28,40,11,34,56,15,39,41,89,87,46,24,63,1,80,75,20,77,82,49,5,61,21,17,60,42,79,69,44,22,48,94,96,45,38,78,73,99,7,29,70,97,57,65,3,31,32,85,92,10
70,63,32,69,61,56,41,29,49,34,9,12,53,6,17,27,87,19,31,8,36,88,67,45,95,44,75,24,72,23,64,43,65,13,58,57,89,33,28,79,98,84,15,11,80,55,26,71,22,38,46,62,4,90,21,94,85,77,3,86,7,82,74,73,2,0,91,52,78,1,93,10,30,96,42,76,92,39,68,97,83,16,35,81,66,25,18,20,48,14,47,60,54,37,51,99,5,40,59,50
87,53,82,75,42,54,23,15,77,67,47,64,57,20,25,40,59,44,32,79,91,69,34,84,7,12,89,78,13,27,8,29,19,95,24,58,65,4,63,86,10,48,41,51,0,71,33,72,30,76,3,17,73,55,31,96,6,83,60,66,62,35,11,90,68,92,2,22,50,45,94,80,97,38,16,46,81,98,74,99,43,56,93,1,14,52,5,9,36,85,70,88,39,49,61,26,28,21,18,37
35,33,19,11,10,58,22,86,53,56,38,95,52,44,91,87,17,80,67,94,97,51,25,60,54,5,68,79,16,13,42,43,50,9,47,61,76,92,77,74,0,15,23,72,71,96,26,21,65,2,84,37,93,85,78,63,4,89,82,24,30,62,32,40,29,31,57,70,41,73,39,81,64,59,90,88,66,48,8,18,36,14,75,28,3,6,27,45,49,83,20,1,69,99,34,46,55,98,7,12
20,72,49,12,36,10,82,18,60,19,40,17,95,30,99,89,91,26,57,7,66,8,13,27,25,44,9,6,68,11,63,23,34,37,58,47,16,24,88,22,69,96,53,43,56,48,98,35,87,42,2,28,67,71,55,15,86,97,65,29,0,80,59,46,79,73,64,4,75,51,38,74,85,77,83,62,92,39,94,61,41,78,31,21,32,76,14,54,70,1,3,84,5,33,93,45,52,50,81,90
38,87,48,64,3,96,30,27,86,54,31,52,42,59,93,10,70,60,65,28,78,21,34,22,63,51,20,89,36,69,18,41,17,0,25,46,47,58,62,79,12,32,14,68,77,81,33,19,50,1,83,56,16,76,8,74,73,49,40,5,57,90,11,80,39,66,43,13,97,99,7,15,84,9,35,88,67,85,53,23,45,37,71,4,95,6,55,72,75,91,24,94,82,26,29,2,98,92,61,44
9,27,77,57,81,10,34,24,54,13,37,32,52,84,31,61,85,41,87,58,28,43,53,97,48,79,65,94,64,88,69,1,56,20,23,78,15,72,93,51,46,16,26,70,80,3,99,6,40,8,63,86,92,12,62,76,39,68,95,11,30,22,5,75,82,55,25,89,4,19,66,17,44,45,91,38,83,47,0,2,67,18,36,21,60,59,29,71,50,7,74,49,14,90,73,35,96,33,42,98
69,13,37,92,77,97,22,7,81,43,59,45,88,60,5,6,31,17,79,25,20,34,32,57,38,94,4,58,0,55,62,8,44,18,16,48,30,1,68,42,61,23,82,41,74,9,67,56,52,76,46,24,53,39,73,64,36,15,3,70,66,26,12,50,27,86,47,95,98,21,85,2,84,63,93,14,78,99,90,51,11,35,29,89,91,96,72,19,10,80,65,87,33,49,54,75,40,83,28,71
77,41,95,91,65,38,19,92,93,22,54,20,79,86,88,10,34,5,14,26,57,33,9,21,31,2,98,17,62,68,29,28,94,3,80,7,83,47,18,46,23,37,55,76,82,25,81,48,97,51,87,30,63,8,40,85,16,1,71,67,99,12,90,36,53,52,59,32,24,27,13,69,72,50,6,96,43,4,35,45,84,11,42,39,74,15,0,73,44,70,89,61,56,64,58,78,75,49,60,66
98,51,42,0,89,29,56,32,62,28,26,31,21,37,64,18,43,94,24,92,76,25,72,80,47,75,35,73,60,88,91,99,41,33,14,59,68,27,11,12,39,57,54,96,13,69,34,5,55,7,3,95,86,20,19,81,6,16,97,74,85,58,4,77,44,78,70,84,46,9,10,48,66,36,67,17,23,61,53,2,82,22,1,83,38,50,40,93,65,49,30,63,15,8,90,87,71,52,45,79
3,17,96,99,87,62,16,54,14,20,47,53,9,69,10,34,31,45,0,78,66,52,86,15,49,38,33,77,48,26,79,19,61,37,41,27,7,57,32,95,59,89,18,8,88,43,12,67,71,22,76,93,44,35,13,46,1,25,40,63,2,36,94,58,64,73,98,90,4,97,51,42,56,23,39,65,55,82,5,24,50,6,81,68,60,70,72,80,91,11,74,84,21,30,75,85,92,29,28,83
20,80,22,3,83,55,85,75,2,48,69,96,41,95,18,66,60,54,13,6,73,49,47,28,77,30,1,21,24,67,40,56,44,46,62,93,92,38,81,23,84,72,97,88,14,33,34,51,82,63,37,86,53,74,64,59,19,65,61,42,50,15,12,94,87,10,5,32,70,43,68,27,99,52,91,29,17,36,79,58,25,78,57,90,35,0,45,8,31,39,11,98,4,76,9,71,89,7,26,16
75,64,23,28,82,53,93,40,44,8,47,80,91,46,90,19,70,58,50,73,29,76,1,94,86,4,27,54,78,33,26,0,49,85,95,83,89,67,24,62,92,48,3,36,9,7,96,74,77,38,35,14,87,68,25,41,52,45,2,34,56,17,13,69,88,22,10,97,60,12,57,37,16,72,79,5,20,6,55,98,84,11,81,71,18,65,99,15,39,63,31,66,21,51,61,30,43,42,32,59
79,91,95,60,17,67,22,3,5,50,64,29,26,57,18,51,39,32,24,62,63,56,78,31,75,87,77,2,20,23,34,36,74,52,71,9,81,35,76,68,86,19,10,85,38,43,46,37,41,48,0,47,92,80,40,55,11,99,6,54,98,73,61,30,12,58,84,59,90,8,25,27,28,66,49,21,69,89,33,94,83,65,70,7,4,53,96,42,82,13,93,14,16,72,97,1,44,88,15,45
15,0,17,77,41,89,93,5,96,42,14,50,3,30,48,87,22,86,58,80,82,97,67,28,90,11,33,18,45,73,39,56,29,19,47,21,40,68,25,16,1,76,64,10,62,75,4,52,51,91,66,6,85,9,99,44,35,31,23,61,83,84,38,8,81,65,78,74,46,79,36,54,34,72,70,95,27,37,94,49,2,55,7,59,88,71,60,98,20,63,92,32,13,12,43,69,24,26,53,57
13,44,14,58,95,98,55,41,28,6,99,76,18,8,72,93,83,27,65,33,96,22,78,91,97,34,10,68,0,36,52,81,62,75,94,2,73,17,51,82,90,23,92,80,69,70,46,67,71,32,88,4,84,11,40,77,64,9,31,21,61,35,15,29,48,49,16,66,12,30,86,25,38,57,56,89,26,87,39,85,24,47,43,79,63,74,1,53,50,60,45,42,59,37,7,3,20,5,54,19
29,78,20,28,54,34,47,65,24,89,40,56,76,42,18,43,90,22,50,19,37,13,44,46,2,0,96,4,67,32,64,1,98,33,86,81,77,59,73,97,85,61,82,17,83,58,72,30,60,7,48,21,87,3,55,63,93,68,38,99,45,88,75,15,71,8,12,51,74,25,9,91,84,26,69,14,79,70,57,11,62,6,5,31,52,41,27,92,35,94,10,49,53,36,66,23,80,16,39,95
98,37,76,3,94,79,72,7,39,15,20,85,87,35,43,1,99,38,56,64,96,77,30,33,74,70,90,48,9,75,54,81,25,67,16,84,29,45,36,12,50,44,14,83,55,92,28,47,13,65,68,80,4,58,86,5,89,21,46,88,24,19,40,18,32,0,52,62,11,42,2,66,51,8,71,6,34,57,53,93,17,95,22,60,73,49,61,63,10,31,91,59,23,78,41,97,27,82,26,69
45,69,77,39,85,53,71,66,63,99,94,41,3,30,1,10,62,55,24,6,42,54,98,52,27,44,9,31,79,48,68,11,0,83,22,26,5,14,17,73,57,16,60,2,70,96,46,58,33,8,80,15,49,87,7,32,84,40,95,82,89,51,93,75,92,91,90,97,34,23,36,43,29,81,78,47,38,56,12,13,35,76,88,20,64,18,67,25,74,86,72,37,4,59,50,28,19,21,61,65
30,25,21,10,66,19,39,0,90,53,20,93,2,29,26,48,18,98,65,64,63,85,99,3,28,72,45,33,68,9,54,27,24,82,37,55,62,71,35,84,88,44,47,96,89,7,51,17,59,79,23,60,81,6,31,38,97,15,5,8,61,13,4,22,12,32,94,75,57,95,69,74,86,49,40,56,41,43,14,36,1,16,92,80,77,52,42,67,58,78,87,11,50,91,70,83,46,34,76,73
27,65,50,60,71,9,43,4,97,25,93,30,69,89,46,84,44,2,92,42,82,15,77,62,70,22,39,81,55,63,87,86,56,12,29,10,74,66,79,51,53,52,58,57,5,80,47,18,76,24,83,67,33,28,99,21,96,23,94,49,0,90,19,40,95,6,45,31,16,54,35,11,75,85,36,38,78,17,8,34,64,61,20,98,59,37,26,1,3,91,7,68,73,41,48,32,14,88,13,72
77,83,39,66,65,23,93,24,37,52,16,2,84,67,59,85,49,96,7,88,21,55,76,57,58,6,20,15,78,41,71,51,4,32,44,46,13,14,36,27,86,70,45,22,9,40,98,79,63,10,26,0,73,95,34,30,31,69,75,80,35,29,18,72,53,11,60,17,19,91,64,12,43,68,74,61,8,62,28,90,94,48,3,50,38,56,87,54,25,81,89,33,82,42,1,5,92,99,97,47
26,84,55,98,0,5,22,51,61,23,79,53,49,91,36,74,67,1,70,20,10,29,60,18,16,40,12,3,97,2,39,15,11,9,38,81,88,34,66,31,32,92,35,90,72,87,7,48,77,69,17,54,25,13,52,63,78,73,62,43,64,14,65,45,33,19,4,42,82,57,44,83,95,27,96,41,86,93,85,37,24,99,21,30,50,76,58,46,80,8,6,89,71,59,75,28,94,56,47,68
3,52,9,82,22,13,26,7,46,19,68,34,14,25,73,77,41,29,4,91,23,71,67,75,72,11,80,89,66,17,37,20,57,97,65,60,90,74,33,76,95,86,15,8,6,50,81,85,55,92,45,84,87,21,0,51,48,42,83,2,69,36,70,62,31,94,44,98,38,35,63,5,99,49,30,47,32,24,78,58,28,27,12,10,88,1,79,53,96,18,16,54,43,40,59,56,39,64,93,61
74,62,98,69,76,17,86,99,61,39,10,80,48,35,27,71,43,40,82,33,87,77,24,21,67,91,92,64,34,31,12,51,78,65,38,93,37,7,47,5,53,26,57,32,84,59,85,19,90,94,75,8,54,28,83,29,49,15,63,55,96,9,1,97,72,52,0,30,89,44,73,79,20,58,2,56,60,6,81,23,11,46,42,14,50,22,13,95,70,3,88,66,18,25,45,16,36,68,4,41
87,37,73,34,48,69,43,98,20,60,1,82,56,52,96,23,30,2,95,64,13,53,41,12,8,93,33,91,10,55,29,17,14,57,6,32,22,0,59,18,51,63,86,70,9,42,11,49,15,58,47,21,35,88,99,50,68,4,62,90,72,44,77,85,66,26,5,38,76,81,3,39,89,61,46,80,74,54,92,94,84,24,40,65,25,36,67,79,31,45,28,16,75,7,27,71,78,83,19,97
71,60,1,52,80,32,38,33,36,70,49,39,4,0,16,12,34,88,25,3,45,28,10,89,30,66,46,48,18,11,7,97,86,44,75,69,40,90,87,59,22,37,31,91,14,73,9,79,5,63,54,20,41,47,27,92,96,56,64,17,76,29,65,77,78,99,83,42,84,74,51,68,62,72,35,15,2,98,82,85,6,21,8,24,67,55,94,43,93,58,95,81,57,53,19,23,61,13,26,50
34,9,13,60,35,36,50,45,61,8,5,10,33,27,94,56,41,77,86,54,43,65,81,1,38,2,17,67,42,25,66,53,75,22,32,3,85,97,15,84,98,69,39,96,4,0,99,70,47,93,40,89,21,12,80,71,57,31,26,16,20,18,78,92,72,88,64,79,62,87,63,29,83,58,14,95,68,82,11,51,76,74,73,52,44,37,6,30,19,55,91,23,59,24,28,90,46,49,48,7
86,39,17,88,87,21,4,68,95,13,77,8,94,76,74,32,22,0,12,38,80,42,11,25,81,30,45,44,67,64,23,79,83,5,75,85,72,9,71,16,82,65,6,43,49,78,62,24,84,20,70,69,15,60,53,56,35,18,3,10,54,73,59,52,57,29,99,91,7,41,92,51,66,37,36,98,48,93,96,34,33,58,27,90,26,89,2,28,31,50,1,47,61,14,63,46,97,19,55,40
59,92,36,62,27,10,12,79,85,99,46,52,50,42,64,83,41,33,66,73,51,55,67,78,32,49,34,98,22,68,76,70,82,65,77,24,48,6,89,44,3,80,16,58,13,8,26,4,81,38,5,96,28,53,94,39,47,43,30,45,69,63,2,14,19,57,0,56,31,91,25,61,37,93,1,23,90,20,15,95,18,97,7,84,21,75,88,54,9,29,11,86,35,71,87,74,60,40,72,17
89,28,33,84,50,8,41,27,5,80,75,26,88,90,59,97,61,6,22,15,76,62,51,31,47,10,54,93,57,64,66,74,94,13,82,72,68,58,45,37,79,40,14,3,92,99,52,73,23,32,11,18,19,9,12,29,69,91,34,95,24,20,16,30,25,48,46,77,21,35,55,65,70,85,87,67,1,42,96,39,56,44,81,49,38,7,98,86,4,36,71,17,83,43,53,63,0,2,78,60
34,37,21,71,19,66,51,91,45,56,85,97,40,3,63,0,59,77,38,95,41,5,87,55,93,16,42,73,1,53,18,44,90,78,46,29,92,25,2,94,24,48,98,50,52,81,26,76,60,64,54,84,89,4,22,67,58,9,75,39,20,69,15,35,32,96,31,72,8,74,68,79,49,62,11,47,12,36,83,13,6,23,88,28,33,70,99,10,65,17,80,7,43,57,82,61,14,27,30,86
33,16,72,75,30,4,13,21,35,29,6,83,43,2,85,91,0,19,41,50,77,27,56,28,94,14,92,97,68,44,80,20,71,10,96,40,49,78,23,55,51,17,37,31,15,63,25,64,88,58,89,9,86,82,81,46,66,61,67,90,52,36,76,48,45,53,57,95,79,34,74,22,5,11,38,59,87,98,60,93,84,47,32,99,12,65,3,70,73,1,24,69,54,18,62,42,7,26,39,8
78,13,42,77,59,62,51,3,88,18,49,53,90,26,41,8,83,73,21,60,45,71,89,66,7,10,27,64,48,91,94,69,40,52,57,23,16,84,25,61,99,68,92,11,47,86,75,5,32,98,67,50,2,15,70,54,33,24,28,93,79,96,43,4,12,6,37,14,20,30,38,76,31,81,22,63,46,97,82,1,35,55,44,95,0,39,36,72,58,74,65,56,34,9,85,17,87,29,80,19
17,34,25,97,33,6,59,66,84,43,64,1,65,69,78,71,70,26,2,48,10,68,37,9,88,61,23,91,24,55,98,53,52,56,73,11,86,36,39,31,46,5,14,16,58,75,8,27,4,45,7,80,93,20,38,82,74,72,13,19,32,47,28,50,40,41,67,89,51,42,62,94,92,3,79,12,21,96,15,22,30,95,29,0,87,35,90,77,83,57,60,76,54,81,63,18,99,49,44,85
60,86,8,43,24,14,76,19,5,48,75,85,7,41,47,79,21,93,70,22,38,17,64,52,35,3,61,53,95,94,87,69,33,59,62,40,20,18,68,37,82,77,65,34,32,99,98,81,39,51,50,16,63,1,30,46,66,56,25,10,2,89,72,6,78,97,58,55,28,0,96,88,44,45,27,23,83,12,54,31,4,74,91,71,49,26,92,36,90,80,73,9,13,15,11,29,57,42,84,67
99,31,16,4,66,29,97,10,32,19,96,88,64,12,57,46,14,44,69,67,36,68,48,41,38,54,56,24,0,52,53,60,90,65,63,34,40,93,91,86,58,85,20,7,73,33,1,83,47,76,23,55,71,37,28,77,35,13,89,79,17,59,5,26,15,75,6,21,50,49,27,95,82,2,92,74,61,62,11,45,70,94,51,30,42,8,80,43,87,78,84,81,9,18,3,22,25,72,98,39
35,15,36,73,19,88,69,64,23,7,72,90,3,98,29,37,46,41,11,9,87,8,33,78,58,49,32,84,59,77,5,93,34,74,22,0,83,92,95,76,4,65,54,21,66,20,26,70,43,13,97,39,47,53,48,86,31,94,50,18,38,63,40,52,61,71,81,57,42,25,68,79,14,96,60,55,99,89,85,2,44,24,10,6,45,17,67,62,56,16,30,1,75,51,82,27,28,12,80,91
71,49,41,10,91,44,9,96,14,55,81,79,15,52,2,72,51,70,68,43,38,7,67,77,76,59,64,22,12,24,17,33,39,85,45,69,62,42,27,28,75,99,25,11,18,92,94,58,19,53,88,86,36,40,50,47,82,31,32,73,21,30,37,74,63,57,90,84,46,26,93,97,35,89,80,0,13,3,66,34,78,16,8,4,6,56,23,29,54,95,61,60,83,87,1,98,5,65,48,20
64,85,57,51,24,33,2,76,44,54,37,58,90,40,70,42,32,50,9,84,26,86,19,29,18,75,30,16,1,87,22,68,71,53,97,95,69,59,17,11,98,4,63,81,13,27,41,14,38,15,67,89,20,28,12,88,43,10,91,79,80,45,25,48,83,99,82,47,23,56,55,92,5,52,46,49,93,73,3,77,74,8,35,21,31,0,6,96,65,7,94,62,34,78,61,39,36,72,66,60
62,31,25,83,77,80,81,93,63,67,95,29,53,39,98,74,26,46,37,33,92,96,59,32,9,90,28,6,15,41,17,1,72,70,65,88,23,13,68,44,99,38,14,2,85,19,0,66,30,86,64,16,91,12,49,51,34,3,42,4,75,48,21,50,57,24,7,79,69,58,60,11,55,35,87,73,71,40,97,52,54,36,94,82,5,20,89,22,27,43,8,76,45,10,47,78,56,18,61,84
45,27,84,20,18,23,15,63,53,31,86,2,8,11,74,13,98,9,7,41,0,26,62,57,58,94,78,85,6,12,5,36,30,29,91,76,66,33,52,92,95,68,24,14,54,83,96,70,90,73,56,38,64,46,99,28,71,59,40,47,81,51,48,39,55,37,25,42,72,19,50,43,16,89,10,82,75,77,44,32,93,87,65,22,34,60,21,80,4,1,79,97,17,69,35,67,3,88,49,61
57,22,16,39,3,10,41,71,73,7,77,33,55,37,24,9,2,8,66,68,52,54,88,6,98,1,94,74,89,40,56,64,17,58,51,97,11,84,42,26,30,69,80,50,95,25,5,32,20,75,4,87,63,0,43,62,99,21,72,76,31,47,14,23,28,34,70,59,96,91,29,93,78,48,92,46,49,35,19,65,79,67,27,44,61,13,90,53,60,15,12,82,18,83,86,81,45,85,36,38
50,89,13,75,99,28,26,57,78,20,35,63,64,79,25,45,6,21,85,31,82,67,9,66,72,68,52,33,42,47,30,92,71,49,36,40,12,32,11,22,95,94,39,88,37,93,96,3,83,61,38,86,53,8,46,10,69,41,51,62,0,29,87,59,60,15,19,48,34,80,5,16,14,70,2,7,55,77,73,74,43,56,91,1,17,58,98,97,27,18,65,44,76,81,24,84,4,54,23,90
3,59,30,28,19,26,31,63,97,83,23,70,74,32,98,47,10,72,52,57,38,40,67,86,58,14,53,69,25,93,5,78,80,20,73,71,95,84,51,27,96,1,9,24,65,75,89,2,17,37,21,15,4,6,77,94,79,46,35,11,13,76,16,66,33,85,43,42,61,88,18,49,0,55,48,12,62,64,7,50,54,60,99,68,36,92,34,82,45,39,22,8,41,87,90,91,56,81,44,29
65,19,88,42,98,96,56,52,40,81,4,84,12,64,22,90,80,13,35,36,59,15,76,61,3,54,28,25,93,39,34,86,49,24,33,94,0,29,71,32,31,37,60,66,77,7,43,70,30,50,73,67,47,95,11,63,83,44,46,8,75,72,10,78,55,58,18,92,57,38,69,45,99,16,53,91,6,23,5,17,51,89,9,74,82,21,48,14,87,2,20,62,1,27,41,85,26,97,68,79
99,31,28,1,34,90,68,69,46,23,97,82,50,75,66,40,52,77,87,54,19,16,35,21,59,92,11,61,74,44,12,5,9,81,64,53,26,42,78,24,10,3,36,4,57,96,7,79,49,15,60,2,98,67,33,89,41,39,38,56,18,80,76,86,94,0,37,73,43,91,95,84,48,72,47,62,85,25,17,29,71,13,65,93,63,20,22,32,14,70,30,58,8,45,6,27,88,55,83,51
72,77,61,47,88,19,13,90,41,8,50,96,37,83,11,56,45,18,24,80,57,97,2,32,20,42,55,38,17,27,34,66,3,33,93,73,74,15,25,51,82,49,14,59,7,75,99,52,92,26,28,63,6,5,39,29,30,31,21,76,85,67,78,35,70,68,4,53,22,36,84,60,71,40,69,58,89,1,43,10,64,9,81,44,98,87,79,46,94,95,16,12,91,48,0,62,54,23,65,86
70,21,83,77,18,54,53,36,0,59,13,37,93,17,86,34,11,66,44,48,49,90,95,64,50,40,25,33,99,47,28,30,71,41,31,1,52,26,56,22,43,9,63,82,5,98,4,92,74,72,57,19,75,6,16,85,80,29,68,78,94,89,3,2,58,10,91,96,87,69,14,55,51,24,81,88,84,38,60,7,23,20,42,76,45,32,97,39,8,27,12,61,65,67,35,73,46,15,62,79
58,95,64,83,89,65,56,80,37,10,62,22,9,40,34,53,49,16,66,90,59,2,13,47,88,84,73,98,57,76,1,0,11,75,60,19,4,97,30,32,46,61,70,52,14,27,44,86,35,92,31,87,69,29,79,23,28,68,82,93,96,74,8,99,12,5,25,6,91,33,39,15,67,7,43,81,50,21,17,3,85,63,51,41,94,45,72,18,24,71,20,78,48,54,36,77,38,26,42,55
43,30,5,59,95,21,46,57,92,58,36,78,32,83,98,88,48,75,18,70,73,31,19,71,39,40,24,96,82,67,17,90,15,53,4,64,94,8,85,11,45,3,41,97,54,28,6,42,16,20,34,52,55,69,38,25,51,77,89,12,80,72,84,7,60,87,13,86,2,23,61,29,63,44,37,56,35,33,68,0,26,14,62,1,65,22,10,9,81,76,27,93,47,66,50,99,49,74,91,79
59,17,98,21,23,0,42,52,90,55,58,28,53,47,46,48,91,38,96,15,43,18,61,20,49,25,33,12,88,37,8,3,62,7,16,14,9,19,32,50,86,74,36,1,56,70,54,79,93,60,85,29,80,77,65,24,73,40,51,66,69,87,97,81,95,67,41,4,68,11,78,6,2,57,72,75,26,44,71,94,83,10,45,30,39,84,34,63,35,27,5,99,31,92,89,82,64,22,76,13
51,14,43,77,95,72,70,25,9,2,89,38,28,19,74,63,42,53,62,65,79,10,87,13,84,55,31,18,16,58,48,29,44,69,68,36,82,52,80,46,39,20,5,21,0,34,6,64,67,88,17,50,66,71,93,27,76,56,45,35,97,37,92,78,73,96,26,15,47,61,57,81,32,49,40,41,8,33,22,11,86,54,75,91,94,23,7,99,85,12,98,83,90,4,24,1,30,3,59,60
40,94,15,51,3,7,76,47,64,82,52,93,2,11,67,44,26,96,19,14,68,70,1,53,71,49,55,43,95,46,30,35,79,97,4,62,88,28,39,48,36,78,20,90,29,92,22,74,98,91,9,60,85,16,63,45,32,6,73,72,5,84,0,65,25,69,34,13,24,57,87,89,56,18,58,42,31,54,61,33,10,75,81,80,59,12,41,23,21,37,38,66,27,77,50,83,17,86,8,99
15,64,14,69,70,79,53,33,67,71,45,82,42,91,44,18,59,46,48,34,31,19,32,20,74,38,36,98,0,1,3,6,94,84,56,12,65,25,50,85,57,30,95,13,75,54,87,2,51,28,7,77,29,63,27,89,52,72,97,61,88,86,16,11,22,78,43,4,68,40,83,49,73,66,99,5,96,35,9,58,80,23,41,92,76,90,60,39,26,81,21,47,55,10,93,17,37,62,24,8
73,98,36,46,74,23,31,50,30,70,71,58,4,64,85,90,48,22,37,79,27,14,96,0,17,35,97,3,89,83,25,45,38,59,11,86,53,67,76,87,54,7,39,60,63,40,51,77,6,1,91,2,13,84,95,75,24,21,72,57,8,88,5,34,19,80,10,81,47,28,93,16,55,69,44,94,29,99,41,62,82,15,12,65,9,26,61,42,33,78,68,66,49,20,56,18,92,32,43,52
26,90,77,83,27,55,76,14,82,9,65,56,58,2,40,72,75,15,8,80,35,33,17,38,19,48,88,20,70,37,49,63,10,1,98,53,86,25,87,93,79,66,97,39,84,28,5,51,45,95,21,92,47,4,64,52,46,7,57,6,81,13,29,59,0,50,54,71,34,44,22,31,91,89,42,74,3,69,11,61,24,96,18,16,43,36,68,62,30,94,67,60,99,32,85,73,78,23,41,12
73,71,64,82,95,24,15,74,53,76,59,50,2,51,17,97,55,18,90,32,62,48,20,3,79,6,61,57,26,65,11,46,98,5,36,13,83,67,99,87,42,33,86,81,85,21,63,7,44,69,77,1,94,0,10,19,68,60,92,35,34,22,93,70,49,91,9,78,40,43,84,66,39,72,56,58,45,25,12,38,23,75,41,47,80,96,88,28,52,54,31,89,14,30,37,8,4,27,29,16
13,66,42,27,92,41,67,30,4,93,18,33,62,71,63,89,24,91,51,23,31,55,8,90,88,11,98,81,74,6,17,20,0,94,52,39,96,61,15,59,16,28,5,48,82,86,9,78,87,84,83,85,14,43,50,80,25,32,73,29,69,60,3,1,44,34,68,76,26,10,21,79,58,99,49,64,37,65,22,19,97,54,38,46,47,36,57,72,75,12,53,77,95,40,45,7,35,70,2,56
79,90,32,94,47,26,34,11,84,58,68,16,73,19,46,40,65,13,98,6,33,43,50,15,21,75,30,23,88,5,56,76,92,51,69,80,61,17,37,62,4,64,31,81,83,2,96,44,38,97,35,99,3,82,10,85,12,95,53,25,66,1,52,28,67,57,74,8,22,49,27,91,45,71,70,41,93,9,55,86,87,89,54,48,60,72,0,18,59,20,42,36,29,24,14,77,63,78,39,7
64,39,99,82,85,34,60,81,88,69,47,7,78,36,23,42,17,56,93,65,1,35,2,73,16,71,86,49,91,28,44,40,6,18,26,5,3,58,53,80,95,22,61,30,92,13,12,32,94,96,8,29,90,48,98,43,0,54,24,11,70,15,25,79,27,33,38,31,97,72,63,84,52,66,62,87,37,51,89,55,57,19,4,46,45,14,50,74,77,83,20,9,68,76,75,59,21,10,67,41
23,88,28,55,66,76,58,96,75,92,29,90,48,13,70,43,51,68,94,16,27,73,65,45,18,11,79,12,19,40,95,93,34,53,22,49,86,81,36,62,7,6,47,83,38,74,87,71,9,4,1,91,85,0,14,20,15,10,77,84,61,50,42,35,5,24,98,56,39,21,97,64,30,99,25,41,57,54,78,63,26,46,59,44,67,72,80,82,33,32,3,69,89,52,60,31,37,2,17,8
22,64,34,67,47,86,61,12,78,87,95,11,29,60,58,27,43,24,99,17,32,54,25,89,84,62,80,77,45,68,96,59,93,65,51,23,38,57,5,39,14,36,49,46,88,63,48,18,56,50,4,8,81,70,16,9,94,72,44,10,7,6,13,3,97,98,76,79,31,28,19,75,73,35,40,1,21,37,41,85,66,0,82,2,15,83,69,20,42,91,55,92,33,30,71,90,52,53,26,74
13,65,12,44,59,20,33,83,63,52,25,29,26,82,70,98,58,41,18,62,67,85,73,93,24,87,14,30,0,17,32,79,46,51,40,5,1,15,97,92,22,19,45,77,60,6,66,27,48,80,55,9,34,68,38,64,88,42,11,61,31,57,50,4,94,2,16,89,53,3,86,7,39,47,72,21,90,10,81,49,37,76,23,96,91,84,56,35,8,54,99,78,36,71,69,43,74,75,28,95
16,44,74,98,11,79,54,51,66,86,30,23,63,17,84,43,95,67,9,60,82,59,65,26,39,25,10,15,6,97,64,32,31,80,99,18,14,76,3,5,50,38,69,70,37,73,29,92,78,2,52,71,75,0,83,42,77,93,24,45,19,48,81,36,22,72,41,91,12,1,57,61,27,62,87,4,40,90,34,85,94,35,49,46,53,68,20,7,33,28,47,56,55,13,89,21,58,88,96,8
41,70,73,82,47,72,50,84,80,69,97,20,29,26,30,54,61,24,43,81,37,10,44,31,34,12,52,33,85,35,94,40,32,77,98,57,22,6,45,62,86,66,13,14,2,65,28,48,9,25,1,93,49,19,79,0,90,88,38,99,39,27,8,4,3,23,91,64,42,53,15,87,5,55,60,17,59,16,7,21,78,56,18,63,58,75,76,67,96,46,83,74,68,11,95,51,36,92,89,71
7,89,60,2,45,52,9,42,6,80,31,95,71,92,5,41,73,36,15,37,81,43,56,10,69,40,97,94,38,32,29,47,72,99,90,49,11,33,51,87,63,23,55,84,39,12,70,18,17,54,67,1,58,66,50,21,93,74,8,77,96,20,68,16,83,53,30,59,61,48,88,25,19,98,13,62,76,4,35,46,26,65,91,79,86,28,75,57,22,24,27,34,0,14,85,3,44,78,64,82
12,27,62,19,46,17,23,93,21,47,72,45,88,77,38,86,28,14,0,61,30,54,33,36,97,84,78,8,60,85,95,80,25,81,59,56,74,35,41,68,98,16,26,40,55,66,94,7,44,49,13,42,82,15,65,89,79,20,73,6,24,71,57,83,50,31,52,1,53,9,22,96,87,48,99,75,5,63,4,92,2,76,39,69,18,64,32,67,29,43,70,3,91,90,34,10,11,51,37,58
31,58,89,3,81,1,28,67,97,88,29,94,63,15,75,52,47,60,55,87,13,45,90,21,83,16,7,77,98,95,79,92,35,46,76,62,32,9,65,61,84,24,27,25,8,43,26,39,57,74,30,68,54,0,96,99,64,59,82,4,6,37,17,69,71,5,41,70,73,78,42,53,85,11,49,2,48,86,18,51,36,14,44,10,19,23,34,80,38,66,50,22,12,40,72,93,56,91,33,20
26,20,54,94,75,99,33,82,19,16,30,14,95,45,10,57,9,28,43,42,11,40,61,77,17,70,79,25,15,6,90,39,4,86,3,51,62,58,18,59,36,46,2,68,85,32,80,67,34,21,52,63,56,84,38,12,5,48,98,55,35,72,8,71,66,24,88,22,65,7,47,96,29,91,53,50,73,27,89,49,76,37,87,41,81,97,83,23,78,31,93,69,74,13,60,0,64,1,92,44
52,58,61,79,8,46,45,28,88,7,20,80,43,19,26,17,83,30,29,27,73,3,31,18,64,13,11,22,69,81,72,62,60,51,68,84,47,36,78,76,96,12,15,23,56,41,16,50,97,94,21,44,14,5,39,42,74,70,71,89,33,35,37,24,63,25,9,34,75,87,53,6,32,82,65,2,1,54,86,40,67,91,99,90,48,77,49,38,85,55,98,59,57,93,95,92,4,10,66,0
60,98,90,83,76,28,72,53,11,18,96,88,65,46,69,3,75,55,17,8,71,52,87,16,26,41,78,36,13,82,21,80,34,54,89,10,22,23,86,91,79,67,48,43,94,92,0,47,27,20,33,5,77,93,84,6,73,14,39,19,68,7,2,85,45,1,51,35,49,30,59,56,64,9,38,70,81,37,66,61,97,25,12,99,44,58,57,15,31,63,29,42,95,50,4,24,40,32,74,62
9,39,87,79,10,46,68,0,19,60,4,29,78,52,7,23,59,37,50,64,26,31,30,90,24,34,45,2,73,58,89,38,65,14,81,44,66,93,77,35,18,48,86,47,8,51,91,33,75,25,84,27,6,55,41,63,32,49,43,99,88,61,56,74,83,85,67,62,16,95,42,13,82,11,96,22,80,57,1,53,12,72,97,71,92,21,17,69,15,36,5,54,28,3,40,94,76,98,70,20
73,7,95,89,47,82,59,81,97,36,43,93,48,77,45,39,6,53,17,38,55,23,19,58,42,1,5,85,34,70,9,35,15,67,2,21,60,76,66,27,29,87,79,72,75,44,37,96,18,3,57,88,64,40,0,30,84,78,14,71,26,83,24,10,68,22,46,33,80,54,56,92,63,90,62,50,49,69,51,11,91,98,13,16,41,12,25,65,4,61,74,28,99,20,8,32,94,52,86,31
99,49,37,86,30,8,6,23,33,0,83,26,24,39,78,89,81,38,91,47,68,1,73,69,80,65,56,57,98,11,43,96,55,58,66,44,15,7,75,4,90,13,3,31,70,95,77,40,28,12,5,79,92,34,16,22,18,88,2,62,67,17,27,53,20,32,25,84,51,36,72,45,82,74,9,21,60,59,48,63,93,97,35,61,19,14,87,71,29,41,54,85,64,42,50,94,52,10,46,76
87,30,59,50,88,11,68,25,32,92,10,74,69,63,42,21,90,40,67,6,72,19,46,37,13,24,77,73,28,65,38,44,95,61,62,5,79,76,22,57,96,15,43,52,9,80,31,89,56,84,35,8,98,18,66,3,91,36,0,55,45,51,83,27,86,93,20,53,23,70,39,16,41,33,54,60,17,2,78,99,4,71,34,81,75,48,58,82,85,12,64,1,94,7,49,47,26,29,14,97
84,45,22,25,55,74,3,48,10,51,75,94,77,72,69,89,32,20,91,98,26,59,92,99,4,80,34,57,11,79,58,49,67,60,5,12,76,13,47,23,85,68,41,61,88,71,15,66,39,50,86,64,52,96,16,35,62,1,8,87,28,40,14,93,82,0,17,54,78,65,9,27,2,31,73,37,24,36,97,42,63,44,83,46,33,90,38,29,6,56,95,70,30,18,53,21,7,19,43,81
3,55,97,27,73,34,46,31,39,80,82,93,98,70,20,76,74,7,62,45,90,57,88,13,72,86,63,83,37,42,68,2,95,41,64,91,0,81,53,28,25,11,92,66,51,26,94,99,24,30,48,33,40,22,29,75,6,12,44,36,18,67,4,60,52,32,19,38,69,47,15,14,87,1,16,79,10,77,61,89,84,43,50,78,49,71,56,5,9,23,58,17,59,65,35,8,96,21,85,54
11,88,43,0,22,62,28,55,48,59,57,24,39,9,17,85,36,74,34,20,30,42,1,10,50,69,2,75,40,19,77,73,13,80,98,26,64,4,92,89,45,96,35,65,18,76,31,78,91,8,58,52,41,99,61,86,25,51,37,84,60,53,90,16,21,12,56,29,97,7,3,81,63,38,54,71,70,14,79,72,32,49,68,33,83,46,82,66,47,6,95,15,67,94,87,93,5,44,23,27
26,56,69,98,43,42,99,33,85,40,75,25,32,48,53,58,20,36,0,21,5,67,54,94,27,87,29,14,77,52,81,2,59,90,73,65,19,79,15,41,63,51,89,28,93,24,91,9,18,4,12,11,84,78,86,47,16,45,34,74,39,35,80,23,66,70,22,31,96,1,61,64,30,88,72,38,97,3,49,60,13,68,10,76,95,8,62,57,46,92,50,82,44,71,17,7,55,37,6,83
74,20,16,47,46,88,22,29,60,99,54,30,37,83,96,4,82,64,11,70,12,21,42,5,15,73,43,49,39,23,17,97,26,8,41,63,77,90,7,0,45,35,24,25,34,1,28,59,33,79,92,31,67,55,51,93,62,84,38,44,18,6,85,48,3,52,94,10,71,13,95,80,40,14,76,36,89,68,9,66,65,81,61,19,56,53,57,87,78,98,2,86,69,27,32,75,91,72,58,50
28,69,36,75,77,55,11,78,4,25,44,24,80,86,64,46,15,16,53,12,45,41,93,65,97,62,71,94,57,27,84,90,43,42,87,67,38,76,35,9,95,14,60,29,13,96,26,33,8,2,31,54,21,79,0,50,3,99,81,10,91,7,92,39,51,22,30,83,1,5,85,49,73,68,47,82,48,20,61,32,88,72,63,52,74,58,6,18,66,59,17,89,56,34,37,23,40,70,98,19
63,48,51,45,84,60,14,1,70,74,26,49,66,69,28,18,91,41,82,40,79,27,47,37,56,61,32,5,43,31,15,59,34,76,97,29,85,46,68,95,96,23,12,10,17,16,44,39,3,92,71,62,89,11,98,7,19,30,4,52,2,65,67,13,25,58,33,6,54,57,77,83,35,94,0,38,8,73,86,81,90,99,87,36,80,53,93,64,78,21,50,9,42,55,72,24,20,88,22,75
80,2,78,67,52,83,44,25,82,15,90,7,81,42,47,63,41,96,0,24,11,60,89,16,27,76,61,48,86,53,99,87,30,84,70,73,77,62,14,72,26,85,55,57,94,40,19,51,71,37,74,79,49,29,21,64,35,46,5,65,54,22,75,91,38,98,50,12,88,20,33,92,4,9,69,43,39,1,56,93,23,97,45,17,68,32,28,95,13,59,18,34,66,58,6,10,36,8,3,31
63,3,4,92,88,2,19,44,91,99,56,80,39,53,34,1,59,76,70,26,54,24,82,38,0,68,36,10,47,35,90,64,83,31,41,27,7,9,23,33,74,25,67,50,52,13,97,96,12,5,60,85,94,20,78,29,51,57,87,75,62,77,43,16,55,58,61,6,40,45,69,8,93,42,37,30,73,84,48,72,89,21,17,28,66,95,81,11,79,46,15,71,65,14,49,22,86,32,18,98
10,70,65,83,11,97,27,43,67,73,15,53,14,37,16,61,17,78,24,48,46,47,8,60,76,3,88,58,66,93,95,90,77,79,98,92,39,29,28,30,62,82,36,96,69,19,71,0,44,23,40,20,9,33,45,94,84,81,18,85,5,12,35,21,74,63,59,22,91,86,57,42,25,26,52,89,50,87,13,64,80,31,51,68,49,6,4,2,1,32,72,56,7,38,55,34,75,99,54,41
28,8,3,98,30,44,68,22,51,49,83,26,95,55,11,19,72,34,17,65,42,61,58,87,27,0,4,82,96,57,69,73,20,6,91,89,88,60,47,77,63,81,94,13,80,2,21,46,16,12,59,33,14,5,7,32,31,92,84,64,76,86,25,36,85,41,62,99,53,54,40,93,18,67,78,9,52,50,74,35,29,15,37,48,97,39,66,10,38,70,90,75,45,43,24,79,56,71,1,23
39,28,38,0,87,53,69,35,89,26,33,68,3,18,47,84,32,67,11,48,85,55,10,60,64,93,13,9,37,7,16,72,99,15,36,83,27,56,4,78,1,21,80,90,95,46,40,91,5,65,2,97,44,19,54,14,79,50,23,24,94,96,77,41,20,30,71,75,66,86,34,51,98,82,88,29,62,52,22,74,63,92,59,49,25,43,12,42,17,45,8,6,70,31,76,81,58,57,73,61
43,20,7,84,91,48,5,45,31,76,90,93,29,65,92,46,30,37,57,27,40,72,77,82,19,3,22,58,4,42,26,96,54,51,74,34,83,61,88,28,86,85,64,32,60,33,16,21,50,59,78,1,98,49,11,62,23,52,13,70,41,18,12,73,24,44,79,69,6,56,87,94,89,8,81,35,75,67,39,99,80,71,66,0,17,2,10,68,55,53,63,47,25,9,36,15,38,95,14,97
56,15,22,21,35,1,90,83,69,32,0,47,96,77,12,66,16,95,45,67,29,31,53,93,58,28,50,3,52,98,54,5,38,70,37,51,73,91,80,64,94,89,23,71,6,2,26,7,60,49,55,76,11,14,85,84,65,79,18,9,86,30,17,97,4,57,81,36,20,88,68,78,75,87,8,42,63,40,33,74,39,34,59,25,61,99,44,72,92,10,82,27,46,41,13,19,48,43,24,62
38,30,71,99,11,6,45,89,5,93,23,60,37,42,25,19,20,48,51,52,88,79,29,56,75,40,74,92,73,1,28,27,16,53,84,83,86,49,62,22,3,85,61,81,14,55,12,67,4,54,13,77,80,87,76,68,9,47,35,63,7,34,26,59,78,24,97,21,64,33,65,91,8,94,15,69,70,58,72,90,44,31,46,39,95,82,10,50,32,0,66,96,41,98,17,57,2,18,36,43
8,0,6,61,39,41,64,13,43,99,47,54,15,5,73,60,95,31,98,69,71,86,37,40,68,18,26,77,55,14,51,83,70,27,36,34,7,23,53,94,79,25,24,92,42,29,97,3,50,82,30,72,33,57,22,1,16,78,59,85,66,52,32,75,45,90,87,96,2,48,28,4,46,67,91,21,58,88,11,63,76,65,10,80,9,81,62,89,44,93,74,38,49,20,56,17,35,12,84,19
41,4,76,36,9,38,82,24,22,50,15,91,17,28,0,43,62,5,75,73,31,1,47,85,90,7,40,95,79,16,52,42,98,65,55,59,21,69,30,37,87,39,74,6,70,63,64,61,48,45,60,46,89,3,13,26,83,67,35,33,93,27,44,68,86,54,56,84,32,53,99,94,11,97,23,92,49,58,19,8,14,57,18,66,77,88,81,10,34,29,25,20,2,96,12,71,80,51,72,78
49,94,36,91,16,28,76,87,19,14,39,65,27,60,41,34,54,44,18,26,46,13,2,40,25,70,93,8,85,38,35,72,59,64,29,32,83,90,11,75,48,53,37,45,24,51,20,0,96,88,74,71,47,89,42,97,69,33,84,12,10,92,17,78,73,43,98,79,23,5,31,66,9,55,15,3,56,63,7,21,1,6,62,95,30,22,77,80,52,67,86,68,99,61,58,81,82,4,57,50
35,70,86,14,9,34,39,27,2,69,66,93,31,85,18,98,67,41,60,44,26,7,38,90,84,40,94,78,25,36,56,3,57,99,11,68,49,96,1,89,79,16,71,23,32,97,74,4,20,37,30,45,43,28,72,8,15,64,92,73,0,50,81,46,54,95,75,91,5,58,21,51,10,76,63,52,77,53,55,12,87,42,88,13,19,83,61,47,65,48,33,80,17,82,6,22,62,59,24,29
36,28,63,58,78,75,14,86,90,93,80,32,54,27,23,2,20,33,15,18,30,72,64,16,44,47,31,95,52,67,98,1,8,22,77,60,94,91,55,6,37,38,48,35,88,26,84,73,69,45,51,3,41,61,82,21,24,4,19,9,99,71,10,92,43,42,49,62,79,11,65,81,76,40,83,89,25,7,74,59,70,66,29,0,53,96,68,13,46,17,5,50,97,39,87,85,34,56,57,12
95,84,68,90,3,46,45,0,83,56,29,30,28,65,88,63,47,98,69,89,87,77,38,4,86,36,20,32,25,82,39,53,71,49,10,16,6,80,81,5,97,43,9,8,93,75,23,50,91,96,22,92,52,12,99,85,51,40,37,41,59,64,67,44,48,78,14,19,66,13,72,62,24,17,27,18,34,21,42,79,15,70,55,94,1,31,35,7,61,73,76,11,74,58,57,33,60,2,26,54
85,73,71,64,4,27,23,35,43,93,80,48,67,45,22,37,12,19,92,50,96,62,55,52,90,32,70,21,2,51,8,95,86,0,58,72,49,98,31,7,77,3,69,40,10,44,63,91,47,38,18,16,57,26,36,41,1,15,59,87,24,81,28,60,5,84,89,54,88,68,66,53,97,99,14,30,6,42,65,83,76,13,74,9,29,25,34,94,20,75,82,56,17,33,46,78,79,11,61,39
52,15,6,46,36,24,13,59,32,68,30,29,40,41,45,66,2,86,8,31,90,95,44,91,79,33,85,5,58,0,71,97,54,81,49,57,78,96,88,9,98,67,61,65,14,56,20,63,35,12,43,87,42,51,72,23,73,92,53,25,62,28,22,11,39,75,26,93,77,38,1,37,7,34,17,4,19,69,83,10,16,99,89,64,55,27,3,47,21,80,48,84,50,82,74,94,60,70,76,18
77,23,42,96,68,2,16,9,28,51,52,26,6,30,70,8,7,98,63,81,36,5,45,53,14,90,93,17,19,57,55,22,95,29,40,38,47,3,89,24,72,76,33,94,41,82,91,74,0,73,97,83,25,35,62,99,78,58,84,50,56,80,86,21,59,87,54,43,65,46,31,67,60,85,88,12,15,20,11,4,66,92,61,48,18,75,13,64,49,27,39,71,44,79,69,34,10,37,32,1
9,75,47,38,1,69,18,16,61,10,74,84,2,95,56,19,96,54,82,5,77,50,76,24,90,17,97,87,63,68,65,52,7,55,22,64,8,13,78,36,57,28,88,58,48,35,81,42,94,59,67,71,31,98,70,46,11,40,60,79,21,4,3,29,45,80,93,34,51,37,92,0,33,43,91,27,26,53,32,83,6,23,15,89,73,12,25,14,66,72,99,39,30,62,49,85,44,20,41,86
76,25,52,97,68,51,11,3,59,93,88,96,74,87,0,18,57,21,91,78,53,83,37,66,17,30,85,73,71,82,23,39,14,80,32,50,1,16,48,38,42,36,69,98,81,9,64,12,26,63,27,45,6,47,4,72,65,28,99,58,75,10,24,13,8,2,56,62,90,34,29,46,19,31,33,89,5,35,40,61,15,54,7,95,41,84,20,86,44,92,55,94,77,49,67,79,60,70,22,43
75,40,19,54,90,88,26,89,0,86,51,50,93,22,87,60,27,8,78,5,66,97,61,85,68,67,3,43,42,95,62,38,44,28,76,73,77,82,12,7,98,55,30,71,10,94,24,31,14,34,52,58,74,2,81,56,18,33,63,21,59,16,25,84,15,36,1,49,6,83,64,20,9,45,39,35,37,79,69,92,48,99,23,41,46,47,65,57,4,91,70,11,13,29,53,96,72,32,17,80
30,80,96,88,58,5,45,25,93,51,97,53,32,61,91,68,1,99,17,83,84,77,64,65,79,8,4,98,23,2,20,10,92,86,0,87,9,89,43,41,28,22,47,31,11,3,71,54,15,75,56,35,57,42,19,13,73,44,40,39,49,60,24,50,46,67,33,34,59,55,63,27,21,18,76,74,38,52,26,29,72,14,70,62,95,37,78,94,81,66,82,85,36,69,48,12,6,16,7,90
6,72,11,85,35,66,98,45,46,50,15,71,90,83,7,67,97,34,81,5,42,73,32,88,58,30,84,39,55,69,48,92,65,27,78,14,23,93,47,53,56,74,18,54,37,91,28,26,19,99,96,12,0,3,60,64,44,1,17,94,20,51,76,8,33,70,57,24,95,31,25,52,41,43,22,21,29,13,87,10,40,86,62,79,63,82,49,75,89,80,61,2,59,9,4,77,16,38,68,36
14,90,35,32,71,63,96,69,53,3,79,12,27,43,25,22,86,70,11,40,44,95,56,91,82,50,24,33,16,61,76,64,39,99,8,23,73,38,9,6,42,29,48,80,81,28,89,59,94,5,54,57,77,15,13,83,52,36,75,31,7,20,58,67,4,1,66,60,46,37,30,98,55,18,17,65,62,78,49,92,26,10,97,21,0,74,19,51,85,34,88,45,72,93,87,2,84,41,47,68
61,3,25,91,90,38,60,51,4,53,68,15,77,66,44,74,33,12,49,69,78,73,64,41,40,87,11,29,82,71,27,55,94,37,28,36,65,83,46,47,95,8,98,5,31,88,35,97,42,24,0,92,20,96,50,17,79,52,85,2,48,93,59,56,58,43,10,23,75,99,21,22,76,19,70,14,18,81,86,89,9,62,30,84,45,39,80,13,72,26,32,63,7,57,1,6,54,34,16,67
1,32,18,23,2,69,70,14,48,87,53,37,10,13,77,28,96,76,43,50,34,33,9,24,81,5,73,91,94,56,52,7,78,82,60,20,92,84,47,83,6,46,35,65,62,38,75,86,57,58,67,98,19,3,4,42,36,97,30,12,54,66,68,21,71,0,41,63,26,90,22,15,11,88,80,29,40,17,64,72,45,79,8,89,93,59,74,31,44,39,95,16,51,85,61,99,27,49,25,55
23,77,46,53,90,54,51,63,55,78,8,9,21,41,44,34,72,85,82,39,58,92,6,93,91,64,32,61,16,76,96,67,59,84,30,14,22,65,12,49,7,5,81,80,1,79,33,26,19,94,73,86,28,97,47,66,56,35,70,38,50,89,95,68,88,42,17,4,10,87,13,37,27,15,98,11,0,24,52,43,31,25,48,60,29,83,2,71,40,45,57,3,69,74,36,75,18,20,99,62
27,92,94,19,10,86,29,40,78,62,76,38,54,71,98,84,5,33,12,11,2,15,4,1,82,34,8,66,6,50,88,83,18,28,91,59,48,16,73,81,9,43,96,90,60,58,56,25,7,74,21,67,52,63,14,45,23,64,0,61,24,49,68,79,47,97,53,42,57,99,93,89,41,72,85,35,31,51,46,20,80,39,26,32,65,77,75,13,22,70,44,55,37,69,30,3,36,95,17,87
93,74,36,34,68,28,82,78,18,12,95,3,76,66,94,5,1,16,9,70,49,30,2,89,38,6,79,83,43,92,57,32,64,56,29,13,71,46,40,55,90,52,45,22,42,53,23,39,44,72,88,11,87,61,47,8,60,31,4,65,81,67,25,10,37,41,7,73,75,97,21,59,35,17,14,84,33,20,54,77,63,15,86,80,24,27,96,62,51,26,50,0,98,91,69,48,58,99,19,85
19,51,77,38,6,23,46,17,16,50,44,70,74,26,25,96,76,72,68,57,27,91,22,64,73,28,67,33,85,43,59,81,62,21,83,49,65,63,47,24,36,98,15,75,84,94,90,12,79,35,87,66,52,37,86,2,54,61,11,3,10,60,0,32,71,56,39,45,29,8,14,58,93,18,34,31,1,89,80,4,48,97,40,78,92,99,82,7,41,20,88,53,55,42,30,69,9,95,5,13
4,53,97,65,69,11,15,8,63,55,49,32,83,91,71,72,73,61,67,27,0,42,70,30,18,33,86,48,94,51,45,98,79,38,31,7,68,60,78,13,24,74,54,34,6,47,3,1,25,66,81,90,29,76,10,52,50,87,5,43,99,95,22,35,2,19,44,20,28,89,36,85,62,16,23,26,40,14,58,46,75,21,64,56,37,41,12,82,17,96,80,57,93,92,84,77,88,59,39,9
28,66,90,94,85,52,57,84,56,89,0,14,60,96,44,68,62,6,7,33,19,76,92,97,58,79,13,5,27,99,3,37,80,35,59,8,61,91,12,83,42,69,46,67,74,39,15,36,34,1,77,71,54,82,93,81,70,38,51,88,72,29,24,22,78,17,95,45,31,20,4,2,30,40,32,87,43,98,25,63,23,41,49,11,18,16,10,21,75,9,50,65,26,73,47,64,86,55,48,53
61,57,27,42,6,2,50,66,76,82,78,19,21,95,64,32,24,11,74,29,69,88,44,96,30,91,51,33,89,37,53,12,70,67,97,59,9,34,68,99,39,79,60,17,98,93,85,15,86,35,62,49,77,55,31,20,92,18,54,94,10,81,71,14,23,16,87,25,83,72,90,28,75,13,56,41,84,47,8,45,52,36,5,58,46,26,1,80,65,43,3,63,0,22,48,40,73,38,4,7
22,23,32,43,78,98,38,8,91,97,89,85,34,64,10,63,6,90,61,28,5,81,57,12,1,51,47,70,72,54,50,96,66,13,42,55,17,73,76,25,80,45,58,36,75,68,62,4,67,15,18,60,2,41,48,88,44,77,52,56,7,49,27,65,24,14,3,11,19,84,46,82,26,29,37,33,59,20,69,86,94,83,87,16,99,40,30,21,93,71,92,0,9,74,53,79,35,39,95,31
37,82,33,56,64,48,31,88,9,20,10,87,17,73,55,69,92,52,58,63,54,2,89,43,35,12,34,65,23,14,5,44,45,74,32,51,71,53,85,50,94,76,91,13,24,93,18,41,83,80,95,66,60,28,39,70,77,8,22,62,75,72,36,29,79,3,96,7,49,19,61,38,1,59,42,11,97,4,99,57,68,81,67,6,47,21,86,40,90,0,25,27,84,16,46,98,15,26,30,78
35,30,32,74,98,20,83,78,17,37,81,4,75,61,50,99,43,72,73,18,13,6,28,57,60,38,71,14,2,62,54,49,82,47,48,21,10,85,15,68,52,92,31,40,76,9,12,64,95,63,55,80,67,24,53,69,25,1,23,5,94,56,89,66,87,33,88,3,96,86,77,26,8,97,22,65,44,79,19,11,7,41,45,59,29,93,51,58,0,46,84,16,34,39,27,70,42,36,90,91
37,0,31,23,45,76,54,42,79,32,60,99,71,3,17,1,65,93,80,95,22,96,29,98,74,5,13,12,20,66,19,27,72,34,59,39,8,43,25,14,69,2,91,78,16,86,97,10,28,58,38,18,83,92,64,61,82,75,53,63,7,85,44,57,73,56,6,33,70,87,35,90,77,26,21,55,84,47,30,50,24,67,89,81,52,62,68,40,41,36,48,46,51,9,4,88,15,94,11,49
52,62,30,35,51,29,67,73,86,13,98,0,84,21,49,31,85,87,89,46,57,71,16,58,12,11,99,39,37,82,75,90,48,9,76,1,25,63,5,77,36,50,26,93,6,40,95,59,3,42,97,47,55,74,14,91,38,34,4,28,32,54,61,44,72,19,83,41,45,27,18,7,23,20,53,60,8,96,70,10,15,94,65,80,68,43,88,17,24,81,79,78,56,22,69,33,64,2,92,66
42,35,9,64,65,45,33,53,31,24,27,16,22,4,72,10,25,6,43,99,0,95,44,15,75,76,29,26,94,81,23,80,73,63,69,18,91,61,12,54,41,84,89,46,40,21,62,51,49,83,50,87,86,79,93,60,28,11,8,20,13,74,58,71,98,36,1,7,68,19,70,55,82,78,30,17,56,5,88,66,96,3,32,52,47,85,2,57,77,59,37,38,14,90,67,39,34,97,48,92
68,96,67,71,9,49,64,19,95,31,99,91,23,63,0,90,93,60,39,55,92,27,35,65,76,5,45,46,82,33,85,50,42,22,98,84,10,18,77,15,43,16,83,11,57,89,36,86,30,2,28,73,3,21,34,61,87,8,40,13,80,69,52,66,12,1,25,59,75,24,88,58,32,14,81,97,62,72,29,94,48,51,6,47,79,53,38,17,26,78,20,74,70,54,7,4,37,41,56,44
31,73,18,78,40,17,46,41,45,48,22,81,94,5,15,66,26,76,43,12,27,93,14,56,42,1,82,68,52,13,51,53,38,83,37,91,98,72,6,7,57,58,54,30,61,65,49,84,90,87,64,21,24,85,23,71,36,88,9,47,32,29,77,96,19,34,89,16,70,25,59,44,63,35,4,99,67,11,86,28,50,69,3,95,55,74,62,80,8,2,10,97,20,92,79,60,33,39,75,0
51,67,38,36,30,6,25,91,41,18,27,88,29,61,5,81,39,4,60,95,59,66,99,14,31,26,96,1,12,87,37,21,16,19,83,34,89,2,32,72,42,48,55,57,54,45,24,52,0,3,97,28,77,43,73,50,70,22,56,8,94,62,98,11,44,63,75,71,74,13,33,49,20,53,46,85,86,17,47,69,78,82,76,15,7,68,92,35,58,10,9,64,79,90,93,80,40,65,23,84
19,78,39,71,63,94,76,22,83,86,77,11,73,33,52,21,60,93,45,90,1,56,15,6,91,67,80,50,35,30,68,9,23,3,54,47,8,10,49,29,18,12,82,44,46,85,95,43,16,55,5,87,84,32,20,92,24,51,17,96,42,58,64,66,40,37,69,31,98,65,0,26,75,4,74,36,41,38,13,25,48,81,97,59,2,53,72,79,99,27,70,89,34,57,28,61,62,7,88,14
50,91,88,14,70,92,72,81,48,24,98,12,42,38,20,71,95,46,0,65,26,82,49,11,17,1,86,9,29,97,16,63,74,10,56,37,53,61,4,44,75,51,96,36,79,66,99,18,3,31,19,67,78,25,30,85,90,6,83,43,94,57,54,23,69,80,33,34,5,45,2,93,13,8,68,87,27,64,58,59,62,76,52,22,84,21,47,89,39,55,7,32,35,73,40,77,60,15,28,41
38,84,61,52,1,11,50,2,44,42,71,99,66,83,98,68,80,72,69,76,70,55,67,7,19,48,96,26,43,34,18,8,23,81,75,78,87,97,40,85,82,54,79,28,33,24,90,25,58,93,32,16,14,59,36,57,47,31,13,35,86,95,88,10,64,27,53,51,37,39,30,63,74,89,94,4,21,15,29,49,0,20,73,5,12,3,77,56,60,45,91,92,6,65,9,46,62,41,22,17
52,74,98,17,93,80,51,71,95,14,57,38,85,88,34,3,25,79,40,64,24,13,35,46,65,83,87,28,59,29,68,22,77,4,2,43,72,6,86,62,21,45,12,97,10,47,48,39,1,9,58,50,81,90,33,36,55,32,11,53,30,75,99,49,27,76,84,73,60,89,44,67,41,0,26,69,56,63,61,66,96,23,8,92,42,94,70,19,31,16,78,37,91,7,18,15,20,82,5,54
24,94,43,50,85,35,56,68,18,93,33,91,65,87,58,70,26,92,7,79,88,61,71,64,59,2,69,81,48,57,89,83,10,16,67,9,15,74,29,45,1,99,42,47,41,14,28,84,46,55,23,44,25,31,73,0,86,90,13,60,40,51,97,20,3,72,62,39,11,76,75,19,37,66,8,96,53,32,78,22,77,63,5,4,17,98,34,82,95,80,52,54,12,6,49,27,38,36,21,30
5,76,82,99,17,39,4,3,72,66,35,65,94,88,75,34,1,27,12,69,48,96,6,31,7,49,32,43,26,10,38,33,42,0,52,45,24,90,14,77,21,51,55,73,36,74,67,83,91,62,78,29,20,40,19,80,81,59,57,64,84,60,63,23,30,61,22,46,15,86,93,37,98,2,92,89,11,41,25,68,9,53,79,97,58,85,28,44,47,54,16,95,56,71,13,70,50,8,18,87
84,41,39,96,21,72,54,6,32,65,43,49,81,95,25,46,61,33,67,42,58,91,75,13,93,59,16,15,74,19,68,73,24,70,35,2,40,7,86,97,92,90,17,63,11,66,30,8,83,78,87,51,77,44,89,34,20,71,5,1,48,62,10,99,94,57,0,31,82,76,45,36,12,50,52,53,4,18,14,23,22,88,98,27,29,64,26,9,60,55,28,3,79,85,56,47,37,80,69,38
56,87,61,90,38,28,7,83,65,81,68,34,6,69,74,25,62,77,80,45,10,58,97,19,66,46,32,60,40,82,51,1,44,41,88,95,33,5,39,37,9,23,26,59,91,17,50,3,98,48,67,0,64,53,92,71,47,20,27,89,29,78,49,75,63,21,86,57,43,93,79,22,55,73,2,31,96,84,24,76,8,15,54,85,14,94,11,18,42,30,35,4,12,36,99,13,52,16,72,70
55,9,18,99,45,50,44,27,92,76,30,32,28,33,63,85,87,3,5,15,94,42,59,23,16,82,67,64,77,31,35,62,37,73,11,56,6,93,10,41,24,38,98,1,53,43,21,80,84,86,95,60,68,17,26,14,20,29,72,78,91,70,97,51,89,71,4,81,49,57,8,74,36,19,7,34,90,54,25,83,66,46,52,40,0,12,13,88,22,47,2,96,61,65,58,79,48,69,39,75
54,21,13,58,56,57,46,80,30,66,16,41,64,7,87,70,39,69,83,28,53,52,10,50,27,96,32,82,68,5,43,89,33,98,61,29,91,8,45,71,48,26,2,19,23,76,6,81,34,9,60,73,97,35,75,88,1,15,24,44,79,12,40,78,90,3,93,67,77,25,36,84,63,11,86,31,17,37,92,38,4,0,65,14,20,22,99,59,47,94,42,62,95,55,18,74,85,72,51,49
66,55,19,31,72,45,23,58,0,27,30,4,54,52,10,34,76,70,7,91,21,46,3,39,84,65,59,42,77,99,97,79,43,80,96,6,81,2,64,98,69,74,67,22,60,50,26,17,92,18,20,63,94,16,95,29,25,89,14,57,12,33,5,51,41,71,28,73,75,86,11,85,37,53,8,44,38,83,40,32,48,49,82,13,24,61,47,87,88,93,56,35,62,90,15,68,1,78,36,9
89,59,55,54,1,80,76,16,18,45,43,79,49,8,88,5,72,31,90,34,99,82,26,22,9,98,27,11,74,66,38,42,84,14,85,78,62,64,4,53,0,94,51,97,77,13,35,39,57,61,29,28,70,81,96,63,3,86,58,67,40,83,32,73,24,7,37,52,56,91,71,48,36,30,15,33,46,93,10,23,25,41,19,65,21,87,2,17,69,50,68,75,60,95,47,92,44,6,12,20
52,3,46,97,8,18,32,30,87,90,51,94,26,2,67,55,73,20,44,78,25,12,64,76,77,62,84,7,89,27,37,34,75,17,10,65,88,9,93,71,82,15,60,56,16,28,53,47,72,11,68,50,42,66,63,69,91,23,33,86,99,41,14,13,21,70,98,48,22,43,59,0,31,58,74,61,38,6,95,92,49,4,79,83,85,39,54,5,45,80,57,24,1,36,29,35,19,96,81,40
65,2,80,58,59,76,75,25,28,66,62,39,95,68,69,94,33,32,48,27,41,70,1,49,51,90,56,89,12,4,63,14,79,83,82,84,64,22,85,34,88,74,98,26,13,16,46,31,73,43,92,11,61,35,8,3,0,72,97,99,96,53,93,20,5,7,47,30,37,36,50,10,87,91,78,19,24,40,86,57,81,29,44,54,60,55,17,67,42,38,71,77,45,23,9,52,6,21,18,15
78,42,53,27,4,33,19,43,39,25,46,93,55,13,74,36,76,24,92,7,9,77,63,28,90,91,34,30,83,97,48,72,96,64,89,62,79,65,99,31,20,95,69,6,56,88,82,59,2,50,22,8,68,40,26,12,66,98,37,16,45,49,15,80,44,21,0,38,35,94,58,81,41,3,60,87,47,54,10,5,84,70,1,18,17,23,61,52,73,86,32,75,85,14,57,11,51,71,29,67
91,31,51,35,27,98,17,42,14,40,18,66,20,77,86,69,33,99,0,87,75,78,58,47,25,56,65,63,15,70,62,7,36,61,6,71,67,50,43,24,72,90,30,13,32,16,45,29,46,28,37,41,76,57,11,73,82,88,95,39,96,74,84,93,83,34,4,94,8,60,59,52,38,64,3,80,55,19,89,48,5,2,49,79,68,9,85,97,10,54,22,23,1,92,12,26,21,53,81,44
10,83,44,76,81,12,82,60,21,41,1,47,97,51,20,96,42,34,62,53,4,23,39,58,33,52,84,95,5,75,50,0,16,43,45,74,57,2,67,13,32,65,77,36,90,98,35,37,6,38,48,46,9,30,61,28,92,29,11,89,49,88,87,99,78,26,70,68,18,71,69,7,72,94,40,73,25,27,79,15,59,64,54,19,63,91,31,80,3,93,85,17,56,86,55,8,66,22,24,14
45,80,71,61,97,21,74,73,17,56,7,68,46,59,33,95,1,64,63,91,66,58,60,28,5,88,27,3,81,2,37,35,83,62,99,70,40,75,82,4,9,94,25,38,54,85,20,26,93,96,79,36,29,98,0,65,8,89,43,16,90,30,22,48,42,76,69,87,13,41,55,10,44,49,72,78,31,34,11,50,57,6,39,24,86,18,19,23,14,15,51,67,12,84,32,47,53,52,77,92
47,37,25,90,86,28,72,89,34,35,52,55,49,38,71,27,99,96,79,60,42,22,84,48,68,57,54,31,45,43,29,81,75,41,12,8,4,3,76,63,74,23,69,21,10,32,64,0,11,53,24,95,77,93,67,1,13,7,2,26,44,78,83,14,73,66,9,94,65,19,91,5,18,62,6,50,36,85,70,61,58,82,30,92,80,39,33,15,20,56,87,16,17,59,88,98,46,40,97,51
24,79,75,21,16,44,1,97,37,39,40,30,57,26,58,18,60,86,31,85,36,93,41,88,63,7,4,49,48,29,71,83,65,61,54,15,98,9,51,66,25,67,87,45,84,78,69,8,20,27,14,82,81,28,12,46,47,55,91,43,90,80,13,5,34,76,56,77,96,23,68,94,99,95,50,17,52,59,73,6,72,2,38,62,22,70,42,64,0,11,10,92,89,53,35,32,74,33,3,19
96,31,45,64,80,0,82,66,3,68,5,78,50,1,73,34,55,9,26,40,43,98,97,95,24,54,12,25,13,28,94,57,32,92,89,93,90,15,58,33,60,52,18,91,44,86,99,72,69,29,8,48,30,63,70,87,74,38,81,19,35,67,27,71,65,10,36,46,53,76,75,22,59,77,85,62,41,4,21,7,39,49,16,17,61,20,51,88,23,37,2,83,79,6,84,14,42,47,56,11
69,60,89,52,86,29,8,51,7,85,13,37,25,9,90,77,67,65,18,57,83,94,59,41,38,14,98,28,61,88,32,74,20,1,11,62,63,21,40,48,73,3,49,2,4,71,75,26,66,42,23,76,24,36,80,47,96,84,82,70,16,35,99,87,43,64,50,68,72,12,46,15,30,0,5,93,78,33,34,6,58,81,54,45,79,56,22,27,10,44,55,95,92,19,39,31,17,91,97,53
43,76,0,28,84,37,63,75,98,52,59,89,66,79,93,42,35,78,95,16,3,36,32,97,19,94,82,24,1,2,29,71,65,45,31,33,39,69,6,92,30,51,50,47,10,54,5,53,96,18,7,81,17,86,34,13,87,80,41,48,67,57,22,49,85,38,64,72,77,90,25,26,12,74,73,46,56,61,11,62,88,99,9,70,68,27,83,4,21,23,14,58,15,8,91,20,60,44,55,40
32,14,79,24,80,48,95,91,57,53,4,77,88,94,84,74,31,90,78,81,68,82,1,99,11,97,42,58,38,39,0,87,75,40,2,12,64,54,76,35,46,50,86,63,37,72,62,44,83,43,92,41,3,30,7,60,56,15,89,23,21,67,18,25,70,73,45,36,17,34,93,27,5,55,8,20,49,10,61,22,9,28,59,33,66,51,29,47,19,65,98,13,96,16,71,26,69,85,52,6
82,81,92,1,51,91,42,54,11,93,5,88,31,78,16,21,53,61,41,77,73,76,9,38,86,39,80,28,18,35,15,20,22,96,30,13,68,3,95,50,27,2,26,52,66,8,89,29,48,84,62,36,6,45,98,71,19,58,10,69,0,14,72,46,90,83,37,49,97,87,32,40,59,33,17,74,94,60,75,43,25,56,67,70,79,57,4,85,44,23,7,34,47,64,55,65,24,12,99,63
0,69,97,74,26,58,21,27,45,68,65,73,20,43,38,35,28,57,14,78,70,80,1,59,40,76,56,82,10,29,11,16,36,6,42,85,17,98,81,49,33,95,91,61,18,90,96,2,25,3,23,62,66,55,31,41,64,67,93,60,52,75,63,30,86,12,89,94,39,51,88,24,44,37,99,8,53,92,19,32,22,72,9,5,47,87,48,79,34,84,71,13,46,7,15,50,77,83,4,54
18,47,72,41,35,69,9,61,10,27,16,79,22,76,99,25,6,7,77,50,97,52,60,43,74,85,45,66,48,33,78,95,19,23,39,2,49,12,94,26,40,14,90,8,89,68,37,98,59,83,63,91,88,65,38,71,4,75,81,70,42,1,32,13,15,53,29,11,96,86,93,30,56,24,34,17,64,87,62,58,51,44,21,0,31,92,55,36,54,82,80,46,28,5,67,57,73,84,20,3
35,22,5,89,74,96,45,17,88,98,64,41,1,29,39,94,71,66,56,15,36,21,97,90,78,12,87,33,85,19,63,7,83,43,11,55,13,68,30,59,50,8,52,32,54,77,81,79,99,62,37,3,84,42,65,31,73,82,14,80,72,60,16,61,75,69,34,46,23,48,24,51,49,38,6,92,26,40,25,9,47,93,70,10,44,28,67,91,20,53,2,0,4,76,27,18,95,86,58,57
27,73,36,3,72,79,18,48,81,31,1,15,38,76,40,64,84,7,6,23,9,92,99,29,49,59,55,0,43,33,37,45,13,5,46,44,95,82,94,12,24,34,20,63,91,30,14,83,52,69,71,35,32,17,57,42,74,78,97,10,67,50,75,53,28,62,77,65,93,54,80,39,70,4,87,60,90,88,51,89,11,22,66,98,41,58,68,26,96,56,61,47,85,25,21,8,19,2,86,16
9,80,16,85,88,0,8,53,63,21,69,43,95,50,81,33,28,17,92,47,5,22,38,49,3,98,31,32,44,61,72,2,36,91,35,24,12,90,79,42,77,45,11,51,23,65,34,67,97,89,59,13,76,58,84,4,46,87,39,74,18,27,68,6,52,60,29,94,15,40,70,48,10,83,41,71,86,96,57,64,66,93,73,1,30,37,19,55,99,14,56,26,20,62,75,7,82,78,54,25
11,82,62,5,38,19,44,1,20,6,80,79,92,4,78,65,53,35,90,64,50,25,17,29,89,58,16,47,56,91,48,88,10,24,32,72,33,36,85,61,3,14,69,40,54,83,68,42,15,45,73,43,60,63,49,8,97,71,26,70,74,23,98,76,13,84,39,2,28,55,7,41,52,93,59,87,57,94,51,81,86,37,75,99,67,96,95,0,22,46,12,21,66,30,77,27,9,18,31,34
67,40,17,72,66,91,46,99,86,74,81,24,44,42,37,52,73,32,54,0,27,29,57,30,26,50,89,6,82,45,31,4,83,19,76,98,84,75,96,33,2,62,90,7,71,13,70,68,28,95,85,79,94,10,78,93,20,97,3,39,59,47,9,38,61,92,34,80,69,36,23,58,18,48,12,1,35,63,56,5,53,87,51,60,64,21,49,25,43,88,22,16,65,8,11,77,14,55,15,41
91,9,36,82,11,62,89,48,75,33,70,35,99,31,95,0,19,57,67,47,49,20,5,84,54,72,45,58,26,3,61,39,10,43,8,79,51,83,56,28,66,59,68,46,50,23,24,87,71,65,25,52,63,74,40,22,30,69,37,90,12,32,15,93,77,85,13,55,80,7,60,88,76,96,14,44,42,6,78,41,1,34,4,29,92,38,73,16,64,27,94,18,2,97,17,21,53,81,86,98
2,22,83,5,34,80,42,72,14,12,73,36,43,77,82,86,37,9,61,99,54,63,40,67,16,45,25,94,93,98,15,7,90,78,19,81,0,89,6,39,87,53,4,21,91,35,10,13,95,30,92,88,71,65,51,79,38,59,68,20,56,49,8,58,74,47,96,28,27,60,84,18,75,33,64,41,17,44,46,70,52,23,11,32,48,26,69,50,29,97,62,24,76,66,3,55,85,57,1,31
47,34,68,52,59,86,78,66,79,50,69,55,38,70,43,37,63,73,33,25,27,81,57,44,92,22,71,29,18,89,16,45,80,87,51,32,56,75,28,15,95,84,35,0,19,1,42,93,96,77,39,54,31,91,62,94,36,13,67,6,11,97,98,65,8,99,61,26,30,64,41,10,74,23,21,4,49,82,7,85,14,72,9,60,17,83,12,88,58,24,2,20,53,5,46,76,40,48,90,3
25,32,81,11,9,62,64,50,53,73,23,43,90,55,57,21,88,27,40,41,67,70,31,94,84,16,20,39,71,82,1,75,86,17,49,7,36,42,91,66,72,35,14,22,10,30,77,26,47,4,45,29,13,87,76,15,68,54,46,83,18,95,92,38,79,34,96,5,60,12,52,97,89,2,61,24,8,48,19,56,78,51,44,0,37,99,85,6,74,69,98,59,33,93,63,28,65,3,58,80
64,79,71,14,90,75,8,99,45,92,73,28,36,65,85,3,50,96,58,18,13,17,4,66,97,69,24,32,31,57,42,98,51,54,5,22,15,43,11,81,68,33,19,72,77,26,38,52,55,37,34,35,74,63,7,27,91,16,48,93,89,59,70,12,9,56,10,78,21,20,53,84,87,61,41,67,82,44,1,88,83,2,40,80,49,23,60,62,30,95,25,0,46,29,86,47,76,94,6,39
31,8,35,58,99,81,76,7,69,16,15,45,80,42,9,22,33,85,41,21,43,63,18,89,30,40,77,26,13,44,2,46,91,83,10,94,47,62,65,28,27,72,86,3,84,24,70,57,23,66,74,55,87,98,49,20,50,38,97,11,19,54,73,56,75,34,78,25,90,61,60,17,82,53,14,92,96,37,67,32,93,79,95,1,6,12,48,88,29,5,59,71,68,0,36,64,4,39,51,52
1,90,3,71,92,42,93,69,75,4,68,96,44,11,10,77,19,39,47,52,56,0,13,53,31,27,25,54,5,98,58,33,38,66,87,46,65,94,91,20,24,79,35,55,81,70,60,8,36,73,30,61,29,34,15,67,23,37,45,49,41,95,86,16,89,17,82,12,14,74,85,50,62,57,26,28,64,7,78,21,99,80,32,97,84,63,9,22,59,43,72,48,83,2,88,6,51,40,18,76
88,21,85,36,26,47,4,78,73,69,74,67,90,87,59,14,22,17,38,54,30,40,97,45,9,10,55,3,56,58,92,93,98,72,27,62,16,82,7,50,35,39,61,0,99,96,37,33,6,51,77,91,25,71,44,18,52,20,15,28,95,41,76,23,81,57,19,2,65,43,31,29,48,12,34,84,53,46,32,66,60,13,42,63,24,49,79,8,68,89,86,94,70,64,83,75,11,5,80,1
72,56,87,25,13,79,28,19,81,0,92,10,23,44,89,15,12,96,65,26,88,7,46,61,76,55,48,18,42,53,31,82,14,20,43,36,32,63,57,93,95,38,16,80,41,50,51,64,98,86,3,71,52,27,30,1,33,21,49,94,60,77,8,70,69,73,6,66,24,47,59,75,2,37,84,78,54,11,5,91,35,4,99,29,68,74,22,90,17,9,97,62,34,40,85,39,45,67,58,83
95,35,73,14,6,92,44,84,12,82,9,26,71,20,83,53,61,55,17,50,57,54,39,24,90,13,31,76,93,22,59,49,16,18,28,77,68,34,19,70,69,1,96,36,47,30,56,11,52,38,40,89,60,41,62,94,7,67,45,27,86,74,21,80,58,32,25,85,46,33,42,51,81,91,0,72,43,5,65,29,3,75,8,23,87,66,4,99,10,64,79,15,98,88,78,37,97,63,48,2
20,28,2,39,23,58,79,17,37,13,27,41,0,38,3,77,44,69,61,9,5,96,71,12,45,22,30,14,54,95,52,83,80,70,31,67,49,59,73,6,92,24,87,76,43,11,89,10,51,68,19,25,47,7,8,63,72,48,81,35,99,16,33,56,36,90,40,88,60,66,86,53,18,21,93,75,34,74,42,65,4,85,91,94,78,97,98,84,1,26,15,57,55,50,64,62,32,82,46,29
68,35,78,49,96,44,5,73,64,17,18,46,7,81,0,19,99,61,13,39,50,88,16,10,36,79,58,8,33,25,47,95,51,4,84,55,63,54,38,97,80,2,71,45,53,1,87,12,98,14,59,72,83,28,69,24,15,9,29,74,60,90,27,26,76,37,65,31,42,93,75,30,34,77,70,62,91,85,32,21,48,20,43,82,92,6,89,94,52,22,67,40,41,3,56,23,86,66,57,11
54,17,40,11,39,95,85,58,34,15,69,29,66,27,70,77,53,87,76,57,73,72,99,60,14,74,46,36,56,51,21,97,31,28,35,24,61,3,86,1,75,67,18,83,96,8,63,81,32,12,93,6,41,0,84,22,68,10,49,48,64,9,82,37,94,19,88,79,90,44,50,26,45,42,59,55,5,16,38,25,2,92,98,4,43,89,78,62,7,30,23,13,80,91,33,47,20,65,52,71
75,66,1,28,33,18,77,93,42,49,47,88,58,53,7,15,90,41,2,23,10,9,89,0,91,24,64,60,39,25,36,57,51,27,19,61,5,43,65,50,74,80,46,12,84,4,21,79,44,71,32,48,98,73,29,94,52,8,6,38,99,3,16,92,97,35,82,56,70,87,55,31,13,14,76,85,45,81,72,86,95,11,63,54,40,22,68,34,69,17,37,96,20,78,67,59,83,26,30,62
61,55,54,39,25,62,82,9,21,43,26,14,16,19,37,72,18,92,11,88,76,93,51,7,2,38,56,48,97,86,79,33,87,89,3,6,44,64,75,98,40,32,1,30,41,57,20,69,53,96,78,99,52,36,15,84,23,60,27,4,68,85,90,24,42,5,34,63,94,10,67,28,31,81,71,83,66,50,46,22,73,49,8,74,58,91,47,13,45,77,0,70,59,12,29,95,65,35,80,17
94,92,4,77,70,51,38,81,55,60,1,11,25,30,2,5,47,32,19,95,41,83,18,49,56,40,6,45,62,13,84,58,68,10,65,96,80,67,16,31,35,91,17,61,97,74,59,86,21,88,64,87,79,73,8,24,50,63,85,0,54,29,78,12,3,71,46,57,53,98,9,36,23,37,93,15,7,76,90,82,99,52,34,48,66,39,22,33,75,14,72,26,28,43,89,44,27,20,42,69
44,39,68,55,32,18,8,93,9,21,72,29,41,31,66,98,94,47,84,40,38,16,17,95,28,22,76,69,61,60,57,43,24,3,51,90,85,88,14,82,83,63,62,19,92,5,27,33,4,59,37,56,71,12,97,6,15,79,80,23,20,50,99,75,48,7,1,30,73,70,11,52,64,77,58,74,89,87,81,53,26,49,78,86,42,36,0,67,13,91,2,65,25,35,46,45,10,54,96,34
99,93,36,24,64,97,70,49,3,25,52,16,68,51,56,33,71,57,32,41,82,94,74,91,23,14,62,35,21,12,54,76,11,61,55,46,73,92,5,96,10,83,34,0,77,26,45,22,58,20,65,85,67,86,53,44,9,63,84,42,27,75,38,98,80,31,37,90,79,47,48,6,78,2,81,8,4,66,19,43,28,72,30,60,39,95,88,7,69,15,89,17,40,59,50,13,87,1,18,29
96,78,32,11,93,79,67,64,76,5,53,25,50,54,72,24,90,70,8,33,10,83,55,59,48,36,1,80,6,57,65,47,4,69,2,92,94,19,45,63,34,91,20,16,46,86,87,3,41,66,42,40,12,68,58,30,74,31,29,60,7,44,95,21,38,52,39,82,62,0,51,37,73,13,89,84,15,35,43,49,61,99,14,77,23,71,85,97,88,28,27,22,56,18,9,81,75,26,17,98
34,51,78,40,31,37,98,86,71,77,72,52,64,76,45,95,44,49,84,8,0,47,81,26,6,2,18,11,5,82,3,56,73,80,16,7,62,89,1,50,24,58,46,88,66,60,83,90,23,54,9,22,61,28,99,48,10,57,21,67,85,59,33,13,93,29,97,36,38,43,74,55,15,41,19,68,12,14,27,42,63,30,35,91,94,96,4,69,25,92,70,75,87,32,39,79,20,65,53,17
57,44,23,50,75,78,29,0,93,28,82,91,13,95,30,24,96,61,11,21,70,55,85,22,26,8,14,10,92,87,69,36,98,46,15,19,52,60,94,35,76,18,99,66,33,51,42,39,74,3,72,68,81,65,97,37,64,34,90,4,56,71,2,48,49,31,6,27,62,63,67,12,40,9,89,7,38,20,88,54,25,84,77,16,86,58,17,73,83,1,5,45,32,41,43,80,53,47,59,79
85,86,8,48,87,49,35,88,97,84,68,40,22,93,94,91,2,50,54,10,37,41,70,83,0,58,66,96,61,27,46,75,31,52,67,78,60,17,5,30,7,80,18,98,16,99,9,51,24,15,33,34,55,95,44,23,72,29,1,77,64,92,82,57,63,36,14,13,73,69,6,45,20,3,59,56,21,74,26,32,65,53,62,81,28,76,38,11,43,42,12,19,71,90,47,89,4,79,25,39
28,27,91,97,32,10,94,75,96,7,30,54,43,4,59,80,58,98,2,31,48,50,24,77,36,93,13,66,67,88,21,84,47,41,42,40,5,38,16,23,52,81,12,73,99,85,65,60,95,37,44,82,86,46,69,76,71,19,22,56,0,49,14,11,15,18,34,79,26,55,90,25,33,6,72,63,17,61,29,39,45,35,9,53,87,70,68,74,64,3,8,57,1,51,89,20,78,62,92,83
7,62,46,99,58,1,34,17,8,29,85,88,35,97,14,36,68,45,89,52,2,27,21,25,84,43,76,22,71,41,95,80,4,56,50,77,81,26,11,90,15,13,48,61,19,53,70,40,39,91,30,79,92,47,20,3,63,28,5,49,24,74,32,87,37,9,78,75,57,93,83,55,12,10,44,69,73,6,82,65,59,33,86,60,72,66,54,96,18,23,94,98,64,38,31,16,0,67,51,42
0,11,49,8,50,33,61,34,95,4,57,80,60,64,87,15,97,10,67,48,58,86,25,41,9,88,83,31,91,7,90,19,37,93,59,98,12,14,73,74,77,40,75,44,42,3,16,99,79,94,13,47,28,6,96,21,62,82,27,2,30,1,29,38,46,56,53,35,32,26,63,65,17,89,71,45,23,68,72,54,52,92,39,36,5,70,78,20,69,18,24,84,85,66,22,55,81,51,76,43
65,82,50,77,28,30,34,86,47,26,46,67,16,80,8,71,63,14,41,91,9,22,13,1,25,68,58,57,23,43,19,93,66,6,73,38,95,92,54,21,0,74,83,90,35,44,4,84,81,17,40,29,70,32,98,51,94,27,33,37,62,64,87,45,24,89,10,18,52,55,56,49,11,2,61,79,5,78,96,60,42,39,53,76,72,31,15,99,3,97,7,20,48,85,88,36,12,69,75,59
94,55,95,49,56,14,58,36,62,35,61,38,1,16,57,7,66,74,97,43,72,67,12,41,17,90,83,70,52,48,84,42,54,63,27,89,76,86,25,81,28,18,44,19,22,2,39,73,93,53,69,40,47,10,26,24,30,0,8,59,13,92,6,33,98,75,37,88,51,29,45,21,23,79,5,78,87,82,34,85,46,3,65,4,11,9,32,15,71,77,31,50,96,20,91,60,99,68,80,64
74,44,40,97,2,30,43,45,91,55,87,71,83,69,32,60,99,25,22,62,66,38,46,15,35,51,23,33,56,14,67,59,94,3,29,49,88,7,92,90,78,98,93,5,39,68,96,26,42,27,37,81,24,84,48,47,21,79,12,58,9,75,57,63,34,17,95,54,80,36,31,28,85,70,89,73,76,18,6,8,77,86,4,1,10,16,20,53,11,64,13,52,41,65,50,19,82,72,0,61
35,18,38,88,41,40,54,16,96,7,63,90,0,86,94,55,68,45,83,74,1,47,65,67,10,3,48,28,59,78,36,42,44,31,17,30,4,57,29,25,82,37,95,39,33,75,92,27,53,89,73,97,81,43,9,52,62,51,14,70,66,98,50,6,79,20,12,56,99,19,77,85,76,8,80,91,5,84,64,13,2,22,93,60,34,11,69,71,61,23,26,72,24,58,32,49,87,21,15,46
77,53,30,87,62,26,31,98,59,34,33,73,8,48,17,88,85,36,0,19,72,96,2,49,97,51,27,93,21,86,25,55,67,15,45,60,95,71,40,3,56,78,64,12,18,16,44,7,74,50,13,10,9,23,94,20,24,14,38,54,11,22,5,82,91,99,70,89,92,65,57,58,28,52,4,75,83,81,42,68,90,76,6,46,32,63,43,79,66,84,80,37,61,35,41,69,39,1,29,47
64,84,91,42,19,37,20,4,97,71,38,76,75,99,9,61,27,90,17,7,86,85,8,94,1,66,0,31,60,59,24,95,52,72,96,55,78,43,32,5,54,3,74,45,13,23,46,47,77,18,41,80,62,93,51,21,26,6,50,39,89,88,48,49,10,12,44,58,67,29,25,14,15,11,68,53,40,70,36,92,2,57,69,87,83,65,79,56,35,82,22,28,34,73,16,30,63,33,98,81
17,34,65,26,89,4,64,70,74,31,0,38,1,60,25,12,73,97,72,37,2,68,91,69,15,63,99,39,40,3,80,66,27,75,14,30,41,83,13,11,98,56,6,51,78,58,81,5,61,52,36,59,47,76,10,49,19,90,21,28,53,33,94,43,92,29,87,22,7,24,32,77,85,50,20,88,79,16,18,95,84,35,23,62,55,9,54,46,48,93,8,71,96,57,45,86,44,67,82,42
52,22,71,86,17,19,59,45,9,37,49,25,91,34,4,14,97,87,74,94,11,92,76,54,31,99,85,21,82,64,33,89,39,42,95,70,28,78,32,55,63,26,35,79,75,29,69,77,3,8,13,83,40,58,48,27,72,73,57,44,66,46,81,88,36,68,98,62,51,93,5,16,65,53,6,90,2,15,61,0,23,67,12,18,60,50,38,7,20,56,47,41,10,1,84,96,24,80,43,30
13,96,76,56,24,82,32,57,1,7,77,62,73,48,75,33,17,64,79,89,34,93,94,11,30,71,27,68,58,37,55,41,98,5,83,53,87,86,40,69,44,85,31,97,45,18,16,66,99,38,35,49,22,92,95,50,39,60,42,80,54,36,52,8,70,67,88,63,65,4,81,43,2,90,47,59,29,0,23,19,61,78,46,51,72,28,74,6,84,25,12,21,26,14,3,9,10,91,15,20
39,57,72,43,47,24,30,4,69,85,63,75,34,62,99,97,11,42,31,65,90,17,29,70,83,54,94,21,3,10,61,5,88,89,73,33,86,92,76,16,26,40,27,50,93,66,91,38,9,13,19,45,6,32,68,96,25,74,64,28,56,8,80,60,0,84,49,20,52,48,23,77,41,1,55,87,2,78,71,58,18,81,22,44,37,14,36,12,15,67,35,7,95,82,59,79,46,53,51,98
14,39,86,80,21,13,41,71,93,44,0,68,32,2,34,45,73,9,63,5,8,82,30,87,31,65,42,20,79,53,29,85,36,76,81,28,84,6,35,61,70,96,19,1,98,17,37,89,56,95,3,11,26,24,4,99,64,57,48,55,92,74,60,7,62,52,23,10,51,77,27,16,50,49,72,46,22,58,43,33,67,69,15,75,91,97,90,40,88,54,94,78,83,38,25,59,18,66,12,47
32,6,2,47,42,38,44,69,28,55,24,91,26,0,85,87,39,16,21,83,79,58,19,8,75,81,66,98,29,10,62,4,13,27,5,33,12,92,76,86,90,95,93,68,65,70,20,78,99,45,60,25,49,34,53,64,82,17,77,54,9,88,61,36,51,56,15,43,97,71,40,72,11,73,67,22,18,41,3,1,14,46,74,57,37,30,50,89,31,52,59,23,7,84,35,94,48,63,80,96
23,53,33,39,55,90,26,65,54,89,64,31,71,84,96,91,82,43,59,67,62,85,48,98,20,42,79,47,99,78,1,3,51,45,88,14,8,69,40,44,56,46,83,63,57,21,11,61,38,70,41,32,17,77,30,68,7,66,92,81,2,0,5,97,29,28,6,94,80,50,87,13,37,22,24,36,52,19,76,58,72,49,10,73,95,15,4,60,27,93,86,35,18,34,75,25,12,74,16,9
78,92,39,8,74,26,24,50,20,35,5,64,80,56,66,54,1,88,22,31,82,75,0,96,61,84,60,93,10,28,23,34,46,27,45,85,73,6,65,29,90,67,48,37,58,79,52,98,71,72,59,53,38,7,13,11,99,97,91,51,87,42,49,41,30,69,12,4,94,62,63,43,3,81,44,19,55,40,2,33,95,25,86,83,18,14,17,36,21,89,9,77,68,57,76,32,15,16,70,47
35,36,33,48,49,69,5,62,21,42,23,24,45,59,4,31,80,90,78,9,38,30,94,79,32,96,10,47,18,65,85,71,15,53,66,26,92,64,40,87,70,52,93,77,13,95,97,29,99,51,81,68,54,83,2,55,22,88,8,34,75,73,11,67,50,82,0,61,14,20,27,89,43,7,46,39,60,25,3,57,63,12,58,56,16,91,84,28,6,86,72,17,1,41,98,37,44,76,19,74
1,23,94,79,57,92,72,51,71,53,70,61,97,9,19,84,98,36,81,26,25,90,77,35,2,27,83,78,59,48,21,31,52,34,82,44,43,58,95,41,17,37,76,12,38,73,8,63,96,49,7,33,30,93,0,46,66,55,80,65,18,32,45,74,4,88,3,20,85,39,60,68,64,69,75,62,40,22,11,24,15,13,28,99,56,14,29,54,16,67,47,89,10,6,42,5,86,91,87,50
