0,1,2,3,4,5,6,7,8,9,10,11,12,13,14,15,16,17,18,19,20,21,22,23,24,25,26,27,28,29,30,31,32,33,34,35,36,37,38,39,40,41,42,43,44,45,46,47,48,49,50,51,52,53,54,55,56,57,58,59,60,61,62,63,64,65,66,67,68,69,70,71,72,73,74,75,76,77,78,79,80,81,82,83,84,85,86,87,88,89,90,91,92,93,94,95,96,97,98,99,100,101,102,103,104,105,106,107,108,109,110,111,112,113,114,115,116,117,118,119,120,121,122,123,124,125,126,127,128,129,130,131,132,133,134,135,136,137,138,139,140,141,142,143,144,145,146,147,148,149
61,16,2,3,4,5,102,69,8,9,10,11,31,13,14,95,116,17,18,72,20,21,22,23,24,25,26,27,103,29,30,64,32,33,34,35,36,90,38,131,40,41,42,80,44,45,46,47,87,49,53,51,52,135,54,55,56,57,58,59,60,110,62,63,48,65,66,67,68,128,70,71,50,73,117,12,76,77,138,79,78,81,82,83,84,85,86,43,88,89,15,91,92,93,94,113,96,97,98,75,100,101,19,7,104,105,106,107,108,109,28,111,112,6,114,115,0,37,118,119,120,121,122,123,124,125,126,127,39,129,130,99,132,133,134,74,136,137,1,139,140,141,142,143,144,145,146,147,148,149
61,16,2,3,4,5,102,75,8,137,96,11,31,13,14,95,105,17,18,72,27,50,130,9,24,25,26,64,103,147,69,53,32,33,34,129,99,90,38,131,97,41,42,80,44,45,46,47,87,49,0,51,52,135,54,55,56,57,58,59,60,110,62,63,48,65,66,67,68,128,70,71,36,35,117,12,91,77,138,22,78,81,82,83,84,85,86,21,88,89,15,73,92,93,94,132,126,29,98,133,100,101,19,7,104,125,106,107,108,109,28,111,112,6,114,115,10,116,118,119,120,121,122,123,124,23,30,127,39,76,43,40,79,20,134,74,136,113,1,139,140,141,142,143,144,145,146,37,148,149
105,124,2,136,4,5,114,75,8,137,96,11,31,111,14,95,74,17,18,72,27,50,130,9,24,82,26,16,21,147,69,53,66,33,34,129,99,64,38,131,97,41,42,133,44,45,46,47,87,49,43,51,52,135,54,32,56,57,58,59,60,110,143,63,48,65,6,67,138,128,70,71,36,35,117,12,91,86,25,22,78,81,140,83,84,85,55,13,88,89,113,73,92,93,94,132,126,29,98,80,100,0,19,7,104,125,106,107,148,109,28,108,112,102,90,115,10,116,118,119,120,121,122,123,1,23,30,127,39,76,15,40,79,20,134,103,62,61,77,139,101,141,142,68,144,145,146,37,3,149
105,61,2,136,4,5,114,75,8,137,96,11,31,111,14,95,74,17,18,72,134,27,138,9,24,82,124,16,21,13,69,53,66,33,34,129,99,64,38,131,97,80,132,94,143,42,46,47,87,49,43,51,126,135,54,32,56,57,35,59,39,52,41,63,48,65,6,130,147,128,70,44,36,115,117,12,91,86,25,22,78,81,140,133,84,85,123,110,88,89,113,73,92,77,1,67,71,29,98,93,100,0,19,7,104,125,106,45,148,109,28,108,112,102,90,149,10,116,118,119,120,121,122,58,107,23,30,127,26,76,15,40,79,20,142,103,62,60,50,139,101,141,55,68,144,145,146,37,3,83
105,50,2,136,4,5,114,75,26,137,96,45,90,121,14,95,111,63,18,74,134,8,138,9,24,82,124,16,21,13,27,53,66,83,92,129,99,112,38,131,97,80,132,94,143,42,46,47,87,49,43,51,126,64,54,32,56,57,88,59,39,52,41,103,48,65,6,33,147,128,70,25,36,69,117,12,91,86,34,22,78,81,140,133,84,85,123,11,35,89,113,73,31,77,1,67,71,29,98,93,3,0,19,7,104,125,106,149,148,109,28,108,30,102,107,17,10,116,118,119,120,142,122,58,130,23,100,127,44,76,15,40,79,20,115,37,62,60,72,139,101,141,55,68,144,145,146,135,61,110
105,50,2,136,4,5,114,132,26,137,96,45,90,121,126,98,111,63,18,74,134,140,138,83,24,82,124,16,49,13,28,53,66,55,92,39,99,21,38,19,97,80,131,94,20,42,148,47,87,112,43,51,76,64,54,32,56,57,88,59,117,52,9,17,48,65,6,33,8,128,70,25,36,69,89,12,91,86,34,22,23,81,145,133,84,85,123,11,35,78,113,73,31,77,1,67,71,29,107,93,3,0,41,7,104,125,106,149,27,95,129,108,30,109,14,75,10,116,118,119,120,142,122,58,130,103,100,127,44,102,15,40,79,46,143,37,62,60,72,139,101,141,115,68,144,147,146,135,61,110
105,23,2,136,4,5,114,68,102,137,96,27,90,121,116,98,111,63,18,74,134,140,138,83,144,82,124,97,49,13,28,53,44,26,92,39,99,21,42,19,125,80,131,94,57,24,34,47,87,112,43,51,7,64,54,15,56,113,88,132,117,52,76,17,48,65,6,33,8,128,70,59,36,69,38,12,25,86,16,89,130,81,145,133,84,85,123,11,35,66,126,73,31,77,1,67,71,29,107,93,3,0,41,120,104,148,106,149,22,95,129,108,30,109,14,75,10,55,118,119,20,142,122,58,32,103,100,127,78,45,9,40,79,46,143,37,62,60,72,139,101,141,115,50,91,147,146,135,61,110
105,1,2,136,4,74,114,68,7,137,96,27,90,121,116,98,111,9,85,128,94,140,138,83,144,82,124,97,49,84,28,53,125,26,92,86,11,21,42,19,23,77,131,132,57,24,34,47,87,112,43,51,89,64,54,16,56,113,88,13,117,52,76,103,95,65,6,33,8,18,70,59,36,78,38,12,25,44,30,99,130,81,148,133,115,145,123,48,35,66,126,73,31,60,80,67,71,29,107,93,3,0,41,120,104,63,106,149,22,5,129,108,102,109,14,75,10,55,118,119,20,142,122,58,32,69,100,127,15,45,17,40,79,46,143,37,62,134,72,139,101,141,39,50,91,147,146,135,61,110
105,1,2,69,81,74,114,68,7,137,102,27,90,4,116,98,92,9,85,96,94,140,138,95,142,111,124,97,49,84,70,53,125,26,144,86,11,121,109,19,23,15,131,77,57,24,34,47,87,112,43,51,89,64,54,16,56,113,88,13,117,52,76,103,83,65,6,33,8,29,48,59,79,78,38,12,21,44,30,99,91,132,148,133,42,145,123,115,35,66,126,73,55,60,80,28,71,5,107,93,3,0,41,120,104,63,106,149,22,136,129,108,25,143,14,75,10,58,118,119,20,130,122,67,32,31,100,127,128,45,17,40,18,46,82,37,62,134,72,139,101,141,39,50,36,147,146,135,61,110
105,1,61,69,126,74,114,68,7,72,102,22,90,81,116,98,92,9,110,96,85,147,138,95,142,111,27,86,30,84,94,53,125,26,144,56,11,121,109,19,23,15,131,77,57,24,34,47,87,112,43,51,89,64,54,16,97,113,88,13,117,52,76,103,83,65,6,33,8,108,48,59,79,78,38,12,21,66,4,99,91,132,148,70,42,49,134,115,35,133,28,2,55,60,80,123,71,5,107,93,3,0,41,120,130,63,106,149,145,136,129,119,25,143,14,75,10,58,118,104,20,124,122,67,32,31,45,127,73,29,17,40,18,46,82,37,62,135,128,139,101,141,39,50,36,100,146,44,137,140
105,126,61,69,10,141,26,29,7,72,102,80,90,81,116,145,92,9,110,96,85,147,138,95,31,111,27,86,30,84,94,53,125,24,144,56,11,121,109,19,41,15,131,77,57,14,34,47,87,112,43,51,89,64,54,16,97,113,88,13,78,52,76,103,83,65,6,134,17,108,48,59,114,74,129,12,22,21,4,99,91,132,148,70,42,49,38,115,35,133,28,2,55,60,139,123,71,5,107,93,3,0,23,120,130,63,106,149,36,136,1,119,25,143,68,127,98,58,118,104,20,124,122,67,32,66,45,75,8,79,33,40,18,46,82,135,62,73,142,37,101,117,39,50,128,100,146,44,137,140
105,144,9,142,10,141,26,29,7,72,102,80,90,81,116,145,92,16,110,96,85,147,138,95,31,111,27,86,30,84,4,98,125,24,115,56,11,121,109,66,41,15,131,77,57,14,34,47,43,69,12,51,89,64,124,71,97,113,103,13,78,52,76,126,83,65,6,134,17,108,42,59,114,74,129,128,22,63,25,99,91,132,148,21,19,44,70,54,35,133,28,2,55,60,139,123,94,5,107,93,3,0,87,120,130,88,106,149,36,38,1,119,136,143,68,127,49,33,118,104,20,40,122,67,32,61,45,75,8,79,23,53,18,46,82,135,62,73,58,37,101,117,39,50,112,100,146,48,137,140
105,144,114,47,10,141,26,29,7,72,112,80,90,81,126,145,92,16,110,96,48,67,138,95,31,111,27,86,30,84,4,98,125,24,101,116,11,121,109,66,41,15,83,77,57,14,61,135,43,69,12,51,115,64,68,71,97,113,85,13,78,34,76,2,60,128,6,134,17,108,42,59,129,74,102,103,124,63,25,99,44,132,148,21,19,58,70,54,35,133,28,122,55,52,139,123,94,5,107,93,3,9,87,120,65,88,106,149,36,38,1,119,136,143,142,130,49,33,118,104,20,40,22,89,32,127,45,75,8,79,23,53,18,46,82,131,62,73,91,37,147,117,39,50,56,100,146,0,137,140
105,144,44,47,10,141,26,18,7,52,112,80,90,81,126,145,92,16,110,96,48,67,138,95,31,111,27,86,30,84,4,98,125,24,101,116,11,121,109,66,136,15,83,77,57,14,61,135,43,69,78,120,6,64,12,119,140,113,85,41,17,34,76,2,60,128,115,134,9,108,42,59,129,93,102,103,13,63,25,35,21,68,99,148,19,58,70,124,37,133,28,122,55,71,139,123,94,5,107,132,3,114,87,97,65,88,106,149,36,38,1,46,51,143,142,74,49,33,118,104,20,40,22,89,54,127,45,75,8,79,23,53,72,130,82,131,62,29,91,100,147,117,73,50,56,39,146,0,137,32
105,144,44,118,10,77,26,18,138,52,112,37,90,81,54,145,92,27,110,96,48,122,78,107,31,111,16,86,30,84,4,98,125,24,101,116,11,121,109,66,136,15,83,137,141,49,61,135,43,69,14,120,126,64,119,113,140,59,85,41,17,34,76,2,60,128,115,134,9,130,42,58,129,93,102,103,13,63,25,35,3,12,99,148,19,89,70,124,57,133,28,21,55,71,139,95,94,123,6,132,7,114,87,97,65,88,106,149,36,38,1,46,51,143,142,74,5,33,0,104,20,40,22,32,45,127,68,75,8,79,23,53,72,67,82,131,62,29,91,100,147,117,73,50,56,39,146,80,47,108
105,138,44,118,130,77,26,18,35,52,112,37,90,81,141,145,92,27,110,96,48,122,78,107,31,111,16,86,30,84,65,64,125,24,54,116,11,39,109,121,136,56,83,137,4,49,25,135,6,69,14,120,126,129,119,113,140,144,85,41,17,34,76,2,60,43,115,134,9,23,61,58,66,93,102,103,101,63,50,51,3,12,99,148,139,89,70,124,57,133,28,10,55,71,59,95,94,123,127,132,7,114,87,97,131,88,106,149,36,38,21,46,1,143,142,74,5,33,0,104,128,40,22,32,45,15,68,75,8,98,53,42,72,67,82,79,62,29,91,100,147,117,73,13,20,19,146,80,47,108
105,138,128,118,130,77,26,18,35,52,112,37,90,81,141,145,111,27,110,96,67,146,63,107,31,1,16,94,30,84,65,64,125,24,54,116,11,8,109,121,136,56,39,137,4,126,25,135,6,134,14,120,86,129,119,113,140,144,73,41,17,34,76,9,60,43,48,15,83,93,61,58,66,47,102,103,101,91,50,51,3,12,99,148,139,89,70,124,57,133,23,10,55,71,59,95,74,123,127,132,7,114,87,97,131,147,106,149,36,38,21,46,33,143,142,69,78,92,49,104,115,40,44,32,45,2,68,75,28,98,53,42,72,122,82,79,62,29,5,100,22,117,85,13,20,19,88,80,0,108
37,138,94,118,130,116,26,133,84,52,112,95,90,81,141,145,111,27,110,96,117,2,63,107,31,1,16,18,76,35,65,64,125,24,54,7,11,8,109,19,136,56,39,137,105,121,25,57,6,134,14,140,86,129,119,113,68,144,73,41,17,34,146,9,60,43,48,128,83,93,61,58,0,30,15,103,101,91,50,51,3,12,42,148,139,89,70,124,4,55,23,99,47,71,59,10,74,123,127,132,79,114,87,97,131,147,106,149,36,38,21,46,33,143,142,69,78,92,49,104,115,40,44,32,45,120,77,75,28,98,53,122,72,67,82,126,62,29,5,100,22,135,85,13,20,66,88,80,102,108
37,138,94,118,130,116,26,133,84,52,112,95,90,83,141,145,111,27,110,96,117,2,63,107,31,62,16,60,82,35,65,64,125,91,54,7,11,8,18,19,136,56,39,137,57,4,81,126,6,134,92,140,86,129,119,113,24,144,73,41,17,34,146,9,101,43,48,128,12,93,61,58,99,30,76,103,109,97,50,51,3,121,42,148,139,89,70,124,29,55,23,1,38,149,59,10,74,0,127,132,79,114,87,71,69,147,106,47,36,72,21,46,33,68,142,75,78,135,49,104,115,40,44,32,45,120,77,14,28,98,53,122,15,67,123,105,131,143,5,100,22,25,85,13,20,66,88,80,102,108
37,138,117,118,137,116,26,133,84,52,112,95,90,55,100,145,105,27,110,96,43,2,141,107,31,9,16,60,82,35,65,94,125,63,61,7,11,8,18,19,136,129,39,70,68,4,81,126,6,134,92,83,86,22,119,113,24,144,73,41,122,34,146,29,101,50,48,64,12,93,33,58,99,30,76,103,109,97,62,51,3,121,42,148,66,89,128,124,111,79,23,1,38,149,59,10,74,0,127,132,139,114,87,71,69,147,106,47,36,72,21,46,40,104,142,75,78,135,49,130,115,108,44,32,45,120,77,14,28,98,53,67,15,17,123,54,131,143,5,140,56,25,85,13,20,57,88,80,102,91
37,138,10,67,137,115,26,63,84,52,112,95,90,55,100,145,105,27,2,96,87,93,141,118,31,9,16,60,108,46,65,94,125,68,61,7,11,8,18,19,136,129,39,70,72,4,81,110,6,134,92,83,86,22,119,113,24,144,73,41,82,34,146,76,101,50,48,147,12,98,97,58,99,30,43,103,109,66,62,51,3,121,42,127,28,89,128,124,111,79,23,1,38,149,35,64,74,0,29,132,139,21,116,71,69,114,106,47,36,33,117,126,40,104,148,75,78,135,49,130,123,107,44,32,45,120,77,14,133,142,53,122,15,17,59,54,131,143,5,140,56,25,85,13,20,57,88,80,102,91
89,138,10,15,137,115,26,63,84,52,37,95,90,55,19,145,105,27,2,96,87,72,141,16,31,9,107,60,108,46,54,94,125,144,61,7,11,67,18,58,136,129,39,8,66,4,81,110,6,134,92,83,86,22,119,113,24,14,73,41,82,34,146,76,101,42,48,118,12,98,97,70,68,30,112,103,109,65,62,51,3,59,50,127,28,100,128,124,111,79,23,1,38,149,35,64,135,0,29,132,139,21,116,71,69,121,106,47,36,33,77,126,40,104,148,75,74,93,49,130,123,114,99,32,45,120,20,117,133,142,53,122,43,44,17,57,131,143,5,140,56,25,85,13,78,147,88,80,102,91
141,145,10,15,88,115,35,63,84,52,37,95,138,55,19,0,105,27,45,96,87,72,68,140,90,9,26,60,108,46,54,94,125,144,61,7,11,67,18,128,136,129,38,8,66,4,81,110,6,134,23,83,86,22,89,113,24,135,73,41,82,34,146,76,101,42,74,58,12,98,97,70,126,30,112,103,109,65,62,51,29,59,50,127,28,100,107,124,111,79,32,1,119,149,2,64,92,106,39,132,139,21,116,71,69,121,5,47,36,33,77,14,40,104,148,75,143,93,49,130,123,114,99,13,102,120,20,117,133,142,53,122,43,44,17,57,131,16,3,48,56,25,85,137,78,147,118,80,31,91
141,145,10,60,88,120,35,63,84,52,39,95,138,55,19,0,105,27,73,96,77,15,68,72,90,9,26,110,108,46,54,94,125,144,61,7,11,67,18,91,136,129,37,8,66,4,81,102,14,134,23,83,130,85,89,113,24,135,12,115,82,53,146,76,101,42,3,58,86,98,97,45,126,34,112,128,109,65,62,51,92,59,50,127,28,100,107,124,111,79,32,1,119,149,70,64,74,106,38,132,30,21,116,71,69,29,5,47,36,33,87,22,40,104,148,75,143,41,49,140,123,114,99,13,139,121,20,117,133,142,2,122,43,44,17,57,131,16,93,48,56,25,103,137,78,147,118,80,31,6
141,4,10,60,3,120,13,53,84,52,39,17,75,88,121,43,105,77,73,96,30,15,68,72,90,9,26,110,108,46,54,94,124,144,61,7,55,67,18,91,136,129,37,8,66,11,81,102,14,134,23,83,130,85,89,113,24,135,12,115,82,138,146,35,101,42,19,58,86,98,97,45,126,34,112,128,109,65,62,51,92,59,50,127,114,100,107,44,111,79,32,1,119,149,106,64,74,116,38,132,131,70,57,71,145,29,5,47,36,33,87,22,40,104,76,69,27,41,49,63,123,21,125,143,139,99,20,117,133,142,2,122,95,148,28,0,140,16,93,48,56,25,103,137,78,147,118,80,31,6
141,4,10,80,3,120,13,53,84,143,39,128,134,88,121,43,105,77,73,96,28,64,110,72,90,9,26,23,108,46,54,94,124,144,61,7,55,22,18,91,136,129,37,8,106,11,81,102,14,17,111,83,130,68,89,15,24,135,12,115,148,138,146,35,101,42,19,44,86,98,97,45,126,34,40,0,109,65,62,51,92,67,50,127,114,100,107,30,112,79,32,75,119,118,66,2,74,116,38,132,131,70,113,71,145,29,5,47,36,33,87,58,49,104,76,69,27,41,1,63,31,21,125,57,139,99,20,117,133,142,149,122,95,59,52,60,140,16,93,48,56,25,103,137,78,147,82,123,85,6
141,4,10,80,3,98,13,53,84,143,39,128,134,30,18,43,48,65,73,96,28,64,110,72,90,9,51,54,108,46,25,94,77,144,61,7,122,22,121,91,136,129,37,8,106,149,81,102,14,17,111,83,130,68,120,15,24,135,12,115,148,138,146,35,101,42,19,44,86,34,97,45,126,105,142,0,109,93,62,60,92,133,50,127,23,100,107,114,88,55,137,75,119,118,79,2,74,116,38,132,131,70,113,71,145,29,5,89,36,33,87,58,49,104,76,69,27,40,1,63,31,21,125,57,139,99,20,117,112,52,66,26,95,59,6,41,140,16,11,32,56,47,103,67,78,147,82,123,85,124
36,4,10,80,3,143,13,53,84,109,39,128,134,30,18,94,0,65,73,96,28,64,110,72,90,46,33,54,17,67,25,59,107,144,61,7,122,22,118,91,136,129,37,8,106,149,81,75,14,69,111,83,130,68,120,15,24,135,12,115,148,138,21,35,101,42,77,44,86,34,97,45,126,105,142,19,145,93,62,60,92,133,50,127,23,100,49,114,108,55,137,5,146,2,79,88,74,116,38,29,131,70,113,71,119,82,98,89,9,132,87,58,102,104,76,78,27,40,1,63,31,43,125,57,139,99,20,117,112,141,66,26,95,48,6,41,140,16,11,32,56,47,103,52,121,147,51,123,85,124
8,4,10,80,3,143,13,53,84,55,39,128,134,30,25,94,0,65,73,96,28,64,110,75,90,46,129,54,32,67,146,59,107,144,61,7,122,22,118,36,136,114,11,69,106,149,81,58,14,60,111,29,130,68,120,15,24,135,12,115,148,138,21,35,101,132,77,44,86,37,97,45,126,109,142,19,145,93,62,1,92,133,50,127,23,100,49,56,108,18,137,5,34,2,121,119,74,116,38,131,42,70,113,71,72,82,98,89,9,33,87,140,102,104,76,78,27,40,123,17,31,43,125,57,139,99,20,117,112,141,66,26,95,91,6,41,63,16,124,48,88,47,103,52,79,147,51,83,85,105
8,4,2,80,3,143,13,53,84,135,0,128,134,30,25,94,93,65,73,16,28,64,85,44,90,46,10,54,32,67,146,59,114,144,61,40,122,22,118,124,136,125,11,69,106,142,81,58,14,12,111,29,130,68,120,15,24,18,39,115,148,138,21,35,101,132,77,27,109,37,97,99,126,86,75,19,139,60,62,1,92,133,50,127,36,100,49,7,108,55,137,5,34,45,121,56,74,116,38,131,42,70,113,71,72,82,98,89,9,33,87,140,102,104,149,110,23,78,123,17,31,43,119,57,107,96,20,117,112,141,66,26,95,91,6,41,63,76,145,48,88,47,103,52,79,147,51,83,129,105
8,4,2,80,3,143,24,53,84,135,0,41,134,114,25,94,93,65,73,16,28,64,85,44,90,89,10,54,32,67,92,49,132,144,61,40,123,129,34,124,136,23,11,69,106,142,46,58,14,36,111,29,130,68,120,15,118,18,39,115,148,138,13,35,101,9,77,103,109,37,97,99,126,96,75,19,139,60,62,1,81,133,50,127,59,100,86,7,108,55,145,5,98,45,121,56,74,116,21,131,42,70,113,71,72,82,27,122,137,33,87,140,102,104,149,110,30,78,105,17,31,43,125,57,22,146,20,117,112,141,66,26,95,91,6,128,63,76,38,48,88,47,147,52,79,12,51,83,107,119
7,4,2,80,23,143,24,53,84,9,0,41,134,114,25,94,93,65,118,16,127,77,85,44,90,89,10,54,32,63,56,49,132,144,61,40,122,129,34,64,136,58,11,69,106,142,102,37,14,8,92,29,130,68,120,15,105,18,39,115,148,46,3,35,36,55,33,103,109,135,97,99,126,73,75,19,139,60,123,111,81,133,50,62,59,96,86,67,108,1,145,5,98,45,121,138,74,116,21,131,42,70,113,71,72,82,27,13,137,28,87,140,100,104,149,110,30,124,78,17,31,43,125,57,22,146,20,117,112,141,66,26,95,91,6,128,52,76,38,48,88,47,147,119,79,12,51,83,107,101
7,4,105,29,80,143,24,53,84,9,0,115,134,118,25,104,93,65,8,16,127,77,85,44,73,89,10,54,23,63,56,49,132,144,61,119,117,129,34,64,113,58,11,69,106,142,102,37,14,52,92,114,130,68,95,122,32,18,39,125,148,94,3,35,36,55,33,103,109,135,97,99,83,100,75,19,139,60,123,111,81,133,50,62,59,22,86,46,108,1,145,5,98,45,121,138,74,116,21,131,42,90,41,71,72,82,27,15,137,28,87,140,126,146,149,110,30,124,78,17,31,43,96,57,70,13,20,141,112,67,136,26,2,91,6,128,66,76,38,48,88,47,147,120,79,12,51,40,107,101
7,37,105,29,88,143,24,53,84,41,0,115,8,16,13,104,78,65,21,144,127,77,85,44,73,98,10,54,23,63,56,49,50,89,61,119,12,129,34,32,113,58,11,9,106,142,102,17,14,52,92,114,130,4,120,122,134,18,39,125,148,94,3,35,36,55,33,103,109,135,97,99,83,100,75,30,139,68,123,111,81,133,25,62,59,22,86,46,117,1,145,5,132,45,80,138,74,116,118,19,42,90,64,71,72,82,27,15,137,28,87,140,126,60,149,124,93,146,69,131,31,43,96,57,70,110,20,141,112,67,136,26,2,91,6,128,66,76,38,48,95,47,147,108,79,121,51,40,107,101
7,37,95,29,88,136,24,53,84,41,0,115,8,16,13,104,78,65,21,144,127,77,85,44,73,93,10,54,23,139,56,49,108,89,61,119,35,129,50,32,113,58,11,116,106,142,102,60,14,52,92,114,130,122,12,17,134,18,39,125,148,94,3,67,36,55,33,63,109,135,97,31,83,100,143,42,26,68,123,111,103,133,69,62,59,22,86,46,117,1,145,5,132,105,80,138,74,124,118,19,6,90,64,71,72,82,27,15,137,28,48,140,126,30,149,147,45,146,34,131,120,43,96,75,70,110,20,141,112,81,87,57,2,91,98,128,66,76,38,99,25,47,4,9,79,121,51,40,107,101
125,37,52,29,88,136,24,53,84,41,0,115,8,33,13,17,78,65,21,144,25,77,85,44,103,93,26,100,23,75,19,96,108,89,61,119,35,129,50,32,113,95,11,116,106,142,102,60,14,16,92,114,130,122,12,27,134,18,39,104,148,94,56,49,36,135,34,63,109,118,97,31,83,3,143,42,43,68,123,111,74,133,69,62,59,22,86,46,117,1,145,5,132,105,80,138,7,124,127,10,6,90,64,71,72,82,101,15,73,128,48,140,139,30,149,147,45,146,67,131,120,54,55,58,70,110,20,141,112,81,87,57,2,91,98,28,66,76,38,137,126,47,4,9,79,121,51,40,107,99
27,37,52,29,88,136,24,53,84,41,0,115,8,33,74,17,78,65,13,144,25,147,81,44,103,93,26,100,23,21,94,85,108,89,61,46,35,129,146,32,113,66,11,116,106,142,102,60,14,16,92,114,130,122,12,121,9,18,28,104,148,128,56,49,36,51,125,63,109,118,97,31,83,3,143,42,43,68,123,111,50,133,69,95,59,22,112,98,117,1,145,5,96,105,80,138,7,62,127,10,6,90,64,71,72,82,101,132,73,75,48,140,139,30,149,110,124,15,67,131,120,54,55,58,70,19,20,141,45,119,87,57,2,91,34,77,86,76,38,137,126,47,4,135,79,40,134,39,107,99
27,2,52,29,88,116,24,53,84,41,149,115,8,33,19,76,78,65,13,144,25,147,50,44,103,146,26,100,23,21,83,18,108,89,48,46,35,57,37,9,113,136,11,32,106,142,85,60,14,16,92,114,130,122,12,121,17,93,28,104,148,128,56,49,74,51,125,63,109,118,10,143,90,3,129,42,43,68,123,111,81,133,69,95,59,22,112,98,117,1,145,5,96,105,80,66,7,62,127,132,6,102,64,71,72,61,101,0,73,75,138,140,139,30,82,110,124,15,67,97,120,54,55,58,70,94,20,141,45,119,87,31,135,91,34,77,86,40,38,137,126,47,4,131,79,36,134,39,107,99
27,2,52,29,12,116,18,53,101,41,149,115,8,33,19,76,111,65,13,144,25,147,50,44,103,146,26,100,14,21,83,138,20,6,48,46,35,57,37,119,113,117,11,32,106,142,85,60,30,16,92,137,130,122,55,121,136,93,28,104,148,128,56,49,74,23,125,63,109,118,10,143,90,3,129,42,120,68,45,15,81,133,69,95,59,22,112,98,75,1,145,5,96,105,80,66,7,62,127,132,64,102,84,71,72,61,87,0,73,24,123,140,139,36,82,110,114,88,9,97,94,54,89,58,70,67,124,141,17,78,47,31,135,91,34,77,86,40,38,108,126,51,4,131,79,43,134,39,107,99
98,2,52,29,12,116,18,56,101,58,149,115,8,33,132,76,111,65,13,144,25,147,50,44,103,146,137,100,14,21,83,138,20,6,48,46,35,91,37,119,113,118,88,32,106,142,85,60,30,16,5,117,130,122,99,121,136,93,28,104,148,128,139,49,3,23,125,140,109,41,10,143,90,19,129,42,120,68,45,15,81,133,69,105,59,22,112,53,75,1,63,24,96,57,80,66,7,62,127,87,64,102,84,92,72,61,71,0,73,74,11,38,47,36,82,110,114,79,9,97,94,54,89,4,70,67,124,26,17,78,145,31,135,95,34,77,86,40,27,108,123,51,141,131,126,43,134,39,107,55
98,2,52,29,12,116,18,56,101,84,149,115,8,33,132,76,21,65,13,121,25,144,50,44,111,146,137,17,14,75,83,138,20,6,85,46,35,91,37,27,113,118,71,24,106,142,49,60,30,16,5,103,130,119,99,67,136,93,28,104,79,128,139,0,3,23,125,140,109,41,10,143,90,19,129,42,100,68,45,15,81,133,69,105,59,22,112,117,122,1,63,96,55,48,80,66,7,62,127,70,64,102,86,92,72,88,120,148,73,74,11,53,47,36,82,110,114,89,9,97,94,54,134,4,32,61,124,26,38,78,145,31,135,95,34,77,57,40,147,108,123,51,141,131,126,43,58,39,107,87
98,2,52,29,5,95,18,56,101,30,149,115,8,145,114,76,21,84,13,121,25,144,50,44,111,146,137,17,14,75,42,104,20,6,85,34,35,91,53,27,116,118,71,24,106,142,49,60,55,67,65,103,127,119,99,22,136,93,28,138,132,128,139,0,3,23,125,140,66,41,10,143,90,19,129,94,37,68,45,15,81,133,113,105,59,46,112,16,122,1,63,96,12,48,80,109,7,62,83,70,64,102,86,92,72,88,120,148,73,74,11,33,47,36,58,110,100,130,9,97,79,54,87,4,32,61,124,26,38,78,69,31,135,117,89,77,57,40,147,108,123,51,141,131,126,43,134,39,107,82
98,2,52,70,29,95,18,56,101,30,71,115,8,145,114,5,21,15,13,135,67,144,68,44,111,123,137,17,14,25,42,75,20,6,85,34,35,91,53,149,116,118,48,38,106,142,49,60,55,147,65,103,104,45,99,22,136,93,63,138,132,28,139,0,3,23,125,140,66,41,50,143,90,19,84,94,37,107,24,131,81,133,113,105,59,46,112,16,122,1,10,96,12,126,80,109,7,62,83,146,64,102,86,92,72,88,127,148,73,74,11,33,47,128,58,110,100,130,9,97,79,54,87,4,32,61,124,26,121,78,69,31,40,117,89,36,57,120,129,108,77,51,141,119,76,43,134,39,27,82
98,2,55,70,29,71,18,56,101,30,43,115,8,145,139,5,107,15,13,31,67,144,68,44,111,123,137,17,14,25,42,75,35,6,85,34,4,91,53,149,116,122,48,38,106,142,49,60,21,147,65,103,104,45,99,22,136,93,135,138,132,28,61,0,3,23,125,140,113,41,50,143,90,19,84,94,72,37,24,114,86,73,82,105,59,46,112,83,118,1,10,96,12,89,80,109,7,62,126,146,64,102,117,92,121,88,127,148,52,74,97,33,47,128,58,110,100,130,9,26,79,54,133,16,32,63,124,20,131,78,69,11,40,87,66,36,57,120,129,108,77,51,141,119,76,81,134,39,27,95
98,2,55,70,36,71,18,56,0,89,43,115,8,88,139,5,148,15,74,31,13,144,68,44,111,123,137,17,14,25,42,75,108,58,85,6,4,91,53,50,116,122,48,38,97,142,105,60,21,132,65,103,104,45,99,113,136,93,135,138,47,28,61,32,3,23,125,140,106,41,35,143,90,19,84,94,72,37,24,114,86,73,82,101,59,46,112,83,118,1,107,96,12,22,80,109,130,62,67,146,64,102,117,92,121,7,127,34,52,145,10,33,49,128,149,110,100,141,9,26,79,54,133,16,147,63,124,77,131,78,69,11,30,87,66,20,57,120,129,29,40,51,126,119,76,81,134,39,27,95
109,2,55,70,36,46,130,56,0,89,98,115,7,88,139,10,148,15,74,31,13,144,68,44,81,123,71,17,14,25,63,75,108,58,85,24,4,91,53,50,145,122,48,38,97,12,32,60,21,42,65,23,104,45,18,113,105,93,135,138,47,99,61,142,3,43,125,8,106,41,35,143,90,19,84,94,72,37,137,114,86,73,82,101,59,103,132,83,118,1,107,96,136,22,80,9,6,62,67,76,64,102,117,92,121,34,127,69,52,140,5,33,49,128,149,110,100,141,111,26,79,54,133,16,112,28,124,77,131,78,146,11,30,87,66,20,57,120,129,29,40,51,126,119,116,147,134,39,27,95
109,2,55,70,36,46,130,56,0,89,98,115,67,88,4,10,148,15,143,131,13,142,68,44,81,123,71,17,14,22,63,37,108,58,85,24,23,84,53,50,145,122,144,38,97,12,32,60,21,42,80,65,135,45,18,113,25,93,105,138,47,66,94,31,3,7,99,8,106,41,35,125,90,61,6,74,72,129,137,114,86,73,82,101,59,103,48,83,118,1,107,96,136,110,78,9,57,62,139,76,64,102,117,92,75,34,127,69,52,140,5,33,49,128,149,19,100,141,111,26,79,54,133,16,112,28,124,77,104,30,146,11,132,87,121,20,43,120,91,29,40,51,126,119,116,147,134,39,27,95
108,69,55,70,36,46,130,50,0,16,98,115,67,88,41,10,148,43,143,131,13,142,68,2,100,123,71,84,14,22,63,37,56,58,85,24,23,93,53,44,145,81,144,38,97,12,32,60,65,42,80,122,135,45,136,113,25,17,105,138,47,66,94,31,3,7,99,8,118,18,35,125,90,61,6,74,72,129,137,114,86,73,82,101,59,103,48,83,39,1,107,89,117,20,76,9,57,62,139,96,64,102,78,92,75,34,127,52,15,140,5,33,49,128,149,19,133,141,111,26,21,54,147,106,112,28,124,77,104,30,79,11,132,87,121,40,146,120,91,29,4,51,126,119,116,109,134,110,27,95
108,69,55,127,36,46,130,50,0,101,98,115,67,88,41,10,148,44,143,99,117,142,68,2,100,95,71,84,14,22,63,124,70,58,56,24,23,93,53,94,145,81,144,38,97,12,27,57,65,42,80,62,135,45,136,113,25,17,105,138,47,66,59,60,3,149,85,8,118,18,37,86,90,61,6,74,72,129,137,114,132,73,32,31,79,103,48,16,39,1,107,89,82,52,76,9,102,123,139,96,64,125,78,92,75,34,83,35,15,140,5,33,49,128,121,19,133,141,111,26,21,54,147,106,112,28,7,77,104,30,43,11,13,87,122,40,146,120,91,29,4,51,126,119,116,109,134,110,131,20
108,69,0,127,36,46,130,50,88,44,98,115,26,16,41,10,148,109,143,99,117,142,116,2,100,95,71,84,14,22,63,91,70,58,34,24,23,93,53,94,145,81,144,38,97,12,27,57,65,42,80,8,135,45,136,113,25,17,105,138,47,66,59,60,124,149,85,78,118,128,37,86,90,61,92,6,121,87,122,114,132,73,32,31,79,103,56,48,39,1,107,89,82,52,76,9,102,123,139,96,64,125,137,55,74,75,83,101,129,140,5,33,49,40,72,19,133,141,111,68,21,54,147,106,112,28,62,77,15,30,43,11,13,67,3,7,146,120,18,29,4,104,126,119,51,35,134,110,131,20
108,69,0,127,50,105,130,43,88,44,98,115,26,16,41,78,148,93,143,99,117,142,116,2,100,95,72,84,14,22,63,91,70,58,34,24,74,76,77,94,101,145,81,38,97,12,120,57,65,42,80,8,135,45,136,113,25,46,123,138,47,66,59,60,124,149,85,55,147,128,37,86,90,82,92,6,118,87,122,121,132,73,32,31,79,103,56,48,39,1,107,114,27,52,30,23,102,9,139,96,61,125,10,36,144,75,83,104,129,140,5,33,49,40,53,19,133,141,111,68,21,54,137,106,112,28,62,18,15,89,71,11,13,67,3,7,146,64,17,29,4,109,126,119,51,35,134,110,131,20
24,69,0,127,50,105,130,43,88,44,98,115,26,16,41,86,148,101,143,99,117,142,116,2,25,95,72,45,14,29,22,91,70,12,75,108,74,76,147,94,23,145,81,38,97,63,120,57,65,42,80,8,135,93,136,113,84,46,123,138,78,66,59,60,124,149,85,55,58,128,37,104,48,140,92,40,87,90,122,121,132,73,32,31,79,103,56,118,96,1,61,114,27,52,30,6,102,9,139,47,82,125,10,36,144,111,83,39,129,77,5,33,49,107,53,19,15,141,109,68,21,54,137,106,112,28,62,18,34,89,71,11,13,67,3,7,146,64,17,100,4,133,126,119,51,35,134,110,131,20
24,69,0,127,50,105,17,43,88,44,61,115,26,16,41,86,148,101,143,99,117,142,116,2,59,95,72,45,87,140,22,98,70,12,75,108,74,124,57,94,23,145,97,54,34,63,120,36,65,119,80,8,135,93,136,113,84,46,123,138,78,76,66,147,47,85,71,55,58,128,37,14,48,149,92,40,73,130,122,121,132,91,32,31,79,103,56,118,96,1,81,114,27,62,30,6,102,5,139,90,82,125,10,104,144,111,83,39,129,77,141,33,49,107,53,29,15,38,109,68,21,9,137,106,112,28,25,18,42,89,19,11,13,67,3,7,146,64,60,100,4,133,126,52,51,35,134,110,131,20
24,69,43,127,22,136,17,88,100,44,62,78,26,16,41,86,137,101,143,99,32,142,116,2,59,0,72,45,87,105,19,98,70,12,75,108,74,95,57,120,23,145,123,54,50,63,4,36,65,119,118,8,135,93,130,113,141,94,140,138,34,76,66,147,115,85,71,55,58,128,111,14,48,149,92,40,73,3,122,148,132,84,117,31,79,103,56,37,96,1,81,114,27,124,30,6,102,5,139,90,82,125,10,104,144,47,83,39,129,77,97,33,49,107,53,29,15,38,109,68,21,9,121,106,112,28,25,18,42,89,80,11,13,67,91,7,146,64,60,61,46,133,126,52,51,35,134,110,131,20
24,69,43,127,114,136,17,88,100,51,62,111,26,16,41,86,137,101,143,99,32,142,56,2,59,1,72,73,87,78,19,83,70,12,75,108,145,95,123,120,23,8,133,54,50,63,113,36,65,119,118,149,22,93,130,38,141,94,140,138,34,76,66,105,115,85,71,55,58,128,0,14,126,107,92,40,148,3,122,48,132,67,74,31,79,103,147,57,96,25,81,84,27,124,30,6,102,5,139,90,82,125,10,104,144,129,4,39,135,77,97,33,49,44,53,29,15,117,109,68,21,9,121,106,112,28,98,18,42,89,80,11,13,45,91,7,146,64,60,61,46,37,116,52,47,35,134,110,131,20
149,69,43,127,114,136,17,88,100,84,62,111,147,16,41,86,137,101,143,99,32,142,112,2,59,1,72,63,109,78,19,83,93,12,75,108,145,95,85,120,23,8,133,54,50,123,113,27,65,119,89,9,22,90,57,38,141,94,140,138,34,76,66,105,115,58,71,55,144,128,0,20,126,107,92,40,121,3,122,48,132,67,24,31,79,103,45,98,96,25,81,130,146,124,30,10,102,5,139,51,82,125,148,104,87,129,4,39,135,77,97,33,49,44,53,36,15,117,70,68,21,56,11,106,26,28,73,18,42,14,80,29,13,118,91,7,6,64,60,61,46,37,116,52,47,35,134,110,131,74
149,69,1,127,114,136,17,88,90,84,108,111,147,16,11,86,137,101,143,15,32,142,112,56,59,100,72,63,109,78,19,83,93,12,75,118,145,95,85,39,87,8,133,54,50,123,113,27,65,40,89,23,22,46,57,38,98,94,43,138,34,76,66,105,115,58,71,55,144,128,13,106,126,107,20,53,121,3,122,48,132,67,24,31,79,103,45,2,96,25,81,130,146,124,30,10,102,5,139,51,62,125,148,104,35,129,4,119,6,77,97,92,49,44,120,36,0,117,70,68,21,141,134,41,26,28,73,9,42,82,80,29,14,33,91,7,18,64,60,61,99,37,116,52,47,140,135,110,131,74
149,69,96,127,0,136,17,88,124,84,108,111,147,16,11,90,137,101,143,15,32,142,112,56,59,100,46,63,109,37,68,27,93,12,75,49,145,95,85,39,87,78,114,54,50,123,113,106,65,40,89,23,22,6,57,29,98,94,146,138,34,76,72,105,115,47,19,55,144,128,13,43,126,66,20,53,121,3,122,48,132,67,64,31,79,103,45,2,118,25,81,130,7,82,30,10,102,83,139,51,62,125,148,104,35,129,4,119,5,77,97,92,38,44,120,36,110,117,70,1,21,141,134,41,26,28,73,9,42,33,80,24,14,71,91,86,18,8,60,61,99,58,116,52,133,140,135,74,131,107
149,69,96,127,0,136,17,88,124,84,33,77,75,16,11,90,137,101,9,15,119,92,99,56,59,100,46,63,109,37,112,27,93,12,3,49,145,95,94,39,87,78,114,54,50,123,113,106,65,40,89,23,22,6,57,29,98,143,146,115,34,76,72,105,81,47,19,55,144,147,13,44,126,66,5,4,121,83,122,48,132,67,64,31,74,103,45,2,108,25,28,130,7,53,30,10,102,51,139,38,62,125,148,104,35,129,32,68,118,133,97,85,111,79,120,36,110,117,70,1,21,141,134,41,26,43,73,140,42,20,80,24,14,71,91,86,18,8,60,61,142,58,116,52,138,128,135,82,131,107
149,69,96,109,0,136,17,88,124,84,33,77,75,16,11,21,137,105,9,15,119,92,99,37,59,100,46,63,85,132,112,27,93,12,3,49,145,95,129,39,87,34,114,4,50,123,113,106,48,40,89,23,22,6,57,29,78,65,146,115,90,76,72,80,81,47,19,55,144,147,13,101,126,66,5,83,18,74,122,117,98,44,54,141,52,103,45,2,108,25,28,94,7,53,64,10,102,51,139,38,62,125,148,104,35,130,32,68,118,31,97,133,143,79,120,56,110,36,70,1,111,67,134,41,26,43,73,140,42,20,121,24,30,71,91,86,127,8,60,61,142,58,116,14,138,128,135,82,131,107
27,62,96,109,16,147,17,88,137,84,33,128,75,60,11,21,77,105,9,15,119,92,99,37,59,100,46,63,95,132,112,35,93,12,3,124,49,41,129,39,103,34,114,4,50,126,113,30,48,40,89,23,22,6,57,29,78,65,146,115,90,76,72,80,81,47,70,55,144,116,13,101,56,66,5,83,18,74,82,117,98,44,54,141,52,85,45,2,108,25,28,94,7,53,64,10,102,51,0,38,139,125,148,104,69,130,32,68,118,31,97,133,143,136,145,26,110,36,123,1,19,67,134,122,79,149,73,140,42,20,121,24,106,71,91,86,127,8,43,61,87,58,120,14,138,111,135,142,131,107
27,62,96,109,16,147,17,88,60,84,42,128,75,85,11,93,77,108,9,15,43,92,106,37,59,100,46,113,95,132,66,139,137,0,3,124,49,41,129,39,103,148,114,4,50,119,38,30,48,40,89,23,22,6,57,29,78,34,146,115,90,76,72,80,105,47,70,99,144,116,13,101,145,12,112,83,18,74,67,117,98,44,54,21,52,140,45,2,82,25,28,94,7,53,64,10,102,51,55,141,131,125,63,104,69,130,32,68,118,31,97,133,143,136,126,65,110,36,123,1,19,26,33,122,79,149,73,134,81,20,121,24,5,71,91,86,127,8,56,61,87,58,120,14,138,111,135,142,35,107
27,62,82,109,113,147,17,37,60,7,42,128,75,85,11,93,77,108,9,15,43,92,106,24,59,100,16,133,95,132,66,139,137,0,3,124,49,41,129,39,130,148,114,135,50,84,38,30,87,40,89,23,13,123,57,29,78,34,146,103,90,76,72,80,105,47,125,99,144,116,51,101,145,12,112,83,18,74,67,22,97,44,54,117,52,140,45,2,6,25,28,94,88,53,64,10,102,21,55,141,4,96,98,131,69,48,32,68,118,31,119,19,143,5,126,65,110,36,136,1,104,26,33,122,79,149,73,134,70,20,121,86,46,71,91,115,127,8,56,61,63,58,120,14,138,111,81,142,35,107
123,116,82,109,113,147,17,37,60,7,42,128,93,66,31,126,77,108,9,15,43,92,106,24,59,100,16,133,85,135,119,139,137,0,3,124,146,41,40,39,130,125,114,89,50,148,38,51,87,90,88,23,13,30,57,29,78,34,27,103,129,76,72,80,105,47,140,99,127,98,70,101,145,74,112,83,18,10,67,22,97,44,54,117,52,11,45,2,6,25,28,94,91,53,64,144,102,21,55,141,4,96,62,131,69,48,32,68,118,132,61,19,143,5,12,65,110,36,136,1,104,26,33,122,79,75,73,134,84,20,121,86,46,71,149,115,49,8,56,95,63,58,120,14,138,111,81,142,35,107
123,116,68,109,113,147,125,37,60,7,42,128,93,66,31,126,27,108,9,2,29,99,106,103,43,3,16,133,85,135,119,139,137,0,67,124,146,41,23,39,130,8,114,89,34,58,38,51,87,90,88,148,13,30,15,95,78,40,98,50,129,76,53,80,77,47,140,24,127,136,22,101,145,70,112,83,18,10,82,65,97,44,54,117,52,11,45,100,6,25,28,94,91,5,64,144,102,21,55,141,4,96,62,131,69,48,32,105,118,132,61,19,143,138,12,72,110,36,17,1,104,26,33,122,79,75,73,134,84,20,121,86,46,71,149,115,49,92,56,57,63,59,120,14,74,111,81,142,35,107
89,116,68,91,146,147,125,37,60,43,42,128,123,66,31,126,27,6,9,2,29,113,97,48,73,3,16,133,85,135,119,139,137,0,67,124,117,41,23,75,69,106,114,74,34,58,38,51,87,90,88,148,13,30,15,95,78,40,98,121,129,63,39,80,77,54,140,24,127,136,22,101,145,70,53,83,18,10,82,65,56,44,93,1,52,11,45,100,99,25,28,94,111,5,64,144,102,21,55,141,4,96,62,131,112,143,32,105,118,132,61,76,8,138,12,72,110,36,17,130,104,26,33,122,79,86,50,134,84,20,108,7,46,71,149,115,49,92,109,57,103,59,120,14,47,19,81,142,35,107
89,116,68,91,146,79,125,37,60,130,42,128,123,66,29,50,55,38,9,2,19,113,147,48,73,3,16,133,85,93,47,40,137,0,67,124,117,41,23,75,69,106,114,74,104,58,31,51,87,90,88,148,13,30,15,95,78,43,98,119,129,63,39,80,77,54,140,24,127,136,22,101,145,70,53,83,18,10,118,17,56,44,139,1,52,11,45,100,99,97,28,92,111,65,64,33,102,21,121,141,4,96,62,131,112,143,32,25,94,132,105,76,8,138,12,126,110,36,135,34,6,26,72,122,61,86,59,134,84,27,108,7,46,71,149,115,49,82,109,57,103,144,120,14,5,20,81,142,35,107
89,138,68,91,136,79,108,37,60,130,42,128,123,66,122,50,55,38,9,2,48,113,147,22,73,3,92,133,85,93,47,40,137,102,67,119,117,75,23,16,69,106,114,74,104,58,31,51,87,90,88,148,13,30,15,95,78,26,98,41,129,63,39,80,77,54,140,24,127,36,120,101,56,70,53,57,18,10,118,17,0,44,107,1,52,11,45,100,99,97,145,7,111,65,64,43,27,21,121,141,4,96,62,131,112,143,32,83,94,132,105,76,8,139,12,126,110,116,146,34,6,125,72,33,19,86,59,134,84,29,135,28,46,71,149,115,49,144,109,82,103,25,61,14,5,20,81,142,35,124
89,85,68,104,73,79,86,37,60,130,42,128,5,66,122,50,55,38,9,2,147,113,105,22,123,3,92,133,108,93,67,40,137,102,7,119,117,75,17,91,125,106,114,30,116,58,31,51,87,90,88,148,13,48,15,95,78,0,98,41,129,63,39,80,77,54,20,24,127,36,120,101,135,70,53,57,18,10,118,69,56,44,107,1,52,11,138,100,99,97,126,124,111,65,64,43,27,21,121,141,4,96,62,45,112,143,32,83,94,145,136,76,8,139,12,16,110,140,146,34,6,74,72,33,19,47,59,134,84,29,132,28,46,71,149,115,25,144,109,82,103,49,61,14,23,26,81,142,35,131
89,85,68,104,73,122,43,37,60,130,86,21,42,56,19,50,55,38,9,110,134,113,105,24,22,3,92,133,125,93,67,40,137,102,7,119,117,75,17,91,23,106,114,30,116,123,31,65,87,90,88,148,13,58,15,146,78,0,98,41,129,63,39,80,77,54,20,5,18,36,120,101,135,70,53,57,16,10,118,69,71,44,107,108,52,11,138,100,99,97,126,124,136,128,64,147,27,111,121,141,115,96,62,45,112,1,32,83,94,145,79,76,8,139,12,2,82,140,143,34,6,74,72,33,51,47,59,48,84,29,132,28,46,66,149,127,25,144,109,4,103,49,61,14,95,26,81,142,35,131
89,85,111,104,73,122,43,37,60,130,86,21,42,56,19,50,5,79,6,110,134,108,105,24,22,3,92,133,125,93,113,40,137,102,7,55,117,75,17,15,23,91,114,30,116,123,31,65,144,90,28,148,13,58,87,146,78,0,98,41,129,63,39,80,77,119,83,88,18,149,120,101,135,70,53,57,16,10,33,69,71,44,54,9,81,11,138,100,99,97,126,20,136,124,64,147,27,38,121,141,115,96,62,45,112,1,32,68,94,145,47,76,8,139,12,36,82,140,143,127,118,74,72,2,128,142,59,48,84,29,132,25,46,66,52,51,106,107,109,4,103,49,61,14,95,26,34,67,35,131
62,23,111,104,73,16,43,37,60,130,99,21,64,119,19,50,5,79,6,110,134,108,148,24,42,3,92,133,125,93,113,40,137,102,7,55,117,75,17,15,90,91,114,30,116,105,59,65,144,77,28,86,13,58,87,146,78,0,41,45,129,38,122,80,25,72,83,123,18,149,120,101,135,70,53,95,39,10,33,69,71,44,54,9,81,11,138,100,31,97,124,20,136,132,51,147,63,57,121,141,115,96,56,88,112,22,32,68,94,145,47,76,8,139,12,36,82,140,143,127,118,74,98,2,128,27,89,48,84,29,142,126,46,66,52,1,106,107,109,4,103,49,61,14,85,26,34,67,35,131
62,23,122,104,73,16,92,148,60,130,99,21,64,119,19,50,91,79,6,110,134,137,5,24,42,3,70,133,43,93,116,98,22,102,7,55,40,75,17,111,90,15,114,30,87,105,59,65,115,77,28,86,88,58,96,46,78,0,41,45,145,38,129,146,25,72,83,123,18,149,120,101,135,14,49,95,39,10,33,69,71,44,54,9,81,11,138,100,31,97,124,108,136,132,80,147,63,57,121,141,35,53,56,113,112,13,32,68,94,37,47,76,8,139,12,36,82,140,143,127,118,74,125,2,128,27,89,48,84,29,142,126,144,51,52,1,106,20,109,4,103,66,61,107,85,26,34,67,117,131
20,23,122,104,140,16,26,148,60,130,99,92,64,119,19,50,91,79,6,121,134,137,40,24,42,3,51,133,43,21,73,17,22,102,7,55,48,75,28,111,90,15,114,30,87,105,59,65,80,77,72,86,88,142,96,46,78,4,41,54,145,38,115,146,25,135,83,123,18,149,139,101,62,14,49,95,39,5,33,69,71,44,12,9,81,11,138,100,31,97,124,108,136,132,58,110,63,57,70,141,35,53,56,113,112,13,32,68,94,37,10,76,8,45,127,36,82,0,143,47,118,74,125,2,128,27,89,85,84,29,98,126,144,147,52,1,106,129,109,120,103,66,61,107,116,93,34,67,117,131
55,23,122,104,140,16,26,54,60,10,21,92,64,119,19,50,91,79,6,107,134,137,40,46,42,3,51,133,85,144,73,17,65,102,7,58,48,148,28,111,90,15,114,30,87,105,106,39,80,77,72,86,88,142,96,53,78,4,41,22,145,38,115,146,0,135,83,123,18,149,139,101,62,14,49,95,99,5,33,69,71,44,12,9,130,24,138,100,31,97,124,108,136,132,63,110,118,20,70,45,35,121,56,113,112,13,32,68,94,37,59,76,8,125,127,36,82,52,143,47,43,74,75,2,128,61,89,27,84,29,98,126,81,25,57,1,147,129,109,120,103,66,11,67,116,93,34,141,117,131
55,23,122,104,140,16,26,54,101,10,21,18,64,119,19,50,91,60,98,107,84,137,40,46,42,3,51,136,102,88,73,17,65,120,111,85,48,148,28,7,90,15,114,30,87,105,106,39,132,77,72,86,97,142,96,53,78,4,41,22,112,38,115,146,130,135,83,123,100,133,25,35,62,14,49,95,99,5,33,149,71,44,12,9,31,24,6,145,128,59,92,108,80,20,63,110,118,0,70,45,144,121,56,113,79,13,32,68,94,37,124,76,8,125,127,36,82,52,143,47,43,74,75,2,69,61,89,27,139,29,58,126,81,134,57,1,147,129,109,138,103,66,11,67,116,93,34,141,117,131
55,23,122,104,106,16,26,54,101,10,21,18,64,126,19,50,38,77,98,107,84,137,68,46,42,3,24,136,102,40,73,17,65,120,111,85,48,148,123,7,90,15,114,91,87,6,82,103,132,39,72,86,97,142,96,74,78,34,41,22,112,127,115,146,130,135,83,13,100,133,25,37,62,9,49,95,99,5,33,149,71,44,12,145,31,28,140,113,128,59,92,108,80,20,63,110,118,0,70,45,144,121,56,14,79,30,32,60,94,53,124,76,35,125,51,36,11,52,143,47,43,105,75,2,69,61,89,27,139,29,58,88,81,134,57,1,147,129,109,138,117,66,8,93,116,67,119,141,4,131
74,23,122,104,106,16,142,54,101,10,21,18,64,112,19,50,93,43,98,107,84,137,68,46,42,3,24,136,49,40,73,17,65,111,25,85,48,148,123,7,67,15,114,91,87,52,82,103,132,39,72,11,58,97,96,90,78,34,22,41,8,127,115,146,130,135,83,13,100,133,92,37,62,12,119,126,99,14,33,149,71,44,102,145,31,28,140,113,128,59,55,108,80,120,63,110,118,0,70,45,144,5,56,121,79,30,32,60,94,53,116,76,35,125,51,36,20,86,143,47,6,105,75,2,69,61,89,27,139,9,95,88,81,134,57,1,147,129,109,138,117,66,38,124,26,29,77,141,4,131
80,23,122,104,117,21,142,54,101,10,29,18,64,112,19,60,93,43,98,107,61,137,68,46,134,3,24,109,49,40,73,17,57,106,25,85,48,148,123,7,67,15,114,91,87,74,82,103,132,39,72,121,58,97,96,90,78,28,14,41,8,127,115,146,130,27,30,13,83,59,92,37,62,12,119,126,34,50,147,149,71,44,102,145,31,22,140,113,128,11,55,108,100,120,63,110,118,0,70,45,144,135,56,99,79,65,32,5,136,53,116,76,35,125,51,36,20,86,143,47,6,105,75,2,69,84,89,42,139,9,95,16,81,33,133,1,94,129,111,138,52,66,38,124,26,88,77,141,4,131
77,23,124,104,117,21,142,33,101,10,29,18,64,112,35,60,93,43,98,107,61,137,68,46,134,3,24,109,49,40,73,17,57,106,25,19,48,148,89,7,140,15,114,95,87,74,82,103,96,122,72,121,58,126,69,90,78,28,14,41,8,127,115,146,130,27,39,13,83,59,92,36,62,12,119,118,34,50,136,149,71,44,37,145,31,22,147,113,128,91,55,123,100,120,63,70,110,0,5,45,144,135,56,99,79,30,32,85,129,53,116,76,132,125,51,54,20,86,143,47,6,105,75,108,1,84,67,42,139,9,97,16,81,11,133,102,94,38,111,138,52,66,2,80,26,88,65,141,4,131
77,23,124,104,117,21,60,33,101,10,29,26,64,134,35,148,63,43,34,107,61,137,93,46,6,3,111,109,49,40,73,17,57,106,84,19,48,31,89,7,140,15,114,95,87,74,82,103,96,18,24,121,58,126,85,90,78,28,14,41,69,127,115,146,130,27,39,13,83,98,92,36,59,12,119,118,72,50,136,149,71,44,20,145,62,22,147,113,128,80,55,123,100,120,25,70,110,0,5,45,133,135,56,99,112,30,32,144,129,53,122,66,132,125,51,54,79,86,8,47,142,105,75,108,1,37,68,42,139,67,97,16,81,11,76,102,94,38,116,138,52,91,2,143,9,88,65,141,4,131
77,23,113,72,34,21,60,33,126,10,29,19,2,40,35,148,63,43,85,107,61,137,93,46,6,3,111,78,49,122,73,17,57,106,99,134,48,31,89,81,140,15,114,95,87,64,82,103,96,18,42,121,58,36,117,90,74,28,14,41,69,127,115,146,130,26,39,7,83,98,133,84,101,12,119,118,13,50,136,149,71,44,52,145,22,80,147,91,109,92,55,123,100,120,25,70,110,0,5,45,59,135,56,62,112,30,32,144,129,53,24,66,132,125,51,54,79,86,8,47,142,105,75,108,1,37,68,104,139,67,97,16,128,11,76,102,94,38,116,138,20,27,124,143,9,88,65,141,4,131
77,23,113,131,34,21,88,33,48,61,7,19,2,40,138,148,63,43,85,29,116,137,31,46,6,3,109,78,49,36,65,17,57,80,99,134,35,37,68,26,140,15,114,95,87,64,82,103,96,18,42,27,58,73,117,90,74,28,14,41,69,127,115,146,13,84,39,22,83,98,133,107,101,12,119,118,93,50,136,149,71,44,52,145,121,60,147,91,72,92,55,123,100,120,25,70,110,0,5,45,59,135,56,62,112,30,32,144,129,53,24,66,132,125,51,54,79,86,8,47,142,105,75,108,1,130,126,104,139,67,97,16,128,11,76,102,94,38,106,124,20,143,81,111,10,122,9,141,4,89
77,23,113,82,34,21,88,22,48,61,144,19,30,40,138,145,63,43,85,29,116,137,31,46,6,62,109,78,55,36,65,17,57,80,99,134,35,37,68,90,140,15,114,95,87,64,96,103,101,18,4,27,58,73,117,75,74,28,14,41,69,127,42,146,13,84,39,105,83,98,3,107,125,12,119,118,93,50,136,149,71,44,52,148,121,60,147,8,72,92,56,123,100,120,25,70,110,142,7,45,11,135,59,128,112,115,32,2,129,53,24,66,132,131,0,54,26,86,51,47,91,49,5,108,1,130,16,104,139,67,97,126,133,33,76,102,94,38,106,124,20,143,81,111,10,122,9,141,79,89
77,23,113,82,134,34,143,22,48,61,144,19,30,40,138,145,91,43,120,29,116,137,31,74,6,62,88,78,55,36,65,17,57,80,99,121,35,37,68,39,140,15,114,95,87,64,96,103,101,18,4,27,81,73,21,75,26,50,42,41,69,127,146,141,13,84,14,105,83,98,3,107,125,12,119,118,93,117,136,149,71,44,52,148,46,66,147,8,72,92,90,123,100,5,76,70,110,142,7,45,56,135,59,128,112,28,32,2,129,53,24,58,132,131,0,54,63,86,109,47,104,49,115,108,1,130,51,11,139,67,97,126,124,33,85,102,94,38,106,16,20,25,133,111,10,122,9,60,79,89
16,116,113,82,134,34,143,17,48,5,144,19,30,40,138,145,91,43,120,29,118,137,3,74,6,62,114,78,55,36,65,75,22,80,31,121,35,37,68,39,140,15,23,95,33,64,42,103,59,18,4,27,81,41,21,77,26,50,57,73,69,127,146,141,13,84,14,105,83,98,110,107,125,12,119,56,93,85,136,149,71,44,52,148,9,117,147,8,72,128,90,123,100,61,76,70,66,142,7,45,99,135,102,96,112,28,32,2,129,53,24,101,132,131,0,54,87,86,109,46,104,49,115,108,1,130,51,11,139,47,97,126,124,58,92,88,94,38,106,67,20,25,133,111,10,122,63,60,79,89
16,116,113,82,134,114,143,17,48,5,92,60,30,40,138,145,91,43,120,29,118,137,3,74,6,9,22,78,62,105,65,75,87,70,31,133,35,36,19,39,140,15,23,95,33,64,42,103,59,45,4,27,81,41,21,77,26,89,57,73,55,127,146,18,13,84,144,68,83,98,110,107,125,12,119,47,93,85,136,149,71,44,52,148,50,117,147,11,37,128,90,123,100,61,76,141,66,99,7,80,72,135,102,96,112,28,32,2,63,53,24,101,8,131,0,54,132,86,109,46,104,49,115,108,1,130,14,34,139,129,97,126,124,58,111,88,94,38,106,67,20,25,142,121,10,122,51,56,79,69
113,116,108,82,134,114,143,17,48,23,92,60,30,40,138,145,91,43,120,29,118,21,3,74,149,9,125,78,4,105,65,75,87,70,53,31,35,36,15,39,112,137,88,22,54,64,5,103,59,45,131,27,81,41,19,77,26,89,57,73,130,127,146,18,13,84,144,52,83,98,110,107,68,12,119,47,93,85,136,133,71,63,7,148,33,117,147,11,37,128,90,123,140,61,76,141,66,99,16,80,72,135,102,96,0,28,32,44,2,55,24,101,50,42,100,62,132,86,109,46,104,49,115,8,1,6,14,34,139,129,97,126,124,58,111,95,94,38,106,67,20,25,142,121,10,122,51,56,79,69
113,48,108,82,134,114,143,56,54,23,92,11,30,40,138,145,91,6,120,29,118,21,3,74,149,17,125,78,107,105,129,0,87,70,53,31,35,36,15,39,112,137,59,5,41,64,88,133,22,45,131,27,81,10,19,77,7,89,57,73,130,127,4,18,13,84,144,52,83,98,110,43,68,12,111,47,93,85,136,132,71,63,146,148,33,117,147,80,37,128,90,122,140,61,76,62,65,99,16,2,72,135,102,96,123,28,32,44,75,55,24,101,50,42,100,141,60,86,109,46,104,49,115,8,1,66,14,34,139,103,97,126,26,58,116,95,94,38,106,67,20,25,142,121,9,119,51,124,79,69
127,48,108,82,134,114,143,11,44,23,92,59,18,149,138,145,91,6,120,29,83,21,3,74,130,17,125,78,87,141,129,0,56,70,53,31,79,36,15,39,112,137,126,5,41,64,88,133,22,45,131,33,81,10,52,77,7,89,57,73,12,106,4,54,26,84,144,13,123,98,110,43,68,142,111,47,28,85,136,19,71,63,146,35,147,117,30,80,118,128,90,122,140,61,76,62,65,99,16,2,72,135,40,96,148,132,32,102,75,55,24,101,50,42,100,27,60,86,109,46,104,49,115,8,1,66,14,34,139,103,97,113,105,58,116,95,94,38,107,67,20,25,93,121,9,119,51,124,37,69
127,48,29,82,134,114,143,11,44,23,92,59,108,149,138,145,91,6,120,81,83,21,63,74,130,107,47,78,35,141,129,0,56,70,53,31,79,36,15,39,112,137,4,5,41,64,88,133,22,45,131,33,140,10,52,77,54,89,73,65,119,106,85,142,1,84,18,13,123,98,110,43,68,117,24,57,28,17,136,19,71,122,146,9,147,126,30,80,118,128,12,3,26,61,76,62,7,99,16,2,72,111,40,96,148,132,32,102,75,55,97,101,50,42,100,27,60,86,109,46,104,49,87,8,34,66,14,125,139,103,144,113,105,58,116,90,94,38,135,67,20,25,93,121,95,115,51,124,37,69
127,48,29,25,134,114,113,11,44,23,135,59,108,149,138,69,91,6,120,81,83,21,63,74,140,107,47,78,35,141,129,0,56,70,53,31,79,36,15,39,4,58,72,99,41,64,88,133,22,45,131,33,52,97,110,77,143,89,73,65,119,106,85,142,38,84,18,13,94,98,37,43,68,117,24,57,28,137,136,19,71,122,146,9,147,126,96,80,118,128,12,8,26,61,76,62,10,1,112,105,7,111,40,2,148,132,32,17,75,55,16,101,50,42,100,27,60,86,109,46,104,49,87,30,34,66,14,125,139,103,144,3,5,92,116,90,82,145,54,102,20,123,93,121,95,115,51,124,67,130
127,48,144,25,60,97,42,11,44,23,135,59,108,149,138,69,15,6,120,81,83,21,63,134,140,82,47,78,35,141,129,1,56,70,53,31,34,36,37,39,4,58,72,99,41,64,88,133,22,45,131,33,52,50,110,77,143,89,73,65,119,106,107,142,38,84,24,13,94,98,91,43,68,117,14,57,28,137,136,19,71,122,146,105,55,126,96,80,118,128,12,8,26,61,74,62,10,101,112,148,66,111,40,2,29,132,32,17,75,9,16,147,113,85,100,27,18,86,7,46,104,49,87,30,5,95,109,125,139,103,123,76,0,92,116,90,79,3,54,102,20,145,93,121,114,115,51,124,67,130
127,48,144,25,60,97,38,11,44,23,135,137,108,42,138,69,15,6,120,81,83,21,76,106,140,78,112,17,35,141,149,68,56,79,53,31,34,36,37,39,4,58,121,99,41,64,88,133,109,45,75,33,52,50,110,77,143,89,73,65,119,63,107,142,113,84,72,59,94,61,91,43,111,117,14,57,28,82,136,19,146,122,47,105,55,126,134,80,118,128,71,8,26,101,74,62,10,70,96,148,66,1,40,2,29,132,32,104,131,9,16,147,13,85,100,27,18,86,7,46,3,49,87,30,5,95,98,125,139,103,123,129,0,92,116,90,12,24,54,102,20,145,93,22,114,115,51,124,67,130
127,48,144,25,103,97,38,102,44,45,21,137,90,105,138,66,15,6,120,81,83,129,76,106,140,78,112,124,35,141,149,68,56,79,11,99,34,36,37,39,4,65,121,60,41,64,88,133,109,31,75,52,49,50,110,77,143,89,73,148,119,63,107,142,113,84,72,59,94,61,91,43,111,117,14,42,57,82,136,19,146,122,69,2,55,126,134,80,16,27,71,135,26,101,70,62,10,47,96,40,23,1,74,28,29,132,32,104,131,9,128,147,13,85,100,8,18,86,7,46,3,58,87,30,5,95,98,125,139,53,123,118,0,92,116,17,12,24,54,108,20,145,93,22,114,115,51,33,67,130
127,48,139,144,103,97,92,102,98,45,21,137,73,128,138,66,15,108,120,81,12,129,110,35,140,78,29,124,25,38,149,68,56,79,11,99,34,36,145,39,4,65,121,60,41,106,88,71,109,31,75,52,49,50,130,77,143,89,107,148,119,63,133,142,113,84,64,59,94,61,91,43,111,117,14,42,57,82,90,19,146,122,69,2,55,126,134,80,16,27,141,135,26,101,112,62,10,47,96,40,23,1,74,28,53,132,32,104,131,9,37,147,13,85,100,105,18,86,7,83,3,58,87,30,5,46,0,125,70,44,123,118,22,6,116,17,76,24,54,72,20,8,93,136,114,115,51,33,67,95
127,23,139,144,103,97,92,112,98,45,21,7,143,69,138,66,15,108,1,81,12,44,110,35,140,79,29,124,25,50,149,68,56,30,11,117,34,36,145,39,4,65,121,60,41,106,88,71,136,113,129,52,49,59,130,77,2,89,107,148,119,63,133,142,78,84,64,102,94,61,91,43,111,76,14,62,57,82,90,99,146,122,147,38,55,126,134,80,16,48,141,135,26,101,109,120,10,47,96,40,42,27,74,28,53,132,32,104,131,9,93,54,13,85,100,105,18,86,75,83,3,58,87,31,5,46,0,125,70,73,123,118,22,6,116,17,37,24,51,72,20,8,137,19,114,115,128,33,67,95
127,91,139,126,103,97,92,112,98,45,144,7,143,69,138,132,50,108,80,146,12,44,14,35,52,79,29,124,25,81,105,68,23,30,11,117,34,36,145,39,4,65,121,1,41,106,88,71,136,113,129,49,66,59,130,77,2,42,107,148,119,63,133,142,78,84,64,102,94,61,37,43,111,76,128,62,57,82,90,99,20,122,147,38,55,27,134,114,16,48,141,24,26,101,109,120,10,47,96,40,33,93,74,28,53,89,60,32,131,9,56,54,13,85,100,135,18,86,75,83,3,58,87,31,5,46,15,125,70,73,123,118,22,6,116,17,110,21,51,140,104,8,0,19,72,115,137,149,67,95
127,91,139,126,103,97,92,112,98,45,144,7,143,69,4,132,50,108,80,146,12,44,14,35,52,79,29,124,106,81,105,53,23,30,11,117,34,36,145,39,46,65,68,1,60,2,88,71,136,113,129,49,66,59,130,77,78,61,107,13,119,63,133,142,72,84,64,102,22,24,90,43,111,41,128,62,57,82,37,99,20,114,147,38,55,58,131,76,42,48,141,27,26,101,109,120,10,47,96,40,134,93,74,3,19,89,33,32,138,9,56,54,140,85,100,135,18,86,16,122,83,75,87,28,5,121,15,125,70,73,123,118,148,6,116,17,110,21,51,25,104,8,0,31,94,115,137,149,67,95
127,91,139,126,103,97,142,22,98,45,144,7,143,110,55,132,50,122,80,146,12,0,14,35,52,79,29,124,69,81,105,53,23,31,11,117,34,36,145,39,46,65,68,1,44,2,88,20,136,113,41,49,66,59,112,108,78,61,141,13,119,63,133,57,72,84,64,102,130,86,90,43,111,73,128,62,106,82,37,99,60,114,147,38,75,58,131,76,42,48,77,27,32,101,109,94,10,120,96,40,134,93,74,3,19,89,33,4,138,9,56,54,140,85,15,135,18,71,16,47,83,25,87,28,5,121,30,125,70,148,123,118,92,6,116,17,107,21,51,26,104,8,100,24,129,115,137,149,67,95
127,94,139,73,54,97,105,22,98,45,34,7,143,110,55,132,50,122,80,146,12,0,14,37,52,79,29,81,69,130,124,53,23,31,60,117,27,36,145,39,46,65,68,15,44,70,88,20,136,113,96,49,66,59,112,108,78,11,141,13,119,63,133,57,72,84,64,102,61,86,90,43,111,82,128,62,106,74,41,99,51,114,109,38,75,58,131,76,42,48,77,16,32,101,126,116,10,120,1,40,134,6,100,3,19,89,33,4,138,9,56,147,140,85,93,135,18,71,25,47,83,2,87,103,5,121,30,125,91,148,123,118,92,137,142,17,107,21,35,26,104,8,144,24,129,115,28,149,67,95
127,18,139,73,54,117,14,22,98,45,57,7,143,110,55,52,50,122,2,146,105,0,46,37,82,79,29,81,69,130,124,53,23,132,60,80,27,36,28,39,145,65,138,15,44,84,88,20,136,113,96,49,66,59,112,108,78,11,141,13,119,47,133,99,72,34,64,31,61,9,90,43,111,70,128,62,106,74,41,102,51,114,109,38,75,58,131,76,42,48,77,149,32,16,126,116,10,120,1,40,134,6,100,3,19,89,12,4,68,86,56,147,140,85,93,135,71,33,25,101,83,97,87,103,5,125,30,121,91,148,123,118,92,137,142,35,17,21,94,26,104,8,144,24,129,115,107,63,67,95
127,18,139,71,54,117,14,22,98,45,57,7,143,110,81,104,50,44,2,146,105,0,46,90,142,79,29,93,69,130,20,53,23,132,60,80,122,36,68,39,145,65,138,15,26,84,49,89,136,87,96,32,66,59,112,108,78,11,141,13,119,47,133,99,88,34,64,31,61,58,102,43,111,70,128,62,106,74,41,82,51,114,109,38,75,85,131,76,42,48,77,149,52,16,126,116,10,120,1,40,134,113,100,3,19,73,12,4,5,86,56,147,140,124,30,135,148,33,25,37,83,101,92,103,28,6,55,121,91,72,123,118,97,137,9,35,17,21,94,125,27,8,144,24,129,115,107,63,67,95
127,18,142,71,54,116,14,22,98,45,57,7,143,110,81,104,50,44,82,146,105,0,36,90,76,79,29,93,69,130,72,53,23,132,87,145,122,46,68,39,123,65,138,15,26,60,111,89,136,119,96,32,66,30,28,108,78,11,141,13,52,47,51,99,88,34,64,31,61,58,102,43,49,70,128,62,73,74,41,118,2,114,109,38,75,85,131,121,42,48,77,149,20,16,126,24,10,120,1,40,134,113,100,3,112,21,12,4,5,86,56,147,140,124,133,135,148,106,25,37,83,101,92,103,139,6,55,91,59,33,80,63,97,117,9,35,17,84,94,125,27,8,144,19,129,115,107,137,67,95
127,18,142,71,54,116,14,22,98,40,57,7,143,110,131,104,50,44,82,146,105,31,36,90,96,79,29,93,69,130,72,120,23,141,113,145,122,46,19,39,123,97,76,15,108,81,111,89,136,119,53,32,99,30,28,66,117,11,78,13,37,47,51,24,88,34,64,26,61,58,102,43,59,70,128,68,73,74,41,118,2,114,109,38,75,85,3,121,42,48,77,149,20,16,126,124,10,132,1,0,134,6,100,138,112,21,12,4,5,86,56,147,140,45,62,135,148,106,25,49,83,101,92,103,139,133,55,91,107,33,80,63,60,129,9,35,17,84,94,125,27,8,144,52,65,115,87,137,67,95
127,18,58,71,54,42,14,22,90,40,57,7,143,110,131,104,50,44,12,82,105,124,36,146,96,98,29,52,69,130,72,120,23,141,113,145,122,46,19,39,49,97,92,15,108,81,111,89,136,119,53,32,99,133,16,75,117,11,33,13,37,47,51,78,88,115,24,26,61,2,102,43,59,70,128,68,73,74,41,118,109,93,142,38,66,85,3,121,1,48,79,149,20,138,126,34,10,132,21,0,134,6,100,114,112,87,123,4,5,86,56,147,140,45,62,135,148,106,25,64,83,101,31,103,139,77,55,91,107,30,80,63,60,129,9,35,17,84,94,125,27,8,144,28,65,76,116,137,67,95
127,18,87,71,54,123,14,22,108,40,57,142,52,110,131,104,119,58,12,82,105,124,31,146,3,98,29,86,69,130,72,120,23,141,34,145,122,46,19,39,49,97,93,24,7,96,111,89,136,50,53,90,99,133,113,75,117,11,148,13,37,47,51,78,88,115,81,26,61,2,102,43,59,70,128,68,73,92,41,118,109,8,143,38,66,85,15,121,1,48,79,149,20,138,126,44,10,132,21,0,134,6,100,114,64,33,101,4,5,125,56,147,140,45,62,135,36,16,25,83,112,74,32,103,139,77,55,91,107,30,80,63,42,129,9,35,17,84,94,60,27,106,144,28,65,76,116,137,67,95
57,18,87,71,115,123,14,146,108,40,10,46,52,110,127,104,15,22,12,58,105,124,102,140,3,98,29,86,69,130,72,120,23,141,34,145,11,13,19,39,49,97,93,24,7,96,111,89,136,75,53,90,99,133,113,70,117,63,148,65,37,47,8,78,88,122,81,26,61,2,106,43,54,107,128,68,73,92,41,118,109,131,143,38,66,85,59,121,44,48,79,149,20,138,126,1,50,132,21,67,134,6,100,114,64,33,101,4,5,125,56,147,28,45,62,135,36,16,142,83,112,74,32,103,139,77,55,91,31,30,80,119,42,129,9,35,17,84,94,60,27,51,144,116,82,76,0,137,95,25
57,64,87,71,115,123,14,146,108,102,10,46,27,110,127,104,15,39,12,58,105,124,83,52,3,98,29,86,69,31,72,40,81,141,26,100,11,13,19,130,49,97,93,24,63,96,111,89,136,139,53,90,99,45,2,70,117,17,148,65,37,55,8,78,88,122,133,120,126,23,106,43,54,107,34,68,73,92,41,118,109,131,143,38,66,85,22,121,44,48,79,149,20,138,59,1,50,132,21,67,128,6,140,114,134,33,101,4,5,125,56,147,28,113,62,135,36,16,142,61,112,74,32,103,47,77,7,91,82,30,80,119,42,129,9,35,25,84,94,60,144,51,75,116,18,76,0,137,95,145
57,123,87,71,115,31,14,146,108,78,10,46,27,110,127,64,15,43,131,58,105,126,83,52,3,98,29,86,69,18,72,40,11,0,26,100,116,13,19,130,49,97,93,24,63,96,111,17,136,139,53,90,23,45,81,70,117,39,148,65,37,2,8,20,88,124,89,120,112,77,106,33,54,107,34,68,73,92,41,118,109,60,143,38,66,85,22,121,44,48,79,149,42,138,59,1,50,132,21,67,128,6,140,61,134,133,101,4,5,125,56,147,28,113,62,135,36,16,142,104,114,74,32,103,84,55,7,91,82,30,80,141,119,129,122,35,25,99,94,102,144,51,75,47,12,76,9,137,95,145
57,123,24,71,115,31,37,146,108,78,10,46,27,110,127,116,70,43,131,91,105,126,83,66,3,98,29,86,135,18,72,40,11,0,26,100,28,13,19,130,49,97,125,9,63,96,64,17,143,139,53,90,23,45,81,87,117,39,148,65,140,2,8,89,88,124,25,120,112,77,106,33,54,107,34,68,73,92,41,76,109,60,85,38,14,137,22,121,69,48,20,149,42,93,59,1,50,132,21,142,128,6,15,61,134,133,58,4,5,104,56,147,136,113,62,138,36,16,111,79,114,74,32,103,84,75,7,101,82,30,80,141,119,129,122,35,55,99,94,102,144,51,44,47,12,52,118,67,95,145
57,123,24,71,115,53,37,146,29,78,65,46,27,110,6,116,70,43,144,91,105,126,83,141,3,98,77,86,135,18,72,40,66,0,26,100,28,13,19,16,49,97,125,117,63,96,64,61,143,139,118,90,23,45,81,87,130,39,148,17,108,2,8,89,88,124,25,120,127,112,106,33,54,107,34,68,73,92,121,76,109,60,5,38,14,51,147,140,69,48,20,149,42,93,59,1,50,132,21,142,128,52,15,10,134,133,58,4,79,104,56,22,145,113,11,138,36,35,111,31,114,74,32,103,84,75,7,101,82,30,80,62,119,129,41,9,55,99,94,102,122,85,44,47,12,131,137,67,95,136
57,123,24,71,106,53,105,146,29,78,65,16,127,110,86,116,70,88,144,87,22,126,83,141,3,98,77,67,135,18,32,2,66,0,26,40,31,13,19,69,49,97,125,117,63,96,64,61,100,91,118,90,23,45,37,4,72,39,148,17,82,99,8,89,36,124,25,120,28,112,130,33,54,107,143,68,73,92,121,76,109,60,139,38,14,51,147,140,34,48,20,145,42,93,59,1,6,132,21,142,128,52,15,10,134,133,58,27,79,104,56,149,5,113,11,138,43,35,111,115,114,74,81,103,84,75,7,101,46,30,80,62,119,129,41,9,55,108,94,102,122,85,44,47,12,131,137,50,95,136
57,123,31,71,102,53,105,146,29,78,65,16,127,110,124,116,70,88,144,32,22,126,83,141,3,98,77,67,135,18,47,85,66,0,26,40,101,13,19,28,49,97,131,117,63,96,64,61,125,91,118,90,23,45,37,4,72,39,148,17,82,27,122,100,36,115,25,120,38,112,130,33,54,107,143,68,73,92,121,76,109,60,139,15,14,51,99,140,34,48,20,145,42,93,59,1,6,132,147,142,128,106,5,10,108,133,58,86,79,104,2,149,8,113,11,138,35,52,111,24,114,74,81,103,84,75,7,56,30,41,80,62,119,129,12,9,55,89,94,69,43,46,44,21,134,87,137,50,95,136
57,123,132,71,102,53,105,119,29,49,65,16,130,110,124,116,70,108,144,32,22,126,56,141,48,98,77,67,135,18,3,85,60,0,26,40,61,13,5,28,19,97,131,117,25,96,64,122,125,91,118,90,23,45,37,4,72,14,148,17,82,27,92,100,36,115,88,120,38,112,136,33,54,46,143,68,73,107,121,76,109,83,139,15,1,51,99,140,34,78,20,145,42,93,59,128,6,69,147,142,62,106,31,10,24,133,58,86,39,104,2,149,8,113,11,138,35,52,111,9,114,74,127,103,84,75,7,47,30,41,80,63,66,129,12,79,55,89,94,146,43,81,44,21,134,87,137,50,95,101
57,123,89,132,102,147,65,119,29,49,23,16,130,127,124,116,126,108,144,32,22,105,64,141,48,98,145,67,135,21,3,85,60,68,26,149,61,13,5,28,19,27,131,136,25,96,53,122,125,91,118,90,52,45,37,4,72,14,148,17,82,54,92,100,36,115,95,40,38,112,97,33,71,46,143,128,73,107,121,76,109,83,139,15,1,51,99,140,34,78,20,93,42,9,59,0,6,69,117,142,62,106,31,10,24,133,58,86,39,104,2,110,8,113,74,138,35,103,120,88,114,111,18,56,84,75,7,47,30,41,80,63,66,129,12,79,55,70,94,146,43,81,44,11,134,87,137,50,77,101
57,123,89,132,111,84,65,119,147,49,23,16,130,88,102,17,126,108,144,32,22,46,64,141,48,98,145,73,135,68,3,85,60,56,26,149,61,13,5,28,8,27,131,136,12,96,53,122,133,91,118,90,52,106,37,4,72,14,148,1,82,54,92,100,59,115,95,40,38,112,97,33,71,67,29,128,75,107,121,76,109,83,21,15,127,51,99,140,34,78,20,93,19,9,45,139,6,69,117,142,62,143,31,10,24,18,41,86,39,104,2,110,70,113,74,138,35,103,120,42,114,105,116,124,25,36,7,47,30,125,80,63,66,129,137,79,55,0,94,146,43,81,44,11,134,87,58,50,77,101
48,123,89,132,111,84,65,28,128,49,23,16,130,88,90,17,145,108,144,81,30,46,25,141,126,98,54,73,135,68,50,85,60,56,26,124,61,13,5,64,8,27,75,136,12,96,133,122,10,91,118,33,52,106,37,4,72,14,148,1,131,2,92,100,59,115,95,40,38,112,22,97,3,79,29,55,7,107,121,76,109,83,21,15,127,51,99,140,34,78,20,93,19,9,45,71,6,69,67,142,62,143,31,119,24,18,41,86,39,104,102,110,70,113,74,138,35,103,120,42,114,105,116,82,94,36,57,47,117,125,80,63,66,129,137,149,53,0,147,146,43,32,44,11,134,87,58,139,77,101
48,123,89,132,111,98,65,28,128,49,58,16,130,88,90,17,125,108,144,81,124,46,25,141,126,18,23,73,59,68,50,85,60,56,26,118,61,13,99,64,8,27,75,136,12,96,133,122,10,91,43,33,52,106,37,4,72,14,148,1,36,105,120,100,93,66,95,40,38,112,22,97,3,79,29,55,7,107,121,5,109,86,21,15,94,51,74,140,34,78,131,92,19,9,45,71,6,69,67,142,62,143,31,119,24,20,41,77,39,104,102,110,117,113,139,138,35,103,76,42,114,54,116,127,115,32,57,47,82,30,80,63,135,129,137,149,53,0,147,146,84,2,44,11,134,87,83,145,70,101
62,123,112,132,111,8,65,28,2,138,58,16,149,88,90,17,15,108,114,81,124,46,25,30,126,18,23,101,59,68,50,85,60,56,26,118,14,13,99,98,130,27,61,136,12,96,133,122,10,91,43,33,52,106,37,4,72,78,148,1,36,105,120,100,93,66,95,40,38,121,22,97,41,79,29,55,7,107,73,5,109,86,21,69,89,51,74,140,34,75,131,92,19,9,45,71,6,128,67,142,125,144,31,119,24,20,143,117,39,104,102,110,77,113,139,141,35,103,76,42,84,64,116,127,115,32,3,47,82,49,80,63,135,129,137,57,53,0,147,146,94,44,54,11,134,87,83,145,48,70
62,123,112,132,111,8,65,28,2,138,98,16,149,92,91,46,15,108,114,81,124,110,25,97,126,18,79,67,59,68,50,85,30,56,26,118,14,13,99,69,130,27,61,136,12,96,133,122,10,78,57,33,52,106,5,4,72,75,148,1,36,105,74,29,93,66,37,40,38,121,22,42,41,139,90,55,120,107,73,23,109,86,21,71,89,51,60,140,34,43,131,54,19,9,45,88,6,128,7,142,125,95,31,119,24,20,143,117,39,104,102,53,77,113,129,141,35,103,147,100,84,64,116,127,115,32,3,47,82,49,80,63,135,58,137,101,17,0,144,146,94,44,76,11,134,87,83,145,48,70
62,123,112,132,111,122,65,28,2,138,98,16,149,92,38,110,15,108,114,81,124,44,25,97,126,18,79,67,59,68,50,85,30,88,4,118,14,13,99,69,130,72,61,136,12,96,133,91,10,70,57,33,52,106,129,8,22,75,35,1,36,105,74,29,93,100,37,40,19,121,139,42,41,109,90,55,120,107,73,23,142,86,21,71,32,51,60,140,34,43,131,54,26,9,45,66,78,128,7,5,125,95,31,119,24,20,143,117,89,104,102,53,77,113,47,141,127,103,58,56,84,64,116,147,115,27,3,148,82,49,6,46,135,80,137,101,17,0,144,145,94,39,76,11,134,87,83,146,48,63
62,77,112,135,111,76,65,28,2,138,98,16,149,92,38,110,15,108,131,25,124,44,109,97,126,18,123,67,81,68,50,85,30,88,4,118,14,13,99,69,31,54,61,136,12,96,133,142,56,70,57,33,52,106,129,8,22,75,10,130,36,59,74,29,93,100,37,35,19,121,139,42,41,40,90,55,3,107,1,23,79,86,21,71,32,51,91,140,34,43,120,60,26,9,45,66,78,128,7,5,125,95,105,119,24,20,143,117,89,134,102,53,141,113,47,137,127,39,58,73,0,64,116,147,115,27,132,148,82,49,6,46,103,80,72,101,17,104,144,145,94,83,84,11,122,87,114,146,48,63
136,33,112,135,111,76,65,28,2,53,105,16,149,92,38,110,15,108,131,25,106,44,109,77,126,18,123,67,81,68,50,85,62,88,4,93,95,13,114,69,31,119,61,21,12,96,133,142,56,70,57,3,52,98,129,8,22,75,146,130,36,59,74,29,124,100,37,35,19,121,1,42,41,64,90,55,14,107,10,23,118,86,60,71,32,51,91,140,34,43,120,143,26,9,45,66,30,128,7,5,125,39,94,80,24,20,134,117,89,139,102,78,141,113,47,137,127,79,58,73,0,72,116,147,115,27,132,148,82,49,6,46,103,40,54,101,17,104,144,145,122,83,84,11,138,87,99,97,48,63
41,49,85,135,111,76,17,28,2,53,105,16,149,92,38,110,15,108,144,25,106,130,109,77,126,18,123,67,26,68,50,44,62,29,48,93,95,13,114,79,31,119,61,21,12,96,133,142,69,70,57,3,52,98,129,131,22,75,80,88,51,59,74,56,112,100,37,35,19,121,1,42,136,64,146,55,14,33,10,23,118,86,7,71,32,65,91,140,34,43,120,143,0,9,45,66,30,128,36,5,125,39,94,46,24,103,134,117,89,139,102,78,132,113,47,137,127,60,58,73,141,72,116,147,115,27,20,148,82,124,6,8,4,40,54,101,81,104,107,145,122,83,84,90,138,87,99,97,11,63
41,54,85,135,111,76,17,28,60,53,105,16,149,92,38,110,15,108,144,26,106,35,69,49,126,18,123,67,145,1,50,117,62,29,48,93,95,13,114,79,31,119,61,21,12,96,73,142,32,70,57,3,148,98,129,131,22,75,80,88,51,59,74,56,83,100,130,125,19,39,52,116,136,78,146,55,14,33,10,23,118,86,7,71,112,65,133,140,34,115,120,143,0,9,45,66,91,128,77,5,43,64,94,46,24,103,134,121,89,139,102,2,132,113,47,137,127,6,58,25,141,72,68,147,11,27,20,36,82,124,37,8,4,40,42,101,81,104,107,44,122,109,84,90,138,87,99,97,30,63
122,54,85,13,111,76,17,28,130,139,105,16,108,92,38,110,15,68,144,26,106,35,69,49,126,18,123,67,145,142,50,117,62,29,112,104,95,1,114,93,31,119,61,21,12,96,73,79,32,70,57,3,148,98,0,131,22,75,80,88,51,59,74,56,83,100,81,125,19,8,52,116,136,78,146,55,14,33,4,23,64,86,58,129,39,65,133,140,34,121,120,143,71,9,45,66,91,128,77,5,43,10,94,53,24,103,134,48,89,135,102,2,82,113,47,137,127,6,41,25,115,72,60,147,11,27,7,36,141,124,37,149,132,40,42,101,118,138,107,44,20,109,84,90,46,87,99,97,30,63
122,54,53,75,114,76,17,28,130,107,105,16,108,92,38,126,15,68,139,26,106,35,69,134,96,18,123,67,145,142,50,84,62,29,112,104,95,1,117,93,31,119,61,21,12,52,73,79,32,70,57,3,148,98,0,131,22,144,80,88,25,51,74,56,83,100,81,125,19,34,113,141,136,78,146,55,14,45,4,23,64,86,116,129,39,65,99,49,111,121,120,143,71,9,13,66,91,128,77,5,43,10,94,58,24,103,140,48,89,135,102,2,82,127,47,137,110,6,36,33,115,72,60,147,11,27,85,41,37,124,59,149,132,40,42,101,118,138,46,44,20,7,109,90,133,87,8,97,30,63
122,98,53,75,57,76,17,28,68,107,105,16,127,92,38,56,8,95,54,26,106,111,69,143,96,18,33,67,145,142,50,84,99,29,112,104,40,1,117,93,139,119,61,21,12,52,73,79,32,70,134,3,148,15,31,131,22,144,80,88,25,51,74,130,83,100,81,125,123,34,113,141,136,78,146,55,14,45,72,23,64,86,116,129,39,65,126,49,85,24,120,128,71,9,13,66,91,114,77,102,43,10,19,58,108,103,5,48,89,135,6,2,82,121,47,137,110,4,36,94,115,35,60,147,11,27,7,41,37,124,59,149,132,0,42,101,118,138,46,44,20,140,109,90,133,87,62,97,30,63
122,98,53,75,57,76,24,28,68,73,71,16,127,92,38,51,8,95,54,91,106,39,146,143,96,18,33,67,83,142,50,84,17,29,111,104,40,1,117,93,139,119,61,21,145,52,138,79,32,70,134,15,148,13,31,131,85,56,80,88,25,99,74,130,107,3,105,126,123,34,113,141,136,78,9,55,14,45,6,23,64,86,116,129,125,65,49,72,22,112,120,128,144,69,12,66,100,114,77,102,43,10,149,58,108,103,5,48,90,135,89,2,82,121,47,137,110,4,36,94,115,35,60,147,11,27,7,41,37,124,59,19,132,0,42,101,118,81,46,44,20,140,109,26,133,87,62,97,30,63
122,98,24,75,57,94,107,28,68,73,71,60,127,92,146,51,38,95,54,91,106,39,35,143,96,18,119,67,83,142,100,84,17,29,111,104,134,1,117,93,139,22,61,21,145,52,138,25,16,70,32,80,148,13,31,131,85,56,3,88,8,99,74,130,65,116,105,126,123,69,113,141,136,78,9,55,14,45,6,23,64,86,58,129,125,53,49,72,79,112,120,128,144,140,12,66,90,114,40,102,43,10,15,2,33,103,5,133,48,135,89,50,82,121,47,137,110,4,36,108,115,149,76,77,11,27,7,41,37,124,59,19,132,0,42,101,118,81,46,44,20,147,109,26,34,87,62,97,30,63
45,98,24,75,77,94,107,28,116,130,71,60,127,92,115,51,38,95,54,91,106,39,35,0,122,18,119,67,83,142,100,84,17,146,111,104,11,1,29,93,73,22,61,21,145,52,138,25,16,55,32,82,148,13,19,137,56,102,3,6,8,99,74,134,65,109,43,126,123,4,113,141,136,78,9,105,14,143,57,23,64,86,58,129,125,117,49,72,79,112,120,128,144,140,12,66,90,114,40,131,70,10,15,2,33,103,5,133,48,135,89,50,97,121,47,88,110,80,36,108,85,149,76,68,69,27,7,41,37,124,59,96,132,139,42,101,118,81,46,44,20,147,53,26,34,87,62,31,30,63
45,98,24,135,77,94,107,59,116,130,71,60,127,92,115,51,87,95,54,91,106,70,35,0,122,18,119,67,83,32,100,55,17,146,111,104,11,1,29,93,73,22,61,21,145,52,38,25,16,141,109,82,15,13,19,137,56,102,3,6,8,99,117,134,90,49,84,126,123,4,113,47,136,78,9,105,14,125,57,23,64,86,58,129,46,75,88,72,148,112,120,128,144,65,110,66,101,114,40,131,140,10,79,2,33,103,5,133,48,28,89,50,97,121,74,80,39,43,36,108,85,149,138,68,69,27,7,142,37,124,41,96,132,139,42,20,118,81,12,44,76,147,53,26,34,62,143,31,30,63
18,86,24,135,77,94,107,59,116,130,69,118,127,92,115,51,87,112,54,2,106,70,35,0,122,71,119,67,83,148,60,55,17,146,111,30,11,1,29,93,73,90,61,21,145,52,38,25,16,141,109,82,100,143,5,137,56,102,3,6,8,15,117,134,44,49,84,126,123,4,113,47,136,78,9,105,14,125,57,12,64,23,58,129,46,75,13,72,22,104,124,128,144,65,110,66,101,114,40,131,140,10,79,95,33,103,139,133,48,28,89,50,97,121,74,91,39,45,36,108,85,149,138,68,81,27,7,99,37,32,88,96,132,19,42,20,142,31,120,43,76,147,53,26,34,62,98,41,80,63
96,86,24,135,77,94,59,107,116,130,69,118,23,92,115,51,87,112,54,2,106,70,35,0,122,71,6,18,83,148,76,55,17,146,111,30,11,1,29,93,22,90,61,98,145,52,60,25,16,21,109,82,100,143,5,99,56,50,3,127,8,128,134,142,48,10,84,126,123,4,113,47,136,78,9,105,14,125,57,12,64,49,58,129,46,75,13,72,67,104,124,15,44,65,110,66,132,114,40,131,101,117,79,95,33,103,139,133,141,28,89,73,97,38,74,91,39,45,36,108,85,149,138,68,81,27,7,140,37,32,88,144,20,19,42,137,120,31,121,102,43,147,53,26,34,62,119,41,80,63
96,86,24,84,77,94,59,107,26,130,69,118,23,92,115,113,87,112,54,116,106,70,35,0,122,71,6,18,49,67,76,55,17,146,72,82,51,80,29,14,22,119,61,98,145,52,60,25,93,21,109,120,100,143,5,99,46,50,3,127,8,128,134,121,48,10,124,126,123,4,102,47,63,78,9,105,110,125,57,12,64,104,58,129,13,75,2,142,56,11,88,15,44,65,32,66,132,114,30,131,101,117,79,95,33,103,139,133,141,28,89,73,97,38,74,91,39,45,36,108,85,149,138,68,81,27,7,140,37,16,1,144,20,19,42,137,148,31,111,40,43,147,53,83,34,62,135,41,90,136
96,86,24,84,77,94,59,107,26,130,69,29,53,92,115,113,87,112,54,116,106,70,35,128,122,1,6,18,49,67,76,55,17,146,60,91,51,80,102,133,22,119,61,98,23,100,118,25,93,21,109,120,57,143,5,99,46,50,103,127,8,16,0,121,48,10,124,144,123,4,63,47,95,78,52,105,110,125,13,12,64,104,58,129,9,75,2,142,56,11,88,114,44,65,32,66,132,19,30,131,126,117,79,101,33,73,139,82,141,28,89,72,97,38,74,134,39,45,145,108,15,149,138,68,81,27,7,140,37,36,14,71,20,43,42,137,3,31,111,40,85,147,148,83,34,62,135,41,90,136
96,86,24,84,77,81,144,107,136,87,69,29,148,92,115,113,134,112,54,116,106,60,35,70,71,1,6,18,49,67,76,55,23,146,38,91,51,80,149,133,104,119,61,98,122,100,103,25,93,19,109,120,57,143,5,99,46,50,13,127,8,16,0,121,48,10,124,17,123,4,63,27,95,78,114,105,110,125,22,12,64,52,58,129,9,75,2,142,56,11,88,62,47,65,32,66,132,79,30,131,126,117,53,101,33,73,139,44,141,28,89,128,97,59,72,74,39,45,145,108,15,21,138,68,130,118,7,140,37,36,14,94,20,43,42,137,3,31,111,40,85,147,82,83,34,26,135,41,90,102
96,59,16,84,77,81,144,107,136,87,69,29,148,92,146,113,134,112,54,116,106,60,35,7,71,1,6,44,66,97,76,55,30,67,38,88,51,140,149,133,104,119,61,103,122,100,24,25,93,19,109,120,23,143,5,99,11,50,13,127,8,46,0,121,48,10,124,17,123,4,63,27,95,78,114,20,110,125,22,12,128,52,58,129,9,53,2,142,56,70,43,62,47,49,32,21,132,79,80,131,126,117,42,101,33,73,139,98,141,28,89,18,86,75,111,74,39,45,145,108,15,91,138,68,130,118,65,64,37,36,14,94,115,31,57,137,3,72,105,40,85,147,82,83,34,26,135,41,90,102
96,59,16,120,114,28,4,107,136,87,69,29,105,92,73,113,134,112,54,116,106,58,35,7,71,1,6,144,66,42,148,55,84,67,79,88,51,140,149,133,108,119,61,103,122,76,24,25,93,19,100,81,23,143,5,99,11,50,13,127,8,20,90,56,48,10,124,17,123,0,63,27,95,46,75,121,110,125,22,12,128,52,82,129,9,53,2,142,78,70,43,62,47,14,32,21,132,60,80,131,126,117,135,101,33,44,139,98,141,104,89,18,86,109,111,74,39,45,145,38,15,91,138,68,130,118,65,64,37,36,146,94,115,31,57,137,3,72,97,40,85,30,77,83,34,26,147,41,49,102
138,59,16,23,114,28,4,107,123,113,69,29,105,92,73,74,134,112,54,116,118,90,35,7,127,1,6,144,66,58,148,55,84,67,79,88,51,18,149,133,108,119,61,103,122,76,136,146,93,17,100,81,96,143,38,99,11,50,13,3,8,20,42,56,48,87,129,10,25,124,63,27,95,140,75,121,110,125,22,12,128,52,82,115,0,53,2,142,78,70,43,62,47,14,32,21,132,60,80,131,126,117,135,101,33,44,139,98,141,104,89,19,86,109,111,71,39,45,145,5,15,91,9,68,102,130,65,46,37,36,120,94,34,31,57,137,97,72,24,40,85,30,77,83,106,26,147,41,49,64
138,59,16,47,114,28,4,149,123,113,69,29,93,92,73,74,54,112,139,108,118,90,35,7,23,24,6,144,66,58,132,55,1,67,79,88,51,18,84,133,20,119,22,103,122,76,136,43,128,17,100,81,96,148,107,99,11,50,9,3,94,19,61,56,48,87,129,10,25,124,63,27,95,140,75,121,110,125,127,12,117,52,116,115,0,53,105,142,78,131,42,62,70,120,32,21,134,60,80,13,126,14,135,101,33,44,82,98,141,104,89,2,86,109,111,71,39,45,145,5,15,91,143,68,102,130,65,46,37,36,38,8,34,31,57,137,97,72,146,40,85,30,77,83,106,26,147,41,49,64
21,59,16,118,114,28,4,149,148,113,69,128,93,92,73,39,54,112,139,108,141,90,35,7,23,47,37,82,66,58,132,55,1,67,19,64,27,18,84,133,20,5,22,103,122,76,136,138,123,17,100,81,96,144,107,99,11,146,9,3,94,134,61,56,8,87,129,10,25,124,63,43,95,140,75,121,110,125,127,12,117,52,79,115,0,53,105,142,78,131,42,62,70,120,32,57,50,60,80,13,126,14,135,74,33,147,89,98,88,104,51,2,86,44,111,71,109,45,145,101,15,91,6,68,102,130,65,46,116,36,38,24,34,31,143,137,97,72,48,40,85,30,77,83,106,26,119,41,49,29
21,0,16,118,1,28,24,149,148,72,69,128,93,92,73,39,54,103,139,108,141,90,102,7,23,47,30,82,45,137,132,55,99,67,19,64,27,18,84,133,20,5,22,111,122,76,33,138,123,17,100,81,96,144,4,106,11,146,9,3,94,134,61,56,8,87,129,80,25,127,63,43,95,58,75,121,110,125,10,135,117,52,79,115,40,53,66,142,78,131,42,62,70,120,32,57,50,60,88,13,126,14,38,74,35,147,89,98,113,104,51,2,86,44,83,71,136,140,145,101,15,91,6,68,112,130,65,46,116,124,36,109,34,31,143,37,97,105,48,107,85,114,77,59,12,26,119,41,49,29
21,0,16,118,83,28,24,149,148,72,51,128,93,92,73,78,133,103,139,89,141,90,102,7,23,47,30,82,45,15,132,55,99,67,39,64,27,18,84,94,20,5,22,111,122,137,113,138,42,17,100,81,33,144,146,106,11,19,126,3,69,134,61,56,96,87,9,80,123,127,63,43,95,58,75,121,110,125,10,135,88,52,79,115,40,1,66,142,124,76,131,91,2,120,32,57,50,54,53,13,60,14,38,74,35,147,70,98,25,104,62,117,86,44,129,71,136,140,145,101,108,107,6,68,112,130,65,46,116,4,36,109,34,31,143,37,97,105,48,8,85,114,77,59,12,26,119,41,49,29
21,0,16,118,83,7,24,106,148,72,51,128,93,92,73,10,133,103,139,89,141,90,43,65,23,47,30,82,45,15,132,39,66,67,64,58,111,18,102,94,78,5,22,60,46,137,113,138,42,17,100,81,33,144,117,56,11,19,126,3,69,134,61,146,96,87,9,80,123,127,63,130,95,37,75,121,110,35,122,135,88,52,79,115,40,1,49,142,124,76,131,91,2,53,32,57,50,54,28,13,55,14,38,74,120,147,70,98,112,104,62,84,86,44,149,71,136,140,145,101,108,107,6,68,129,125,26,59,116,4,36,109,34,31,143,20,97,105,27,8,85,114,77,48,12,25,119,41,99,29
21,0,133,100,83,7,24,17,148,72,51,114,48,86,73,10,92,103,139,64,141,80,43,65,23,82,30,8,63,15,47,39,45,67,111,132,60,18,102,94,78,5,61,16,46,137,113,138,128,93,123,81,33,144,117,56,11,106,126,3,69,134,120,146,96,87,9,26,22,127,57,130,95,37,75,121,110,35,122,135,88,52,42,115,40,1,49,142,124,76,131,91,19,53,32,90,50,54,28,13,55,14,38,74,71,147,70,98,112,104,62,84,79,44,149,89,136,140,145,101,108,107,6,68,129,125,118,59,116,4,36,109,34,31,143,20,97,105,27,66,85,2,77,119,12,25,58,41,99,29
140,0,133,57,83,7,24,108,148,17,51,114,10,86,73,52,92,103,139,64,141,80,43,65,23,82,48,2,63,84,47,39,45,67,111,132,3,18,58,94,78,5,61,16,46,137,113,100,128,93,123,72,122,144,117,56,135,14,126,30,69,134,120,146,96,87,9,26,22,127,11,40,95,37,75,121,110,60,104,15,88,29,42,115,85,1,49,142,124,76,131,91,19,53,32,90,50,54,28,13,55,36,38,74,71,68,70,98,112,35,25,106,79,44,149,89,136,130,145,101,102,107,6,21,129,125,118,59,116,4,62,109,34,31,143,20,97,105,27,66,33,8,77,119,12,81,147,41,99,138
140,0,133,116,83,112,24,108,148,17,51,6,10,86,73,52,87,103,146,4,141,80,43,65,23,82,149,2,63,111,47,1,45,67,139,132,18,53,58,84,78,5,61,109,46,137,113,100,128,93,123,72,122,36,71,56,135,14,126,30,69,134,120,57,96,117,9,26,22,127,11,40,95,37,75,121,48,60,104,15,88,29,42,115,85,89,66,125,124,76,131,91,19,39,144,90,50,54,28,13,55,3,38,74,102,49,70,98,92,35,25,106,79,44,68,64,136,130,145,101,94,107,32,21,129,142,118,59,114,34,62,110,16,31,143,20,97,105,27,7,33,8,77,119,12,81,147,41,99,138
140,0,133,116,83,90,24,16,148,17,51,6,10,86,73,52,87,108,146,4,141,80,43,127,23,82,149,2,63,111,47,1,70,67,139,132,18,53,55,84,78,5,61,109,46,137,113,100,128,93,26,22,122,36,71,56,135,14,45,30,69,134,120,75,96,129,9,38,79,34,11,65,95,92,31,121,48,60,104,15,88,29,97,115,85,89,66,33,124,76,131,91,58,39,144,35,50,54,28,103,126,3,117,74,102,49,8,98,57,19,44,106,123,112,68,64,136,130,145,101,94,107,32,21,42,142,118,59,114,40,62,110,41,13,143,20,125,105,27,7,37,72,77,119,12,81,147,25,99,138
115,0,133,57,143,90,24,65,148,17,9,6,10,86,73,52,80,108,146,4,117,123,43,140,23,82,149,99,63,83,47,1,70,67,139,132,18,53,55,84,78,5,127,109,97,69,60,14,128,93,26,126,122,116,71,56,135,87,45,30,124,134,120,75,46,129,36,38,79,34,11,48,96,92,31,121,113,137,104,15,88,29,35,16,85,89,66,33,22,76,131,91,58,39,144,2,50,54,28,103,111,3,141,74,102,49,8,98,95,19,44,106,119,112,68,64,136,130,145,101,94,107,32,21,42,142,118,59,114,40,62,51,41,13,110,20,125,105,27,7,37,72,77,100,12,81,147,25,61,138
115,0,142,57,143,90,53,65,148,17,129,10,94,86,73,52,80,108,146,4,117,123,43,140,23,82,149,99,63,3,105,1,33,67,139,132,18,76,55,84,83,5,110,101,97,75,60,14,128,93,26,126,122,116,71,56,135,87,45,30,124,134,120,47,46,8,36,38,79,34,9,48,96,92,31,121,113,137,104,15,88,29,119,98,24,89,66,6,22,91,131,127,11,39,144,2,109,54,28,103,111,81,141,74,102,49,35,145,95,19,44,106,70,112,68,64,136,130,72,78,133,107,32,21,42,25,118,59,114,40,62,51,50,13,16,20,125,69,27,7,37,41,77,100,12,58,147,85,61,138
115,24,142,143,96,90,53,58,148,113,134,10,94,86,73,52,80,84,146,4,119,123,43,140,30,82,149,99,63,3,105,1,33,67,139,132,18,76,55,78,83,5,110,101,97,135,23,14,128,93,26,126,122,116,71,56,45,87,104,40,124,108,120,133,46,8,36,60,79,34,9,48,117,92,31,121,65,137,129,15,88,29,47,98,54,89,131,50,22,91,75,127,66,39,144,2,109,0,28,103,111,81,141,74,102,49,44,145,95,19,6,11,38,112,68,64,136,130,72,107,70,17,32,21,42,25,118,59,114,57,62,51,35,13,16,20,125,69,27,7,37,41,77,100,12,106,147,85,61,138
43,24,142,143,96,90,53,58,79,113,134,144,94,52,73,132,80,84,146,4,119,123,10,133,30,82,122,99,85,3,105,1,33,63,139,115,18,147,55,12,83,138,110,101,97,23,78,14,148,93,26,5,89,116,71,56,45,87,104,40,124,108,120,77,46,8,36,67,149,34,9,48,117,92,31,121,60,137,129,15,88,29,47,98,54,72,131,50,22,91,75,127,66,39,41,2,109,0,28,103,111,81,141,74,135,49,102,145,95,65,6,11,38,112,68,64,136,130,51,107,70,17,32,21,42,25,118,59,114,57,62,86,35,13,16,20,19,69,27,7,37,140,128,100,61,106,126,125,44,76
43,119,94,143,96,90,53,58,79,113,134,144,86,52,13,132,80,84,146,4,6,123,10,133,30,62,122,99,149,3,103,1,33,63,139,115,76,147,100,12,83,18,110,101,135,23,78,14,148,93,26,73,108,116,71,56,45,81,104,40,105,124,120,77,46,5,36,67,17,34,9,48,97,92,31,121,60,137,129,15,88,29,47,98,54,72,131,85,22,91,75,127,66,87,41,2,109,0,28,21,111,142,141,74,117,49,138,145,95,65,24,11,38,112,68,32,136,130,51,107,70,50,125,64,42,25,118,59,114,57,8,39,35,55,16,20,19,69,27,7,37,140,89,128,61,106,126,82,44,102
43,119,94,143,75,90,53,58,79,113,134,144,86,133,13,132,80,84,146,4,117,123,10,101,30,62,140,99,149,118,103,1,33,63,139,136,76,147,100,12,83,18,110,61,135,23,67,14,148,93,26,73,108,116,71,56,21,81,104,40,105,124,120,77,46,15,36,5,17,34,9,48,97,92,31,54,3,137,129,57,88,29,47,98,112,72,131,6,145,91,44,127,66,87,41,60,109,0,28,96,111,142,141,74,37,49,138,122,95,65,24,11,38,130,68,45,59,78,51,107,70,50,125,52,42,25,85,2,8,89,121,39,35,55,16,20,19,69,27,7,32,22,114,128,64,106,126,82,115,102
43,45,94,143,75,48,90,87,29,113,119,144,86,125,13,132,80,58,146,4,117,123,10,101,30,62,140,99,149,118,103,1,33,63,139,116,76,147,100,12,41,18,110,61,135,23,9,14,52,93,26,73,108,83,71,56,21,81,104,40,105,124,120,77,46,15,36,134,17,35,39,109,97,92,31,54,3,137,129,57,88,69,47,34,112,72,131,6,145,91,44,127,66,136,5,60,22,0,148,96,111,142,141,74,37,130,138,122,95,89,24,128,38,79,68,67,59,78,51,107,70,50,121,53,42,25,85,2,8,98,49,126,28,55,16,20,19,11,27,7,32,65,114,133,64,106,84,82,115,102
43,45,94,143,134,53,90,79,29,113,54,144,86,125,13,132,80,58,109,4,117,123,10,101,30,62,140,99,149,118,103,1,33,124,139,116,76,147,100,12,41,18,110,61,135,23,9,14,52,93,26,73,48,47,71,56,21,81,104,40,119,128,120,77,46,15,20,111,17,35,75,3,97,83,31,63,131,137,129,0,88,50,105,34,112,39,72,6,145,91,36,127,66,136,5,60,22,108,148,96,69,84,44,74,92,85,138,122,95,89,24,37,38,146,68,67,59,78,51,107,70,87,121,141,42,25,57,2,8,98,49,126,142,55,28,16,19,11,27,7,32,65,114,133,64,106,130,82,115,102
107,144,94,143,134,53,90,64,29,113,54,85,86,125,13,132,80,58,109,4,24,123,10,101,30,62,140,99,149,118,69,1,33,79,139,116,81,147,100,12,41,18,72,61,135,23,9,14,52,93,117,73,48,47,71,56,21,74,104,40,26,128,120,77,46,15,20,3,17,35,75,16,97,28,31,63,59,137,36,0,57,50,105,34,112,39,131,6,19,91,83,127,66,136,5,60,22,108,78,96,148,84,44,68,92,124,138,122,95,89,111,37,38,146,45,67,126,110,51,121,70,87,119,141,42,25,88,2,8,103,49,129,142,55,145,76,98,11,27,7,32,65,114,133,43,106,130,82,115,102
98,144,94,23,108,53,90,64,40,113,54,85,86,125,13,132,80,117,109,4,24,123,10,101,143,17,140,107,149,118,69,1,33,79,104,116,81,18,100,12,41,7,72,61,29,6,9,14,52,93,84,73,124,47,71,56,21,74,58,139,26,128,48,77,46,15,20,30,70,3,75,16,97,28,31,63,59,137,36,0,57,50,105,34,112,39,131,82,19,135,83,127,66,136,5,60,22,78,42,96,148,25,44,68,99,62,147,122,95,89,111,37,38,146,45,67,126,110,51,121,102,87,119,141,92,8,88,35,134,103,49,129,142,55,145,76,120,11,27,138,32,65,114,133,43,106,130,91,115,2
98,144,94,57,108,53,90,64,2,140,54,85,86,121,13,132,80,117,109,4,24,123,10,101,124,17,139,107,149,112,69,1,33,79,104,116,81,3,100,12,27,40,127,61,29,6,9,83,52,93,84,73,41,47,71,49,21,92,58,78,26,128,48,77,46,15,20,30,70,23,75,16,18,143,31,63,59,137,36,0,14,50,105,34,97,39,131,82,19,135,113,134,66,136,5,60,22,87,42,96,148,25,44,68,99,125,130,122,95,89,111,37,38,7,45,67,126,110,146,51,102,119,147,141,72,8,88,35,133,103,74,129,142,55,145,76,120,11,28,138,32,65,114,56,43,106,118,91,115,62
98,144,53,57,68,118,90,64,2,140,54,85,86,121,13,132,80,81,109,4,82,123,124,101,38,17,139,107,149,112,69,1,105,24,104,136,27,3,100,12,79,40,127,61,31,6,9,83,52,93,84,73,41,47,71,49,21,92,58,78,94,147,48,77,26,15,20,148,70,23,75,16,18,143,128,63,59,5,36,0,14,50,116,34,97,39,131,28,19,135,113,134,66,108,22,60,138,67,42,96,33,46,44,117,99,125,130,122,95,89,111,37,87,10,45,129,126,110,119,51,102,25,7,141,72,8,88,35,133,103,74,29,142,55,145,76,120,11,146,137,32,65,114,56,43,106,30,91,115,62
98,144,53,57,68,118,54,64,2,140,148,85,123,42,13,132,80,81,109,4,82,97,131,101,55,29,17,107,149,112,71,143,105,24,27,136,87,120,100,12,79,40,127,61,31,6,9,83,52,93,84,73,41,47,1,49,21,92,58,78,88,147,48,77,26,15,20,110,70,23,75,16,90,104,128,63,59,5,36,0,14,65,116,34,139,39,86,28,19,135,44,134,66,108,22,60,138,69,50,96,33,46,113,117,99,125,130,122,95,89,111,37,142,10,45,129,126,38,121,51,102,25,7,141,72,67,3,35,133,8,74,119,18,124,145,76,32,11,146,137,94,103,114,56,43,106,30,91,115,62
98,144,53,57,68,118,54,64,84,140,148,85,123,42,13,112,80,81,109,124,82,97,59,101,137,29,17,1,149,35,71,143,32,24,27,136,87,107,100,12,135,40,69,55,31,6,9,83,52,93,114,14,90,47,120,49,77,92,58,78,88,147,48,21,8,15,127,110,141,20,75,16,105,104,128,63,2,5,36,0,51,4,116,34,139,39,86,28,19,26,44,134,66,108,22,60,138,61,50,96,33,46,113,117,99,125,130,122,95,89,111,37,142,10,45,129,126,23,121,65,102,25,7,70,72,67,3,103,133,41,74,119,18,132,145,76,73,11,146,79,94,131,38,56,43,106,30,91,115,62
98,144,53,64,68,118,54,28,126,140,96,46,123,42,13,112,80,81,109,124,119,97,59,101,137,102,57,82,149,35,71,143,32,24,27,136,87,8,100,148,2,40,69,55,90,6,9,83,52,93,114,14,17,26,120,49,77,92,58,78,88,147,48,21,84,15,127,110,141,20,75,16,105,104,128,63,138,5,36,0,51,4,116,34,139,31,94,18,19,86,44,134,66,108,22,132,135,61,50,60,33,91,113,117,99,125,130,122,85,89,111,7,142,10,45,129,146,23,121,65,37,25,95,70,47,67,3,103,133,41,74,1,39,29,145,76,73,11,56,79,72,131,38,107,43,106,30,12,115,62
98,144,53,22,62,118,54,28,71,140,68,46,123,42,13,112,117,81,109,124,119,97,80,101,137,18,57,82,149,35,48,143,32,24,27,74,87,8,100,148,2,40,113,55,90,6,9,69,52,93,106,14,17,26,120,104,29,92,58,126,88,147,47,21,84,19,127,110,141,20,75,16,105,125,128,63,138,5,36,0,51,4,116,34,139,31,94,73,59,86,44,134,66,108,11,49,135,114,50,60,33,91,77,78,99,64,130,122,85,89,111,7,142,61,45,129,146,23,121,65,96,132,95,70,83,67,3,103,133,41,10,102,39,37,145,76,1,72,56,79,25,131,38,107,43,15,30,12,115,136
98,144,53,22,62,118,54,28,71,140,68,46,56,125,13,101,117,136,109,99,119,97,80,14,137,18,57,82,149,35,37,143,32,24,42,74,87,8,100,148,2,48,113,124,90,0,9,69,52,93,55,85,6,26,120,75,29,92,94,126,88,147,34,66,84,19,127,110,141,20,123,16,105,112,38,63,138,5,36,27,51,4,116,133,139,10,70,73,59,86,44,3,47,108,11,49,135,114,50,60,33,91,77,78,31,64,130,122,106,89,111,7,142,61,45,129,146,17,121,65,96,132,95,128,83,67,134,103,58,41,81,102,39,23,145,76,1,72,40,79,25,131,21,107,43,15,30,12,115,104
98,49,53,132,62,118,54,141,71,140,68,46,56,125,13,22,117,57,109,99,119,97,80,16,137,18,131,29,122,35,37,143,93,24,42,74,87,8,100,148,2,48,113,124,136,0,84,69,52,40,55,85,6,26,120,9,17,78,94,126,88,90,34,66,92,19,127,7,28,20,123,101,105,112,38,63,138,5,36,27,51,4,116,133,139,10,70,73,59,86,58,3,47,108,11,149,41,114,50,60,33,91,77,147,31,144,110,135,75,89,111,14,142,61,45,129,146,12,121,65,96,15,95,128,83,67,134,103,82,64,81,102,39,23,145,76,1,72,130,79,25,106,21,107,43,32,30,44,115,104
0,49,53,98,62,118,54,141,71,140,89,46,56,125,13,22,117,68,109,43,79,97,2,16,137,18,131,124,122,35,37,55,93,24,42,74,87,8,100,148,14,48,113,111,133,110,84,102,52,40,143,61,6,26,120,69,17,78,94,126,88,107,34,66,92,19,127,7,28,20,4,101,105,80,38,63,138,5,36,27,51,112,116,144,99,10,70,73,59,86,58,3,47,108,11,149,41,114,50,60,33,91,77,147,31,123,136,135,75,57,9,106,142,130,45,129,146,12,121,65,96,104,95,128,83,67,134,103,82,15,81,90,39,23,145,76,1,72,29,119,25,64,21,139,132,32,30,44,115,85
41,49,53,98,62,118,54,83,71,140,89,46,56,125,13,22,117,68,121,136,79,97,108,16,137,18,146,124,122,35,37,55,93,24,109,74,87,8,100,148,82,48,113,111,133,110,84,102,52,0,143,61,6,26,120,104,17,78,94,126,43,107,34,66,92,19,127,27,135,99,4,101,105,80,38,63,138,5,36,2,51,112,20,144,25,10,7,128,59,86,58,131,47,14,11,149,28,114,50,60,91,1,77,147,31,123,119,33,75,69,9,106,142,130,45,129,57,12,141,65,96,40,95,73,3,67,134,103,44,15,81,90,39,23,145,76,115,72,29,116,70,64,21,139,132,32,30,42,88,85
9,49,53,98,62,24,54,83,71,140,102,144,129,89,127,22,117,68,121,136,79,97,108,16,137,18,146,124,17,41,37,55,93,116,109,74,87,8,100,148,82,48,113,111,133,77,84,46,52,0,143,61,6,1,120,104,5,78,94,126,43,26,34,66,92,19,122,145,135,32,4,101,105,80,99,63,138,3,36,56,51,112,20,60,25,10,7,125,59,107,58,131,47,14,11,33,28,114,50,132,91,64,13,147,31,123,119,149,75,69,118,106,142,27,45,130,57,12,141,65,96,40,95,73,86,67,134,103,44,15,81,90,39,23,110,76,115,72,29,38,70,2,21,139,35,128,30,42,88,85
96,68,53,9,14,24,11,83,71,140,102,144,129,89,127,22,117,67,12,136,79,97,108,16,137,18,146,62,17,41,37,55,93,116,109,74,84,98,100,148,82,48,113,111,133,77,147,46,52,0,143,3,6,87,78,104,5,124,94,126,43,26,34,39,92,19,61,145,135,32,4,101,8,80,99,63,138,149,36,88,51,69,20,60,25,91,7,125,59,66,58,131,47,13,120,33,28,114,50,132,107,64,112,56,31,123,119,49,75,54,118,10,142,27,45,130,57,121,141,65,115,40,95,73,86,139,134,103,44,15,81,90,1,23,110,76,122,72,29,38,70,2,21,106,35,128,30,42,105,85
96,68,48,9,14,24,11,36,71,140,102,144,129,76,127,22,117,67,101,64,79,125,108,33,137,18,146,62,43,41,37,80,112,116,109,74,84,98,100,148,82,97,113,111,133,77,147,46,52,56,143,3,6,87,78,104,5,124,94,126,60,26,34,39,149,19,61,145,135,32,4,121,8,83,99,63,138,10,55,88,51,69,20,16,25,53,7,136,59,66,58,131,47,13,120,90,28,114,50,132,49,12,31,92,17,123,119,75,89,91,118,106,142,27,45,130,57,29,141,65,115,40,95,73,86,35,134,103,44,15,81,54,1,23,110,0,122,72,139,38,70,2,21,93,107,128,30,42,105,85
96,68,120,9,14,24,103,36,71,140,93,144,129,21,127,22,117,147,101,64,79,125,108,76,137,18,146,62,0,41,43,80,112,116,109,74,84,99,100,148,48,97,113,111,133,77,141,13,8,56,143,3,7,87,78,104,132,124,94,52,60,26,34,39,149,19,61,145,135,32,29,121,54,83,6,63,53,10,55,88,51,69,20,16,25,115,130,11,59,66,58,131,47,1,82,90,126,114,50,46,49,12,31,92,17,123,119,75,89,33,118,106,142,27,45,102,57,136,138,65,91,40,95,73,86,35,134,67,44,15,81,98,37,23,110,5,122,72,139,38,70,2,28,4,107,128,30,42,105,85
96,22,120,9,14,77,103,36,71,126,93,144,74,21,127,68,117,147,135,50,17,125,108,76,67,18,146,62,24,41,43,80,112,116,109,133,95,99,100,148,48,121,113,111,134,31,141,13,8,56,143,128,7,87,26,104,132,124,94,52,60,84,34,39,149,19,137,145,78,32,29,42,54,83,6,63,53,10,55,88,51,69,20,16,25,115,130,11,59,66,58,131,47,1,140,90,79,114,64,46,49,12,0,92,85,123,106,75,89,33,118,119,142,35,45,102,57,82,138,65,91,97,129,73,86,3,40,136,44,15,81,98,37,23,110,5,122,72,139,38,70,2,28,4,107,27,30,101,105,61
96,22,90,9,14,77,103,36,71,70,93,144,74,21,127,68,117,147,135,50,17,125,108,149,67,18,146,62,24,41,43,80,112,116,109,133,95,99,143,148,63,121,113,111,76,31,141,13,8,124,82,128,120,52,26,6,132,1,94,102,98,84,34,60,48,49,137,145,78,32,29,42,54,83,19,38,53,107,55,88,51,92,20,87,25,115,130,11,59,66,58,131,47,56,0,129,79,134,64,46,39,16,7,126,85,123,106,12,89,33,118,119,142,35,45,10,57,114,138,65,91,97,75,73,86,3,40,136,44,15,81,140,37,23,110,5,122,72,139,69,100,2,28,4,104,27,30,101,105,61
111,22,90,9,14,38,103,36,71,140,121,142,74,21,127,110,117,147,135,33,17,125,59,96,67,18,146,62,24,41,43,77,112,116,109,141,95,99,143,148,63,19,113,115,76,31,105,13,8,124,57,128,120,52,26,6,132,1,94,102,98,84,34,60,48,49,137,70,78,32,29,42,93,83,46,50,53,107,55,88,51,92,82,87,25,75,130,11,54,66,58,131,47,56,0,129,79,134,64,35,39,16,7,126,85,123,106,12,89,68,118,119,145,65,149,10,44,114,138,20,45,97,4,73,86,3,40,136,133,15,81,91,37,23,80,5,122,72,139,69,100,108,28,144,104,27,30,101,61,2
111,22,90,139,14,97,52,36,71,140,121,142,74,21,127,110,117,147,135,33,17,125,59,144,25,18,81,62,24,41,73,96,112,116,109,141,95,99,143,148,63,19,113,115,76,31,122,13,8,124,57,128,103,9,93,6,132,1,94,102,98,84,34,60,48,49,87,27,4,32,29,119,0,137,46,50,53,107,55,88,51,92,82,77,120,75,130,146,54,126,58,131,47,56,67,129,79,134,64,145,39,16,7,83,85,123,106,70,89,68,118,11,44,65,149,10,43,114,138,20,45,42,35,100,86,3,40,136,133,15,105,91,37,23,80,5,26,72,66,69,38,108,28,78,104,12,30,101,61,2
111,110,90,139,14,22,52,36,108,140,94,142,100,21,92,79,117,147,135,33,17,125,59,144,25,84,81,62,109,41,57,96,112,116,143,141,95,11,56,148,63,19,133,122,76,31,24,13,8,124,65,128,103,9,119,6,132,1,97,88,98,29,34,60,48,49,87,27,4,32,99,74,0,137,46,50,102,107,55,71,51,129,82,77,120,75,130,146,54,126,58,131,47,121,67,18,104,134,64,145,39,93,7,83,85,123,106,70,89,68,118,16,44,5,149,10,115,114,138,20,45,42,35,127,86,3,40,136,43,15,105,91,37,23,80,113,26,72,66,69,38,53,28,78,73,12,30,101,61,2
111,110,90,139,14,59,52,36,108,11,94,142,100,21,95,79,117,96,99,33,17,125,65,131,25,84,81,62,109,23,127,92,112,116,143,141,47,48,18,148,63,19,133,122,41,31,24,13,8,124,2,128,103,9,119,6,132,1,97,88,98,7,34,60,57,61,87,135,4,32,49,74,29,120,46,50,102,107,55,71,51,129,82,77,137,75,130,146,54,126,58,140,56,121,67,144,104,20,64,145,39,93,27,83,85,123,106,70,89,68,118,16,44,5,149,10,15,114,138,0,45,42,115,134,86,3,40,136,43,147,105,91,22,35,80,113,26,72,66,76,38,53,28,78,73,12,30,101,69,37
111,110,92,139,12,59,52,36,108,11,94,142,100,31,130,79,117,96,99,33,24,125,65,131,25,95,81,44,62,23,127,88,112,37,143,109,47,116,18,148,63,19,133,122,41,21,17,13,8,124,2,128,103,104,119,14,132,1,77,64,98,7,34,60,57,72,87,135,4,32,49,74,29,120,46,50,102,107,55,71,51,129,82,61,137,113,141,149,54,45,58,140,56,121,67,90,28,20,6,145,39,93,27,69,85,123,106,70,89,68,118,16,126,5,9,10,15,83,138,0,84,42,115,134,86,3,40,136,43,147,105,91,22,35,80,144,26,97,66,76,38,53,48,78,73,146,30,101,75,114
115,110,92,139,12,59,52,55,108,103,75,142,100,31,130,126,117,141,99,33,24,125,65,131,25,95,81,44,62,23,127,88,112,37,143,109,47,116,18,148,63,19,133,122,41,21,56,13,8,124,2,128,49,96,97,14,132,1,77,64,98,7,40,60,57,72,87,135,111,32,36,74,29,120,46,50,102,107,35,71,51,129,82,61,137,113,104,149,4,38,58,140,86,121,67,90,54,45,6,145,39,93,84,69,17,123,34,106,89,68,118,70,94,5,9,10,15,83,138,0,28,42,76,134,105,3,16,136,43,147,79,91,22,146,80,144,26,11,66,20,27,53,48,78,73,30,119,101,85,114
115,110,92,98,12,59,52,134,133,103,129,142,139,97,130,126,117,141,99,33,19,1,8,131,100,95,116,44,62,23,127,88,112,37,143,109,47,51,118,148,25,24,65,122,41,21,56,13,86,124,2,128,49,96,63,14,132,43,77,64,7,75,40,146,57,35,87,135,111,32,36,74,29,120,46,50,102,107,137,108,76,73,82,61,72,113,104,149,4,38,58,140,15,121,67,90,54,45,6,145,18,93,84,69,17,123,34,106,89,68,60,70,94,5,9,10,71,83,138,0,28,42,55,39,105,31,16,136,125,147,79,91,22,81,80,144,26,11,66,20,27,53,48,78,3,30,119,101,85,114
126,110,139,98,55,59,52,134,133,103,54,142,13,97,130,131,117,141,99,129,19,143,4,38,100,95,116,44,62,8,127,88,77,37,61,109,47,12,118,148,25,24,65,122,41,21,56,87,86,115,89,128,49,96,93,14,132,43,102,73,7,107,40,64,57,35,135,146,111,32,36,74,29,84,46,50,81,92,137,108,76,63,82,120,72,113,104,149,42,112,58,140,15,121,67,90,23,45,6,145,18,33,51,69,17,123,34,106,2,68,60,70,94,5,9,10,71,83,138,0,28,1,75,39,105,31,16,136,125,147,79,91,22,124,80,144,26,11,66,20,27,53,48,78,3,30,119,101,85,114
40,110,139,98,55,59,52,134,133,103,54,142,117,97,130,131,16,141,99,129,19,143,4,12,100,95,3,44,62,8,127,88,77,121,93,109,47,87,118,148,25,24,65,122,41,21,104,29,86,31,89,128,38,96,5,14,28,43,102,73,7,107,68,64,57,35,135,146,111,32,36,74,80,84,2,50,81,92,37,125,76,63,82,120,72,113,22,115,42,112,58,140,15,61,67,90,23,45,6,145,18,33,51,69,17,123,34,106,46,60,116,70,94,13,9,10,71,149,138,0,26,1,75,39,105,108,144,136,78,147,79,91,119,124,137,126,132,11,66,20,27,53,48,56,83,30,49,101,85,114
40,110,139,91,55,59,15,134,147,133,54,142,117,71,130,131,16,141,99,38,19,9,4,129,100,95,3,44,62,8,127,88,77,80,93,109,47,61,118,136,25,24,97,122,111,21,121,29,86,31,87,128,103,96,5,14,28,45,102,73,124,107,108,64,57,35,135,146,18,32,36,74,98,84,2,52,81,68,37,125,76,63,82,120,72,113,22,115,42,112,58,140,92,49,67,7,23,41,6,145,143,33,51,69,17,123,34,106,46,60,43,70,94,13,65,10,50,149,138,0,26,1,75,39,105,85,144,104,78,12,79,90,119,89,137,126,132,11,66,20,27,53,48,56,83,30,148,101,116,114
40,137,139,91,55,59,15,85,147,133,64,142,117,3,130,131,16,141,99,92,71,134,4,54,100,95,124,44,62,119,127,88,77,104,93,109,47,61,118,45,25,24,114,122,111,21,38,29,86,31,87,128,84,96,5,14,28,6,46,73,121,107,108,136,75,35,135,146,18,32,36,74,98,9,2,145,81,68,37,125,76,52,82,120,72,63,22,115,42,112,58,140,110,49,67,7,23,41,33,94,143,97,51,69,17,123,34,106,102,60,57,70,43,13,65,10,50,149,19,0,26,1,129,39,105,103,144,80,78,12,79,90,8,89,138,126,132,11,66,20,27,53,48,56,83,30,148,101,116,113
40,17,139,91,55,74,15,85,147,47,110,142,23,3,130,131,16,141,13,64,71,134,70,54,100,95,124,9,62,119,93,99,77,104,126,109,61,92,118,45,25,24,114,122,111,21,149,29,59,52,87,128,84,96,5,14,127,6,46,73,121,107,108,136,75,35,135,146,98,32,36,28,86,83,2,145,81,68,37,125,76,26,82,120,72,63,22,133,42,112,58,140,117,49,67,7,44,41,33,94,116,137,51,69,38,123,34,106,102,60,57,88,18,31,65,10,50,143,19,0,97,1,129,39,105,103,144,80,78,12,79,90,8,89,138,48,132,11,66,20,27,53,115,56,4,30,148,101,43,113
40,17,139,91,55,74,15,85,147,47,110,142,23,3,26,131,16,141,13,64,70,134,50,54,100,65,60,9,62,31,102,99,77,104,126,109,145,92,118,45,25,133,114,21,111,144,149,29,59,52,87,57,42,128,5,14,127,6,46,73,121,107,108,136,75,35,135,119,98,32,36,28,86,83,2,56,81,44,37,125,76,122,82,120,72,63,22,103,148,112,58,140,117,49,67,7,96,41,33,94,116,137,51,8,38,123,97,106,146,1,68,84,18,71,61,10,34,143,19,0,93,95,129,39,105,115,124,80,78,12,79,90,69,89,138,48,132,11,66,20,27,53,24,88,4,30,130,101,43,113
40,17,96,91,55,74,15,85,89,47,110,139,8,3,26,92,16,112,13,64,70,22,50,63,100,65,145,9,62,147,102,48,141,104,126,109,129,27,118,45,20,133,114,21,25,31,149,29,59,52,87,57,42,128,5,14,127,6,46,73,125,107,108,136,75,67,135,119,98,32,36,28,86,83,2,56,81,44,37,23,76,122,82,120,72,60,99,103,148,54,58,140,117,49,12,95,34,41,33,94,116,137,51,134,131,123,97,106,146,1,68,84,18,71,61,38,121,143,19,0,93,111,77,39,105,115,124,80,78,66,79,90,69,142,138,10,132,11,7,35,144,53,24,88,4,30,130,101,43,113
40,17,12,91,14,44,65,85,89,47,110,106,72,3,26,92,145,112,13,64,70,22,50,63,100,39,30,9,62,147,102,48,24,104,126,109,129,27,118,54,20,133,114,21,90,31,149,18,59,52,87,57,42,55,5,75,68,6,46,73,125,107,108,136,88,25,16,119,98,32,95,28,86,83,2,56,81,33,37,23,76,122,82,120,36,60,99,103,148,67,58,140,117,49,113,84,34,41,97,94,116,137,51,134,131,123,15,128,146,1,135,141,45,71,61,38,121,143,19,0,74,111,77,29,105,115,124,80,78,66,79,96,69,142,138,10,132,11,7,35,144,53,139,127,4,8,130,101,43,93
40,17,12,91,14,44,65,85,89,47,110,106,72,3,26,92,61,112,13,64,70,22,50,63,100,39,143,9,62,147,68,48,24,104,142,109,129,27,118,54,20,78,114,21,90,31,149,18,59,52,87,57,19,55,94,75,97,69,46,73,125,107,108,136,88,6,16,119,98,30,124,28,86,83,144,56,81,33,141,23,76,122,82,120,36,60,99,103,148,67,58,140,117,49,71,84,34,41,74,132,116,137,51,134,131,123,11,101,146,1,135,5,45,42,138,38,121,128,37,35,133,15,77,29,105,115,126,80,25,66,79,96,145,111,2,10,93,32,7,95,113,53,139,127,4,8,130,102,43,0
81,17,12,91,52,63,132,50,89,47,110,106,72,3,26,92,61,112,13,64,70,22,139,31,100,39,143,9,62,32,68,48,24,104,142,28,129,27,118,54,55,123,114,21,65,99,149,18,59,88,74,57,90,147,94,75,96,69,46,73,125,128,108,136,133,6,16,119,98,30,124,78,86,83,144,56,85,33,23,141,76,122,82,120,36,60,102,103,148,67,58,97,117,49,71,84,34,41,4,101,116,137,51,134,131,109,11,107,146,1,135,5,45,42,138,38,121,2,37,35,140,15,77,29,105,115,126,80,25,66,79,40,145,111,87,10,93,44,7,95,113,53,14,127,19,8,130,20,43,0
81,17,126,91,146,63,132,50,89,47,110,137,72,3,26,92,61,112,13,106,41,22,94,31,100,52,39,108,62,32,68,48,24,16,142,28,129,27,118,34,55,64,114,21,65,99,149,18,20,127,74,57,90,147,54,75,5,69,46,73,125,128,107,136,133,6,123,119,98,30,4,78,86,83,144,56,85,33,23,141,76,122,140,120,36,60,102,103,148,70,58,97,117,49,71,84,104,139,59,88,116,96,51,134,131,109,11,124,101,1,135,12,45,42,138,38,121,143,37,9,82,15,77,29,105,115,43,87,25,66,79,40,145,111,35,10,93,44,7,95,113,53,14,67,19,8,130,2,80,0
81,17,126,97,106,83,132,50,89,128,110,137,72,37,26,95,61,91,13,25,41,22,94,31,100,52,116,108,62,63,68,48,24,16,142,47,129,27,118,51,55,64,114,21,65,49,103,92,20,127,74,57,90,147,54,131,5,69,46,73,125,70,36,136,133,6,123,119,98,30,4,78,86,29,144,56,32,33,23,141,76,122,140,120,146,34,102,149,148,18,58,3,12,11,71,99,104,139,59,88,28,96,60,134,112,109,39,124,85,1,135,101,45,42,138,38,121,143,107,9,82,15,77,84,105,115,43,87,117,66,79,40,145,111,35,10,93,44,7,75,113,53,14,67,19,8,130,2,80,0
17,94,126,100,106,146,132,50,89,128,110,30,70,37,96,95,61,127,13,25,41,22,26,31,9,52,116,108,62,91,68,84,24,16,142,47,137,27,118,51,55,129,114,21,65,49,136,92,20,2,74,57,90,147,101,131,5,69,46,73,125,4,36,54,133,6,123,119,98,81,97,134,86,29,144,56,32,33,23,141,76,122,140,72,75,34,102,149,148,18,48,3,12,11,71,99,104,58,59,88,28,103,60,78,112,109,139,124,85,1,135,35,45,42,83,38,121,93,107,120,82,15,77,39,105,115,43,87,117,66,79,40,145,111,138,10,64,44,7,63,113,53,14,67,19,8,130,143,80,0
17,94,126,5,20,146,132,50,89,128,110,30,70,37,81,95,61,99,13,25,106,22,26,31,9,52,116,76,62,91,42,123,21,16,142,47,96,27,1,51,55,68,114,121,67,49,136,92,7,2,74,57,90,147,101,131,100,12,29,73,125,4,36,54,133,6,24,119,98,112,97,134,83,65,144,56,32,33,23,82,129,122,140,72,75,34,102,149,148,18,48,3,84,11,71,69,104,58,59,88,28,103,60,78,111,109,139,124,85,66,135,35,45,108,130,38,41,93,107,137,118,15,77,39,105,115,43,87,117,46,79,40,145,141,138,10,64,44,86,63,113,53,14,120,19,8,127,143,80,0
17,94,71,5,141,89,132,50,42,128,110,30,70,37,81,95,58,99,13,102,106,22,26,31,9,61,116,76,62,91,53,123,21,16,142,4,57,27,1,51,55,68,114,121,67,49,136,92,7,2,74,23,90,147,101,113,100,12,29,73,125,75,36,80,131,6,24,119,20,112,97,134,83,65,47,19,32,33,18,82,85,122,140,72,130,34,129,149,96,98,48,3,84,11,126,69,104,148,59,88,28,103,60,25,111,109,139,124,108,66,135,35,45,78,146,38,41,93,107,137,118,15,77,39,105,115,44,87,117,46,79,40,52,43,138,10,64,145,86,63,56,144,14,120,133,8,127,143,54,0
17,94,71,5,141,89,85,50,42,128,110,101,70,37,81,136,58,99,13,102,106,22,65,31,9,61,127,76,62,91,53,123,21,16,142,67,57,32,1,51,55,68,114,121,47,49,93,92,7,109,74,11,46,95,90,113,100,12,29,108,125,75,36,80,131,6,24,119,20,112,97,134,77,38,23,19,27,33,18,82,147,122,140,72,64,34,129,149,96,98,48,3,84,26,126,69,104,148,59,88,28,103,60,25,111,116,139,124,107,66,132,35,45,78,146,135,83,41,86,137,145,15,14,39,105,115,44,87,117,73,79,40,52,43,138,10,4,130,2,63,56,144,120,30,133,8,118,143,54,0
35,94,54,5,141,4,85,50,42,128,110,101,43,37,47,136,58,99,13,102,106,22,119,31,9,61,127,76,62,140,53,123,21,16,19,67,57,32,1,81,55,68,114,103,23,49,93,92,7,142,74,11,46,95,118,113,108,80,29,90,134,75,36,146,131,6,109,65,20,112,97,12,77,89,0,71,27,33,18,82,147,122,98,72,51,34,129,149,96,64,48,3,84,26,70,69,104,148,59,88,28,38,60,25,111,116,139,124,107,66,132,30,45,78,121,135,83,41,86,137,145,15,14,39,105,115,44,87,117,73,79,40,52,17,138,10,144,130,2,63,56,24,120,91,133,8,125,143,126,100
