0,1,2,3,4,5,6,7,8,9,10,11,12,13,14,15,16,17,18,19,20,21,22,23,24,25,26,27,28,29,30,31,32,33,34,35,36,37,38,39,40,41,42,43,44,45,46,47,48,49,50,51,52,53,54,55,56,57,58,59,60,61,62,63,64,65,66,67,68,69,70,71,72,73,74,75,76,77,78,79,80,81,82,83,84,85,86,87,88,89,90,91,92,93,94,95,96,97,98,99,100,101,102,103,104,105,106,107,108,109,110,111,112,113,114,115,116,117,118,119,120,121,122,123,124,125,126,127,128,129,130,131,132,133,134,135,136,137,138,139,140,141,142,143,144,145,146,147,148,149
0,1,2,3,122,5,6,7,8,9,10,11,12,13,14,15,16,17,18,19,20,21,22,23,24,104,26,27,28,29,30,59,32,33,34,35,36,37,38,39,40,41,42,43,44,45,46,47,48,49,50,51,52,53,54,55,56,57,58,69,60,61,62,63,64,65,66,67,68,76,70,71,72,73,74,75,31,77,78,79,80,81,82,83,84,85,86,87,88,89,90,91,92,25,94,95,128,97,98,99,100,101,102,103,4,105,106,107,148,109,110,111,112,113,114,115,116,117,118,119,120,121,138,123,124,125,126,127,93,129,130,131,132,133,108,135,136,137,96,139,140,141,142,143,144,145,146,147,134,149
0,1,2,3,122,5,6,7,66,9,10,11,26,13,14,15,77,12,18,19,67,21,22,23,24,104,17,27,28,29,30,59,32,33,34,35,36,37,38,39,40,41,42,43,44,45,46,47,48,49,50,51,52,53,54,55,56,57,58,69,60,61,62,63,64,65,20,141,8,76,70,71,72,73,74,75,31,16,78,79,80,146,82,83,84,85,86,87,88,89,90,91,92,25,94,95,128,97,98,99,100,101,102,103,4,105,106,107,148,109,110,111,112,113,114,115,116,117,118,119,120,121,138,123,147,125,126,127,93,129,130,131,132,133,108,135,136,137,96,139,140,124,142,143,144,145,68,81,134,149
0,1,2,3,122,5,6,7,66,9,10,11,26,13,14,15,77,12,18,27,67,21,22,23,24,104,17,94,28,29,30,59,32,33,34,35,36,37,43,39,40,41,42,38,19,45,46,47,48,49,50,51,52,53,54,55,56,57,58,69,80,61,62,63,64,65,31,141,8,76,70,149,72,73,74,75,71,16,78,124,60,146,82,83,84,85,86,87,88,89,90,91,92,25,112,95,128,97,98,99,100,101,102,103,4,105,106,107,148,109,110,111,79,113,114,115,116,117,118,119,120,121,138,123,147,125,126,127,93,129,130,131,132,133,108,135,136,137,96,139,140,44,142,143,144,145,68,81,134,20
0,1,2,3,122,5,6,7,66,9,10,11,26,13,14,15,77,12,18,27,36,67,22,23,24,104,17,63,28,29,30,59,32,33,34,35,94,37,43,39,40,41,42,38,19,45,116,47,48,49,50,51,52,53,54,55,56,57,46,69,80,75,62,61,64,65,31,141,8,76,70,149,72,73,74,58,128,16,78,124,60,146,82,83,84,85,86,87,88,89,90,91,92,25,112,95,114,142,98,99,100,101,102,103,4,105,106,107,148,109,110,111,79,113,71,115,97,117,118,119,120,121,138,123,147,125,126,127,93,129,130,131,132,133,108,135,136,137,96,139,140,44,21,143,144,145,68,81,134,20
0,1,2,3,122,5,6,58,66,9,10,40,26,13,14,15,77,12,18,27,36,67,22,23,24,104,17,63,28,29,30,59,32,33,34,35,94,37,43,39,84,7,42,38,147,45,116,47,48,93,50,51,52,53,74,55,56,57,46,69,80,75,62,61,64,65,31,141,8,76,70,149,72,73,41,49,128,16,78,124,60,146,82,83,87,85,86,95,88,89,90,91,92,25,112,144,114,142,98,99,100,101,102,103,4,105,106,107,148,109,110,111,79,113,71,115,97,117,118,119,120,121,138,123,19,125,126,127,11,129,130,131,132,133,108,135,136,137,96,139,140,44,21,143,54,145,68,81,134,20
0,1,2,71,122,5,6,58,66,9,10,40,26,82,14,15,77,12,18,27,36,67,22,23,24,104,17,63,28,29,30,59,32,33,34,35,94,37,43,39,84,108,42,132,147,45,116,47,48,93,50,51,69,53,74,55,56,57,46,3,80,75,62,61,64,65,31,141,8,76,70,149,72,73,41,49,128,16,78,124,60,146,99,83,87,85,52,95,88,89,90,91,92,25,112,144,86,142,13,111,100,101,102,103,4,105,106,107,148,109,110,38,79,113,7,115,97,117,118,119,120,121,138,123,19,125,126,127,11,129,130,131,114,133,98,135,136,137,96,139,140,44,21,143,54,145,68,81,134,20
0,1,2,71,122,5,6,58,66,9,10,40,26,82,14,15,77,12,18,27,36,67,22,148,24,104,17,63,28,29,30,85,32,33,34,23,94,11,43,39,84,108,42,132,147,45,116,47,93,20,50,51,69,53,74,55,56,57,46,3,80,75,62,61,64,65,16,141,8,76,70,149,72,73,41,49,128,37,78,124,60,146,99,83,87,97,52,95,88,89,90,91,92,25,112,144,86,142,13,111,100,101,102,103,4,105,106,107,48,109,110,38,79,113,7,115,98,117,118,119,120,121,138,123,19,125,126,127,35,31,130,131,114,133,59,135,136,137,96,139,140,44,21,143,54,145,68,81,134,129
0,1,29,71,122,5,6,58,66,9,16,40,26,82,14,15,77,12,18,27,36,67,22,148,24,104,17,63,28,106,30,85,32,33,34,23,2,11,43,39,84,108,4,132,147,45,116,47,93,20,94,51,69,53,105,55,56,57,46,3,80,74,62,61,64,65,42,141,8,76,70,149,72,73,41,49,128,37,78,124,60,146,99,83,87,97,52,95,88,89,90,91,92,25,112,144,86,142,13,111,100,101,68,103,79,10,75,107,48,109,110,38,50,113,7,115,98,117,118,119,120,121,138,123,19,125,126,127,35,31,130,131,114,133,59,135,136,137,96,139,140,44,21,143,54,145,102,81,134,129
0,1,29,71,122,5,6,105,66,123,16,40,26,82,14,15,77,12,18,27,36,67,22,148,24,104,17,63,28,106,30,85,54,33,34,23,2,11,43,39,84,108,4,132,147,45,116,47,93,20,94,51,69,53,9,55,56,149,46,3,80,74,8,61,64,65,42,141,62,76,70,58,72,73,41,49,128,37,78,124,60,146,99,83,87,97,52,95,88,96,90,91,92,25,118,144,86,142,13,111,100,101,68,103,79,10,75,107,48,109,110,38,50,113,7,115,98,117,57,119,120,121,138,32,19,89,126,127,35,31,130,131,114,133,59,135,136,137,112,139,140,44,21,143,125,145,102,81,134,129
0,1,29,71,122,5,6,105,66,123,16,40,26,82,14,15,77,12,18,27,36,67,22,88,24,104,17,63,28,106,30,85,54,33,34,23,2,11,97,39,84,108,4,132,147,45,116,47,93,20,94,51,69,53,9,55,56,149,46,3,80,74,8,61,140,65,42,141,62,76,70,58,72,73,41,49,128,148,78,124,60,146,99,83,87,64,52,95,86,96,90,91,92,25,118,31,98,144,13,111,100,101,79,103,135,10,75,107,48,109,110,38,50,113,7,115,68,117,57,119,120,121,138,32,19,89,126,127,35,37,130,131,114,133,59,43,136,137,112,139,142,44,21,143,125,145,102,81,134,129
0,1,29,71,122,5,6,105,142,123,16,40,26,82,18,15,77,12,60,27,36,67,22,88,24,104,17,63,53,106,30,85,54,33,34,23,2,11,97,39,66,108,4,132,98,45,116,47,93,20,94,51,69,10,28,55,56,149,46,3,80,74,8,61,140,65,42,141,62,76,70,58,72,73,41,49,128,148,78,124,14,146,99,83,87,64,52,95,86,96,90,91,92,25,118,31,43,144,13,111,100,101,79,103,135,117,75,107,48,109,110,38,50,113,7,115,68,37,57,119,120,121,138,32,19,89,126,127,35,9,130,131,114,133,59,84,136,137,112,139,147,44,21,143,125,145,102,81,134,129
0,1,133,71,122,5,38,105,142,123,16,40,12,82,18,15,77,29,60,27,36,67,22,88,24,104,25,63,53,106,30,85,54,33,34,23,2,11,97,39,66,108,4,132,98,45,116,47,93,20,6,51,69,10,28,55,56,149,46,3,80,74,8,61,140,65,42,141,62,76,70,58,72,73,41,49,128,148,78,94,14,146,99,83,87,64,52,95,86,96,90,91,92,68,118,31,43,144,13,111,100,101,79,103,135,117,75,107,48,109,110,127,50,113,7,115,26,37,57,119,120,121,138,32,19,89,126,125,35,9,130,131,114,143,59,84,136,124,112,139,147,44,21,137,17,145,102,81,134,129
6,1,133,71,122,5,38,105,93,123,16,40,12,82,18,15,77,29,60,27,36,67,22,88,24,104,25,63,53,106,30,85,54,33,34,23,2,46,97,39,66,108,4,132,94,45,116,47,65,20,0,51,69,10,28,55,56,149,13,3,80,74,8,61,140,121,42,141,62,76,70,58,72,73,41,49,128,148,78,21,14,146,99,81,87,64,52,95,86,96,90,91,92,68,118,31,43,144,44,111,100,101,79,103,135,117,75,107,48,109,110,127,50,113,7,115,26,37,57,119,120,142,138,32,19,89,126,125,35,9,130,131,114,143,59,84,136,124,112,139,147,83,11,137,17,145,102,98,134,129
6,1,133,71,122,5,63,105,93,123,16,40,12,82,18,15,77,29,47,27,36,43,22,88,24,104,25,2,53,106,30,85,54,33,34,23,98,46,97,39,66,108,4,132,94,45,116,83,65,20,0,51,69,10,28,55,56,149,13,3,80,95,8,61,140,121,42,141,62,76,70,58,72,73,41,49,128,148,78,21,14,146,99,81,87,64,52,67,86,96,75,91,92,68,118,31,38,144,44,111,100,101,79,103,135,117,74,107,48,109,110,127,50,113,7,115,26,37,57,119,120,142,138,114,19,89,126,125,35,9,130,131,32,143,59,84,136,124,112,139,147,60,11,137,17,145,102,90,134,129
6,1,133,55,122,5,63,105,93,123,16,40,12,82,18,15,77,79,47,27,36,43,22,140,24,104,25,2,53,106,30,85,119,33,34,23,98,46,97,39,66,108,4,132,94,45,116,83,65,20,0,51,69,10,28,147,56,149,13,3,80,95,8,61,54,121,42,141,62,76,70,58,72,74,41,49,128,148,78,21,14,146,99,81,87,64,52,67,86,96,75,91,92,68,118,31,101,144,44,111,130,100,73,103,135,117,88,107,48,109,110,127,50,113,7,115,26,37,57,71,120,142,138,114,19,89,126,125,35,9,29,131,32,143,59,84,136,124,112,139,38,60,11,137,17,145,102,90,134,129
6,1,133,55,122,5,63,112,93,33,16,40,12,82,18,15,77,79,47,27,70,35,22,140,24,104,25,2,53,106,30,85,119,105,34,23,54,46,97,39,66,43,4,132,94,45,116,83,65,20,0,51,69,10,28,147,56,149,36,3,80,95,8,61,98,121,42,141,62,76,67,58,72,74,41,49,128,148,78,21,14,137,99,81,87,64,52,108,86,96,75,91,92,68,118,31,101,144,44,111,130,100,73,103,135,117,88,107,48,109,110,127,50,113,7,115,26,37,57,71,120,142,138,114,19,89,126,125,13,9,29,131,32,143,59,84,136,124,146,139,38,60,11,123,17,145,102,90,134,129
6,1,133,55,122,135,63,112,93,33,16,40,12,82,18,46,77,79,47,27,97,35,22,140,24,104,25,2,53,106,30,85,125,105,34,23,54,15,31,39,66,43,5,132,94,45,116,83,65,20,0,51,69,10,28,147,56,149,36,101,80,95,8,61,98,121,42,141,62,76,67,58,72,74,41,49,128,148,78,21,14,137,99,81,87,64,52,108,86,96,75,91,92,68,118,70,32,144,44,111,130,100,73,103,119,117,88,107,48,109,110,127,50,113,7,115,26,37,57,71,120,142,138,114,19,89,126,3,4,9,29,131,139,143,59,84,136,124,146,13,38,60,11,123,17,145,102,90,134,129
6,1,133,55,122,135,63,112,93,33,16,40,12,82,18,46,77,79,144,27,97,35,22,64,24,104,25,2,53,106,30,85,125,147,34,23,54,21,31,39,66,43,5,132,94,45,116,108,65,20,0,51,69,10,28,41,56,149,36,101,80,95,8,61,98,121,42,141,62,76,67,58,72,74,131,140,128,148,78,143,14,137,99,81,87,83,52,49,86,96,75,91,92,68,118,70,32,15,44,111,130,100,73,103,119,117,88,107,48,109,110,127,50,113,7,115,26,37,57,71,120,142,138,114,19,89,126,3,4,9,29,47,139,129,59,84,136,124,146,13,38,60,11,123,17,145,102,90,134,105
6,1,133,74,122,135,63,112,93,33,82,40,12,55,18,46,77,79,144,27,97,35,22,64,24,104,25,2,53,106,30,85,125,147,34,23,71,21,31,39,66,140,5,132,94,45,117,108,54,20,58,51,69,10,28,41,56,149,36,101,80,95,8,61,98,121,42,141,62,76,67,116,65,43,131,16,128,148,78,143,14,137,99,81,87,83,52,49,86,96,75,91,92,68,118,70,32,15,44,111,130,72,73,103,119,100,88,107,48,109,110,127,50,113,7,115,26,37,57,0,120,142,138,114,19,89,126,3,4,9,29,47,139,129,59,84,136,124,146,13,38,60,11,123,17,145,102,90,134,105
6,1,133,74,122,135,63,112,93,33,82,70,12,55,99,46,77,79,144,149,97,35,22,64,24,104,25,2,53,106,30,85,125,147,34,23,71,21,31,39,66,140,5,132,94,45,117,108,54,20,58,51,69,10,28,41,56,47,36,101,80,95,8,61,98,121,42,141,32,76,134,116,27,67,131,16,128,148,78,143,14,137,40,81,87,83,52,49,86,96,75,91,92,68,118,57,62,15,44,111,130,72,73,103,119,100,88,107,48,109,110,127,50,113,7,115,43,37,26,0,120,142,138,114,19,89,126,3,4,9,29,65,139,129,59,84,136,124,146,13,38,60,11,123,17,145,102,90,18,105
6,1,133,74,122,135,63,112,93,33,82,70,12,40,99,46,96,79,144,149,97,35,22,64,24,104,25,2,53,106,30,85,125,147,34,23,71,21,31,109,66,140,5,132,94,45,117,108,54,61,58,51,69,10,28,20,56,47,36,101,80,95,8,130,98,121,42,141,32,76,134,116,118,67,131,16,55,148,128,143,14,137,39,81,87,83,52,49,86,13,75,91,92,68,27,57,62,15,44,111,41,72,73,103,119,100,88,107,48,78,110,127,50,113,7,115,43,37,26,0,120,142,138,114,19,89,126,3,4,9,29,65,139,129,59,84,136,124,146,77,38,60,11,123,17,145,102,90,18,105
6,1,133,74,122,135,63,112,93,33,82,70,12,53,99,46,107,61,144,149,97,35,22,64,24,104,25,2,137,106,30,85,125,147,34,23,71,21,31,109,66,143,5,132,94,45,117,108,54,8,58,51,69,10,28,20,56,47,36,101,140,95,55,130,98,121,42,141,32,79,134,116,118,67,131,16,29,148,128,96,14,80,39,81,87,76,52,49,86,13,75,91,92,68,27,57,62,15,44,111,41,72,73,103,119,100,88,40,48,78,110,127,50,113,7,115,43,37,26,0,120,142,138,114,19,89,126,3,4,9,83,65,139,129,59,84,136,124,146,77,38,60,11,123,17,145,102,90,18,105
6,1,130,74,122,135,63,75,93,33,82,70,12,53,27,46,107,133,144,149,97,35,22,64,24,104,25,2,137,106,32,85,125,61,34,23,71,21,31,109,66,143,5,132,30,45,117,108,54,8,58,51,94,10,28,20,56,47,69,101,140,95,55,36,98,121,42,141,118,79,134,116,147,67,131,16,29,148,128,99,14,80,39,81,87,76,52,49,86,13,96,91,92,68,112,57,62,15,44,111,41,72,73,103,119,100,88,40,48,78,110,127,50,113,7,115,43,37,26,0,120,142,138,114,19,89,126,3,4,9,83,65,139,129,59,84,136,124,146,77,38,60,11,123,17,145,102,90,18,105
6,1,87,74,122,135,63,75,93,33,82,70,12,53,56,46,107,133,144,149,97,35,22,64,24,104,25,2,125,106,32,85,81,61,34,23,71,21,31,109,66,143,5,132,30,45,117,108,54,8,58,137,94,10,28,20,118,47,69,101,140,95,55,36,98,121,42,141,116,79,134,88,147,67,131,16,29,148,128,99,14,80,39,62,51,76,52,49,27,13,96,91,92,68,112,57,72,15,44,111,41,86,73,103,119,100,19,40,48,78,110,127,50,113,7,115,43,37,26,0,120,142,138,114,130,89,126,3,4,9,83,65,139,129,59,84,136,124,146,77,38,60,11,123,17,145,102,90,18,105
6,1,87,74,122,135,63,75,93,33,82,70,12,53,56,46,107,133,144,149,97,35,22,64,24,104,25,2,125,106,32,85,17,61,34,23,71,21,31,109,66,143,5,102,112,45,117,108,54,8,58,137,94,10,28,20,118,47,69,101,140,95,132,36,98,81,30,141,55,77,134,88,147,67,131,16,29,148,128,99,14,80,39,62,51,42,52,49,27,13,76,91,92,68,79,57,72,15,44,111,41,86,73,103,119,100,19,40,48,78,110,127,50,113,7,121,43,37,26,0,120,142,138,114,130,89,126,3,4,9,83,65,139,129,59,84,136,124,146,115,38,60,11,123,96,145,116,90,18,105
6,1,87,74,122,135,63,75,93,33,82,70,12,53,16,46,107,133,144,149,56,35,22,64,24,104,25,2,11,106,32,85,17,61,34,23,71,97,31,109,66,143,5,140,112,45,117,108,54,8,58,137,94,10,28,20,118,47,102,101,69,95,125,36,98,81,30,141,55,77,134,88,147,67,131,132,29,148,128,99,14,80,39,62,51,42,52,49,27,13,76,91,92,68,79,57,72,15,44,111,41,86,73,103,119,100,83,40,126,78,110,127,48,113,7,121,43,37,26,0,120,142,138,114,130,89,50,3,4,9,19,65,139,129,59,84,136,124,146,115,38,60,21,123,96,145,116,90,18,105
6,1,87,74,122,135,63,75,93,33,82,70,12,53,16,46,107,133,144,149,56,35,22,64,24,104,25,2,11,106,32,85,17,61,34,23,71,97,31,109,66,143,5,140,112,45,117,123,54,8,58,137,94,10,28,20,118,47,102,101,69,108,125,36,98,81,30,141,55,77,134,51,147,3,131,132,29,148,128,99,14,80,39,62,95,42,52,49,27,13,76,91,92,4,79,57,72,15,44,50,41,86,73,96,119,100,83,40,126,78,110,127,48,113,7,121,43,37,26,0,120,142,138,114,130,89,111,146,60,9,19,65,139,129,59,84,136,124,103,115,38,68,21,67,88,145,116,90,18,105
6,1,87,68,122,135,63,75,93,33,149,70,12,53,16,46,107,133,144,34,56,35,22,64,24,10,25,2,11,106,32,85,17,61,108,23,71,97,31,104,66,143,18,140,112,139,117,123,54,8,58,137,94,146,28,20,118,47,102,101,69,42,125,36,98,81,30,141,55,77,134,51,147,3,131,132,29,148,128,99,14,80,39,62,95,74,52,49,27,13,76,91,92,4,79,57,72,15,44,50,41,86,73,96,119,100,83,40,126,78,110,127,48,113,7,121,43,37,26,0,120,142,138,114,130,89,111,45,60,9,19,65,109,129,59,84,136,124,103,115,38,5,21,67,88,145,116,90,82,105
6,1,13,68,122,135,63,75,93,33,149,70,12,53,16,46,107,133,144,34,56,35,22,64,24,10,25,2,11,106,32,85,17,61,108,23,71,97,31,104,66,143,18,90,112,139,29,123,54,8,58,137,94,146,28,20,118,47,102,101,69,42,125,36,98,81,30,141,55,77,134,51,147,3,131,132,140,148,128,99,14,80,114,62,95,74,52,49,27,117,76,91,92,4,79,57,72,15,44,50,60,86,73,96,119,100,83,40,126,78,110,127,48,113,7,121,43,37,26,0,87,142,138,145,130,89,19,45,39,9,120,65,109,129,59,111,136,124,103,115,38,5,21,67,88,84,116,41,82,105
6,1,13,53,122,135,63,75,93,33,149,70,40,131,148,46,107,108,144,34,56,35,22,64,24,10,25,2,11,106,32,85,17,61,68,23,71,97,31,104,66,143,18,90,112,139,29,123,54,8,58,137,94,146,28,20,118,47,102,101,69,42,125,36,98,81,30,141,55,77,134,51,133,3,9,132,140,84,128,99,14,80,114,62,95,74,52,49,27,117,76,91,92,4,79,57,72,15,44,50,60,86,73,96,119,100,83,38,126,78,110,127,48,113,7,121,43,37,26,0,87,142,138,145,130,89,19,16,39,12,120,65,109,129,59,111,136,124,103,115,116,5,21,67,88,147,45,41,82,105
6,1,13,53,122,135,75,30,43,33,149,70,40,131,148,46,107,108,144,34,56,35,22,64,24,10,25,67,11,106,32,85,17,61,68,23,71,97,120,104,66,143,18,90,112,139,29,123,54,8,58,137,94,146,93,20,118,47,102,101,98,42,125,36,63,81,109,141,55,77,134,51,133,3,9,132,140,84,128,99,14,80,114,62,95,74,52,49,27,117,76,91,92,4,79,57,72,15,44,50,60,86,73,96,119,100,83,38,126,78,110,127,48,113,7,121,26,37,145,0,87,142,138,28,130,89,19,16,39,12,69,65,31,129,59,111,136,124,103,115,116,5,21,2,88,147,45,41,82,105
6,1,13,53,122,135,75,30,43,33,149,70,40,131,148,46,95,108,144,34,56,35,22,64,24,10,25,67,15,106,32,85,17,61,68,23,71,97,120,104,105,143,18,90,112,139,29,123,54,8,58,137,94,146,93,142,118,47,102,101,98,42,125,36,63,81,109,3,55,77,134,51,133,107,9,132,140,84,128,99,14,80,114,62,86,74,52,49,27,117,76,91,92,4,79,66,72,78,44,50,60,147,73,96,119,100,83,38,126,57,110,127,48,113,7,121,26,37,145,0,87,20,138,11,130,89,19,16,39,12,69,65,31,129,59,111,136,124,103,115,116,5,21,2,88,28,45,41,82,141
6,1,13,53,122,135,75,30,43,33,149,70,40,131,148,91,95,108,144,34,56,48,22,64,24,10,25,67,15,106,23,85,17,61,68,35,71,97,120,104,105,143,18,90,112,139,29,123,54,8,58,137,94,146,93,142,118,47,102,101,98,128,125,36,63,81,109,3,55,92,134,32,133,107,9,132,140,84,72,99,14,80,114,62,86,74,52,49,27,117,76,77,121,4,79,66,60,78,44,50,141,147,73,96,119,100,83,38,126,57,110,127,42,113,7,46,26,37,145,0,87,20,138,11,130,89,19,16,39,12,69,65,31,129,59,111,136,124,103,115,116,5,21,2,88,28,45,41,82,51
6,1,13,53,132,135,75,30,43,33,149,70,40,131,148,91,95,108,144,34,56,48,22,64,24,10,25,67,15,106,23,136,17,61,68,35,71,97,120,104,105,143,18,90,122,114,29,123,54,8,134,137,94,146,93,142,118,47,102,101,98,128,125,36,63,81,109,3,55,92,19,32,133,107,9,82,140,84,72,99,14,80,85,62,86,58,52,49,27,112,76,77,121,4,79,66,60,78,44,50,141,147,73,74,119,100,83,38,126,96,110,127,42,113,7,46,26,37,145,0,87,20,138,11,130,89,57,16,39,12,69,65,31,129,59,111,139,124,103,115,116,5,21,2,88,28,45,41,117,51
6,1,13,53,132,135,75,30,43,33,149,57,40,131,148,91,95,42,144,34,56,48,3,64,24,10,25,129,15,106,23,136,17,61,68,35,71,97,120,104,108,143,18,90,122,114,29,123,54,8,105,137,70,146,93,142,118,47,102,101,98,128,125,36,63,81,109,22,55,92,19,32,133,107,9,82,140,84,72,99,14,80,85,62,86,58,52,49,27,112,76,77,121,4,79,66,60,78,44,50,141,147,59,74,94,100,83,38,126,96,110,127,73,113,7,46,26,37,145,0,87,20,138,11,130,89,67,16,39,12,69,65,31,2,134,111,139,124,103,115,116,5,21,119,88,28,45,41,117,51
139,1,13,53,132,135,75,64,43,33,149,57,40,131,148,91,95,42,144,34,56,48,3,99,24,10,25,129,15,147,23,136,17,61,68,35,71,97,120,104,108,143,18,90,122,114,29,123,54,8,105,137,70,146,93,142,118,47,102,101,98,128,125,36,63,81,109,22,55,92,19,32,133,107,9,82,140,84,72,62,14,80,85,7,86,58,52,49,27,112,76,77,121,4,79,66,60,78,44,50,141,6,59,74,94,30,83,38,126,96,110,127,73,113,51,46,26,37,145,0,87,20,138,11,130,89,41,16,39,106,69,65,31,2,134,111,100,124,103,115,116,5,21,67,88,28,45,12,117,119
139,1,13,53,132,135,75,64,43,33,149,57,40,131,142,91,95,42,144,34,56,48,3,99,22,10,25,129,15,147,23,136,17,124,68,35,71,97,120,104,108,102,18,90,100,114,29,123,54,8,105,137,70,146,93,89,118,47,38,101,98,128,125,36,63,81,109,143,55,92,21,32,133,107,9,82,140,84,72,62,14,80,85,7,61,58,52,49,27,112,76,77,121,4,79,66,60,78,44,50,141,6,59,74,94,30,83,122,126,96,110,127,73,113,51,46,26,37,145,0,87,20,138,11,130,86,41,16,39,106,69,65,31,2,134,111,19,148,103,115,116,5,24,67,88,28,45,12,117,119
139,1,13,53,132,135,75,64,43,33,149,57,117,131,142,91,95,42,144,34,56,48,3,99,22,10,25,129,15,147,23,136,17,124,68,35,71,141,120,78,108,102,18,90,100,114,29,123,119,8,105,137,70,146,93,89,118,47,38,101,98,128,125,36,63,81,109,52,55,97,21,32,133,107,9,82,140,84,72,62,14,80,85,7,61,58,111,49,27,104,76,77,121,4,40,66,60,79,44,50,92,6,59,74,94,30,83,122,126,96,110,127,73,113,51,46,26,37,145,0,87,20,138,11,130,112,41,16,39,106,69,65,31,2,134,143,19,148,103,115,116,5,24,67,88,28,45,12,54,86
139,1,13,53,132,135,75,64,43,31,149,57,117,131,142,91,95,42,144,34,56,48,3,99,22,109,25,129,15,147,23,136,17,124,68,35,71,141,52,78,108,102,18,90,100,114,29,123,92,8,105,137,70,146,93,89,118,47,119,101,98,128,125,36,120,81,38,44,55,97,21,32,133,107,9,82,140,84,72,62,14,80,85,7,61,58,111,49,27,104,76,77,121,4,40,87,60,79,116,50,66,6,59,74,94,30,83,122,126,96,110,127,73,113,51,46,26,37,145,0,10,20,138,11,33,112,41,16,39,106,69,65,130,2,134,143,19,148,103,115,63,5,24,67,88,28,45,12,54,86
139,1,90,53,132,135,75,64,43,82,149,57,117,131,142,91,95,42,144,34,56,48,3,99,22,109,25,129,14,147,23,136,17,124,68,35,71,141,52,78,108,102,18,4,100,114,29,123,92,8,105,137,70,146,31,89,118,47,119,101,98,128,125,36,13,81,38,44,55,97,21,32,133,107,9,41,140,84,72,62,66,80,85,7,59,58,111,49,27,104,76,77,121,120,40,87,60,79,116,50,93,61,122,74,94,30,83,6,126,96,110,127,73,113,51,46,26,37,145,0,10,20,138,11,33,112,15,16,39,106,69,65,130,2,134,143,19,148,103,115,63,5,24,67,88,28,45,12,54,86
139,1,90,53,12,135,75,64,13,82,149,57,117,131,142,91,95,42,144,34,56,48,3,99,22,109,25,129,46,133,23,136,17,124,68,87,71,141,52,116,108,102,18,4,100,114,29,123,92,8,105,137,70,146,31,89,118,47,119,101,98,128,125,36,28,81,38,44,55,97,21,32,14,107,9,41,140,84,72,62,66,80,85,7,59,58,111,49,27,104,76,77,121,120,40,147,60,79,43,50,93,61,122,74,94,30,83,6,78,96,110,127,73,113,51,112,26,37,145,0,10,20,138,11,33,132,15,16,39,106,69,65,130,2,134,143,19,148,103,115,63,5,24,67,88,126,45,35,54,86
139,1,90,53,12,135,75,64,13,88,149,57,117,131,142,91,95,42,144,141,56,48,3,99,22,109,25,129,46,133,23,136,17,124,68,87,71,101,52,116,108,102,18,4,100,114,29,123,92,8,105,137,70,146,31,89,118,47,119,30,82,128,125,36,28,81,38,44,55,97,34,32,14,107,9,41,140,84,72,62,66,80,85,7,59,58,111,49,27,104,76,77,121,120,40,147,60,79,43,50,93,61,122,130,11,98,83,6,78,96,110,127,73,113,51,112,26,37,145,0,10,20,138,45,33,132,15,16,39,21,69,65,106,2,134,143,19,148,103,115,74,5,24,67,94,126,63,35,54,86
139,1,90,53,12,52,75,64,13,88,116,57,117,131,142,91,95,42,44,141,56,48,3,99,22,109,25,129,46,133,23,136,17,124,68,87,71,101,62,19,108,102,18,4,100,114,29,123,92,8,105,70,61,146,31,89,118,47,119,30,82,128,125,36,28,81,38,149,55,97,34,32,14,107,9,41,140,84,72,20,66,80,85,7,69,58,111,49,27,104,76,77,121,144,40,147,60,79,43,50,93,120,122,130,11,98,83,6,78,96,110,127,73,113,51,112,26,37,145,0,10,135,138,45,33,132,15,16,39,21,59,65,106,2,134,143,137,148,103,115,74,5,24,67,94,126,63,35,54,86
139,1,90,53,42,52,75,110,13,88,116,57,117,63,142,137,95,105,44,128,56,48,3,99,22,109,132,129,46,133,23,136,17,124,68,87,71,101,62,19,108,102,18,4,100,114,29,123,92,8,131,70,61,146,31,89,118,47,119,30,82,141,125,36,28,81,38,149,55,97,34,32,14,107,9,41,140,84,72,20,66,80,85,7,69,58,111,49,27,104,76,77,121,144,40,147,60,79,43,50,93,120,122,130,11,98,83,6,91,96,78,127,73,113,51,112,26,37,145,0,10,135,138,45,33,115,15,16,39,21,59,65,106,2,134,143,64,148,103,25,74,5,24,67,94,126,12,35,54,86
139,1,61,53,42,52,75,110,148,88,13,57,117,63,142,137,95,105,44,128,56,90,3,99,22,109,132,129,46,133,23,136,17,124,68,87,116,101,62,19,108,102,18,4,100,114,29,12,92,8,131,70,97,146,31,89,118,47,119,30,125,141,82,36,28,81,38,149,55,106,34,32,14,107,9,41,140,84,72,20,66,80,85,7,69,58,111,49,27,104,76,77,121,144,40,147,60,79,43,50,93,120,122,130,11,98,83,6,91,96,78,127,73,113,51,112,26,37,145,0,10,135,138,45,123,115,15,16,39,21,59,65,71,2,33,143,64,48,103,25,74,5,24,67,94,126,134,35,54,86
139,91,61,53,42,52,75,110,148,28,13,57,117,63,142,137,95,105,44,128,56,90,3,116,22,109,132,5,46,133,23,136,17,124,68,87,146,101,67,19,88,102,18,4,100,114,29,12,92,8,131,70,97,129,31,89,118,47,119,30,108,141,82,36,62,81,38,149,55,106,1,32,14,107,9,41,140,84,72,20,66,80,85,7,69,58,111,49,27,104,76,77,121,144,40,147,60,79,43,50,93,120,122,130,11,98,83,6,34,96,78,127,73,113,51,112,26,37,145,0,10,135,138,45,123,115,15,16,99,21,59,65,71,2,33,143,64,48,103,25,74,125,24,39,94,126,134,35,54,86
139,91,121,53,42,52,75,43,148,28,134,57,117,63,142,137,95,105,44,128,56,90,3,116,22,109,132,5,46,93,23,136,17,124,68,87,146,101,67,19,88,102,18,4,100,114,29,12,92,8,131,70,97,129,31,89,118,47,119,30,108,141,82,36,62,81,38,149,55,106,1,32,14,107,9,41,140,84,20,72,66,80,85,7,69,58,111,49,27,104,76,77,94,144,40,147,60,79,54,50,110,120,122,130,11,98,83,6,34,96,78,127,73,113,51,112,26,37,145,0,10,135,133,45,123,115,15,103,99,21,59,65,71,2,33,143,64,48,16,25,74,125,24,39,13,126,61,35,138,86
139,91,121,53,42,4,75,129,148,28,9,57,117,5,142,137,95,105,44,128,56,90,132,116,22,109,134,100,46,32,23,136,17,124,68,87,146,101,67,19,88,102,18,12,63,114,29,3,92,8,131,70,97,52,31,89,118,47,119,30,108,141,82,36,62,81,38,149,55,106,1,45,14,107,93,41,140,84,20,72,66,80,85,7,69,58,111,49,27,104,76,77,94,144,40,147,60,79,54,50,110,120,122,130,11,98,83,6,34,96,78,127,73,113,51,112,26,37,145,0,10,135,133,43,123,115,15,103,99,21,59,65,71,2,33,143,64,48,16,25,74,125,24,39,13,126,61,35,138,86
139,91,121,53,42,4,75,129,148,28,9,57,117,5,142,137,95,105,44,128,56,90,132,116,22,109,17,100,46,32,23,136,45,86,68,87,134,101,67,19,88,33,18,12,63,114,29,3,92,8,131,70,97,52,31,89,118,47,119,30,108,141,82,36,62,81,38,149,55,106,1,21,14,107,93,41,140,84,20,72,66,80,85,7,69,58,49,102,27,104,76,77,94,144,40,147,60,111,54,50,110,120,122,130,11,98,83,6,34,96,78,127,73,113,51,112,26,37,145,0,10,135,133,43,123,115,15,103,39,79,59,65,71,2,146,143,64,48,16,25,74,125,24,99,13,124,61,35,138,126
133,91,121,53,42,4,75,129,27,28,68,57,117,5,142,137,95,105,44,128,56,90,132,116,22,109,17,100,46,32,23,136,45,115,139,87,134,101,67,19,88,140,18,12,63,114,29,3,92,8,131,70,97,52,31,89,118,47,119,30,108,141,82,36,62,81,38,149,55,106,1,21,14,107,93,41,26,84,20,72,66,80,85,147,69,58,49,102,146,104,76,77,94,144,40,7,60,111,54,50,110,120,122,130,11,98,83,6,86,96,78,127,73,113,51,112,9,37,145,0,10,135,34,43,123,33,15,103,39,79,59,65,71,2,148,143,64,48,16,25,74,125,24,99,13,124,61,35,138,126
133,91,121,53,42,4,75,129,27,28,68,57,117,112,142,137,95,105,44,78,56,90,132,116,22,109,17,100,46,32,23,136,126,115,139,87,134,101,67,19,88,140,18,12,63,114,29,3,92,41,131,70,97,52,31,89,118,47,119,8,108,141,82,36,62,45,38,149,55,106,1,21,14,107,93,30,26,84,20,72,66,80,85,147,69,58,49,102,146,104,76,77,94,144,40,7,60,111,54,5,110,81,122,130,11,98,83,6,86,96,120,127,73,113,25,50,9,37,145,0,10,135,34,43,123,33,15,103,39,79,59,65,71,2,148,143,64,48,16,51,74,125,24,99,13,124,61,35,128,138
133,91,121,53,42,54,75,129,27,28,68,57,117,112,142,0,95,105,44,94,2,61,132,116,22,109,17,4,46,32,23,136,56,115,139,87,134,101,67,19,88,140,18,12,78,114,29,3,92,41,131,70,97,52,31,89,118,47,119,8,108,141,82,36,90,45,38,149,55,106,1,21,14,107,93,30,26,84,20,72,66,80,100,147,69,58,49,102,146,104,76,77,85,144,40,7,60,111,137,5,110,81,122,130,11,98,83,6,86,96,120,127,73,113,25,50,9,37,145,63,10,135,34,43,123,33,15,103,39,79,59,65,71,62,148,143,64,48,16,51,74,125,24,99,13,124,126,35,128,138
133,9,121,53,42,54,75,129,27,28,68,57,117,112,142,0,95,105,44,30,2,61,132,116,22,109,17,4,46,94,23,39,91,115,139,87,134,101,67,149,88,140,18,12,78,114,29,3,92,41,131,70,97,52,31,89,118,47,119,8,108,141,56,36,90,45,38,26,55,106,1,21,14,107,93,62,19,84,20,72,66,80,100,147,69,58,49,102,146,104,76,77,85,144,40,7,60,111,137,5,110,81,122,130,11,98,83,6,86,96,120,127,73,113,25,50,59,37,145,63,10,135,34,43,123,33,15,103,32,79,82,65,71,128,148,143,64,48,16,51,74,125,24,99,13,124,126,35,136,138
133,9,121,53,42,54,75,129,27,28,68,57,117,66,142,0,95,105,44,30,2,61,132,116,22,149,17,25,46,94,23,39,91,115,139,87,32,101,67,144,88,140,18,12,78,114,29,3,92,43,131,70,97,52,31,89,118,47,119,109,108,141,56,36,90,45,38,26,55,106,1,21,14,107,93,62,19,84,20,72,8,80,100,147,69,58,49,102,146,104,76,77,85,35,40,7,60,111,137,5,110,81,122,130,11,98,83,6,86,96,120,127,73,113,71,50,59,37,145,63,10,135,34,112,123,33,15,103,41,79,82,65,4,128,148,143,64,48,16,51,74,125,24,99,13,134,126,124,136,138
133,9,121,53,42,54,75,129,27,28,68,57,117,66,142,0,95,105,44,30,2,61,132,116,22,149,17,25,46,94,23,39,91,115,139,87,32,101,67,144,88,140,18,12,78,114,29,3,92,69,131,70,97,52,31,89,118,47,119,109,108,141,56,36,90,45,38,26,55,33,1,125,14,107,21,62,19,84,20,72,8,80,100,147,106,58,49,102,146,104,76,77,85,35,74,7,50,111,137,5,110,81,86,130,11,98,83,6,113,96,120,127,73,40,71,43,59,93,145,63,10,135,34,112,123,122,15,103,41,79,82,65,4,128,148,143,64,48,16,51,37,60,24,99,13,134,126,124,136,138
133,86,121,53,19,54,75,129,27,28,68,57,117,66,103,0,95,105,44,30,2,61,132,116,22,149,17,25,46,94,23,39,91,115,139,87,32,101,67,144,88,140,18,12,78,114,29,3,92,69,131,70,97,52,31,89,6,47,119,109,108,98,56,36,90,45,38,26,55,33,1,125,14,118,21,62,107,84,20,72,10,80,100,147,106,58,49,102,146,104,76,77,85,35,74,7,50,111,137,5,110,81,42,130,141,113,83,11,8,96,120,127,73,40,71,43,59,93,145,63,142,135,34,112,123,122,15,9,41,79,82,65,4,128,148,143,64,48,16,51,37,60,24,99,13,134,126,124,136,138
133,86,121,53,19,54,32,129,27,28,68,57,117,66,103,0,95,105,44,30,2,61,132,116,22,149,107,25,17,94,23,39,91,115,139,87,37,101,67,144,88,140,18,12,78,114,29,3,92,69,131,70,97,52,31,89,6,47,119,109,108,75,56,36,90,45,38,26,55,33,1,125,14,100,21,62,7,84,20,72,10,80,118,147,106,58,49,102,146,104,9,77,85,35,74,124,98,111,137,5,110,81,42,130,141,113,76,11,8,96,120,127,73,40,71,43,59,93,145,63,142,135,34,112,123,122,15,46,41,79,82,65,4,128,148,143,64,48,16,51,83,60,24,99,13,134,126,50,136,138
133,86,121,53,19,54,32,129,27,28,68,57,117,66,103,0,95,105,143,30,2,61,132,116,71,149,107,25,17,94,23,39,91,115,139,87,26,101,67,144,88,140,18,12,78,114,29,44,92,69,131,70,97,52,31,89,6,47,119,109,108,75,56,36,90,45,38,3,55,33,147,22,14,100,21,62,7,84,20,72,10,80,118,49,106,58,41,102,146,104,9,77,85,35,74,124,98,111,141,5,110,81,42,130,37,113,76,11,8,96,120,127,73,40,1,43,59,93,125,63,142,135,34,112,123,122,15,46,145,79,82,65,4,128,148,137,64,48,16,51,83,60,24,99,13,134,126,50,136,138
133,86,121,53,19,54,32,129,27,28,68,57,117,66,103,0,128,8,143,30,2,44,132,116,71,149,107,25,17,94,23,39,91,115,139,87,26,101,67,144,88,140,18,12,78,114,29,95,92,69,131,70,97,52,31,89,6,126,14,109,108,75,56,36,90,45,38,3,55,33,147,22,20,100,21,62,7,84,104,72,10,61,118,49,106,58,41,102,146,73,9,77,85,35,74,124,98,111,141,5,110,81,42,130,37,113,76,11,80,96,105,127,47,40,1,43,59,93,125,63,142,135,34,112,123,122,15,46,145,79,82,65,4,120,148,137,64,48,16,51,83,60,24,99,13,134,119,50,136,138
133,86,121,53,19,54,32,129,25,28,68,57,117,66,103,0,128,8,143,30,2,44,132,43,71,48,107,11,17,94,23,39,123,115,139,87,26,101,67,144,88,78,18,12,22,114,29,95,92,69,131,70,97,52,31,27,6,126,14,109,108,75,56,36,90,45,38,3,55,33,147,91,20,100,21,62,7,84,104,72,10,61,118,49,106,58,41,102,146,73,9,77,85,35,74,124,98,111,141,5,110,81,42,130,37,113,65,89,80,96,105,127,47,40,1,140,59,93,125,63,142,135,34,112,116,122,15,46,145,79,82,149,4,120,148,137,64,76,16,51,83,60,24,99,13,134,119,50,136,138
133,86,121,53,19,54,32,129,25,28,68,57,117,66,103,0,128,8,143,30,2,6,132,43,98,48,107,11,17,94,23,39,123,115,139,87,26,127,99,144,88,78,18,12,22,114,4,95,92,69,131,70,97,52,31,27,126,106,29,109,108,75,56,36,90,45,38,3,55,33,147,91,20,100,21,62,7,84,104,72,10,61,118,49,44,24,41,102,146,73,9,77,85,35,74,124,101,111,141,5,110,81,42,130,37,113,65,89,80,96,105,71,47,40,1,140,59,93,125,63,142,135,34,112,116,122,15,46,145,79,82,149,58,120,148,137,64,76,16,51,83,60,67,14,13,134,119,50,136,138
133,86,92,53,19,54,32,129,25,28,68,0,117,39,103,99,128,8,26,30,2,6,132,43,98,48,107,11,17,94,23,139,123,115,102,87,143,127,66,144,88,78,18,12,22,114,4,95,119,69,131,70,97,3,31,27,126,106,29,109,108,75,56,36,90,45,38,134,55,33,147,91,20,100,21,62,7,84,104,72,10,61,118,49,44,24,41,52,146,73,9,77,85,35,74,124,101,111,141,5,110,81,42,130,37,113,65,89,80,96,105,71,47,40,1,140,59,93,125,63,142,135,34,112,116,122,15,46,145,79,82,149,58,120,148,137,64,76,16,51,83,60,67,14,13,121,57,50,136,138
133,86,92,53,19,54,32,115,25,28,68,0,117,39,103,99,128,8,26,30,2,6,132,47,98,48,107,11,17,72,23,139,123,55,102,87,143,127,66,144,88,78,18,12,96,114,4,95,119,69,131,70,97,3,31,27,126,106,29,109,108,75,56,36,90,45,38,134,110,129,147,91,20,100,21,62,7,84,104,43,10,61,118,49,44,24,41,59,146,73,9,77,85,35,74,124,101,111,141,5,1,81,42,130,37,113,65,89,80,94,105,71,135,40,33,140,52,93,125,63,142,22,34,112,116,122,15,46,145,79,82,149,58,120,148,137,64,76,16,51,83,60,67,14,13,121,57,50,136,138
120,86,92,53,19,54,32,115,25,28,68,0,117,39,103,99,128,8,109,30,2,6,132,47,98,48,107,11,17,72,23,26,123,55,102,87,143,125,66,144,88,78,18,12,96,114,4,95,119,69,131,70,97,3,31,27,83,106,29,44,108,75,56,36,90,45,38,134,110,129,147,91,20,100,21,62,7,84,104,43,10,61,118,49,16,24,41,59,146,73,9,77,85,35,74,124,101,111,141,37,1,81,42,130,127,113,65,89,80,94,105,71,126,40,33,140,52,93,5,63,142,22,34,112,116,122,15,46,145,79,82,149,58,138,148,137,64,76,139,51,135,60,67,14,13,121,57,50,136,133
78,86,92,53,19,54,32,115,25,28,68,29,117,39,103,99,128,8,109,30,0,6,132,47,98,48,107,11,17,75,23,26,123,55,102,87,143,125,66,144,88,33,18,12,120,114,4,95,119,69,131,70,97,3,31,27,83,106,96,44,108,72,56,36,90,45,38,134,110,129,147,91,104,100,21,60,7,84,127,43,10,61,118,49,2,24,41,59,146,73,9,77,85,35,74,124,101,111,141,37,1,81,42,130,62,113,65,89,80,94,105,71,126,40,16,140,52,93,5,63,142,22,34,112,116,122,15,46,145,79,82,149,58,138,148,137,64,76,139,51,135,20,67,14,13,121,57,50,136,133
78,86,92,53,19,54,32,115,25,28,68,29,117,39,103,99,128,8,79,30,0,6,132,47,98,48,107,11,17,75,23,26,123,55,1,87,143,125,66,144,139,33,18,12,120,114,4,95,119,69,131,70,73,3,31,104,83,106,96,44,108,72,56,36,90,97,38,134,110,45,147,91,126,100,21,60,7,84,127,43,10,61,118,49,2,24,41,59,146,140,9,77,85,35,74,124,101,111,141,37,27,81,42,130,62,113,65,89,80,94,105,71,88,40,16,148,52,93,5,63,142,22,34,112,116,122,15,46,145,102,82,149,58,138,109,137,64,76,129,51,135,20,67,14,13,121,57,50,136,133
78,86,92,53,19,54,32,115,25,0,68,29,117,39,103,99,128,8,79,30,1,6,131,47,98,48,107,11,17,75,23,26,123,55,132,87,143,125,66,144,139,33,18,12,120,114,4,95,119,69,15,70,73,3,31,104,83,106,96,44,108,72,56,36,89,97,38,134,110,45,147,91,126,100,21,60,7,84,127,43,10,61,118,49,2,24,41,59,34,140,9,77,85,35,74,124,101,111,90,37,27,81,42,130,62,113,65,28,80,94,105,146,88,40,16,148,52,93,71,63,57,22,5,112,116,122,141,46,145,102,82,149,58,138,109,137,64,76,129,51,135,20,67,14,13,121,142,50,136,133
78,86,92,53,19,54,32,115,25,0,68,29,117,39,103,99,128,8,79,30,1,6,131,47,98,48,107,11,17,34,23,26,123,55,2,87,143,125,66,144,139,33,18,12,120,114,4,95,119,69,15,70,73,3,31,104,88,106,96,44,108,72,56,36,89,124,38,134,100,45,147,91,126,132,21,111,7,84,127,43,10,61,118,49,113,24,41,59,22,140,9,77,85,35,74,110,101,135,90,37,27,81,42,130,62,83,65,28,80,94,105,146,97,40,16,148,52,93,71,63,57,60,5,112,116,122,141,46,145,102,82,149,58,138,109,137,64,76,129,51,75,20,67,14,13,121,142,50,136,133
78,86,92,77,19,54,32,115,25,0,68,29,117,59,103,99,90,8,79,30,1,6,131,47,98,48,107,11,17,34,128,26,123,55,2,58,143,125,66,144,139,33,18,12,120,114,4,95,119,69,15,70,73,3,31,104,88,106,96,44,108,72,56,36,84,124,38,134,100,45,147,135,126,132,21,111,7,91,127,43,10,61,118,49,113,24,41,23,22,140,9,39,85,35,74,110,101,136,87,37,27,81,42,130,62,83,65,28,80,94,105,146,97,40,16,148,52,93,71,63,57,60,5,112,116,53,141,46,145,102,82,149,122,138,109,137,64,76,129,51,75,20,67,14,13,121,142,50,89,133
78,86,92,77,19,54,32,115,25,0,68,29,117,59,103,99,90,8,79,71,57,6,131,47,98,48,107,94,17,34,133,26,123,55,2,58,143,125,128,144,139,11,18,12,120,114,4,95,119,69,15,70,73,3,31,104,88,106,96,44,108,138,56,36,84,124,38,134,100,45,33,135,126,132,21,111,7,91,127,43,10,61,118,49,113,24,41,23,22,140,9,39,85,35,74,110,101,136,87,37,27,81,42,130,62,83,65,28,80,30,105,146,97,40,16,148,52,93,147,63,66,60,5,112,72,53,141,46,145,102,82,149,122,89,109,137,64,76,129,51,75,20,67,14,13,121,142,50,1,116
78,86,92,77,19,54,32,115,41,0,68,29,117,59,103,99,90,8,79,71,57,6,56,47,98,48,107,94,17,34,133,26,123,55,2,58,149,125,128,144,139,131,18,12,120,114,4,95,119,69,15,70,73,3,31,104,88,106,96,44,108,138,50,36,84,124,38,134,100,45,33,135,67,132,21,111,7,91,127,43,10,61,118,49,113,24,42,23,22,25,9,39,85,35,74,110,101,136,87,37,27,81,53,130,62,83,65,28,80,30,105,146,97,11,126,148,52,93,147,63,66,60,5,112,72,40,141,46,145,102,82,140,122,89,109,137,64,76,129,51,75,20,143,14,13,121,142,16,1,116
78,86,92,77,19,54,32,115,41,0,68,29,117,85,103,99,90,8,79,71,57,6,56,59,98,48,107,94,17,34,133,47,123,55,2,58,125,15,128,144,139,131,18,12,120,114,4,95,119,69,80,70,73,3,31,104,88,106,96,44,108,138,140,36,84,124,38,134,100,149,33,135,67,132,21,111,7,91,127,43,10,61,118,49,26,24,42,23,22,25,9,113,37,35,74,110,101,136,87,39,27,81,53,130,62,83,65,28,122,30,105,146,97,11,126,148,52,93,147,63,66,60,5,112,72,40,141,46,145,102,82,50,45,89,109,137,64,76,129,51,75,20,143,14,13,121,142,16,1,116
78,86,92,77,19,54,120,115,41,0,68,91,117,85,103,99,90,73,79,71,32,6,56,59,98,48,108,94,17,34,133,47,123,7,2,58,125,15,128,144,139,131,18,12,8,57,4,95,119,69,80,70,114,3,31,104,88,106,96,44,76,138,140,36,84,124,38,134,100,149,33,135,67,132,21,111,55,116,127,43,10,61,118,49,26,24,42,23,22,25,9,113,37,35,74,110,101,136,87,39,27,81,53,130,62,83,65,28,122,30,105,146,97,11,126,148,29,93,147,63,66,60,5,112,72,40,141,46,145,102,82,50,45,89,109,137,64,52,129,51,75,20,143,14,13,121,142,16,1,107
78,86,92,77,19,54,120,115,41,0,68,91,117,85,103,99,147,73,79,71,32,6,56,59,98,39,108,94,17,34,133,47,123,7,2,58,25,15,128,101,139,131,18,12,8,57,4,95,119,69,80,70,144,3,31,104,88,106,96,44,76,138,140,36,84,124,38,134,100,149,33,135,67,141,21,111,55,116,127,61,10,43,118,49,26,24,42,23,22,30,9,113,37,35,74,110,132,136,87,90,27,81,53,130,62,83,65,28,122,114,105,146,97,11,126,148,29,93,109,63,66,60,5,112,72,40,48,46,145,102,82,50,45,89,125,137,64,52,129,51,75,20,143,14,13,121,142,16,1,107
78,86,92,77,19,54,114,115,41,0,68,91,117,85,103,99,147,73,79,71,32,6,56,59,98,39,2,7,17,34,133,47,123,101,111,58,25,94,128,75,139,131,18,12,8,57,120,95,119,69,80,70,144,3,31,104,88,106,96,44,76,138,140,36,84,4,38,134,100,149,33,135,67,141,21,124,55,116,127,61,10,43,118,49,26,24,42,23,22,30,9,113,37,35,74,20,132,136,87,90,27,81,53,130,62,83,65,28,122,15,105,146,97,11,126,148,29,93,109,108,66,60,5,112,72,40,48,46,145,102,82,50,45,89,125,137,64,52,129,51,110,63,143,14,13,121,142,16,1,107
78,25,92,77,19,54,114,115,41,0,68,91,136,85,103,99,147,73,79,67,32,6,56,44,98,39,139,7,17,34,133,47,123,101,111,58,12,94,128,75,59,131,18,2,8,57,120,95,119,69,80,70,144,3,31,104,88,106,96,132,76,138,140,36,117,4,38,134,100,149,33,135,22,141,21,124,55,116,127,61,10,43,118,49,26,24,42,23,84,30,9,113,37,35,74,71,20,86,87,90,27,81,53,130,62,83,65,28,122,15,105,146,97,11,126,148,29,93,109,108,66,60,5,112,72,40,48,46,145,102,82,50,45,89,125,137,64,52,129,51,110,63,143,14,13,121,142,16,1,107
78,25,92,77,19,54,114,115,41,0,9,91,136,85,103,99,147,73,79,67,32,6,56,44,98,39,139,55,110,34,133,47,123,101,111,58,12,94,128,75,59,68,18,2,8,22,120,95,119,69,80,70,144,7,31,104,88,106,96,132,76,138,140,36,117,4,38,134,100,149,33,135,89,141,21,124,131,116,127,97,57,43,118,49,26,24,42,23,84,30,61,113,37,35,74,71,20,86,87,90,27,81,53,130,62,10,65,28,122,15,105,146,83,11,126,148,29,93,109,108,66,60,5,112,72,40,48,46,145,102,82,50,45,17,125,137,64,52,129,51,3,63,143,14,13,121,142,16,1,107
78,25,16,77,19,54,114,115,41,98,9,91,136,85,73,99,147,49,113,67,32,6,56,44,109,39,139,55,110,34,133,47,123,101,111,58,12,94,128,75,59,68,18,2,8,22,120,95,119,69,80,70,144,7,31,104,88,106,96,132,76,103,140,36,145,4,38,134,100,149,33,135,89,141,21,124,131,116,127,97,57,43,118,52,26,24,42,23,84,30,61,138,37,35,74,71,20,86,87,90,117,81,53,130,62,10,65,28,122,15,105,146,83,11,126,148,29,93,0,108,66,60,5,112,72,40,48,46,79,102,82,50,45,17,125,137,64,27,129,51,3,63,143,14,13,121,142,92,1,107
78,25,16,86,19,104,114,115,41,98,9,91,61,85,73,99,136,49,113,67,32,6,56,44,109,39,139,55,110,28,133,47,123,101,111,58,12,94,128,75,59,68,18,2,8,22,120,95,119,69,80,70,144,7,31,38,88,106,96,132,76,103,140,36,145,147,37,134,100,149,33,135,89,141,21,124,131,116,127,97,57,43,118,52,26,24,42,23,84,30,34,138,72,35,74,71,54,4,87,90,117,81,53,130,62,10,65,77,122,20,105,146,83,11,126,148,29,93,0,108,66,60,5,112,15,40,48,46,79,102,82,50,45,17,125,137,64,27,129,51,3,63,143,14,13,121,142,92,1,107
78,25,16,86,19,104,114,115,41,98,9,91,61,85,73,99,136,49,113,67,32,6,84,44,109,39,139,55,110,28,38,47,123,101,111,58,12,87,128,75,59,68,18,2,8,22,120,95,119,69,23,70,144,7,31,56,88,106,96,132,133,103,140,36,145,147,37,134,100,149,33,135,89,141,21,124,131,116,127,97,57,43,118,52,26,24,42,0,107,30,34,138,72,15,74,71,54,4,76,90,117,81,53,130,62,10,65,77,122,20,105,146,83,11,126,148,29,93,121,108,66,60,5,112,35,40,48,46,79,102,82,50,94,17,125,137,64,27,129,51,3,63,143,14,13,80,142,92,1,45
78,25,16,86,19,104,114,68,41,98,9,91,113,85,73,99,61,49,100,67,32,6,84,44,109,39,139,20,110,28,125,47,123,55,111,58,12,87,128,75,59,101,18,2,8,22,120,83,119,69,23,70,144,7,31,56,88,106,96,132,133,103,140,36,145,147,37,134,131,149,33,135,89,141,21,124,136,116,127,97,57,43,118,52,26,24,42,0,107,30,34,138,72,15,74,71,54,4,76,90,117,81,53,130,62,10,65,77,122,40,105,146,95,11,126,148,29,93,121,108,66,60,5,112,35,115,48,46,79,102,82,50,94,17,38,137,64,27,129,51,3,63,143,14,13,80,142,92,1,45
78,25,16,86,19,104,114,68,41,98,9,91,113,85,73,99,61,133,100,67,32,6,84,44,109,39,139,20,18,28,125,21,123,55,111,58,12,87,128,75,59,101,57,2,8,22,120,83,119,69,23,70,144,7,31,56,88,106,96,132,1,103,140,49,145,147,37,134,131,149,33,135,89,141,10,124,136,116,127,97,47,43,118,52,65,24,42,0,107,30,34,138,72,15,74,71,54,4,76,90,117,81,53,130,110,26,121,77,122,40,105,146,95,11,126,148,29,93,64,108,66,60,5,112,35,115,48,46,79,102,82,50,94,17,38,137,62,27,129,51,3,63,143,14,13,80,142,92,36,45
78,25,16,86,19,104,114,68,124,98,9,91,113,85,73,99,61,92,100,67,32,6,84,44,109,39,139,20,18,28,125,71,123,55,111,58,12,7,128,75,59,101,57,2,8,22,120,83,119,69,23,70,144,87,31,56,88,106,96,132,1,103,140,49,145,147,37,134,131,149,33,135,89,141,10,148,136,116,127,21,47,43,118,52,65,24,42,0,107,30,34,138,72,15,74,108,54,4,97,90,117,81,41,130,110,26,121,77,76,40,105,146,95,11,126,133,29,93,64,122,66,60,5,112,35,115,48,53,79,102,82,50,94,17,38,137,62,27,129,51,3,63,143,14,13,80,142,46,36,45
78,25,16,86,19,46,114,68,124,98,9,91,113,85,73,99,61,92,100,67,32,6,84,44,109,39,139,20,59,28,125,71,123,55,111,58,12,7,128,75,5,101,57,2,8,22,120,83,70,69,23,80,144,87,31,56,88,106,96,132,1,103,140,49,145,147,37,134,38,149,33,135,89,141,10,148,18,116,127,21,47,43,118,52,65,24,42,143,107,30,34,138,72,15,74,108,54,4,97,90,117,81,104,130,110,26,121,77,76,40,105,146,95,11,126,133,29,93,64,122,66,60,131,112,35,115,48,0,79,102,82,50,94,17,41,137,62,27,129,51,3,63,136,14,13,53,142,119,36,45
78,25,16,86,19,46,114,68,124,98,9,91,113,85,73,99,61,76,100,67,32,6,84,44,109,39,139,20,59,28,125,71,123,47,111,58,12,7,128,55,5,101,57,2,8,22,120,83,70,69,23,80,144,87,121,56,88,106,96,132,1,103,140,49,145,147,37,134,38,149,33,135,89,141,10,148,18,116,127,21,92,45,118,52,65,24,112,143,107,30,34,138,72,15,31,108,54,4,97,90,117,81,104,130,110,26,42,77,75,40,105,146,95,11,126,133,29,93,64,122,66,60,131,136,35,115,48,0,79,102,82,50,94,17,41,137,62,27,129,51,43,63,13,14,74,53,142,119,36,3
78,25,16,127,19,46,139,68,124,98,9,91,27,85,73,110,61,76,100,67,32,6,84,44,109,39,114,20,59,28,125,71,123,47,111,58,12,7,128,55,5,101,57,2,8,138,120,83,86,69,23,80,144,87,99,70,88,106,96,132,1,103,140,49,145,147,37,134,38,149,33,135,89,141,10,148,18,116,56,21,92,45,118,52,22,24,112,143,107,30,34,65,72,15,31,108,54,4,97,90,117,81,104,130,79,26,42,77,75,40,105,146,95,11,126,133,29,93,64,122,66,60,131,136,35,115,48,0,113,102,82,50,94,17,41,137,62,121,129,51,43,63,13,14,74,53,142,119,36,3
78,4,16,127,19,46,17,68,124,98,9,91,27,85,73,110,61,76,100,67,32,6,84,44,109,82,114,20,59,28,125,71,123,47,111,58,12,7,128,55,5,101,57,2,8,138,120,83,86,133,23,80,144,126,99,70,88,106,96,139,1,103,140,49,145,147,37,134,38,149,33,135,89,141,10,148,18,116,56,21,92,45,118,52,22,24,112,143,107,30,39,65,72,15,31,108,54,132,97,90,69,81,104,130,117,26,42,77,75,87,105,146,95,11,34,25,29,93,64,122,66,60,131,136,35,115,48,0,113,102,40,50,94,79,41,137,62,121,129,51,43,63,13,14,74,53,142,119,36,3
78,41,16,127,19,46,17,47,124,98,9,91,27,85,73,110,61,76,100,67,32,49,84,44,109,82,114,20,59,28,125,71,123,144,111,58,12,7,128,55,5,101,57,2,8,138,120,83,30,148,23,80,140,126,99,70,88,106,96,139,1,103,4,68,145,147,37,134,38,149,33,135,89,141,10,25,18,116,56,21,92,45,118,52,22,24,112,143,107,29,39,65,72,15,31,108,54,86,97,90,69,81,104,130,117,26,42,77,75,87,105,146,95,11,34,133,132,93,64,122,66,60,131,136,35,115,48,0,113,102,40,50,94,79,6,137,62,121,129,51,43,63,13,14,74,53,142,119,36,3
78,41,16,127,19,46,17,47,124,98,117,91,27,85,73,110,61,76,100,67,32,49,84,44,109,82,114,20,59,94,125,71,123,144,111,58,12,7,128,55,5,101,62,2,8,138,57,126,30,148,23,80,140,51,99,70,88,106,96,139,1,103,4,68,145,147,37,134,38,149,107,135,89,141,10,25,18,116,56,21,92,45,118,52,22,24,112,143,122,29,39,83,72,15,31,108,54,86,97,90,69,81,104,130,120,26,42,77,75,87,105,146,95,11,34,133,132,93,64,66,65,60,131,136,35,115,48,0,113,102,40,50,28,79,6,137,9,121,129,33,43,63,13,14,74,53,142,119,36,3
78,41,16,127,19,46,17,47,65,98,18,91,27,85,73,110,61,135,100,96,32,49,146,44,109,82,114,20,59,94,125,71,123,144,111,58,12,7,128,55,5,101,62,2,8,138,57,126,30,148,23,80,140,51,99,70,88,106,79,139,1,103,4,68,145,147,37,134,38,149,107,63,89,141,10,25,42,116,56,21,92,45,118,52,22,24,112,117,122,29,39,83,72,15,31,108,54,86,97,90,69,81,104,130,120,26,84,77,75,87,105,60,95,11,34,133,132,93,64,66,67,76,131,136,35,115,48,0,113,102,40,50,28,143,6,137,9,121,129,33,43,124,13,14,74,53,142,119,36,3
78,41,133,127,19,46,62,47,65,98,18,91,27,85,73,110,61,122,135,96,32,49,17,44,109,82,114,20,59,94,125,71,123,144,111,58,12,7,128,55,5,101,9,2,8,138,57,126,30,148,23,80,140,51,99,70,88,106,79,139,1,103,4,68,145,147,37,134,38,15,107,63,100,141,10,25,42,116,56,21,92,45,118,52,22,24,112,117,16,29,39,83,72,36,31,108,54,86,97,90,69,81,104,130,120,26,84,77,75,87,105,60,95,11,34,89,132,93,64,66,67,76,131,136,35,115,149,0,113,102,40,50,28,143,6,137,129,121,146,33,43,124,13,14,74,53,142,119,48,3
78,41,133,59,19,46,62,47,65,98,18,91,27,85,17,110,61,122,135,96,32,49,79,44,109,127,114,20,123,94,125,71,73,144,111,58,12,7,128,55,72,101,9,2,8,138,57,126,30,148,23,80,140,51,99,70,88,106,5,139,1,103,4,50,145,53,37,134,38,15,107,63,100,141,10,25,42,116,56,21,92,45,118,52,22,24,112,117,16,29,39,83,68,36,31,108,54,86,97,90,69,81,104,130,120,26,84,77,75,87,105,60,95,11,34,89,132,93,64,66,67,76,131,136,35,115,149,0,113,102,40,146,28,143,82,137,129,121,6,33,43,124,13,14,74,147,142,119,48,3
78,2,133,59,19,46,62,47,65,98,18,91,27,0,96,110,61,122,54,41,32,49,79,44,109,127,114,20,123,94,125,71,73,144,111,58,12,7,128,55,72,101,9,124,8,138,57,126,30,148,23,80,140,51,99,70,88,106,5,139,1,103,85,50,145,53,37,134,38,15,107,63,100,141,10,25,42,116,56,21,92,4,118,52,22,24,112,117,16,29,39,74,68,36,31,108,129,86,97,90,69,81,104,130,120,26,84,77,75,87,105,60,95,11,34,89,132,93,64,66,67,76,131,136,35,115,149,45,113,102,40,146,28,143,82,137,83,121,6,33,43,147,13,14,135,17,142,119,48,3
78,2,133,59,19,46,62,47,65,98,18,15,27,0,96,110,61,122,54,41,32,49,111,44,109,127,114,20,123,94,125,71,73,144,45,58,12,7,128,55,135,101,9,124,8,138,57,67,30,148,23,80,140,51,99,70,88,106,5,139,1,103,85,50,145,53,126,134,38,21,107,63,100,79,10,25,42,91,56,130,92,4,118,52,22,24,112,117,16,29,39,74,68,36,31,108,129,86,97,90,69,81,104,141,120,26,116,77,75,87,105,60,95,11,34,89,132,93,64,66,72,76,131,136,35,115,149,37,113,102,40,146,28,143,82,137,83,121,6,33,43,147,13,14,84,17,142,119,48,3
78,2,133,59,19,46,62,41,23,86,54,15,27,0,96,110,61,122,44,77,98,49,111,65,109,127,114,20,123,94,125,71,37,144,45,58,12,7,128,55,135,101,9,124,8,138,57,67,30,148,69,80,140,51,99,70,88,106,5,139,1,103,85,50,145,53,126,134,38,21,107,63,100,79,10,25,42,91,56,130,92,4,118,52,22,24,112,117,16,29,39,74,68,36,31,108,129,47,97,90,32,81,104,141,120,26,116,18,75,87,105,60,95,11,34,89,132,93,64,66,72,76,131,136,35,115,149,142,113,102,40,146,28,143,82,137,83,121,6,33,43,147,13,14,84,17,73,119,48,3
78,2,133,59,19,46,62,41,23,86,54,15,101,0,96,110,61,122,44,77,98,49,111,65,109,127,114,42,18,94,125,71,37,74,45,58,22,7,128,55,135,43,9,124,8,138,57,67,30,148,69,80,140,51,99,70,88,106,5,139,1,103,123,50,145,53,126,134,38,21,107,63,100,79,10,25,92,91,56,130,144,4,118,52,146,24,112,117,16,29,39,12,68,36,31,108,129,47,85,90,32,81,104,141,120,26,116,97,75,87,105,60,95,11,34,89,132,93,64,66,72,76,131,136,35,115,149,142,113,102,40,27,28,143,82,137,83,121,6,33,20,147,13,14,84,17,73,119,48,3
78,69,133,59,19,46,62,147,23,86,54,15,101,0,96,110,61,122,21,77,98,49,111,65,109,127,114,42,18,94,36,71,37,74,45,58,22,7,128,55,125,43,9,6,8,138,57,67,30,148,75,80,140,51,99,70,88,106,5,139,1,103,123,50,145,53,135,134,38,2,107,63,100,79,10,25,92,91,56,130,144,4,118,52,146,24,112,117,16,29,124,12,68,126,31,108,129,44,85,90,32,81,104,141,120,26,116,97,39,87,105,60,95,11,34,89,132,93,64,66,72,76,131,136,35,115,149,142,113,102,40,27,28,143,82,137,83,121,41,33,20,47,13,14,84,17,73,119,48,3
78,69,133,59,19,46,62,147,23,86,54,15,101,0,96,110,61,122,21,77,98,128,111,32,109,127,114,3,18,94,36,146,37,74,45,58,22,7,129,55,125,43,9,6,8,138,57,67,30,148,75,80,140,51,49,70,88,106,5,139,1,103,123,50,145,53,135,134,38,2,107,63,100,79,10,25,92,91,56,130,144,4,118,52,99,24,112,117,16,29,124,12,68,71,31,108,65,44,85,90,27,113,104,141,120,26,116,97,39,87,105,60,95,11,34,89,132,93,64,66,72,76,131,136,35,115,149,142,126,102,40,73,28,143,82,137,83,121,41,33,20,47,13,14,84,17,42,119,48,81
78,69,133,15,19,46,62,66,23,86,54,136,101,0,96,110,61,122,21,77,98,128,111,32,109,127,114,3,18,94,36,146,37,74,45,58,22,7,129,55,145,43,141,6,8,138,57,67,30,59,75,80,140,51,34,70,88,106,5,139,1,103,123,50,105,53,135,134,38,2,107,63,100,79,10,25,92,91,56,130,144,4,147,52,99,24,112,117,16,29,124,12,68,71,31,108,65,44,85,90,27,113,104,9,120,26,116,97,39,87,13,60,95,11,49,89,132,93,64,148,72,76,131,125,35,115,149,142,126,102,40,73,28,143,82,137,83,121,41,33,20,47,118,14,84,17,42,119,48,81
78,69,133,15,19,46,28,66,23,86,54,136,32,77,96,110,61,60,21,56,98,128,111,118,109,127,114,3,18,94,36,146,37,74,45,58,22,7,129,55,145,43,141,0,8,138,57,67,30,59,75,80,140,51,34,70,88,106,5,139,1,103,123,50,105,53,135,134,38,2,107,63,100,79,10,25,92,91,62,130,144,125,147,52,99,24,112,117,16,29,124,12,68,71,31,108,65,44,85,90,27,113,104,9,120,26,116,97,39,87,13,4,95,11,49,89,132,93,64,148,72,76,131,42,35,115,149,6,126,102,40,73,142,143,82,137,83,121,41,33,20,47,101,14,84,17,122,119,48,81
78,69,133,15,19,46,28,66,23,86,54,136,32,77,96,110,61,60,21,56,98,128,111,118,109,127,114,135,18,94,36,146,37,74,45,58,22,141,129,55,145,43,3,0,8,138,57,67,30,59,85,80,140,51,34,70,88,106,5,139,1,103,53,50,105,90,123,134,38,2,107,33,100,79,10,25,92,91,62,130,144,125,147,52,99,122,112,117,16,29,124,12,68,71,24,108,65,44,31,63,27,113,104,9,120,26,116,97,39,87,13,4,95,11,49,89,132,93,64,148,72,76,131,42,35,115,149,6,126,102,40,73,142,143,82,137,83,121,75,7,20,47,101,14,84,17,41,119,48,81
78,69,133,15,19,46,28,66,53,86,54,136,32,77,96,110,61,60,21,56,98,128,111,118,109,97,114,135,18,94,124,146,37,74,45,58,22,141,23,126,145,43,127,0,8,138,57,67,30,59,85,80,140,51,129,70,27,106,5,139,1,103,91,50,105,90,123,134,38,2,107,33,100,79,10,25,92,55,62,130,144,125,147,52,99,122,112,117,16,29,34,12,68,71,24,108,65,44,31,63,115,113,104,9,120,26,116,88,39,87,13,4,95,11,49,89,132,93,64,148,72,76,131,42,35,36,149,6,3,102,40,73,142,143,82,137,83,121,75,7,20,47,101,14,84,17,41,119,48,81
78,69,133,15,19,46,28,66,53,57,54,136,32,77,96,110,61,60,21,56,98,128,111,118,109,97,114,135,18,94,124,146,37,74,45,58,22,141,23,126,100,43,127,0,8,138,49,67,30,59,85,80,140,51,129,70,27,106,5,139,1,103,91,50,35,90,73,123,38,2,107,33,131,79,10,25,92,55,117,130,144,125,147,52,99,122,112,72,16,29,34,12,68,71,24,108,65,44,31,63,115,113,104,9,120,26,116,88,39,87,13,4,95,11,143,89,132,93,64,148,145,76,62,42,134,36,149,6,3,102,40,86,142,105,82,137,83,121,75,7,20,47,101,14,84,17,41,119,48,81
78,69,133,15,19,46,28,66,53,57,54,136,32,77,96,110,61,60,21,56,98,128,111,118,109,97,114,135,18,94,124,146,37,74,45,58,22,141,72,126,100,43,127,0,8,138,49,67,30,59,88,51,140,20,129,70,27,106,5,139,1,103,91,50,35,90,85,123,80,2,107,33,131,79,10,25,92,55,117,130,144,125,147,52,99,122,112,34,16,29,38,12,68,71,24,108,65,44,31,63,36,113,104,9,120,26,116,148,39,87,13,4,95,11,143,89,132,93,64,76,145,23,62,42,134,7,149,6,3,102,40,86,142,105,82,137,83,121,75,115,73,47,101,14,84,17,41,119,48,81
68,69,133,15,19,46,28,66,53,57,54,136,32,77,96,110,61,60,21,56,98,128,111,118,109,97,114,135,18,94,124,146,37,74,45,58,22,141,72,126,100,43,127,0,39,138,49,67,30,59,88,51,140,20,129,70,27,106,5,139,1,103,91,50,35,142,85,123,80,2,107,33,131,79,10,25,92,55,117,130,144,125,147,52,99,122,112,34,16,29,38,8,78,71,120,108,65,44,64,63,36,113,104,75,82,26,116,148,9,87,13,4,95,11,31,89,132,93,90,76,145,23,62,42,134,7,149,6,3,102,40,86,12,105,24,137,83,121,143,115,73,47,101,14,84,17,41,119,48,81
68,69,133,15,19,46,28,66,53,0,54,61,51,77,96,110,144,60,21,56,67,128,111,118,109,97,114,135,18,94,124,146,37,74,45,58,22,141,72,126,100,43,127,32,39,138,49,57,30,59,88,149,140,76,129,70,27,106,2,139,1,103,91,50,35,142,85,123,80,5,107,33,131,79,10,136,92,55,117,130,98,125,147,52,99,122,112,34,16,29,38,8,78,71,120,108,65,44,64,63,36,113,104,75,82,26,116,148,9,87,13,4,95,11,31,89,132,93,90,25,145,23,62,42,134,7,20,6,3,102,40,86,12,105,24,137,83,121,143,115,73,47,101,14,84,17,41,119,48,81
68,69,133,15,19,46,28,66,135,0,54,61,51,77,96,110,144,60,21,53,67,128,111,118,109,97,114,26,45,94,124,146,37,74,65,58,22,141,72,126,100,43,127,32,39,138,49,57,30,59,88,149,140,76,129,70,27,106,2,139,1,103,91,84,35,142,85,123,80,5,107,33,131,56,10,136,92,52,117,130,98,125,147,55,99,122,148,34,16,29,38,8,79,71,120,108,112,44,64,63,36,113,104,75,82,18,116,78,9,87,13,4,95,11,31,89,132,93,90,25,145,23,62,42,134,7,20,6,3,102,40,86,12,105,24,137,83,121,143,115,73,47,101,14,50,17,41,119,48,81
68,69,133,15,19,46,28,128,135,0,140,61,51,77,96,110,144,60,21,54,67,103,111,53,109,97,114,26,45,94,124,71,37,74,65,58,22,141,66,126,100,43,127,32,39,138,120,57,30,59,88,149,36,76,129,70,27,106,2,139,1,72,91,84,35,142,85,123,80,5,107,146,131,56,10,136,92,52,117,130,98,125,147,55,99,122,148,34,16,29,38,8,79,7,33,108,112,44,64,63,118,113,104,75,82,18,116,78,9,87,13,4,95,11,31,89,132,93,90,25,145,23,62,42,134,49,20,6,3,102,40,86,12,105,24,137,83,121,143,115,73,47,101,14,50,17,41,119,48,81
68,69,133,15,131,46,142,128,135,100,140,61,51,77,96,110,144,60,21,54,67,103,111,119,109,97,20,26,45,94,124,71,37,74,65,58,22,141,66,126,114,43,127,32,39,138,120,59,30,28,88,149,36,76,129,70,27,106,2,139,1,72,91,84,35,48,85,123,80,5,107,146,63,56,10,136,92,52,117,130,98,125,147,55,99,122,148,34,16,29,38,8,79,7,33,108,112,44,64,53,118,113,104,75,82,18,116,78,9,87,13,4,95,11,31,89,132,93,90,25,145,23,62,42,134,49,57,6,3,102,40,86,12,105,24,137,83,121,19,115,73,47,101,14,50,17,41,143,0,81
68,69,133,15,131,46,142,128,135,100,140,61,51,77,96,110,144,60,21,54,67,103,111,119,109,97,20,26,125,94,124,71,37,74,65,58,22,141,47,126,114,43,127,89,39,138,120,59,30,28,88,149,36,76,129,70,27,106,2,139,1,72,91,84,32,48,85,123,45,5,107,146,63,56,10,136,92,52,117,130,98,33,147,66,99,122,148,34,16,29,38,8,79,80,7,108,112,44,64,53,118,113,104,75,82,18,116,55,23,87,13,4,95,11,31,9,132,93,90,25,145,35,62,42,134,49,57,6,3,102,78,86,12,105,24,137,83,121,19,115,73,40,101,14,50,17,41,143,0,81
68,69,133,15,131,46,142,128,135,100,140,61,51,77,96,110,144,97,21,54,67,103,111,119,109,32,20,26,125,94,124,71,37,74,65,58,22,141,47,126,114,43,127,89,39,138,120,59,17,28,88,149,80,30,129,70,27,106,2,139,1,72,91,84,60,48,85,123,45,5,107,146,63,56,10,136,92,36,117,130,98,33,147,66,99,122,148,34,16,29,38,8,79,11,7,108,112,44,64,53,118,113,104,75,82,18,116,55,23,87,13,4,95,41,31,9,132,93,90,62,145,35,101,42,134,49,57,6,3,102,78,86,12,105,24,137,83,76,19,115,73,40,121,14,50,52,25,143,0,81
23,73,133,15,131,46,142,128,135,100,140,61,51,77,96,110,144,97,21,54,67,68,111,119,109,32,20,89,125,94,124,71,37,74,65,58,22,141,47,126,114,43,127,121,39,138,120,59,17,28,88,149,80,30,129,70,27,106,2,139,1,103,91,84,60,48,85,123,45,5,107,49,63,56,10,136,92,36,117,130,98,33,147,66,99,122,148,34,16,29,38,8,79,11,7,108,112,44,64,53,118,113,104,75,82,18,116,55,146,87,13,4,19,41,31,9,132,93,90,62,145,35,78,42,134,69,57,6,3,102,95,86,12,105,24,137,83,76,101,115,72,40,26,14,50,52,25,143,0,81
23,73,133,15,131,46,142,128,135,100,140,61,53,77,96,110,144,97,21,54,67,68,52,119,109,32,20,118,125,94,124,71,37,74,65,58,22,141,47,126,114,43,127,121,39,138,120,59,17,28,88,149,80,30,129,70,27,106,2,139,1,103,91,84,60,48,85,123,45,5,107,49,99,56,10,136,92,36,117,130,98,33,147,66,6,122,148,34,57,29,38,8,79,11,7,108,112,44,64,63,41,113,104,75,82,16,116,55,146,87,13,4,19,51,31,9,132,93,90,62,105,35,78,42,134,69,111,18,3,102,95,86,12,145,24,137,83,76,101,115,72,40,26,14,50,89,25,143,0,81
23,73,133,15,131,46,142,128,135,51,140,61,53,36,96,110,144,97,21,54,67,68,52,119,109,32,20,118,125,94,124,65,37,74,79,12,22,141,47,126,114,43,127,121,39,138,120,59,17,28,88,149,80,30,75,70,27,106,2,139,1,103,91,84,60,48,85,123,45,5,107,49,99,56,10,136,92,81,117,130,98,33,147,66,6,122,148,34,58,29,38,8,129,11,7,108,112,44,64,63,41,113,104,71,82,16,116,55,9,87,13,4,19,146,31,57,132,93,90,62,105,35,78,42,134,69,111,18,3,102,95,86,77,145,24,137,83,76,101,115,72,40,26,14,50,89,25,143,0,100
18,50,133,15,131,46,142,73,135,51,140,61,53,36,96,110,144,97,21,54,67,68,52,119,109,32,20,118,125,94,124,65,37,74,79,12,22,141,128,126,114,43,127,121,39,138,120,59,17,28,88,149,80,30,75,70,27,106,2,139,1,103,91,84,60,48,85,123,45,5,107,49,99,56,10,136,92,81,117,130,98,33,147,66,6,122,148,34,58,29,38,8,129,11,7,108,112,44,64,31,41,113,104,71,82,116,13,89,9,87,26,4,19,146,134,57,132,93,90,62,105,35,78,42,16,69,111,47,3,102,95,86,77,145,24,137,83,76,101,115,72,40,63,14,55,23,25,143,0,100
18,50,133,15,131,46,142,73,135,51,12,61,53,120,96,110,144,97,75,54,67,68,52,119,109,32,20,118,125,94,124,65,37,74,79,44,22,141,128,126,114,43,127,121,39,138,149,21,17,28,88,130,80,30,72,70,27,106,2,139,1,103,129,84,60,48,85,123,45,5,107,49,99,56,10,136,92,36,117,91,98,33,147,66,6,122,148,34,58,29,38,8,140,11,7,108,112,59,64,31,41,113,104,71,82,116,13,89,9,87,26,4,19,146,134,57,132,93,90,62,105,35,81,42,16,69,111,47,3,102,95,86,77,145,24,137,83,76,101,115,78,40,63,14,55,23,25,143,0,100
18,50,133,15,131,46,142,73,89,51,12,61,53,120,96,110,144,97,75,54,67,58,52,119,109,32,20,118,125,94,124,65,35,74,79,44,22,141,128,126,114,43,127,121,39,138,149,21,139,28,88,130,80,30,72,70,27,106,2,17,1,103,129,84,60,48,85,123,45,5,107,49,99,117,10,136,92,36,132,91,98,33,147,66,6,122,78,34,59,29,38,8,140,11,7,108,112,148,37,31,41,113,104,71,82,116,13,135,9,87,26,4,19,146,134,57,64,93,90,62,105,68,81,42,16,69,111,47,3,102,95,86,77,145,24,137,83,76,101,115,56,40,63,14,55,23,25,143,0,100
18,50,133,15,131,46,142,73,89,51,117,61,53,120,96,110,144,3,75,54,67,58,52,119,109,32,20,118,125,94,137,65,35,74,79,44,22,141,128,126,114,12,92,121,39,97,149,21,139,28,88,130,80,30,72,70,27,106,71,17,1,103,129,84,60,48,85,123,45,5,107,49,99,59,10,136,34,36,132,91,98,33,147,66,6,122,78,2,127,29,38,8,140,11,7,108,112,148,37,31,41,113,104,124,82,116,13,135,9,87,26,4,19,146,134,57,64,93,90,62,105,68,81,42,16,69,111,47,76,102,95,86,77,145,24,43,83,138,101,115,56,40,63,14,55,23,25,143,0,100
124,50,133,15,131,46,146,73,89,51,117,61,53,120,96,110,144,3,75,54,67,58,52,119,109,32,20,118,125,94,137,6,35,74,79,84,22,141,128,126,114,12,92,121,39,97,149,21,139,28,88,130,80,30,72,70,27,106,71,17,1,103,129,134,60,48,85,24,45,5,107,49,99,59,10,136,34,36,132,91,98,33,147,66,65,122,78,2,127,29,38,8,140,11,7,108,112,148,37,41,44,113,104,31,82,116,13,135,9,87,26,4,19,142,123,57,64,93,90,62,105,68,81,42,16,69,111,47,76,102,18,86,77,145,40,43,83,138,101,115,56,95,63,14,55,23,25,143,0,100
124,50,133,15,131,46,146,73,89,51,83,61,53,120,96,110,144,3,75,54,67,38,52,119,109,32,20,118,125,94,137,6,35,74,79,84,22,141,128,127,114,12,92,121,39,97,149,57,139,28,88,130,70,30,72,21,27,106,71,17,1,103,129,134,60,48,85,24,45,5,107,49,41,59,10,136,34,36,132,91,98,33,147,66,65,122,78,126,117,29,4,8,140,11,7,108,112,148,37,58,44,113,104,31,82,116,13,135,9,87,26,115,19,142,123,2,64,93,90,62,105,68,81,42,16,69,111,47,76,102,18,86,77,145,40,43,99,138,101,80,56,95,63,14,55,23,25,143,0,100
124,50,133,15,131,117,78,73,89,51,83,61,53,120,96,110,144,3,75,54,67,38,52,119,109,32,20,118,125,94,137,6,35,74,79,84,22,141,128,127,114,12,92,121,39,97,149,57,139,28,88,130,70,30,65,21,27,106,71,17,1,103,129,134,60,48,85,24,45,5,107,49,41,46,10,136,34,44,132,91,135,33,147,66,26,122,72,126,62,29,4,8,140,11,7,108,112,148,37,58,36,113,104,31,82,116,13,19,9,87,98,115,80,142,123,2,64,93,90,146,105,68,81,42,16,69,111,47,76,102,18,86,77,145,40,43,99,138,101,59,56,95,63,14,55,23,25,143,0,100
124,50,133,15,131,117,78,127,89,51,83,113,53,120,96,110,144,3,75,54,67,38,52,119,109,32,57,118,125,94,61,6,35,74,79,84,22,141,29,70,114,12,92,121,39,97,149,116,73,28,88,130,128,30,65,21,27,106,71,87,1,103,129,134,60,48,85,24,45,5,107,49,41,46,10,136,34,44,132,91,135,33,147,66,26,20,72,126,62,122,4,8,140,11,7,108,112,148,37,58,36,137,104,31,82,139,13,19,9,17,98,115,80,142,123,2,64,93,90,146,105,68,81,42,16,69,111,47,76,102,18,86,77,145,40,43,99,138,101,59,56,95,63,14,55,23,25,143,0,100
124,50,133,15,131,24,78,127,89,51,63,113,105,120,96,110,144,3,75,54,67,38,52,134,109,32,57,118,125,94,61,6,35,74,79,84,22,141,29,70,114,12,123,121,39,97,149,116,73,28,88,130,128,30,65,21,27,106,71,87,1,103,129,34,60,48,85,119,45,5,107,49,41,46,10,136,132,44,83,91,135,33,92,66,26,20,72,126,62,122,4,8,140,11,7,108,112,148,37,117,36,137,104,31,82,139,13,19,9,17,98,115,80,142,53,2,64,93,90,146,58,68,81,42,16,69,111,47,76,102,18,86,77,145,40,43,99,138,101,59,56,95,25,14,55,23,147,143,0,100
124,50,133,15,131,24,78,127,7,51,63,113,105,120,96,110,144,104,26,54,67,38,52,134,109,32,57,4,125,94,14,6,35,74,79,84,22,141,29,70,114,12,123,121,39,97,149,116,27,28,88,130,128,30,65,21,3,106,71,87,1,103,129,34,60,48,85,119,45,5,107,49,41,46,10,136,132,44,83,91,56,33,92,66,89,20,72,126,62,122,61,8,140,11,142,108,112,148,37,117,36,137,118,31,82,139,13,19,9,17,98,115,80,73,53,2,64,93,90,146,58,68,81,42,16,69,111,47,76,102,18,86,77,145,40,43,99,138,101,59,75,95,25,135,55,23,147,143,0,100
124,50,133,15,131,24,78,127,7,51,63,113,105,120,96,110,144,104,26,54,67,38,52,134,109,32,57,4,125,94,14,6,23,19,79,84,22,141,29,70,114,12,123,121,39,97,149,116,27,28,88,130,128,30,65,21,16,106,35,87,1,103,129,34,60,48,137,71,45,5,107,49,41,46,10,136,132,44,83,91,56,33,92,66,89,20,72,126,62,122,61,8,140,11,142,74,112,148,37,117,36,119,118,31,82,139,13,75,9,17,98,108,80,73,53,2,64,93,90,146,58,68,81,85,42,69,111,47,76,102,18,86,77,145,40,43,99,138,101,59,0,95,25,135,55,3,147,143,115,100
124,13,133,15,131,24,78,127,7,51,63,113,105,120,96,110,144,134,26,54,67,38,52,50,109,32,57,4,125,94,14,6,23,19,79,84,22,141,29,70,9,12,123,121,39,97,149,116,27,28,88,130,128,53,65,21,16,106,35,87,1,103,129,34,60,48,137,71,45,5,107,139,41,46,10,100,132,44,83,91,56,33,92,66,89,20,72,126,62,122,61,8,140,11,142,74,112,148,37,117,36,119,118,114,82,68,98,75,104,17,136,108,80,73,49,2,64,93,90,146,58,31,81,85,42,69,111,47,76,102,18,86,77,145,40,43,99,138,101,59,0,95,25,135,55,3,147,143,115,30
124,13,133,15,131,24,78,127,7,51,63,113,105,120,96,140,144,134,135,54,67,38,52,50,109,32,57,4,125,94,14,6,23,19,79,84,22,141,29,70,9,26,123,121,39,97,149,116,27,28,88,130,128,53,65,21,16,82,35,61,1,103,129,34,60,48,137,44,45,5,107,139,41,46,10,100,132,86,83,91,56,33,92,66,89,20,72,126,62,122,71,8,110,11,142,74,112,148,37,93,36,119,118,114,106,68,98,75,104,17,136,108,80,73,87,2,64,49,90,146,58,31,81,85,42,69,111,47,76,102,18,117,77,145,40,43,99,138,101,59,0,95,25,12,55,3,147,143,115,30
124,13,133,15,131,121,78,127,7,51,63,113,105,27,96,140,144,134,135,54,67,38,52,50,109,32,57,4,141,94,14,6,71,19,79,84,22,23,29,70,9,26,123,62,28,30,149,116,1,39,88,130,128,53,65,21,16,82,35,61,114,103,129,34,60,48,137,44,45,5,107,139,41,46,10,100,132,86,83,91,56,33,92,66,89,20,72,126,97,122,24,8,110,11,142,74,112,148,37,93,36,119,118,125,106,68,98,75,104,17,136,108,80,73,87,2,64,49,90,146,58,31,81,85,42,69,111,47,76,102,18,117,77,145,40,43,99,138,101,59,0,95,25,12,55,3,147,143,115,120
124,13,61,15,69,121,78,10,7,51,63,113,105,27,96,140,144,134,135,77,67,38,52,50,109,32,57,4,141,94,14,6,71,70,79,127,22,23,137,19,131,26,123,62,28,30,149,116,1,39,88,130,54,53,65,21,16,82,35,29,114,103,129,34,60,48,84,44,45,5,107,139,41,46,9,100,132,86,83,91,56,33,92,66,89,20,72,126,97,122,24,8,110,11,142,74,112,148,37,93,36,119,118,125,106,68,98,75,104,17,136,108,80,73,87,2,64,49,90,146,58,31,81,85,42,128,111,47,76,102,18,117,133,145,40,43,99,138,101,59,0,95,25,12,55,3,147,143,115,120
124,13,61,15,69,121,78,10,7,51,63,113,105,116,96,140,144,134,135,77,67,38,52,50,109,18,57,4,141,94,14,6,71,70,79,127,22,23,86,19,131,26,123,62,42,30,149,138,1,39,88,130,54,53,65,21,16,41,35,29,114,103,129,34,60,48,84,44,45,5,107,32,137,46,9,100,132,139,83,91,56,33,92,66,89,20,72,126,97,122,24,8,110,82,142,74,112,148,37,93,36,119,118,125,106,68,98,75,27,17,136,108,80,73,87,28,64,49,90,146,58,31,81,85,104,128,111,47,76,102,11,117,133,145,40,43,99,2,101,59,0,95,25,12,55,3,147,143,115,120
7,13,61,15,69,121,78,10,26,51,63,113,105,116,96,140,144,118,135,77,67,38,52,50,109,18,57,4,141,94,14,6,71,70,79,127,22,23,86,19,131,81,123,62,42,30,145,138,1,39,88,130,54,53,65,21,16,41,35,29,114,103,129,34,60,48,84,44,45,112,107,32,137,46,93,100,132,139,83,91,56,33,92,66,89,20,72,126,97,122,24,8,110,82,149,74,134,148,37,5,36,119,125,124,106,68,98,75,27,17,136,108,80,73,87,28,64,49,90,146,58,31,25,85,104,128,111,47,76,102,11,117,133,9,40,43,99,2,101,59,0,95,142,12,55,3,147,143,115,120
7,13,61,15,69,121,78,10,26,51,63,113,105,116,96,140,144,118,135,77,67,38,52,50,109,18,57,33,141,94,14,6,71,70,79,127,22,117,86,19,131,81,123,62,103,30,145,138,106,39,88,130,54,112,65,21,16,41,35,43,114,42,129,34,60,48,84,44,4,58,107,32,137,46,93,100,132,139,83,91,56,45,92,66,89,20,72,126,1,122,24,8,110,82,149,74,134,148,37,5,36,119,125,124,97,68,98,75,27,17,136,108,80,73,87,28,64,49,90,146,53,31,25,85,104,128,111,47,76,102,11,23,133,9,40,29,99,2,101,59,0,95,142,12,55,3,147,143,115,120
7,13,61,15,100,121,69,10,26,51,63,91,105,116,96,140,144,118,135,77,67,38,52,50,109,18,57,6,141,113,14,99,71,70,79,127,22,117,86,19,131,81,65,62,103,30,145,138,106,39,88,130,54,112,78,21,16,41,35,43,114,42,129,34,94,48,123,44,4,58,107,32,137,46,93,142,132,139,83,126,56,45,92,66,89,20,72,84,1,122,24,8,110,82,149,74,134,148,37,5,36,119,125,124,97,68,98,75,27,17,136,108,80,73,87,28,64,49,90,146,53,31,25,85,104,128,111,47,76,102,11,23,133,9,40,29,60,2,101,59,0,95,33,12,55,3,147,143,115,120
7,13,61,15,100,121,69,10,26,51,63,91,105,116,88,140,144,118,135,77,67,38,52,50,109,18,57,6,141,113,14,99,71,70,79,127,22,117,86,19,131,81,65,62,103,30,145,123,106,128,136,130,54,112,78,21,16,41,35,43,114,42,129,34,94,48,85,44,4,58,53,32,137,46,93,142,132,139,138,126,56,45,92,66,89,20,72,84,1,122,24,8,110,82,149,74,0,148,37,5,36,134,125,124,97,68,98,75,27,17,111,108,80,73,87,28,64,49,90,146,39,31,25,107,104,96,119,47,76,102,11,23,133,9,40,29,60,2,101,59,83,95,33,12,55,3,147,143,115,120
7,13,61,15,100,121,69,10,26,51,63,91,77,116,88,140,144,118,135,1,67,38,52,50,109,18,57,42,141,113,27,99,71,97,79,127,22,117,86,19,131,81,65,62,103,30,145,123,106,128,136,130,54,112,78,21,16,41,35,105,114,6,129,34,94,48,85,44,4,58,53,32,137,46,93,142,132,139,138,126,56,45,92,66,89,20,72,84,14,122,24,8,110,82,149,74,0,148,37,5,36,134,125,124,70,68,98,115,9,17,111,108,80,73,87,28,64,49,90,146,39,31,25,107,104,96,119,47,76,75,11,23,133,43,40,29,60,2,101,59,102,95,33,12,55,3,147,143,83,120
7,13,61,15,100,121,69,10,26,51,63,81,77,116,88,140,144,131,118,1,67,38,36,50,109,18,57,42,141,113,27,99,71,97,79,127,22,117,86,135,89,95,65,62,103,30,145,123,106,128,136,130,54,112,78,21,16,41,35,105,114,6,129,34,94,48,91,44,4,58,53,32,137,68,93,52,132,139,138,126,56,45,92,66,46,20,72,84,14,122,24,8,110,82,149,74,0,148,37,5,85,134,125,124,70,133,98,115,9,17,111,108,80,73,87,28,64,49,90,146,39,31,25,107,104,96,119,47,76,75,11,23,142,43,40,29,60,2,101,59,102,19,33,12,55,3,147,143,83,120
7,94,84,15,100,121,69,12,26,51,63,81,77,116,88,140,144,131,118,1,67,38,36,50,109,18,57,42,141,113,27,99,71,97,79,127,22,87,86,135,89,95,65,62,103,30,91,123,55,128,136,130,54,112,78,21,16,41,35,10,114,6,129,34,24,48,145,44,4,58,53,32,137,68,93,52,132,139,138,126,56,45,92,66,46,20,72,61,14,122,117,8,110,82,149,74,0,148,37,5,85,134,125,124,70,133,98,115,9,17,111,108,80,73,59,28,64,49,90,146,39,31,25,107,104,96,119,47,76,75,11,23,142,43,40,29,60,2,101,106,102,19,33,105,13,3,147,143,83,120
7,94,84,15,100,121,69,12,26,51,63,137,65,116,88,140,144,131,82,1,67,126,36,50,109,18,57,38,141,113,27,99,71,97,79,127,22,87,86,135,89,95,42,62,103,30,91,123,55,128,46,130,54,112,78,21,16,41,35,10,114,6,129,34,24,48,145,44,4,58,81,32,136,68,93,52,132,139,138,77,56,45,92,66,0,20,72,83,14,122,117,8,110,61,149,74,53,148,37,5,85,134,125,124,70,133,98,115,9,17,111,108,80,73,59,28,64,49,90,146,39,31,25,107,104,96,119,47,76,75,11,23,142,43,40,29,60,2,101,106,102,19,33,105,13,3,147,143,118,120
7,94,84,15,100,121,69,12,26,51,63,137,65,116,88,39,144,131,138,1,67,126,36,50,109,91,57,38,141,113,27,115,71,97,79,127,22,87,86,135,89,73,42,62,103,30,104,123,55,128,46,130,54,82,78,21,16,41,35,10,114,6,129,34,24,48,145,44,4,75,81,32,136,68,93,52,132,139,58,77,56,45,92,66,0,20,72,83,14,122,117,8,110,61,149,74,53,148,37,5,85,134,125,124,70,133,98,95,9,17,111,108,80,18,59,99,64,49,90,146,140,31,25,107,28,96,119,47,76,112,11,23,142,43,40,29,60,2,101,106,102,19,33,105,13,3,147,143,118,120
7,94,122,15,100,121,69,12,26,51,63,137,65,116,88,39,120,131,138,1,67,126,36,50,109,91,57,4,141,113,27,115,71,97,79,31,22,87,86,135,89,73,42,62,103,30,17,123,16,128,46,130,54,82,78,21,61,41,35,10,114,6,129,34,24,48,145,44,43,75,81,32,136,68,93,52,132,139,58,77,56,45,92,66,0,20,72,83,14,55,117,8,110,38,149,74,53,148,37,5,85,134,125,124,70,133,98,95,9,140,111,108,80,18,59,99,64,49,90,146,104,84,25,107,28,96,119,47,76,112,11,23,142,144,40,29,60,2,101,106,102,19,33,105,13,3,147,143,118,127
7,94,122,15,100,121,63,12,26,51,69,137,65,116,88,39,120,131,138,1,67,126,36,50,109,91,57,4,54,113,27,115,141,97,79,31,22,87,86,135,89,73,42,62,103,30,17,123,16,128,46,130,20,82,78,21,144,41,35,10,114,59,129,34,24,48,145,44,43,75,81,32,136,68,93,52,132,139,58,77,56,45,92,66,0,148,117,83,14,55,72,8,110,38,149,74,53,106,37,5,85,134,125,124,70,133,98,95,9,140,111,108,80,18,6,99,64,49,90,146,104,84,71,107,28,96,119,47,76,112,11,23,142,61,40,29,60,2,101,25,102,19,33,105,13,3,147,143,118,127
7,94,122,15,100,121,63,12,26,142,69,137,65,116,88,39,120,131,138,57,67,126,62,71,109,91,0,4,54,113,27,6,141,97,79,31,22,87,86,135,89,36,42,9,103,30,17,123,16,128,46,130,20,82,78,21,144,41,35,10,114,59,129,34,24,48,145,44,43,75,81,32,136,68,115,52,132,139,58,77,56,45,92,66,73,148,117,83,14,55,72,8,110,38,149,74,53,106,37,5,85,134,125,124,70,133,98,95,51,140,111,108,80,18,112,99,64,49,90,146,104,84,1,107,28,96,119,47,76,93,11,23,50,61,40,29,60,2,101,25,102,19,33,105,13,3,147,143,118,127
7,94,122,15,106,121,63,12,26,142,38,145,136,116,88,39,100,131,138,57,67,126,62,71,109,91,0,4,54,113,27,6,65,97,79,31,22,87,86,135,89,36,42,9,103,30,33,123,16,128,46,130,20,82,78,21,144,41,35,10,114,59,129,34,24,48,102,44,43,75,81,32,141,68,115,52,69,139,58,77,56,45,92,66,73,148,117,83,14,55,72,8,110,132,149,74,53,120,37,5,85,134,125,124,70,133,98,95,51,140,111,108,80,18,112,99,64,49,90,146,104,84,1,107,28,96,119,47,76,93,11,23,50,61,40,29,17,2,101,25,137,19,60,105,13,3,147,143,118,127
7,94,122,15,55,121,63,12,26,142,38,145,136,116,88,39,100,131,138,57,67,126,62,71,109,91,0,4,54,113,27,20,1,97,79,31,22,87,86,135,89,36,42,9,103,30,33,123,16,128,25,130,147,82,78,21,144,41,35,140,114,59,6,34,24,48,102,44,43,75,81,32,141,68,115,52,69,139,58,77,46,45,92,66,73,148,117,137,14,83,72,8,110,132,149,74,53,120,37,5,85,134,125,124,70,133,98,95,51,106,111,108,80,18,112,99,64,49,90,146,104,84,56,107,28,96,119,47,76,93,11,23,50,61,40,29,17,2,101,65,129,19,60,105,13,3,10,143,118,127
7,94,11,15,55,121,63,12,26,142,38,145,35,116,88,39,100,131,138,57,67,126,62,71,109,91,0,4,54,113,27,20,1,136,79,31,22,87,147,135,89,36,42,127,103,30,33,123,16,128,25,130,117,82,78,21,144,41,132,140,114,59,37,34,24,48,102,44,43,75,81,32,141,68,115,52,69,139,58,77,46,45,92,66,73,148,110,137,14,83,72,8,97,9,149,74,53,120,86,5,6,134,125,124,70,133,98,95,51,106,111,108,80,18,112,99,64,49,90,146,104,84,56,107,28,96,119,47,76,93,85,23,50,61,40,29,17,2,101,65,129,19,60,105,13,3,10,143,118,122
7,94,11,15,55,121,63,12,26,142,38,145,35,40,88,39,100,131,138,57,67,126,62,71,109,91,0,4,54,113,27,20,1,136,79,31,22,87,147,135,89,36,42,82,103,30,33,123,16,128,25,130,117,47,78,21,144,41,132,140,114,59,37,34,24,48,102,44,43,118,81,32,141,68,115,106,69,139,58,77,46,119,92,66,73,148,110,137,14,83,72,8,97,9,149,74,53,120,86,5,6,134,125,124,70,133,98,95,17,75,111,108,80,18,112,99,64,49,90,146,52,84,56,107,28,96,127,45,76,93,85,23,50,61,10,29,51,2,101,65,129,19,60,105,13,3,116,143,104,122
7,94,11,127,55,121,63,12,26,140,38,145,35,40,88,39,100,131,138,57,67,9,62,71,126,91,0,4,54,113,27,20,1,136,79,31,86,87,147,135,89,36,42,82,103,30,33,123,16,128,25,130,117,97,78,21,144,41,132,22,114,59,37,34,148,48,102,44,43,118,81,32,141,68,115,106,69,139,58,77,46,119,92,66,73,15,110,137,14,83,72,8,109,17,149,74,53,120,47,5,6,134,125,124,70,133,98,95,129,75,111,108,80,18,112,99,64,49,90,146,52,84,56,107,28,96,24,45,76,93,85,23,50,61,10,29,51,2,101,65,142,19,60,105,13,3,116,143,104,122
7,94,11,127,55,121,63,12,26,134,38,145,35,40,88,39,100,53,138,57,67,9,62,71,126,91,0,4,54,113,27,20,1,136,79,31,86,87,49,135,48,36,42,82,103,30,33,73,16,128,147,130,117,97,78,21,144,41,132,22,114,59,37,34,148,89,102,44,43,118,81,32,141,68,115,106,69,139,58,77,46,119,92,66,140,15,110,137,14,83,72,8,109,17,149,74,64,120,47,99,6,123,125,124,70,133,25,95,129,75,111,108,80,18,112,131,5,98,90,146,52,84,56,107,28,96,24,45,76,93,85,23,50,61,10,29,51,2,101,65,142,19,60,105,13,3,116,143,104,122
7,94,11,127,55,121,63,12,26,134,38,145,35,40,88,39,100,53,138,57,67,9,62,71,126,91,0,4,54,113,27,20,1,136,79,31,86,87,49,47,48,142,42,82,103,107,33,73,16,128,147,17,117,97,78,21,144,65,132,22,114,59,37,34,148,89,102,44,30,118,81,32,141,68,115,106,69,139,58,77,46,119,92,66,140,15,110,137,14,83,72,8,109,3,149,74,64,120,41,99,6,135,125,124,70,133,25,95,129,75,111,108,80,18,112,131,5,98,90,146,52,84,56,130,28,96,24,45,76,93,85,23,50,61,10,123,51,2,36,29,101,19,60,105,13,43,116,143,104,122
7,94,11,127,55,121,63,116,12,134,38,145,35,40,88,39,47,53,138,57,67,9,62,71,126,91,0,26,54,113,27,20,1,136,79,31,86,87,49,130,48,142,42,82,103,107,33,73,16,128,147,17,117,28,78,21,144,65,132,22,114,59,37,34,148,89,102,44,110,118,81,32,4,68,115,106,69,139,58,77,46,119,92,66,140,15,100,137,14,83,72,8,109,3,149,74,64,120,41,99,6,135,125,124,70,133,25,95,129,75,111,108,80,18,141,97,5,98,90,146,52,84,56,93,30,96,24,45,76,131,85,23,50,61,10,123,51,2,36,29,101,19,60,105,13,43,112,143,104,122
7,94,11,119,55,121,137,116,63,134,38,145,35,40,88,39,47,53,138,57,67,9,62,71,133,91,0,26,54,113,27,20,12,136,79,31,86,87,49,130,48,142,42,139,103,107,34,73,33,128,147,17,117,28,78,21,144,65,132,22,114,59,37,29,148,89,102,44,110,118,81,32,4,68,115,106,69,127,58,77,46,97,92,66,140,15,100,82,14,83,72,8,109,3,149,74,64,120,41,99,6,135,125,124,70,1,25,95,129,75,111,108,80,18,141,16,5,98,90,146,52,84,56,93,30,96,24,45,76,131,85,23,50,61,10,123,51,2,36,126,101,19,60,105,13,43,112,143,104,122
7,94,11,119,70,121,137,116,63,134,38,145,35,40,25,39,47,53,138,57,42,9,62,71,133,91,132,103,54,113,27,20,12,136,55,31,86,87,49,130,48,142,0,139,147,107,34,73,33,128,44,17,117,28,78,21,144,65,67,22,114,59,37,29,148,89,102,10,110,118,81,32,4,68,115,106,69,127,58,77,46,97,92,66,140,15,100,82,14,83,72,8,109,3,88,74,64,120,41,99,6,135,125,124,26,1,149,95,129,75,111,108,80,18,141,16,5,98,90,146,52,84,56,93,30,96,24,45,76,131,85,23,50,61,79,123,51,2,36,126,101,19,60,105,13,43,112,143,104,122
20,7,11,119,70,121,137,116,63,134,38,145,35,40,25,39,47,53,138,57,42,9,62,71,133,91,132,103,88,118,27,24,12,136,55,31,86,87,49,130,48,142,0,139,147,107,94,73,33,128,44,17,105,28,117,21,144,78,67,22,65,59,37,29,54,89,102,10,110,34,81,32,4,68,115,106,69,127,58,77,46,97,92,66,140,15,100,82,14,83,72,8,109,3,114,74,64,120,41,99,6,135,125,124,26,1,149,95,129,75,111,108,80,18,141,16,5,98,90,146,52,84,56,93,30,96,148,45,76,131,85,23,50,61,79,123,51,2,36,126,101,19,60,113,13,43,112,143,104,122
20,7,11,119,70,121,137,116,63,134,38,145,35,40,25,66,47,53,138,57,42,9,62,71,50,91,132,103,106,118,27,24,133,136,55,31,85,87,49,130,48,142,0,139,147,107,94,73,33,128,44,17,105,28,117,21,144,78,67,22,65,59,37,29,54,89,102,10,110,34,81,32,4,68,115,12,69,127,58,77,46,97,92,60,86,15,100,82,14,83,72,8,109,3,114,74,64,120,41,99,6,135,125,39,26,1,88,95,129,75,111,108,80,18,141,16,5,98,90,146,52,84,56,93,30,96,148,45,76,131,140,23,43,61,79,123,51,2,36,126,101,19,104,113,13,149,112,143,124,122
20,7,11,119,70,121,137,116,63,134,81,145,35,40,25,66,47,53,138,57,42,9,62,71,124,91,132,103,106,118,27,0,133,136,55,31,85,141,49,149,48,142,87,139,147,107,94,73,33,128,44,17,105,28,117,21,144,78,67,22,65,59,37,29,54,89,69,10,110,34,38,32,4,68,115,12,104,126,58,77,46,97,92,60,86,15,100,82,14,83,72,8,109,3,114,74,64,120,41,99,6,135,125,39,26,1,88,95,129,75,111,108,80,18,102,16,5,98,90,146,52,84,56,93,30,96,148,45,76,131,140,23,43,61,79,123,51,2,36,127,101,19,130,113,13,50,112,143,24,122
20,7,11,108,70,121,137,116,63,134,81,145,112,40,25,66,47,53,138,57,42,9,62,71,124,91,132,103,106,118,27,0,35,136,55,31,85,133,49,149,48,142,87,139,147,107,94,73,33,128,44,17,105,28,117,110,144,78,67,22,65,59,37,29,54,89,69,141,45,68,38,32,34,4,115,12,104,126,58,77,46,97,92,60,86,15,100,82,14,83,119,8,109,3,114,74,64,120,41,99,6,135,125,39,26,1,88,95,129,75,111,10,80,18,102,16,5,98,90,146,52,84,56,93,30,96,148,21,76,131,140,23,43,61,79,123,51,2,72,127,101,19,130,113,13,50,36,143,24,122
20,7,11,108,70,121,137,116,63,134,81,145,112,86,25,66,62,53,138,57,42,9,104,71,124,91,132,103,106,118,27,0,35,136,55,31,85,133,49,149,48,142,69,139,147,107,94,73,33,128,44,17,105,28,117,110,144,78,67,22,65,59,37,29,54,89,92,141,45,68,38,32,34,4,115,12,58,126,130,77,46,97,120,60,47,15,100,82,40,87,119,8,109,3,114,74,64,14,41,99,6,135,125,39,26,1,88,95,129,75,2,10,80,18,102,16,5,98,90,146,52,84,56,93,30,96,148,21,76,131,140,23,43,61,79,123,51,83,72,127,101,19,111,113,13,50,36,143,24,122
20,7,11,108,70,121,137,116,63,134,81,145,112,86,25,66,62,53,138,57,42,9,104,71,124,91,132,103,106,60,27,0,35,136,55,31,85,133,49,149,47,142,69,8,147,107,94,73,33,56,44,125,17,28,117,110,144,78,67,22,65,59,37,29,54,89,92,141,139,68,38,32,34,4,115,12,58,126,130,77,46,97,120,13,6,15,100,82,40,87,119,45,109,3,114,74,64,14,41,99,127,135,128,39,26,1,88,95,129,75,2,10,80,18,102,16,5,98,90,146,52,84,105,93,30,96,148,21,76,131,140,23,43,61,79,123,51,83,72,48,101,19,111,113,118,50,36,143,24,122
20,7,11,108,70,121,137,116,63,134,107,145,112,86,25,84,62,53,138,57,42,9,104,71,124,91,132,17,106,60,27,101,35,136,55,31,85,133,49,149,47,142,69,8,147,81,94,73,33,56,44,125,130,28,117,110,144,78,67,22,65,59,37,29,54,89,92,141,139,68,38,32,34,4,115,12,58,126,127,77,46,97,103,13,6,15,100,82,40,87,119,45,109,3,114,74,64,14,41,99,5,135,128,39,26,66,88,95,129,75,2,10,80,18,102,16,120,98,90,146,52,0,105,93,30,96,148,21,76,131,140,48,43,61,79,123,51,83,72,1,23,19,111,113,118,50,36,143,24,122
20,7,11,108,70,121,137,116,63,134,107,145,112,86,25,84,62,53,138,57,42,9,104,71,124,91,132,17,106,60,27,101,141,136,55,31,85,40,59,149,47,142,69,79,147,49,94,73,33,56,44,125,130,28,117,110,144,78,67,22,65,8,37,29,35,89,41,92,139,68,38,32,34,4,115,12,58,126,127,77,46,97,103,13,6,15,100,82,14,87,119,45,109,3,114,74,64,81,133,99,5,135,128,39,26,66,88,95,129,75,2,10,80,18,102,16,120,98,90,146,52,0,83,93,30,96,148,21,76,131,140,48,43,61,105,123,51,54,72,1,23,19,111,113,118,50,36,143,24,122
107,7,11,20,70,121,137,108,63,134,136,145,112,86,25,84,62,53,138,57,42,9,104,71,23,91,132,17,106,60,27,101,141,100,55,31,85,40,59,149,47,142,69,79,147,49,94,73,33,56,44,125,130,28,116,110,144,78,67,22,65,8,2,29,35,89,41,92,139,68,38,32,34,4,115,12,58,126,127,77,46,97,103,13,6,15,117,82,14,87,119,45,109,3,114,74,124,81,133,99,5,135,128,39,26,66,37,51,129,75,95,10,80,18,102,16,120,98,90,146,52,0,83,93,30,96,148,21,76,131,140,48,43,61,105,123,88,54,72,1,64,19,111,113,118,50,36,143,24,122
107,7,11,20,70,121,137,108,122,134,136,145,112,86,25,84,62,53,138,57,42,9,104,71,23,91,63,125,106,60,27,101,37,100,55,31,85,40,59,149,47,142,69,79,147,49,94,73,33,56,44,93,130,28,116,110,81,78,67,22,65,87,2,29,35,89,41,92,139,68,38,32,34,4,115,12,58,126,127,77,46,97,103,13,6,15,117,118,14,8,119,45,109,3,114,74,124,17,133,99,5,135,128,39,26,66,132,51,129,75,95,10,80,18,102,16,120,98,90,144,52,0,83,146,30,96,148,21,76,131,140,48,43,61,105,123,88,54,72,1,64,19,111,113,82,50,36,143,24,141
107,125,11,20,70,121,137,108,122,134,136,145,112,86,85,84,62,53,138,57,42,127,104,71,23,91,63,25,106,60,9,101,37,100,55,31,27,40,59,67,47,142,103,79,69,49,94,73,33,56,44,93,130,28,116,139,81,78,149,22,65,87,2,29,35,89,41,92,110,68,38,32,34,4,115,12,58,126,50,77,46,97,7,13,6,15,117,118,14,8,119,45,109,3,114,74,124,17,133,99,5,135,128,39,26,66,132,51,129,75,95,10,80,18,102,16,120,98,90,144,52,0,83,146,30,96,148,21,76,131,140,48,43,61,105,123,88,54,72,1,64,19,111,113,82,147,36,143,24,141
83,125,11,107,54,51,137,108,122,134,136,145,112,86,85,84,62,53,138,57,42,127,104,121,23,91,63,25,106,60,9,32,37,100,55,31,27,40,59,67,47,142,103,79,69,49,94,73,33,56,44,93,130,28,116,139,81,78,149,22,65,87,2,29,35,89,71,92,110,68,38,17,34,4,115,12,58,126,50,77,70,97,7,13,6,15,117,118,14,8,119,45,109,3,114,74,124,46,133,99,5,135,128,39,26,66,132,101,129,75,95,10,80,18,102,16,120,98,90,20,52,0,41,146,30,96,148,21,144,131,140,48,43,61,105,123,88,76,72,1,64,19,111,113,82,147,36,143,24,141
83,123,11,107,54,51,137,108,122,134,136,145,125,86,85,84,95,53,138,57,42,127,104,121,23,91,112,25,73,60,9,32,37,100,55,31,27,40,59,67,47,142,103,79,69,49,94,132,33,56,44,80,130,28,116,139,81,78,149,22,65,87,2,29,35,89,71,92,110,68,38,106,34,4,115,12,58,93,50,77,70,97,7,13,6,15,117,118,14,8,119,45,109,3,114,74,124,46,133,99,5,135,63,39,26,66,62,101,129,75,126,10,52,18,102,16,120,98,90,20,128,0,41,146,30,96,148,21,144,131,140,48,43,61,105,17,88,76,72,1,64,19,111,113,82,147,36,143,24,141
83,123,11,107,54,51,137,108,122,26,136,145,125,86,134,84,95,53,2,57,42,127,104,50,23,138,112,25,73,60,9,32,37,100,55,31,27,40,59,67,47,142,91,79,69,49,94,132,33,56,44,80,116,28,103,98,81,78,149,22,65,87,4,29,35,89,71,92,110,68,38,106,34,139,115,12,58,93,85,77,70,97,7,13,6,15,117,130,14,8,119,45,109,3,114,74,124,46,133,99,5,135,63,39,121,66,62,101,129,75,126,10,52,18,102,16,120,118,90,20,128,0,41,146,30,96,148,21,144,131,140,48,43,61,105,17,88,76,72,1,64,19,111,113,82,147,36,143,24,141
83,123,11,84,54,51,137,108,36,26,136,145,125,86,134,133,87,53,2,57,42,127,104,50,95,138,112,25,73,60,9,32,37,100,55,31,27,40,59,67,47,142,91,23,69,49,107,132,33,56,44,80,116,28,103,98,81,78,149,22,65,0,4,29,35,89,71,79,110,68,38,106,34,139,115,12,58,93,119,77,70,97,7,13,6,15,117,130,14,8,92,45,109,3,114,74,124,46,85,99,5,135,63,94,121,66,62,101,129,75,126,10,52,18,102,16,120,118,90,20,128,39,41,146,30,96,148,21,144,131,140,48,43,61,105,17,88,76,72,1,64,19,111,113,82,147,122,143,24,141
83,123,11,84,54,51,137,108,141,26,136,145,125,86,121,133,87,53,2,57,42,127,104,50,95,138,112,88,73,60,9,32,37,100,55,31,27,40,59,67,47,142,91,23,69,49,107,132,33,12,44,80,116,120,103,98,81,78,149,22,65,0,4,29,35,89,71,79,110,68,38,106,34,139,115,134,58,93,119,77,70,97,7,13,6,15,117,82,14,8,92,45,109,3,114,74,124,46,85,99,5,135,63,94,130,36,62,101,129,75,126,10,52,18,102,16,25,118,90,20,128,39,41,146,30,96,148,21,56,28,140,48,43,61,105,17,144,76,72,1,64,19,111,113,66,147,122,143,24,131
83,123,11,84,54,51,137,108,141,26,136,145,125,86,121,133,87,3,2,57,42,127,104,50,95,138,112,88,73,60,9,32,37,100,55,31,27,40,59,67,47,142,68,23,69,49,107,132,33,12,44,80,116,120,103,98,81,78,149,22,65,0,4,5,35,89,71,79,110,115,38,106,34,139,30,134,58,93,119,77,70,53,7,13,6,15,117,61,14,8,92,45,109,97,114,74,124,46,85,99,29,135,63,94,130,36,62,101,129,75,126,10,52,21,102,16,25,118,90,20,128,39,41,146,18,96,148,66,56,28,140,48,43,111,105,17,144,76,72,1,64,19,91,113,82,147,122,143,24,131
83,123,11,6,54,51,137,108,141,26,17,145,125,86,121,133,87,3,2,57,42,127,104,76,95,138,112,88,73,60,9,32,78,100,55,31,27,40,79,67,47,142,68,23,69,49,107,132,33,12,44,80,116,120,103,98,81,129,149,22,65,0,4,5,35,89,71,18,110,115,38,106,34,124,30,134,58,93,119,77,70,53,50,13,59,15,117,61,14,8,92,45,109,97,114,74,84,46,85,99,29,135,63,94,130,36,62,101,136,75,126,10,52,21,102,16,25,118,90,20,128,39,41,146,7,96,148,66,56,28,140,48,43,111,105,139,144,37,72,1,64,19,91,113,82,147,122,143,24,131
83,123,11,6,90,51,137,108,141,26,17,145,125,86,121,133,111,3,2,57,42,127,104,76,95,138,112,88,73,60,9,32,78,100,55,31,27,40,79,67,47,142,68,23,69,49,107,132,33,12,44,80,116,120,103,98,81,129,149,36,65,0,4,5,35,89,71,18,110,115,38,106,34,124,30,134,58,93,119,7,70,50,10,13,59,15,117,61,14,87,92,45,109,97,114,74,84,46,85,99,29,135,63,94,130,19,62,101,136,75,126,122,52,21,102,16,25,118,8,20,128,39,41,146,77,96,148,66,56,28,140,48,43,64,105,139,144,37,72,1,54,53,91,113,82,147,22,143,24,131
91,78,11,6,90,51,137,108,141,26,17,145,125,86,121,133,111,3,2,57,42,127,104,76,95,138,112,88,84,60,9,32,87,100,55,31,27,40,79,67,74,142,68,14,69,49,107,132,33,12,44,80,116,120,103,98,81,129,149,36,65,0,4,5,35,89,71,18,110,115,38,106,23,124,30,134,58,93,119,7,70,50,10,13,59,15,117,85,131,123,92,45,109,97,114,83,47,46,61,99,29,135,63,94,130,19,62,101,136,75,126,122,52,21,102,16,25,118,8,20,128,39,41,146,77,96,148,66,56,28,140,48,43,64,105,139,144,37,72,1,54,53,34,113,82,147,22,143,24,73
91,78,11,6,90,51,137,108,141,26,17,145,0,86,121,133,111,3,2,57,42,127,104,76,95,138,112,88,84,60,9,32,87,125,55,31,27,40,79,67,74,37,68,14,69,49,107,132,33,12,44,80,116,120,103,98,81,129,149,36,65,38,4,5,35,89,71,18,110,28,139,106,23,124,30,134,58,93,119,7,48,50,10,13,59,15,117,85,70,123,92,45,109,97,114,83,47,46,61,99,29,135,63,94,130,19,62,101,136,75,100,122,131,21,102,16,25,118,8,20,128,39,41,146,77,96,148,66,56,126,140,52,43,64,105,72,144,142,115,1,54,53,34,113,82,147,22,143,24,73
91,78,11,6,90,51,137,108,44,26,17,145,106,86,121,133,111,3,2,57,42,127,104,76,95,0,112,88,84,60,9,32,87,125,55,31,27,148,59,67,74,37,68,14,130,49,107,132,33,12,79,80,69,120,103,98,81,129,149,36,65,38,4,5,35,89,71,18,110,28,139,92,23,124,30,134,58,93,119,7,48,50,10,13,116,15,117,85,70,123,141,45,109,97,114,83,47,46,61,99,29,135,63,94,40,19,62,101,136,75,100,122,131,21,102,16,25,118,8,20,128,39,41,146,77,96,56,66,73,126,140,52,43,64,105,72,144,142,115,1,54,53,34,113,82,147,22,143,24,138
91,78,18,6,90,20,137,108,44,26,17,145,106,86,121,133,83,3,2,57,42,127,104,76,95,0,112,88,84,60,9,32,87,125,55,111,27,148,59,67,74,37,68,14,130,51,107,132,33,12,79,80,69,23,103,98,81,129,149,36,65,38,4,5,35,89,71,21,110,28,139,92,136,124,30,134,58,93,119,7,48,50,10,13,116,15,117,85,70,123,141,45,109,97,114,94,47,46,61,72,29,135,63,49,40,19,62,101,99,75,100,122,131,11,102,16,25,118,8,31,128,39,41,146,77,96,56,66,73,126,140,52,43,64,105,120,144,142,115,1,54,53,34,113,82,147,22,143,24,138
91,78,18,6,90,20,137,108,110,26,17,132,106,86,121,133,83,3,33,57,42,127,104,76,95,0,112,88,84,60,9,32,87,125,102,111,27,148,59,67,74,37,68,14,130,51,107,2,66,12,79,80,69,23,103,98,81,129,149,36,65,38,4,5,35,89,71,21,64,28,139,92,136,124,30,134,58,93,34,7,48,50,10,13,116,15,117,85,70,123,141,45,109,97,114,94,47,46,61,72,29,135,63,49,40,55,62,101,119,75,100,122,19,11,131,16,25,118,8,31,128,39,41,146,77,96,56,145,73,126,140,52,43,99,105,120,144,142,115,1,54,53,44,113,82,147,22,143,24,138
91,78,18,6,90,20,137,108,110,112,17,132,106,86,121,133,83,3,33,57,42,127,104,76,95,0,47,88,84,69,9,125,87,105,102,111,27,148,7,67,74,37,59,14,130,51,107,2,66,12,79,80,70,23,103,98,81,129,149,36,65,38,4,5,35,89,71,21,64,28,139,92,136,124,30,134,58,93,34,50,48,60,10,13,116,15,117,85,29,123,141,45,109,97,114,94,41,46,61,72,68,135,63,49,40,55,62,101,119,75,100,122,19,11,131,16,25,118,8,31,128,39,32,146,77,96,56,145,73,126,140,52,43,99,26,120,144,142,115,1,54,53,44,113,82,147,22,143,24,138
91,78,18,6,90,20,137,108,110,112,17,74,109,86,121,133,83,3,33,57,42,127,104,76,95,0,47,88,84,69,9,125,87,105,102,111,27,148,7,67,139,37,59,14,130,51,107,2,66,12,79,80,71,23,53,98,81,129,149,36,65,38,4,5,35,89,41,21,64,28,31,92,136,124,30,134,58,93,34,50,48,60,10,13,116,15,117,85,29,123,141,45,70,97,114,94,132,46,61,72,68,135,63,106,40,55,62,101,119,75,99,49,19,11,131,16,25,118,8,122,128,39,32,146,77,96,56,145,73,126,140,52,43,100,26,120,144,142,115,1,54,103,44,113,82,147,22,143,24,138
91,78,18,6,90,20,137,108,123,112,17,74,94,86,121,133,83,3,33,57,42,109,104,76,95,0,47,88,84,69,9,125,87,105,102,111,27,148,7,67,139,37,59,14,130,51,107,2,66,12,79,80,71,23,53,98,81,129,149,36,65,38,35,5,41,89,127,21,64,110,62,92,136,124,30,134,58,93,4,50,48,60,10,13,34,96,117,85,29,31,141,45,70,97,114,28,132,46,61,72,68,135,63,106,40,55,15,101,119,75,99,49,19,11,131,16,25,118,8,122,128,39,32,146,77,116,56,145,73,126,140,52,43,100,26,120,144,142,115,1,54,103,44,113,82,147,22,143,24,138
91,78,18,6,113,20,137,108,123,112,17,74,94,86,121,133,83,19,33,57,42,109,104,76,95,0,21,88,84,69,9,125,87,3,102,90,27,148,7,67,139,37,59,14,130,70,107,2,66,12,79,111,71,23,53,98,81,129,149,36,65,38,35,5,41,89,127,47,64,110,51,92,136,124,30,134,58,106,4,50,48,60,10,13,34,96,117,85,29,31,141,45,93,97,114,28,132,46,61,72,68,135,63,15,40,55,105,101,119,75,99,49,80,11,131,16,25,118,8,122,128,39,32,146,77,116,56,145,73,126,140,52,43,100,26,120,144,142,115,1,54,103,44,62,82,147,22,143,24,138
91,78,18,6,113,20,137,108,123,112,136,74,94,86,121,133,83,19,33,57,42,109,104,76,5,0,27,88,84,69,9,125,87,3,102,90,85,148,7,95,29,37,59,14,130,70,107,2,66,12,79,111,71,23,53,98,81,129,149,36,65,38,35,17,41,89,127,47,64,110,51,92,100,124,30,134,58,106,4,50,48,60,10,13,34,96,117,55,116,31,141,45,93,97,114,28,105,46,61,72,68,135,63,15,40,139,67,101,119,75,99,49,80,11,131,16,25,118,8,122,128,39,32,146,77,21,56,145,73,126,140,52,43,132,26,120,144,142,115,1,54,103,44,62,82,147,22,143,24,138
43,78,18,6,113,20,137,108,123,112,136,74,94,85,121,133,83,86,33,19,42,92,104,76,5,0,27,88,84,69,9,125,87,3,102,90,126,148,91,95,29,37,59,14,130,70,109,2,66,11,79,111,71,23,53,98,81,129,149,36,65,38,35,17,41,89,127,47,64,110,51,57,100,124,30,134,58,106,4,50,48,60,10,13,34,96,117,55,116,31,141,45,93,97,114,28,105,46,61,72,68,135,63,15,40,139,67,101,119,75,99,49,80,122,131,16,25,118,8,62,128,39,32,146,77,21,56,145,73,12,140,52,107,132,26,120,144,142,115,1,54,103,44,7,82,147,22,143,24,138
43,78,18,6,113,20,137,108,123,112,136,74,94,85,121,125,83,86,143,19,42,92,104,76,5,0,27,38,84,69,148,33,87,53,102,90,126,88,91,95,29,37,59,14,130,70,109,2,66,11,79,111,71,23,132,98,81,129,149,36,65,9,35,17,41,89,127,47,64,110,51,57,100,124,30,134,58,106,4,50,48,60,10,13,34,96,117,55,116,31,141,45,93,97,133,28,105,46,61,72,68,135,63,15,140,139,67,101,119,75,99,49,80,122,131,16,25,118,8,62,128,39,32,146,77,21,56,145,73,12,114,52,107,22,26,120,144,142,115,1,54,103,44,7,82,147,3,40,24,138
43,78,113,6,99,20,137,108,123,112,136,74,94,85,121,59,83,86,143,19,42,92,104,76,5,0,27,38,84,69,148,33,87,53,82,90,126,88,91,95,29,37,46,14,130,70,109,102,66,11,79,111,71,23,132,98,81,129,149,36,65,9,35,17,41,89,18,47,64,110,51,57,100,124,30,134,58,106,4,50,48,60,10,13,34,96,117,55,116,31,141,45,103,97,133,80,105,125,61,72,68,135,63,15,140,139,67,101,119,75,127,49,93,122,28,16,25,118,8,62,128,39,32,146,77,21,56,145,73,12,114,52,107,22,26,120,144,142,115,1,54,131,44,7,2,147,3,40,24,138
43,78,113,3,99,20,137,108,123,112,136,74,94,85,121,59,83,86,143,19,42,92,104,76,5,0,27,38,84,69,148,33,87,53,82,32,126,88,91,95,29,37,46,14,90,70,109,102,66,11,79,111,71,23,132,98,81,129,149,36,65,9,35,130,41,89,122,47,64,110,51,57,100,124,30,134,58,106,4,50,48,60,10,13,34,96,117,55,116,31,141,45,103,97,133,80,17,146,61,72,18,135,63,15,140,139,67,101,119,75,127,49,93,118,28,16,25,68,8,62,125,39,54,6,77,21,56,145,73,12,114,52,107,22,26,120,144,142,115,1,128,131,44,7,2,147,105,40,24,138
43,78,113,3,99,20,137,108,123,112,136,74,94,85,121,59,83,86,143,19,42,92,104,76,5,0,69,38,84,62,107,33,87,53,82,32,126,88,91,95,29,37,46,14,90,70,109,102,66,11,79,111,71,23,132,98,81,129,149,36,140,9,35,130,41,89,122,47,64,110,51,57,100,124,30,134,58,106,4,50,48,60,10,127,34,96,117,55,116,31,141,45,13,97,133,80,17,146,61,72,135,105,63,15,65,139,67,101,119,75,148,49,93,118,28,16,25,68,8,103,125,39,54,6,77,21,56,145,73,12,27,52,128,22,26,120,144,142,115,1,114,131,44,7,2,147,18,40,24,138
43,78,113,3,99,87,137,108,13,112,136,74,94,85,121,59,83,86,143,19,42,92,104,76,5,0,69,38,84,62,107,33,118,53,82,32,126,88,91,95,29,20,46,14,90,70,109,102,66,11,79,111,71,23,132,98,81,129,149,36,140,9,35,130,41,89,122,47,64,110,51,57,100,124,30,134,58,106,146,50,48,60,10,127,34,96,117,55,116,31,141,45,67,115,133,80,17,37,123,72,135,105,63,15,65,139,4,101,119,22,148,49,93,145,28,16,25,68,8,103,125,39,54,6,77,21,56,61,73,12,27,52,128,97,26,120,144,142,75,1,114,131,44,7,2,147,18,40,24,138
43,78,113,3,99,87,137,108,13,111,136,74,94,85,121,59,83,86,143,19,42,92,104,76,5,0,69,38,84,62,107,33,118,53,82,32,126,88,91,95,39,20,46,14,90,70,109,102,66,11,79,16,71,23,132,52,81,129,149,36,140,9,35,130,41,89,122,47,64,110,51,57,100,29,124,98,58,106,146,50,48,60,30,127,34,96,117,55,116,31,141,45,67,115,133,80,17,37,123,72,135,105,63,15,65,25,4,101,119,22,148,49,93,145,28,134,97,68,8,103,125,139,54,6,77,21,56,61,73,12,27,114,128,10,26,120,144,142,75,1,112,131,44,7,2,147,18,40,24,138
43,78,113,3,99,87,137,116,13,111,92,54,94,85,121,59,83,86,143,19,42,136,104,76,5,0,69,38,84,62,107,33,118,53,82,32,126,88,91,95,39,139,46,14,90,70,109,102,66,11,79,16,71,108,132,52,81,129,149,36,140,9,35,130,41,89,122,47,64,110,51,57,100,29,124,98,58,106,146,50,48,60,30,127,34,96,117,55,20,31,141,45,67,101,133,80,17,37,123,72,135,105,63,15,65,25,4,44,119,22,148,49,93,145,28,134,97,68,8,103,125,56,75,6,77,74,23,61,73,12,27,114,128,10,26,120,144,142,115,1,112,131,21,7,2,147,18,40,24,138
43,78,113,3,99,87,137,116,13,111,92,54,94,85,75,59,83,86,143,19,42,136,104,76,5,0,69,38,84,62,107,33,118,53,82,32,126,88,91,95,39,139,46,14,90,70,140,56,66,11,37,16,71,108,132,52,81,129,149,36,28,9,102,130,41,89,122,47,64,110,51,57,100,29,124,98,58,27,146,50,48,60,30,127,34,96,117,55,109,31,141,45,20,101,133,80,17,106,123,72,135,105,63,15,65,25,4,44,119,22,148,49,93,145,35,134,97,68,8,103,125,121,67,6,77,74,23,61,73,12,21,114,128,10,26,120,144,142,115,1,112,131,79,7,2,147,18,40,24,138
43,78,113,3,123,87,137,116,13,111,92,54,94,85,75,59,83,86,143,19,42,136,104,76,5,0,69,38,84,135,107,33,100,53,82,32,126,88,91,95,39,139,46,14,90,70,140,56,66,11,37,16,99,108,132,52,81,23,149,62,28,9,102,130,41,89,122,119,64,110,51,57,118,145,124,98,58,27,146,50,48,60,30,127,34,96,117,55,109,31,141,45,20,101,133,80,17,106,71,72,47,105,63,15,65,25,4,44,129,22,148,49,93,77,35,134,97,68,8,103,125,121,67,6,29,74,36,61,73,12,21,114,128,10,26,120,144,142,115,1,112,131,79,7,2,147,18,40,24,138
43,78,113,3,123,87,46,116,13,111,92,54,94,85,75,59,83,86,137,19,42,91,104,76,5,0,69,38,84,135,107,33,100,53,82,32,126,88,67,95,39,139,129,14,90,70,140,56,66,11,37,16,99,108,132,52,81,23,149,62,28,9,102,114,134,89,122,119,64,110,51,57,118,145,124,98,58,27,146,50,48,60,30,127,34,96,117,55,109,31,141,45,20,101,133,80,17,106,71,72,47,4,63,15,65,25,142,44,105,22,148,130,93,77,35,136,97,68,8,103,125,121,41,6,29,74,36,61,73,12,21,49,128,10,26,120,144,143,115,1,112,131,79,7,2,147,18,40,24,138
43,78,113,114,123,87,46,116,13,111,92,54,94,85,75,137,83,131,66,3,42,91,104,76,5,0,69,38,84,135,107,33,100,53,82,32,126,88,67,95,39,139,129,14,90,70,140,56,16,11,37,65,99,108,132,52,81,23,149,62,28,9,102,48,134,89,122,119,64,110,51,57,118,145,124,98,58,27,146,50,136,60,30,127,34,96,117,55,109,31,141,45,20,101,133,80,17,21,71,72,86,4,63,15,59,25,142,44,105,22,148,130,93,77,35,47,97,68,8,103,125,121,41,6,29,74,36,61,73,12,19,49,128,10,26,120,144,143,115,1,112,106,79,7,2,147,18,40,24,138
43,78,113,114,123,87,46,116,13,111,92,54,94,21,75,137,83,131,66,3,42,91,104,76,5,0,69,38,84,15,107,33,100,141,82,32,53,88,67,95,39,139,129,14,90,29,140,56,16,11,37,85,99,108,132,52,81,23,149,62,28,9,102,48,134,89,122,119,64,110,51,57,118,145,124,98,58,27,146,50,136,65,30,127,126,96,117,55,109,31,70,45,20,101,133,97,17,80,71,72,86,4,135,60,59,25,142,44,105,22,148,130,93,77,35,47,34,68,8,103,125,121,41,6,63,74,36,61,73,12,19,49,128,10,26,120,144,143,115,1,112,106,79,7,2,147,18,40,24,138
43,77,113,7,123,87,46,116,13,48,92,54,94,21,75,137,83,111,66,3,42,91,104,76,5,0,69,38,84,61,107,33,100,141,82,32,53,88,67,95,39,139,129,14,90,23,140,56,16,11,37,85,99,108,132,52,81,96,149,62,28,9,102,114,134,89,122,119,64,110,51,57,118,145,124,98,58,27,146,50,136,65,30,127,126,130,117,55,109,131,70,45,20,101,133,97,17,80,71,72,86,4,135,60,59,25,142,44,105,22,148,78,93,125,35,47,34,68,8,103,31,121,41,6,63,74,36,15,73,12,19,49,128,10,26,120,144,143,115,1,112,106,79,29,2,147,18,40,24,138
43,77,113,7,123,87,46,116,13,48,92,54,130,21,26,137,83,111,66,3,42,91,104,76,5,0,69,38,110,94,107,33,100,105,82,32,53,88,67,95,39,139,129,14,90,23,140,56,16,11,121,85,99,108,132,52,81,96,149,62,28,9,102,114,134,89,122,119,64,10,51,57,118,145,124,98,58,27,146,50,136,65,30,127,126,131,117,55,61,103,70,45,20,101,133,97,17,80,71,72,86,4,135,60,59,25,142,44,141,22,148,78,93,125,35,47,34,68,8,37,31,109,41,6,63,74,36,15,73,12,19,49,128,84,75,120,144,143,115,1,112,106,79,29,2,147,18,40,24,138
43,77,113,7,123,87,46,116,13,48,92,142,130,21,26,137,10,111,66,3,58,91,104,76,5,0,52,38,110,94,107,33,100,105,82,32,53,88,67,95,39,139,129,14,90,23,140,56,42,11,121,85,99,108,132,148,81,96,149,62,28,9,102,54,134,89,122,119,64,55,51,57,118,145,124,98,16,27,146,50,136,65,30,127,126,131,117,83,61,103,70,45,20,101,133,97,17,80,71,72,86,4,135,60,59,25,69,44,141,22,73,78,93,125,35,47,34,68,8,37,31,109,41,6,63,74,36,15,40,12,19,49,128,84,75,114,144,143,115,1,112,106,79,29,2,147,18,120,24,138
43,25,113,7,123,87,46,116,13,48,92,142,15,21,26,137,10,111,66,3,58,91,104,76,5,0,52,77,110,105,107,33,100,17,82,32,53,88,75,95,39,139,129,14,90,23,140,56,42,11,121,73,99,108,132,148,81,96,149,62,28,9,102,136,134,89,122,119,64,55,51,57,118,145,124,98,16,38,146,50,27,65,30,127,126,131,117,83,61,103,70,45,20,101,133,97,54,80,71,72,86,4,135,60,59,94,69,44,141,22,67,78,93,125,35,47,34,68,8,37,31,109,41,6,63,74,36,85,40,12,19,49,128,84,130,114,144,143,115,1,112,106,79,29,2,147,18,120,24,138
43,25,113,7,123,87,37,116,13,48,92,142,15,21,26,65,10,111,66,3,58,91,104,76,5,0,52,77,110,105,107,33,100,17,82,32,53,88,46,95,39,139,129,14,90,23,140,56,42,11,75,73,99,108,132,148,81,96,149,62,28,9,102,136,134,89,122,119,64,55,51,57,118,145,124,98,79,38,121,50,27,117,30,127,126,131,143,83,61,103,70,45,20,101,133,97,54,80,137,72,86,4,135,60,59,94,69,16,141,138,67,78,93,125,35,47,34,68,8,22,31,109,41,6,63,74,36,85,40,12,19,49,128,84,130,114,144,44,115,1,112,106,146,29,2,147,18,120,24,71
43,25,113,7,123,87,37,116,13,48,92,142,15,21,26,65,10,111,66,3,58,146,91,76,5,0,115,77,110,105,108,33,100,17,82,32,53,88,46,95,39,139,129,121,90,23,140,56,42,11,75,104,99,52,132,148,81,96,149,62,28,9,102,136,134,89,35,119,122,55,51,57,118,145,124,98,79,38,73,50,27,117,30,127,126,131,143,83,61,103,70,45,20,101,133,97,54,80,137,72,86,4,135,60,59,94,69,16,141,138,67,78,93,125,107,14,34,68,8,22,31,109,41,6,63,64,36,85,40,12,19,49,128,84,130,114,144,44,47,1,112,106,74,29,2,147,18,120,24,71
