0,1,2,3,4,5,6,7,8,9,10,11,12,13,14,15,16,17,18,19,20,21,22,23,24,25,26,27,28,29,30,31,32,33,34,35,36,37,38,39,40,41,42,43,44,45,46,47,48,49,50,51,52,53,54,55,56,57,58,59,60,61,62,63,64,65,66,67,68,69,70,71,72,73,74,75,76,77,78,79,80,81,82,83,84,85,86,87,88,89,90,91,92,93,94,95,96,97,98,99,100,101,102,103,104,105,106,107,108,109,110,111,112,113,114,115,116,117,118,119,120,121,122,123,124,125,126,127,128,129,130,131,132,133,134,135,136,137,138,139,140,141,142,143,144,145,146,147,148,149
80,42,128,92,99,31,132,58,83,5,70,107,20,47,115,97,124,105,25,22,62,6,48,121,111,32,33,67,143,54,2,84,52,89,144,95,46,38,9,36,79,78,73,123,59,118,68,53,94,149,127,41,74,86,113,145,8,75,21,45,57,26,69,112,4,24,138,108,37,88,64,18,13,60,87,131,122,130,120,16,63,39,76,27,7,106,93,50,72,129,3,134,109,142,43,82,116,98,140,40,96,148,30,12,141,11,29,14,51,126,117,101,137,49,17,139,19,133,104,66,61,35,0,103,135,10,44,100,71,15,65,34,55,1,90,114,110,102,119,125,146,28,56,85,136,23,147,77,81,91
121,62,68,147,59,49,17,2,43,87,118,92,117,42,32,108,3,50,19,109,37,69,60,138,81,14,86,99,41,106,119,11,146,61,133,104,54,21,95,141,30,116,29,66,25,134,88,51,27,1,47,131,105,35,91,71,120,110,0,80,78,103,53,10,15,64,58,20,101,139,83,55,46,90,100,127,28,57,145,52,85,96,98,77,111,22,56,33,65,12,82,143,63,45,40,8,38,128,34,70,135,67,48,26,9,73,124,23,136,112,130,74,113,5,97,44,144,125,13,94,7,79,72,39,6,132,89,31,76,24,115,75,129,114,93,148,122,36,16,102,84,142,18,149,4,137,107,123,140,126
20,129,105,38,17,130,50,68,126,86,88,139,7,137,31,64,24,101,103,146,78,134,55,82,124,37,136,44,35,18,104,52,107,110,58,145,73,128,69,59,111,70,116,54,118,1,142,121,132,141,21,79,0,76,57,42,29,122,30,113,74,8,81,133,32,39,94,84,93,90,98,60,49,148,62,135,9,12,22,13,28,43,2,80,41,66,14,36,131,89,75,63,15,149,6,91,56,85,125,83,119,40,100,138,112,109,67,65,144,33,140,10,34,96,47,71,127,99,53,95,25,26,51,97,115,16,45,147,48,87,108,120,106,5,123,46,72,102,19,27,3,4,61,11,77,23,92,114,143,117
62,33,87,121,37,57,9,0,125,71,94,111,64,118,41,10,84,145,15,113,141,70,16,68,129,42,27,105,78,73,34,139,116,85,75,40,104,138,44,67,146,1,13,82,53,14,149,86,120,74,28,17,72,56,122,54,79,18,52,132,66,45,103,136,99,26,35,31,148,58,21,39,114,126,36,123,133,48,11,130,6,76,4,127,20,83,29,144,115,69,142,43,25,134,8,108,47,88,131,2,61,117,90,19,89,140,101,60,93,128,38,124,5,110,135,50,147,102,30,109,80,143,81,63,49,112,107,119,92,137,46,77,100,3,91,51,32,23,24,98,96,95,106,65,97,7,22,12,59,55
83,129,28,74,100,103,111,125,135,8,51,26,61,82,33,137,27,59,106,95,13,87,49,79,16,97,144,68,6,90,64,47,3,94,145,14,126,20,107,55,99,117,67,17,148,19,139,84,2,23,9,132,85,130,121,114,116,45,81,24,93,71,30,15,140,143,141,110,69,32,104,124,50,0,21,76,65,101,86,98,77,10,66,46,136,54,43,105,142,92,25,147,91,38,115,39,75,1,133,58,44,34,149,18,113,109,4,128,41,119,63,108,80,118,62,120,102,57,52,29,48,138,70,72,7,11,73,40,22,42,31,56,96,5,134,89,146,36,78,12,123,60,88,131,122,112,127,35,53,37
49,7,36,81,79,58,52,61,128,47,141,131,72,21,76,118,16,94,112,51,22,143,24,123,6,44,32,90,39,105,70,145,19,77,146,101,85,137,10,25,138,120,125,97,106,68,60,48,86,20,130,92,57,13,107,50,87,33,98,15,126,0,69,121,122,59,133,8,55,82,31,129,26,110,142,64,9,17,109,104,2,66,115,23,56,148,136,102,116,99,108,4,103,54,42,28,78,113,63,18,62,140,89,40,27,53,119,43,134,71,124,135,30,144,34,1,14,45,11,147,117,38,84,95,67,127,5,96,35,37,65,83,91,132,29,93,88,139,80,111,3,100,149,74,75,46,73,41,114,12
2,108,62,142,89,111,74,53,109,0,115,110,61,131,55,88,134,80,59,113,135,93,38,92,128,32,136,49,35,7,96,98,3,146,149,118,12,17,46,127,76,40,132,18,56,79,45,4,91,8,11,41,141,124,72,114,104,107,5,147,122,130,60,85,31,102,34,37,70,103,143,81,50,75,139,112,116,58,123,39,20,9,28,144,51,10,6,73,13,67,42,106,94,138,33,145,117,15,77,64,84,100,54,137,86,119,1,101,87,29,43,120,105,148,63,69,36,129,52,16,83,23,78,22,126,82,14,65,95,97,99,47,24,68,30,140,90,71,19,66,27,121,44,57,26,25,125,21,48,133
46,110,28,80,141,1,127,100,94,129,14,128,88,121,136,118,64,107,137,72,43,113,67,75,61,126,73,79,133,35,33,109,74,56,65,147,6,114,135,132,31,130,8,39,15,21,119,57,122,16,19,52,30,77,51,38,82,58,81,95,92,86,3,40,125,66,22,85,5,101,144,104,32,42,60,29,18,89,62,98,7,4,9,11,149,63,59,91,143,2,97,48,68,134,145,117,78,76,108,87,45,99,112,26,111,54,116,24,50,123,140,44,83,12,84,37,23,49,115,36,148,96,70,25,142,120,10,47,27,131,105,13,41,20,71,53,55,90,146,17,0,138,124,34,106,103,93,69,102,139
5,105,139,7,73,125,10,94,50,127,97,17,98,53,93,68,18,120,110,35,118,29,27,91,62,3,23,146,85,57,134,15,92,100,45,116,137,12,88,28,117,40,48,37,90,115,9,129,102,143,132,72,133,61,33,140,148,141,135,26,59,95,11,104,107,43,145,77,83,8,126,21,44,14,13,78,19,24,63,89,103,123,22,87,112,119,25,55,114,64,51,67,84,69,109,71,124,74,1,52,36,60,6,108,75,121,66,76,56,16,54,30,149,31,106,96,138,2,20,38,101,111,47,142,147,34,70,42,32,41,49,80,82,136,122,113,86,99,0,39,58,130,144,46,81,4,65,128,79,131
22,11,14,20,70,132,41,90,54,6,87,107,24,30,31,33,146,47,134,84,29,136,23,108,99,58,44,52,73,40,9,130,94,102,88,93,127,21,8,122,85,78,104,128,135,92,25,35,133,16,59,149,129,48,57,83,67,63,51,109,49,72,26,76,100,42,106,80,115,7,34,4,98,3,19,86,77,141,143,79,147,71,28,103,131,113,38,36,39,82,75,18,55,139,50,111,142,53,121,60,56,124,66,61,32,137,148,116,12,62,46,81,125,120,27,65,118,0,68,45,112,13,123,96,74,140,105,89,64,95,43,17,110,144,117,97,15,138,5,37,69,91,10,1,119,126,114,2,145,101
84,63,122,38,132,95,33,35,69,28,0,55,146,8,106,119,44,107,19,46,76,15,31,126,133,130,58,24,116,81,121,22,74,128,141,120,60,54,68,4,149,93,113,29,87,125,48,137,90,21,37,9,56,32,20,105,124,118,114,82,88,57,39,135,16,65,136,62,17,52,40,42,18,145,97,50,27,100,73,80,13,102,131,77,140,143,112,70,101,41,94,83,59,14,3,110,11,85,78,134,148,26,47,23,127,117,139,7,53,129,6,72,25,2,12,92,91,1,45,51,34,30,86,5,10,66,109,71,123,89,67,144,104,99,142,103,49,111,98,61,64,147,75,138,36,43,96,108,79,115
74,28,75,31,120,18,34,76,53,9,37,100,80,10,128,87,140,147,89,102,142,33,66,64,90,11,50,118,62,27,60,21,61,14,16,98,117,70,44,143,132,131,99,123,81,20,73,71,104,32,58,56,36,86,127,43,46,103,78,39,133,19,49,68,35,26,130,65,72,95,42,126,107,69,52,108,139,59,145,8,101,23,12,67,38,25,40,122,92,6,136,1,125,96,57,0,116,138,54,97,88,113,29,3,22,55,41,83,149,15,4,77,5,93,129,24,141,13,94,91,124,111,119,7,82,114,121,115,51,84,17,106,137,79,2,47,63,144,110,134,148,135,85,30,105,48,146,109,45,112
76,58,43,3,20,80,4,84,140,126,65,137,138,18,87,112,40,130,123,62,102,114,69,22,86,27,131,8,148,24,141,59,97,46,111,128,36,28,52,64,82,96,146,124,125,106,66,10,118,42,47,34,41,120,53,19,50,25,23,105,38,79,94,104,92,109,88,85,95,35,2,121,44,56,144,33,115,45,110,30,17,90,37,29,107,103,54,100,136,60,72,133,77,98,6,63,134,116,83,15,0,143,14,1,142,139,5,89,51,149,132,81,12,127,108,61,122,99,49,32,101,57,31,13,67,26,39,16,11,135,93,9,129,55,70,71,74,91,7,68,147,75,113,117,145,119,48,78,21,73
40,113,11,45,144,23,133,65,116,81,57,84,13,37,2,130,30,59,15,87,47,107,118,129,121,68,12,143,32,105,83,97,54,43,16,9,67,50,71,17,145,8,55,94,63,64,119,112,27,106,89,52,44,66,49,22,75,86,77,122,103,62,115,99,149,108,132,109,104,33,137,127,1,91,80,10,35,28,90,69,34,110,95,24,120,136,93,42,140,53,88,51,117,100,5,19,79,36,126,82,146,14,85,0,72,102,76,111,128,78,142,29,147,74,131,101,4,39,6,7,61,134,141,135,48,58,41,125,70,3,124,25,114,20,73,148,139,31,18,38,21,123,98,60,92,138,96,56,26,46
129,47,92,88,81,109,108,112,143,59,4,116,10,144,16,64,17,122,99,78,11,97,25,68,33,28,147,74,73,117,75,96,20,138,110,63,38,40,29,61,83,140,141,36,69,118,93,100,44,2,9,50,41,48,12,30,3,106,114,131,145,148,98,32,139,49,5,137,31,130,107,15,57,65,54,51,39,101,127,56,85,18,123,62,37,146,14,60,58,26,119,113,46,89,6,120,121,7,94,95,67,8,84,13,90,70,35,136,66,125,103,80,115,91,43,53,102,82,79,0,124,24,86,132,19,21,23,34,135,111,55,142,27,149,45,42,104,77,134,133,22,87,1,128,72,105,52,71,76,126
33,2,27,14,82,17,84,49,20,58,114,41,68,103,51,135,7,22,86,10,108,44,138,117,140,107,6,102,3,69,126,141,75,73,136,39,101,77,98,112,142,78,148,32,60,88,59,42,5,123,4,36,28,64,104,19,23,95,92,55,47,29,105,40,87,12,106,31,144,122,56,118,116,124,15,37,74,93,11,99,121,125,63,96,147,46,79,67,21,25,100,70,85,71,131,129,83,16,50,72,80,76,134,94,34,24,127,52,143,128,43,8,139,133,91,90,18,97,137,81,130,113,110,120,30,149,61,65,89,109,54,146,45,145,119,38,13,66,57,62,1,35,0,9,111,132,115,26,53,48
104,53,82,65,92,51,123,130,70,116,88,55,63,102,1,119,90,62,113,106,64,28,87,86,85,10,13,124,49,110,61,20,108,100,32,27,0,15,101,91,83,99,147,136,71,140,8,149,76,98,24,74,22,80,139,59,132,84,114,18,25,48,126,16,3,14,35,111,138,41,146,112,143,47,37,11,142,30,107,4,133,7,45,38,52,36,129,137,66,21,145,43,118,128,57,95,58,5,67,39,134,96,34,120,12,6,75,105,60,135,122,54,69,77,44,103,26,33,56,72,50,19,94,2,144,73,115,127,78,148,117,31,121,29,141,131,125,93,97,17,40,68,79,46,89,9,109,42,23,81
131,112,70,128,17,98,143,113,77,49,53,118,39,133,13,2,122,93,134,127,74,44,35,81,126,91,142,52,117,14,95,55,57,61,36,43,88,29,80,68,73,56,103,4,18,0,28,32,100,94,71,83,45,101,63,24,129,104,5,116,69,41,6,48,85,130,138,125,148,87,26,51,120,111,27,147,146,141,137,139,84,119,58,33,124,37,47,12,34,1,132,40,15,79,16,149,19,86,82,75,46,109,140,59,72,21,65,97,105,89,114,64,9,20,22,42,62,54,92,106,135,66,23,31,10,102,144,50,108,145,76,11,7,96,136,115,30,8,3,38,123,90,99,67,110,107,78,25,121,60
21,25,139,110,26,132,66,136,24,142,130,134,27,102,2,88,120,62,22,57,1,97,34,56,63,37,148,145,98,141,47,64,103,67,77,59,14,73,111,123,101,18,96,60,128,131,68,69,76,44,51,122,146,30,144,127,93,86,4,9,19,89,55,20,104,31,38,8,115,105,75,61,40,133,125,78,119,91,46,29,71,70,95,137,116,33,39,118,80,32,138,6,0,90,147,12,79,87,65,54,43,135,92,17,149,16,112,84,3,42,121,35,117,49,94,15,109,126,140,10,108,107,100,53,81,50,7,45,99,13,74,129,106,58,48,124,41,114,72,28,23,85,113,5,36,83,143,82,52,11
53,78,91,21,84,55,96,133,31,129,137,39,74,80,61,52,76,64,141,68,67,99,27,123,34,42,73,106,140,109,90,148,121,83,48,16,50,134,6,108,97,117,147,35,110,58,19,138,66,45,128,24,40,2,47,112,136,8,63,113,49,70,41,139,59,44,4,28,3,38,15,79,142,95,75,131,32,54,56,146,9,72,122,118,81,143,111,46,36,71,100,25,14,87,60,10,88,103,85,114,86,101,37,22,77,126,144,20,1,0,107,145,132,65,11,120,98,116,51,102,57,89,12,23,43,69,135,29,33,119,124,125,62,82,130,18,149,104,13,115,30,93,92,7,127,105,26,94,17,5
121,76,56,19,119,78,136,142,102,53,92,71,141,149,9,54,115,131,106,17,113,21,137,61,110,63,50,82,81,4,123,34,55,51,95,85,133,5,43,79,38,129,90,107,66,64,88,11,146,100,13,75,39,139,94,32,57,58,111,46,40,138,97,15,132,91,120,103,73,1,96,134,14,80,30,31,6,29,70,16,26,105,49,36,68,86,147,98,77,44,37,83,60,101,74,59,114,109,69,62,45,42,24,117,35,127,112,125,126,124,122,23,10,33,99,128,7,3,18,144,0,48,89,118,87,135,65,12,93,41,140,67,8,108,148,47,27,84,104,52,25,20,22,145,130,116,2,72,28,143
87,86,117,81,6,88,70,22,32,107,109,124,44,12,46,143,35,141,41,42,21,103,102,51,91,73,76,53,99,38,75,92,63,108,69,60,39,106,1,118,79,43,134,95,80,116,149,56,9,57,148,28,0,40,29,25,71,19,137,147,78,5,94,26,125,135,55,127,98,52,47,122,58,83,131,77,132,101,49,31,64,90,104,3,113,59,97,89,139,105,114,20,74,34,115,144,4,145,133,66,17,24,14,27,8,61,136,121,37,67,82,2,72,129,100,15,23,123,11,112,85,130,13,138,16,140,33,111,119,48,10,93,50,96,142,30,146,126,120,36,68,110,18,84,54,45,65,62,7,128
106,36,55,12,31,22,49,127,102,145,99,87,48,13,109,15,39,60,75,51,73,93,52,137,43,34,70,76,147,29,71,16,121,136,146,28,81,30,129,101,97,82,142,58,44,128,113,35,108,126,130,140,120,53,19,6,40,41,90,8,92,134,96,78,117,144,110,54,112,100,46,107,91,63,20,23,141,5,105,7,65,135,122,74,143,27,45,32,21,3,56,2,25,119,17,114,59,26,138,115,24,104,84,9,42,1,139,85,79,132,148,103,123,50,111,86,38,118,37,47,0,64,67,88,69,89,94,66,149,80,11,131,77,83,14,62,98,125,68,10,18,4,72,57,116,95,61,33,124,133
58,66,100,28,89,48,35,52,103,32,12,131,47,82,121,77,123,8,116,46,57,64,26,94,129,113,146,23,149,91,96,15,114,75,70,105,136,16,14,49,142,137,3,74,54,56,119,31,25,30,107,80,11,63,44,125,117,27,145,21,79,99,111,118,132,6,139,69,87,39,85,138,24,51,95,76,71,128,122,148,37,50,4,0,29,73,67,124,86,112,108,22,81,130,97,1,144,20,38,135,68,93,33,134,126,59,17,78,83,42,61,141,10,104,101,19,140,18,110,109,36,60,143,5,40,9,102,133,147,41,98,127,92,106,34,65,84,7,2,88,55,115,120,90,45,72,13,43,62,53
79,55,111,8,21,82,136,74,9,145,60,80,0,35,107,13,28,2,109,33,135,36,99,6,134,19,140,108,68,86,47,66,115,85,59,76,88,120,131,147,3,63,118,146,24,89,43,39,106,26,57,133,95,73,48,113,143,17,72,105,10,56,37,38,100,12,119,23,125,27,20,130,32,87,122,98,5,64,65,93,46,18,51,149,14,71,137,44,83,110,126,78,41,121,123,69,53,90,142,139,77,61,1,15,67,148,58,101,84,30,103,54,22,128,29,117,97,52,94,11,25,4,138,141,116,127,50,62,75,34,40,92,16,96,102,91,81,42,129,114,112,70,144,124,31,104,7,132,49,45
97,28,54,89,143,128,109,103,10,98,146,59,142,141,41,22,36,96,9,4,108,12,86,11,60,147,7,5,64,25,58,95,57,122,123,42,111,124,120,19,76,74,40,78,125,136,27,132,148,3,62,99,0,61,87,102,90,139,149,91,35,81,46,55,48,15,144,52,116,66,110,92,112,104,127,24,115,31,53,131,137,93,101,118,72,13,82,117,113,18,50,119,69,39,130,26,38,8,30,34,68,105,100,43,134,84,63,107,51,114,49,70,29,73,121,17,80,71,37,85,126,140,65,44,88,77,20,129,16,67,32,33,138,14,6,47,45,94,75,23,135,145,21,1,79,83,133,106,2,56
122,88,70,100,10,121,82,114,102,101,123,118,68,49,39,63,89,21,5,117,115,2,40,87,69,105,35,28,67,107,44,73,8,83,65,81,61,0,38,146,16,149,41,79,1,24,33,113,7,77,37,145,6,125,130,124,86,90,132,96,120,147,76,143,60,20,74,59,131,85,36,25,62,19,46,93,128,23,112,51,136,55,141,27,133,80,11,29,72,116,18,92,97,31,34,66,111,45,103,135,42,138,30,106,75,91,56,3,140,13,54,50,78,4,57,48,139,52,95,53,43,129,109,71,104,12,108,26,32,22,47,99,110,15,17,14,58,127,142,9,64,137,134,94,84,144,98,119,126,148
59,46,17,45,119,27,70,108,36,81,24,86,37,62,112,88,138,143,84,103,13,69,63,15,90,73,140,128,20,120,133,0,66,116,93,149,67,57,144,79,137,117,95,54,14,109,52,44,127,22,136,72,31,4,139,7,64,132,141,104,76,142,102,82,91,6,26,40,30,106,99,23,87,115,50,61,78,129,111,32,25,49,130,55,58,145,42,85,53,146,9,107,122,41,114,47,19,65,2,21,134,56,33,135,71,123,96,74,39,124,98,147,34,12,126,28,94,48,43,75,89,113,38,29,16,131,105,51,97,68,77,80,148,35,121,10,110,92,11,83,101,8,3,1,125,18,118,60,5,100
48,65,124,37,61,108,136,92,101,16,5,43,118,113,22,137,14,21,67,58,98,78,30,46,19,139,59,117,127,71,75,4,20,146,50,18,10,86,62,142,109,63,84,1,45,95,12,77,33,122,123,103,131,104,54,76,7,130,40,66,41,91,90,35,24,36,11,129,106,112,42,73,57,13,85,56,29,105,47,3,31,120,44,110,148,15,149,51,100,72,79,143,133,116,132,8,141,147,23,68,88,96,55,52,144,25,134,107,94,32,128,97,53,9,74,138,28,81,64,82,80,125,0,83,115,6,121,140,114,102,126,87,99,145,89,135,26,2,27,39,60,17,38,49,119,69,34,111,70,93
111,148,112,122,99,89,64,147,32,110,108,58,123,21,27,129,135,52,19,1,84,100,67,60,104,116,83,140,68,137,57,97,38,43,61,138,136,63,24,69,53,78,107,133,76,121,81,50,139,105,115,35,132,96,126,118,46,42,45,31,9,120,92,59,62,109,87,55,93,2,37,134,72,149,4,49,70,44,75,23,113,142,28,91,77,90,15,13,131,125,80,114,39,7,47,48,10,98,79,22,41,54,71,3,17,36,141,144,82,85,88,20,34,117,5,11,33,14,101,25,6,56,18,146,29,66,102,74,73,94,143,26,86,12,127,103,145,130,51,95,0,106,30,8,40,124,65,16,119,128
68,46,27,99,144,50,2,102,64,116,105,140,39,90,25,59,92,14,110,56,17,96,134,31,97,40,20,51,8,1,146,29,103,32,145,100,65,126,15,62,95,84,9,12,13,75,118,98,70,58,79,78,36,117,30,83,114,49,136,124,111,122,149,7,93,135,131,106,85,52,81,21,4,16,130,89,148,33,34,69,74,61,43,0,108,138,26,54,101,35,45,63,129,6,41,128,120,133,86,37,91,71,55,112,80,142,82,53,18,94,77,28,109,87,123,3,127,5,11,88,121,143,113,10,23,67,125,24,22,139,44,115,137,66,19,141,72,107,132,57,73,47,147,48,60,119,38,104,42,76
118,119,55,41,14,143,74,50,69,138,36,20,137,125,115,102,145,110,101,28,100,95,0,70,71,60,7,25,4,92,91,18,32,56,76,148,146,82,66,123,8,96,87,77,9,26,47,35,59,75,30,84,3,142,81,116,10,13,88,122,48,132,45,106,73,53,104,65,136,51,39,29,58,126,108,63,11,111,31,23,98,64,112,103,121,54,134,94,120,40,24,16,117,43,17,124,44,97,42,140,127,6,33,21,89,83,46,85,22,57,52,107,144,128,49,139,113,62,15,61,135,5,19,34,149,105,72,147,90,68,130,67,1,99,114,131,133,79,80,129,2,27,38,141,109,78,86,12,93,37
40,50,132,95,24,1,68,106,83,39,13,56,20,100,142,77,12,43,82,81,108,7,146,144,114,119,62,46,60,22,31,129,105,110,109,88,21,37,29,96,143,69,64,111,32,121,86,127,80,57,126,52,141,59,140,18,42,118,103,23,71,36,102,84,79,133,25,72,19,2,134,117,28,85,113,92,53,6,91,55,48,63,3,149,99,137,98,44,45,66,73,47,10,34,87,33,15,11,131,35,145,54,9,38,112,148,116,5,51,49,26,14,97,147,67,17,41,58,136,89,74,93,135,124,122,107,130,90,75,30,123,16,70,128,27,61,0,138,8,125,115,78,139,4,101,94,65,76,120,104
147,58,140,133,29,10,60,143,45,4,131,54,46,34,95,49,83,48,37,117,63,119,135,57,80,66,73,94,18,15,24,93,127,26,136,23,40,124,88,102,8,64,99,113,86,101,90,56,33,105,109,82,11,35,121,32,111,149,71,38,69,125,134,43,72,123,2,103,21,98,74,142,36,78,148,130,44,20,16,112,91,96,122,28,9,139,87,68,50,85,81,128,84,7,42,59,75,108,89,3,39,76,14,107,146,129,31,141,118,137,67,104,114,27,5,100,13,70,115,53,19,97,22,138,62,116,110,52,92,65,132,144,47,79,17,0,1,41,120,126,106,25,12,6,55,145,77,30,51,61
21,28,123,100,23,142,79,40,130,101,84,116,145,58,136,89,69,118,90,61,33,110,12,50,18,87,41,92,16,77,81,143,95,62,48,112,82,42,54,49,98,20,104,27,76,126,102,85,44,124,105,30,2,22,135,132,46,66,57,37,94,32,108,45,122,141,25,14,106,71,65,127,111,119,107,121,131,138,9,78,19,125,146,97,56,34,93,7,13,43,35,86,47,6,1,80,60,39,144,70,134,67,139,53,26,4,52,128,63,147,115,15,64,8,10,99,140,75,91,117,109,120,17,72,59,114,51,103,133,137,36,3,5,129,11,149,83,0,96,68,31,74,148,29,24,88,55,73,38,113
146,78,38,101,113,104,88,77,3,56,53,41,66,92,32,42,68,4,73,35,121,5,48,11,90,126,6,145,93,130,12,97,114,115,127,64,103,43,21,57,96,80,135,50,149,13,10,132,147,61,22,110,45,85,27,142,7,116,91,82,107,51,89,108,86,9,26,81,33,125,58,69,109,63,15,105,1,23,71,94,25,31,72,134,55,28,120,133,17,47,59,136,52,8,117,99,74,67,49,87,112,111,16,106,37,143,36,24,119,124,95,34,65,123,2,44,128,62,102,14,75,118,79,139,20,18,148,30,98,144,70,129,131,46,39,84,19,83,0,141,76,100,138,140,122,137,54,60,40,29
126,68,76,69,141,1,83,108,102,133,16,138,56,99,104,64,28,50,143,136,8,33,34,82,84,79,105,95,142,45,94,80,2,127,43,113,20,134,41,66,103,148,14,25,44,11,81,124,145,98,135,7,88,46,97,110,123,19,89,57,128,63,61,17,78,92,137,119,23,87,125,13,96,114,10,90,75,51,5,58,36,67,106,48,85,37,53,18,52,86,9,139,91,21,121,77,132,0,122,24,30,39,6,27,54,109,32,130,147,26,101,146,100,40,93,29,65,140,73,129,12,149,42,144,115,131,49,15,112,59,74,22,38,35,4,31,118,70,3,111,107,47,60,72,55,62,120,116,117,71
48,1,149,77,81,122,97,85,19,146,110,63,143,91,117,41,61,145,95,99,53,22,57,16,127,32,103,80,5,26,141,100,89,69,51,25,56,107,17,104,30,125,113,42,15,71,60,21,123,76,101,138,112,139,33,124,47,40,36,147,115,3,55,102,108,74,87,49,90,24,66,120,92,130,142,0,82,137,13,67,68,78,58,88,50,35,119,9,10,52,27,43,11,44,64,8,106,6,86,132,128,134,12,31,133,18,136,140,144,14,114,109,94,39,70,7,126,37,2,72,54,4,93,98,34,46,118,116,65,129,131,83,29,28,135,96,148,45,20,79,59,62,111,23,105,75,73,38,84,121
10,24,76,73,90,109,67,16,94,65,61,23,27,42,41,77,49,100,59,1,20,26,30,64,143,95,137,114,33,121,3,80,22,103,116,79,107,60,12,40,2,119,13,71,117,136,63,122,91,75,48,123,8,101,57,35,86,118,83,68,56,44,131,4,38,9,106,11,19,82,141,128,45,112,7,25,18,144,113,85,29,89,47,21,98,78,105,142,115,54,93,6,97,104,126,138,46,140,102,58,99,69,108,15,146,0,70,17,51,5,14,39,74,125,87,37,53,96,92,62,111,50,32,34,133,139,72,36,130,88,52,28,132,55,147,43,149,129,135,134,127,84,148,31,110,81,145,120,66,124
37,106,11,101,120,49,87,132,38,71,35,58,147,63,6,23,88,148,123,128,67,81,14,48,4,127,85,94,9,139,105,91,40,131,135,93,44,29,115,92,27,79,78,90,39,66,107,102,42,133,30,46,75,2,8,137,12,53,144,83,0,10,17,97,136,56,13,73,22,41,122,65,110,15,99,1,130,74,26,45,61,112,24,138,77,70,20,134,25,72,18,103,121,28,119,114,59,109,82,69,149,98,36,50,52,21,16,3,140,54,142,100,60,86,145,113,76,89,51,124,31,5,47,108,143,96,34,19,129,126,43,125,55,111,116,7,104,57,84,62,32,95,33,80,146,141,117,64,68,118
42,104,70,37,121,71,30,39,52,72,117,124,78,98,40,142,69,2,66,3,115,86,6,67,144,21,58,133,1,138,95,100,17,48,13,51,111,136,106,55,139,119,23,120,11,140,91,107,75,56,89,49,28,148,29,110,127,101,93,123,50,97,26,108,19,44,8,68,145,84,88,36,109,99,92,76,112,143,128,137,122,59,16,105,135,85,63,118,18,7,22,45,90,27,41,61,24,54,32,134,130,102,114,80,73,57,46,60,31,79,96,126,14,81,83,103,4,132,15,129,116,9,141,20,147,0,82,131,62,10,65,149,146,94,38,5,113,64,25,74,125,35,47,43,34,87,12,77,33,53
9,134,118,42,50,2,0,109,20,54,38,131,52,147,62,148,17,13,18,60,99,87,120,71,92,32,135,107,65,145,146,104,3,143,56,102,124,144,79,33,55,5,84,30,141,130,16,127,43,98,117,110,29,72,28,83,137,7,108,48,10,74,136,82,47,63,89,85,96,49,94,122,88,66,34,95,105,132,68,133,142,86,37,119,59,1,25,101,111,8,112,115,103,128,70,44,73,39,93,140,46,125,11,76,53,19,61,40,116,123,80,139,45,114,35,27,77,23,113,100,81,12,41,138,129,64,4,67,26,97,121,58,57,75,24,22,36,91,14,6,31,21,51,106,126,90,149,78,15,69
112,36,63,76,16,144,115,55,84,46,106,121,143,97,120,89,101,29,30,141,54,41,136,5,147,140,88,26,18,21,62,2,99,109,49,85,70,24,149,58,103,14,146,108,65,69,33,87,7,82,125,27,123,119,79,91,92,95,68,90,131,116,66,113,39,32,126,77,45,74,23,71,34,0,28,83,118,86,110,96,72,15,8,130,47,3,148,67,42,4,128,10,17,102,129,98,124,138,51,31,35,52,94,127,64,137,80,37,53,133,134,111,105,19,50,48,11,12,73,81,6,114,104,145,60,61,22,44,13,38,139,142,75,132,117,25,56,100,40,122,57,20,78,93,107,135,1,59,9,43
114,2,106,25,86,32,148,69,80,136,93,133,142,85,42,63,132,141,131,143,144,108,48,92,33,82,97,73,87,122,98,70,112,8,46,126,58,140,67,22,118,53,65,39,30,7,113,61,56,52,84,37,105,121,111,104,66,60,9,79,16,94,23,55,27,115,89,43,95,90,88,1,18,81,54,116,15,128,17,36,147,137,38,45,28,101,24,34,11,107,134,138,57,10,91,40,119,49,76,64,120,71,109,21,50,99,124,123,145,72,130,0,12,44,77,51,146,127,149,78,125,135,20,102,96,14,62,83,31,74,35,117,68,3,6,47,103,19,100,139,59,5,110,75,13,129,4,29,41,26
9,40,75,55,24,76,130,53,19,45,34,141,139,142,26,56,93,62,102,101,92,129,117,131,86,95,107,3,60,81,66,108,71,6,15,1,10,134,59,52,133,90,80,132,78,28,20,36,25,79,114,22,38,72,136,106,44,12,94,82,111,13,64,88,51,147,97,149,145,61,91,29,89,112,17,74,50,48,110,63,58,4,23,30,104,113,121,128,103,138,65,68,126,144,119,27,2,84,35,70,47,11,33,116,115,98,31,137,21,124,125,83,49,120,42,122,127,77,54,0,109,87,18,105,41,8,143,46,39,73,123,148,14,43,32,135,118,37,146,7,69,57,67,5,99,85,140,100,96,16
64,24,44,86,132,82,88,133,10,51,105,142,34,110,48,97,20,67,98,46,59,148,41,6,2,112,84,74,90,85,128,83,50,139,125,16,99,91,12,30,124,29,56,73,126,21,89,147,78,42,106,127,45,71,130,93,27,117,134,101,119,94,107,15,69,55,103,146,32,120,61,58,115,18,31,13,8,40,1,80,17,123,66,137,116,0,36,14,145,118,53,60,131,140,95,87,111,75,37,3,121,102,81,76,109,52,100,114,28,143,96,38,92,4,57,11,26,72,63,35,54,141,5,33,25,129,135,113,47,7,136,39,108,138,43,49,9,149,70,144,79,77,122,23,68,22,19,62,65,104
61,84,126,146,21,92,31,28,136,103,139,117,138,95,125,127,11,108,81,144,39,79,59,10,18,132,86,38,5,76,15,12,100,72,49,121,94,134,102,143,131,64,22,47,105,45,85,149,9,40,27,0,133,115,97,74,58,91,25,43,93,37,3,104,71,41,148,124,19,107,16,50,51,68,88,140,2,4,26,17,36,33,70,66,55,14,53,69,8,137,73,6,118,83,67,106,90,99,89,13,122,114,23,32,62,129,52,82,128,116,44,48,109,77,60,145,56,113,98,63,87,57,130,123,112,78,46,110,54,96,135,142,34,75,120,80,147,30,1,35,7,111,119,20,42,65,29,141,24,101
35,74,88,147,143,76,123,51,23,109,62,9,96,132,140,42,58,92,1,75,149,100,82,45,44,91,115,11,0,59,73,18,27,28,145,65,21,122,26,97,125,128,8,117,22,129,99,49,54,133,70,89,139,69,48,112,38,84,5,135,47,6,39,31,25,12,50,67,121,80,55,52,107,90,137,13,144,119,60,81,106,30,20,108,105,131,57,114,3,64,110,118,111,113,66,101,116,7,148,86,83,134,19,104,10,127,85,141,36,95,120,103,136,2,32,41,34,53,24,98,33,4,68,63,78,15,16,14,56,72,126,124,29,94,138,37,40,102,43,61,87,93,130,17,142,46,77,146,79,71
78,88,18,74,31,140,110,73,81,11,89,66,103,113,70,14,114,42,58,83,87,25,126,68,60,12,131,122,37,129,85,7,90,128,119,143,32,104,24,133,127,132,107,134,135,124,62,46,120,130,34,67,71,79,94,139,50,63,138,76,49,56,64,8,84,61,92,93,22,101,19,77,141,36,55,146,148,95,28,3,142,108,136,97,10,91,13,33,99,100,121,17,15,0,112,53,26,117,16,57,149,106,43,40,65,4,69,38,6,52,72,54,44,98,39,115,125,82,123,1,109,147,35,9,2,47,144,21,29,30,145,5,116,111,86,27,137,41,20,23,75,59,102,45,80,51,96,105,118,48
142,52,29,127,21,43,71,57,11,48,3,25,72,81,136,49,115,32,88,7,23,19,129,122,4,63,148,107,134,27,121,35,82,34,102,140,131,105,65,103,74,51,89,69,58,112,8,113,124,12,14,76,68,0,87,26,96,60,6,61,92,128,95,99,79,59,118,149,100,5,146,13,2,41,147,91,137,114,106,85,94,31,123,130,15,83,145,93,16,86,90,78,37,139,101,22,50,97,143,66,46,135,33,56,80,125,44,64,126,84,70,62,138,42,67,141,20,77,110,55,40,120,1,18,45,116,109,133,54,10,47,17,119,108,30,9,104,132,75,28,39,98,24,53,73,117,38,111,144,36
148,20,69,132,128,2,52,105,96,44,93,51,137,73,115,130,70,134,121,95,4,1,56,57,88,50,46,92,17,13,3,101,40,60,75,109,83,54,89,31,147,146,111,22,11,32,76,104,62,127,120,108,145,140,94,74,112,80,14,24,82,133,6,139,90,49,66,144,28,106,68,0,10,53,135,117,7,30,61,91,119,5,110,38,143,123,9,99,29,78,18,67,12,118,36,129,84,58,47,27,43,141,116,65,64,34,39,59,138,136,85,21,79,8,97,77,71,107,114,102,48,19,26,45,103,42,113,142,122,37,33,23,86,41,16,100,125,81,149,126,87,63,15,131,72,35,25,124,55,98
139,4,11,10,106,110,18,12,39,91,22,59,74,113,43,148,78,35,58,130,103,116,49,60,137,101,48,124,111,134,108,0,95,64,117,98,75,112,5,41,132,77,105,84,104,70,128,122,15,31,23,13,85,118,73,8,135,119,149,147,6,55,63,17,67,138,27,65,81,127,80,61,83,62,146,121,45,21,94,56,129,53,14,126,72,92,120,115,89,40,114,71,68,133,86,9,42,136,140,90,93,57,25,66,123,107,125,76,141,34,87,142,50,2,26,3,69,29,16,47,7,102,44,109,100,28,88,131,143,52,145,19,33,32,30,46,37,54,144,36,96,24,51,97,99,38,20,82,1,79
28,45,13,83,59,17,90,43,55,82,3,99,143,57,101,107,10,62,139,5,125,14,136,86,27,81,91,20,30,69,112,102,67,116,49,92,124,40,113,1,110,84,146,8,118,4,98,105,135,72,77,7,78,61,12,31,144,16,122,117,32,95,89,76,65,39,63,37,128,106,75,18,142,51,21,134,137,71,104,47,35,93,74,15,73,58,108,33,88,19,127,87,94,85,9,56,133,97,126,131,79,26,0,41,25,96,148,6,48,80,120,66,34,123,140,36,138,132,60,44,109,23,70,68,38,129,53,11,141,24,115,145,50,42,64,147,54,130,46,111,52,149,121,114,2,119,22,100,29,103
88,93,94,46,6,137,69,126,50,73,21,15,64,105,20,3,33,106,108,66,12,92,117,121,114,58,11,145,19,141,82,31,85,115,123,51,107,65,98,25,74,111,34,9,143,122,71,132,48,24,103,99,131,40,8,148,10,138,129,14,134,67,109,41,84,5,147,110,133,140,2,89,83,77,39,104,16,32,87,61,144,49,36,26,80,4,130,124,91,72,70,54,146,113,136,75,96,119,127,59,149,56,102,47,142,0,43,118,29,35,116,86,45,139,62,23,37,120,57,79,52,63,97,44,112,55,101,128,135,7,53,1,95,30,38,68,18,81,22,125,13,90,60,100,76,17,78,42,28,27
127,102,74,62,61,114,144,132,110,105,133,124,57,95,48,37,80,91,32,47,90,60,53,46,63,40,146,0,111,28,101,123,78,50,73,6,93,89,55,4,14,56,141,72,87,88,8,66,36,13,135,84,30,103,71,85,104,98,121,149,19,138,21,79,16,77,70,97,59,92,136,122,69,42,68,142,22,43,20,15,12,26,27,131,2,45,58,107,94,31,147,137,145,34,116,76,41,113,100,128,51,112,75,10,3,119,52,64,49,67,108,29,109,18,143,17,38,134,83,129,120,126,9,130,65,23,86,33,44,5,106,25,7,1,54,82,125,115,99,139,39,35,140,96,117,81,24,11,148,118
67,97,104,15,107,123,116,79,75,122,1,87,101,81,66,133,32,92,35,103,24,20,124,8,21,85,117,27,72,57,98,80,18,84,115,143,94,112,118,56,37,14,60,129,83,43,58,48,42,12,40,147,113,46,13,52,59,148,111,41,114,19,121,137,31,91,90,139,108,141,10,63,0,2,50,119,105,3,127,130,100,77,51,54,17,25,61,140,102,53,78,5,146,28,7,126,71,49,109,64,131,23,16,144,96,82,11,125,39,22,135,128,68,70,38,30,110,106,76,9,47,120,65,26,132,55,69,86,99,95,149,138,6,45,142,136,36,74,33,4,62,88,29,145,44,89,93,73,134,34
86,16,11,117,94,39,83,140,20,114,35,147,104,49,64,32,73,9,28,133,100,54,41,56,59,6,121,82,1,107,74,88,125,108,65,80,101,37,53,43,91,40,136,112,119,85,139,135,97,146,47,48,12,61,57,90,46,68,58,76,38,142,15,148,132,50,24,130,115,128,34,67,79,14,72,66,87,55,106,96,13,95,17,81,109,102,118,93,36,3,105,144,33,113,77,31,25,29,22,2,27,62,21,141,123,134,99,129,126,89,0,78,42,145,111,124,92,26,71,45,52,110,19,127,30,8,116,138,143,69,63,131,60,75,149,10,23,5,70,137,98,84,51,4,18,120,44,103,7,122
63,59,129,4,137,62,21,127,74,11,96,26,99,38,55,148,142,89,93,32,8,5,6,13,140,149,107,95,130,103,115,128,84,133,28,114,81,131,54,116,20,123,7,126,2,143,146,31,39,136,124,75,57,12,79,43,144,49,1,9,15,121,42,105,78,86,132,24,58,33,37,17,98,45,10,117,109,110,139,113,60,100,87,145,29,52,68,41,111,65,67,56,48,0,106,36,16,77,101,90,18,34,50,102,47,70,138,104,44,91,118,147,64,3,83,112,122,61,76,71,80,97,82,69,120,35,125,46,30,108,94,25,72,19,51,119,66,27,92,85,141,14,23,22,53,135,73,88,40,134
83,58,146,103,87,55,18,104,10,71,36,14,49,43,144,33,86,0,101,129,97,4,7,108,137,6,27,98,126,64,117,11,66,142,113,125,141,21,109,22,23,128,143,95,17,54,127,75,15,45,60,90,148,111,20,74,46,47,28,147,93,139,106,42,25,73,13,138,122,59,24,56,48,9,29,2,132,131,16,19,94,52,31,149,116,63,114,136,72,35,135,115,3,112,140,68,34,38,123,70,80,69,130,145,124,92,1,99,26,12,67,96,88,100,51,133,62,44,65,81,79,78,76,120,89,82,85,119,121,134,37,41,84,40,8,39,61,107,5,32,110,50,102,30,77,53,91,105,57,118
108,139,91,59,34,33,112,143,52,40,12,28,111,31,79,67,100,121,66,17,103,93,24,129,22,96,127,105,47,60,90,147,118,141,88,120,38,63,15,128,130,83,140,46,106,97,81,18,92,132,23,54,69,86,73,10,20,68,13,138,39,8,61,142,102,62,94,98,25,26,131,119,126,101,110,134,89,51,1,11,50,145,85,114,78,27,56,84,64,115,133,109,117,9,82,87,113,104,72,30,7,65,21,55,123,77,43,125,148,49,144,124,45,99,29,122,4,32,48,41,0,58,135,107,6,146,2,3,36,80,76,37,53,74,136,14,57,149,16,35,19,71,5,116,70,44,137,75,95,42
137,123,22,25,69,70,125,141,41,102,101,91,24,49,85,116,84,13,11,149,38,52,35,111,48,148,136,66,20,95,77,72,106,80,108,133,119,1,62,114,99,81,134,76,107,79,15,0,115,122,128,109,121,131,51,105,139,89,103,130,10,126,28,144,96,83,67,124,46,36,64,90,21,88,65,120,27,94,143,32,146,97,61,57,16,112,54,110,44,53,56,12,127,68,138,145,3,18,42,43,71,129,30,47,60,6,45,40,31,113,78,2,74,142,4,34,26,7,59,98,39,55,87,92,118,9,29,135,100,14,8,75,19,104,23,5,17,73,50,132,63,93,33,117,86,37,58,140,82,147
97,57,99,127,106,48,29,26,141,132,34,4,44,11,3,134,73,56,140,78,90,119,28,9,120,126,77,20,51,37,92,82,47,149,146,67,33,42,135,96,39,79,111,5,116,117,118,40,22,25,16,60,50,63,71,102,80,75,49,59,68,100,24,84,55,7,65,85,130,14,8,17,105,46,131,93,125,70,15,12,107,27,52,115,21,145,23,122,129,35,86,53,133,74,0,137,147,62,1,66,121,64,89,36,94,136,81,98,95,142,30,19,104,108,88,61,148,41,143,103,113,139,144,69,109,110,76,18,31,72,32,138,13,87,123,101,124,10,112,38,6,91,83,114,58,43,2,45,54,128
77,148,130,38,142,65,84,22,114,98,113,105,46,117,2,136,31,137,11,47,82,131,85,91,50,139,56,101,115,125,75,146,49,134,103,116,87,73,12,14,68,19,29,92,41,58,90,6,0,18,118,17,120,9,88,143,10,80,108,144,133,1,21,135,127,69,34,141,78,3,94,70,15,45,64,67,42,97,27,37,121,40,53,89,4,63,71,39,107,112,32,5,119,106,128,35,24,76,86,93,44,104,13,28,111,124,48,95,149,122,54,57,25,62,59,129,74,99,110,123,55,100,109,138,66,140,72,8,132,126,52,20,147,30,83,96,7,145,26,51,61,79,16,23,60,33,43,81,102,36
87,98,118,99,12,19,67,40,135,17,59,130,62,125,127,47,119,54,39,66,15,136,142,89,24,90,138,146,72,101,79,141,33,139,111,123,82,88,51,20,112,81,35,21,109,116,0,58,18,74,38,108,110,114,103,71,92,2,29,95,10,124,73,16,11,83,5,132,61,137,28,129,53,78,106,6,4,134,49,55,31,76,143,69,1,64,57,68,122,46,44,13,9,14,75,37,42,63,140,52,97,133,145,56,128,93,102,45,48,131,7,94,149,85,65,25,104,100,144,50,107,113,22,26,43,60,41,91,70,36,32,86,3,8,80,120,126,27,84,30,115,23,117,34,148,96,77,121,105,147
94,115,47,128,78,97,2,86,73,139,11,71,144,95,104,9,63,102,79,113,65,36,44,23,135,30,21,111,109,146,64,40,48,136,124,72,46,81,43,19,53,38,145,123,93,25,101,35,134,27,132,58,29,89,57,10,70,32,121,5,117,103,120,12,110,76,54,141,138,7,14,45,149,96,55,84,39,77,66,75,42,34,16,122,133,129,99,91,116,108,143,100,90,69,87,88,118,3,15,0,105,33,112,107,61,20,41,24,147,106,82,80,56,114,31,13,142,137,140,8,60,4,62,126,92,18,68,1,37,119,83,98,131,6,125,85,52,130,51,74,28,67,22,50,59,49,148,17,26,127
123,77,149,8,130,145,104,30,88,106,5,117,39,68,109,15,83,136,14,111,129,94,31,48,115,53,105,59,54,122,135,75,138,55,69,62,57,108,27,51,133,25,116,4,91,74,28,24,146,93,61,29,124,23,96,126,80,118,97,73,42,70,90,127,128,9,66,110,95,56,6,3,85,120,16,137,67,139,58,148,22,143,102,20,98,50,89,17,92,142,81,41,38,0,45,49,18,34,99,60,19,82,33,11,107,87,76,46,71,40,119,37,35,26,134,103,125,78,63,121,147,72,52,112,21,12,84,144,86,64,141,131,113,79,100,44,132,2,140,43,65,101,36,13,47,10,114,1,7,32
71,19,117,86,25,100,83,105,2,22,142,147,134,82,57,32,66,124,110,37,30,136,51,127,128,62,13,42,65,89,67,53,16,146,139,11,81,90,118,137,84,29,47,56,54,58,138,0,35,133,126,17,107,46,104,93,121,95,131,43,34,106,94,78,70,122,80,91,132,148,116,33,41,72,68,88,115,14,149,3,135,75,21,108,144,26,39,27,45,6,20,125,99,40,44,52,79,5,112,28,49,129,140,9,114,103,1,69,111,10,92,36,63,23,101,60,8,130,97,143,38,120,24,98,141,109,61,31,76,102,12,85,7,74,55,15,59,96,18,77,48,64,123,145,113,119,4,87,73,50
26,13,14,15,120,17,135,104,48,91,24,98,106,132,21,111,122,69,29,44,42,86,67,96,20,66,110,82,37,35,78,0,140,141,51,77,117,143,138,38,68,105,74,36,65,32,90,8,33,45,63,50,125,22,83,113,1,62,70,107,47,127,72,58,59,23,116,64,30,84,31,93,95,2,80,145,52,6,28,136,73,3,134,129,119,94,115,89,97,46,146,4,147,101,144,10,55,71,49,39,102,133,85,53,76,109,139,118,75,124,12,88,112,128,5,130,126,25,103,27,40,108,114,123,54,16,41,137,131,43,99,9,60,18,61,81,7,11,19,87,149,92,34,57,148,56,142,100,121,79
13,4,44,93,69,56,123,17,146,137,58,128,68,86,6,143,148,51,45,38,97,50,42,129,7,55,107,72,113,70,54,32,98,36,43,12,75,80,2,9,65,106,125,60,14,126,136,114,31,119,8,64,5,79,102,11,82,100,121,132,15,71,111,83,1,99,139,78,149,46,63,61,92,57,138,37,40,33,23,109,59,47,39,95,24,140,89,87,105,48,49,25,90,66,133,76,103,112,108,127,96,52,147,142,145,73,53,28,22,67,16,84,130,20,81,27,118,34,18,124,110,29,77,134,21,88,131,10,26,85,101,41,94,115,91,19,117,35,116,141,120,3,144,122,0,62,104,74,135,30
97,46,82,5,73,87,85,55,102,122,94,99,38,115,17,78,54,111,149,50,147,120,21,103,84,79,67,89,45,57,11,4,58,64,131,68,2,40,75,128,30,92,129,9,31,59,134,135,123,41,145,81,62,36,113,42,110,32,98,138,66,109,18,91,140,72,126,132,76,23,146,19,74,125,105,133,106,124,43,143,56,13,80,27,136,24,33,83,15,29,34,142,8,10,16,26,22,47,86,60,20,107,141,93,70,148,25,1,119,65,48,3,52,127,95,35,100,51,49,108,139,12,14,137,6,130,117,53,37,44,96,101,118,77,28,69,61,116,63,104,0,121,114,144,39,7,112,90,88,71
145,34,115,57,10,43,15,51,131,91,100,3,7,126,42,11,132,47,38,86,80,119,28,21,54,92,18,93,33,147,24,17,148,108,106,65,63,62,77,25,128,105,13,22,139,88,149,120,9,61,2,59,84,73,104,39,74,75,95,125,144,26,89,109,66,1,45,68,124,70,97,56,67,6,137,49,41,4,55,98,83,60,30,142,48,96,69,135,94,36,122,118,133,90,14,52,110,20,31,16,114,85,111,0,12,19,138,76,53,29,116,99,87,82,140,141,32,146,103,5,113,35,143,8,64,79,130,58,78,136,123,107,72,117,46,71,40,81,121,127,44,102,27,50,134,129,37,101,23,112
10,32,37,65,47,14,122,72,68,49,11,144,43,76,90,112,35,84,42,93,98,0,86,22,77,85,95,136,1,44,146,59,7,69,82,29,31,23,9,16,46,139,51,117,137,38,115,130,8,99,12,74,87,17,119,135,132,126,39,56,3,113,116,92,55,19,108,71,63,18,127,143,58,78,5,24,13,28,40,61,33,145,133,6,66,64,79,131,41,50,48,124,134,110,60,91,25,70,104,141,106,21,81,101,121,53,27,30,67,107,105,26,89,88,114,83,118,140,52,34,125,75,128,123,20,120,96,62,147,4,138,100,102,57,97,80,109,148,103,45,2,111,36,149,94,54,129,142,15,73
30,108,140,82,49,95,21,137,66,141,96,149,119,41,101,111,76,125,20,0,86,80,110,37,43,15,48,92,106,104,67,85,135,8,54,99,122,61,46,14,38,51,65,83,93,40,134,3,84,71,88,124,146,128,114,68,5,42,6,23,147,24,2,136,16,130,70,57,138,109,77,129,35,18,12,73,27,36,120,60,100,11,28,52,78,142,121,44,33,123,116,7,127,113,9,89,98,50,97,144,39,112,17,45,26,63,143,58,69,75,25,103,94,32,72,13,10,105,1,22,115,79,126,47,31,62,74,132,55,56,34,19,90,29,87,102,91,53,131,148,59,64,145,107,81,139,117,4,133,118
18,91,61,129,38,134,52,39,144,84,46,29,138,45,16,59,26,95,102,113,12,97,44,80,122,99,111,83,63,147,137,145,71,58,4,13,41,107,33,25,67,79,94,48,132,88,85,76,101,23,135,5,149,54,139,112,30,109,3,119,24,53,77,64,36,69,32,43,148,140,96,74,8,50,104,62,40,123,11,9,73,17,93,68,22,37,98,114,81,110,125,15,35,92,19,51,115,103,116,2,7,42,0,20,56,127,86,47,78,142,27,118,72,21,131,100,108,146,130,90,120,136,133,31,105,14,28,124,1,106,87,126,82,141,117,70,6,121,55,75,128,66,10,60,65,89,143,34,57,49
44,80,97,123,148,91,32,6,27,113,26,23,132,35,17,58,31,88,144,18,24,124,122,135,74,137,101,82,52,106,146,120,28,108,62,110,50,21,4,99,111,118,8,5,20,116,143,15,114,105,30,133,115,70,54,37,61,77,83,42,2,81,55,78,34,109,14,130,49,136,1,128,46,25,85,86,69,98,16,63,67,96,65,33,131,107,76,95,68,22,57,142,141,59,93,38,40,66,56,7,87,126,112,0,12,13,84,102,3,89,41,139,92,45,129,10,138,36,53,117,140,19,94,39,90,100,127,75,48,149,11,121,47,73,72,29,125,119,43,60,51,64,104,145,147,71,9,79,134,103
130,114,106,45,140,6,25,42,73,40,81,12,146,49,101,78,53,58,109,62,123,118,77,1,33,19,59,55,11,103,79,72,10,71,91,7,82,100,104,136,93,63,29,67,39,34,41,94,145,121,128,80,30,22,119,2,143,96,76,38,99,97,15,83,0,21,105,31,50,84,147,86,120,138,65,61,115,51,66,48,14,148,85,20,134,124,126,90,35,107,32,57,4,117,89,37,27,133,102,18,54,149,64,52,74,92,69,44,110,112,141,137,98,132,68,139,135,23,116,43,3,70,131,47,5,56,75,17,8,122,144,127,108,60,9,36,129,46,87,16,28,111,24,26,88,13,113,95,125,142
47,63,139,48,21,148,90,142,111,2,60,80,147,128,72,16,138,113,132,14,145,41,108,84,37,52,27,122,55,102,0,57,121,43,22,133,66,49,143,31,112,4,61,75,45,53,33,86,101,137,19,125,38,79,141,88,30,100,29,140,32,135,62,149,134,50,11,120,34,68,92,67,3,17,7,78,77,123,97,118,18,131,106,85,107,36,98,46,70,146,73,130,35,81,58,54,9,82,136,117,119,124,103,39,129,114,83,69,104,99,28,95,126,89,20,42,51,44,127,24,116,94,1,26,105,40,110,96,87,12,8,76,93,64,23,15,10,25,6,13,71,5,109,144,65,74,91,59,115,56
80,23,143,1,142,91,52,12,16,48,27,14,123,44,86,108,35,79,141,90,32,89,127,130,0,124,148,92,77,129,109,28,33,60,43,2,61,132,93,101,114,72,7,64,8,134,96,146,81,39,71,47,100,17,136,113,133,138,70,73,18,88,67,121,50,149,9,49,53,36,41,137,46,54,87,75,95,63,131,19,65,107,55,144,58,21,118,102,119,11,85,135,69,3,56,59,30,38,29,105,83,104,10,40,128,57,25,15,51,78,122,99,140,4,5,112,147,120,22,62,106,103,117,74,84,34,26,110,24,97,94,42,116,145,37,111,66,20,115,139,68,82,45,31,126,6,125,76,98,13
73,87,85,9,139,119,50,105,96,79,67,57,129,136,63,99,130,10,90,70,46,116,41,76,43,146,83,109,92,36,95,135,123,13,23,103,122,19,112,25,6,8,126,132,72,49,74,61,120,4,18,77,30,75,142,66,81,1,97,84,22,111,37,3,127,107,138,69,48,125,34,80,59,86,64,102,39,58,89,121,40,110,5,52,12,44,149,133,148,38,0,45,88,147,118,100,117,2,145,26,65,53,137,82,106,27,62,11,93,55,124,15,28,54,131,33,17,134,128,71,104,35,60,20,141,140,143,24,14,144,29,68,78,98,108,91,56,32,42,94,115,21,113,16,101,51,31,114,47,7
123,89,83,31,13,87,135,143,111,78,62,8,84,40,102,82,93,15,129,4,27,29,140,48,115,7,25,6,39,45,136,21,142,100,49,10,97,69,146,94,113,55,125,44,64,17,134,52,131,2,35,117,99,56,148,14,12,120,128,124,50,103,91,73,1,74,58,60,30,144,0,88,85,81,36,51,66,108,105,47,95,65,96,133,130,11,26,72,112,107,149,139,61,42,34,101,20,119,75,80,77,9,145,41,90,98,70,33,79,63,121,28,92,114,37,22,68,19,32,24,54,141,16,38,106,118,137,122,23,43,127,3,5,57,18,116,53,59,104,46,110,67,71,138,109,132,86,76,147,126
64,104,145,147,122,17,105,119,28,98,34,46,43,6,32,96,38,133,125,45,39,40,134,13,126,8,101,88,72,56,65,36,89,59,7,117,74,62,120,54,20,47,140,35,100,12,121,113,137,10,42,57,9,82,128,5,29,53,139,97,23,110,86,16,118,76,81,50,138,92,93,136,109,116,26,77,132,68,106,3,148,83,91,141,4,70,131,11,85,114,107,21,52,95,80,58,90,73,22,149,60,63,71,130,25,55,30,123,75,94,27,144,111,33,15,41,99,146,51,142,0,102,129,1,2,135,61,115,78,24,84,48,31,67,143,49,103,108,66,69,79,124,19,87,44,37,112,14,18,127
33,2,105,48,134,14,39,41,128,71,29,126,136,96,106,132,99,149,138,64,38,32,129,80,85,93,44,40,49,59,19,31,98,107,127,114,91,25,56,123,82,9,36,70,27,65,133,109,12,103,137,131,61,7,18,26,62,104,87,92,24,121,46,116,8,51,42,30,141,120,10,35,113,76,90,74,111,1,147,5,73,28,13,63,130,15,100,102,148,115,57,37,50,53,58,69,135,45,79,88,146,108,68,140,67,47,75,21,124,112,52,54,89,97,139,11,83,94,101,6,23,117,17,20,3,60,72,84,4,110,81,86,0,144,77,143,95,125,16,142,119,78,34,145,122,66,55,118,43,22
62,99,141,85,9,29,100,23,120,64,46,113,61,56,82,19,87,42,97,139,121,133,144,143,135,2,95,123,47,134,71,39,49,81,17,131,37,84,117,38,59,27,88,148,76,20,75,68,79,92,28,67,103,69,11,86,14,149,147,145,106,90,22,130,50,16,7,138,25,41,119,102,111,140,108,96,57,45,137,53,10,89,12,136,36,33,21,146,4,24,65,115,110,80,54,13,105,43,107,101,72,48,26,127,15,104,122,34,40,58,116,70,73,129,118,31,128,55,0,30,112,5,66,109,32,114,142,126,35,78,44,6,74,18,83,51,3,60,63,77,93,132,94,1,124,125,8,91,52,98
149,9,132,49,138,98,108,14,80,62,38,33,67,113,56,11,61,74,10,51,58,35,29,142,73,64,117,75,140,76,133,125,131,44,82,89,100,106,48,65,99,118,137,128,32,120,144,85,94,91,83,92,42,71,13,19,25,3,45,41,84,104,148,69,16,110,130,109,70,103,60,93,121,119,18,127,21,123,101,143,12,63,124,134,20,78,46,54,2,105,66,36,146,0,122,6,88,47,77,114,147,27,102,129,135,111,30,43,79,81,55,52,40,17,141,34,136,26,86,1,23,97,37,28,24,39,4,59,126,68,112,95,31,7,22,87,5,96,57,53,107,15,139,8,90,145,115,72,116,50
64,3,1,36,109,27,32,143,58,104,141,59,8,118,4,126,43,67,127,108,60,98,56,39,99,9,75,62,147,51,88,0,144,136,34,128,7,15,138,69,87,130,42,133,85,5,11,83,140,103,74,44,48,149,113,10,82,116,146,115,120,137,52,124,71,123,121,84,25,20,41,117,94,40,47,66,106,142,80,70,73,28,90,125,63,30,145,101,131,79,122,97,114,53,89,132,45,105,49,65,134,111,54,100,35,46,148,68,139,18,16,13,55,95,57,110,129,33,61,19,135,50,24,92,2,78,14,22,96,12,38,21,119,76,112,29,91,17,102,31,6,37,93,81,86,23,26,107,72,77
42,128,35,13,19,12,135,90,73,101,132,111,7,1,51,117,5,48,75,80,68,60,124,8,95,109,106,23,50,89,136,63,15,57,129,27,20,149,148,34,32,61,103,21,125,29,47,118,26,14,36,43,119,96,98,67,99,33,112,64,110,66,116,59,121,9,122,102,108,104,133,70,97,17,0,130,81,46,146,100,72,87,126,114,31,127,37,140,143,78,55,145,39,44,53,138,28,85,62,137,40,82,144,52,107,113,123,16,105,41,58,83,6,71,38,65,76,11,3,77,56,18,120,49,141,94,91,2,54,93,69,10,142,147,22,115,86,24,131,30,139,88,45,25,92,79,4,74,84,134
75,95,70,55,15,41,140,38,9,109,102,132,58,68,13,16,40,63,53,11,117,18,145,35,130,66,49,147,28,98,67,27,121,43,115,90,25,139,81,142,96,52,56,62,99,87,97,73,120,119,48,77,137,57,69,19,85,60,83,149,20,72,1,14,100,127,124,26,129,134,34,143,136,108,84,47,122,78,12,126,6,65,44,17,32,138,80,74,30,45,79,101,103,123,3,33,131,144,128,8,23,71,59,82,51,42,104,37,114,141,148,46,106,21,36,125,107,29,86,61,92,50,4,54,0,39,88,93,113,146,118,91,94,110,10,76,22,64,133,89,111,2,5,135,116,112,7,105,24,31
49,101,136,34,3,14,70,60,2,23,128,123,131,82,147,73,90,28,145,12,79,17,83,92,36,38,56,65,111,81,6,149,119,8,39,37,13,25,100,71,27,139,24,29,120,95,102,143,5,137,88,125,138,74,51,58,69,33,22,146,62,64,47,75,94,105,76,112,54,9,121,30,43,124,116,4,42,142,135,26,44,57,0,104,40,126,78,103,132,98,32,84,18,114,35,67,106,46,110,134,61,109,11,10,50,7,1,72,86,41,21,129,118,97,16,77,127,148,15,68,85,31,140,115,96,52,87,55,117,63,53,48,80,133,99,91,108,93,59,122,144,20,19,89,130,45,107,113,66,141
71,109,98,49,68,24,79,81,48,146,53,134,113,87,37,22,69,123,116,0,114,121,33,1,137,60,84,44,82,108,83,96,74,63,112,127,70,34,125,8,29,2,36,124,16,94,45,57,27,11,93,61,52,119,65,30,32,10,111,64,118,43,148,128,86,122,132,47,140,110,115,90,149,145,35,58,142,23,139,19,107,6,15,25,21,39,46,144,12,117,136,92,147,99,75,42,129,20,50,67,56,85,13,100,28,78,141,73,41,4,55,40,38,3,26,51,89,18,106,105,102,103,130,59,91,9,133,131,72,95,14,104,143,97,31,77,101,80,126,54,120,66,76,7,17,62,135,5,88,138
115,13,96,109,32,149,5,17,12,83,76,112,116,54,9,148,38,62,137,93,118,84,59,67,121,18,26,39,35,4,23,41,92,73,75,45,3,61,86,53,16,79,147,129,49,128,1,42,80,97,68,56,20,50,89,25,91,51,100,31,95,7,58,141,44,21,104,77,126,146,110,122,15,19,69,117,55,142,143,36,46,33,63,139,132,30,60,111,14,124,145,136,6,88,29,37,125,90,98,130,114,24,0,22,144,43,120,107,71,52,105,64,134,123,72,85,94,48,40,133,138,87,101,28,74,99,81,113,106,47,70,140,82,10,131,66,102,34,65,127,119,108,135,103,8,11,27,57,2,78
100,134,24,54,146,96,78,8,117,50,105,135,36,140,11,68,44,106,81,20,25,129,102,0,119,42,58,126,142,17,75,149,141,131,48,104,40,4,13,108,67,64,136,27,118,127,45,97,60,116,1,35,77,121,71,138,15,72,46,125,128,93,99,92,83,111,29,9,123,79,59,98,69,61,30,43,38,51,37,103,65,80,41,5,122,31,62,148,90,74,16,137,22,49,55,21,76,144,39,53,101,95,56,6,47,32,3,19,85,147,88,139,112,33,23,2,84,120,143,94,91,86,107,18,130,12,133,34,113,63,145,66,10,110,87,115,109,14,28,82,57,132,70,124,52,73,114,7,26,89
43,15,136,30,35,127,24,116,21,53,125,108,102,29,64,60,129,101,28,73,40,142,85,83,92,55,115,59,81,82,63,31,140,72,99,12,4,107,105,100,6,95,41,113,96,54,74,1,56,148,58,48,143,110,106,86,120,38,51,91,27,109,62,8,3,84,126,89,139,36,103,47,131,134,10,145,123,52,112,39,80,49,71,22,118,66,16,130,70,94,121,65,23,135,141,124,44,138,34,50,144,117,61,69,14,25,122,57,13,149,133,19,68,11,26,114,46,9,42,67,90,20,128,45,146,132,17,93,79,18,119,2,78,87,32,97,75,104,7,76,137,0,37,88,111,147,5,77,98,33
107,133,118,54,31,48,142,83,75,65,4,30,100,10,41,109,27,3,11,89,99,37,130,88,56,90,91,141,124,106,2,26,72,102,147,47,18,134,66,121,9,1,137,51,86,58,126,116,6,12,57,19,128,14,111,149,44,63,43,112,135,94,70,62,122,69,145,103,101,32,68,39,123,76,131,61,29,55,78,15,28,98,143,5,60,97,81,40,21,85,125,74,104,17,108,7,46,64,53,73,96,52,50,132,148,95,92,80,146,119,45,35,38,79,138,25,82,23,117,34,13,59,105,49,42,20,120,16,77,136,67,24,140,127,8,139,22,113,129,144,0,115,87,114,84,110,71,36,33,93
12,24,103,113,30,94,133,28,141,75,146,120,62,51,43,34,77,47,27,88,63,9,131,118,41,105,134,80,98,20,129,122,128,90,35,72,32,106,84,11,14,148,7,61,3,127,145,142,144,0,44,104,69,53,17,107,31,121,37,123,81,15,87,49,6,74,68,91,126,5,21,83,101,93,102,99,36,143,66,25,116,109,149,132,54,42,8,26,108,138,60,92,16,117,50,76,4,1,55,59,119,71,52,2,130,114,82,13,22,10,86,64,19,46,147,97,136,89,125,56,85,111,48,23,140,29,115,57,100,137,124,39,139,67,65,18,45,79,38,112,33,58,78,135,110,96,70,73,95,40
48,108,50,146,64,82,0,7,101,29,104,56,36,61,145,89,40,54,142,33,45,4,143,144,13,14,83,148,113,17,122,105,111,87,77,46,139,116,137,112,147,129,99,39,100,53,35,65,93,117,85,20,119,3,124,106,57,37,134,18,71,28,114,125,66,42,98,68,25,79,84,78,107,118,30,74,43,88,90,72,103,94,49,22,115,149,102,110,38,76,41,130,31,135,109,2,91,19,63,133,131,123,26,97,67,120,59,128,32,47,126,11,132,73,136,81,141,62,51,80,60,140,121,69,52,6,16,86,27,9,95,10,55,5,8,1,44,75,21,58,34,23,12,96,70,127,92,15,138,24
60,93,49,39,141,43,71,149,8,94,66,92,5,81,133,87,118,123,97,111,73,0,44,106,65,101,147,130,127,105,53,140,144,107,56,16,64,136,17,57,99,58,90,36,26,2,55,121,148,100,108,6,124,85,4,91,3,21,75,38,82,89,32,20,139,62,37,51,132,48,10,72,76,117,131,146,83,52,86,50,112,47,27,122,113,74,13,25,125,22,126,103,110,41,59,138,33,15,145,109,12,14,129,24,29,31,142,115,7,79,96,98,35,78,84,45,67,19,128,137,1,119,143,28,80,46,34,61,114,88,18,104,95,135,102,30,68,134,54,42,23,116,11,70,40,69,63,9,120,77
61,34,64,33,79,63,112,42,132,88,36,111,29,138,87,129,85,67,28,44,146,123,73,145,100,147,93,104,134,82,38,14,137,37,50,1,99,86,103,26,124,116,96,46,90,49,118,23,31,102,127,97,74,18,13,148,109,84,70,121,21,15,94,59,48,69,55,71,39,16,133,149,20,56,126,142,108,125,30,45,51,98,32,66,22,57,114,6,35,141,11,47,83,72,75,7,10,76,80,117,128,68,101,119,143,135,106,91,54,43,113,27,115,9,131,92,25,130,2,60,140,144,120,17,78,41,136,40,5,3,0,105,62,52,19,107,65,139,58,89,24,12,4,77,122,8,53,81,110,95
25,45,59,75,104,132,95,40,139,92,46,2,119,44,63,31,19,120,71,47,12,96,142,93,116,64,110,82,24,81,54,131,101,69,126,41,98,73,32,8,65,83,94,87,13,118,102,7,49,56,68,145,80,88,123,130,57,60,138,9,52,5,26,30,91,133,124,43,140,115,125,42,74,103,85,34,28,86,106,113,20,15,16,48,136,58,99,50,111,27,137,62,149,76,121,117,107,21,17,51,100,55,90,108,105,84,147,0,143,37,10,134,22,79,35,18,141,72,109,3,135,23,89,112,14,6,77,144,78,4,97,129,1,146,33,114,148,128,67,61,127,122,36,29,53,66,11,38,70,39
83,111,61,51,19,56,133,55,137,103,13,110,7,99,144,136,79,9,41,78,57,60,18,59,16,3,106,38,12,97,49,26,121,2,91,27,66,50,15,145,32,85,63,86,114,68,128,5,89,94,126,77,58,30,108,69,22,107,122,82,129,132,53,101,96,102,74,6,124,1,75,17,48,138,140,93,43,25,21,105,71,95,118,147,142,116,11,35,117,73,14,100,44,148,52,40,28,87,64,34,62,37,135,65,149,20,54,90,70,115,46,24,76,112,33,81,4,84,123,80,104,125,141,134,8,67,72,139,88,29,45,131,119,130,36,113,39,127,31,120,146,23,0,109,42,92,10,98,47,143
107,108,122,8,110,97,144,90,23,102,2,54,13,83,134,37,4,99,111,33,19,132,115,66,58,96,85,113,119,47,22,25,20,106,116,21,34,7,12,93,43,129,136,100,89,9,141,65,5,14,68,52,81,126,67,32,117,16,60,76,56,72,92,128,75,71,88,114,101,17,145,118,35,30,15,143,18,24,86,142,95,10,104,59,149,29,131,42,98,135,48,53,146,40,123,84,125,140,120,124,50,80,127,55,57,11,0,3,105,94,41,26,69,78,45,46,39,109,103,91,137,44,64,61,112,147,38,1,87,82,74,36,62,77,51,138,139,70,130,28,49,79,121,6,31,148,63,133,73,27
114,144,32,110,79,100,51,54,27,53,49,74,93,139,43,23,9,143,145,70,130,78,126,39,72,112,96,8,35,146,47,75,26,117,1,61,66,17,97,102,91,80,15,132,12,116,128,5,57,137,83,16,73,55,95,122,37,85,123,68,81,2,69,142,108,140,56,120,7,33,134,40,129,31,29,58,87,46,89,99,59,94,30,11,103,133,106,88,71,4,38,21,149,101,19,124,18,3,86,105,113,36,82,14,62,64,24,13,104,76,135,98,111,115,90,77,127,121,28,67,41,125,107,147,6,136,48,148,84,138,141,65,25,34,50,63,42,0,45,60,10,22,44,119,109,20,92,131,118,52
45,2,57,60,148,145,74,141,40,24,130,114,68,112,132,104,62,43,50,52,134,10,78,11,69,97,1,139,83,64,107,108,63,5,122,116,42,146,37,124,16,15,7,101,144,119,51,6,44,59,135,113,105,3,123,33,93,100,142,73,94,96,138,90,99,84,39,4,88,22,13,120,14,80,127,126,65,70,86,143,75,55,111,72,81,58,25,47,137,76,147,106,23,117,27,9,95,20,82,30,129,115,67,89,54,121,19,38,110,8,77,66,18,12,31,140,21,128,49,92,98,28,102,71,36,41,17,32,56,0,109,46,131,85,133,48,149,103,118,125,61,79,53,91,34,26,35,136,29,87
90,100,94,113,22,82,50,133,10,96,2,135,18,147,34,35,55,144,69,53,60,134,36,130,39,85,101,84,109,12,127,112,131,110,51,92,116,95,75,78,52,26,117,114,136,120,123,32,71,145,111,149,93,105,3,20,128,88,87,103,64,16,89,37,58,46,73,146,7,104,108,70,4,24,66,23,19,106,30,29,61,74,140,11,49,129,141,40,148,44,27,17,77,107,76,122,72,139,45,38,83,59,91,56,119,67,142,14,68,42,124,6,33,121,41,47,13,143,5,9,80,137,79,65,115,99,1,98,15,25,48,97,54,21,132,102,57,62,86,81,0,118,31,63,43,126,28,138,125,8
144,88,121,128,23,90,91,92,52,95,112,107,77,20,68,31,53,62,116,28,43,145,6,29,14,32,3,25,33,149,87,138,117,97,111,83,24,30,15,0,8,139,16,122,96,135,39,67,136,34,51,123,125,60,126,48,79,22,49,129,140,63,74,71,130,148,40,37,106,103,119,104,11,78,132,44,93,13,4,73,115,42,113,50,82,54,18,70,61,72,146,94,89,38,5,21,137,102,9,134,120,45,75,57,133,147,109,143,35,27,58,101,108,76,55,65,86,64,2,66,105,141,99,127,118,47,100,36,12,7,110,84,46,56,124,98,26,19,114,131,81,142,41,69,85,17,1,10,59,80
31,146,45,108,112,27,145,15,115,83,140,33,107,16,130,121,3,78,127,48,93,10,134,47,75,39,147,77,86,5,0,26,51,142,20,22,100,118,129,135,148,17,120,76,89,42,64,21,111,114,119,122,37,66,53,128,56,88,85,13,72,105,49,79,19,67,35,82,7,70,40,149,143,110,133,36,74,80,9,57,8,41,109,90,25,91,136,68,98,30,124,32,101,94,2,73,38,144,62,14,132,96,6,141,97,59,34,92,18,106,23,113,84,43,4,61,125,65,11,126,60,99,102,103,55,50,131,123,58,69,81,139,116,1,28,117,24,44,104,52,87,138,95,63,12,137,54,71,29,46
18,31,95,13,49,89,63,102,81,124,6,40,62,11,128,47,70,68,101,148,126,98,60,87,137,111,73,146,104,50,28,19,76,88,17,27,96,112,8,117,53,147,3,134,26,72,10,86,115,5,35,75,45,56,64,108,119,120,48,9,143,85,0,133,20,103,135,59,25,41,144,36,141,80,121,43,92,142,33,114,105,94,51,30,2,138,14,74,57,44,127,129,118,21,100,113,107,82,23,131,97,34,149,123,122,79,32,77,12,90,52,140,61,16,93,66,54,130,55,71,125,46,116,83,22,106,67,110,29,37,58,91,65,38,84,69,99,7,132,1,39,109,145,24,139,136,78,4,15,42
121,75,76,57,17,135,47,2,66,105,96,5,136,45,9,103,104,142,60,95,50,69,42,143,15,141,130,0,115,137,77,90,140,3,8,127,148,10,117,123,113,99,131,84,38,78,71,25,147,120,16,79,51,89,32,125,29,109,65,33,87,118,22,72,73,7,54,41,20,111,91,59,26,88,27,98,119,39,92,80,43,11,64,56,101,134,94,4,58,86,110,149,124,6,108,12,44,100,144,31,122,81,70,52,128,30,67,74,46,106,14,129,35,19,24,13,55,18,83,36,145,37,85,116,133,40,53,49,126,62,21,61,132,102,146,23,93,139,68,112,1,34,107,138,48,82,63,114,97,28
76,54,127,23,2,22,52,4,95,31,14,16,78,116,106,27,61,28,49,107,53,108,111,121,36,47,137,134,130,38,59,133,6,146,101,5,109,29,64,144,56,89,10,8,69,110,122,71,44,143,85,84,93,79,34,112,87,17,105,80,60,138,57,141,114,126,140,32,66,65,40,26,77,74,20,96,30,97,73,123,125,83,51,21,1,11,70,98,67,33,113,136,102,55,82,94,45,7,135,24,46,92,99,131,37,86,9,3,139,43,0,39,118,145,149,119,15,48,103,120,81,19,50,88,142,115,58,104,90,35,72,25,62,12,75,117,13,100,42,129,132,68,124,128,18,148,147,63,91,41
12,117,115,131,37,28,109,72,69,110,81,51,5,53,122,50,103,39,94,121,135,147,95,93,112,15,6,45,143,101,8,88,104,57,123,42,100,114,31,89,60,40,144,70,44,124,134,73,3,35,96,75,113,68,48,128,49,61,10,74,36,54,66,2,55,46,142,26,11,9,92,56,1,19,98,43,132,21,90,32,138,41,47,7,20,145,78,91,16,83,24,108,4,34,38,22,97,139,71,27,146,17,133,149,102,52,13,29,30,79,33,14,86,129,25,62,137,80,0,82,127,111,120,85,84,58,130,64,141,118,140,59,148,23,76,106,126,107,63,67,105,116,99,87,119,136,77,65,18,125
52,33,4,120,103,11,5,112,126,50,62,21,80,57,67,28,118,7,64,37,134,40,82,129,79,100,55,87,44,73,18,14,3,36,108,20,94,56,58,34,140,119,116,48,113,91,131,127,38,139,147,24,83,99,23,122,15,29,149,31,75,60,69,30,124,8,136,54,74,19,65,59,102,133,46,41,114,141,143,66,128,132,25,81,6,9,84,42,104,111,70,125,137,2,27,105,145,95,93,77,117,22,63,72,123,16,101,96,32,45,142,51,1,17,35,138,90,144,85,92,97,106,49,71,10,43,110,148,115,53,47,89,68,86,135,107,98,130,76,88,39,109,61,146,26,0,121,12,78,13
34,104,27,10,17,129,100,137,0,46,141,19,41,114,82,73,128,117,98,124,2,89,94,115,47,121,33,63,120,24,101,108,48,105,140,92,110,109,9,76,54,116,31,53,62,68,1,57,58,51,90,147,16,23,118,96,5,42,69,66,40,77,18,136,134,52,6,86,111,44,143,80,145,11,26,103,20,84,60,35,102,125,39,61,7,8,65,74,13,97,148,142,45,138,149,56,133,122,113,130,37,112,3,25,131,107,59,132,30,139,127,4,135,50,43,55,32,93,12,75,71,85,22,38,29,87,72,70,144,91,146,106,79,99,88,123,21,119,81,28,78,126,95,49,64,67,36,14,83,15
55,33,14,52,97,89,108,129,106,43,17,5,80,144,73,37,65,92,9,12,26,45,31,103,24,36,16,79,29,77,116,90,84,57,125,66,69,87,22,60,105,142,127,68,47,38,23,91,137,62,85,53,95,102,20,10,145,44,148,133,98,15,50,40,11,94,2,39,146,6,83,7,99,104,46,138,135,131,1,124,78,42,121,72,51,139,61,75,25,71,63,123,82,111,126,49,3,4,8,48,96,114,140,54,41,56,70,19,134,101,21,141,149,76,110,32,115,74,128,130,34,113,13,27,86,117,59,88,109,28,143,64,100,118,119,136,30,112,107,58,0,18,147,120,122,93,81,35,67,132
46,21,82,53,105,104,140,62,79,117,147,74,94,73,148,125,40,110,67,93,101,123,83,127,111,3,58,122,86,78,1,13,100,44,143,69,90,5,25,63,9,61,28,134,8,39,59,27,7,60,137,15,56,120,19,47,108,133,135,16,37,76,23,33,70,89,52,113,84,145,116,141,10,0,131,34,128,4,48,107,65,112,43,77,57,146,11,130,144,115,49,80,138,71,96,22,42,98,132,114,99,64,20,87,12,118,124,24,68,17,41,136,32,102,50,91,66,139,75,142,88,30,54,119,103,6,18,55,129,97,29,109,35,31,2,51,106,38,14,81,92,72,149,95,85,121,36,26,45,126
73,126,66,97,21,93,16,18,84,75,2,104,59,74,102,24,17,85,132,42,89,144,56,33,96,92,67,26,94,54,112,45,135,0,71,25,128,119,117,95,6,125,140,111,108,72,143,55,118,148,145,121,51,79,22,142,34,46,28,32,82,134,76,43,19,64,123,29,122,52,129,120,47,139,36,114,113,137,11,100,3,57,44,83,80,88,98,9,65,1,53,109,78,58,115,37,107,147,91,133,7,138,149,35,41,12,5,62,13,8,81,141,15,116,49,38,20,63,90,99,30,106,77,86,31,23,40,127,101,61,27,60,103,69,146,136,4,105,110,39,48,68,50,10,87,124,131,70,130,14
132,32,77,139,8,62,80,102,131,119,141,61,47,70,87,120,108,146,69,38,74,35,92,30,45,94,133,41,101,71,40,22,105,53,126,57,21,66,99,58,51,72,116,122,18,130,111,129,56,39,55,3,140,149,43,59,13,118,144,2,106,109,97,73,54,34,26,0,68,137,142,44,83,84,127,124,110,134,78,11,93,112,75,98,36,29,115,95,85,82,128,114,49,64,81,17,90,125,15,147,91,52,96,148,20,79,135,113,46,143,123,76,65,60,107,23,86,33,136,88,31,117,89,37,28,14,25,27,12,19,10,63,6,1,4,104,67,48,145,42,9,5,138,7,50,121,100,103,16,24
85,87,94,39,147,122,53,141,125,98,142,112,124,23,105,132,134,113,20,123,61,1,75,14,59,31,78,139,40,79,84,7,62,25,44,2,140,58,60,8,133,36,50,18,55,99,30,65,15,126,137,37,76,6,41,103,117,43,16,118,64,145,35,11,95,131,32,110,48,17,63,46,4,143,80,42,81,89,38,83,3,56,116,70,130,100,9,26,108,24,106,72,13,12,27,91,77,54,5,111,138,128,47,119,107,120,45,10,22,67,86,146,92,149,74,129,33,127,104,68,28,114,0,19,115,96,93,90,71,88,148,121,34,136,51,135,52,144,109,69,102,21,73,29,101,97,82,49,66,57
92,107,133,137,121,143,21,99,120,87,58,130,95,14,89,31,61,16,85,36,12,108,84,19,118,50,55,62,104,5,94,59,49,113,18,75,80,9,71,138,135,91,117,45,148,131,149,41,102,7,11,139,88,1,28,114,35,3,64,32,126,65,142,119,81,44,100,146,30,123,57,125,74,97,134,67,39,43,69,17,33,46,145,73,2,110,140,93,78,86,128,109,68,72,70,116,42,4,25,29,23,27,141,40,106,82,96,56,132,37,13,15,124,10,83,20,24,90,38,98,147,22,127,112,136,122,51,54,34,63,6,144,26,76,47,77,48,105,129,103,0,79,60,52,8,111,101,115,53,66
55,6,34,105,147,138,39,17,128,93,59,21,124,4,1,27,146,130,0,122,9,15,117,82,129,64,83,109,48,71,45,85,60,118,79,37,62,126,101,76,13,103,67,22,26,140,61,7,96,10,115,42,70,113,89,14,112,63,78,137,127,98,106,5,20,121,23,56,139,18,84,80,123,86,141,19,149,131,46,69,31,148,136,66,145,65,143,77,142,58,110,87,57,43,3,41,29,134,74,73,2,49,36,72,104,107,144,8,30,40,90,132,97,111,68,99,92,32,52,120,75,33,54,116,44,95,50,35,53,102,81,12,24,88,114,94,100,51,16,38,28,125,133,91,119,25,108,47,135,11
39,5,70,10,68,107,33,21,138,80,66,29,46,98,146,23,77,133,45,141,17,106,30,32,69,1,142,128,49,149,71,54,2,110,36,76,31,134,22,118,132,75,121,67,50,72,97,11,129,136,57,125,113,92,139,0,95,79,119,126,102,60,111,85,103,35,108,24,91,104,81,135,144,14,34,26,127,148,56,82,27,65,90,59,116,16,89,83,18,88,6,140,84,19,114,28,42,61,7,131,105,41,3,63,86,25,99,101,62,147,78,12,4,145,40,51,73,120,43,13,55,53,48,20,93,37,100,122,137,143,38,47,96,9,130,117,8,15,124,115,64,94,44,74,123,87,112,58,52,109
95,98,116,115,135,55,14,114,148,42,91,71,106,112,34,84,43,33,27,23,25,103,11,87,77,124,26,61,134,19,147,22,29,107,5,105,9,72,102,36,139,118,111,59,121,117,85,60,21,99,133,80,12,40,32,63,69,104,143,28,141,20,142,129,65,127,75,108,48,97,113,37,24,149,54,128,10,53,96,64,89,49,136,76,35,62,140,146,110,58,51,83,82,31,88,56,125,79,122,45,47,81,6,145,1,4,57,16,2,144,3,123,41,120,74,68,8,92,70,93,44,100,138,50,39,7,15,73,90,101,78,131,130,38,52,132,94,66,86,126,137,17,13,18,109,0,119,67,46,30
65,138,98,30,14,109,144,42,86,128,64,105,107,100,58,77,31,74,46,33,40,75,133,0,13,27,83,104,142,41,63,127,124,15,78,28,114,149,108,18,95,52,103,79,51,57,97,111,93,87,53,39,7,118,137,99,59,113,11,130,49,61,112,134,37,17,140,9,47,106,54,5,19,132,26,3,81,147,24,94,73,101,120,38,92,60,8,116,71,43,143,119,68,4,85,16,115,56,117,62,82,66,91,1,88,25,136,50,141,148,102,70,22,2,69,29,55,44,21,123,84,135,110,90,96,146,122,126,125,34,35,20,36,129,48,131,145,89,10,72,12,67,32,121,6,76,80,139,23,45
14,49,35,114,115,93,70,124,118,89,145,86,105,61,41,73,6,17,116,108,126,8,15,71,16,68,128,54,38,137,76,40,5,84,117,39,4,80,132,121,52,78,83,43,82,129,88,12,56,47,149,3,107,119,72,98,23,44,123,10,90,30,19,142,9,111,112,27,103,51,28,21,138,102,32,2,91,133,42,92,50,18,97,62,59,110,0,26,11,22,25,55,67,77,34,53,58,31,139,7,85,20,147,60,74,130,100,146,13,1,134,48,87,99,37,148,24,136,144,57,122,63,36,104,69,95,127,106,29,120,75,109,64,141,66,81,143,131,125,65,101,96,113,79,33,140,45,94,135,46
73,128,40,3,41,141,69,91,117,86,101,54,19,137,37,139,87,57,129,90,14,99,89,85,7,97,109,46,122,74,77,32,6,4,33,25,148,60,50,36,115,1,8,9,20,102,27,136,51,104,145,59,24,21,100,28,107,80,88,30,138,84,64,112,83,81,63,34,44,23,48,38,42,119,123,126,92,62,124,56,94,11,43,16,103,55,65,67,134,149,39,108,130,93,58,131,95,15,142,133,70,143,22,2,135,17,0,79,110,61,5,105,75,82,31,118,98,114,106,116,78,111,47,13,113,72,120,121,140,68,147,144,52,127,71,35,49,29,96,18,45,125,132,53,26,12,76,10,66,146
142,65,71,81,116,110,33,98,38,45,148,57,36,115,120,56,80,114,136,58,67,89,138,47,146,133,102,12,22,4,26,68,31,122,96,105,15,63,59,147,40,85,44,99,10,3,135,60,90,141,86,25,27,66,49,140,95,118,43,100,108,119,0,28,113,92,129,137,13,104,103,48,134,61,75,2,62,41,111,101,124,77,144,76,19,117,74,30,88,93,32,131,37,8,17,14,82,5,139,106,97,73,94,55,50,1,132,24,143,11,46,29,9,23,39,145,34,69,91,109,35,125,64,18,121,127,20,53,107,72,84,79,128,21,54,51,42,123,87,52,16,130,126,149,83,112,7,6,70,78
55,38,28,46,5,74,27,125,18,68,58,133,82,57,102,139,33,3,127,9,81,128,61,36,51,7,130,121,54,100,118,116,131,136,146,124,23,44,137,132,140,6,70,109,135,113,15,119,122,30,92,13,12,114,17,108,19,56,142,35,117,134,144,40,20,1,29,26,71,76,4,145,73,48,126,106,78,64,24,34,83,143,94,65,69,77,80,97,141,103,148,62,87,123,43,85,107,104,37,11,2,101,89,53,149,16,96,42,59,105,72,115,138,63,75,21,99,98,41,67,47,79,110,111,39,0,49,120,95,50,45,32,93,66,112,60,129,14,147,25,88,10,90,91,84,52,31,86,22,8
70,117,82,98,48,112,0,85,128,74,24,143,36,137,81,54,16,23,69,87,134,111,32,34,132,67,22,52,139,79,18,72,114,45,3,83,147,102,119,59,148,103,96,77,146,42,6,61,129,28,21,33,105,144,63,124,17,93,64,110,58,11,80,131,35,140,92,126,40,104,90,44,113,65,86,7,9,94,107,121,38,2,84,12,55,46,116,108,8,62,29,75,60,49,10,109,123,145,136,106,25,1,71,19,4,142,149,66,15,95,141,41,68,56,51,73,37,27,88,57,39,122,53,115,127,91,100,31,30,47,101,26,138,99,118,89,50,125,97,120,14,135,78,20,43,13,76,133,130,5
65,11,74,108,61,15,34,149,111,146,0,103,42,44,58,92,55,105,107,83,104,106,63,48,95,110,148,116,86,78,39,114,85,102,19,47,57,9,22,77,81,2,125,52,100,133,130,29,113,3,87,30,112,101,67,54,141,72,28,88,137,49,135,120,73,134,7,6,20,45,91,35,121,12,10,145,122,59,21,56,99,132,32,13,144,139,124,136,17,37,31,4,126,71,76,38,51,79,90,62,140,89,147,69,109,60,138,24,142,117,53,94,131,66,96,127,5,82,27,16,68,97,40,84,128,1,18,64,115,43,8,70,14,23,25,46,36,119,123,118,33,143,80,93,26,50,98,41,75,129
68,80,87,97,9,132,139,56,2,25,63,88,5,52,104,33,11,111,24,145,91,135,58,136,127,44,12,53,131,84,77,126,32,62,124,73,42,15,64,49,93,108,103,115,147,54,8,112,146,37,43,38,140,130,137,106,101,92,85,99,118,79,34,114,51,72,95,50,116,123,149,98,7,67,65,89,100,21,134,55,144,94,1,119,39,17,142,4,30,23,109,36,28,69,148,40,138,105,27,121,29,82,31,47,129,18,81,78,128,3,57,60,96,20,143,14,59,46,74,26,141,110,113,41,13,86,125,83,16,10,90,45,6,22,133,35,76,66,70,107,75,0,61,71,122,120,48,102,117,19
134,123,100,84,34,138,3,101,141,133,131,80,65,93,4,149,81,106,103,120,18,74,111,17,37,64,30,57,33,96,89,36,59,46,147,66,43,67,68,52,129,58,9,12,70,77,2,146,22,79,109,45,56,83,16,125,90,132,108,126,15,122,61,73,14,24,38,25,31,116,41,102,128,13,39,7,104,97,75,135,119,27,72,117,118,144,145,71,62,21,20,112,92,35,98,78,32,148,86,105,1,91,85,49,137,28,130,143,69,88,47,29,23,107,6,0,142,115,26,54,114,5,60,10,40,42,50,140,82,95,19,110,127,51,76,63,53,139,121,11,136,55,94,48,99,8,124,113,87,44
148,72,141,47,57,10,53,104,19,79,63,115,84,40,13,6,45,142,44,145,95,2,50,105,76,91,144,59,18,69,28,37,22,26,126,35,16,98,116,103,88,146,54,23,62,135,71,99,67,36,74,137,139,12,9,140,97,149,133,131,42,89,78,136,68,51,24,112,125,1,56,61,43,58,134,102,0,33,129,75,81,80,119,64,130,38,86,32,85,143,30,117,34,49,60,31,127,83,113,29,52,101,5,118,65,25,100,106,46,122,120,14,3,7,128,90,93,4,41,108,107,11,8,77,70,96,92,82,20,138,123,39,55,48,17,87,27,109,124,66,121,147,73,21,15,110,114,94,111,132
64,126,24,2,118,38,85,26,57,75,6,11,96,149,28,140,93,81,105,129,114,108,13,73,133,145,54,111,45,20,89,59,141,134,37,62,50,95,101,53,94,46,58,125,90,142,55,35,110,69,102,23,91,130,70,49,135,25,36,147,92,124,67,132,137,40,47,1,127,17,122,7,104,74,48,0,44,138,65,143,83,15,39,14,139,4,5,19,43,100,8,16,9,60,12,51,33,115,30,117,146,66,31,119,82,136,87,22,72,120,112,123,128,106,86,52,63,10,68,61,3,107,97,103,148,131,78,144,27,116,29,99,34,88,41,79,18,80,71,98,76,32,42,109,121,56,113,21,77,84
21,13,10,136,89,35,20,58,30,122,23,109,24,71,29,41,149,120,52,60,1,8,126,83,137,114,59,108,102,73,143,148,22,19,69,145,31,97,70,6,49,78,132,42,125,130,25,101,4,75,66,118,43,18,37,33,12,99,129,39,74,95,36,85,106,124,94,63,123,0,51,28,15,77,3,79,133,131,26,32,141,110,127,90,104,68,121,107,67,16,87,53,146,140,44,80,81,14,96,7,17,86,54,56,117,105,61,84,64,93,48,111,5,65,38,55,57,113,135,116,100,82,27,91,134,62,11,92,112,47,147,115,138,98,76,40,103,128,139,46,9,34,50,2,72,45,144,119,88,142
24,110,28,148,75,118,59,42,141,88,20,117,107,112,43,135,3,63,25,133,130,94,8,33,122,12,108,81,1,50,11,23,29,5,82,136,121,102,129,127,74,111,48,90,13,44,66,76,27,64,22,145,128,10,53,116,49,137,40,51,46,98,140,4,104,7,84,95,34,131,58,52,72,14,144,87,41,61,92,105,85,54,30,55,37,73,142,38,126,65,125,138,106,134,26,21,9,115,120,86,143,89,39,97,149,114,15,113,109,17,83,99,35,71,69,93,80,45,31,19,147,132,91,47,119,57,60,139,70,146,124,96,68,62,16,56,36,103,18,101,2,6,77,0,79,32,123,78,100,67
44,23,147,70,96,140,55,8,94,100,45,9,27,5,4,64,82,149,61,65,109,128,1,81,90,10,87,49,13,3,135,110,92,63,117,0,15,40,131,72,112,30,24,75,113,12,79,6,118,31,20,103,32,136,125,77,123,127,7,47,89,14,115,17,126,34,2,122,142,137,111,60,54,18,133,98,53,19,25,67,91,105,43,51,56,57,62,37,71,99,120,38,46,93,129,121,108,68,52,104,21,145,146,139,97,74,119,148,26,73,106,102,88,48,85,22,84,83,35,114,39,11,29,116,66,50,101,134,95,69,59,132,80,138,124,36,28,42,78,130,144,58,33,107,16,141,76,41,143,86
16,5,137,118,0,50,114,106,30,83,98,3,10,123,78,144,141,9,42,95,132,96,52,85,101,56,41,142,72,146,97,102,116,125,105,18,104,12,117,64,44,31,49,22,55,77,33,91,57,86,23,17,87,1,147,6,100,79,135,32,74,29,89,69,90,103,99,115,128,40,126,53,94,39,58,107,68,63,119,80,113,111,60,67,84,35,122,25,61,133,38,92,138,120,76,70,139,46,66,43,145,81,73,71,11,7,54,21,131,19,93,127,51,124,65,149,140,82,20,129,2,112,148,110,28,48,15,75,4,14,47,136,8,59,45,62,143,24,36,27,26,88,108,13,34,121,37,130,109,134
84,15,40,57,98,46,29,23,41,26,115,86,104,100,81,5,119,6,138,125,1,129,82,128,72,143,120,65,121,117,74,93,144,102,113,13,68,38,91,50,71,36,133,42,32,116,59,92,99,35,78,123,54,79,17,55,19,69,67,34,83,89,105,48,21,107,103,122,11,77,110,44,58,20,94,118,96,12,43,141,2,136,140,97,24,66,22,53,33,109,31,88,51,90,8,27,37,39,132,52,124,80,127,126,3,108,25,16,114,111,75,61,131,85,145,56,62,9,45,60,64,134,95,10,47,87,28,63,76,139,14,135,142,106,130,149,70,146,101,147,4,30,49,137,0,73,112,7,18,148
44,31,6,128,18,89,75,77,123,46,66,16,33,124,72,130,149,15,58,25,143,121,64,120,95,3,98,1,119,60,127,10,5,114,69,2,0,131,23,56,73,100,85,55,146,109,88,24,92,97,8,62,20,47,137,49,90,86,59,142,71,112,48,106,40,50,13,91,68,108,111,125,78,129,26,35,84,107,99,110,7,51,21,76,65,30,70,54,41,19,139,138,42,126,96,83,105,57,9,14,147,12,36,45,28,117,63,61,17,79,4,93,81,116,101,11,145,39,133,53,38,115,132,122,113,134,37,135,32,43,102,144,27,34,87,140,80,29,148,103,141,118,67,52,104,22,74,82,94,136
93,62,95,28,47,7,41,82,80,146,133,84,136,92,128,87,74,148,85,145,12,126,105,115,123,2,51,39,97,16,36,104,54,113,130,44,37,61,27,25,99,21,107,35,56,129,20,1,81,117,149,144,23,40,116,124,73,108,30,147,63,143,103,32,83,137,18,42,71,22,66,31,109,139,79,8,119,29,52,125,45,120,78,24,142,69,19,6,132,121,106,75,88,3,101,138,118,58,60,111,10,59,140,0,26,9,65,72,38,96,13,43,53,102,15,110,127,57,86,94,114,135,100,46,131,64,67,11,68,76,122,4,98,134,48,49,77,50,17,5,33,90,70,91,141,14,34,55,112,89
57,77,3,148,138,121,112,85,127,67,117,66,79,18,107,44,144,63,58,11,6,109,28,59,130,115,71,4,111,24,29,118,124,32,125,141,68,22,80,123,36,56,16,145,54,47,101,7,87,78,15,39,49,61,126,10,52,17,33,82,65,122,40,51,26,34,60,45,23,25,70,147,116,19,50,31,13,96,91,133,86,64,55,108,72,94,142,75,53,139,14,106,140,2,134,27,38,119,62,1,136,98,100,103,104,5,69,110,20,84,89,93,149,137,46,92,129,105,35,146,88,128,99,114,9,90,102,135,83,95,120,30,113,76,21,8,131,97,12,41,42,81,48,74,37,143,73,0,43,132
77,126,134,132,123,79,136,58,118,2,108,59,70,6,21,102,124,57,73,139,141,46,82,138,114,47,72,19,105,5,89,35,62,80,95,42,101,30,107,128,146,147,121,84,25,27,56,120,103,99,144,44,76,96,23,93,148,113,104,117,142,53,49,37,9,15,38,125,50,41,90,20,115,24,26,110,18,145,0,10,52,122,97,85,135,64,4,92,86,40,109,14,22,69,7,66,112,12,94,29,60,149,1,137,129,13,106,127,63,54,31,17,61,71,75,55,111,133,45,3,140,51,130,43,16,88,143,34,39,28,68,67,48,74,119,91,78,83,100,81,98,87,65,36,116,33,131,32,8,11
87,98,112,146,108,36,129,18,82,45,32,58,90,17,71,50,66,115,107,62,67,116,46,19,89,31,78,39,28,124,147,11,130,22,73,8,51,97,103,138,3,70,9,104,33,24,127,109,6,49,126,134,91,100,21,16,69,56,114,14,68,80,41,136,23,55,15,113,42,72,131,118,5,121,52,93,37,61,77,43,133,94,0,65,106,88,1,12,76,4,102,140,59,63,128,60,34,135,25,117,143,35,83,26,75,132,29,101,144,139,111,110,2,122,13,123,48,74,38,64,148,96,27,141,125,137,86,20,95,79,119,10,105,92,85,57,99,30,81,54,47,7,145,84,53,149,44,142,40,120
88,136,149,27,100,31,42,84,19,83,7,53,64,63,35,92,131,69,57,22,76,55,38,139,108,49,142,20,45,4,119,47,10,59,109,67,137,87,56,32,46,1,106,85,21,99,140,41,0,97,73,132,117,8,5,29,72,34,103,133,2,16,51,124,104,94,110,26,105,116,60,89,96,141,40,123,23,112,135,134,11,48,14,70,25,145,91,126,43,102,129,107,39,28,121,81,12,30,65,130,79,128,18,93,24,95,13,75,3,62,50,111,9,120,90,66,122,58,68,114,86,113,36,33,54,44,82,148,6,118,144,146,101,127,37,80,147,78,52,71,143,98,61,17,15,125,138,77,115,74
139,13,10,148,26,40,78,36,145,57,84,3,59,100,7,48,8,56,85,130,37,9,16,142,96,32,91,68,94,90,51,88,107,23,62,60,27,38,64,113,50,21,89,63,101,28,137,72,116,103,70,133,17,134,52,128,45,138,54,129,49,6,25,136,4,65,75,117,111,120,123,112,149,73,41,19,74,109,31,11,118,115,35,119,22,76,69,33,98,66,5,102,105,53,2,99,127,106,104,71,110,14,47,0,147,141,1,144,121,77,126,122,135,43,87,15,58,44,146,80,55,92,140,125,124,93,131,143,95,34,24,82,83,29,97,114,30,12,18,81,67,86,46,39,61,42,79,132,20,108
74,50,70,6,76,37,48,109,28,60,13,16,79,45,23,98,93,144,95,121,30,125,73,38,136,41,149,33,9,21,68,51,116,103,55,94,110,5,18,64,133,34,123,141,82,77,90,119,27,7,143,36,24,59,2,112,131,86,85,142,100,8,97,29,43,108,91,14,80,83,126,4,61,135,88,128,19,66,49,115,106,57,1,139,138,134,130,127,81,46,65,113,124,107,32,105,44,0,35,122,117,42,53,25,75,120,101,3,111,118,140,56,78,67,72,148,26,137,99,58,31,62,12,52,69,129,114,54,71,47,92,15,132,39,104,145,102,147,10,87,84,146,11,17,20,40,63,89,22,96
75,63,84,12,98,131,81,8,118,25,71,99,23,55,30,120,140,18,26,53,44,13,102,87,146,115,135,10,144,22,83,97,0,68,105,117,148,93,141,89,45,6,88,24,62,35,66,40,46,67,123,3,42,11,111,94,73,5,29,41,77,64,106,85,1,127,78,125,145,134,129,43,108,34,36,112,110,113,28,14,92,116,2,82,51,107,16,136,65,79,32,7,143,54,128,109,9,39,80,69,86,31,70,27,72,50,139,21,49,20,122,61,137,130,138,58,121,119,142,47,48,4,149,100,90,52,19,15,56,124,59,37,95,91,74,76,104,33,57,96,60,38,103,114,101,133,17,126,132,147
91,108,50,118,87,43,98,138,0,55,64,101,123,129,71,8,22,57,68,79,147,94,120,4,143,1,111,78,109,24,40,7,60,82,130,139,84,20,56,133,135,131,126,72,95,30,70,46,53,42,15,65,149,104,47,115,67,128,25,5,93,44,54,145,144,59,103,39,77,31,80,13,137,142,51,33,63,49,74,99,26,73,29,141,21,48,97,148,110,90,14,58,114,10,83,127,45,18,85,146,32,113,38,100,81,41,96,11,140,105,3,132,119,66,52,19,2,27,134,34,121,9,86,36,89,69,125,106,124,35,136,88,17,37,16,107,92,6,116,12,75,102,76,117,23,61,122,62,28,112
67,81,20,103,0,10,121,104,110,15,120,70,124,53,7,64,148,66,102,44,80,145,100,90,127,49,126,144,75,38,42,95,30,34,132,146,112,123,136,29,106,26,131,147,55,84,135,115,114,105,45,88,86,65,116,12,14,4,56,32,6,52,137,35,72,107,74,89,71,27,61,98,93,63,119,78,5,19,21,51,68,11,130,36,128,39,18,69,46,91,109,97,76,50,82,79,92,96,2,111,99,117,140,58,87,31,60,83,37,25,73,122,101,3,22,16,108,48,85,41,28,43,1,24,125,138,133,142,77,54,141,40,13,118,9,149,33,129,143,47,94,134,59,8,62,57,17,113,139,23
6,110,85,14,137,128,74,102,56,114,46,41,77,149,133,148,121,42,35,113,98,97,94,132,117,136,62,80,5,26,106,68,139,58,12,37,140,40,72,79,19,143,78,89,0,76,31,18,20,21,50,67,8,82,91,138,22,112,3,28,116,108,120,81,11,131,123,55,13,69,109,10,25,115,124,130,90,33,73,4,9,145,16,48,70,57,7,47,146,105,86,30,129,119,45,32,64,87,71,95,61,122,49,135,92,63,111,54,2,142,88,38,29,15,17,23,53,52,39,24,127,107,84,83,99,118,51,134,96,104,27,43,101,103,60,147,75,126,66,125,93,65,34,141,59,1,44,100,36,144
52,147,50,128,76,126,22,132,129,42,60,101,28,1,111,124,113,79,65,40,24,11,27,114,102,83,20,31,116,112,62,3,103,135,73,148,29,53,134,70,49,82,130,8,105,23,104,85,100,109,88,87,72,30,69,107,9,47,32,44,131,141,67,0,123,145,37,43,16,75,81,78,14,122,48,5,74,71,86,144,143,84,63,21,117,59,46,94,25,119,12,149,115,97,120,15,17,121,93,39,7,137,56,133,10,4,18,106,96,90,41,57,92,138,95,51,54,66,139,77,64,55,45,19,35,98,38,146,110,136,125,33,142,58,68,36,6,118,80,2,99,127,91,13,108,89,140,61,34,26
46,19,5,52,103,91,86,117,141,54,101,16,128,73,149,13,30,1,120,79,12,20,3,15,58,116,127,122,23,74,119,37,96,60,81,113,142,44,111,118,108,63,85,6,93,77,28,29,110,146,114,140,47,134,14,129,136,11,148,138,145,66,102,50,34,100,33,0,133,56,17,18,42,22,10,109,144,137,124,8,25,90,72,106,89,35,76,131,31,48,27,39,99,55,32,69,21,95,112,98,36,68,41,67,130,94,51,88,53,2,132,4,40,123,143,82,83,75,49,57,84,125,97,92,26,135,107,126,9,62,80,115,43,87,45,59,24,71,105,38,64,147,104,139,121,61,7,70,65,78
76,79,29,75,120,133,59,72,90,114,91,128,115,144,74,41,93,48,22,81,73,23,51,9,0,45,68,145,63,118,131,8,97,88,98,126,35,1,109,110,58,38,44,49,17,61,21,116,4,77,24,28,82,10,18,65,107,124,96,53,33,125,3,34,12,143,139,50,111,140,123,141,100,138,66,30,43,149,32,69,6,130,36,20,137,113,71,70,46,132,52,127,129,147,106,86,117,11,85,31,40,99,78,104,146,134,108,92,27,67,95,37,103,105,60,136,148,135,122,39,7,112,89,26,13,121,101,25,54,14,119,42,64,80,57,5,47,94,142,56,84,83,102,15,16,87,62,55,19,2
144,118,17,55,31,98,132,80,83,60,136,142,85,127,39,28,124,100,69,64,1,92,54,38,101,115,102,130,149,53,43,65,23,33,147,4,106,15,27,91,35,78,14,10,125,16,135,126,113,6,3,117,131,104,105,21,40,2,107,86,97,84,46,93,140,44,114,79,32,22,141,26,73,34,67,88,121,94,133,8,56,20,9,89,128,119,76,13,50,11,7,75,99,145,29,5,138,0,96,57,48,116,122,74,110,41,129,49,63,112,120,47,37,19,146,72,30,95,62,81,24,90,77,103,134,139,70,123,71,109,82,148,66,51,25,36,87,45,18,58,143,12,108,68,111,61,52,137,59,42
57,43,117,52,68,70,141,124,103,26,44,137,11,125,12,128,144,55,64,53,89,36,85,37,8,0,25,92,148,42,115,71,63,56,126,147,122,74,116,79,102,2,62,58,49,31,34,95,142,66,107,28,133,54,112,139,24,76,132,82,94,77,113,123,127,131,69,108,91,88,99,104,27,84,98,78,39,114,23,119,33,61,80,46,9,10,109,22,45,143,19,110,146,30,121,136,48,140,20,5,86,75,81,90,59,14,50,130,73,4,65,29,129,18,97,105,135,7,118,17,101,134,138,38,51,60,1,87,145,13,32,83,6,72,40,106,16,67,47,96,100,41,120,149,35,111,93,3,15,21
95,102,149,73,20,123,13,15,145,21,72,109,64,18,27,56,68,80,3,5,103,55,28,138,121,106,9,45,0,46,76,113,114,75,42,120,39,35,124,107,70,134,1,140,50,16,33,146,69,83,139,11,144,65,99,81,110,67,62,77,66,74,93,94,6,22,87,26,85,37,129,115,4,82,51,112,135,44,148,32,119,147,89,108,17,79,34,29,63,10,43,143,142,71,116,96,38,127,7,49,19,88,54,60,104,25,117,111,100,41,12,61,36,48,57,136,133,131,24,132,128,137,23,101,122,97,31,30,126,58,118,53,91,84,125,141,59,2,92,86,47,90,130,105,78,8,98,40,52,14
129,21,109,88,13,106,23,101,147,128,57,86,96,117,43,63,73,9,146,94,46,6,148,60,126,69,42,91,34,143,110,82,58,71,31,98,72,102,55,64,10,12,8,38,145,68,76,97,28,85,78,120,77,122,29,142,15,100,95,56,80,89,121,14,74,132,16,104,2,25,47,118,22,107,61,134,50,93,54,45,99,84,11,18,105,138,66,40,53,131,51,135,149,144,139,62,133,30,114,124,83,65,19,26,7,103,5,49,27,44,90,20,108,119,32,33,79,111,48,3,125,112,75,17,127,113,37,36,39,41,123,70,81,136,24,137,130,141,4,52,35,115,59,140,87,67,92,1,0,116
109,28,89,10,149,74,80,51,3,11,48,115,24,6,132,43,52,58,63,135,50,4,123,21,18,14,38,84,95,100,131,103,40,15,119,91,143,65,122,35,54,66,31,39,37,97,73,106,9,64,104,82,125,26,33,62,147,27,78,8,75,112,139,60,148,146,92,0,113,79,69,55,67,70,86,13,128,114,127,25,93,12,22,30,137,36,105,133,76,96,111,59,87,126,117,2,46,16,110,29,145,138,129,142,71,140,124,94,7,42,99,81,88,101,5,23,34,108,120,98,141,49,20,1,56,17,53,45,144,136,102,32,44,19,134,47,61,118,68,57,77,72,90,41,130,107,121,85,116,83
147,70,49,102,80,86,127,62,39,20,15,61,88,76,81,66,96,14,93,38,47,116,107,52,24,73,139,94,64,31,79,75,65,58,63,95,137,141,121,29,56,110,67,9,5,21,12,32,13,85,100,149,97,109,45,89,7,54,112,148,92,142,46,83,90,34,41,131,72,3,91,119,143,87,123,55,144,59,145,71,43,133,82,19,111,101,69,126,23,113,135,10,138,2,130,1,16,28,124,8,136,99,11,36,134,77,98,50,103,26,42,108,60,35,57,0,44,120,40,17,104,53,18,37,68,132,122,27,4,33,48,146,115,74,118,84,117,6,25,22,106,78,114,30,125,105,140,128,129,51
141,131,67,63,15,25,81,80,144,114,52,32,91,70,45,123,55,115,142,93,60,146,83,133,27,122,126,2,41,57,68,10,137,130,116,127,5,31,8,104,135,29,90,22,49,71,121,147,1,98,62,103,43,143,108,84,59,47,106,113,12,42,118,24,139,79,102,36,73,149,23,86,75,109,13,21,140,101,69,74,148,9,46,132,6,14,40,107,99,51,111,76,18,66,138,105,39,145,77,0,134,34,56,96,72,44,100,35,119,97,7,4,64,136,87,124,78,20,117,61,50,37,129,85,53,94,88,26,82,110,120,3,54,48,112,95,17,38,11,125,33,65,92,128,30,16,28,58,89,19
109,93,12,21,16,34,133,4,138,129,141,68,99,20,7,101,8,5,65,98,104,148,92,55,19,84,46,61,103,30,43,52,70,42,77,35,31,145,49,50,28,33,147,85,54,80,97,119,57,130,126,107,142,102,124,127,17,22,24,144,78,81,2,76,112,13,87,113,86,136,100,131,134,120,11,32,149,60,38,139,74,108,1,105,135,69,37,117,106,111,26,3,114,123,95,143,25,56,36,90,137,48,18,79,128,58,125,39,62,72,116,44,45,67,63,64,66,121,29,71,83,115,75,15,6,27,0,94,91,14,53,73,140,89,40,96,59,41,110,122,47,9,23,51,118,82,132,88,146,10
1,70,22,5,45,138,26,136,141,59,28,23,44,115,122,68,33,11,84,75,134,74,13,21,116,58,3,100,51,148,145,18,126,123,112,125,111,46,106,12,78,64,9,60,16,15,50,56,88,101,93,104,57,120,94,29,86,131,41,67,108,19,102,87,73,90,42,31,127,89,63,25,72,133,79,129,105,97,121,142,99,20,52,61,118,39,43,109,76,54,24,91,37,82,113,85,98,36,40,80,7,35,17,144,96,49,77,130,30,55,14,110,66,32,47,107,65,10,143,137,149,0,117,4,53,132,103,119,27,62,124,146,83,139,81,135,69,34,147,140,6,92,128,8,48,2,71,38,95,114
87,63,5,50,86,18,77,102,49,147,143,60,32,39,70,43,131,56,34,96,106,103,149,54,92,115,51,125,90,9,82,117,26,57,14,30,24,113,61,129,58,101,7,112,45,35,108,65,10,83,67,128,41,0,99,64,84,109,25,12,11,148,133,110,146,95,46,69,121,38,6,137,116,122,52,124,142,22,13,93,31,73,126,145,139,123,130,29,85,81,55,78,48,66,120,19,132,15,37,59,16,74,135,47,105,17,36,71,136,134,76,91,62,79,3,80,72,40,88,1,53,33,89,27,140,4,97,98,144,107,8,104,21,20,119,94,68,2,118,138,28,141,100,111,44,114,75,23,42,127
1,47,48,91,2,44,21,6,102,99,19,95,129,124,78,136,33,103,138,105,130,88,126,101,142,109,55,69,96,28,71,45,133,128,94,56,42,31,37,11,12,67,79,145,148,59,89,63,140,77,32,85,49,39,74,29,149,72,106,40,87,14,61,115,73,46,141,111,18,116,125,117,36,50,134,0,114,76,82,10,62,144,13,132,23,135,43,83,7,123,108,113,75,53,57,58,68,38,131,104,27,70,120,122,107,121,20,146,5,35,93,80,64,17,15,119,3,118,24,26,60,34,97,110,66,51,25,16,137,98,22,147,127,30,4,41,9,100,139,86,143,8,112,81,54,65,90,52,84,92
20,144,94,142,56,53,134,96,5,106,44,39,109,136,77,47,61,15,104,111,11,68,99,147,89,27,49,14,26,73,64,130,19,7,28,46,140,114,120,69,145,123,21,54,36,125,108,100,110,133,107,105,18,78,129,90,34,62,13,146,6,43,148,59,24,138,35,92,4,63,32,79,117,128,103,51,37,82,42,29,85,57,17,12,95,30,60,67,74,66,98,0,84,8,23,122,137,86,113,88,16,72,9,33,102,31,83,41,112,141,22,2,52,116,71,124,58,10,91,135,75,50,93,115,118,3,45,70,126,119,76,40,132,139,87,25,101,81,131,80,149,121,55,38,127,48,143,1,65,97
137,138,99,5,61,62,132,0,122,113,124,80,42,2,53,110,57,60,125,14,89,96,93,145,12,28,22,70,4,26,97,78,92,27,115,67,120,63,136,131,71,129,30,140,114,47,118,38,44,143,10,19,16,87,20,7,66,34,117,112,94,64,74,82,68,8,95,107,49,102,35,32,45,72,52,40,130,11,85,121,119,59,54,36,128,55,135,65,3,79,31,56,50,6,146,69,73,58,86,41,33,77,84,90,105,91,17,104,103,51,25,133,1,23,46,116,100,109,139,21,13,98,43,76,141,142,75,149,81,101,18,106,29,127,88,111,37,147,83,126,15,48,123,108,148,24,9,134,144,39
51,30,40,112,109,136,56,148,8,61,115,29,73,94,104,133,67,105,35,100,13,88,34,21,17,125,71,128,3,139,137,134,143,59,103,79,131,126,82,45,96,78,26,9,72,65,37,85,39,11,108,141,91,53,58,81,144,66,116,18,121,102,10,129,89,147,132,4,149,76,113,119,106,47,86,43,15,140,22,52,16,54,93,57,0,74,28,2,5,142,77,38,46,114,25,33,60,23,27,6,146,69,42,50,1,99,20,118,36,83,48,111,98,124,63,120,24,41,64,62,70,145,55,117,110,87,90,107,95,7,80,123,101,135,92,84,127,14,31,68,75,97,32,138,130,12,44,19,122,49
59,63,48,26,19,6,17,129,115,102,64,140,70,130,29,32,7,53,107,73,141,34,33,44,69,128,24,138,56,80,35,76,87,50,15,41,105,95,23,118,71,131,145,78,62,52,61,18,98,111,20,85,38,58,147,14,8,91,109,112,89,67,127,148,122,83,144,22,12,47,114,2,1,25,110,82,142,143,36,10,88,57,84,11,94,54,126,136,28,146,90,60,132,121,74,99,97,125,30,42,55,108,86,135,103,137,93,119,149,65,4,75,3,113,27,5,72,117,139,133,96,46,21,0,106,120,134,68,101,9,123,66,49,124,40,43,104,51,79,81,116,45,37,39,92,13,100,77,31,16
17,104,20,97,134,127,41,136,26,8,83,58,15,50,46,137,75,9,84,60,93,72,147,125,36,2,43,99,0,33,100,113,63,5,76,79,117,108,31,122,124,94,74,132,88,16,21,62,119,70,106,121,64,4,67,142,149,52,7,78,3,45,86,82,116,22,23,143,135,101,115,130,131,105,29,71,44,1,61,111,138,98,37,47,140,28,103,40,102,92,120,25,12,85,56,96,66,144,114,65,69,11,10,59,14,53,6,42,38,30,133,51,123,32,118,39,107,91,95,80,77,128,55,68,87,24,57,109,145,19,48,81,89,34,27,18,13,129,126,110,90,148,35,146,54,112,141,73,49,139
30,91,84,125,77,1,5,3,46,43,13,93,60,16,100,7,107,45,145,89,128,40,139,42,116,106,109,149,57,133,136,123,35,20,105,28,76,8,68,82,112,147,97,19,12,65,129,70,4,22,34,130,124,148,131,31,102,78,117,52,135,115,75,88,24,87,55,141,50,85,132,21,62,142,23,2,103,49,86,119,15,94,61,38,114,111,104,95,48,143,25,96,137,51,72,10,47,113,14,138,110,32,79,122,0,54,108,64,9,90,37,118,127,92,80,69,83,53,27,59,140,74,11,99,121,120,26,63,71,33,98,66,101,67,39,73,58,81,144,6,126,36,44,134,17,29,41,18,146,56
57,68,132,89,123,25,65,33,83,5,27,53,50,148,37,61,54,63,67,107,129,17,82,140,48,45,4,24,113,141,44,99,143,126,38,110,43,84,131,95,21,32,104,71,66,23,3,147,34,124,86,35,8,70,142,6,136,30,73,103,119,19,125,80,31,92,87,101,138,36,117,79,121,108,58,149,81,122,12,111,42,91,7,134,22,0,127,62,146,118,93,98,115,106,56,15,59,39,26,90,114,49,135,137,40,11,52,13,78,16,41,46,9,94,77,2,105,64,96,18,10,144,139,130,128,109,75,120,88,74,76,60,69,14,20,55,28,145,72,102,29,85,47,1,133,97,51,100,116,112
136,127,74,79,18,125,97,3,1,87,135,101,41,96,102,149,17,58,148,10,138,142,72,109,110,28,82,128,117,113,54,2,50,93,51,24,16,19,8,46,30,40,132,139,48,73,111,7,44,71,99,103,60,36,26,57,56,121,78,86,62,12,94,141,145,43,120,85,39,77,9,89,83,112,116,140,69,25,38,31,21,49,122,68,29,134,106,13,15,92,100,0,27,63,65,66,6,76,133,20,108,115,107,129,52,70,32,81,118,143,126,91,47,114,4,35,14,88,11,45,130,84,5,105,33,42,144,61,104,124,53,23,123,75,67,64,95,137,90,80,59,119,55,131,147,34,37,146,22,98
28,91,9,15,42,61,29,95,64,78,7,112,75,38,136,83,49,98,13,33,140,94,56,52,55,130,134,120,124,0,3,68,133,23,122,35,114,145,2,26,121,149,113,79,46,144,1,142,118,47,89,43,41,131,111,103,73,72,100,107,36,128,143,85,86,70,53,102,119,141,31,21,125,45,67,132,139,5,117,88,16,11,20,37,106,25,44,108,66,60,99,82,62,57,63,18,81,126,10,116,84,137,135,50,96,51,92,19,71,74,24,87,54,30,12,110,77,101,69,32,104,14,146,39,129,123,22,105,147,115,80,59,4,109,97,8,76,148,65,90,138,6,93,27,34,48,17,40,127,58
121,39,63,59,8,97,114,36,71,127,110,104,139,56,106,96,32,105,83,68,118,107,147,135,108,144,34,6,45,5,65,48,111,40,21,28,25,125,17,49,116,93,80,31,24,38,73,79,149,20,11,126,77,42,14,134,137,99,101,87,43,91,120,12,119,53,70,146,123,58,7,46,82,33,74,78,95,76,26,16,1,50,102,55,103,10,35,9,47,37,90,30,124,141,75,140,52,27,94,0,89,132,133,115,22,19,138,2,54,18,112,98,60,85,23,130,143,66,148,4,15,100,3,44,113,41,84,88,142,51,67,13,81,129,69,122,64,131,86,61,72,136,117,57,29,128,109,62,145,92
19,138,88,0,68,106,28,12,115,26,51,118,14,100,49,59,6,98,15,11,84,70,110,124,130,114,61,63,21,54,97,24,25,79,136,82,80,56,44,104,119,33,38,64,22,113,120,85,30,131,17,62,27,91,8,7,58,74,3,145,34,5,146,105,101,134,36,35,40,107,71,29,140,112,109,125,93,41,95,48,69,55,143,129,77,66,121,81,76,141,16,142,99,75,45,72,135,78,10,46,102,18,137,13,96,117,133,1,139,94,2,149,4,116,132,39,37,122,126,31,57,67,53,23,65,103,43,90,128,111,89,148,52,47,87,144,147,73,60,108,127,50,20,86,42,9,123,83,92,32
139,101,122,106,32,69,75,13,16,138,89,66,79,42,64,39,77,74,38,25,58,2,47,88,56,149,140,142,43,3,28,23,15,115,120,80,29,111,113,129,44,48,21,92,34,104,107,59,116,54,141,125,8,83,70,41,102,33,18,82,10,85,9,148,109,17,73,114,147,68,136,27,105,35,57,7,145,97,12,127,130,108,19,50,60,31,36,65,118,30,71,90,24,123,63,135,6,91,86,146,78,5,22,40,132,72,96,55,133,61,117,126,131,100,87,52,99,62,112,0,119,26,67,93,134,121,128,94,46,98,51,76,84,53,49,20,137,95,110,143,37,144,81,103,4,14,124,11,1,45
13,88,117,121,120,102,15,32,65,11,136,7,55,70,49,52,111,119,59,145,97,110,128,28,26,42,147,64,24,131,79,21,9,85,37,77,38,5,141,58,133,33,86,105,112,114,72,118,83,126,127,54,43,135,50,93,51,36,143,14,92,23,146,73,76,69,80,94,57,148,106,137,100,46,66,3,75,91,53,18,1,6,123,107,12,4,99,138,84,35,129,95,74,101,71,103,48,109,19,82,132,108,125,2,140,67,40,8,149,44,130,62,31,81,29,20,96,134,47,98,61,27,104,115,63,90,17,144,45,41,122,68,139,56,10,60,113,0,39,142,30,89,25,87,34,124,22,116,78,16
16,3,94,122,26,118,145,65,69,117,109,87,56,116,133,61,60,125,121,30,71,104,36,66,92,136,82,110,100,141,147,90,75,54,52,18,57,11,45,42,32,23,146,76,14,12,19,107,29,97,2,85,81,68,43,20,72,140,99,13,6,7,58,40,41,21,93,46,70,4,51,17,77,67,8,119,138,59,144,124,24,142,62,88,101,106,98,103,50,126,25,91,111,89,86,38,33,148,73,63,35,139,105,130,78,137,120,37,9,123,127,74,80,143,5,47,79,39,48,1,96,108,113,128,135,55,27,0,131,114,134,95,53,84,129,34,10,112,22,44,115,149,102,49,83,28,15,64,31,132
64,131,129,135,23,107,2,61,37,51,91,148,50,70,52,73,95,25,103,19,28,15,33,104,109,35,81,3,125,12,55,84,74,93,31,54,65,85,67,63,20,115,96,128,100,10,145,106,80,17,113,40,75,117,27,124,14,59,120,60,94,114,68,62,111,71,89,24,118,147,143,47,38,46,39,5,8,77,26,9,58,41,133,102,36,42,144,146,32,140,16,87,53,78,90,21,11,136,121,137,108,7,116,48,76,112,45,141,88,149,126,6,119,69,86,110,139,83,101,105,72,92,34,22,4,132,79,56,123,130,98,97,30,57,1,0,18,142,13,127,122,82,44,99,49,43,29,138,134,66
91,42,27,46,48,47,126,57,85,18,34,70,75,66,17,138,140,124,102,145,128,78,104,137,136,33,107,64,132,6,123,4,54,25,103,69,24,144,125,62,53,50,76,43,112,127,41,68,26,36,77,146,100,143,94,56,141,101,9,134,111,149,139,61,1,3,93,87,0,92,90,98,5,23,45,8,71,29,86,10,28,55,97,99,11,118,59,65,35,7,119,105,110,83,122,82,89,133,30,15,19,60,106,135,38,129,121,12,49,21,81,63,80,67,142,73,72,16,22,108,113,88,52,147,117,20,115,2,79,95,114,13,58,130,37,74,120,148,96,31,39,44,40,131,51,32,116,84,109,14
141,45,70,10,101,21,129,108,121,44,22,99,39,26,142,30,37,117,85,105,118,91,41,102,94,60,79,66,56,33,3,88,149,15,84,72,35,32,109,5,145,71,54,115,78,48,68,116,52,74,2,31,11,20,135,89,6,76,73,9,13,138,130,120,67,146,64,12,36,133,122,49,112,82,132,137,0,42,100,75,57,14,28,7,77,148,63,107,113,83,126,131,50,123,90,8,87,53,1,139,134,93,147,86,127,43,16,69,106,119,51,65,114,29,18,58,111,59,128,125,95,34,62,110,61,17,4,27,103,19,46,81,40,96,38,140,80,97,143,92,55,47,24,144,124,98,104,25,23,136
126,110,30,145,140,49,29,2,111,120,17,8,114,24,38,139,75,136,147,81,40,22,89,85,115,47,46,41,103,130,133,63,116,44,82,138,73,21,65,28,43,35,91,93,137,127,64,118,69,23,56,119,48,90,99,100,95,25,27,101,77,141,87,66,13,15,107,86,125,9,11,62,97,71,57,51,52,36,32,5,20,45,10,143,96,146,78,3,122,14,92,123,144,132,26,4,79,109,104,70,142,105,129,83,58,54,80,67,33,112,18,88,6,53,102,98,94,12,50,121,124,76,68,61,106,39,72,84,1,37,113,108,42,60,0,134,16,19,128,34,7,59,55,31,117,148,131,135,74,149
57,133,54,85,36,53,120,40,55,146,141,75,149,79,42,77,37,113,7,19,134,109,107,103,30,5,136,27,127,59,97,32,1,71,143,91,61,140,43,132,115,142,74,94,106,76,0,102,89,10,96,60,81,148,38,23,145,108,80,128,118,48,22,117,124,17,99,67,20,33,105,47,82,39,56,135,31,29,58,45,63,51,122,46,3,26,73,138,87,137,25,64,2,6,41,125,98,35,44,66,65,72,34,11,12,16,126,8,129,92,49,13,139,90,110,21,69,101,78,83,88,50,123,111,104,24,114,119,121,147,93,95,62,4,144,130,9,68,100,70,116,14,18,86,15,131,52,112,84,28
139,13,116,147,106,113,15,49,6,40,11,87,130,136,53,115,143,121,3,37,84,43,86,56,142,105,78,100,83,16,107,128,54,79,72,80,29,27,104,81,19,85,90,22,66,69,2,46,98,74,117,65,97,119,52,111,70,62,99,122,120,10,5,135,59,114,55,4,132,60,138,24,8,102,38,145,149,58,23,51,14,39,126,0,41,92,61,101,134,64,44,36,9,1,89,123,20,88,146,129,131,67,109,32,125,68,12,73,35,33,42,94,108,71,25,133,28,91,124,141,77,127,21,50,137,140,103,63,112,47,57,7,110,96,34,95,48,75,30,18,31,144,17,76,26,45,82,148,118,93
111,12,14,0,82,1,26,143,126,39,110,51,136,79,28,17,34,74,103,29,68,107,89,124,105,56,47,16,132,104,36,59,123,23,106,140,138,62,69,22,95,70,58,3,27,129,35,18,38,61,131,46,65,127,85,43,90,53,101,67,128,52,120,86,92,98,15,20,45,9,121,55,84,118,80,134,142,63,30,109,100,41,133,141,37,148,135,137,117,144,77,130,116,21,13,24,66,146,73,44,32,88,149,122,91,115,96,71,112,114,99,147,87,4,7,50,93,5,6,75,94,19,8,49,97,25,139,125,57,40,78,83,76,108,102,54,2,31,48,11,64,119,10,145,33,81,60,72,113,42
56,117,136,27,77,122,138,93,81,4,86,62,40,140,60,52,80,139,112,146,148,3,129,88,34,13,65,142,22,35,15,0,70,55,66,12,103,67,14,43,92,98,119,90,82,79,120,33,42,74,50,20,96,45,10,38,124,49,127,91,37,72,84,144,78,26,1,63,99,11,53,25,133,149,69,17,76,68,126,24,21,113,19,30,5,123,94,111,83,128,18,23,107,114,61,64,134,6,39,46,47,130,89,41,31,135,105,115,116,145,125,106,29,54,141,48,85,36,2,71,51,9,75,58,87,110,131,73,109,32,8,28,59,104,95,137,108,143,101,100,132,147,44,7,57,118,97,121,102,16
32,108,71,128,101,94,47,92,36,44,111,30,147,33,135,67,65,43,127,37,20,79,52,99,87,29,51,131,142,85,14,78,149,143,23,132,114,49,26,6,10,119,21,22,86,145,105,95,64,106,15,69,57,70,125,73,81,16,112,4,93,45,59,42,83,74,102,123,56,76,39,80,66,84,113,116,5,41,146,55,48,0,122,117,104,9,115,13,137,61,140,35,17,103,54,97,72,8,126,141,58,7,11,68,148,144,118,96,53,25,107,3,62,138,129,31,1,100,120,88,98,134,109,60,110,34,91,2,89,24,18,82,133,136,38,77,121,139,40,124,50,12,46,63,130,75,90,19,27,28
26,124,107,1,147,130,128,111,116,93,123,133,74,64,82,80,132,91,58,3,85,69,44,142,92,42,136,61,71,47,137,73,143,122,67,96,12,120,88,19,59,66,25,131,77,36,39,121,62,125,87,65,17,127,37,99,0,53,51,140,72,7,34,21,32,55,94,63,24,14,81,115,141,112,56,22,90,119,31,10,101,109,6,110,57,35,38,102,144,43,50,40,27,86,60,139,118,145,48,146,13,100,16,30,149,54,126,41,108,23,135,52,104,2,68,11,148,70,28,33,5,79,98,138,134,49,4,78,97,18,105,114,8,117,89,75,29,76,45,106,113,103,84,20,83,46,129,15,9,95
14,50,88,6,83,30,8,91,42,51,121,22,138,60,130,102,58,129,46,119,97,52,28,79,33,113,149,1,140,122,117,19,55,89,35,115,11,74,90,13,132,65,144,112,136,27,10,63,111,76,49,147,92,70,82,41,31,21,43,9,61,106,109,57,68,20,86,67,135,96,54,38,72,45,131,80,99,39,17,142,44,84,125,126,139,123,98,145,116,81,134,141,4,56,0,59,15,37,128,3,12,101,104,73,16,93,78,137,47,48,146,107,64,75,29,118,95,114,143,100,62,124,53,5,24,18,108,36,120,105,32,25,66,87,26,71,103,94,69,133,34,148,127,40,77,7,85,2,23,110
81,46,113,83,2,10,122,57,125,107,103,74,141,11,8,124,117,33,121,79,9,118,36,67,25,133,148,47,95,98,101,66,70,92,0,149,59,71,129,93,50,61,132,116,120,78,68,17,38,14,65,52,69,56,42,39,108,26,88,114,43,86,106,85,110,60,127,22,44,13,87,15,76,63,82,89,28,30,140,19,32,136,115,104,41,143,134,90,130,23,142,123,27,100,96,48,62,45,24,144,1,34,75,54,131,77,72,135,137,20,29,7,112,91,58,21,18,64,51,147,128,99,31,138,12,6,4,111,35,119,3,105,37,5,73,145,55,102,94,80,146,16,53,139,109,84,40,49,97,126
40,8,6,47,119,87,64,48,147,133,82,111,136,1,78,55,13,45,101,125,95,145,85,80,105,9,43,81,71,91,89,35,23,54,58,15,34,112,27,37,38,139,74,56,123,28,103,19,143,33,131,92,24,32,96,100,20,59,79,61,114,97,107,129,109,124,36,118,120,90,130,83,53,60,41,110,134,126,128,148,75,122,70,94,121,93,10,25,113,84,3,30,51,108,76,21,0,132,67,17,57,5,98,135,11,115,50,29,65,62,26,88,117,116,137,149,138,72,4,63,140,127,99,2,102,141,73,49,104,46,22,16,146,144,44,14,52,142,77,69,106,66,18,12,31,7,86,68,39,42
37,29,96,110,61,90,18,115,130,137,14,35,85,148,124,122,108,47,114,15,46,121,40,22,100,111,28,128,65,58,21,77,80,116,142,135,87,147,42,118,19,26,98,6,8,140,33,2,9,12,84,73,57,60,52,141,41,93,62,3,5,45,106,10,38,107,39,112,31,129,4,70,126,138,25,81,75,32,120,76,16,143,102,136,51,55,23,133,125,144,139,88,1,64,59,145,63,97,20,101,95,91,71,68,119,74,34,127,109,48,89,132,113,82,103,54,99,117,79,50,36,146,67,149,66,86,7,13,123,134,0,43,69,49,30,92,56,131,83,94,24,17,27,53,105,78,104,44,11,72
145,43,99,28,76,98,127,11,54,100,59,143,95,136,9,96,122,90,58,32,31,94,119,75,44,40,34,63,117,24,39,78,103,93,68,16,132,137,116,51,22,83,101,69,27,67,97,82,64,129,42,144,146,110,4,134,49,13,71,50,91,3,60,36,138,72,45,38,126,149,111,14,102,55,105,61,109,65,86,106,84,20,88,56,48,120,108,135,10,121,73,113,140,118,7,23,35,53,130,6,85,141,12,80,77,0,1,133,21,18,47,19,70,2,125,128,17,57,66,142,124,123,89,115,46,41,30,29,114,33,92,139,107,148,8,5,112,25,104,131,147,37,81,62,26,52,15,79,87,74
41,3,64,5,17,26,125,113,12,122,115,75,61,50,77,145,25,114,67,120,57,135,14,21,87,142,78,144,108,124,69,32,79,76,49,7,37,141,126,45,55,134,70,19,123,48,10,23,36,81,58,146,65,74,147,46,98,43,54,132,84,116,8,60,73,94,118,95,136,90,138,16,103,104,119,4,110,128,117,102,28,105,121,11,97,130,27,66,83,89,34,96,129,71,82,85,112,140,106,62,139,15,52,51,0,40,107,44,56,101,131,35,42,18,133,1,91,29,30,80,72,100,22,39,6,2,63,99,9,143,137,13,31,68,53,109,86,149,59,92,24,88,47,148,38,111,33,127,20,93
147,95,8,36,11,43,29,122,140,15,92,68,118,127,46,81,63,128,19,103,100,107,30,72,9,65,83,125,7,132,26,149,5,144,45,87,138,96,98,69,79,71,23,31,51,123,61,110,58,139,117,119,111,141,116,0,47,101,77,102,32,104,89,39,131,126,41,17,38,60,2,50,130,115,99,24,12,133,28,112,105,106,86,114,78,73,3,129,93,134,56,145,142,75,109,35,62,90,4,76,108,64,88,14,22,135,10,91,52,20,42,1,48,49,94,137,59,148,121,18,55,70,37,57,97,82,66,25,21,27,120,136,44,113,13,40,54,84,33,74,16,80,124,85,53,146,67,34,6,143
130,25,119,11,8,39,19,137,20,93,143,24,41,42,78,91,62,23,17,27,13,29,92,146,37,84,79,135,49,16,81,21,114,70,127,94,100,80,144,3,120,123,109,30,131,6,5,45,118,101,65,9,56,36,60,85,71,58,128,1,86,63,122,88,4,149,14,83,115,53,139,136,75,31,112,0,38,98,66,148,140,46,132,102,133,138,126,110,33,44,59,47,107,67,97,104,105,2,145,10,90,61,54,22,43,134,28,52,57,129,111,69,32,64,82,51,121,12,40,76,103,7,95,96,106,87,124,99,116,89,73,142,15,55,117,68,34,77,35,50,72,141,108,113,48,26,18,125,147,74
44,84,67,127,111,95,72,77,52,5,90,136,25,89,42,106,82,6,71,76,64,66,11,45,33,78,17,133,114,50,3,32,58,22,87,93,36,142,43,29,113,18,100,130,34,26,63,60,8,104,134,59,15,99,1,109,145,21,129,126,110,39,2,128,146,23,16,56,48,10,55,47,79,37,148,46,68,7,19,131,54,65,49,101,139,141,62,12,57,119,81,53,28,86,125,9,83,61,123,107,94,97,40,103,13,75,85,115,24,121,73,149,147,117,120,132,116,137,144,51,143,92,27,138,112,41,35,96,80,30,118,98,105,140,122,102,124,0,38,88,74,31,69,70,108,14,91,135,4,20
126,28,21,119,100,122,112,85,68,2,14,110,30,0,133,149,87,103,146,22,25,123,134,81,147,34,132,51,124,86,52,47,107,7,60,142,109,66,46,10,98,6,5,45,77,44,92,75,15,56,130,31,33,19,97,55,104,76,49,43,67,35,141,88,115,120,129,139,73,20,79,71,78,50,62,145,113,111,118,99,38,95,26,12,137,148,63,138,64,29,117,127,11,40,84,13,48,135,23,94,3,16,125,144,90,83,58,80,39,65,17,143,72,1,61,36,101,89,18,37,116,91,9,57,128,4,105,114,32,42,24,108,74,121,131,8,59,93,82,70,41,96,140,27,69,54,136,106,53,102
122,57,88,28,36,82,77,40,121,25,49,27,0,98,137,17,12,109,43,38,42,138,6,21,48,71,31,147,4,113,56,65,29,131,120,20,114,33,84,23,19,129,37,72,53,118,108,128,74,63,70,95,50,143,146,149,24,34,73,35,100,101,127,22,85,2,96,5,97,15,144,140,30,141,83,54,45,51,68,111,52,66,44,9,16,103,59,107,62,142,124,136,133,32,145,14,102,90,76,41,60,7,13,58,47,130,135,46,123,92,115,110,93,8,11,126,119,106,148,105,79,80,91,55,78,125,104,86,67,87,39,94,81,134,18,75,61,26,64,99,89,132,117,10,112,69,139,3,116,1
55,143,110,131,118,84,48,148,146,47,122,25,96,49,41,116,144,89,112,52,115,109,0,29,9,17,15,81,10,59,64,125,45,98,97,117,33,2,34,107,1,124,140,8,95,13,104,31,147,88,27,120,141,94,83,103,87,22,142,121,39,67,105,138,100,20,12,23,68,128,123,71,3,113,86,127,145,92,6,93,32,58,21,36,90,80,133,14,111,76,130,74,60,70,50,26,85,40,63,53,72,4,37,5,57,91,82,24,43,102,11,51,54,77,28,106,56,149,99,35,30,38,114,136,73,139,18,134,62,137,79,66,46,44,75,69,126,19,135,119,7,101,78,65,108,132,16,129,42,61
98,65,143,127,123,67,130,97,91,28,64,133,144,10,22,17,20,104,7,23,45,86,102,69,37,111,115,13,26,131,70,9,40,57,76,99,83,56,41,92,108,51,128,94,35,77,109,149,43,11,145,78,105,0,88,147,82,33,122,72,125,16,21,110,120,141,52,107,101,46,121,148,103,3,74,42,89,119,47,55,87,12,139,19,5,140,2,68,96,34,112,38,118,116,95,27,36,62,49,124,132,146,61,58,81,25,90,93,135,100,32,106,6,117,84,48,113,138,71,114,50,75,39,73,31,79,63,24,59,44,85,14,134,136,80,4,18,142,126,15,29,66,53,137,1,8,60,54,129,30
141,30,28,50,130,18,66,4,56,41,52,136,39,13,0,113,29,117,83,38,37,70,105,46,12,142,143,15,116,72,137,121,36,132,73,140,114,1,47,40,22,7,133,103,20,32,21,92,144,108,57,90,23,134,10,61,54,14,53,118,122,104,115,94,102,128,127,146,138,69,2,93,119,63,17,5,148,120,74,95,11,31,26,78,97,85,34,82,126,6,149,49,124,84,44,101,62,27,147,68,71,111,48,64,96,65,100,99,76,112,19,77,123,80,145,3,67,43,45,33,98,55,8,91,24,35,107,58,79,139,51,42,129,25,89,88,110,75,106,87,125,59,86,16,81,131,9,60,109,135
