0,1,2,3,4,5,6,7,8,9,10,11,12,13,14,15,16,17,18,19,20,21,22,23,24,25,26,27,28,29,30,31,32,33,34,35,36,37,38,39,40,41,42,43,44,45,46,47,48,49,50,51,52,53,54,55,56,57,58,59,60,61,62,63,64,65,66,67,68,69,70,71,72,73,74,75,76,77,78,79,80,81,82,83,84,85,86,87,88,89,90,91,92,93,94,95,96,97,98,99
49,81,19,38,96,10,65,6,7,21,97,32,88,86,63,5,75,54,26,77,39,76,94,61,84,78,92,1,51,17,80,9,90,46,60,70,93,91,8,56,45,47,67,36,74,44,4,29,72,85,58,68,99,71,30,40,41,27,57,25,20,42,0,59,87,23,79,13,50,16,83,24,12,28,55,18,34,66,33,31,52,64,35,2,69,22,73,82,98,37,62,14,43,95,15,53,11,3,89,48
27,18,2,33,29,89,57,83,64,39,73,22,12,36,11,71,54,16,4,91,42,93,13,47,44,98,72,35,25,7,63,30,5,32,17,94,20,37,14,99,61,9,1,41,19,74,10,67,45,0,8,78,59,24,52,81,60,15,28,65,51,66,48,46,68,58,34,53,62,86,43,55,82,77,87,21,95,40,56,69,49,31,90,80,23,96,38,6,75,79,88,76,3,26,84,70,92,50,85,97
22,28,1,80,11,37,73,34,90,42,29,41,81,0,57,60,25,31,46,66,6,3,35,87,53,24,26,5,85,96,56,7,55,51,88,63,69,49,95,67,36,40,12,13,64,33,58,43,17,77,97,98,4,52,10,30,68,72,50,93,59,18,38,47,9,94,62,23,21,91,39,45,71,2,76,15,65,20,44,82,86,84,32,92,8,89,14,54,70,74,19,48,27,75,16,99,61,83,79,78
52,71,4,24,0,62,66,21,3,22,85,83,91,76,69,55,79,19,11,49,41,31,43,35,93,1,12,7,99,75,10,38,26,45,9,64,5,16,47,60,98,27,44,88,70,14,86,20,48,59,39,94,25,54,13,84,92,74,30,37,28,51,89,56,73,61,95,80,67,63,65,29,58,40,15,46,90,36,17,6,50,34,33,32,53,96,68,81,23,87,42,8,72,82,78,57,77,2,18,97
29,80,97,43,35,45,56,34,41,13,90,24,58,19,23,92,8,39,64,42,53,75,66,77,36,4,61,68,52,15,2,85,16,46,1,0,65,38,7,26,57,93,48,6,86,60,27,25,22,91,99,63,49,98,3,82,55,31,40,59,72,62,33,47,44,20,37,11,76,10,70,14,94,89,95,32,9,81,28,18,88,12,67,71,84,5,30,96,73,21,83,51,87,78,54,50,69,79,17,74
6,72,47,89,78,82,35,90,92,46,18,79,21,25,86,17,32,73,96,10,9,2,7,65,63,48,75,22,0,55,37,34,69,4,84,44,74,56,1,66,98,52,43,15,99,5,50,80,36,76,24,11,93,59,70,14,16,64,20,8,39,54,51,68,49,26,81,31,91,42,12,3,41,83,23,60,33,28,53,85,19,27,97,87,67,77,38,57,61,94,30,95,40,62,88,71,29,13,58,45
0,90,34,13,54,4,65,87,55,82,38,69,71,94,61,9,52,97,7,67,95,74,99,77,10,33,51,72,31,84,88,49,8,3,21,81,83,75,92,59,43,96,29,53,35,40,25,24,68,50,41,18,79,12,60,42,37,16,17,14,86,64,32,62,36,44,85,30,19,26,89,27,57,46,66,78,91,1,20,23,6,39,28,76,56,98,58,5,93,70,73,80,47,2,22,63,45,48,15,11
70,7,15,69,0,74,18,75,46,97,63,80,22,10,43,86,88,38,8,58,98,17,94,55,81,95,60,31,44,41,71,37,19,72,89,64,92,57,40,9,5,73,68,26,59,79,16,33,76,23,77,42,30,35,50,28,96,99,93,87,53,12,11,83,84,65,78,54,67,32,91,48,85,21,45,36,51,25,56,1,29,6,14,2,27,52,34,3,4,13,61,66,39,82,47,20,24,49,90,62
65,84,37,74,69,40,3,78,94,38,33,28,76,27,45,24,20,26,10,88,29,48,91,75,87,46,42,4,9,15,17,72,14,93,86,77,59,47,58,35,80,0,96,32,67,21,82,52,44,66,34,56,25,1,19,11,13,31,90,60,70,97,79,53,6,71,39,92,23,64,18,68,55,12,50,41,83,98,7,54,2,81,63,51,89,73,61,57,95,43,22,16,85,99,36,30,49,62,8,5
45,67,73,54,15,25,43,62,19,79,0,21,1,57,65,46,52,72,42,66,6,11,35,64,85,99,50,49,95,38,34,87,74,94,8,39,51,69,93,10,47,58,63,16,68,26,23,44,84,40,82,33,76,7,37,18,12,27,56,17,91,55,97,30,41,90,77,14,9,61,28,83,80,59,2,29,48,5,89,20,78,70,86,53,75,92,4,36,98,31,71,13,88,3,22,96,81,24,32,60
42,80,67,77,75,23,39,1,8,29,15,57,61,84,70,5,19,46,85,44,41,51,64,35,10,94,17,38,87,26,36,14,59,6,72,50,74,0,48,83,9,56,69,37,88,31,73,82,62,95,91,86,18,79,66,7,81,58,68,65,49,60,13,54,2,3,52,21,99,33,97,92,93,55,96,30,71,16,63,28,43,22,89,20,90,27,45,53,24,47,11,98,12,78,76,25,40,4,34,32
11,78,60,6,40,74,31,49,92,1,64,12,26,50,76,63,87,61,8,54,95,16,23,62,71,66,27,29,13,96,73,33,93,30,45,58,42,4,39,10,72,51,22,20,17,97,19,2,44,9,77,5,79,81,18,68,91,53,41,34,88,56,47,89,55,32,67,59,90,70,94,37,57,28,24,15,84,48,7,38,80,0,25,52,98,75,82,35,83,85,99,14,36,21,86,46,69,43,65,3
15,99,16,2,11,82,54,12,78,7,27,0,32,88,87,39,50,26,41,65,83,4,63,30,3,56,45,93,35,92,77,96,84,95,76,64,13,31,44,18,70,97,34,25,5,21,60,52,9,62,28,53,74,22,48,98,37,17,85,8,6,47,57,90,80,59,55,1,19,61,49,94,43,71,33,89,79,51,29,10,68,67,20,86,72,42,73,91,38,14,40,69,81,66,46,36,24,58,75,23
46,95,73,6,83,91,3,84,72,47,98,48,82,35,5,7,39,85,76,37,32,12,14,23,97,70,79,57,30,80,92,28,77,1,26,2,87,42,66,52,55,40,24,56,36,81,9,17,74,50,71,89,22,44,10,58,94,4,88,25,0,68,38,63,33,49,75,34,67,69,64,19,90,60,11,31,15,54,86,61,43,65,78,20,59,45,8,29,62,99,53,27,96,13,93,21,41,51,18,16
17,32,19,26,87,67,71,65,86,42,29,82,80,81,83,96,54,63,60,74,15,76,46,85,37,24,57,66,70,47,95,31,43,59,90,56,84,16,1,18,50,52,68,99,20,79,92,40,88,48,97,13,27,8,38,14,45,22,78,94,62,89,6,72,12,44,34,4,30,0,5,9,39,55,53,11,28,75,23,73,77,33,10,49,25,64,98,3,7,41,93,61,2,35,58,69,36,21,51,91
53,29,59,21,83,43,58,60,77,81,97,51,55,99,0,45,63,23,84,32,74,89,50,86,54,40,16,1,7,6,41,65,44,19,14,78,57,2,90,9,98,15,47,48,13,72,94,34,5,39,56,3,36,25,87,88,26,27,73,95,22,82,35,24,4,30,64,93,46,12,49,76,68,67,61,96,20,92,91,75,85,38,37,79,18,71,8,11,80,66,69,42,28,31,62,33,17,52,70,10
92,68,30,7,1,51,90,39,18,65,88,69,80,36,83,62,45,63,6,67,53,5,2,33,25,70,42,66,14,64,56,58,27,41,82,3,81,76,78,32,74,9,4,43,94,29,35,97,95,75,11,77,54,47,72,46,96,60,10,73,16,40,50,49,13,48,98,0,34,87,37,91,79,26,89,24,61,71,99,44,15,59,22,85,84,52,86,55,38,23,17,93,19,20,21,28,57,12,31,8
28,30,88,52,4,87,20,21,48,51,40,78,62,91,96,49,13,80,58,43,74,99,32,34,73,64,25,85,9,10,37,66,81,57,1,36,56,67,54,33,16,31,5,53,86,97,61,92,22,90,76,38,84,18,79,14,77,8,50,7,42,59,46,60,55,41,17,82,65,2,26,72,12,70,23,93,75,63,71,47,89,15,94,45,98,95,24,29,68,3,83,44,0,39,19,6,35,27,11,69
68,50,99,72,55,64,3,32,37,49,58,48,60,11,14,24,52,33,61,15,41,67,6,23,21,10,85,75,87,0,45,12,9,93,96,54,66,94,22,17,84,81,13,47,53,27,19,91,89,51,7,62,4,80,5,98,20,70,31,97,28,8,71,74,36,18,38,79,34,73,25,40,16,86,30,43,39,92,57,83,35,63,29,1,88,44,95,46,77,76,56,2,59,78,65,82,69,90,42,26
17,96,26,49,20,10,55,82,50,70,44,67,24,98,13,94,2,9,95,64,46,23,87,81,40,79,6,97,62,83,19,39,86,47,21,16,27,69,15,78,61,75,99,68,34,48,76,51,91,14,71,60,84,38,80,73,92,3,42,1,72,35,4,52,45,22,56,41,5,65,28,93,66,59,77,58,25,0,11,7,31,29,30,12,37,33,36,8,57,89,85,32,43,63,90,54,74,18,53,88
99,23,16,17,45,81,34,1,79,8,89,76,91,70,69,51,24,40,19,38,2,96,31,27,15,92,49,28,61,64,52,54,97,4,44,83,20,6,95,59,75,39,77,7,43,22,68,84,41,36,21,25,88,46,71,65,0,58,5,72,11,74,47,26,90,55,50,53,66,13,10,63,73,33,14,56,86,9,32,78,30,80,93,48,18,82,85,60,29,98,3,87,35,42,94,67,12,57,62,37
24,6,29,85,36,63,83,66,69,75,90,60,58,32,86,57,27,14,89,88,61,80,74,23,11,5,72,35,19,33,87,68,45,48,40,34,95,8,31,51,81,41,7,20,2,70,44,16,42,77,49,28,38,92,52,18,59,84,50,65,53,79,98,17,26,13,73,97,94,91,99,21,25,78,47,22,62,96,3,15,10,93,43,82,71,37,1,30,0,4,39,55,56,76,64,9,46,12,67,54
14,2,19,94,84,26,81,40,93,91,73,87,69,39,0,78,6,79,99,21,98,70,5,53,17,16,83,23,28,35,51,8,38,43,30,64,15,57,12,4,31,88,10,76,36,18,97,82,89,45,62,49,7,1,77,72,66,86,52,61,71,46,92,24,20,25,54,67,41,90,74,37,42,60,9,48,27,59,80,33,34,68,29,63,95,44,47,13,96,65,58,75,50,22,56,32,85,11,3,55
30,73,26,6,81,69,31,21,77,32,37,0,49,23,38,93,13,27,35,98,90,67,34,64,19,29,33,79,82,22,54,57,92,40,56,59,50,25,86,41,43,85,9,46,28,39,87,68,53,16,80,62,72,12,60,91,97,70,45,24,65,84,71,44,7,96,99,89,58,51,55,78,48,18,36,74,17,75,61,4,11,20,52,14,47,66,95,63,3,76,88,10,94,15,2,5,42,83,8,1
1,65,60,52,27,53,55,22,98,28,64,76,31,56,4,36,16,41,90,79,81,32,69,13,49,99,91,45,62,59,77,38,83,63,68,50,57,54,73,44,37,58,3,9,5,92,94,84,87,86,70,17,18,88,47,20,43,80,61,74,51,75,97,7,6,15,11,48,21,8,30,95,2,96,12,82,26,72,89,93,23,40,66,33,25,0,42,85,71,39,19,29,34,46,78,35,14,67,24,10
23,91,50,89,83,21,92,1,22,37,47,49,61,81,33,26,90,71,41,63,48,69,43,10,0,73,66,25,82,84,56,75,78,4,46,98,39,18,17,6,58,64,20,52,97,8,40,68,70,2,79,65,99,31,30,76,44,55,35,57,34,12,88,77,27,7,72,36,87,38,13,67,15,9,14,94,59,96,32,5,53,45,11,95,85,3,62,28,93,80,60,24,86,51,74,54,16,29,19,42
56,54,55,86,15,28,75,52,60,87,72,21,13,30,20,5,57,29,82,14,41,73,61,63,62,6,7,49,95,3,38,80,79,68,69,70,88,94,76,47,83,18,37,59,34,36,1,12,10,31,50,19,96,51,46,84,26,81,8,98,25,77,67,66,35,40,39,42,33,97,0,58,2,44,91,23,17,89,4,65,27,90,92,45,64,93,43,24,78,53,48,22,9,32,16,99,71,74,11,85
66,1,16,45,14,4,40,86,23,97,3,64,37,21,58,74,32,96,71,11,44,30,89,34,19,68,36,79,7,61,93,17,78,87,81,91,33,69,52,28,38,31,26,98,76,5,22,2,49,42,55,43,53,73,8,85,82,50,24,56,75,25,6,27,0,9,46,51,83,59,13,88,12,94,77,72,92,18,99,20,15,57,84,60,65,29,48,47,63,70,62,54,10,90,39,41,80,35,67,95
54,96,57,84,98,60,81,94,48,24,27,40,4,30,12,44,67,92,26,49,11,63,5,19,21,0,73,43,36,35,99,65,20,10,33,1,80,62,82,6,71,52,72,34,89,45,46,97,47,14,78,75,28,39,18,29,51,58,55,50,13,59,53,83,79,74,37,16,3,69,86,22,95,25,23,31,64,9,8,42,38,7,68,87,91,41,15,56,2,61,76,70,88,85,32,66,17,90,77,93
11,84,15,62,57,27,40,91,17,66,30,43,59,28,77,38,26,75,98,18,87,99,58,73,64,46,21,32,72,37,88,76,86,12,80,68,44,55,95,90,53,23,96,42,85,54,2,78,4,52,29,97,33,51,13,71,56,10,61,94,89,69,49,67,31,25,48,5,41,70,24,19,14,93,1,39,22,81,7,6,65,8,35,34,47,60,9,16,82,36,63,92,74,3,45,83,0,50,79,20
51,42,76,99,93,74,79,66,61,18,22,67,41,23,44,69,65,87,13,64,63,53,90,33,50,24,58,6,96,1,4,0,10,38,12,11,19,48,73,47,82,39,5,98,60,86,8,37,56,75,72,36,7,29,54,70,71,40,77,88,9,91,80,94,43,68,15,52,26,32,25,97,46,83,3,95,14,57,16,85,55,21,45,59,30,34,89,49,92,27,81,20,62,78,84,28,31,35,2,17
98,66,78,48,44,18,46,19,58,60,29,25,10,61,26,67,24,11,69,79,75,72,88,93,49,15,1,39,70,7,95,32,68,77,85,83,82,0,94,89,23,43,35,52,91,8,4,62,92,73,36,74,71,33,5,41,84,3,56,57,50,17,37,99,45,53,81,28,38,42,97,6,16,2,20,14,76,90,31,86,80,55,54,34,40,12,64,30,63,13,21,51,87,59,96,9,27,22,65,47
41,60,32,84,38,46,22,97,28,27,34,13,59,92,37,18,54,20,4,63,12,56,17,49,94,78,95,30,87,15,99,72,75,80,9,45,58,74,69,11,35,47,51,39,19,50,14,43,36,5,73,7,48,61,70,2,42,40,31,8,53,21,65,44,91,25,52,93,85,98,16,23,0,10,89,24,66,82,62,67,83,90,76,77,57,6,55,79,29,26,71,1,68,81,86,33,88,3,64,96
40,41,45,64,87,54,44,76,98,84,63,18,90,16,67,30,75,15,79,47,39,62,73,14,89,36,8,11,83,28,60,32,42,68,48,9,27,24,26,46,17,93,82,10,71,53,95,52,49,58,66,12,70,5,0,34,96,91,37,31,33,22,55,61,99,81,4,3,6,85,23,2,94,21,97,92,43,72,78,7,13,57,80,74,51,69,38,50,56,65,20,29,35,88,19,77,1,86,59,25
60,53,20,90,27,15,84,70,23,69,79,32,7,96,86,81,49,57,95,92,19,25,59,64,43,21,73,6,58,12,26,91,74,1,45,89,13,0,18,2,9,68,50,85,88,52,29,8,80,42,14,78,99,41,48,63,24,94,35,30,22,40,36,37,16,54,97,65,82,98,77,51,10,93,44,5,72,71,31,28,17,38,4,62,75,56,34,33,83,76,66,67,61,87,55,39,11,3,46,47
15,28,94,86,46,27,45,5,54,74,1,34,20,26,11,89,90,69,3,12,40,63,78,61,79,8,56,59,48,7,43,70,17,65,64,67,18,44,42,91,16,76,93,73,22,51,14,25,53,75,96,50,82,21,0,55,6,87,77,88,13,80,68,19,41,99,83,71,32,38,72,37,2,95,24,84,92,31,35,4,62,85,9,47,30,36,66,39,10,57,98,60,97,33,52,58,29,23,49,81
24,88,48,97,80,91,89,21,23,87,92,32,1,61,44,15,12,76,30,70,90,65,69,6,95,25,46,35,38,3,67,63,22,79,10,39,42,7,45,78,84,43,5,82,13,98,62,20,99,28,68,16,96,27,86,74,36,34,29,4,31,0,49,8,19,47,37,72,81,55,56,54,66,52,71,2,51,77,11,17,26,40,94,85,18,75,33,59,57,93,50,83,9,60,73,53,14,41,64,58
58,0,83,81,35,41,20,51,56,2,16,7,95,87,52,57,71,59,84,48,61,17,74,85,23,22,32,10,55,73,77,96,80,33,27,44,91,11,13,53,82,75,6,18,4,63,42,29,12,49,70,45,90,40,30,39,8,97,62,50,54,28,78,1,47,26,94,88,89,68,14,31,93,15,69,36,98,9,38,19,66,86,46,72,64,76,60,21,37,34,5,99,43,65,3,92,67,79,25,24
10,44,42,6,65,54,71,97,4,27,67,93,61,90,63,88,91,39,30,32,69,79,80,33,34,16,47,13,94,75,82,22,0,55,99,72,31,26,46,21,96,14,73,20,11,66,36,64,81,25,57,38,60,18,49,19,89,24,74,48,58,86,51,50,62,37,98,70,77,35,28,87,56,3,9,45,95,29,85,92,41,59,52,15,5,8,17,7,1,43,84,40,76,78,68,12,2,23,83,53
77,64,45,36,14,99,68,12,44,10,26,19,35,86,62,97,95,13,82,46,79,72,66,3,57,6,30,94,67,39,61,87,25,7,56,59,88,41,89,52,49,69,1,51,50,65,16,47,63,96,48,75,0,85,9,32,58,84,76,53,83,4,93,92,37,21,78,31,5,24,90,34,17,70,29,74,2,40,23,33,73,81,80,54,18,55,60,91,15,28,38,43,27,20,11,71,98,8,42,22
34,65,59,32,28,82,91,60,86,55,50,90,23,2,54,53,5,12,85,68,96,95,1,64,97,16,63,35,92,44,89,48,70,11,84,20,3,57,52,69,62,26,72,94,87,19,66,36,0,30,21,49,78,46,51,25,10,40,14,43,75,41,45,7,17,81,38,37,6,79,18,24,8,67,93,99,71,56,88,83,98,74,47,9,61,15,27,42,80,76,29,31,22,4,13,77,39,73,58,33
88,89,60,19,15,52,72,26,97,70,81,47,80,85,42,39,79,24,90,64,41,58,73,27,76,69,29,40,78,93,13,71,74,8,30,12,33,83,37,77,34,68,63,48,11,18,0,61,46,99,4,10,32,87,6,98,28,17,51,16,66,21,38,36,3,55,49,82,84,22,44,53,94,25,56,91,54,14,65,1,75,7,59,96,2,67,9,45,5,20,62,35,43,95,86,50,31,23,92,57
62,48,55,82,57,40,73,10,67,72,74,68,50,63,96,95,53,30,13,21,61,41,98,20,46,44,51,6,29,25,69,7,2,60,89,79,8,35,87,80,22,1,91,24,12,3,54,39,99,90,70,4,11,71,52,14,0,19,81,18,31,65,43,28,77,75,64,59,9,42,27,34,37,97,17,16,26,86,49,94,45,32,76,85,15,23,88,66,93,58,47,84,92,78,33,5,38,83,56,36
47,74,29,19,72,95,44,26,51,91,10,22,59,78,21,75,18,33,79,93,70,96,86,13,43,58,98,67,77,68,14,6,45,40,32,57,54,60,9,24,2,76,83,61,28,56,38,15,65,12,42,48,39,11,27,25,69,88,20,0,62,5,46,50,34,81,53,41,8,90,23,16,1,35,89,94,55,87,97,30,31,37,99,66,64,80,84,36,85,92,52,71,73,49,7,82,3,4,63,17
74,37,7,68,44,77,48,96,16,65,3,86,22,58,93,20,70,43,13,15,39,14,34,24,62,6,17,75,89,30,5,85,35,12,71,83,63,27,21,0,28,60,49,38,66,61,72,56,45,67,99,42,4,1,23,94,41,76,51,59,32,95,82,57,98,50,40,25,73,64,52,9,80,69,29,33,84,97,78,53,55,8,91,54,19,11,88,2,31,46,36,90,87,10,79,26,47,81,18,92
99,80,93,9,34,14,29,18,91,63,82,57,69,55,15,45,16,65,19,47,6,86,79,31,40,1,11,25,27,38,95,67,42,44,56,81,74,98,36,17,88,75,13,28,94,39,68,24,92,23,60,62,10,83,2,0,12,37,59,71,84,30,53,96,48,77,20,49,58,22,32,46,5,33,64,51,89,26,35,78,87,43,70,8,21,85,61,54,50,72,4,3,73,52,7,66,90,76,97,41
66,26,80,64,18,11,94,35,87,81,29,79,25,44,27,10,50,33,62,68,1,93,23,4,84,12,97,19,22,20,47,6,98,38,5,78,31,46,69,82,28,55,91,95,7,52,67,32,48,96,89,3,41,75,9,24,14,56,71,63,61,83,0,99,65,53,16,73,21,88,77,57,92,54,49,34,2,15,39,90,58,76,37,70,8,45,86,59,74,17,85,13,42,43,51,72,60,40,36,30
53,33,31,50,49,88,67,6,12,89,91,48,47,95,28,87,56,65,36,35,15,22,10,27,38,75,69,58,72,19,61,20,16,73,42,3,90,17,18,43,8,40,76,84,78,74,57,99,37,41,97,64,29,24,23,66,0,9,11,82,14,4,77,85,92,45,46,39,32,93,59,68,86,98,7,5,62,80,30,83,25,52,81,34,54,1,55,26,44,60,2,70,13,51,94,96,79,63,71,21
90,32,95,37,86,63,13,14,82,72,88,35,8,98,49,39,9,89,60,42,20,1,79,84,47,19,52,11,46,6,85,81,26,92,62,99,17,31,7,97,40,41,78,54,51,94,38,53,5,73,61,77,12,70,91,18,21,64,3,2,25,58,75,15,67,4,29,44,34,27,57,10,36,76,66,16,83,48,80,68,74,43,33,50,69,24,0,30,22,96,55,71,56,87,59,45,65,28,93,23
56,5,33,9,64,25,15,45,50,61,13,59,68,66,67,49,77,10,72,22,69,36,19,90,54,12,78,63,74,11,97,71,53,6,4,24,1,27,92,99,87,23,76,31,88,18,52,32,95,20,44,86,96,85,2,89,98,47,42,41,40,73,37,7,38,70,94,48,60,65,91,55,81,79,3,83,57,21,0,8,46,84,14,26,35,93,39,75,28,82,80,62,16,17,34,58,51,43,30,29
54,86,81,60,67,18,3,11,47,13,8,66,37,59,27,40,33,53,24,98,73,90,52,39,64,76,85,48,71,20,23,61,92,55,89,9,78,97,28,1,36,87,43,19,10,95,21,63,0,14,32,2,17,49,70,31,94,56,16,96,51,42,83,6,22,80,25,34,99,91,57,79,5,35,68,29,45,41,58,65,15,4,93,46,72,74,50,77,26,38,69,75,12,44,88,84,30,82,62,7
31,92,25,51,48,19,52,37,60,6,17,95,34,90,20,41,45,3,89,73,62,85,93,65,78,8,69,28,43,81,15,4,40,46,42,35,68,63,96,98,87,21,24,86,55,26,88,94,47,54,14,32,30,99,53,9,49,84,91,79,7,61,5,23,80,56,59,12,75,36,13,72,33,27,38,64,39,67,70,0,77,97,82,76,50,22,74,44,66,2,18,83,16,29,57,1,10,71,58,11
98,89,91,58,12,25,41,1,20,72,47,73,6,16,23,93,37,51,43,38,34,54,2,53,55,56,63,21,7,31,22,8,95,35,92,68,48,78,42,99,61,39,18,85,4,52,67,13,82,88,28,49,59,19,65,80,33,96,66,87,44,9,81,86,94,79,74,71,3,27,46,0,75,30,15,77,60,17,57,62,64,36,32,24,70,14,69,45,90,83,50,29,26,11,84,10,76,97,40,5
23,10,49,37,29,4,93,30,38,12,28,9,26,75,58,87,21,73,20,95,11,99,5,86,68,92,70,57,39,67,64,0,63,52,8,69,62,79,33,36,81,61,56,18,77,3,43,51,72,32,82,7,85,89,55,96,40,24,94,16,65,78,44,66,50,45,60,22,47,88,48,31,42,53,27,14,98,41,84,74,34,71,2,90,1,59,83,17,46,19,6,15,25,91,13,35,97,80,54,76
32,90,40,5,53,87,72,79,21,70,73,68,17,25,44,49,54,84,77,14,52,95,55,64,39,31,34,63,38,74,80,93,88,42,24,94,1,98,10,50,13,85,37,0,15,29,12,4,67,20,86,41,6,59,11,75,22,9,60,19,47,8,69,43,36,56,35,89,97,71,16,23,57,92,65,2,46,66,30,76,28,82,61,96,26,83,48,62,78,27,58,3,33,18,7,81,91,99,51,45
94,18,29,4,87,16,91,33,36,50,30,3,9,26,31,83,99,39,8,24,42,97,47,17,22,7,27,43,81,40,62,44,12,70,78,10,72,13,53,80,56,69,45,71,76,64,34,52,65,0,93,58,82,23,95,85,90,6,19,89,60,21,59,63,66,5,46,86,35,48,74,61,88,32,84,1,98,54,73,75,15,68,67,92,25,2,41,55,20,28,79,96,38,14,51,57,77,11,37,49
82,34,7,53,65,10,33,23,1,99,37,70,13,88,98,14,43,97,67,28,76,85,84,94,58,40,52,2,64,77,50,17,0,18,44,26,54,57,51,5,74,93,19,49,73,63,32,83,47,6,96,36,4,45,35,12,39,78,24,60,48,46,38,71,16,8,59,31,55,61,87,20,95,72,90,25,15,79,69,30,81,41,21,42,3,62,9,91,89,75,22,56,11,86,29,27,66,92,68,80
27,42,97,38,32,70,55,66,34,53,19,48,7,37,39,51,24,29,22,14,4,11,10,59,30,62,9,69,3,47,44,41,52,28,8,57,5,90,94,12,92,74,61,88,40,2,56,72,96,33,86,64,35,95,20,98,78,23,45,67,91,18,99,0,83,1,63,87,93,46,16,26,50,71,43,65,58,85,77,54,76,79,80,81,89,82,84,73,17,36,25,31,6,13,15,68,49,21,75,60
85,83,80,76,50,8,10,89,72,88,0,18,6,68,91,37,29,20,56,46,38,81,75,35,98,21,95,62,55,82,63,65,25,60,67,54,30,33,36,22,23,19,42,11,14,96,45,24,92,64,12,86,90,66,43,15,71,3,73,93,40,51,31,59,77,44,78,97,53,17,1,69,58,48,79,7,61,13,27,84,49,39,87,41,34,28,4,94,9,16,5,47,57,2,70,99,74,26,52,32
38,5,43,83,91,74,72,18,51,45,28,0,23,65,17,46,52,68,78,24,71,79,96,59,40,87,84,66,67,56,22,11,3,89,20,16,1,12,98,32,4,77,80,81,95,73,14,93,47,19,6,60,92,34,35,13,99,33,55,2,48,86,69,85,25,30,94,61,9,10,8,58,15,54,41,70,97,26,49,57,39,21,88,50,29,27,63,7,37,36,75,44,64,42,90,76,31,82,53,62
41,29,49,98,82,25,1,3,78,47,48,60,39,13,16,52,45,91,73,42,94,21,38,40,63,66,10,54,0,6,87,80,75,72,30,69,32,9,61,17,97,65,70,99,19,92,33,26,24,46,71,57,8,37,76,67,55,83,89,14,90,93,28,84,35,88,86,77,5,43,18,81,4,59,79,62,31,7,22,15,96,27,36,64,11,50,68,34,74,58,53,95,12,85,44,51,23,56,2,20
44,84,1,46,52,54,89,55,65,95,79,5,0,56,45,25,33,58,38,86,4,20,48,24,61,57,14,17,29,32,15,60,30,81,12,73,88,74,41,27,98,63,9,71,64,35,96,8,21,68,16,47,28,99,83,42,43,23,82,40,72,13,87,77,59,80,92,34,22,76,67,93,10,70,31,69,11,36,18,26,91,90,78,97,62,94,49,7,75,85,39,53,37,50,3,66,19,51,6,2
42,16,30,51,44,39,0,74,28,49,19,25,75,69,13,43,93,46,82,7,24,18,58,52,23,90,98,67,68,85,83,72,64,50,91,36,17,56,92,55,26,77,94,76,99,89,1,81,38,47,11,96,86,95,63,48,78,65,60,59,37,40,15,14,10,45,34,32,71,87,97,88,12,21,29,73,70,62,20,84,5,27,53,41,57,66,54,80,33,61,22,35,79,8,2,6,31,9,4,3
1,66,98,94,15,86,42,36,95,7,60,97,43,50,22,53,87,76,79,64,49,54,32,34,91,84,30,69,47,29,17,38,33,81,3,78,72,70,73,74,10,61,89,65,83,51,39,16,56,40,75,99,68,35,82,28,23,5,46,67,26,90,88,44,25,8,92,19,24,77,59,62,96,11,58,2,27,57,12,85,18,9,31,20,48,6,63,4,45,13,55,93,80,52,0,14,41,37,21,71
21,85,77,45,82,32,19,17,83,58,30,57,97,22,20,50,10,0,76,4,15,13,94,87,7,29,47,90,67,63,6,40,91,54,72,89,2,8,53,51,73,52,61,98,74,69,1,33,14,28,62,27,25,95,12,31,26,42,11,79,35,71,55,38,18,80,36,68,86,96,88,34,64,59,24,48,41,84,70,44,49,56,60,66,65,9,3,78,5,37,81,23,39,92,46,16,43,93,99,75
18,88,91,33,94,6,95,64,26,82,32,55,31,67,41,42,57,53,5,98,65,70,34,19,87,92,51,71,83,21,97,2,8,25,20,24,78,49,46,84,63,62,58,38,16,80,60,30,37,22,54,76,10,35,3,13,23,11,52,40,17,29,48,74,96,4,77,89,15,93,0,44,75,27,45,7,79,72,86,39,69,59,47,50,43,85,1,56,12,61,90,68,14,73,36,28,9,81,66,99
60,19,96,72,83,86,14,97,98,81,25,57,71,69,61,28,24,17,63,26,21,13,70,62,66,68,75,73,34,29,51,53,87,1,4,99,59,8,94,55,2,36,46,20,64,78,82,67,10,85,18,56,44,9,92,77,15,16,39,23,45,38,33,65,31,84,41,76,74,43,88,42,50,90,80,3,22,32,37,30,95,11,58,27,35,79,48,7,52,91,0,5,93,89,12,6,49,54,47,40
19,78,37,89,60,31,20,59,16,99,27,8,61,88,70,2,38,43,83,66,11,54,46,80,35,86,92,22,79,36,95,29,76,93,41,69,40,39,84,44,68,18,23,82,24,10,47,13,72,91,62,52,74,58,26,87,65,7,21,97,81,64,42,57,4,55,14,75,67,0,34,77,32,17,94,49,25,90,3,63,9,6,28,50,98,73,12,51,96,5,48,71,30,33,85,56,1,53,45,15
48,0,56,51,12,67,65,77,19,90,55,3,70,26,61,6,9,29,7,54,92,75,49,37,80,69,72,31,78,57,38,42,59,2,13,32,47,91,5,58,14,1,4,96,64,74,83,33,30,39,88,62,10,45,50,86,44,85,99,16,63,79,34,93,81,60,28,17,23,22,27,68,84,18,8,53,97,21,36,95,73,24,41,52,11,25,87,98,89,76,15,66,94,20,82,71,46,40,35,43
92,25,95,84,76,7,54,44,81,16,83,26,62,45,94,88,29,73,17,30,41,14,22,24,65,56,34,38,31,3,72,63,1,70,35,79,48,39,11,52,91,19,21,80,40,43,59,23,71,66,89,74,68,9,0,82,13,27,98,90,99,60,53,47,57,49,61,58,20,5,64,42,12,28,10,69,96,32,97,8,15,85,4,75,93,18,50,78,67,37,51,77,87,6,86,55,33,36,46,2
87,40,55,3,90,2,18,59,73,91,5,36,84,27,72,43,54,12,26,48,10,76,80,30,23,86,50,28,71,29,41,94,78,69,79,49,16,25,8,13,61,1,34,15,77,58,88,74,11,46,42,93,82,65,81,89,32,99,20,62,22,21,47,51,6,70,24,4,31,96,37,95,67,45,92,44,33,66,63,19,68,97,53,85,9,60,64,35,98,75,52,39,57,17,7,0,56,83,14,38
89,5,10,39,32,19,22,9,64,40,79,53,73,21,16,3,14,92,83,93,96,99,25,70,97,29,78,91,87,48,88,45,33,61,42,51,65,35,68,18,52,77,71,67,84,56,63,23,86,20,27,47,74,13,43,66,38,62,90,26,69,50,7,15,72,85,17,2,94,49,4,8,57,41,95,58,37,81,76,30,12,24,28,46,0,44,36,1,54,34,59,11,55,31,82,6,60,75,80,98
62,81,95,13,52,36,66,87,34,88,93,90,18,20,17,44,61,4,7,92,55,79,45,27,82,41,35,51,47,74,71,40,57,22,94,2,0,73,1,64,77,39,12,75,14,67,50,43,59,85,96,23,83,9,29,21,56,5,70,8,99,37,42,58,80,38,84,68,10,46,78,49,16,32,11,24,76,15,97,31,53,6,54,3,30,69,72,89,63,19,25,91,65,26,86,33,28,98,48,60
42,54,45,47,17,78,35,9,77,75,94,1,37,61,59,85,21,79,66,82,68,16,67,11,72,71,89,23,6,34,56,28,30,4,65,31,98,53,40,91,41,38,22,60,49,81,33,84,90,2,18,97,10,5,24,0,64,39,58,69,20,50,19,43,3,25,51,62,73,93,76,55,80,99,15,36,32,13,7,57,83,86,29,44,96,8,92,46,70,74,27,87,63,52,48,26,12,14,95,88
75,65,53,40,15,47,26,3,28,22,12,62,30,50,21,44,0,11,32,99,88,5,16,17,82,68,90,54,59,63,6,23,10,7,13,25,71,29,24,36,95,86,33,77,37,91,2,49,51,80,74,35,98,81,27,9,34,57,31,8,89,69,56,83,66,39,52,43,72,79,1,78,97,94,60,96,42,84,93,55,41,46,20,70,38,58,45,18,64,48,4,85,73,61,14,67,87,76,92,19
69,45,51,67,96,38,75,20,1,65,23,0,66,30,55,61,76,89,93,13,91,8,18,56,21,59,39,43,62,31,41,58,86,15,37,54,49,42,40,19,94,97,9,12,22,28,26,14,90,53,6,3,10,34,79,74,88,68,52,73,35,80,25,11,57,5,7,50,83,44,99,29,36,16,78,24,72,47,4,98,48,33,95,32,92,63,84,85,87,77,81,17,46,82,2,27,64,71,60,70
63,11,92,97,85,64,13,89,68,76,53,35,7,37,19,66,16,28,41,4,52,95,57,43,39,55,91,98,29,74,30,96,36,33,65,50,44,20,5,22,45,23,10,72,51,9,21,54,88,83,32,26,42,59,82,71,58,81,61,99,80,8,31,79,48,70,40,3,18,27,0,75,78,93,60,46,77,86,24,2,12,84,38,73,94,67,17,15,34,69,14,62,47,6,25,87,56,90,49,1
33,0,7,55,19,54,86,20,41,29,12,14,1,90,59,68,74,67,45,81,56,24,44,39,8,69,65,22,87,88,11,85,64,21,70,83,93,78,57,30,26,77,5,31,3,13,73,80,34,72,6,95,63,47,53,98,61,94,17,40,43,36,96,58,66,92,15,25,62,51,10,99,2,82,16,60,50,4,46,91,76,38,37,49,42,9,89,35,84,18,71,23,52,27,97,32,79,28,75,48
81,68,20,38,51,49,63,94,7,40,57,24,84,52,10,78,62,59,5,11,29,33,30,74,71,73,76,66,39,92,44,86,56,19,2,42,35,6,91,87,77,48,99,23,41,97,27,1,88,95,65,15,45,80,9,14,89,3,70,12,47,79,13,53,82,58,22,18,85,28,4,34,90,43,37,61,96,36,25,64,54,31,8,60,98,21,46,69,83,50,55,17,67,75,32,26,0,72,16,93
92,43,70,10,69,76,56,22,17,38,41,89,90,12,67,45,55,15,84,47,80,99,16,98,52,75,44,86,57,97,58,74,48,60,19,85,34,2,82,96,7,39,31,13,32,88,35,18,50,83,40,30,24,1,3,33,53,5,23,11,46,51,25,26,37,36,0,64,71,27,77,79,63,68,9,42,66,87,91,59,95,54,28,21,20,4,49,72,73,81,78,93,94,65,62,61,8,14,6,29
14,54,6,27,84,50,94,60,81,9,73,13,46,61,7,57,75,56,21,91,52,97,0,36,34,92,59,48,65,66,88,33,71,51,29,28,41,17,45,20,43,87,72,74,67,4,64,22,95,78,31,24,62,10,37,49,76,86,40,25,1,83,77,90,30,32,44,96,39,89,19,35,2,79,63,18,11,12,93,38,47,99,70,55,85,58,15,82,80,3,98,53,68,69,16,42,26,23,5,8
21,56,98,74,30,92,76,50,96,45,36,85,53,9,70,26,97,7,23,34,67,73,75,95,28,61,27,59,40,71,2,65,29,12,55,4,10,1,20,94,51,35,31,63,57,52,0,88,58,32,11,16,64,82,91,39,33,54,41,14,69,25,42,6,38,68,15,22,89,93,80,90,3,46,47,24,60,8,5,18,77,62,13,66,79,83,17,37,78,99,84,72,44,19,86,87,48,43,49,81
65,57,11,2,35,29,24,95,3,28,77,42,43,31,8,53,6,97,45,98,4,13,94,69,48,50,75,39,93,49,86,60,19,99,85,59,17,44,63,62,66,0,34,7,16,47,20,68,74,96,32,67,27,5,88,46,41,1,89,58,76,37,52,61,10,26,82,51,22,83,90,56,12,36,64,33,54,92,70,84,38,21,14,9,78,23,71,55,18,81,40,80,73,72,79,30,15,91,25,87
21,81,94,52,11,97,56,37,69,49,86,33,15,1,96,55,12,60,91,43,41,65,22,26,78,90,83,85,92,72,17,89,28,45,88,42,23,14,58,25,27,6,50,54,38,34,73,64,2,67,13,44,82,74,75,4,18,71,95,24,46,35,0,87,62,61,30,59,20,8,48,98,51,3,84,66,53,99,5,7,76,77,40,63,57,31,80,16,68,36,10,9,47,79,93,19,29,39,70,32
29,63,53,76,28,92,42,27,37,80,95,99,12,24,75,89,9,48,2,72,21,86,98,43,14,94,78,15,47,54,5,34,23,82,84,60,73,71,22,81,55,36,52,3,45,97,35,31,61,93,74,68,44,25,90,6,20,58,66,67,79,26,32,70,18,51,91,88,49,65,39,41,83,16,56,7,69,40,85,50,8,4,46,13,10,64,62,96,11,77,87,0,1,57,59,33,30,38,19,17
88,95,72,32,98,49,28,19,84,90,25,75,30,10,14,64,96,38,39,45,67,52,61,92,41,12,82,5,17,34,7,27,73,93,3,6,63,20,79,60,78,4,47,48,1,71,54,65,83,56,44,8,53,57,15,87,91,0,40,70,42,99,43,77,24,16,86,13,36,33,9,62,81,11,74,55,94,59,89,26,23,29,18,46,35,31,22,68,76,97,51,2,66,58,21,80,69,85,50,37
42,79,1,47,23,5,88,55,94,48,64,50,98,99,90,28,34,45,75,59,73,67,40,80,70,24,37,91,69,77,63,54,32,85,81,51,46,35,16,36,7,9,21,60,84,6,61,8,86,0,13,14,30,15,44,25,17,87,83,33,89,92,76,82,3,12,71,31,96,52,27,57,18,72,93,66,4,20,97,11,53,68,38,78,74,56,49,19,29,95,65,58,2,26,62,10,43,22,39,41
49,14,42,48,60,50,56,8,70,80,18,23,19,87,79,97,54,4,0,36,51,45,26,47,7,59,11,71,95,66,1,16,6,52,38,57,41,39,69,25,5,63,76,22,91,75,30,68,21,86,37,15,96,29,20,78,92,84,81,53,35,10,9,31,94,40,55,74,72,62,44,73,13,77,83,58,2,90,64,98,34,67,46,85,3,17,89,88,24,82,33,32,43,28,61,12,65,93,99,27
4,74,19,62,67,57,59,16,66,14,41,82,38,29,24,63,99,79,72,68,86,31,21,75,45,35,73,46,76,3,97,52,56,27,36,43,23,17,33,93,81,20,44,95,8,98,40,84,80,5,71,32,58,83,10,37,78,39,53,65,42,9,15,25,12,26,94,90,47,6,70,34,50,13,51,91,96,64,49,18,28,11,85,55,1,87,54,60,77,69,22,30,89,92,0,7,61,88,2,48
64,58,42,32,66,38,98,94,88,15,81,59,23,62,14,17,73,70,12,84,63,91,10,31,69,1,65,77,40,20,50,7,4,90,25,52,78,76,44,5,85,55,28,61,3,9,57,48,34,79,67,30,89,51,53,2,75,6,26,11,96,82,60,49,37,95,99,45,16,19,47,87,41,43,54,29,24,97,74,86,46,80,83,93,22,68,72,35,56,71,8,39,33,18,36,21,92,0,13,27
3,23,87,62,5,56,21,2,98,64,46,25,43,49,52,53,0,35,42,44,69,65,55,41,95,66,74,90,94,12,81,85,89,32,19,30,13,82,7,36,48,20,79,77,50,22,93,33,28,54,80,18,24,58,78,72,26,84,75,60,27,16,96,29,34,57,67,51,39,99,38,6,40,86,92,68,59,91,15,14,45,4,88,11,10,1,71,63,47,70,61,83,8,9,73,31,76,37,17,97
42,48,62,58,8,22,72,11,25,54,99,17,61,66,93,35,80,49,53,10,34,46,2,65,30,84,15,98,41,0,43,63,92,74,68,33,16,85,19,37,91,38,57,70,78,47,31,64,69,5,51,32,96,94,44,29,75,95,83,56,76,6,40,3,9,97,1,27,88,18,39,50,81,28,23,55,14,7,87,71,36,60,21,45,67,4,73,12,89,86,59,77,20,13,26,82,52,90,24,79
38,69,5,62,35,83,58,78,3,9,14,11,22,60,32,76,53,7,50,43,59,66,86,28,1,73,99,21,17,48,12,13,18,97,6,91,56,33,90,70,29,42,54,79,67,61,20,26,55,63,30,46,80,68,95,19,52,25,84,85,36,93,75,65,45,24,41,96,64,89,98,34,4,47,81,10,2,0,8,49,77,74,44,72,82,87,37,57,16,94,88,51,92,27,31,23,71,15,40,39
91,80,41,95,40,78,11,58,12,53,33,15,57,99,38,31,28,20,26,88,3,64,39,30,67,5,87,4,14,1,94,36,98,44,66,77,42,27,21,74,69,75,97,62,68,72,24,63,9,16,7,96,89,35,22,8,50,29,83,6,55,73,25,84,17,51,54,45,81,23,43,60,92,32,61,59,76,49,85,71,86,56,0,93,10,52,46,13,18,82,70,34,48,65,79,37,19,2,90,47
9,70,40,50,76,45,26,32,18,8,49,51,74,56,82,22,31,25,24,65,68,86,77,89,10,42,90,96,38,80,92,19,4,33,99,5,46,16,23,7,66,43,53,95,2,75,21,78,28,6,59,35,54,87,73,83,44,13,36,37,61,55,94,39,93,41,81,11,79,67,72,57,52,97,62,15,27,0,14,63,58,17,20,47,48,98,84,85,12,34,71,29,3,88,91,30,64,60,69,1
13,34,82,84,29,42,14,86,37,88,79,47,15,61,44,52,80,65,70,1,78,25,28,72,54,40,93,31,60,89,24,7,10,51,46,26,50,87,99,32,49,95,92,57,30,22,81,90,77,27,62,74,63,38,83,76,55,2,20,97,41,17,9,53,45,16,56,33,58,43,35,73,21,71,48,11,12,4,5,18,59,39,94,96,3,0,64,36,69,23,75,85,66,67,19,6,98,68,8,91
45,30,69,77,65,37,27,19,66,10,49,21,64,80,73,54,1,16,3,36,94,81,34,90,78,0,8,95,7,14,84,57,2,74,31,93,83,70,82,92,26,71,43,56,5,35,24,12,52,75,9,15,88,40,60,53,4,6,41,76,48,25,38,20,50,13,55,58,17,59,33,22,18,87,98,32,29,23,61,62,67,68,85,86,99,97,42,89,11,91,72,96,79,28,63,39,44,51,47,46
11,77,2,68,8,14,57,90,15,34,56,55,84,65,48,27,79,20,99,17,18,25,78,81,38,82,36,83,59,3,76,24,75,97,87,49,26,64,23,89,86,91,10,72,37,52,53,85,5,29,7,62,6,74,63,13,46,50,21,39,98,0,92,33,47,31,67,61,80,69,4,19,96,45,41,73,93,54,60,44,16,88,42,43,22,28,32,71,1,58,66,30,70,9,40,95,35,94,51,12
82,68,55,58,65,86,79,63,34,43,38,95,6,17,24,37,11,93,19,96,97,80,2,28,7,88,78,3,66,61,41,91,16,8,5,14,45,59,44,85,42,25,83,35,33,4,84,76,29,50,73,72,53,99,22,31,71,13,67,1,12,20,9,30,49,51,10,57,0,98,27,23,52,26,39,87,77,46,69,92,40,64,75,62,21,47,81,74,60,36,54,32,94,18,15,56,89,48,90,70
77,60,54,84,21,78,50,16,36,17,72,85,43,25,1,20,26,69,73,86,55,3,97,46,82,7,27,42,56,51,67,76,8,19,59,71,74,24,5,48,83,14,12,68,53,90,95,10,57,32,70,94,28,92,64,38,30,34,2,18,61,47,13,22,98,15,93,49,33,9,40,37,75,99,66,0,65,79,89,29,39,96,52,4,63,88,11,23,91,31,35,87,81,62,41,6,80,44,45,58
46,53,57,58,85,81,74,48,28,59,63,40,16,38,30,22,37,56,12,36,39,8,66,52,17,88,94,14,60,75,69,78,90,20,93,62,49,67,54,73,11,43,77,99,0,92,96,24,45,35,6,98,71,13,1,26,61,83,7,44,70,34,95,33,15,72,82,87,32,3,89,41,25,64,23,91,4,55,31,50,10,84,21,80,68,42,19,9,76,97,47,2,18,5,51,27,86,29,65,79
6,21,25,98,56,13,64,95,59,61,55,74,0,42,12,57,96,39,77,47,19,32,22,93,68,35,99,54,63,2,51,49,52,82,73,53,91,89,4,58,86,60,15,23,30,44,88,62,80,75,28,79,46,7,36,29,66,69,38,8,18,27,83,76,65,43,97,33,84,45,34,67,5,92,71,3,70,31,78,9,94,50,1,16,87,14,37,90,17,24,40,85,48,11,10,41,81,26,72,20
82,43,16,27,50,26,88,59,46,64,8,25,32,20,42,4,97,22,94,39,36,58,63,52,86,77,93,15,0,99,14,2,61,7,28,24,75,81,84,23,29,56,96,18,78,57,76,10,98,85,6,31,51,19,30,1,68,21,41,5,34,72,74,12,87,83,40,38,37,3,90,69,17,11,89,60,91,9,54,95,71,45,73,44,47,48,66,79,92,67,62,80,13,65,35,55,53,49,70,33
79,57,32,96,92,28,42,7,33,68,83,8,35,67,73,19,14,43,63,34,44,38,53,98,11,87,89,49,31,0,55,66,9,65,21,61,54,3,40,24,12,25,46,4,91,48,29,17,80,77,20,86,88,90,16,70,52,5,50,1,10,69,76,97,95,30,62,81,45,74,18,22,58,26,13,93,23,99,59,15,84,27,41,36,72,78,60,64,56,6,85,71,75,51,2,47,39,37,82,94
6,67,87,51,64,14,15,53,27,29,79,55,45,18,58,93,48,24,40,26,7,44,31,37,16,81,77,35,4,52,90,32,74,78,30,9,84,12,38,50,75,72,8,34,23,3,62,91,1,63,33,66,61,83,70,80,68,59,99,71,28,5,60,96,36,54,88,69,86,42,0,76,94,85,41,65,56,49,98,21,47,13,95,43,46,20,10,25,57,89,92,82,19,11,97,2,22,73,39,17
32,36,54,75,78,72,5,17,6,82,76,84,51,25,52,70,45,74,34,94,20,16,1,61,55,44,37,48,35,71,2,67,15,90,50,23,63,38,12,85,83,9,24,89,64,58,11,46,62,42,86,77,93,47,57,56,43,3,22,10,68,28,4,65,7,8,33,98,29,97,59,13,31,27,0,96,79,21,40,60,30,39,73,91,80,88,49,69,19,26,81,99,87,53,14,18,92,41,95,66
74,8,73,83,98,54,58,27,29,28,56,53,48,95,97,81,42,50,82,65,4,14,7,92,15,0,31,60,55,18,49,30,46,35,39,63,45,96,6,84,34,77,94,16,59,75,9,61,88,13,43,91,62,79,3,5,99,22,71,85,44,68,72,80,41,93,47,21,33,51,89,64,67,66,12,36,70,11,69,17,25,24,78,32,1,76,20,26,87,57,19,90,23,37,10,86,40,38,52,2
26,15,21,71,82,73,20,64,6,94,27,34,35,81,77,25,3,18,7,98,33,23,52,68,39,41,22,28,16,80,67,58,36,56,30,48,12,13,47,1,40,87,54,4,61,31,63,96,75,69,90,49,43,11,92,32,38,95,8,86,45,66,65,10,19,9,0,5,99,29,2,55,72,46,50,91,51,44,70,83,17,59,89,88,97,85,14,76,37,62,84,93,42,24,53,60,74,57,78,79
22,88,80,1,96,85,39,99,36,91,20,10,71,63,35,9,26,7,3,43,95,25,37,46,79,61,64,89,67,75,59,52,73,23,90,74,11,72,30,16,77,41,60,70,51,27,21,81,94,87,45,0,38,42,5,98,57,50,15,54,55,17,86,48,84,56,68,49,4,24,92,40,12,69,93,76,83,19,8,66,13,97,31,34,2,53,65,44,82,33,47,28,58,29,78,32,6,14,18,62
39,1,62,5,56,13,59,98,67,96,55,90,68,7,30,48,49,41,18,42,74,89,29,85,16,0,10,33,6,9,32,92,65,15,35,24,3,19,12,51,43,77,20,58,27,80,14,99,52,46,50,25,4,36,72,64,22,87,73,97,53,54,34,2,79,82,8,93,71,23,26,47,31,38,21,61,84,91,75,37,28,86,44,17,66,94,63,81,45,11,57,78,40,60,88,95,70,83,69,76
31,97,14,81,47,84,89,60,65,43,52,19,24,58,3,4,1,82,67,20,18,54,92,38,95,13,90,9,29,46,76,87,85,26,15,35,44,56,68,25,61,6,16,39,63,98,33,69,66,34,83,17,2,93,27,57,62,48,53,50,88,78,75,91,45,41,55,12,11,51,86,70,5,49,0,59,72,22,28,42,64,73,21,79,10,99,77,36,74,96,32,23,8,94,40,7,71,80,37,30
25,30,46,64,75,11,59,65,97,22,78,87,50,38,88,24,31,56,60,68,82,36,16,86,1,43,27,45,42,99,5,26,55,61,58,93,70,40,81,12,53,77,44,52,72,74,47,21,48,89,76,32,15,10,7,39,71,41,66,62,19,57,98,54,6,92,0,85,4,20,95,94,18,67,2,63,28,96,90,33,80,79,3,37,51,91,8,29,34,35,49,84,9,23,13,83,69,73,14,17
1,73,31,51,37,95,68,74,50,7,35,97,23,9,20,83,57,53,34,84,77,71,42,65,54,11,98,38,61,32,52,76,36,75,92,46,96,5,22,69,80,4,26,13,64,6,39,12,2,17,60,15,93,33,81,90,62,3,44,55,78,59,18,56,82,87,99,29,19,0,85,30,14,48,41,43,21,63,72,25,27,89,40,58,10,70,88,24,91,94,16,66,67,28,47,49,79,45,8,86
20,83,68,96,1,33,72,64,48,11,53,39,32,62,19,3,80,86,31,37,73,59,41,89,17,79,49,75,22,76,90,44,40,74,82,2,69,84,50,71,46,24,63,95,81,43,47,67,15,88,9,14,87,60,21,0,5,97,6,52,10,4,7,94,42,57,35,93,65,54,34,85,58,29,36,98,25,56,13,23,18,92,30,27,91,26,8,99,78,45,38,16,51,77,61,12,28,70,66,55
55,26,79,49,96,14,46,3,35,19,23,17,43,80,70,5,27,2,90,94,65,47,78,44,8,84,66,37,39,30,75,86,72,73,77,76,64,45,36,51,50,1,82,29,31,42,20,74,0,38,93,4,54,22,89,13,15,95,52,68,91,87,32,53,11,62,99,56,25,92,58,6,18,33,57,60,40,63,98,81,67,69,83,24,28,7,88,16,71,9,34,12,41,21,48,59,85,61,10,97
64,75,30,10,18,65,58,90,29,38,71,80,51,6,40,47,1,12,16,68,54,0,98,15,36,49,89,26,8,93,31,48,88,11,2,99,91,84,7,57,86,46,19,24,70,53,62,85,97,72,21,67,60,17,59,22,28,52,14,35,20,83,61,43,25,81,44,37,5,87,66,78,42,39,92,63,27,69,94,96,95,13,55,45,77,73,23,82,34,56,41,74,32,79,33,50,3,76,9,4
51,81,79,59,95,54,72,18,67,78,69,45,14,99,98,93,44,50,27,7,23,77,83,86,32,20,33,6,2,0,74,29,49,43,70,64,68,57,26,15,58,90,36,52,61,19,4,71,17,21,91,55,13,8,35,60,39,12,97,65,10,94,87,38,62,84,9,47,1,42,82,96,48,89,46,37,73,80,22,56,5,85,25,24,41,11,28,34,40,3,75,63,30,53,16,88,31,66,92,76
3,11,48,34,79,31,10,51,97,69,50,82,70,41,57,35,15,32,6,0,92,56,12,38,47,27,18,13,37,78,61,23,93,17,28,74,1,77,22,89,91,59,94,58,98,8,33,21,65,62,24,36,88,95,71,16,45,19,60,42,29,44,76,87,53,55,4,96,99,40,86,72,43,26,85,5,84,25,52,68,20,7,66,67,2,73,30,90,9,75,81,83,63,14,46,39,64,49,54,80
93,76,27,72,80,33,29,61,1,30,0,81,38,4,77,99,39,45,19,74,46,62,24,86,12,91,5,7,41,54,71,51,68,70,18,23,88,83,11,64,87,13,92,17,8,3,69,35,9,36,82,22,21,10,79,32,94,89,97,50,98,75,90,28,44,16,6,85,43,96,49,56,65,47,2,15,34,20,25,31,37,73,84,52,14,55,26,67,58,59,48,66,53,42,95,63,57,78,60,40
69,50,3,98,58,25,8,79,94,40,14,87,56,83,54,34,71,75,32,2,15,27,18,39,22,45,33,81,48,90,85,52,70,21,82,43,12,91,44,53,7,30,65,46,35,49,20,41,36,29,9,13,88,93,23,61,77,86,4,74,99,17,84,24,59,51,31,66,6,47,68,28,78,72,97,11,76,1,92,89,10,37,80,63,60,96,0,26,42,16,62,67,55,64,38,73,5,19,57,95
89,13,68,37,5,8,43,45,74,69,1,54,44,64,60,9,35,22,97,66,16,19,92,63,2,88,30,29,7,87,12,23,31,91,24,71,82,83,21,33,55,56,85,27,25,84,72,95,70,18,17,86,6,11,90,39,99,61,42,32,4,50,10,49,78,36,57,3,28,94,51,75,34,62,96,26,59,47,48,76,46,53,38,52,40,77,65,41,73,79,14,98,81,67,80,20,0,93,15,58
95,19,91,24,0,13,22,5,27,39,77,72,83,92,81,94,70,63,36,98,54,26,20,6,3,2,60,12,33,71,23,68,76,52,37,50,58,38,59,11,46,14,96,9,10,31,8,48,97,30,40,25,17,78,47,64,32,86,75,18,53,49,34,44,51,88,21,45,41,69,29,55,74,56,67,57,82,80,61,73,85,87,15,28,90,66,84,62,99,1,65,79,7,43,16,4,35,42,89,93
20,7,81,13,72,26,96,58,69,83,50,91,2,68,75,90,53,61,40,67,10,64,5,92,98,55,66,31,52,77,28,51,19,14,4,62,11,65,45,24,43,33,39,82,0,76,25,94,60,95,3,12,57,63,21,97,54,18,78,88,6,48,1,30,8,86,32,23,16,70,89,35,79,17,80,84,9,41,85,87,71,38,56,29,99,37,59,73,34,22,93,42,36,47,27,44,49,15,46,74
63,44,62,34,24,28,74,92,73,77,59,57,3,13,37,52,61,64,80,81,49,17,93,18,54,22,45,69,4,82,89,16,32,7,46,25,47,99,42,48,35,56,66,70,10,60,8,85,94,53,38,88,21,36,6,20,98,87,1,2,97,40,58,9,23,78,95,51,90,91,5,86,26,43,11,27,84,96,30,65,14,0,29,31,15,33,71,19,72,75,68,12,79,67,55,50,76,83,39,41
99,17,57,85,69,0,73,88,7,66,4,93,80,60,41,72,5,8,94,39,15,84,19,34,91,9,82,31,67,89,87,78,27,26,40,74,81,61,23,55,65,35,33,28,2,96,53,37,98,75,79,52,25,14,50,95,76,44,70,10,49,21,6,18,12,59,1,16,48,42,13,30,24,36,83,64,3,54,45,29,90,63,38,43,22,56,62,32,71,46,77,68,92,97,11,47,86,20,51,58
39,24,72,75,62,30,91,95,70,69,82,74,7,96,81,32,56,89,42,54,25,29,84,80,44,12,92,99,45,19,93,86,15,90,60,6,51,13,43,17,8,10,77,38,58,67,37,98,79,55,3,48,76,50,20,18,41,65,59,16,21,71,1,85,31,9,40,0,94,4,87,5,49,73,11,52,53,61,2,68,27,28,34,83,46,66,64,57,88,63,26,23,97,14,36,22,47,33,35,78
83,15,60,4,30,96,86,39,71,89,73,78,9,63,14,94,26,11,72,37,46,8,68,40,7,49,25,92,58,36,3,79,44,80,99,54,93,57,33,29,10,43,59,90,98,0,51,74,35,1,65,31,91,45,50,69,64,84,19,21,77,24,13,75,17,27,22,38,61,97,18,32,42,34,95,67,70,81,16,5,55,53,48,41,76,23,56,85,47,82,6,12,28,52,66,20,87,2,88,62
14,39,90,78,83,46,64,76,95,25,50,17,24,91,20,58,4,6,89,79,85,52,75,29,19,67,98,7,94,5,34,87,21,48,3,8,73,69,70,92,15,9,99,96,80,51,93,59,37,47,26,56,84,57,61,12,31,82,1,11,36,33,22,30,41,74,68,88,10,27,62,43,45,32,81,40,97,86,66,0,38,49,65,28,42,53,71,72,44,18,13,55,77,23,63,60,16,54,35,2
44,99,73,75,15,98,86,61,19,50,60,97,54,37,62,89,29,59,43,90,40,24,91,5,83,56,18,85,23,81,47,68,82,36,45,38,27,52,94,13,21,10,14,3,51,7,20,92,22,26,11,41,74,67,77,84,66,87,48,80,78,95,35,96,42,65,58,64,57,25,70,17,93,76,31,79,69,8,9,6,39,71,1,63,4,55,28,32,30,46,49,16,72,0,88,12,2,33,53,34
37,3,64,10,5,13,2,16,89,25,76,31,58,44,72,79,30,85,97,57,47,60,78,88,74,14,65,33,19,46,83,91,61,20,52,34,96,23,82,86,67,41,28,90,0,9,99,50,4,51,98,11,66,48,43,55,95,36,22,84,93,63,26,12,49,54,39,87,1,69,81,70,29,94,15,8,62,75,18,53,45,92,35,32,59,56,40,68,38,6,21,73,42,24,27,7,77,71,17,80
20,48,19,5,2,14,73,96,87,4,17,40,83,76,32,92,70,23,91,38,56,63,13,47,51,54,36,15,88,8,37,6,55,45,35,42,82,69,65,89,85,67,21,74,52,18,1,97,77,90,71,72,99,64,28,53,79,31,0,81,75,46,27,93,57,41,61,49,24,10,80,78,50,25,62,22,11,44,68,12,98,66,7,30,58,16,3,39,9,86,95,33,29,34,84,43,94,26,60,59
24,55,0,11,94,28,87,33,97,45,64,51,73,34,98,56,36,86,7,89,49,50,8,39,14,77,59,82,93,85,10,72,44,29,99,63,19,12,37,67,58,83,18,60,47,20,16,40,31,81,52,54,69,74,22,66,4,84,5,91,3,90,2,79,13,26,78,32,71,21,43,25,65,1,38,9,75,76,46,23,42,30,88,57,48,53,27,68,61,41,92,95,15,35,6,17,62,70,80,96
52,44,42,83,82,5,72,21,55,73,92,78,23,90,57,80,50,16,98,28,94,88,31,71,70,3,49,61,76,96,29,91,24,22,45,68,17,58,93,53,65,36,6,89,46,15,69,2,37,54,19,59,75,41,7,35,77,4,8,20,63,48,95,40,84,64,87,99,60,62,39,47,18,10,30,34,26,67,85,81,9,51,32,74,43,25,38,27,14,79,13,0,86,11,97,56,33,12,1,66
59,7,57,65,87,19,6,97,73,43,2,71,62,20,5,39,76,41,58,80,56,75,11,54,83,49,94,10,23,42,63,9,14,74,60,40,82,36,30,15,47,18,77,26,85,99,22,78,55,33,8,38,32,3,24,52,79,28,0,69,70,4,61,72,88,21,96,98,86,68,81,44,45,53,13,12,16,50,1,25,34,93,64,51,29,31,90,46,35,17,89,92,27,95,67,48,37,84,66,91
15,32,34,63,81,47,38,21,18,41,91,7,89,19,31,74,88,8,12,65,30,13,26,20,71,44,67,93,39,97,61,22,95,23,64,55,78,14,37,9,94,75,54,2,77,46,84,28,57,24,48,3,1,99,87,35,29,85,36,56,25,92,33,60,76,27,49,59,40,73,5,58,10,52,11,51,86,68,17,6,83,90,45,50,82,69,53,0,96,98,80,42,43,79,62,16,4,66,70,72
54,38,40,21,25,65,17,45,46,7,6,89,14,82,90,26,19,71,72,88,78,5,87,33,43,0,98,36,62,1,23,47,50,86,13,31,55,84,28,60,8,48,52,56,29,39,99,75,59,80,51,37,32,24,68,27,85,2,92,61,96,9,95,53,34,76,74,3,77,20,67,91,93,16,83,10,81,94,73,15,58,18,4,70,57,44,79,64,63,35,97,12,69,22,42,41,49,11,30,66
88,36,72,55,90,57,41,22,16,20,60,62,77,11,82,35,71,73,4,30,25,45,51,70,76,69,99,96,58,74,86,83,91,49,64,0,85,8,2,21,23,61,1,80,78,40,32,43,9,38,24,7,89,42,84,94,46,50,48,87,95,67,56,3,18,79,53,5,29,6,47,37,65,97,66,17,75,93,54,34,59,28,52,98,63,14,31,68,26,27,33,39,19,44,92,81,12,10,13,15
30,86,8,43,92,2,81,97,36,99,57,73,96,52,15,10,18,63,32,60,47,14,62,88,98,44,61,51,74,33,79,11,21,75,94,93,83,59,7,24,87,26,31,35,80,38,48,28,78,0,76,49,5,20,4,46,50,68,56,13,82,25,70,77,42,55,12,37,84,19,66,90,53,1,72,23,16,64,6,69,34,67,45,27,29,17,9,41,54,91,65,95,3,58,71,39,40,89,22,85
26,47,69,6,51,89,55,12,57,1,87,67,75,9,27,91,3,34,84,95,45,44,61,83,97,66,93,7,50,82,62,80,30,42,72,21,68,11,74,71,52,10,25,18,31,41,92,76,28,14,73,8,86,43,38,63,98,81,19,58,13,0,77,49,5,4,15,94,60,59,24,65,56,20,37,78,64,36,29,53,79,96,48,54,70,16,2,17,90,23,32,35,33,88,40,85,22,99,39,46
70,98,12,87,29,9,79,84,14,89,86,41,30,27,82,83,74,61,19,28,11,52,93,90,50,72,37,26,99,22,6,43,95,92,66,48,47,63,3,75,96,64,81,67,38,24,23,71,53,69,57,16,31,51,80,68,46,2,10,56,54,60,7,4,94,34,44,13,21,65,18,8,62,73,39,33,49,5,97,40,0,35,1,88,59,85,45,42,25,77,36,55,91,58,76,17,15,20,32,78
83,35,48,62,8,49,30,66,42,23,34,75,97,57,18,19,87,72,38,10,12,3,13,41,36,96,90,37,27,63,70,46,2,52,17,50,78,29,4,16,24,54,7,60,53,44,14,68,71,84,89,56,73,9,64,98,99,77,86,58,76,91,39,47,32,11,80,95,45,88,15,55,31,25,81,59,40,65,6,79,93,85,61,69,1,22,51,74,28,21,67,33,26,82,20,5,92,43,0,94
96,66,59,6,44,78,37,32,10,99,94,84,56,50,1,29,18,2,60,69,35,73,48,93,64,33,31,38,61,14,46,85,45,76,54,83,68,4,55,74,7,91,13,34,17,63,49,43,72,82,90,24,30,0,89,62,51,70,88,39,52,47,95,71,25,67,58,86,77,15,92,40,26,79,65,97,75,3,5,16,57,80,27,42,11,21,19,41,8,87,36,12,9,28,81,98,20,23,22,53
78,87,6,70,68,76,31,43,21,75,20,88,2,45,85,39,50,80,65,63,84,54,14,8,24,9,42,91,0,13,59,17,79,93,16,25,32,95,69,57,96,82,7,52,72,77,5,28,83,46,12,98,26,86,44,92,22,47,73,37,81,23,33,66,27,10,48,35,11,4,19,56,29,38,3,55,53,90,51,94,71,15,58,89,1,18,60,64,61,97,99,41,67,40,74,49,34,30,36,62
84,60,69,1,25,58,2,3,91,87,68,20,98,42,44,94,62,15,97,93,47,86,48,82,46,49,17,14,55,99,85,88,54,57,79,72,83,53,61,95,73,7,0,21,28,39,66,67,80,30,10,74,32,71,31,26,5,27,29,34,65,81,4,77,33,75,70,13,40,78,76,41,52,64,51,12,92,23,59,8,24,22,43,63,96,90,9,37,6,11,18,38,45,16,19,35,50,89,56,36
46,41,34,33,47,93,64,88,71,5,77,73,20,2,96,55,40,43,3,35,68,45,39,14,89,59,15,76,42,25,30,11,65,63,32,84,75,37,54,18,86,66,12,58,90,72,8,79,16,6,28,78,94,56,29,23,48,92,4,60,81,69,10,70,0,19,9,98,83,50,53,24,17,13,62,99,91,82,49,1,36,38,7,67,74,80,61,87,51,44,26,85,21,57,95,31,52,27,97,22
89,87,73,41,29,28,60,7,52,21,92,81,32,57,71,72,84,86,43,50,40,77,19,53,14,18,20,13,2,17,35,22,31,8,34,98,66,93,97,6,55,94,70,24,10,36,85,96,4,3,15,58,83,33,95,88,0,78,42,99,63,76,74,12,79,44,51,59,27,48,64,5,26,82,16,25,37,11,75,68,46,30,56,61,91,47,45,23,1,65,9,80,90,67,38,49,62,69,39,54
12,35,97,77,9,36,31,17,34,57,3,8,76,82,89,30,41,53,81,64,39,14,0,27,16,56,23,86,52,44,91,32,37,33,88,79,61,19,43,62,11,4,40,74,42,85,58,20,70,93,95,54,60,7,63,72,5,83,1,25,84,92,6,69,51,38,75,10,24,59,90,28,18,98,15,68,22,48,96,67,49,29,26,94,78,13,71,2,73,46,65,50,99,21,55,45,66,80,47,87
74,87,16,23,50,3,63,71,94,46,88,90,0,36,84,75,78,57,47,19,30,42,28,21,49,7,55,68,18,15,41,77,51,12,62,35,43,38,40,52,20,33,8,54,48,11,83,66,67,61,92,6,95,81,10,93,72,22,31,37,85,34,39,9,44,29,64,17,53,80,73,56,79,24,99,98,14,69,89,2,60,70,86,58,91,76,32,26,4,5,59,96,25,13,65,82,1,45,97,27
13,32,66,1,0,28,46,19,10,97,84,41,48,59,27,53,95,98,29,68,5,58,26,99,71,24,42,78,89,9,94,39,22,44,82,87,90,36,6,17,83,62,57,72,31,85,18,96,12,51,2,76,47,80,8,4,73,55,43,14,23,69,56,49,91,40,45,64,7,70,16,65,77,92,63,54,74,34,33,50,67,88,52,11,93,37,15,38,3,75,35,30,61,79,25,60,81,21,86,20
8,18,10,66,38,12,5,52,34,47,41,60,82,99,20,24,19,29,81,26,75,50,77,63,35,22,87,48,51,13,54,40,93,1,4,6,11,30,98,86,23,25,16,74,90,56,80,76,68,44,27,89,42,33,45,15,3,43,96,64,0,88,28,31,67,73,91,14,65,84,55,72,95,9,7,69,32,58,53,59,92,79,70,39,83,61,97,36,71,17,57,2,21,49,62,46,85,78,94,37
48,76,4,58,12,25,29,51,99,96,71,15,70,44,13,2,27,88,82,39,97,18,28,98,75,49,55,41,22,38,89,16,63,56,1,78,80,26,94,92,31,10,42,33,83,68,64,21,37,69,77,52,60,84,73,11,53,23,20,87,32,43,95,24,93,36,74,40,79,6,59,30,45,0,85,50,57,91,17,7,65,61,14,19,86,35,46,66,8,47,5,72,34,90,9,62,67,54,81,3
53,34,24,94,75,26,14,23,64,76,83,5,47,89,51,88,0,35,31,29,32,60,38,3,37,8,56,28,33,18,52,39,2,80,36,11,95,63,50,91,46,57,25,84,71,73,69,27,59,19,67,58,49,13,9,74,6,1,85,96,86,92,45,4,82,22,81,65,77,98,68,78,48,17,72,40,30,66,55,41,10,7,44,70,79,61,43,20,90,42,99,12,87,15,21,97,62,16,54,93
0,47,34,95,31,16,11,84,14,83,86,33,66,74,78,51,2,37,18,59,73,8,91,4,55,44,93,42,90,17,89,82,10,1,79,75,85,77,76,54,96,22,46,26,97,52,25,13,64,39,63,36,21,69,45,61,29,30,53,88,72,12,9,38,87,49,41,7,35,23,58,60,56,5,81,15,94,24,48,19,43,92,6,68,3,50,65,32,62,70,71,80,57,20,67,27,98,28,40,99
16,90,46,13,65,78,68,36,84,0,48,89,91,50,79,32,41,11,85,57,1,51,42,66,17,8,87,88,64,28,67,97,83,21,44,81,15,80,98,72,19,20,10,4,31,95,61,59,96,3,60,30,58,94,34,2,76,82,56,14,43,49,77,53,63,73,23,93,62,22,40,52,7,27,29,55,9,18,35,86,38,5,24,45,70,39,25,37,33,92,69,75,26,74,47,71,6,12,99,54
37,62,42,19,68,80,81,72,52,73,74,7,63,16,46,82,93,96,59,77,99,27,53,5,3,38,60,18,17,91,89,48,36,24,39,57,9,78,31,69,35,84,2,41,14,86,67,49,75,8,90,26,92,61,58,50,56,51,76,98,10,71,32,23,87,12,33,64,47,85,45,34,43,30,83,21,88,40,54,20,6,13,66,44,55,70,0,25,11,95,4,28,97,1,22,65,29,79,15,94
54,59,89,87,32,55,27,56,30,92,94,86,47,60,77,71,28,4,6,90,8,49,63,31,9,39,35,84,18,50,76,73,15,42,99,96,26,34,25,45,13,12,58,21,36,75,48,81,91,19,78,93,23,44,37,46,74,0,72,68,88,2,17,33,85,24,69,97,82,80,5,1,16,20,98,53,52,62,51,65,79,40,70,14,83,64,7,3,61,22,41,57,95,11,67,10,43,38,29,66
5,20,78,38,10,21,91,47,52,95,69,22,29,94,4,44,41,64,74,76,98,59,13,68,37,16,9,61,15,30,42,62,1,67,73,26,63,6,28,35,39,77,83,89,53,25,93,66,81,46,48,18,99,55,58,71,33,97,19,88,2,56,85,90,24,84,54,40,50,86,0,72,34,3,92,8,43,17,87,96,23,32,57,45,70,12,36,11,80,14,51,31,49,60,75,27,79,7,82,65
14,74,10,37,3,27,80,84,35,31,85,65,11,95,52,21,8,0,28,89,51,1,43,20,69,93,62,67,18,23,47,15,58,6,87,29,92,53,73,82,34,46,60,19,38,71,12,7,17,5,59,36,40,78,42,56,97,49,81,22,24,75,33,45,91,90,57,41,94,13,86,66,16,76,30,88,72,54,25,77,4,79,32,63,39,48,26,9,44,64,55,70,99,96,2,83,61,68,98,50
44,19,72,10,17,51,14,58,31,67,26,90,21,69,6,59,84,93,73,37,91,36,32,61,7,99,50,95,40,45,30,83,92,46,0,77,80,56,94,11,60,79,25,38,55,1,8,23,87,66,28,52,48,39,3,96,49,35,74,5,13,89,54,63,97,53,18,34,22,76,29,33,24,42,85,4,41,70,71,86,15,62,68,27,65,2,78,47,43,20,81,57,88,98,75,82,12,64,16,9
21,22,24,81,83,60,88,31,34,73,65,93,39,95,4,82,91,80,13,7,10,32,67,87,17,20,0,75,76,62,54,44,9,26,51,52,58,46,18,42,97,48,1,85,40,64,94,71,74,98,8,49,78,5,70,63,23,3,61,68,41,38,89,16,84,30,57,66,79,19,25,56,2,36,77,90,59,6,92,29,99,33,35,28,47,86,37,50,53,14,45,11,12,72,55,69,43,27,15,96
33,55,39,51,66,76,97,30,19,14,8,65,0,54,23,41,44,92,67,60,64,74,4,45,84,50,42,88,24,29,25,49,40,22,85,15,17,80,56,69,53,75,73,58,43,99,7,77,2,63,36,70,52,47,38,59,78,79,81,96,9,37,48,34,35,5,86,31,18,6,94,87,28,16,13,91,62,82,46,90,68,57,61,89,95,3,93,1,27,11,71,10,72,20,12,21,26,83,98,32
91,82,61,52,9,8,84,43,98,34,5,13,2,73,6,79,27,78,15,81,25,12,46,17,75,39,89,53,59,54,10,67,70,76,29,92,32,18,31,49,60,24,95,14,57,58,47,56,35,55,72,42,21,1,64,93,11,36,90,37,20,85,16,63,50,0,23,33,4,74,80,30,19,71,26,41,97,40,77,87,44,51,62,88,3,45,66,22,38,99,68,83,48,28,7,69,65,94,86,96
71,84,5,38,43,86,60,37,26,94,8,89,12,54,18,95,36,40,88,75,87,62,55,78,77,7,4,46,24,29,79,97,34,23,80,10,74,90,51,81,65,2,42,25,76,20,53,85,32,56,50,47,14,82,30,63,31,72,33,21,11,93,22,28,67,99,39,70,64,98,6,27,16,1,44,15,57,48,83,35,59,17,73,58,96,91,41,3,9,45,49,92,66,0,68,52,19,61,69,13
80,95,62,68,37,90,55,67,12,2,26,31,56,42,49,40,16,57,8,79,7,5,30,33,93,92,18,29,70,14,91,75,36,82,38,65,0,84,1,19,78,35,94,81,97,41,22,86,69,6,3,10,11,27,4,58,43,17,83,98,25,73,13,32,76,23,74,89,72,20,39,9,46,47,34,96,66,54,53,44,51,61,63,50,64,48,24,85,88,28,45,87,77,15,71,21,99,60,52,59
93,85,19,87,31,91,14,24,56,35,17,70,95,83,51,41,89,65,66,63,68,55,46,62,67,37,30,84,45,40,29,6,78,36,58,10,34,73,74,28,8,99,76,98,71,48,60,5,26,90,9,16,61,97,32,54,72,23,1,0,47,15,82,25,39,11,7,59,42,88,38,21,43,27,92,64,2,33,20,50,22,44,77,96,57,69,53,18,81,3,4,13,75,79,94,52,12,86,80,49
85,33,62,2,73,32,17,99,14,44,93,72,52,35,15,92,31,70,28,61,76,38,5,21,6,25,49,34,79,9,51,58,83,88,45,13,86,26,40,55,27,8,63,67,23,69,47,75,78,22,20,29,30,68,65,71,42,91,43,24,74,7,81,11,46,1,16,54,87,98,84,39,53,60,80,0,66,4,41,48,50,3,36,95,18,97,64,56,77,37,82,89,12,90,19,94,59,57,10,96
61,28,3,83,10,92,62,17,81,72,86,71,97,36,39,67,37,15,42,23,12,51,68,1,32,14,20,2,87,11,34,98,40,80,53,89,0,7,91,6,25,33,19,48,57,5,84,27,55,41,56,76,24,79,82,78,59,4,50,65,44,88,29,75,38,58,45,69,73,70,54,64,94,8,30,90,60,85,66,26,9,13,22,16,31,49,77,52,43,95,74,47,63,96,46,35,18,21,93,99
89,2,54,3,60,66,14,52,19,64,85,28,43,23,92,82,34,73,22,97,67,16,35,91,25,31,98,78,29,1,30,75,71,11,27,18,95,51,83,39,77,36,93,65,13,81,46,72,63,53,79,8,0,80,57,59,9,74,68,41,58,48,24,96,61,49,17,10,86,38,37,55,12,87,21,42,99,47,44,15,50,6,70,33,84,40,56,94,26,62,32,7,90,45,69,76,4,88,20,5
57,16,91,28,68,81,76,84,61,66,92,73,96,17,93,36,99,2,10,9,20,86,3,11,30,40,58,15,90,56,1,74,80,94,85,45,4,95,44,54,82,50,5,72,70,53,24,49,33,75,60,67,7,32,13,21,29,41,38,89,34,59,23,62,12,47,71,27,63,77,64,19,37,18,22,51,26,31,48,39,55,52,98,14,35,8,0,69,6,65,42,79,78,88,83,87,46,43,25,97
59,31,70,38,7,56,47,68,44,23,3,8,52,25,54,81,78,69,93,15,43,90,83,57,39,37,76,73,96,61,92,79,88,0,97,67,48,35,32,91,80,89,58,77,62,66,33,95,71,10,18,98,45,13,27,82,53,14,42,19,85,6,87,84,63,74,55,11,22,12,9,26,46,34,75,94,72,51,49,28,5,20,65,36,41,24,29,17,2,4,21,30,60,86,16,50,40,64,99,1
33,60,75,89,53,45,72,94,40,42,7,66,83,28,51,67,50,16,64,54,6,80,92,62,86,8,5,32,84,74,57,11,97,52,78,13,22,99,93,55,87,30,98,17,20,37,43,70,95,15,79,68,46,23,41,56,18,34,76,47,38,19,61,69,91,2,31,73,58,63,35,36,27,81,12,14,24,59,3,4,88,1,25,39,21,29,48,0,10,9,96,26,44,49,65,90,82,85,77,71
18,31,56,10,40,29,88,27,42,30,25,70,93,16,61,84,89,48,28,41,96,11,23,92,85,45,24,37,91,62,19,3,95,33,64,72,1,43,74,58,81,35,69,4,76,7,99,63,94,71,82,60,98,9,5,79,50,53,49,46,22,15,75,32,68,34,83,6,38,66,2,21,78,77,13,55,65,14,47,44,73,86,26,20,67,17,52,97,54,80,0,87,51,59,12,57,8,90,39,36
71,73,47,18,6,60,75,53,16,24,54,41,22,13,81,87,98,27,42,86,10,51,69,72,34,12,46,49,80,99,56,15,9,89,93,57,5,68,8,52,44,82,7,48,63,31,21,37,39,55,59,66,19,70,36,77,91,28,62,3,23,26,78,74,65,4,43,17,29,94,67,96,85,61,83,92,76,11,97,2,50,14,79,84,35,38,25,1,88,64,33,40,45,32,90,58,20,30,95,0
72,33,74,6,57,69,35,73,9,14,16,89,46,52,19,11,59,78,91,95,34,4,0,67,92,79,50,12,96,68,7,2,80,38,40,86,36,76,84,62,85,3,54,97,71,41,29,24,98,44,66,94,93,17,77,5,88,18,42,99,51,10,65,25,26,30,61,28,60,90,32,27,48,13,20,1,49,63,37,15,58,31,82,39,43,55,81,70,53,8,47,75,21,56,23,83,22,45,64,87
87,92,79,80,15,20,4,10,34,37,81,59,88,12,5,53,56,33,73,64,45,1,61,90,39,68,7,99,43,8,74,82,24,32,35,57,38,71,95,23,49,97,21,17,77,85,63,55,91,41,78,98,48,18,84,44,75,3,27,89,62,14,67,96,16,69,76,51,11,40,83,36,70,94,2,93,46,72,50,54,19,29,13,86,6,60,25,65,66,22,30,26,9,47,58,31,28,42,52,0
29,91,40,67,18,54,38,2,95,60,21,72,79,64,14,22,49,85,12,6,17,78,88,62,44,39,35,57,66,77,68,33,23,87,92,89,16,98,76,45,3,55,24,82,19,8,4,52,27,75,5,73,32,50,26,0,7,97,47,69,59,83,99,1,58,81,42,90,61,70,71,15,94,46,11,13,74,53,9,86,37,10,96,56,41,48,65,43,25,80,93,51,31,63,34,20,36,30,84,28
8,71,30,64,37,45,63,49,52,32,9,87,91,18,22,16,27,60,53,59,43,19,46,89,23,25,13,4,62,14,81,58,20,77,80,79,48,36,0,28,54,75,17,61,99,98,68,47,57,69,34,6,41,85,92,93,40,21,24,82,88,38,31,76,51,66,3,73,84,1,74,11,56,7,55,78,42,70,29,5,96,83,26,50,94,67,97,44,15,86,39,10,33,12,65,35,2,95,90,72
37,23,33,62,96,73,87,76,89,25,29,94,65,42,43,81,24,61,74,16,15,3,77,75,68,13,4,55,27,47,26,51,91,80,59,54,31,17,5,34,83,71,99,14,2,86,92,56,19,72,90,28,0,30,11,88,1,20,85,21,52,40,44,22,60,8,95,79,9,18,98,66,49,39,53,58,38,78,35,36,93,48,12,97,70,32,84,50,45,10,64,7,67,69,57,6,46,63,41,82
76,59,82,61,30,44,75,1,66,57,38,86,63,5,93,21,70,9,90,19,84,78,95,0,3,51,99,36,73,11,20,68,24,46,55,88,69,97,17,83,27,50,96,8,48,18,85,60,53,13,87,37,25,12,64,58,15,81,28,45,54,80,72,7,65,92,29,35,79,71,6,41,4,77,31,16,43,91,10,39,49,42,56,94,14,62,32,40,23,33,26,89,98,52,2,67,34,22,47,74
12,40,30,59,87,48,63,55,25,97,15,2,29,68,83,57,77,81,52,60,17,38,67,66,47,95,8,0,9,33,99,56,71,62,98,24,88,72,39,79,1,69,73,49,74,7,58,19,93,42,80,5,96,46,54,44,50,78,22,84,82,76,43,26,90,34,91,75,6,28,4,18,89,37,36,35,41,20,94,61,16,65,11,86,92,21,27,53,3,23,85,13,31,14,70,51,32,10,64,45
78,88,22,57,89,42,97,87,63,19,38,1,71,60,45,94,14,62,72,6,68,99,77,51,73,27,81,8,17,47,76,21,69,79,23,0,18,49,50,93,67,96,13,80,35,61,64,46,16,92,5,90,24,34,29,53,56,83,44,26,85,28,4,9,2,43,74,54,31,37,65,48,39,75,3,58,86,36,12,20,52,55,40,70,25,41,95,11,30,33,59,66,98,82,32,91,84,7,10,15
44,21,2,22,57,38,10,58,87,42,12,50,82,26,15,37,40,60,83,8,20,23,53,67,49,9,89,69,88,46,5,84,6,91,28,66,75,71,39,54,86,1,61,77,95,30,98,43,63,48,78,36,74,41,96,72,24,65,31,73,81,19,79,93,62,64,59,51,25,55,11,29,27,70,76,92,18,85,33,16,34,32,56,47,68,90,52,45,13,3,94,80,17,99,7,0,35,14,97,4
47,91,42,23,0,13,14,10,28,45,71,78,87,7,74,43,1,24,58,68,29,56,54,83,32,16,44,31,84,17,73,93,25,39,85,6,81,95,59,37,61,98,67,20,51,27,64,15,99,79,4,46,55,86,66,50,9,96,18,52,19,65,21,26,38,77,40,97,34,62,94,69,22,76,49,11,80,3,53,72,5,8,2,88,36,57,63,30,82,33,90,60,75,12,48,92,89,35,41,70
9,28,33,62,76,93,23,40,95,41,7,15,88,5,67,66,4,54,90,86,97,81,42,59,65,32,78,85,75,99,20,70,45,34,6,68,26,94,35,46,79,80,91,18,44,50,98,60,1,36,37,27,64,22,14,53,39,16,69,63,57,74,12,48,17,8,2,47,31,19,30,96,51,11,10,61,84,49,92,73,56,87,25,24,43,77,52,83,89,82,0,3,29,38,21,71,72,13,58,55
97,69,8,11,72,51,37,41,71,98,50,27,61,58,49,91,66,28,24,6,60,36,19,57,16,31,40,35,62,46,92,14,44,53,95,64,12,74,9,96,76,34,94,52,22,93,87,43,99,13,47,80,20,48,3,59,65,21,83,82,86,1,33,30,73,10,67,42,77,84,0,17,39,29,32,15,7,88,45,4,2,38,70,79,78,23,85,18,25,56,68,75,63,26,55,5,81,54,89,90
55,89,51,80,74,5,26,93,38,43,25,13,20,2,39,82,64,76,67,49,73,41,97,14,8,48,90,81,35,19,7,4,57,36,1,95,94,96,61,18,98,42,15,53,33,44,17,60,24,79,56,23,68,59,9,66,40,77,28,58,32,78,3,54,83,65,63,45,85,99,47,27,46,70,92,12,37,10,52,16,22,87,21,88,72,29,11,75,6,62,91,31,69,34,30,0,84,71,50,86
18,58,75,50,76,40,5,31,34,98,78,41,12,28,42,35,48,63,60,74,95,4,9,0,2,49,94,61,90,59,23,79,26,83,72,91,33,13,55,39,51,88,96,65,93,19,21,89,29,22,27,52,80,45,8,6,56,43,16,87,47,62,7,53,69,15,67,36,73,86,54,97,14,66,32,85,10,99,1,11,82,3,64,24,30,46,84,17,71,81,25,38,70,44,20,57,68,92,37,77
24,41,95,15,81,14,48,74,54,46,26,39,20,47,99,64,98,16,89,13,80,66,21,40,0,92,10,31,27,23,1,53,79,19,65,61,90,78,38,30,42,32,49,84,2,72,50,22,82,35,7,56,60,36,97,29,85,51,77,71,9,5,87,96,55,94,83,88,76,73,63,4,11,67,52,70,69,86,8,17,45,6,91,62,18,37,33,58,34,25,57,28,75,12,59,43,93,44,3,68
73,90,63,50,33,48,41,98,2,21,37,92,91,19,57,13,4,45,78,61,75,25,3,54,39,43,97,29,96,27,9,24,26,64,0,59,65,6,42,17,80,76,72,15,70,28,44,12,62,11,89,36,69,60,32,87,52,38,66,1,58,83,23,14,18,95,86,5,40,77,47,94,71,51,46,20,22,55,84,53,34,68,35,85,81,93,67,7,8,31,16,56,88,10,82,79,99,49,30,74
41,27,97,70,18,34,9,32,81,26,57,1,64,94,63,86,91,99,87,98,72,51,5,39,4,29,47,10,8,22,52,88,66,89,77,45,11,68,69,83,79,28,2,60,92,75,50,36,33,73,74,65,0,56,13,21,62,59,82,85,61,48,71,55,12,93,16,84,46,80,17,96,43,37,25,15,19,58,54,40,49,78,6,44,31,76,24,90,7,38,95,23,67,20,30,42,3,35,53,14
58,97,48,9,5,22,1,79,67,86,21,72,68,41,93,70,77,15,23,78,26,56,39,82,14,63,69,50,35,49,94,60,81,74,44,47,25,27,91,84,33,3,10,18,87,19,31,96,54,85,17,6,24,43,52,98,42,73,76,88,62,38,65,75,13,46,64,89,66,53,40,16,61,99,37,57,80,90,2,34,4,30,45,12,28,36,32,8,29,0,51,83,11,55,95,7,20,71,92,59
69,56,44,65,17,95,53,86,36,39,49,19,6,21,78,96,4,12,94,16,58,55,64,63,38,76,8,13,30,75,35,97,51,28,48,52,88,3,43,50,73,37,62,68,84,22,11,42,89,57,59,67,32,99,2,71,40,93,10,25,98,27,91,79,90,26,20,45,70,24,47,29,5,81,54,34,41,66,92,77,31,87,74,60,80,7,82,1,23,9,0,85,14,83,72,61,18,15,33,46
98,34,49,36,4,96,27,6,87,12,62,22,52,29,63,25,20,38,68,50,9,72,40,17,5,99,94,57,11,88,71,67,16,39,18,89,66,28,84,64,93,13,80,74,69,78,48,79,31,51,82,47,55,7,32,14,45,21,46,76,41,10,83,77,23,91,86,73,37,15,35,65,43,24,8,33,26,56,60,54,2,61,0,1,85,70,53,58,95,3,59,92,81,30,97,19,75,90,44,42
41,25,6,11,34,40,38,59,4,42,69,78,63,20,19,58,33,18,89,23,94,80,5,24,68,7,49,82,8,9,54,96,57,26,50,72,79,29,16,66,98,17,93,3,30,45,99,91,88,86,43,21,44,75,77,73,55,13,47,67,84,2,48,46,81,0,62,36,27,95,83,87,74,14,53,15,90,52,31,71,60,56,61,64,65,32,97,76,1,92,85,28,10,70,51,39,12,37,22,35
94,31,56,63,88,81,75,99,29,20,85,12,39,14,71,55,72,16,17,60,0,22,78,21,8,86,90,6,48,19,32,53,38,96,54,51,11,67,57,70,49,28,59,43,18,84,62,73,41,46,74,40,91,36,42,61,65,30,77,7,44,26,97,87,33,98,10,58,5,47,92,2,1,34,89,35,15,68,9,69,50,37,3,66,64,52,45,83,23,80,79,76,95,93,25,4,82,27,13,24
31,76,12,88,14,83,11,56,26,67,10,66,47,55,72,40,62,15,92,32,23,16,81,39,20,68,96,77,5,57,93,79,85,0,65,27,60,17,87,86,74,54,36,64,63,46,73,38,9,58,80,94,61,19,84,99,30,70,1,22,18,97,44,89,37,13,82,29,3,51,48,98,52,45,33,2,95,75,91,59,7,78,8,21,28,24,53,25,50,49,43,34,35,4,71,69,41,90,6,42
18,86,56,82,19,6,0,50,44,77,37,11,62,72,81,22,30,4,5,90,14,38,70,94,83,16,85,89,67,29,84,13,31,59,66,2,92,61,98,63,96,47,20,21,69,53,68,15,28,57,7,9,54,79,33,12,49,26,95,76,43,27,3,75,41,74,60,51,64,42,73,23,40,48,24,39,34,80,10,25,87,35,36,88,91,97,1,58,46,8,93,71,99,78,32,65,17,52,55,45
14,89,24,54,93,29,46,0,96,76,42,20,41,1,30,44,92,16,23,67,60,59,57,98,11,38,81,7,86,27,15,80,47,94,82,40,97,35,36,21,12,85,71,66,33,4,50,99,72,10,39,63,55,56,95,64,37,6,31,28,5,22,79,48,78,83,88,91,49,13,43,70,34,45,2,51,58,65,77,18,84,73,26,32,9,52,19,53,61,3,74,90,25,68,87,75,62,8,17,69
52,9,6,51,66,34,20,87,62,37,60,83,38,26,54,36,82,59,19,33,53,29,5,67,21,16,3,1,92,11,49,93,58,69,39,72,7,76,86,98,35,71,27,24,63,57,80,30,31,14,96,23,50,91,73,99,32,12,77,68,41,64,44,46,25,43,42,40,2,65,90,47,75,74,79,97,4,48,85,95,88,61,81,15,28,78,8,84,18,17,10,0,56,45,22,94,13,70,89,55
89,75,44,93,71,81,62,5,34,23,63,76,35,50,48,26,9,16,37,3,29,67,24,70,38,2,74,7,30,54,36,65,43,98,84,49,69,52,53,46,55,10,45,85,0,92,15,95,90,12,80,22,64,82,87,20,60,88,31,13,6,40,1,25,39,59,83,21,79,28,94,96,57,11,56,19,58,27,17,99,18,41,66,61,97,51,72,8,86,14,32,33,42,78,68,77,4,73,47,91
