0,1,2,3,4,5,6,7,8,9,10,11,12,13,14,15,16,17,18,19,20,21,22,23,24,25,26,27,28,29,30,31,32,33,34,35,36,37,38,39,40,41,42,43,44,45,46,47,48,49,50,51,52,53,54,55,56,57,58,59,60,61,62,63,64,65,66,67,68,69,70,71,72,73,74,75,76,77,78,79,80,81,82,83,84,85,86,87,88,89,90,91,92,93,94,95,96,97,98,99,100,101,102,103,104,105,106,107,108,109,110,111,112,113,114,115,116,117,118,119,120,121,122,123,124,125,126,127,128,129,130,131,132,133,134,135,136,137,138,139,140,141,142,143,144,145,146,147,148,149
0,1,2,3,4,5,6,7,8,9,10,11,12,13,14,15,16,17,104,53,20,21,24,23,92,42,26,22,28,29,30,98,32,33,34,35,125,37,67,39,40,41,64,54,44,45,46,47,31,49,50,51,79,27,48,55,56,25,58,43,60,61,62,63,136,65,66,36,68,69,70,71,72,73,74,80,76,77,78,38,52,127,82,83,84,85,86,87,88,89,90,91,146,93,128,95,96,97,121,99,100,101,102,103,108,105,106,107,129,109,59,111,112,113,114,115,110,117,118,119,120,75,122,123,18,116,126,19,94,81,130,131,132,133,134,135,124,137,138,139,140,141,142,143,144,145,57,147,148,149
25,1,112,3,61,5,6,42,8,9,10,11,12,13,14,15,16,17,104,53,20,21,149,23,92,122,26,22,28,29,39,98,32,33,88,81,125,37,67,102,40,30,64,118,128,45,46,146,31,49,2,51,79,27,48,55,56,41,7,43,60,121,62,63,136,65,66,4,68,69,70,71,72,73,74,80,76,77,78,38,52,107,82,83,84,85,24,87,93,89,90,91,0,127,86,54,96,35,47,99,50,101,95,103,108,134,106,100,129,109,59,111,44,113,114,115,110,117,105,119,120,75,58,123,18,116,126,19,94,34,130,131,132,133,97,135,124,137,138,139,140,141,142,143,144,145,57,147,148,36
25,1,112,3,61,80,6,5,65,77,10,11,12,13,14,15,16,17,104,66,88,21,54,23,92,149,28,22,130,29,78,98,32,33,44,81,125,37,67,8,40,30,146,118,128,45,46,140,31,49,2,51,79,27,48,55,56,41,7,43,60,121,62,63,136,53,143,4,68,69,70,97,72,73,74,35,34,135,138,38,52,76,94,83,20,85,24,87,93,89,90,91,0,127,86,108,96,39,47,99,50,101,95,103,42,134,106,100,129,109,59,111,122,113,114,115,110,117,105,119,120,75,58,82,18,116,126,19,102,64,123,131,132,133,26,84,124,137,107,139,71,141,142,9,144,145,57,147,148,36
25,1,112,2,61,80,6,147,65,77,10,11,12,13,14,15,55,17,146,66,88,21,54,23,126,149,28,94,130,26,78,104,32,97,56,86,125,37,67,8,40,30,48,118,128,45,46,140,31,49,138,51,79,27,92,113,98,41,7,43,60,121,62,63,136,53,44,4,52,50,70,33,72,73,74,35,34,135,22,38,5,76,145,83,20,85,24,87,93,89,16,91,0,127,114,108,96,39,47,9,90,101,95,148,42,134,106,100,129,109,59,111,122,103,99,115,110,117,69,119,3,75,58,82,18,116,120,19,102,64,123,131,132,133,29,84,124,137,107,139,71,141,142,81,144,68,57,105,143,36
25,1,112,2,61,80,6,147,132,77,10,11,12,13,14,45,55,17,144,66,88,21,54,23,126,145,28,94,130,26,78,104,32,105,65,86,125,37,67,8,50,146,48,63,128,19,46,140,31,49,138,118,79,27,92,81,98,41,113,20,60,121,62,74,136,53,44,4,52,133,70,33,72,73,57,35,34,135,127,38,5,76,120,83,40,85,24,87,93,89,16,91,0,39,114,134,96,141,108,9,90,101,95,148,42,51,106,100,129,109,59,111,122,103,64,115,110,117,69,119,3,75,149,82,18,116,47,58,102,56,123,131,22,30,29,84,124,137,107,139,97,15,142,7,71,68,99,43,143,36
25,39,112,2,52,80,6,77,132,62,10,11,99,110,14,45,55,17,144,66,88,21,70,23,126,145,28,44,130,26,78,104,32,105,65,86,125,37,147,8,121,146,48,63,128,19,51,140,5,13,138,54,61,27,92,81,98,41,113,20,79,101,58,74,136,53,97,64,31,133,12,33,72,73,57,35,142,135,127,38,60,76,120,83,40,85,24,87,93,89,16,91,0,46,114,134,96,141,108,9,90,94,95,148,42,4,106,100,129,109,59,111,71,1,122,115,102,117,69,119,3,75,149,82,18,116,47,34,103,67,123,131,22,30,29,84,124,137,107,139,118,15,49,7,56,68,50,43,143,36
25,39,112,2,52,147,6,77,132,109,10,11,86,21,22,45,55,17,144,66,89,123,70,16,126,145,28,44,130,26,78,104,32,105,65,114,125,37,119,8,90,146,48,63,128,19,51,140,5,13,138,74,61,27,92,50,18,41,113,20,79,101,58,64,136,53,98,88,31,133,12,137,72,73,57,134,142,135,47,38,60,76,120,71,40,85,24,87,93,81,67,91,0,46,127,83,96,141,108,9,14,94,95,148,42,4,106,100,129,33,59,111,80,1,121,115,102,117,69,23,3,75,149,82,54,116,99,34,103,97,110,131,7,30,29,84,124,62,107,139,118,15,49,35,56,68,122,43,143,36
121,39,25,2,52,76,6,77,44,109,10,11,86,21,22,45,55,17,144,66,89,123,70,16,90,145,38,132,130,26,78,104,32,105,65,119,125,37,118,8,112,146,79,63,81,88,48,140,28,13,138,74,61,27,92,50,18,41,113,20,58,101,5,64,136,53,98,30,31,133,12,19,72,126,57,134,128,135,47,142,60,91,120,51,40,85,24,87,93,15,67,95,0,46,127,83,96,141,4,9,14,94,147,148,143,56,106,100,129,33,59,111,80,1,110,115,102,117,69,23,3,75,149,82,54,116,99,34,103,97,137,131,7,108,29,84,124,62,107,139,114,71,49,35,42,68,73,43,122,36
76,39,25,2,52,67,6,77,73,109,10,11,86,31,22,45,55,17,121,66,61,40,104,16,90,9,38,132,0,26,102,51,32,105,65,119,125,144,118,8,112,146,29,63,81,71,33,140,28,13,89,74,130,27,92,50,18,41,113,20,58,101,5,37,136,53,98,30,70,133,12,19,72,126,57,134,128,21,47,142,60,91,120,145,78,85,24,87,93,15,147,95,110,46,127,83,96,141,4,54,14,94,103,148,143,56,106,100,129,131,59,111,80,1,79,64,123,117,69,23,3,75,149,82,115,116,99,34,138,97,137,44,7,48,88,84,124,62,107,139,114,108,49,35,42,68,135,43,122,36
76,39,25,0,52,101,6,110,73,109,10,104,86,31,22,81,55,17,139,66,61,1,141,16,90,9,62,132,20,26,102,51,32,105,65,119,125,144,118,99,112,146,29,63,8,71,33,140,28,13,89,74,130,27,92,50,18,41,113,131,58,77,5,37,136,53,98,30,70,133,12,19,72,126,57,134,128,21,47,142,60,91,120,145,78,85,24,64,93,15,147,95,14,46,127,83,96,2,116,54,87,44,103,56,143,38,106,100,129,23,59,111,11,88,79,94,114,117,69,148,3,80,149,82,115,45,4,34,138,121,137,97,7,48,108,84,124,67,107,40,123,75,49,35,42,68,135,43,122,36
76,39,91,0,52,101,97,105,141,87,10,104,86,31,90,80,55,17,139,66,61,1,138,16,109,9,119,132,68,26,102,51,110,118,65,54,125,22,62,99,112,146,29,63,8,71,25,140,28,13,89,74,130,27,92,50,18,41,113,131,58,77,5,37,136,53,98,30,70,133,59,144,72,126,57,134,128,21,47,142,33,4,120,145,78,85,24,64,93,15,147,95,14,46,127,143,96,2,116,19,6,44,103,56,73,38,106,100,129,23,81,111,11,88,79,94,114,117,32,148,3,124,149,48,115,45,42,34,84,121,137,83,7,20,108,60,12,67,69,40,123,75,49,35,82,107,135,43,122,36
87,39,123,0,108,101,97,19,141,4,10,104,86,112,90,80,55,17,139,66,61,74,138,16,121,9,119,132,68,59,18,51,110,118,65,54,125,22,62,99,72,146,29,63,8,71,25,140,28,76,56,122,130,27,92,147,57,41,113,131,7,77,5,37,52,53,98,30,70,133,81,144,84,126,136,148,128,21,47,134,33,109,120,145,91,85,24,64,93,15,102,95,14,46,127,143,96,2,116,142,6,44,103,58,73,38,106,100,129,23,89,111,11,88,79,94,114,117,32,34,3,124,149,48,115,45,42,105,13,26,137,83,78,20,36,60,12,67,69,40,50,75,49,35,82,107,135,43,1,31
30,39,72,0,108,101,97,19,141,4,10,104,86,112,90,80,55,17,139,66,61,74,138,16,89,9,119,132,68,94,18,51,110,118,65,54,125,22,62,99,85,146,29,63,3,11,25,140,28,76,56,122,130,35,27,36,57,41,107,131,7,121,5,37,45,53,98,113,70,133,81,144,12,13,77,142,128,21,47,134,33,109,120,145,91,64,24,96,93,15,102,95,14,46,127,143,135,2,116,43,6,149,103,58,73,38,106,100,129,23,87,111,147,88,79,52,114,117,32,34,44,124,8,48,115,40,71,105,136,26,137,83,78,20,123,60,42,67,69,148,50,75,49,92,82,126,84,59,1,31
30,74,1,0,108,101,97,19,134,4,80,104,86,112,90,98,55,17,139,66,61,124,138,16,89,64,119,132,68,5,57,51,110,118,65,56,125,94,116,99,85,146,29,63,105,11,25,140,28,76,6,122,130,35,27,36,22,46,107,131,7,121,141,37,45,53,114,113,70,133,39,3,54,13,77,142,128,62,47,44,33,18,120,145,91,12,144,96,93,15,102,95,14,69,127,9,135,2,41,43,126,149,103,58,73,38,106,100,129,23,87,111,147,88,79,10,24,117,32,34,52,21,8,48,115,40,71,109,136,26,137,83,78,20,123,60,42,67,81,148,50,75,49,92,82,72,84,59,143,31
30,74,1,0,108,101,97,117,135,4,80,104,86,112,90,98,55,9,139,66,61,48,57,16,89,137,119,132,68,133,120,124,110,118,65,19,125,94,116,50,42,146,56,63,105,43,25,11,28,76,6,122,130,35,27,36,22,46,107,131,51,121,141,37,45,53,114,113,140,93,39,3,54,13,77,142,12,62,47,44,33,18,24,145,91,5,144,96,85,32,102,95,14,69,127,138,88,2,41,134,17,149,103,58,73,38,106,100,129,23,87,111,147,64,79,10,109,126,99,34,52,21,8,15,115,40,71,84,136,26,128,83,78,20,123,60,29,67,81,148,7,75,49,70,82,72,92,59,143,31
30,23,1,0,108,101,97,126,135,4,93,104,86,112,90,28,55,146,140,66,42,48,57,16,89,137,119,113,68,133,120,82,149,80,65,144,125,94,129,50,71,139,132,63,105,43,25,11,61,76,6,122,130,35,27,36,22,46,107,2,51,121,141,37,45,53,114,12,56,15,39,3,9,13,77,142,40,62,47,44,33,18,64,145,91,54,24,96,85,32,102,95,14,69,127,138,88,110,41,134,17,92,103,58,73,38,106,100,124,98,87,111,147,52,79,10,109,117,99,34,116,21,8,74,115,131,5,84,136,26,128,83,78,20,123,60,29,67,81,148,7,75,49,70,19,72,118,59,143,31
30,18,1,0,108,101,97,126,135,4,93,104,86,112,90,28,83,146,140,66,42,10,9,68,89,137,119,125,110,57,120,82,149,80,55,144,74,94,129,50,38,139,132,63,105,43,25,11,61,76,6,122,130,35,27,36,22,46,107,2,51,84,23,37,45,53,114,12,56,15,69,3,52,13,77,124,40,62,47,141,33,127,65,145,91,54,24,96,85,32,102,95,133,31,44,138,88,100,41,134,17,92,103,58,73,121,106,75,26,98,87,111,147,14,79,16,109,117,99,34,116,21,8,71,115,131,48,5,136,39,128,29,78,20,123,60,113,64,81,148,7,142,49,70,19,72,67,59,143,118
30,18,1,0,73,101,138,133,135,4,93,104,86,112,90,97,83,146,140,66,42,10,9,108,80,137,119,125,110,57,120,82,149,79,12,144,74,31,8,55,124,139,132,63,105,102,25,11,61,106,6,126,130,35,136,36,22,46,107,41,51,84,23,37,45,53,114,43,56,50,69,3,52,13,77,118,15,62,47,141,33,127,65,145,91,54,24,96,85,32,40,95,28,68,44,99,88,20,122,134,17,92,103,58,27,121,129,75,26,98,2,111,147,14,76,16,109,117,116,34,100,21,94,71,115,131,48,5,38,89,128,29,78,87,123,60,113,64,81,148,7,142,49,70,19,72,67,59,143,39
30,18,1,0,73,109,138,133,135,4,93,104,86,112,90,97,110,146,140,66,60,10,9,108,80,40,119,42,48,19,120,82,149,79,12,144,43,25,8,55,124,125,132,63,105,102,88,11,61,106,6,126,95,35,136,36,127,46,107,41,51,83,23,37,147,39,114,94,56,50,22,3,52,13,77,118,15,62,47,141,33,103,65,145,91,54,24,96,85,32,130,139,101,68,44,99,31,20,122,69,34,92,74,58,84,121,129,75,26,98,2,111,28,14,76,16,89,117,116,27,100,21,67,71,115,131,53,5,38,57,128,29,78,17,123,134,113,64,81,148,7,142,49,70,137,72,45,59,143,87
30,18,1,50,145,109,138,133,135,4,93,38,86,105,90,97,110,146,140,0,60,10,9,108,80,55,119,42,48,19,120,144,149,79,12,73,14,25,8,66,40,24,132,126,63,102,88,11,61,106,6,112,95,35,136,36,127,46,107,41,51,83,23,37,147,39,114,94,56,72,22,137,52,13,77,118,43,62,47,141,33,103,28,59,91,116,99,96,85,32,130,139,101,68,44,65,31,20,69,17,125,84,124,58,122,121,129,75,26,98,2,111,67,15,76,16,89,117,3,27,100,21,82,71,115,131,53,5,34,57,128,29,78,104,123,134,113,64,81,148,7,142,49,70,92,54,45,74,143,87
30,18,1,50,145,8,138,133,135,83,93,38,86,105,20,97,110,146,140,0,66,68,9,19,80,55,119,42,48,148,120,144,149,79,12,73,14,25,103,16,40,24,109,126,63,102,88,11,61,57,6,112,87,35,136,60,127,46,65,41,51,54,23,37,147,39,106,94,56,72,22,137,52,13,77,118,98,62,47,141,33,70,28,59,91,116,99,96,117,4,130,100,101,95,15,43,31,108,69,17,125,84,124,58,122,121,129,75,26,44,2,111,107,10,76,34,89,36,3,27,132,21,82,71,115,131,53,5,67,143,128,29,78,104,123,134,113,64,81,32,7,142,49,139,92,85,45,74,90,114
30,18,86,50,145,8,94,133,135,1,148,38,51,105,20,97,110,60,43,0,88,61,63,19,80,55,119,42,48,66,120,144,149,79,12,108,14,126,103,16,32,24,109,68,93,102,85,11,25,57,6,112,87,122,136,140,127,46,65,41,74,54,23,37,147,39,106,117,56,72,22,137,52,13,77,118,98,73,47,141,33,70,28,59,91,116,99,96,35,4,130,100,101,95,15,40,62,146,69,17,125,84,115,58,34,121,129,75,26,9,2,111,107,10,76,31,89,83,3,27,132,21,82,71,138,131,53,5,67,143,128,29,78,104,123,134,113,64,81,49,7,124,142,139,92,44,45,36,90,114
132,18,86,50,145,32,94,111,135,1,148,133,51,28,56,97,110,60,43,84,34,61,63,19,80,55,119,42,87,66,116,144,33,79,52,108,14,126,103,16,59,24,109,68,93,102,85,11,25,57,6,112,129,122,136,140,127,46,65,41,74,54,23,37,147,92,20,12,73,72,22,137,117,13,77,62,98,38,47,141,106,70,8,53,91,146,99,96,35,4,130,100,101,95,15,40,105,0,69,17,125,149,115,58,64,121,30,75,26,9,2,48,107,10,76,31,89,83,3,27,7,21,82,71,138,131,118,5,67,143,128,29,78,104,123,39,113,134,81,49,90,124,142,139,88,44,45,36,120,114
132,18,86,50,145,32,94,104,135,1,148,133,68,28,56,97,110,60,43,84,34,61,63,89,80,55,119,42,87,111,74,144,33,139,52,37,14,126,62,16,59,24,45,76,93,102,113,11,25,57,6,112,140,122,136,35,127,46,65,75,109,54,23,19,124,108,137,79,73,72,22,146,103,13,77,20,98,38,47,141,106,70,8,53,91,85,99,96,149,51,130,100,101,95,15,40,105,0,69,17,125,147,115,58,64,121,116,129,26,9,2,48,107,10,123,92,12,83,3,27,7,21,82,71,138,131,118,5,67,143,128,29,78,41,31,39,117,134,81,49,90,30,142,4,88,44,66,36,120,114
132,18,139,50,145,32,135,104,77,1,148,66,88,39,127,49,60,133,43,55,34,125,63,89,80,74,119,42,87,111,85,144,33,30,52,37,14,126,62,16,59,24,45,76,93,102,113,110,25,57,6,112,140,122,136,17,138,46,146,75,109,65,23,19,124,108,137,79,73,72,83,11,103,13,84,20,98,38,47,141,106,70,94,53,91,97,99,96,149,51,130,100,101,95,15,40,105,0,69,22,35,147,115,58,64,121,116,129,26,28,2,48,107,10,123,92,12,8,3,27,7,21,82,61,142,131,118,5,67,143,128,29,86,41,31,56,117,134,81,54,90,9,78,4,71,44,68,36,120,114
132,18,76,50,12,80,135,104,77,1,148,47,95,39,127,49,60,78,43,55,34,125,63,89,85,73,119,42,87,111,16,144,33,79,52,37,14,126,62,32,59,74,45,58,93,102,24,110,25,57,66,112,140,122,136,17,138,69,68,75,109,41,23,19,124,108,137,7,88,72,6,11,103,13,84,20,98,38,146,141,106,70,94,53,91,65,99,96,149,51,130,100,101,147,15,113,105,0,145,22,35,83,115,134,64,107,116,129,26,28,2,48,139,10,123,92,133,8,3,27,46,21,82,61,142,131,30,5,67,143,118,29,86,128,31,56,117,121,81,54,90,9,97,4,71,44,40,36,120,114
132,18,76,50,83,80,135,4,77,1,148,47,95,39,104,49,60,78,43,55,34,146,63,89,85,117,119,42,87,111,16,144,33,79,52,15,14,126,48,107,59,74,133,58,38,6,24,17,25,57,66,88,140,127,136,125,138,73,12,67,109,41,23,19,124,108,137,7,32,72,37,93,103,13,84,20,98,102,30,141,106,70,94,53,91,65,45,96,149,51,130,100,122,147,61,113,105,0,145,22,35,101,115,134,64,131,116,129,26,28,2,99,112,10,123,92,118,8,3,27,46,21,82,11,142,68,75,5,69,143,139,29,86,128,31,56,110,121,81,54,90,9,97,62,71,44,40,36,120,114
132,146,76,143,83,58,129,4,77,97,148,47,95,31,104,49,60,1,50,39,34,70,63,149,82,117,119,42,29,111,73,144,33,55,78,15,14,126,48,87,59,74,133,80,38,6,24,17,25,57,135,16,140,127,136,125,88,138,12,67,109,41,23,19,124,108,137,7,32,72,85,93,103,13,84,20,98,102,30,141,106,66,94,53,91,101,45,96,107,51,130,100,122,147,61,113,105,0,145,22,35,37,8,134,64,131,116,11,26,28,2,99,112,10,123,92,118,79,3,27,46,21,18,69,142,68,75,5,115,43,139,120,86,128,89,56,110,121,81,54,90,9,52,62,71,44,40,36,65,114
132,146,76,143,141,58,129,4,28,109,32,47,148,31,104,49,52,48,50,39,34,70,63,149,82,29,119,42,131,105,73,77,33,55,78,15,14,126,41,87,59,91,43,80,38,6,24,17,25,57,97,16,140,127,136,125,88,138,12,67,60,75,8,144,124,108,137,74,37,72,85,93,103,13,84,20,83,102,30,133,106,66,19,53,95,101,45,96,107,51,130,100,122,1,61,113,94,0,145,22,35,120,23,134,64,2,116,11,26,117,98,99,112,10,123,92,118,79,3,27,46,21,147,69,142,68,18,5,115,65,139,111,86,128,89,56,110,121,81,54,90,9,135,62,71,44,40,36,7,114
132,123,76,126,141,58,129,4,28,109,134,47,148,31,104,49,146,135,50,83,34,70,63,120,82,29,52,42,131,14,85,77,33,55,78,15,39,147,41,87,59,106,43,53,32,6,24,17,25,57,97,16,140,127,136,125,80,138,12,67,19,75,8,144,124,108,137,74,37,72,149,93,103,13,84,20,62,102,30,133,60,66,73,68,95,101,110,96,107,51,130,100,122,1,61,112,94,0,145,22,35,113,23,45,64,2,116,11,26,117,98,99,91,65,79,92,118,121,3,27,46,21,38,69,142,119,18,5,115,143,139,111,86,128,89,56,10,36,81,54,90,9,105,88,71,44,40,48,7,114
132,123,76,126,141,58,86,4,28,109,134,114,148,31,104,13,146,135,50,83,34,117,63,91,147,29,56,42,40,14,85,77,33,55,120,12,39,80,41,87,128,106,43,53,47,6,24,17,25,57,97,16,52,127,136,59,82,138,27,67,19,75,8,144,124,70,137,74,37,49,149,93,103,35,84,20,62,102,30,140,60,66,73,68,95,101,110,96,107,51,79,100,122,1,61,112,94,0,145,89,78,113,23,45,64,15,116,11,26,125,98,99,129,32,130,92,118,121,3,65,46,21,38,69,142,119,18,5,115,2,139,111,108,133,81,131,10,36,143,54,90,9,105,88,71,44,22,48,7,72
132,123,76,49,56,58,86,25,28,109,134,114,148,31,104,13,146,37,50,83,4,136,63,90,147,29,40,61,84,14,85,77,33,55,45,12,47,71,41,87,128,106,43,53,80,6,24,34,60,126,97,16,52,127,120,59,82,138,27,67,19,75,8,144,124,70,137,74,36,21,149,93,103,35,42,20,62,102,30,117,17,66,73,68,95,101,110,96,107,51,15,0,122,18,57,112,94,108,145,89,78,113,23,79,64,100,116,11,26,125,98,99,39,32,130,92,1,121,3,65,46,129,38,69,142,119,135,5,115,2,139,111,118,133,81,131,10,91,143,54,140,9,105,88,141,44,22,48,7,72
132,138,37,49,56,58,54,25,28,109,134,114,148,104,92,13,146,55,50,106,4,136,63,90,147,29,40,17,84,14,85,77,33,7,97,12,83,88,87,91,128,107,43,53,71,10,24,34,60,126,44,16,52,127,120,59,82,31,27,47,67,75,80,144,124,70,137,74,36,21,149,93,103,35,42,20,62,102,30,117,8,66,73,68,95,101,110,96,123,51,15,61,122,18,57,112,0,108,145,89,78,113,23,79,64,100,116,11,26,125,98,99,39,45,130,22,1,121,3,65,46,129,38,69,142,119,135,94,76,2,139,111,115,133,81,131,118,86,143,5,140,9,105,32,141,41,19,48,6,72
132,138,37,49,56,58,21,54,28,35,134,114,148,111,141,13,146,55,50,106,4,136,63,90,147,71,40,17,145,14,85,77,60,109,97,46,83,88,100,91,128,107,43,53,33,10,24,34,48,126,44,16,52,127,7,59,89,31,27,47,67,75,62,144,124,70,137,74,36,140,149,8,103,120,42,20,25,102,30,117,51,66,73,68,95,101,110,104,123,92,15,61,122,18,57,112,84,108,22,98,78,113,23,79,64,93,116,11,26,125,0,99,39,45,130,3,1,121,29,65,82,129,38,69,12,119,135,94,96,2,80,142,115,133,81,131,118,86,143,5,87,9,105,32,76,41,19,139,6,72
132,138,50,46,56,58,21,54,28,35,134,114,148,131,141,80,146,55,16,106,4,136,63,90,103,71,40,17,145,129,85,77,60,109,118,147,83,110,100,126,128,65,37,53,124,10,0,34,88,72,44,51,52,127,7,59,89,31,27,47,67,75,62,144,111,91,137,74,36,140,149,8,48,120,42,20,25,102,30,49,107,66,73,68,95,101,43,104,123,92,15,61,122,18,57,112,84,108,22,79,78,113,23,82,64,93,116,11,26,125,14,99,39,45,130,3,1,121,29,115,97,94,38,69,12,119,135,13,96,2,24,142,105,133,81,117,70,86,143,5,87,33,98,32,76,41,19,139,6,9
132,138,52,46,56,58,21,54,34,35,134,114,148,131,48,70,146,55,16,106,4,136,63,90,103,71,142,17,145,129,85,77,60,109,62,88,83,110,100,126,128,75,37,13,124,10,92,64,40,72,44,32,2,127,7,59,89,31,27,47,67,0,130,144,111,79,137,74,95,140,149,42,28,120,8,20,25,102,30,49,107,66,108,147,50,101,43,104,123,73,15,61,122,18,57,112,84,36,22,24,78,113,23,82,68,118,116,11,26,125,14,99,39,45,91,3,1,121,29,115,97,94,38,69,12,119,135,65,96,81,51,141,105,133,93,117,9,86,143,5,87,33,98,80,76,41,19,139,6,53
9,138,52,28,4,58,21,54,47,35,134,114,148,131,48,136,146,49,16,110,98,77,63,90,103,68,142,34,145,129,85,46,60,109,62,88,32,3,100,126,128,75,33,13,124,10,92,64,40,106,44,8,89,127,7,59,72,31,27,45,67,0,2,144,140,79,137,74,95,111,149,42,87,120,56,20,25,102,30,14,107,66,108,147,50,17,43,104,123,73,15,61,122,18,101,112,84,36,22,24,78,113,23,82,55,118,116,11,26,125,29,99,39,133,91,130,1,121,57,115,97,94,38,69,12,119,135,65,96,81,51,141,105,37,93,117,71,86,143,5,70,83,132,80,76,41,19,139,6,53
9,87,91,28,4,3,21,54,47,35,134,114,148,147,48,136,146,49,76,135,98,77,52,90,103,68,16,34,145,129,85,46,120,109,2,88,84,113,32,126,6,75,33,13,124,10,62,64,40,106,44,8,89,127,7,59,72,31,27,119,67,0,58,144,140,79,137,74,95,111,149,42,63,45,56,20,25,102,30,14,107,131,128,18,50,57,43,104,123,73,110,61,122,60,101,112,108,36,22,125,78,92,23,82,55,118,116,11,26,17,29,142,39,133,141,130,1,121,66,115,97,94,38,69,12,15,86,65,96,81,51,138,105,37,93,117,71,100,143,5,70,83,132,80,24,41,19,139,99,53
9,87,91,28,82,75,120,54,47,35,134,114,148,147,48,136,146,3,76,135,20,77,52,71,32,68,16,93,145,129,85,46,34,98,2,88,84,113,57,50,6,112,33,13,124,10,62,11,51,106,44,8,89,127,7,59,72,128,27,119,67,0,58,144,140,79,137,74,95,111,149,42,63,45,56,36,25,102,30,14,66,131,92,18,81,107,43,104,123,73,110,61,122,21,101,126,108,141,22,125,78,39,23,60,55,118,116,31,26,17,29,138,49,133,64,130,1,121,109,115,97,94,38,69,12,15,86,65,96,90,5,40,105,37,4,117,24,100,143,142,70,83,132,80,103,41,19,139,99,53
129,87,91,66,83,75,120,34,47,35,134,114,148,147,45,136,82,3,7,102,20,44,52,49,6,68,16,93,145,144,85,46,39,98,2,100,84,113,57,50,51,112,33,13,124,10,62,11,135,106,48,8,89,127,146,59,72,128,27,119,56,0,58,61,140,79,137,74,95,111,149,42,63,76,67,36,25,71,54,14,30,131,92,18,86,107,43,104,123,73,132,15,122,21,101,126,108,141,22,125,78,88,23,60,55,118,116,31,26,17,29,77,138,133,69,130,1,121,109,115,97,94,38,28,12,81,64,65,96,90,5,40,105,37,4,117,24,32,143,142,70,110,9,80,103,41,19,139,99,53
138,87,76,66,83,75,94,34,139,35,134,114,113,147,129,136,82,3,7,74,20,44,52,49,6,68,16,93,145,144,85,46,39,98,2,19,84,45,57,140,100,112,33,5,124,0,62,11,135,106,148,56,89,127,146,59,72,128,27,119,90,1,58,61,10,48,137,125,95,37,149,42,63,102,67,36,25,53,54,14,30,131,92,18,86,107,43,104,123,109,132,15,122,21,101,126,108,141,22,71,78,88,23,60,55,118,116,31,91,17,8,77,73,133,69,130,50,121,51,115,13,47,38,28,12,81,64,65,96,97,120,40,105,26,4,117,24,32,143,142,70,110,9,80,103,41,29,111,99,79
138,87,76,66,27,75,94,83,139,18,51,114,113,147,129,60,82,16,7,118,33,44,52,49,6,68,35,93,58,28,85,46,39,98,2,19,84,45,145,140,100,112,3,5,124,0,62,11,135,106,148,56,89,67,146,59,41,128,111,119,90,1,30,61,10,48,137,125,95,37,149,42,63,34,102,36,25,53,54,14,144,72,92,116,86,107,43,104,123,109,132,15,74,21,101,126,108,26,22,71,78,88,127,23,55,131,50,31,91,17,8,77,73,133,69,130,29,121,122,115,13,47,38,110,12,81,64,65,96,97,120,57,105,103,4,117,24,32,143,142,70,134,9,80,40,141,136,20,99,79
138,22,76,66,144,75,94,83,139,18,51,114,20,147,129,60,82,16,7,118,33,44,5,49,6,68,35,93,58,28,85,46,39,55,2,56,84,45,70,36,100,140,3,15,124,91,112,11,135,130,148,108,89,67,146,59,115,128,111,119,90,1,30,61,10,48,137,125,69,37,149,42,63,34,102,62,25,53,54,143,131,72,88,116,86,107,43,104,27,52,132,109,74,21,101,87,123,26,98,71,78,24,127,23,113,38,50,31,126,17,8,77,73,133,92,145,29,121,122,106,13,47,19,110,12,81,64,65,96,97,120,57,105,103,4,117,14,32,41,142,95,134,9,80,40,141,136,0,99,79
138,78,76,66,144,75,129,83,25,18,51,114,53,147,139,149,82,16,7,118,33,44,5,49,6,68,35,93,58,28,85,46,39,55,2,56,133,45,70,36,100,122,3,15,124,31,88,11,27,130,148,108,89,94,146,123,61,128,111,119,62,1,30,140,10,48,137,125,69,37,20,42,63,84,102,34,59,132,54,115,131,72,60,116,86,107,43,104,67,52,91,109,74,135,101,87,110,21,98,71,106,24,127,23,113,38,50,64,126,17,8,77,73,26,92,145,121,65,90,143,13,47,19,112,12,81,22,29,96,97,120,57,105,103,4,117,14,32,41,142,95,134,9,80,40,141,136,0,99,79
138,78,76,66,144,75,49,79,25,18,51,114,53,147,139,103,82,16,7,127,33,44,5,83,6,68,35,93,23,28,85,46,39,55,2,56,88,45,70,129,100,122,3,14,140,31,64,124,27,130,20,108,89,40,142,123,61,128,111,119,62,1,30,26,10,48,36,125,69,37,146,42,63,84,102,34,59,132,133,115,11,92,60,116,86,107,43,109,67,52,91,15,74,135,101,87,110,118,98,71,106,24,94,77,113,38,50,131,126,17,8,95,73,136,54,145,121,65,90,143,13,47,19,112,12,81,22,29,96,97,120,57,105,104,4,117,80,32,41,58,148,134,9,149,21,141,72,0,99,137
138,78,76,66,102,75,49,79,25,18,51,114,53,147,139,103,58,16,107,127,33,44,5,31,46,129,35,93,23,28,85,7,39,55,2,56,68,45,87,106,100,122,3,14,140,131,88,73,27,22,20,108,89,40,0,123,61,128,111,119,62,43,30,26,10,48,142,125,69,37,146,13,63,84,130,34,59,134,133,124,11,92,60,116,86,115,9,109,67,52,91,15,74,135,101,82,110,118,98,71,36,24,94,77,113,38,50,132,126,17,8,95,70,136,54,42,121,80,90,143,83,47,19,112,12,81,97,29,96,65,120,57,105,104,4,117,64,32,41,1,148,144,6,149,145,141,72,21,99,137
138,9,76,66,102,75,49,79,39,18,51,114,11,147,139,68,46,16,107,134,33,106,5,31,38,129,35,93,23,28,85,7,53,55,2,56,17,45,87,137,100,40,3,111,140,131,88,72,27,22,20,25,122,47,0,123,61,37,36,119,62,43,30,26,10,48,142,125,69,108,146,81,128,84,130,34,59,118,133,124,103,92,60,116,86,32,115,109,67,52,91,15,74,13,101,82,110,73,98,71,89,24,94,77,113,14,58,44,126,132,8,95,70,136,54,42,121,80,90,143,83,127,19,112,12,135,97,29,96,65,120,57,105,104,4,117,64,50,41,1,148,144,6,149,145,141,78,21,99,63
138,63,76,66,102,95,49,79,39,78,44,114,11,147,139,68,46,16,107,134,33,106,5,31,38,129,9,93,23,28,34,8,53,55,2,60,17,45,113,137,100,40,3,54,140,56,88,108,27,22,20,25,122,47,136,144,61,37,36,119,62,43,135,26,59,111,142,125,69,67,146,81,128,84,130,123,48,0,133,124,103,131,118,116,86,32,115,109,87,52,91,15,74,13,101,82,110,73,98,71,89,24,94,77,85,14,58,10,126,132,121,72,70,30,57,42,51,80,90,143,83,127,19,112,7,141,97,29,96,65,120,35,105,104,4,117,64,50,41,1,148,12,6,149,145,75,18,21,99,92
138,63,76,66,102,73,64,127,39,78,16,114,2,147,139,68,46,111,107,134,33,106,5,31,38,129,9,86,23,28,34,8,44,55,77,60,70,45,113,137,100,40,18,54,140,56,88,22,27,108,81,25,122,47,136,144,61,109,36,119,62,43,135,26,59,50,142,125,69,67,131,99,128,84,130,123,48,0,133,124,103,118,91,116,85,32,115,3,87,52,82,15,74,13,101,71,110,11,98,95,89,24,94,104,37,14,58,10,126,49,121,72,146,30,57,42,51,80,90,1,83,53,19,112,7,141,97,29,96,65,120,35,105,17,4,117,79,93,41,20,148,12,6,149,145,75,143,21,132,92
138,63,76,66,7,73,64,111,39,78,16,147,2,96,56,68,46,92,107,134,33,106,5,31,54,129,9,86,23,28,34,8,44,55,77,60,70,45,24,137,100,40,18,11,12,117,88,22,27,108,83,42,122,47,139,144,61,109,148,119,62,43,72,26,59,50,142,125,69,67,131,99,127,41,130,93,48,114,133,124,103,118,91,116,85,32,115,3,87,52,82,15,74,13,101,71,110,21,98,95,89,25,94,104,38,14,58,10,17,49,121,113,146,30,57,102,51,80,90,1,140,53,19,112,20,141,97,29,128,65,120,35,105,0,4,81,79,123,126,84,136,37,6,149,145,75,143,36,132,135
138,63,76,66,7,73,64,111,39,78,95,147,2,96,56,68,46,43,107,134,48,106,45,121,54,129,81,86,23,149,34,8,44,55,77,60,70,29,69,137,100,40,18,11,12,117,88,22,9,108,83,42,122,47,139,144,61,102,148,119,92,19,72,26,136,50,142,125,116,67,131,99,127,41,74,93,49,114,104,124,103,118,91,79,85,13,115,3,87,52,82,15,126,33,101,71,110,21,98,59,89,25,94,130,38,14,58,1,17,5,27,10,146,30,57,32,51,80,90,16,140,53,31,112,20,141,97,28,128,65,120,35,105,0,4,113,109,123,24,84,36,37,6,133,145,75,143,62,132,135
138,63,76,32,7,73,101,111,39,78,95,128,2,46,56,68,28,43,107,134,48,106,45,110,54,129,81,86,23,149,34,8,44,55,83,60,70,29,69,137,100,40,18,11,144,117,88,22,120,108,52,42,122,121,139,113,61,102,148,119,92,19,72,80,37,50,35,9,116,67,131,26,127,41,74,93,49,114,104,126,96,118,91,79,124,13,115,3,87,125,82,15,12,33,64,71,77,21,98,59,89,25,94,53,38,14,58,1,136,5,142,10,146,30,57,27,51,99,90,16,140,47,31,112,20,141,97,85,130,65,0,24,105,66,4,103,109,123,17,84,36,147,6,133,145,75,143,62,132,135
138,63,76,32,12,73,101,111,39,78,139,128,2,46,56,68,124,43,107,134,48,122,105,110,54,13,81,86,133,149,34,8,44,45,83,9,70,29,69,137,100,40,18,60,11,117,88,22,120,72,95,42,38,36,52,113,61,102,90,119,92,108,136,35,37,50,106,75,116,97,131,26,127,41,74,93,49,114,104,67,96,118,91,79,80,55,115,3,87,125,82,148,129,33,64,71,77,21,98,59,89,25,94,53,15,14,58,1,112,5,142,10,146,30,57,27,51,99,23,16,140,47,31,144,20,141,121,7,130,65,0,24,28,66,4,103,109,123,17,84,126,147,6,19,145,85,143,62,132,135
50,63,38,32,12,73,101,2,39,78,139,128,9,46,56,79,124,43,107,134,48,70,105,110,54,13,81,86,133,149,129,8,44,68,114,57,14,29,69,137,100,40,18,60,11,117,88,22,120,98,95,42,80,36,52,119,61,102,90,77,92,5,45,35,37,111,106,75,116,97,131,26,127,41,74,93,49,122,104,67,96,118,91,144,64,143,115,3,87,125,82,148,99,33,138,76,0,21,72,59,10,25,94,53,15,113,83,1,112,58,142,34,146,30,55,27,51,89,23,16,140,47,31,147,20,141,121,7,130,65,136,24,28,66,4,103,109,123,17,84,126,108,6,19,145,85,71,62,132,135
50,63,38,32,12,31,101,2,39,78,73,128,9,46,118,79,124,43,107,134,48,70,105,110,54,106,81,86,141,149,76,8,44,68,114,85,14,3,69,137,100,121,18,60,11,117,57,22,77,98,75,42,80,36,52,119,61,94,90,99,92,5,147,35,37,111,93,40,116,97,131,26,132,41,74,0,49,122,104,67,96,133,91,144,64,143,115,10,87,15,82,148,29,33,125,45,102,21,72,59,123,25,56,53,129,113,83,1,112,58,142,34,146,30,55,27,51,89,23,16,140,47,95,120,20,138,88,7,130,65,136,24,28,66,4,103,127,13,17,84,126,139,6,19,145,109,71,62,108,135
50,63,146,32,115,112,92,2,39,78,124,128,101,46,118,79,91,43,107,134,48,70,105,30,54,106,81,86,141,149,76,8,44,68,114,85,23,3,69,95,100,121,73,60,11,117,57,22,77,98,75,42,80,36,110,119,61,94,90,99,6,71,147,35,12,111,93,40,116,97,131,26,132,137,18,51,49,122,104,67,96,133,5,144,64,143,142,10,87,15,82,47,38,33,125,45,102,21,72,59,123,25,56,148,129,31,83,1,113,58,41,34,37,53,55,27,7,89,0,16,140,88,74,9,20,138,108,14,130,65,136,24,28,66,4,103,127,13,17,84,126,139,52,19,145,109,120,62,29,135
50,63,60,80,115,24,92,53,15,78,56,128,101,144,118,38,91,43,139,134,48,70,105,30,54,112,81,86,141,106,37,8,107,68,114,85,23,3,69,95,100,121,94,109,11,117,57,22,77,98,123,42,138,36,110,119,61,146,90,99,6,71,147,35,12,111,65,40,116,93,131,26,132,137,73,51,49,122,104,67,96,133,5,79,64,143,142,10,87,34,82,47,89,33,149,45,102,21,72,59,76,25,46,148,129,31,83,1,113,58,41,124,18,125,55,27,7,14,0,16,140,88,74,9,20,32,108,39,130,75,136,44,28,66,4,103,127,13,17,84,126,135,52,19,145,2,120,62,29,97
35,63,60,80,115,24,92,53,15,78,56,128,101,144,54,10,91,43,62,79,48,70,105,74,49,47,81,86,141,106,37,8,107,68,114,85,23,3,69,95,100,121,52,109,11,117,57,22,77,113,123,42,138,36,110,13,61,146,90,99,6,71,147,112,30,111,65,98,116,93,131,26,132,137,73,51,38,122,103,67,96,133,12,0,64,143,129,17,76,34,82,104,89,33,149,45,102,21,72,59,66,25,40,148,87,31,83,1,50,58,41,124,18,125,55,27,7,14,119,16,140,134,139,9,20,32,108,39,130,118,136,44,28,46,4,94,142,97,5,84,126,135,75,19,145,2,120,88,29,127
35,63,27,80,115,24,92,53,15,78,56,128,101,144,54,30,91,43,62,79,48,70,105,89,1,47,134,86,141,106,37,74,107,68,114,87,50,3,69,95,100,121,52,109,22,117,57,7,77,113,123,45,138,36,110,13,61,146,90,99,6,71,147,112,73,111,143,98,65,18,131,26,132,137,60,51,38,122,103,67,96,23,12,0,64,19,129,17,76,34,127,104,82,33,149,81,102,21,72,11,40,25,133,148,49,31,83,116,93,58,42,124,66,125,139,59,8,14,119,16,140,85,126,9,20,32,108,39,130,118,136,44,28,46,4,94,142,97,5,84,2,135,75,41,145,55,120,88,29,10
120,63,47,80,115,24,92,53,15,78,56,128,110,95,54,129,91,114,75,79,48,44,105,89,1,137,81,86,141,106,37,74,107,68,135,142,50,3,69,30,100,121,52,109,83,117,57,7,77,113,123,45,138,36,144,101,149,35,90,99,6,71,147,112,73,111,143,98,65,18,131,27,132,9,60,51,38,122,103,67,96,23,12,43,64,19,82,134,70,34,127,104,0,33,146,22,13,21,72,11,40,25,133,148,49,31,42,76,93,58,61,124,66,125,62,59,8,14,119,16,140,85,126,116,20,32,108,39,130,118,136,139,28,46,4,94,26,97,5,84,2,87,102,41,145,55,17,88,29,10
120,63,47,80,115,24,92,66,15,78,48,128,39,95,54,129,91,110,143,79,139,10,105,89,1,137,9,86,141,75,37,74,107,68,135,2,50,44,69,18,100,121,52,109,83,117,57,81,3,113,123,53,138,36,102,101,149,35,90,99,6,71,147,112,73,111,144,98,65,118,131,27,132,108,60,51,38,122,103,67,96,23,12,43,64,19,82,134,70,34,127,28,0,45,146,22,13,21,72,104,40,25,133,148,49,31,42,76,93,136,61,56,58,125,62,59,142,14,119,16,140,85,126,116,20,32,55,8,130,30,4,7,11,46,84,94,26,97,5,77,33,87,114,41,145,124,17,88,29,106
2,63,62,80,115,24,92,66,15,78,48,128,39,95,140,129,91,18,143,79,114,10,105,89,1,56,139,86,141,75,37,74,107,68,54,9,144,27,69,135,100,121,64,109,50,117,57,81,3,113,110,53,138,36,102,101,149,35,90,99,4,71,147,112,83,111,34,13,65,118,131,23,132,108,60,51,120,22,103,67,96,73,12,43,33,19,82,134,70,123,127,28,0,45,146,44,52,21,72,104,40,25,133,148,49,31,42,76,93,136,61,47,58,125,98,122,142,14,119,16,8,85,126,116,20,32,55,59,130,30,145,7,11,46,84,94,26,97,5,77,6,38,137,41,106,124,17,88,29,87
2,99,62,80,115,24,92,66,43,78,48,63,129,95,140,86,91,18,49,79,114,77,105,89,1,94,139,100,141,75,37,74,107,68,54,9,144,27,69,135,58,121,64,109,50,82,111,81,103,113,110,53,138,36,102,101,149,35,90,70,4,71,44,112,83,72,34,13,65,118,131,23,126,108,60,6,39,22,120,67,96,73,132,76,33,19,130,134,15,123,127,28,0,45,146,143,52,21,145,104,40,25,133,148,12,31,42,10,93,136,61,47,128,125,98,122,142,14,119,56,57,85,51,116,20,32,55,59,3,30,11,7,16,46,84,8,26,97,5,147,117,38,137,41,106,124,17,88,29,87
2,99,62,80,115,24,92,140,43,78,48,23,129,79,91,86,15,18,49,144,114,37,105,89,1,94,139,63,141,75,53,74,81,68,54,9,52,27,69,135,58,121,64,109,50,82,111,146,103,113,110,126,138,36,102,101,55,32,90,70,4,71,44,112,83,72,34,13,65,40,131,51,25,108,60,6,39,22,120,67,96,73,132,76,33,95,85,134,5,123,149,28,0,45,118,19,127,21,145,104,56,77,133,148,12,31,42,10,128,136,35,47,130,107,98,122,142,14,119,100,57,106,61,116,20,143,93,59,3,30,11,7,16,46,84,8,26,97,125,147,117,38,137,41,66,124,17,88,29,87
2,99,62,80,115,24,92,140,63,78,120,147,46,17,91,45,15,18,49,144,114,97,90,89,1,94,139,105,141,86,53,74,48,68,54,9,52,27,69,135,58,121,64,130,37,82,111,146,109,113,93,126,138,36,102,101,3,32,4,70,57,71,44,112,83,72,34,13,65,110,131,30,25,108,60,6,39,22,85,67,96,73,132,76,33,95,136,134,5,123,149,28,0,50,118,40,127,21,145,104,56,75,133,148,12,31,42,10,128,20,43,47,77,107,98,122,142,14,119,100,79,106,61,116,55,143,81,59,35,19,11,7,16,51,84,8,26,103,125,129,117,38,137,41,66,124,87,88,29,23
139,99,131,143,146,24,92,140,63,136,85,147,46,17,91,45,15,18,49,80,114,97,135,89,1,94,60,50,105,86,53,74,48,68,54,119,52,27,69,132,58,121,64,144,37,82,111,61,109,113,93,126,138,36,102,101,3,32,4,70,57,71,44,112,83,72,34,13,65,110,149,30,25,108,11,6,39,62,2,67,96,73,8,76,33,95,55,134,5,123,148,129,0,120,118,40,127,21,145,104,56,75,133,9,12,31,42,10,128,43,78,47,77,107,98,122,142,14,38,100,79,106,117,116,141,115,81,59,35,19,28,7,16,51,124,20,26,103,125,84,130,90,137,41,66,22,87,88,29,23
139,141,131,143,72,55,92,140,63,136,85,17,46,64,91,45,15,18,49,80,114,124,135,89,112,94,60,50,118,97,53,76,48,68,75,119,52,69,147,117,58,44,66,101,37,82,111,61,110,65,93,126,138,36,102,144,1,32,4,70,57,71,86,146,83,10,34,13,54,74,149,30,25,108,11,6,39,62,2,67,96,73,121,132,33,95,38,134,5,123,148,129,0,120,24,40,127,21,145,104,56,99,133,9,12,31,42,105,128,43,78,47,77,107,98,122,142,14,27,100,79,106,109,116,8,115,81,59,35,19,3,7,16,51,28,20,26,103,125,84,130,90,137,41,113,22,87,88,29,23
139,141,131,149,70,143,92,140,63,136,85,17,38,64,91,99,40,18,110,80,114,124,135,89,112,94,60,100,49,97,53,76,46,68,75,119,52,69,147,117,58,44,66,101,37,82,111,61,125,118,93,126,74,36,102,116,123,32,4,65,57,71,86,146,83,10,34,13,54,45,48,30,72,108,11,6,39,62,2,67,96,73,50,132,33,95,51,138,5,55,148,129,0,120,24,12,127,21,145,29,56,78,133,9,121,31,42,105,128,1,134,47,43,87,98,122,142,14,27,104,79,106,109,88,8,115,81,59,35,19,3,7,16,144,28,20,26,103,15,84,130,90,137,41,113,22,25,77,107,23
139,114,108,149,70,143,92,140,63,136,85,17,38,34,91,99,40,18,110,146,74,124,135,89,94,103,60,100,49,13,105,76,46,68,75,119,52,69,147,117,58,44,66,101,37,112,111,81,125,118,93,97,27,36,102,116,123,32,4,65,57,71,86,64,83,62,8,29,54,53,48,20,72,130,11,82,39,30,2,67,96,73,50,132,33,95,51,55,5,45,148,129,0,120,24,12,127,21,145,6,56,78,61,134,121,31,42,80,128,1,109,47,43,87,133,122,142,14,131,104,79,106,90,88,10,115,98,59,35,19,3,7,16,144,28,141,26,9,15,84,138,126,137,41,113,22,25,77,107,23
139,114,108,127,70,134,92,140,63,136,132,17,38,34,143,99,40,18,110,146,64,72,135,89,94,103,116,100,49,13,105,76,46,68,75,119,52,53,102,117,58,44,74,101,37,112,111,81,125,118,128,97,27,36,133,124,123,91,4,66,57,71,86,11,83,62,8,26,54,45,48,20,35,149,93,82,39,30,87,67,96,73,50,85,33,95,51,55,5,65,148,129,0,120,24,12,147,21,145,6,56,78,61,79,69,31,42,80,144,1,109,47,43,16,60,122,142,14,131,104,29,106,90,88,10,115,98,130,2,19,3,7,32,59,28,141,121,9,15,84,138,126,137,41,113,22,25,23,107,77
139,114,109,127,70,134,92,140,69,136,132,17,38,90,143,99,63,18,124,146,64,72,135,89,42,103,116,80,49,13,105,76,75,68,97,119,52,53,102,117,58,44,59,101,37,112,46,77,125,118,128,126,27,36,133,111,123,91,4,66,40,71,86,81,83,74,8,26,54,45,23,20,35,149,93,82,39,30,87,67,96,73,50,85,33,95,51,15,5,65,148,34,0,120,24,12,147,21,145,41,56,78,61,98,129,110,31,62,144,1,94,47,43,16,60,122,142,14,131,104,29,106,55,48,141,115,11,130,2,19,3,7,32,79,28,108,121,9,6,84,138,10,137,57,113,22,25,100,107,88
139,114,109,127,70,134,92,140,69,136,40,17,111,90,143,99,63,38,124,146,64,72,48,89,42,39,116,59,137,13,67,76,75,68,107,119,52,94,102,117,58,27,5,101,37,44,46,77,125,97,128,126,105,36,133,135,2,53,4,66,1,71,86,81,83,49,8,26,54,45,23,20,35,149,93,82,103,30,87,18,96,73,80,85,33,95,51,15,56,65,148,34,0,120,24,12,147,91,145,41,21,74,61,98,129,113,31,62,144,10,32,47,43,16,60,122,142,14,131,104,29,106,55,132,141,115,11,130,110,19,3,7,112,79,28,108,121,9,6,84,50,123,78,57,118,22,25,100,138,88
115,114,109,127,11,134,92,140,69,136,112,17,111,90,72,99,63,144,124,146,64,128,48,89,42,39,116,59,137,13,67,70,75,68,107,119,52,94,100,117,58,27,5,101,37,44,46,77,125,25,139,126,102,36,133,135,2,53,4,66,1,71,86,81,83,49,8,26,54,85,23,20,35,91,93,82,103,30,12,88,96,73,80,7,33,95,147,15,56,65,148,34,0,78,21,149,104,79,145,41,105,74,61,98,129,113,31,62,141,10,32,51,43,16,60,122,142,14,120,47,29,106,55,132,40,143,131,130,110,19,3,18,87,97,28,108,121,38,6,84,50,123,24,57,118,22,45,9,138,76
115,114,109,86,51,45,85,47,77,136,112,17,111,90,72,59,63,144,65,146,64,128,48,89,42,39,116,12,137,13,67,70,75,68,107,119,52,94,100,117,99,81,5,101,37,44,46,143,125,6,139,126,132,36,133,135,2,53,4,66,1,134,140,131,58,49,8,26,54,92,23,145,35,91,93,82,103,30,110,88,96,73,80,7,33,95,147,15,98,120,148,34,0,78,69,149,104,79,40,41,105,74,61,21,129,113,31,62,141,10,32,11,43,16,60,122,142,14,123,56,29,106,55,27,124,20,25,130,38,19,3,18,87,97,28,108,121,71,127,84,50,83,24,57,118,22,102,9,138,76
115,30,109,86,51,91,85,114,77,136,112,17,108,90,72,59,142,63,65,146,64,128,48,89,42,39,116,12,137,13,67,125,75,68,107,81,3,94,111,117,99,22,5,101,37,44,46,143,18,6,139,126,132,36,133,135,2,53,4,60,1,134,140,131,122,49,8,47,105,54,23,144,35,32,93,82,103,15,110,88,100,73,80,70,33,120,147,58,98,0,148,34,20,78,69,149,104,79,40,41,145,74,61,21,129,113,31,52,141,10,121,11,43,16,7,119,95,14,123,56,29,106,55,27,124,26,25,130,38,19,66,45,87,97,28,96,92,71,127,84,50,83,24,57,118,62,102,9,138,76
143,30,109,26,51,117,85,114,77,137,112,10,108,49,72,59,142,136,70,146,64,128,48,89,42,39,116,12,138,13,34,125,75,130,78,16,63,94,107,92,99,22,5,101,37,86,46,147,18,113,139,126,132,36,133,135,2,53,4,60,1,134,140,131,122,129,8,47,105,54,23,144,35,32,93,82,103,15,110,67,100,73,80,65,33,120,66,58,98,0,148,3,20,81,69,149,104,27,40,41,145,74,61,21,17,79,31,52,141,68,121,11,44,119,7,111,95,14,123,56,29,106,55,88,124,43,25,115,38,19,90,45,87,97,28,96,91,71,127,84,50,83,24,57,118,62,102,9,6,76
139,30,109,26,51,117,85,114,77,137,142,10,108,49,81,59,125,136,70,146,64,128,48,89,31,87,116,12,138,13,34,99,75,130,78,16,63,94,107,122,42,90,5,101,37,86,46,147,18,113,74,126,132,36,133,135,2,53,149,60,1,134,22,39,50,129,8,47,105,4,23,144,35,32,20,82,103,15,110,67,100,73,80,17,98,120,66,58,65,0,19,3,140,54,69,92,104,27,40,72,145,71,61,21,24,79,112,52,141,68,121,11,44,119,7,111,148,95,123,56,29,106,55,88,124,43,25,115,38,96,93,45,14,97,28,57,91,33,127,84,41,83,143,131,118,62,102,9,6,76
139,30,109,75,51,117,85,5,77,93,142,10,108,49,81,59,125,136,70,146,64,128,48,89,31,87,116,47,138,13,34,99,121,130,78,16,63,94,114,122,42,90,57,26,74,86,46,147,18,113,21,126,132,36,133,135,2,53,149,60,72,134,22,39,25,19,8,137,105,62,23,106,102,32,20,35,103,15,110,67,100,73,80,17,98,61,66,58,65,0,82,3,140,54,69,92,104,27,4,120,145,71,141,148,24,12,112,52,50,68,101,11,44,107,7,111,14,95,123,56,29,79,55,88,124,43,119,129,38,96,1,37,40,97,28,45,91,33,127,84,41,83,143,131,118,115,144,9,6,76
139,30,55,75,43,117,85,5,116,93,69,10,108,49,81,59,125,136,70,146,145,128,48,89,31,87,143,47,138,115,34,77,121,130,78,16,132,94,114,122,42,90,57,66,74,86,46,147,18,84,51,126,140,36,133,60,2,53,149,64,72,134,76,39,21,19,8,9,105,62,23,106,102,63,20,35,103,15,110,67,100,73,80,17,98,61,129,58,65,0,82,3,135,54,26,92,104,27,4,120,13,71,141,148,24,12,112,28,50,68,32,142,44,107,7,111,14,95,123,56,29,91,52,88,124,109,119,45,38,96,1,37,40,97,22,137,101,33,127,113,41,83,79,131,118,99,144,11,6,25
139,30,8,75,51,117,85,5,116,93,69,10,108,49,81,59,125,136,70,146,145,53,48,89,31,87,143,47,103,115,34,77,121,130,78,16,99,94,11,122,42,90,57,66,74,86,46,67,28,84,149,126,140,36,33,60,2,134,27,64,72,80,76,39,21,19,147,9,105,62,23,106,95,63,20,35,43,15,110,56,100,73,13,17,148,61,129,58,65,52,133,3,135,128,26,92,104,6,54,120,14,71,141,18,24,12,112,98,50,68,32,142,44,107,7,111,102,55,123,132,82,91,114,88,124,109,119,45,38,96,138,37,40,97,22,137,101,4,127,113,41,0,79,131,118,1,144,83,29,25
44,30,8,75,51,11,85,5,116,93,69,10,71,49,81,59,82,136,25,146,94,53,48,89,31,87,143,47,103,37,40,77,121,130,78,16,88,7,70,122,42,90,57,66,74,86,46,67,28,84,149,80,140,36,58,113,2,134,27,64,72,32,76,111,21,19,147,9,105,62,23,106,95,63,20,35,60,15,110,132,100,73,13,96,139,126,129,50,65,52,133,3,135,128,26,92,104,6,54,120,124,34,141,18,24,12,112,98,115,68,125,142,61,107,56,145,102,55,123,14,17,91,114,148,43,109,119,45,38,117,138,108,39,97,22,137,101,4,127,99,41,0,79,131,118,1,144,83,29,33
44,30,8,75,51,11,85,5,116,93,69,10,71,49,81,59,82,34,25,22,104,53,48,89,31,87,143,47,103,58,94,77,121,130,120,131,88,7,70,122,42,90,32,66,74,3,46,67,91,38,149,80,140,36,124,113,2,40,27,64,72,1,43,111,21,28,147,9,105,62,23,106,109,63,20,35,60,15,110,132,100,73,13,96,139,126,129,50,65,86,133,76,135,128,26,92,134,6,18,146,57,97,141,17,125,12,37,98,115,68,16,142,61,107,56,145,102,55,123,14,112,0,114,148,54,136,119,45,24,117,138,108,39,19,52,137,101,4,127,99,41,78,79,95,118,84,144,83,29,33
44,30,8,75,133,11,85,5,79,93,69,10,71,49,114,59,82,34,25,22,104,144,48,89,31,87,143,47,103,58,50,77,121,130,120,99,88,7,70,116,42,90,32,20,43,3,46,67,91,38,149,80,140,36,2,113,131,40,27,64,72,28,51,107,33,92,147,9,66,62,23,106,109,4,63,35,60,15,110,132,100,73,13,96,139,126,129,1,65,39,74,76,135,128,26,101,134,6,18,146,57,97,141,17,125,12,37,98,115,105,16,142,61,21,56,102,53,111,123,14,112,0,94,148,68,136,119,45,24,117,138,108,122,81,52,137,55,54,127,145,41,78,124,95,118,84,19,83,29,86
44,101,112,130,133,11,85,5,79,93,69,10,71,149,114,59,82,34,25,22,104,144,73,87,31,8,143,47,103,58,50,100,121,108,120,99,89,7,70,116,42,90,32,20,43,3,46,53,1,38,75,80,140,36,2,113,35,40,27,64,72,91,37,107,33,92,147,28,16,62,23,106,109,49,63,54,60,15,110,132,0,51,13,96,105,126,129,131,65,39,74,76,135,128,26,66,134,6,18,146,78,97,141,17,125,12,9,98,115,48,45,142,61,21,56,102,57,111,123,14,67,77,94,148,68,136,119,4,24,117,138,88,122,81,30,137,55,52,127,145,41,124,139,95,118,84,19,83,29,86
44,26,101,14,133,11,85,5,79,93,69,10,71,149,114,59,36,34,82,22,104,144,73,87,31,8,143,47,103,58,130,100,90,108,120,134,136,7,70,66,42,102,32,20,43,3,46,53,1,38,75,80,68,45,2,113,35,40,27,67,127,91,37,39,33,92,51,28,16,107,74,106,109,49,63,54,60,15,110,132,0,96,13,116,105,72,129,131,65,126,64,76,135,128,29,89,56,6,18,146,78,97,141,17,140,12,9,98,115,48,50,142,61,21,62,84,57,111,123,147,25,77,94,148,112,125,119,4,24,117,138,88,122,81,30,137,55,52,99,145,41,124,139,95,118,121,19,83,23,86
80,26,101,14,133,11,85,5,79,93,33,10,71,149,114,59,36,96,82,23,104,144,73,87,31,8,143,47,110,58,130,100,34,108,120,134,136,7,46,66,42,102,32,20,43,90,111,53,1,38,75,139,68,45,28,113,35,40,27,127,112,91,37,39,67,92,51,25,16,107,132,106,109,49,22,54,60,15,0,98,145,2,13,116,105,72,129,70,65,126,44,76,135,128,29,69,63,6,18,146,78,97,141,17,140,12,9,117,115,48,50,142,131,137,62,84,57,148,123,147,64,77,94,21,74,125,119,4,24,61,138,88,122,81,30,19,55,52,99,103,41,124,3,95,118,121,89,83,56,86
80,26,101,54,133,68,85,5,79,93,33,10,71,149,112,59,104,96,82,23,116,144,73,87,98,8,143,47,110,111,130,100,34,108,120,134,42,76,46,66,31,132,32,20,45,9,140,53,114,38,1,139,145,24,28,113,105,40,27,127,25,91,37,39,67,58,51,43,16,106,41,83,109,49,22,18,60,15,0,107,136,2,13,36,7,72,129,70,65,126,44,92,135,128,29,69,63,6,21,146,78,97,141,17,14,12,35,117,115,48,50,142,131,137,62,84,57,148,123,147,64,77,94,90,74,125,119,4,75,61,138,88,122,81,30,19,55,52,99,103,102,124,3,95,118,121,89,11,56,86
80,26,101,54,133,86,85,5,79,93,33,10,71,149,112,119,104,135,82,60,116,144,106,87,96,8,143,136,110,111,130,100,34,108,66,134,58,76,46,23,31,102,32,20,45,9,132,53,114,38,1,139,145,24,28,113,105,40,27,127,25,91,37,52,67,98,51,43,16,49,41,109,147,142,22,18,137,15,0,83,140,2,13,36,7,72,59,70,65,126,44,92,141,128,29,69,63,73,21,146,78,97,120,17,14,12,35,117,50,48,42,115,131,68,47,84,57,148,123,74,64,77,94,90,107,125,61,4,75,6,138,88,122,81,39,19,55,129,99,103,62,124,3,95,118,121,89,11,56,30
1,26,101,54,78,86,142,5,79,93,39,10,71,85,112,119,104,89,82,60,116,144,121,87,96,149,131,126,110,111,130,113,34,108,66,134,58,33,62,23,31,102,32,20,45,9,132,53,114,38,35,139,145,24,97,80,105,40,27,127,25,91,37,52,67,98,51,43,16,49,8,136,147,120,22,18,76,15,0,83,100,2,13,106,7,72,59,70,65,92,135,133,141,128,29,69,63,73,21,146,46,36,56,17,14,12,140,117,50,48,42,115,137,68,47,84,41,148,123,74,64,77,94,90,107,125,61,4,75,6,138,88,122,81,44,19,55,129,28,103,118,124,3,95,57,99,109,11,143,30
1,26,101,85,78,129,142,76,79,93,39,149,71,49,9,119,104,89,10,60,116,144,3,87,96,5,131,126,110,111,130,50,34,108,66,134,58,33,62,23,31,102,113,20,45,141,132,53,114,38,35,139,145,24,97,80,105,40,27,127,25,91,63,52,47,98,28,43,16,44,8,136,147,120,22,18,112,15,0,83,100,2,13,106,7,72,59,70,65,92,135,37,55,128,29,67,88,73,21,11,46,36,146,17,14,12,140,117,64,48,42,115,137,90,99,84,41,148,123,74,68,32,94,133,107,125,61,4,75,6,86,51,122,81,56,19,69,77,82,103,118,124,121,95,57,138,109,54,143,30
1,59,101,85,78,129,142,76,79,93,39,149,74,115,9,119,104,38,10,60,116,144,3,87,96,92,117,57,110,111,130,50,34,124,66,40,58,33,62,23,31,102,108,20,45,141,132,53,114,49,35,48,145,24,97,29,105,134,89,84,131,139,135,52,47,98,28,43,16,44,8,136,147,120,22,18,112,15,0,83,100,2,13,106,7,72,5,70,65,73,25,37,55,128,143,67,88,126,42,11,46,68,146,17,14,12,140,71,64,63,91,113,41,90,99,80,137,148,123,26,21,32,94,133,107,125,61,4,75,6,86,51,122,81,56,19,69,77,82,103,118,36,121,95,127,138,109,54,27,30
1,59,99,29,64,129,89,76,85,93,39,31,74,108,113,119,141,38,10,60,116,144,3,87,96,92,117,57,110,111,130,50,34,124,66,40,58,33,77,23,0,102,134,20,45,139,132,53,114,49,88,48,145,24,97,75,101,80,14,84,131,35,135,52,47,98,28,43,16,44,118,136,147,9,22,18,103,15,8,83,100,2,13,106,7,72,5,70,65,73,25,37,55,128,143,62,149,126,42,11,46,68,146,17,19,12,140,71,105,63,112,115,41,90,67,91,137,148,123,26,120,32,94,133,107,125,61,4,104,6,86,51,122,81,56,78,142,79,82,21,69,36,121,95,127,138,109,54,27,30
1,59,99,29,64,129,89,76,85,93,39,31,74,108,113,119,141,38,142,19,10,144,18,87,96,92,117,100,110,111,130,50,34,3,66,40,58,33,77,23,0,102,134,20,45,95,132,98,114,97,88,53,48,52,126,75,101,80,14,84,148,35,24,116,30,145,28,43,47,44,118,136,147,122,22,60,103,15,8,83,131,2,17,106,7,72,5,70,65,73,25,149,55,128,143,62,124,56,42,11,46,68,146,16,112,12,140,71,37,63,139,115,41,90,67,91,137,105,123,26,120,32,94,133,107,125,61,4,104,6,86,51,49,81,57,78,9,79,82,127,69,36,121,135,13,138,109,54,27,21
1,59,142,29,64,129,89,76,108,93,36,31,74,23,113,21,141,38,119,19,10,14,39,87,96,92,20,100,110,111,130,50,34,3,66,40,44,33,77,81,0,102,117,79,45,95,132,98,126,97,28,53,48,52,114,75,101,80,65,32,148,35,24,116,30,145,11,43,127,18,118,136,147,122,22,60,103,15,8,83,57,2,17,106,7,58,5,70,84,91,25,149,55,128,143,62,124,56,42,73,46,68,146,16,112,12,104,71,37,63,139,115,41,90,67,88,137,105,123,26,120,144,94,133,107,47,61,4,85,6,86,51,49,99,134,78,9,125,140,72,69,131,121,135,13,138,109,54,27,82
19,59,128,29,64,129,0,76,108,145,36,31,74,23,113,21,141,38,119,32,10,14,39,53,96,30,20,100,110,111,130,7,44,3,120,40,103,28,77,81,125,33,87,79,45,95,132,118,126,137,89,58,48,52,114,75,101,80,65,57,148,35,24,69,66,97,11,43,127,18,93,136,147,122,98,60,34,15,8,83,117,2,17,106,142,50,5,70,84,91,25,149,55,1,41,62,124,56,42,73,46,68,146,16,112,12,104,71,37,63,139,115,116,90,67,88,22,105,123,26,92,144,94,133,107,47,61,54,85,6,86,51,49,99,134,78,9,4,140,72,102,131,121,135,13,138,109,143,27,82
19,59,128,29,141,129,62,117,108,145,36,31,74,23,113,24,97,38,119,32,10,14,4,53,96,7,20,100,3,111,130,35,44,124,120,15,103,28,77,81,125,33,87,79,45,95,132,118,126,137,89,58,115,52,0,75,76,80,65,149,147,102,40,69,70,21,11,43,127,18,122,136,1,140,98,60,34,93,66,83,114,2,17,106,142,50,5,51,84,91,25,16,55,101,41,57,39,56,42,73,46,68,146,48,112,12,104,71,37,63,139,26,116,90,67,88,22,105,123,64,92,144,94,133,107,47,61,54,85,6,86,148,49,99,134,78,9,8,110,72,30,131,121,135,13,138,109,143,27,82
19,59,128,29,141,129,62,117,16,145,36,31,74,30,113,34,97,38,119,32,10,14,147,53,114,7,20,100,101,111,130,70,44,124,120,15,103,28,77,81,125,33,108,79,45,95,132,118,126,137,89,58,115,52,65,102,148,80,57,149,83,104,40,69,49,24,11,43,0,18,122,136,1,140,98,116,71,93,66,87,3,2,17,106,142,50,5,51,84,91,25,27,55,135,41,63,39,56,42,73,46,68,146,48,112,121,23,21,37,35,139,26,96,90,67,88,22,105,123,64,92,144,94,76,107,47,61,54,85,6,86,131,127,99,134,78,9,8,4,72,75,12,110,133,13,138,109,143,60,82
19,70,128,34,141,5,62,135,16,145,36,31,74,30,113,27,97,99,119,80,72,14,147,53,114,7,20,100,101,111,130,132,44,110,120,15,103,28,77,81,125,33,108,79,45,95,123,118,126,137,89,8,115,52,65,102,148,129,57,149,83,104,40,124,134,24,11,37,0,18,122,68,136,121,98,116,71,49,66,87,3,2,17,106,142,50,64,51,84,91,25,38,55,58,41,63,39,56,42,59,46,69,146,48,112,140,23,21,78,73,139,26,96,90,67,88,22,105,92,93,29,144,94,76,1,47,61,54,85,6,86,131,127,10,35,43,9,107,4,117,75,12,32,133,13,138,109,143,60,82
19,70,128,34,129,5,98,135,16,111,51,31,74,30,113,52,97,78,119,15,72,14,147,53,114,7,148,100,120,62,130,132,44,110,141,146,145,28,77,81,125,33,108,79,45,95,1,90,126,137,89,8,115,93,65,102,20,121,57,149,83,123,40,124,134,88,11,37,54,18,122,6,136,55,99,116,71,49,66,87,3,2,17,106,142,50,103,43,84,91,25,38,104,58,41,63,39,56,42,59,46,69,118,48,112,140,23,21,68,73,139,131,96,27,67,80,22,105,92,24,29,144,94,76,36,47,61,101,85,64,86,26,127,10,35,0,9,107,4,117,75,12,32,133,13,138,109,143,60,82
86,70,128,34,129,19,2,135,16,92,51,31,74,30,44,52,97,78,119,15,72,14,147,53,114,7,148,100,120,62,130,132,111,110,141,20,145,28,77,81,125,33,80,79,45,95,1,90,126,137,89,8,115,93,37,102,21,121,57,104,83,123,40,124,134,88,149,42,11,65,131,68,136,55,99,116,58,49,66,87,3,109,17,106,98,50,103,43,84,91,25,48,113,6,41,63,39,18,142,59,46,5,118,56,112,140,23,71,38,54,139,122,96,27,67,36,22,105,60,24,29,144,94,76,73,47,61,101,69,64,85,26,127,10,35,0,9,107,4,117,75,12,32,133,13,138,146,143,108,82
121,70,128,34,129,130,2,135,16,92,51,31,74,30,86,52,25,78,119,15,125,14,147,53,114,7,148,100,120,134,107,132,95,48,141,20,145,28,77,81,42,33,80,79,97,103,1,90,62,137,89,8,136,96,37,102,21,64,57,104,83,123,111,124,73,88,149,44,11,65,131,126,72,55,93,116,45,49,66,87,3,109,17,106,40,50,91,43,84,99,10,68,113,6,41,63,39,18,142,59,46,5,118,71,112,140,23,98,38,60,139,122,19,27,67,36,22,105,115,24,29,144,58,76,94,47,61,101,69,56,85,26,127,110,35,0,9,54,4,117,75,12,32,133,13,138,146,143,108,82
121,95,128,104,106,130,83,135,16,92,51,138,74,30,86,52,25,78,119,15,146,14,125,53,114,7,148,100,120,134,107,46,136,48,141,105,145,28,77,81,34,33,80,79,97,103,1,90,62,118,89,8,76,20,37,102,21,64,57,42,142,123,111,132,73,116,149,44,11,65,131,126,122,55,93,137,45,49,66,87,3,109,17,60,88,50,140,43,84,99,10,68,124,6,41,63,39,18,31,59,82,5,113,71,112,9,23,98,38,40,139,129,19,27,67,36,22,147,72,24,29,144,58,2,94,47,61,101,69,56,85,26,127,110,35,0,96,54,4,117,75,12,32,133,115,70,91,143,108,13
121,41,135,122,106,130,83,74,16,92,51,138,56,30,86,52,96,78,119,15,146,14,125,128,114,11,149,100,120,134,107,105,136,48,141,32,67,28,77,81,20,33,80,79,97,103,1,90,62,118,126,8,76,22,37,102,21,7,57,84,95,123,111,91,73,116,133,44,108,65,131,132,42,55,93,137,45,49,66,87,3,109,17,60,88,50,140,43,18,99,10,68,5,6,69,63,39,124,31,59,82,34,113,71,112,9,23,98,38,40,53,129,19,27,148,36,142,147,72,24,29,144,58,2,94,47,61,101,46,104,85,26,127,110,35,0,145,54,4,117,75,12,25,89,115,70,64,143,139,13
121,51,135,122,106,130,83,74,16,92,59,138,56,30,86,52,96,78,119,15,45,14,125,128,114,65,34,129,120,134,107,105,136,48,36,63,67,28,77,81,20,76,80,79,97,33,5,90,95,118,126,8,13,22,37,102,21,146,143,89,145,123,111,140,41,116,133,44,108,149,131,132,42,55,93,54,141,49,66,87,3,109,17,60,88,50,137,43,18,99,10,68,91,6,69,7,39,124,73,57,82,100,113,71,112,9,23,98,38,40,53,115,19,27,148,70,142,31,72,24,29,144,58,2,94,47,61,101,46,104,85,26,127,110,35,0,84,1,4,117,75,12,25,62,11,32,64,147,139,103
121,51,135,122,106,130,83,74,86,92,59,138,56,30,65,75,96,78,119,15,45,0,125,128,114,71,34,129,120,134,107,105,136,48,36,63,67,28,89,102,20,76,80,73,143,8,5,90,13,115,126,127,16,69,37,55,14,146,21,111,141,123,46,140,41,116,133,44,108,149,131,132,42,147,93,54,18,49,66,87,3,109,17,60,88,50,137,52,24,99,10,68,91,6,32,7,39,124,33,57,82,43,113,22,112,9,23,98,38,40,53,97,19,27,148,70,142,31,77,81,29,144,58,2,94,47,61,101,79,104,85,26,95,110,35,100,84,1,4,117,72,12,25,62,11,118,64,145,139,103
121,51,135,122,106,130,83,74,86,128,102,138,76,30,143,101,96,118,119,15,81,0,125,21,114,71,34,129,120,134,107,39,136,48,54,63,67,28,89,147,20,59,80,73,78,8,5,90,13,115,126,127,16,69,37,55,14,95,47,111,91,149,46,140,41,116,68,146,108,99,131,132,42,85,93,92,18,49,66,87,3,109,17,60,88,44,137,52,24,12,10,133,139,6,32,7,65,124,33,57,82,43,113,22,112,9,23,56,38,123,53,75,19,27,148,70,142,31,77,40,29,144,58,2,94,141,61,45,79,104,36,26,105,110,35,100,84,1,4,117,72,97,25,62,11,50,64,145,98,103
143,51,135,122,106,130,83,74,56,44,102,138,105,30,89,101,96,118,119,15,81,28,32,21,133,71,34,37,120,134,107,39,136,48,19,63,67,125,42,147,20,59,80,73,78,8,5,90,100,41,126,127,16,69,144,54,14,121,47,111,91,149,108,140,137,116,68,146,76,99,131,132,2,85,93,92,18,49,66,87,3,109,55,60,88,86,145,52,24,12,10,95,62,123,17,7,65,124,33,57,82,43,113,22,112,9,23,38,0,13,53,75,139,27,148,70,142,31,77,40,29,6,58,128,94,141,61,45,79,104,36,26,129,110,35,46,84,1,4,117,72,97,25,114,11,50,64,115,98,103
143,51,135,129,106,130,83,72,56,44,18,138,105,30,89,101,96,74,119,15,81,20,32,21,133,71,34,37,120,134,107,48,118,102,113,63,43,125,84,147,132,59,80,73,78,8,5,90,100,41,126,127,16,69,144,54,14,67,47,111,91,45,108,140,137,116,68,64,76,99,79,6,2,85,93,92,42,49,87,146,3,136,55,28,88,86,145,52,24,12,10,95,62,123,17,13,65,124,33,57,7,19,82,22,112,9,23,38,0,109,53,121,139,27,148,70,142,31,77,40,29,117,58,128,94,141,122,60,36,104,61,26,131,110,35,46,75,1,4,39,66,97,25,114,11,50,149,115,98,103
143,51,135,129,98,130,83,72,53,44,18,138,105,81,89,77,96,74,119,15,120,68,32,121,24,87,34,37,9,134,107,48,133,102,113,63,65,125,100,147,132,59,80,56,78,8,5,90,54,41,126,127,16,69,144,84,14,95,47,111,91,45,108,140,137,116,97,23,76,99,79,6,2,85,93,92,64,49,82,146,3,101,55,28,88,86,145,52,73,12,75,21,43,123,17,13,10,124,33,57,106,19,136,22,112,62,30,38,0,109,60,118,139,27,148,70,142,31,71,40,29,117,58,128,94,141,122,20,36,104,61,26,131,110,35,46,67,1,4,39,66,42,25,114,11,50,149,115,7,103
143,51,135,129,98,130,83,72,53,49,18,138,99,75,89,77,96,74,119,15,61,68,32,121,120,87,35,21,9,134,107,48,133,27,113,63,65,56,100,102,132,59,80,50,78,91,5,90,54,41,126,127,16,69,144,84,14,95,47,111,11,45,108,37,137,34,116,23,76,105,79,97,2,85,93,6,64,88,82,146,3,101,55,140,142,86,145,52,73,17,42,28,43,123,81,13,10,124,33,57,106,19,136,22,112,62,30,125,0,109,60,118,139,92,148,70,115,31,71,24,29,117,58,147,44,141,122,20,36,104,40,26,131,110,38,46,67,1,4,39,66,12,25,114,94,128,149,8,7,103
143,51,131,129,50,130,83,135,30,56,18,89,99,75,3,77,96,74,119,15,61,68,32,121,33,87,95,54,9,38,41,48,133,27,113,63,148,145,35,102,98,59,80,103,78,91,5,90,29,97,126,127,16,69,144,84,14,40,47,111,11,45,108,37,137,34,116,23,76,105,79,117,2,85,93,6,64,88,82,146,49,101,55,140,142,86,92,72,21,17,42,28,43,123,81,13,10,124,132,57,106,19,136,22,112,62,120,125,73,109,60,118,139,65,53,70,115,31,71,0,104,52,58,147,44,141,122,20,36,24,107,26,134,110,100,46,67,1,4,39,66,12,25,114,94,128,149,8,7,138
143,51,131,129,50,130,83,121,30,56,18,89,99,75,3,77,29,74,91,107,111,68,32,123,33,87,95,54,9,38,41,48,133,27,113,58,98,135,35,102,145,59,80,103,78,52,5,90,92,120,126,127,16,69,106,84,22,40,47,139,11,45,24,15,137,34,116,23,76,105,79,117,2,85,93,6,64,88,82,114,49,46,55,140,142,86,61,72,148,17,42,28,66,112,81,13,10,124,132,57,21,19,136,119,108,62,14,125,73,109,60,118,101,65,53,70,115,31,71,0,104,97,63,147,44,141,122,20,36,37,134,26,144,110,100,43,67,1,4,39,12,146,25,96,94,128,149,8,7,138
143,51,131,129,50,130,83,121,30,56,77,89,46,100,63,2,27,88,91,107,111,68,32,18,33,61,95,54,9,73,41,48,133,103,113,58,98,135,35,102,145,59,74,80,78,52,60,90,92,120,126,127,16,69,106,84,22,40,47,139,11,45,24,15,70,34,99,23,76,146,79,117,97,85,93,6,64,1,82,114,49,37,55,39,142,86,38,72,148,17,42,28,66,112,81,13,10,124,132,57,21,19,136,119,108,62,14,125,75,87,123,118,3,65,53,140,101,115,71,0,104,31,109,147,44,141,122,20,36,29,134,5,144,110,25,43,67,105,4,26,12,137,116,96,94,128,149,8,7,138
143,51,67,129,50,130,83,121,30,56,77,89,46,100,63,78,27,92,91,114,111,26,33,18,120,61,95,24,9,68,41,48,133,136,127,58,98,135,35,102,145,59,74,80,54,144,1,90,76,15,126,147,16,69,106,84,22,40,47,29,11,45,140,60,70,34,99,23,131,146,79,117,97,85,93,6,64,2,82,52,49,37,55,39,142,86,38,72,148,17,42,28,66,112,88,13,122,124,132,57,21,19,149,119,108,62,14,125,75,87,10,73,3,65,53,32,101,115,71,113,104,31,109,118,107,141,0,20,36,103,134,5,123,110,25,43,81,105,4,139,12,137,116,96,94,128,44,8,7,138
143,107,67,62,50,49,83,121,30,56,77,89,18,100,63,78,9,124,91,114,111,26,33,118,29,61,95,24,54,46,41,48,133,136,127,66,98,135,35,102,145,65,74,80,60,144,1,94,76,15,126,147,16,69,106,84,22,40,47,39,11,45,140,34,116,141,99,58,131,146,70,117,97,85,93,6,64,2,82,52,96,37,130,23,142,86,38,72,148,17,42,28,90,129,88,13,122,59,132,57,21,19,149,119,108,14,79,125,75,55,10,73,3,92,53,32,101,115,71,113,104,27,109,51,120,31,0,20,36,112,134,5,123,110,25,43,81,105,4,139,12,137,103,87,68,128,44,8,7,138
143,132,67,62,50,49,70,121,30,56,140,89,18,100,63,78,9,77,91,114,111,26,33,0,29,32,118,24,54,46,41,57,137,136,127,66,98,135,35,107,145,65,74,106,60,144,1,94,76,15,126,147,16,69,22,84,53,40,47,95,11,45,80,34,116,141,99,58,131,82,39,117,5,85,93,6,113,21,64,52,96,97,130,23,142,119,38,72,148,17,42,28,90,146,88,13,122,59,86,37,102,19,149,4,108,14,79,44,75,55,10,2,3,92,61,133,101,115,71,125,104,27,109,51,120,31,48,20,36,112,134,73,123,110,25,43,81,105,124,139,12,129,103,87,68,128,83,8,7,138
143,132,65,62,50,49,73,121,30,56,140,89,18,69,33,78,9,77,91,114,111,26,74,0,144,32,118,24,54,17,41,57,117,136,127,66,43,135,35,107,145,67,95,106,104,123,1,94,76,15,126,63,70,137,22,84,53,40,47,113,11,45,147,34,116,133,99,58,131,124,39,60,5,85,93,46,44,21,64,52,96,97,130,23,142,119,38,72,16,128,141,28,90,146,88,13,122,59,86,37,102,19,149,80,108,120,79,109,75,55,10,2,3,92,61,42,101,115,71,125,4,27,148,51,98,31,48,20,36,112,134,6,100,110,25,14,81,105,82,139,12,129,103,87,68,29,83,8,7,138
143,89,65,82,50,49,73,121,30,56,53,140,18,71,33,78,40,23,91,137,111,26,74,0,144,32,118,24,54,17,41,145,62,136,127,141,39,135,112,107,46,67,95,106,104,123,1,94,76,15,35,47,70,132,22,84,57,64,126,113,11,81,147,34,116,133,99,58,131,124,101,60,5,85,93,20,44,21,63,52,96,97,130,69,142,77,38,72,16,128,119,28,19,146,88,13,122,59,86,37,102,66,149,117,108,120,79,109,75,45,10,2,3,92,61,42,9,115,55,125,4,27,148,51,98,31,48,90,36,114,134,6,100,110,25,43,80,105,14,139,12,129,103,87,68,29,83,8,7,138
143,89,65,36,50,49,73,70,30,56,53,140,34,71,33,78,40,23,91,20,111,26,74,0,144,32,64,8,54,17,41,145,62,136,127,141,39,137,112,107,46,27,95,106,104,123,1,94,76,15,18,47,119,132,134,84,57,29,75,118,11,135,147,105,116,133,35,58,131,124,100,60,5,85,93,126,22,81,63,52,96,97,130,99,25,77,67,72,16,128,82,28,19,146,88,13,38,59,86,37,125,66,149,117,108,120,79,109,142,45,10,2,3,92,61,69,9,115,55,42,4,121,148,51,98,31,48,90,101,114,122,6,113,110,21,43,80,44,14,139,12,129,103,87,68,24,83,102,7,138
143,86,132,60,50,146,73,70,6,98,53,140,34,129,33,78,59,40,91,20,133,26,74,0,144,32,64,8,54,17,41,145,62,136,127,141,56,137,65,107,46,27,95,106,104,123,1,90,76,15,18,47,119,66,134,84,57,29,75,118,11,135,147,105,116,36,35,58,131,124,142,112,5,85,93,126,22,81,63,49,96,39,130,99,25,77,67,94,16,128,82,28,19,71,100,13,38,109,139,37,125,23,149,117,108,120,87,42,88,45,10,2,3,92,61,69,9,115,55,111,4,121,148,51,72,31,48,79,101,114,122,103,113,110,21,43,30,44,14,97,12,52,68,80,89,24,83,102,7,138
143,86,132,82,46,133,39,70,6,98,53,7,34,129,33,78,59,40,136,20,24,26,74,0,144,32,64,8,54,148,41,145,62,91,127,141,107,137,121,50,106,27,95,99,104,112,1,90,69,15,146,47,119,66,134,84,57,29,75,118,11,63,147,105,116,36,35,58,131,124,142,135,5,85,93,126,22,103,80,49,96,130,17,109,87,77,67,94,16,128,25,65,19,71,100,13,38,81,73,37,125,23,149,117,108,120,110,42,88,45,10,2,3,92,61,28,9,115,55,111,4,76,139,51,72,31,48,79,101,114,122,56,113,140,21,43,30,44,14,97,12,52,68,18,89,123,83,102,60,138
123,86,64,55,46,133,39,104,6,98,53,7,34,129,33,78,59,84,136,20,24,26,74,0,144,32,95,8,54,148,41,3,62,91,127,141,65,137,121,50,106,27,140,99,40,70,1,90,12,15,146,47,119,107,112,110,57,29,75,118,11,63,35,105,116,36,125,58,131,124,142,88,5,85,93,19,22,103,80,49,96,130,48,109,87,77,67,94,16,128,66,143,135,71,100,13,38,81,73,37,134,23,149,147,108,120,82,42,25,45,10,2,52,92,61,17,43,115,72,111,4,76,139,51,117,31,9,79,101,114,122,56,113,132,21,126,30,44,14,97,28,69,68,18,89,145,83,102,60,138
123,48,64,55,122,133,39,104,6,98,58,7,34,129,33,78,59,84,136,113,24,67,134,0,144,32,95,8,4,148,41,3,62,91,127,68,73,137,121,50,106,27,140,99,40,70,1,90,12,15,118,47,119,107,112,51,57,29,75,128,66,63,35,110,116,36,125,86,131,124,142,88,5,85,53,19,101,103,80,49,96,130,42,109,87,38,21,94,16,141,14,22,135,71,26,13,46,81,11,37,146,23,149,147,108,120,82,20,25,45,10,2,52,92,61,17,43,115,72,111,77,76,139,143,117,31,9,79,145,114,60,56,93,132,54,126,30,44,65,97,28,69,74,18,89,105,83,102,100,138
123,48,124,83,122,55,39,113,6,108,58,7,34,129,33,85,59,84,136,9,24,67,134,11,98,32,95,8,4,148,41,3,62,91,79,68,73,137,121,50,106,27,140,99,40,70,1,90,12,15,118,47,119,107,92,51,131,96,75,128,66,63,35,110,116,36,125,86,64,61,142,17,5,30,53,19,101,29,80,49,78,130,0,109,87,38,21,94,16,141,14,22,88,144,26,13,46,81,57,37,146,93,149,147,139,120,82,20,25,45,10,2,52,42,104,127,43,115,72,111,77,76,114,143,117,31,133,23,145,54,60,103,132,112,56,126,135,44,65,97,28,69,74,18,89,105,71,102,100,138
123,48,132,29,122,55,39,113,6,38,58,7,34,53,33,85,59,84,136,56,24,118,129,11,98,32,95,64,4,148,41,43,62,91,67,79,73,137,100,50,106,27,140,99,40,70,83,90,12,15,8,47,119,107,92,51,131,96,75,121,135,63,35,110,116,36,125,86,134,61,142,13,5,30,68,19,101,54,80,49,78,114,0,109,87,3,21,94,16,141,14,22,139,144,26,76,46,81,57,37,146,93,149,147,130,120,82,20,25,45,10,2,52,17,104,66,112,115,72,111,77,42,1,143,117,9,133,23,145,31,60,103,128,88,127,126,105,44,65,97,28,69,74,18,89,108,71,102,124,138
123,48,132,29,143,55,39,113,6,38,58,7,34,53,33,85,59,84,136,56,24,118,129,11,146,32,77,51,4,74,71,0,62,91,141,79,73,52,100,50,41,98,119,128,115,70,83,40,12,15,8,47,18,107,92,22,140,96,75,121,135,63,35,110,131,36,125,86,134,61,142,13,5,30,68,19,101,54,80,49,78,114,116,109,87,3,21,94,16,144,14,148,139,43,26,76,46,81,145,37,90,93,57,147,130,120,82,20,25,45,10,2,27,17,104,66,112,111,72,99,64,42,1,67,117,9,133,23,149,31,60,103,28,88,127,126,95,44,65,97,106,69,122,105,89,108,137,102,124,138
123,25,132,29,143,55,39,113,6,38,58,7,34,53,33,97,71,84,136,100,48,118,129,11,146,32,77,51,130,4,108,16,62,91,141,79,73,52,88,50,41,98,21,128,115,70,83,40,92,15,8,47,65,107,137,22,140,96,75,121,135,63,35,110,131,36,111,144,134,61,142,13,5,30,68,19,101,17,12,69,78,114,116,109,87,0,80,20,86,94,14,148,139,43,26,76,46,81,145,37,90,93,57,147,85,120,82,18,125,45,59,2,27,54,104,56,112,105,72,99,64,42,1,67,117,9,133,23,149,31,60,103,28,66,127,126,95,44,3,74,106,24,122,49,89,119,10,102,124,138
123,25,132,29,11,32,39,113,6,38,42,7,64,31,33,97,71,84,37,136,48,118,129,2,92,55,77,51,130,119,112,16,62,96,141,79,73,52,88,63,41,58,21,128,61,70,53,40,83,15,8,47,109,115,137,22,140,98,20,121,135,14,35,110,131,36,111,144,134,91,142,13,5,30,68,19,101,17,12,69,78,75,116,143,87,0,80,34,65,94,86,148,139,43,26,76,46,81,145,89,90,93,57,147,85,120,82,18,125,45,59,107,27,54,104,56,146,105,72,99,108,4,1,67,117,9,133,23,149,100,60,103,28,66,127,126,95,44,3,74,106,24,114,49,122,50,10,102,124,138
123,25,116,106,104,11,39,113,6,38,42,7,64,114,33,97,71,112,37,136,140,118,31,22,70,55,77,51,5,119,132,16,62,96,29,2,73,52,88,63,41,58,21,128,61,141,53,148,34,15,8,47,109,115,137,84,65,98,20,121,135,14,129,110,48,36,111,144,134,40,142,13,145,30,68,87,101,17,12,69,78,75,19,143,32,0,80,1,35,94,86,83,139,43,26,130,46,81,131,89,90,93,57,147,85,120,82,18,125,45,59,107,27,54,76,56,146,105,72,99,108,4,79,117,124,9,133,23,149,100,60,103,28,66,127,126,95,44,3,74,67,24,91,49,122,50,10,102,92,138
123,25,116,33,104,45,39,113,134,38,126,7,64,63,129,97,6,112,37,136,140,54,31,22,70,55,77,51,57,119,132,130,62,96,29,2,73,52,88,118,41,58,21,128,61,141,53,117,34,106,8,47,23,115,137,84,65,82,20,121,135,36,139,110,48,14,111,144,148,40,142,13,145,30,68,87,101,17,12,69,79,149,19,143,32,0,80,1,35,94,86,83,75,43,26,125,46,81,131,89,11,15,95,147,85,120,78,18,93,114,59,107,109,42,76,56,146,105,72,99,108,4,98,50,124,9,133,71,16,100,60,103,28,66,127,27,90,44,3,74,67,24,91,49,122,5,10,102,92,138
124,145,9,33,53,45,39,4,134,38,126,92,64,104,129,121,6,112,14,136,149,54,31,137,16,55,77,51,57,119,132,130,62,96,29,8,73,52,88,118,41,97,21,128,61,141,11,117,34,106,147,47,23,115,85,84,65,82,20,113,135,36,7,110,48,2,111,144,148,40,12,13,58,30,68,87,101,17,139,69,79,83,19,143,32,37,80,1,35,94,86,70,75,43,26,125,46,81,131,89,78,123,95,93,102,120,140,18,116,114,59,107,109,42,76,56,146,105,72,99,108,15,98,50,63,142,133,71,22,100,60,103,28,66,127,27,90,44,3,74,67,24,91,49,122,5,10,0,25,138
124,145,9,33,53,11,39,4,34,38,126,92,64,104,129,121,67,139,82,136,99,112,31,137,16,55,77,51,57,119,30,130,62,96,29,8,73,52,37,118,41,27,21,128,61,25,54,125,22,106,141,47,23,115,85,88,65,102,20,113,135,36,7,110,48,2,111,144,148,97,12,13,58,50,68,87,101,17,146,69,79,84,19,143,32,117,45,1,35,94,86,70,59,43,134,132,46,81,131,89,78,123,95,93,83,120,91,18,116,114,149,107,109,42,76,56,80,105,72,147,40,15,98,75,63,142,133,71,6,100,60,103,28,66,127,140,90,44,3,74,14,24,26,49,122,5,10,0,108,138
79,145,9,33,53,11,119,4,34,38,120,30,64,104,129,121,67,139,13,92,99,112,31,137,16,55,77,51,57,37,103,130,62,52,29,8,122,10,82,118,41,27,21,128,61,102,54,125,22,106,141,47,148,115,85,136,147,73,20,46,135,43,7,110,56,2,39,144,113,71,12,48,58,50,68,87,101,17,146,69,90,84,19,143,32,117,45,108,35,94,86,70,59,81,134,132,111,65,131,89,78,123,95,93,83,126,91,18,116,114,149,107,109,42,76,36,80,105,72,96,40,15,98,75,63,142,133,124,6,100,60,88,28,66,127,140,1,44,3,74,14,24,26,49,25,5,23,0,97,138
79,145,9,33,53,11,119,4,34,38,120,30,130,104,129,121,67,25,116,92,99,112,31,60,16,55,77,51,57,37,64,44,62,40,29,8,122,10,82,118,41,27,21,47,61,102,54,125,22,106,141,28,148,46,85,136,142,73,20,103,135,128,7,110,19,97,39,144,113,63,12,48,58,115,68,87,101,17,146,69,90,84,35,143,32,117,45,108,139,94,86,70,59,81,134,147,52,65,131,89,78,123,95,133,83,126,91,18,43,114,149,107,109,42,140,36,80,105,72,96,111,56,98,75,50,15,137,124,6,138,1,88,76,66,127,100,93,71,3,74,14,24,26,49,132,5,23,0,13,2
79,145,149,126,123,11,119,4,34,38,87,30,91,104,110,121,67,25,14,10,99,112,31,60,16,55,77,138,57,137,64,44,62,40,29,8,122,135,82,118,41,125,21,47,61,102,54,92,22,106,116,28,148,46,1,136,142,73,20,103,131,129,7,120,19,97,113,144,39,9,109,48,58,115,68,33,101,17,146,69,90,84,35,143,32,117,45,108,139,86,51,70,59,81,134,147,52,65,130,89,78,85,95,133,83,12,27,18,43,114,75,107,74,42,140,36,128,105,72,96,111,56,98,80,50,15,94,124,6,53,37,88,76,66,127,100,93,71,3,141,63,24,26,49,132,5,23,0,13,2
79,145,98,126,123,11,119,109,34,38,20,30,91,104,115,121,67,84,14,10,99,112,132,60,16,55,77,87,57,5,64,44,62,40,29,86,122,135,82,118,41,125,21,137,61,102,54,92,4,50,116,28,148,75,1,136,142,73,81,46,108,129,7,120,19,97,113,100,39,9,106,48,58,110,68,33,101,8,146,69,90,103,35,143,32,117,45,88,139,131,51,70,59,78,134,147,52,65,144,89,15,85,95,133,83,12,27,31,43,114,22,107,74,42,18,36,128,105,72,96,111,56,149,47,138,53,94,124,6,25,37,80,76,66,127,17,93,71,3,141,63,24,26,49,130,140,23,0,13,2
79,115,98,126,123,11,119,35,34,38,107,30,91,12,36,121,67,20,14,10,48,112,17,60,16,55,77,144,57,8,64,44,62,43,29,86,122,51,82,104,41,125,21,40,61,102,54,92,4,50,116,28,148,75,1,136,142,73,81,46,108,129,7,120,19,87,113,100,39,9,5,70,58,110,68,33,101,133,146,69,90,103,72,97,32,117,45,88,139,131,24,93,59,78,134,147,118,23,143,135,15,85,95,109,83,3,27,31,96,114,22,65,74,42,18,52,128,105,132,145,111,56,149,47,138,53,94,124,6,25,37,80,76,66,127,99,84,71,106,141,63,89,26,49,130,140,137,0,13,2
79,115,98,126,123,55,67,70,87,38,107,30,124,12,36,121,113,20,44,10,22,112,17,60,92,11,34,144,57,8,85,99,62,43,91,86,122,33,82,104,119,125,21,40,61,77,54,14,4,50,116,28,148,75,1,136,142,73,81,58,108,42,7,132,19,120,29,100,39,9,5,51,78,110,68,35,101,102,146,69,90,103,16,97,32,117,45,88,139,131,72,93,59,135,134,147,118,23,143,24,15,80,95,109,83,3,27,31,96,114,41,65,74,48,18,52,128,105,64,145,111,56,149,47,138,53,94,46,6,25,37,129,76,66,127,133,84,71,106,141,63,89,26,49,130,140,137,0,13,2
79,115,48,126,123,55,67,70,8,38,107,30,124,12,36,121,113,20,44,10,22,112,17,85,92,59,34,119,57,95,75,99,62,73,91,86,140,122,82,104,3,125,21,40,53,77,54,100,4,50,116,28,148,110,1,76,142,7,11,58,108,42,35,132,136,120,29,19,39,9,5,51,78,83,68,87,72,102,146,69,90,103,16,97,32,117,45,88,24,131,14,93,134,135,43,61,118,23,143,33,15,80,60,109,139,101,27,31,96,114,41,65,74,94,18,52,128,105,64,81,111,56,149,47,138,98,144,46,6,25,37,129,147,66,127,133,84,71,106,141,63,89,26,49,130,145,137,0,13,2
79,115,48,117,123,55,67,127,8,38,107,30,124,12,36,11,113,20,137,139,22,112,17,85,92,59,34,119,57,95,75,99,62,73,91,149,140,122,82,7,3,125,66,40,76,77,54,126,4,29,116,28,148,86,45,65,142,10,96,58,108,42,35,132,136,120,15,19,39,21,5,51,78,83,68,87,44,102,146,69,90,144,16,72,32,110,43,88,24,131,14,93,134,135,18,61,118,70,143,1,53,80,60,109,33,101,27,31,121,114,103,23,74,41,104,52,128,105,64,81,111,56,50,47,138,98,97,46,6,25,37,129,147,100,9,133,84,71,106,141,63,89,26,49,130,145,94,0,13,2
79,115,48,117,62,101,67,127,128,38,107,30,124,12,103,8,113,34,137,139,22,112,17,11,92,59,98,99,55,95,75,144,32,73,91,149,140,14,82,7,3,125,66,40,76,77,54,126,4,29,116,85,148,86,45,65,142,10,122,58,108,42,35,132,136,145,15,19,39,21,5,51,100,83,68,87,44,64,146,69,90,71,16,1,13,131,43,41,24,20,72,93,134,135,18,61,118,70,143,102,53,80,60,109,33,78,52,31,121,114,36,23,74,110,104,96,57,105,28,81,111,56,50,47,138,123,97,46,6,25,37,129,147,88,9,133,84,119,106,141,63,89,26,49,130,120,94,0,27,2
79,115,47,117,62,105,149,127,128,38,145,30,124,12,103,8,113,29,137,139,22,112,17,11,102,59,98,99,92,76,75,144,32,73,91,0,140,14,82,7,3,125,66,40,50,77,54,122,132,6,116,85,120,86,45,65,142,10,78,58,108,53,34,67,136,95,20,19,39,21,35,51,100,83,68,87,44,48,146,69,90,71,16,1,13,131,43,41,24,121,72,93,134,135,18,61,118,70,143,42,148,80,60,109,33,64,52,31,107,114,36,23,74,110,55,15,57,126,5,123,111,56,4,28,138,101,97,46,104,25,37,129,147,88,9,133,84,119,106,141,63,89,26,49,130,96,94,81,27,2
131,115,47,117,62,76,149,127,128,20,133,30,124,12,10,8,113,29,137,139,22,112,17,11,102,59,98,99,92,108,75,144,38,105,2,0,140,103,82,7,3,125,41,40,50,77,54,122,132,6,116,85,135,86,45,65,142,93,78,58,32,53,34,67,23,95,118,79,39,21,35,51,56,83,68,87,44,48,146,69,90,71,123,14,13,130,43,74,24,121,72,28,134,107,18,61,100,70,143,42,148,120,60,109,33,64,52,31,19,114,36,91,73,110,55,15,57,126,5,16,111,80,4,145,138,101,97,89,104,25,37,129,147,88,9,96,84,119,106,141,63,46,26,49,66,136,94,81,27,1
129,115,47,89,62,148,149,127,128,20,133,30,86,22,10,8,95,29,137,139,110,50,17,11,102,7,98,99,92,108,75,144,44,105,121,0,140,103,82,124,31,125,41,40,97,77,54,122,132,6,116,3,135,101,45,65,142,93,78,58,32,53,34,67,23,12,118,79,38,21,35,51,56,83,68,87,14,48,146,69,90,71,123,72,13,130,43,74,24,76,107,28,134,131,59,61,39,27,143,42,112,120,60,109,33,64,52,70,100,114,36,91,73,85,55,15,57,126,5,16,111,80,4,145,138,19,113,117,104,25,46,88,147,37,9,96,84,119,106,141,63,2,26,49,66,136,94,81,18,1
135,115,84,89,62,39,149,127,47,1,133,30,86,22,10,8,95,29,137,139,110,114,17,11,102,7,98,99,92,108,75,144,32,105,121,70,140,103,82,124,31,125,85,40,97,77,50,122,41,6,116,3,5,72,45,65,142,93,78,58,120,53,20,67,23,12,118,79,38,21,35,51,56,83,68,87,14,48,0,148,90,129,123,42,13,44,43,128,24,76,107,28,134,131,59,61,111,27,143,132,54,101,60,106,33,64,52,69,100,34,36,91,73,112,55,15,57,126,104,16,74,80,4,145,138,130,113,117,147,25,46,88,109,37,9,96,146,119,71,141,63,2,26,19,66,136,94,81,18,49
135,10,84,89,62,39,51,127,47,1,133,30,86,22,76,8,95,29,7,139,137,105,17,70,102,114,98,99,41,108,75,144,32,148,121,45,140,103,82,34,31,125,85,110,6,77,50,122,25,128,116,3,5,72,124,65,142,93,78,52,120,53,20,67,23,12,118,14,38,21,35,149,58,83,68,87,132,48,0,109,90,129,123,42,13,44,43,97,24,11,107,28,134,131,59,61,147,27,143,40,54,101,60,106,33,64,63,69,100,111,37,91,73,112,79,15,57,2,104,16,74,80,4,145,138,130,113,117,55,36,46,88,56,126,9,96,146,119,71,141,92,115,26,19,66,136,94,81,18,49
135,76,84,89,62,39,51,127,47,1,133,58,86,67,30,8,95,29,7,139,137,105,17,70,102,114,98,36,41,108,75,144,124,107,121,45,140,103,82,34,31,125,85,110,6,117,50,122,25,128,116,3,5,77,46,65,142,93,78,129,119,53,20,149,23,12,68,14,38,21,35,11,52,83,118,87,132,48,0,22,90,130,72,43,13,44,109,97,24,42,56,28,134,131,91,61,27,106,143,40,54,101,60,99,33,64,63,69,148,111,37,32,73,112,79,15,57,2,104,16,74,80,4,145,138,147,113,141,55,120,10,59,123,126,9,96,146,88,71,100,92,115,26,19,66,136,94,81,18,49
135,76,84,89,26,39,51,127,53,1,133,144,101,67,30,8,95,29,7,65,137,105,17,70,118,114,98,36,41,108,119,14,124,107,121,45,140,109,11,34,31,125,85,99,6,117,50,74,25,143,116,3,5,77,148,46,103,93,78,129,32,142,20,149,23,12,68,22,38,21,75,47,52,83,139,87,132,48,102,122,90,130,72,58,62,44,13,97,24,42,56,28,134,131,91,61,27,106,128,110,54,35,60,18,33,64,63,69,40,111,37,86,73,112,79,15,57,2,104,16,115,80,4,82,138,147,113,141,55,120,10,59,123,126,9,96,146,88,71,100,92,0,145,19,66,136,94,81,43,49
86,76,84,116,26,42,51,127,53,1,133,144,101,67,30,8,31,4,10,65,137,105,17,70,118,114,98,36,41,108,119,14,124,117,121,45,140,109,11,27,85,125,7,99,6,73,50,74,25,143,89,3,5,39,148,63,103,135,78,129,32,142,94,149,77,12,68,22,38,21,75,69,52,83,139,87,132,48,102,122,90,130,72,58,93,44,13,97,24,141,56,28,134,145,91,61,100,106,128,110,23,35,60,18,33,29,147,62,40,111,37,34,0,112,79,15,57,2,47,16,115,80,95,82,138,46,113,64,55,120,131,59,123,126,9,96,146,107,71,54,92,104,20,19,66,136,88,81,43,49
60,76,114,116,26,42,125,127,53,1,91,144,101,67,30,8,31,4,10,65,137,51,17,70,118,105,98,36,88,108,45,14,38,117,121,140,20,109,11,27,85,119,7,99,6,73,50,136,25,143,89,3,28,39,133,63,103,135,78,129,32,142,94,149,80,12,68,22,74,21,75,62,52,69,139,87,132,48,102,35,90,84,72,58,93,44,13,97,24,141,56,5,134,145,111,61,100,106,128,110,23,107,18,122,33,29,147,86,40,83,37,130,77,112,79,15,124,2,47,16,115,148,95,82,138,46,113,64,55,120,131,59,123,126,9,96,0,104,71,54,92,41,34,19,66,146,57,81,43,49
60,76,27,116,26,42,123,127,24,1,40,144,101,67,30,8,31,48,10,138,137,51,4,70,118,105,98,36,88,80,21,14,38,17,121,140,20,109,11,108,85,91,7,99,6,73,50,136,25,143,89,3,28,39,82,63,103,34,78,129,32,33,94,149,87,12,68,65,74,139,75,62,52,69,115,117,132,133,102,142,90,84,72,58,97,44,13,22,35,141,56,45,134,145,135,61,100,106,128,110,23,107,18,122,57,29,147,86,93,83,111,130,77,112,79,15,124,2,47,16,55,148,95,5,37,46,113,64,66,120,131,59,53,126,9,96,0,104,71,54,92,41,114,19,119,146,125,81,43,49
60,36,27,80,26,42,95,122,24,1,40,144,101,67,30,8,31,48,10,54,138,51,4,123,130,105,106,134,88,127,21,146,38,17,121,140,20,141,50,108,85,91,7,99,6,73,46,136,25,143,89,3,28,139,82,63,103,34,78,129,32,33,37,149,87,12,68,65,74,14,49,39,52,69,115,117,132,133,102,142,90,70,72,58,97,116,13,22,137,76,56,45,92,145,135,61,100,98,128,109,23,107,18,84,57,29,147,86,93,83,111,11,77,112,62,15,124,2,47,16,55,148,118,5,113,110,35,64,66,120,131,59,53,126,9,96,0,104,71,75,94,41,114,19,119,79,125,81,43,44
60,36,27,80,8,139,77,35,24,1,95,112,101,67,130,87,31,48,10,102,138,51,4,123,66,105,20,134,88,127,149,146,38,17,121,54,90,141,50,108,122,76,7,99,6,73,42,136,25,143,89,3,28,30,82,63,103,34,106,129,32,78,37,21,5,12,68,65,74,14,49,39,33,69,115,117,132,133,93,142,116,70,72,58,97,145,13,22,137,26,56,45,92,140,135,61,100,98,128,109,23,107,18,84,57,29,147,86,75,91,111,11,40,120,62,15,124,2,47,16,55,148,118,144,113,110,83,64,126,46,131,59,53,85,9,96,0,104,71,52,94,41,114,19,119,79,125,81,43,44
120,36,27,80,96,139,75,35,24,1,95,112,101,67,130,87,57,142,37,102,138,23,133,123,66,105,20,134,88,127,149,51,38,17,121,54,90,141,50,108,4,76,7,99,6,73,42,136,25,143,89,3,131,70,82,63,103,34,106,129,32,78,47,21,5,107,146,65,74,14,49,140,33,69,115,117,132,77,93,39,116,110,79,58,97,145,13,22,137,26,56,45,92,48,135,61,109,98,128,8,68,122,18,84,28,29,147,40,60,91,111,11,10,31,62,15,124,2,72,16,55,148,118,144,113,86,83,64,126,46,125,59,53,85,9,12,0,104,41,52,94,71,114,19,119,100,30,81,43,44
142,23,27,80,96,139,75,125,24,119,95,112,101,48,130,87,57,146,37,97,138,120,133,123,134,105,20,127,28,36,149,51,38,17,121,54,90,141,50,108,8,76,7,99,6,88,42,70,102,143,89,3,131,32,82,63,103,34,106,129,136,78,47,21,5,107,1,65,135,14,147,140,33,69,115,117,148,77,93,39,116,73,79,58,4,145,13,22,137,26,64,56,92,67,35,100,109,98,45,132,68,122,18,84,61,29,128,40,60,91,111,11,10,31,62,15,124,2,72,16,55,25,118,144,113,86,83,110,126,46,66,59,53,85,9,12,0,104,41,52,94,71,114,19,74,49,30,81,43,44
142,23,27,80,96,87,131,139,24,119,95,112,101,48,149,137,57,3,37,91,138,120,133,123,134,105,20,127,28,122,7,51,38,17,121,75,90,2,146,108,8,76,36,45,6,88,42,70,102,143,89,99,107,32,82,10,103,34,106,79,136,78,47,21,5,50,1,65,135,14,147,140,33,71,67,117,148,77,93,22,116,73,63,58,4,145,13,69,39,115,64,56,92,97,125,100,109,98,26,132,68,11,18,84,61,29,128,40,60,53,111,141,54,31,62,15,124,130,72,16,55,25,118,144,129,86,83,110,126,46,66,59,35,85,9,12,0,104,113,52,94,41,114,19,74,49,30,81,43,44
117,23,2,80,96,87,131,139,24,119,95,112,101,48,149,147,57,3,37,91,144,120,133,123,134,105,20,127,138,122,7,29,38,17,121,75,90,43,146,108,8,76,88,26,6,128,45,70,102,143,89,99,107,72,82,10,103,34,106,1,136,78,47,21,5,79,93,65,135,111,27,140,33,71,67,142,64,77,32,22,116,35,11,58,4,145,13,69,39,115,51,56,92,97,125,100,109,50,73,132,68,14,18,84,148,61,141,40,60,53,36,98,54,31,62,15,124,130,83,16,55,25,118,81,129,86,42,110,126,46,66,59,137,85,9,12,0,104,113,52,94,41,114,19,74,28,30,49,63,44
117,29,2,80,96,68,131,139,27,15,95,112,101,48,149,67,57,3,119,91,46,120,114,123,134,105,20,127,138,122,7,70,38,17,121,75,31,43,50,108,77,76,88,26,6,128,45,33,102,143,89,99,107,72,82,10,103,23,106,1,37,78,47,21,5,133,93,65,135,111,136,140,79,71,61,142,41,14,32,22,147,35,52,58,4,145,13,69,39,115,62,56,92,97,125,100,109,87,73,132,146,129,64,84,148,144,141,40,60,34,36,98,54,18,51,90,124,130,83,16,55,25,118,81,53,86,42,110,126,8,66,59,137,85,9,12,0,104,113,24,94,116,11,19,74,28,30,49,63,44
117,29,2,77,96,125,102,139,27,15,103,112,101,48,95,67,57,3,119,91,46,120,114,104,134,13,20,127,138,122,7,70,90,17,121,75,31,43,50,108,88,76,131,26,6,72,45,33,110,143,89,116,107,132,145,10,73,23,106,1,37,78,47,21,5,39,93,65,135,111,136,128,79,71,61,142,68,59,32,22,38,35,52,123,4,130,133,69,18,115,62,105,92,97,80,100,109,87,147,11,146,129,64,84,148,144,141,40,60,34,36,98,54,41,51,149,124,86,83,16,55,25,118,81,53,82,42,140,126,8,66,99,137,85,9,12,0,14,113,24,94,58,56,19,74,28,30,49,63,44
49,29,2,77,96,125,102,139,27,15,8,112,101,48,95,67,117,3,119,91,46,120,114,104,134,13,20,127,106,122,41,70,90,17,121,75,31,103,50,108,89,76,131,9,6,72,45,33,19,143,10,116,107,132,145,37,71,23,7,1,98,78,47,21,5,39,93,138,135,111,66,128,79,63,61,142,68,59,32,22,38,35,52,123,4,130,133,69,18,115,62,105,92,97,80,12,109,87,26,88,100,129,64,84,148,144,141,40,60,34,36,147,54,73,24,149,11,86,83,16,55,25,118,81,44,82,42,140,126,113,124,99,137,85,53,146,0,65,43,74,94,58,56,51,136,28,30,14,110,57
79,20,2,77,96,125,102,139,27,15,8,112,101,56,95,67,124,3,119,91,142,138,114,50,134,13,6,127,121,122,41,70,90,17,49,75,31,120,11,108,89,76,131,9,107,72,133,103,19,143,10,116,69,117,145,37,144,46,68,29,98,78,47,21,5,33,93,58,135,111,80,128,45,63,61,66,7,59,24,22,38,35,52,123,4,130,39,104,18,115,62,105,92,97,32,12,109,87,26,88,100,129,64,84,148,48,141,40,60,34,36,147,54,73,1,149,85,86,83,16,55,25,118,81,44,82,42,140,126,113,71,99,137,132,53,146,0,65,43,74,94,106,23,51,136,28,30,14,110,57
79,20,2,77,96,27,102,139,128,15,83,75,101,56,95,67,124,144,119,116,142,121,114,50,134,24,6,127,51,122,41,70,90,138,49,26,31,120,76,108,89,146,131,9,48,72,133,103,125,143,10,12,69,117,145,37,64,46,68,29,98,28,47,21,5,33,93,58,135,111,80,11,45,63,61,66,78,39,13,22,38,35,52,123,94,130,132,104,18,115,62,105,92,97,32,136,109,87,19,88,100,129,3,84,148,8,141,40,60,34,36,147,54,73,1,149,107,86,7,16,55,25,118,81,44,82,42,140,126,113,71,99,137,53,91,85,0,65,43,74,110,106,23,59,17,112,30,14,4,57
79,20,2,77,96,27,85,108,128,15,83,75,39,56,95,73,124,144,119,116,142,121,114,101,134,24,6,112,107,122,41,70,90,138,67,26,31,120,76,139,89,146,33,9,50,72,52,10,125,143,49,12,69,117,145,37,48,46,13,88,98,28,47,80,5,92,93,58,135,111,74,11,45,63,61,66,78,36,64,22,140,35,21,123,103,130,132,104,18,115,62,105,71,97,32,136,109,87,19,54,100,102,3,84,148,8,141,40,60,34,68,147,51,129,1,149,127,86,7,38,55,25,118,81,44,82,42,16,126,113,29,99,137,53,91,131,0,65,43,133,110,106,23,59,17,94,30,14,4,57
79,20,2,78,4,27,45,122,128,15,83,75,63,56,139,73,97,144,119,116,85,121,114,32,134,24,6,17,107,112,41,70,90,96,67,26,138,124,88,76,60,146,33,9,31,72,52,10,125,143,49,12,69,117,145,62,48,46,39,34,98,28,47,80,5,92,93,58,135,111,74,11,13,95,61,66,99,36,64,22,140,35,21,123,103,130,132,104,18,115,108,105,55,142,1,136,109,87,19,54,100,102,3,84,148,8,141,40,71,50,68,147,51,129,38,131,127,86,7,89,101,25,118,81,44,82,42,16,126,113,29,77,137,53,91,149,0,65,43,133,110,106,23,59,120,94,30,14,37,57
79,20,30,78,4,27,62,122,128,17,83,75,60,56,139,73,97,142,119,33,85,121,114,42,134,24,6,11,107,45,124,63,90,96,67,26,138,69,88,76,59,2,91,9,31,72,52,112,125,143,49,12,51,117,144,15,48,46,39,34,98,28,47,80,5,92,32,58,135,111,74,136,13,95,41,66,146,36,64,22,140,35,21,123,103,130,132,106,18,115,108,105,55,145,1,116,109,87,19,127,100,102,3,84,148,8,141,10,71,50,40,147,93,99,38,129,61,86,7,89,101,25,118,81,44,82,70,16,126,113,29,77,137,53,104,149,0,65,43,133,110,131,23,54,120,94,68,14,37,57
79,20,149,138,4,27,62,122,128,17,13,75,60,56,139,83,106,142,119,9,85,121,114,42,134,81,6,11,107,49,124,63,90,96,67,26,73,69,88,57,59,2,91,33,31,72,30,112,125,45,18,12,51,144,145,15,48,46,39,92,98,68,47,80,5,87,32,58,135,111,74,136,55,95,41,66,146,36,64,24,140,35,21,123,103,130,132,116,44,115,108,105,131,117,1,97,109,141,19,127,100,102,120,84,148,8,28,10,71,50,40,147,93,99,38,129,61,86,7,89,101,25,118,143,34,82,70,16,126,113,29,77,137,53,104,94,0,52,43,133,110,65,23,54,78,22,3,14,37,76
39,20,149,138,4,6,62,122,128,17,13,75,119,56,139,83,106,142,53,9,85,121,114,42,134,91,79,11,27,115,100,101,90,96,67,26,31,110,88,57,59,16,112,33,63,60,69,137,125,45,18,12,51,144,145,133,48,46,73,92,107,68,47,124,5,87,32,72,135,111,74,30,55,38,41,66,146,36,64,24,140,35,21,123,103,15,132,116,44,40,108,105,131,117,1,97,109,141,19,127,81,102,120,84,148,130,28,10,98,50,8,147,93,99,49,129,61,86,7,89,58,25,118,143,34,82,70,2,126,113,29,77,80,71,104,94,0,52,43,136,95,65,23,54,78,22,3,14,37,76
39,20,149,138,78,114,74,122,130,17,13,75,119,56,139,83,106,142,53,9,85,121,131,63,134,15,79,11,27,115,128,101,108,96,67,26,31,110,88,57,59,16,147,33,4,6,42,137,125,45,18,12,51,144,145,133,127,46,48,92,107,68,47,124,5,91,118,72,112,111,49,30,55,38,41,77,146,36,64,24,140,35,21,100,103,54,132,116,44,40,123,105,73,66,1,97,117,141,19,61,81,102,120,84,148,69,28,10,98,50,8,22,93,99,143,129,32,86,7,89,58,25,60,90,34,82,70,2,126,113,29,109,80,71,104,94,0,87,43,136,95,65,23,62,135,52,3,14,37,76
39,20,149,138,105,114,74,122,130,80,13,75,119,56,139,11,48,142,53,132,85,121,131,63,134,15,79,78,76,115,128,101,108,96,67,26,31,21,88,57,136,44,147,33,4,6,42,137,125,45,83,27,51,144,82,133,90,46,16,92,107,68,97,124,5,91,118,72,112,111,49,30,55,38,41,77,146,36,64,24,140,35,65,100,103,37,9,116,47,40,123,106,73,66,1,120,117,141,19,61,81,102,54,84,148,69,10,18,98,50,8,22,93,145,143,129,28,86,95,12,58,25,60,110,34,109,70,2,126,113,29,7,59,71,104,94,0,87,43,99,32,89,23,62,135,52,3,14,17,127
66,20,149,123,105,114,74,147,130,127,13,75,119,116,139,11,48,142,53,132,85,27,131,63,134,15,69,112,76,115,128,101,108,96,67,26,31,21,88,57,136,141,124,33,4,106,42,7,113,45,83,10,51,144,82,133,90,46,77,92,107,16,97,80,5,91,6,72,14,111,49,30,55,38,41,104,146,36,64,24,140,137,65,100,103,37,9,79,47,40,68,39,73,44,1,120,117,122,19,61,81,102,54,84,148,143,78,18,98,50,8,22,3,145,121,35,28,86,95,12,58,25,60,110,34,109,70,2,125,126,29,129,59,71,93,94,0,87,43,99,32,89,23,62,135,52,138,56,17,118
21,20,149,123,105,114,74,147,130,45,13,75,119,116,139,11,48,142,53,132,85,27,131,63,134,15,69,112,76,98,50,101,115,96,67,26,31,138,16,57,136,141,124,33,4,106,42,7,113,107,83,10,51,144,82,133,90,46,77,92,145,18,97,80,5,91,110,72,58,111,146,30,55,38,41,104,40,36,64,24,140,137,78,66,22,103,9,79,47,65,68,39,60,44,1,120,100,122,19,61,81,102,54,84,148,143,49,86,32,117,8,88,3,135,121,35,28,127,95,12,0,25,2,6,34,109,70,108,125,126,29,129,59,71,93,94,73,128,43,99,14,89,23,62,118,52,37,56,17,87
21,20,149,123,105,114,94,147,130,96,13,49,119,116,139,11,48,142,72,132,85,19,144,67,134,15,63,112,76,69,50,101,115,2,12,26,98,138,16,57,146,110,124,33,4,106,42,29,113,107,83,10,51,87,82,133,90,46,24,92,145,18,97,80,5,91,68,45,62,111,53,30,55,38,41,104,40,36,64,27,140,137,78,66,22,103,9,79,47,65,34,39,60,44,1,120,100,122,77,61,81,102,54,84,75,143,129,86,32,37,8,88,3,135,121,35,28,127,95,17,0,25,7,6,136,109,70,108,125,126,117,148,59,71,31,93,73,128,43,99,14,89,23,58,118,52,131,56,141,74
61,20,46,123,105,114,94,147,130,96,13,49,119,116,139,11,48,101,9,132,85,19,144,67,134,15,63,112,145,47,50,39,4,2,12,26,98,138,16,57,117,62,124,104,29,106,42,99,113,107,83,10,80,87,82,133,90,77,24,92,43,18,97,110,125,91,68,45,17,111,53,30,55,38,41,23,40,36,64,27,140,137,142,66,22,103,33,79,74,65,34,76,60,44,1,120,100,122,69,78,81,102,54,84,75,143,129,86,32,37,8,146,3,115,121,35,28,127,95,25,0,51,7,6,136,109,70,108,72,126,59,148,21,71,5,93,73,128,31,135,14,89,88,58,118,52,131,56,141,149
61,90,139,123,105,114,94,147,130,96,13,24,119,25,43,11,48,101,113,117,85,19,144,67,134,15,63,112,145,47,50,39,4,135,46,132,98,138,16,57,62,111,124,104,29,106,42,99,80,107,83,0,95,110,82,133,10,116,64,92,103,18,97,121,125,91,68,45,17,129,53,30,55,38,41,23,40,36,51,27,140,137,142,66,22,52,33,79,74,65,34,76,60,44,1,9,100,122,69,78,12,102,54,84,75,77,2,86,32,37,26,146,3,115,81,35,28,127,7,49,87,143,20,6,136,109,70,108,72,126,120,148,21,71,5,93,73,128,31,59,14,89,88,58,118,8,131,56,141,149
61,127,139,114,105,145,135,147,130,96,94,146,119,25,43,128,48,101,113,117,46,19,144,67,90,15,63,23,134,47,50,39,4,41,123,132,98,138,16,85,62,111,124,104,29,106,42,99,12,107,83,30,95,110,13,133,10,116,64,92,103,18,14,121,45,91,126,60,68,129,53,49,24,38,0,17,40,36,100,27,140,137,142,66,22,52,33,79,74,65,34,76,31,44,1,9,11,122,69,78,112,102,54,51,75,77,2,86,32,37,26,82,3,115,81,35,28,57,7,125,87,143,20,6,136,109,70,108,72,55,120,148,21,71,5,93,73,97,84,59,80,89,88,58,118,8,131,56,141,149
61,127,139,109,105,145,135,147,114,66,94,146,119,25,43,128,121,101,113,117,46,19,144,67,90,15,63,23,134,47,50,39,4,41,123,102,98,138,16,85,62,100,2,112,124,106,97,99,12,107,83,30,7,29,13,133,10,116,64,92,103,18,14,42,45,91,126,60,70,129,104,49,24,38,0,69,40,36,34,27,140,137,142,148,22,52,33,79,74,65,96,76,31,44,1,9,11,122,130,78,17,68,54,51,75,77,80,86,53,115,26,82,3,73,37,35,88,57,32,125,87,143,20,111,136,81,6,108,72,55,120,8,21,71,5,93,48,110,84,59,132,89,95,58,118,28,131,56,141,149
61,45,139,50,16,145,28,147,100,66,94,146,118,25,43,128,121,119,96,117,46,114,8,67,90,15,63,23,134,74,101,39,4,113,123,102,52,138,64,85,62,41,2,112,124,106,97,99,12,107,83,30,7,29,13,133,10,127,137,35,103,18,14,42,47,91,126,60,70,33,104,49,24,38,0,69,55,34,144,27,140,36,142,32,22,116,109,79,148,65,40,76,31,44,1,9,11,122,130,78,17,68,98,51,75,77,80,86,53,115,26,82,3,73,37,92,88,57,48,125,87,143,20,111,136,81,6,108,72,19,120,135,21,71,5,93,129,110,84,59,132,89,95,58,54,105,131,56,141,149
61,45,139,50,16,49,28,34,100,129,94,146,124,26,93,121,131,119,128,117,46,114,8,25,88,15,33,23,9,74,101,39,112,113,123,102,52,138,64,85,67,41,2,118,141,106,97,99,35,107,83,30,7,29,13,133,10,127,137,145,103,18,14,130,47,91,126,60,70,58,104,89,24,38,0,69,55,62,144,56,140,36,142,12,22,116,109,4,148,65,40,76,31,44,1,147,11,122,27,78,17,68,98,51,75,77,80,86,53,115,42,82,3,63,37,92,90,57,48,125,87,143,20,111,136,81,6,108,72,19,120,135,21,71,5,73,66,110,84,59,132,43,95,134,54,105,32,96,79,149
61,45,139,50,16,49,28,72,100,129,94,4,51,26,93,121,131,119,65,117,46,83,8,25,88,2,114,64,9,74,24,39,112,113,123,102,52,138,132,85,67,41,17,15,141,106,97,87,35,107,48,30,7,29,101,133,116,127,137,145,103,18,14,130,47,91,126,60,70,58,104,89,19,38,0,23,55,62,144,56,140,36,142,12,22,6,109,33,148,78,40,76,31,69,1,147,95,122,27,124,118,68,98,135,75,77,80,86,53,115,42,13,3,11,37,149,90,57,99,125,10,143,20,111,136,81,44,108,34,92,120,146,21,71,5,73,66,110,84,59,63,43,82,134,54,105,32,96,79,128
61,45,139,50,16,41,68,72,100,129,5,92,51,26,36,121,131,85,93,117,46,83,62,25,39,2,114,64,9,74,24,119,47,128,123,102,52,138,132,113,67,54,17,15,141,106,49,87,35,107,48,30,7,29,101,133,116,127,137,145,103,18,14,130,112,91,126,60,70,122,142,89,19,38,98,23,59,42,144,56,140,104,135,12,22,21,109,33,148,78,40,76,31,69,1,147,95,55,27,124,118,8,146,84,75,77,80,86,53,115,97,13,3,11,37,149,0,57,99,125,10,143,20,111,136,81,44,108,34,90,120,28,6,71,88,73,66,110,65,94,63,43,82,134,4,105,32,96,79,58
61,45,87,50,16,41,68,72,100,129,5,125,51,30,47,121,131,113,93,117,46,83,62,25,39,2,114,64,9,74,24,119,26,128,123,139,52,138,132,140,102,54,17,35,141,106,112,104,14,49,48,0,7,29,101,133,116,127,137,15,103,18,73,130,79,91,126,80,136,147,142,89,19,38,98,23,59,107,144,56,95,111,135,12,22,21,109,33,148,78,40,76,31,69,1,57,42,55,27,124,118,44,146,84,75,77,145,86,53,115,97,13,3,11,37,149,122,36,99,85,10,143,20,66,92,81,58,108,34,90,120,28,6,71,88,67,70,110,65,94,63,43,82,134,4,105,32,96,8,60
61,45,87,50,16,41,68,72,100,129,22,57,51,5,47,121,131,113,78,117,46,56,62,25,39,2,114,64,9,74,24,119,26,8,123,139,52,58,132,140,102,54,17,35,141,66,112,104,14,49,97,0,116,29,94,133,43,126,137,128,103,60,127,130,79,91,89,80,136,147,142,18,19,38,98,23,59,107,13,15,53,111,135,83,144,21,109,33,148,48,40,76,31,93,1,28,42,55,27,124,118,44,146,84,75,77,145,86,95,115,69,82,3,7,37,149,122,36,99,85,10,143,20,30,92,81,11,108,34,90,120,138,6,71,88,67,70,110,65,101,63,73,125,134,4,105,32,96,106,12
61,45,38,50,16,41,68,72,131,34,22,57,51,5,10,121,127,113,78,117,46,56,62,6,39,2,114,64,9,74,24,119,23,8,123,139,130,58,132,140,28,54,32,35,141,66,112,104,14,49,97,0,116,29,94,133,43,126,12,137,19,60,59,107,79,91,89,80,136,106,4,18,52,147,98,142,40,3,13,15,53,87,135,83,144,21,109,33,129,48,93,143,31,76,1,17,42,55,27,124,118,44,146,84,75,77,145,111,95,115,69,82,25,7,37,149,122,36,99,85,128,100,20,30,92,81,11,108,103,90,120,138,86,71,88,67,70,110,65,101,63,73,125,134,148,105,26,96,47,102
38,45,93,50,16,68,11,72,131,34,22,57,88,147,10,121,142,113,78,138,0,56,62,6,39,2,114,64,9,74,24,117,23,8,123,139,130,58,132,140,28,54,67,35,46,66,112,104,14,49,97,61,116,29,94,133,85,141,12,137,19,60,59,107,79,91,134,80,26,106,4,119,52,76,136,127,40,3,13,15,53,87,135,83,144,21,109,33,105,48,129,32,31,25,1,17,42,55,27,124,118,44,146,84,75,77,145,69,95,115,89,18,126,7,37,149,122,36,99,111,128,100,20,30,92,81,41,108,103,90,120,82,86,71,125,43,70,110,65,101,63,73,5,143,148,98,51,96,47,102
38,45,93,50,16,68,47,44,131,34,22,57,88,66,10,121,142,147,78,138,0,56,62,6,39,2,114,112,9,74,24,117,23,63,123,72,130,58,132,140,28,35,80,127,46,25,82,104,139,49,97,61,116,29,94,133,85,141,12,137,19,60,59,107,79,91,134,81,21,14,4,106,52,76,119,11,40,3,13,15,53,87,135,83,144,118,109,33,105,67,129,32,31,125,1,17,42,55,100,124,8,43,146,84,54,77,145,69,95,115,89,18,126,7,37,149,122,36,99,111,120,65,20,30,92,48,41,108,103,70,90,136,86,71,26,128,27,110,113,101,75,73,5,143,148,98,51,96,64,102
68,38,25,50,16,102,47,28,131,34,22,57,88,66,83,121,142,147,78,138,0,56,62,6,39,48,114,112,9,74,24,117,23,63,36,141,130,58,132,140,44,35,80,127,46,61,82,104,136,139,97,133,116,29,99,2,85,11,12,137,19,60,59,107,79,91,134,81,21,14,4,106,52,76,119,94,31,3,13,93,53,87,135,72,144,118,109,33,105,67,110,32,10,125,1,122,42,55,100,124,8,43,146,84,54,77,145,73,15,115,89,18,96,7,37,149,123,129,5,111,120,65,20,30,92,49,41,108,103,70,90,17,86,71,26,128,27,126,113,45,75,95,40,143,148,98,51,69,64,101
68,145,57,50,16,102,47,28,131,34,22,24,17,66,94,121,142,147,78,138,0,56,62,75,106,73,114,112,9,74,4,117,23,29,36,141,103,58,132,6,44,35,80,127,46,61,82,104,136,139,97,96,116,99,110,2,85,11,12,137,19,60,59,107,79,91,134,81,21,123,38,118,52,76,119,140,31,3,13,93,53,87,135,72,144,8,109,33,105,67,14,10,92,125,1,122,42,55,100,124,51,43,146,84,54,133,64,77,15,115,89,18,39,7,37,149,32,83,5,111,120,65,20,30,129,49,41,108,90,70,48,63,86,71,26,128,27,126,113,45,88,95,130,143,148,98,25,69,40,101
68,145,57,50,16,49,47,28,131,34,30,24,133,48,22,121,142,147,78,138,102,56,62,75,106,73,115,141,36,74,4,117,60,29,137,66,103,58,132,6,44,94,80,127,46,61,82,104,136,139,97,96,37,99,14,2,85,11,12,134,19,144,59,107,79,7,35,81,21,123,38,118,52,76,119,116,31,3,13,93,53,87,135,64,124,8,91,33,125,67,69,10,92,0,1,122,42,55,100,109,51,43,146,84,54,140,9,77,15,110,89,18,39,126,72,149,32,83,5,111,120,65,20,112,129,105,41,108,90,114,23,63,86,71,26,128,27,70,113,45,88,95,130,143,148,98,25,17,40,101
31,145,57,85,16,49,47,28,131,34,30,108,104,48,22,121,142,147,78,138,102,56,62,75,125,73,115,80,36,74,4,117,60,29,137,66,52,58,132,88,91,94,112,127,46,61,82,100,136,139,97,76,37,99,14,2,17,11,12,134,19,144,59,107,79,7,35,67,21,123,68,118,44,105,119,116,24,1,13,93,122,87,135,64,124,8,38,33,25,149,69,10,92,0,77,146,42,55,141,109,51,43,133,84,81,140,9,54,15,53,89,18,39,126,72,103,32,83,5,111,120,65,20,50,129,3,41,86,90,114,23,63,96,71,26,128,27,70,113,45,106,95,130,143,148,98,6,110,40,101
31,145,120,30,16,49,47,8,131,34,13,108,104,48,22,3,71,147,78,138,102,81,62,23,125,73,115,80,36,74,4,117,60,29,75,66,121,58,132,140,91,94,112,84,46,61,82,85,136,139,97,76,37,99,14,2,17,27,12,134,19,144,88,107,79,7,35,67,21,123,68,118,44,105,119,142,24,1,110,70,122,87,135,64,124,103,38,33,25,149,69,10,92,0,56,146,42,116,141,93,127,43,133,77,109,137,9,54,15,59,89,18,39,126,72,55,32,83,5,111,52,65,20,50,100,57,41,86,90,114,129,63,96,128,26,143,53,28,113,45,106,95,130,51,148,98,6,11,40,101
17,145,117,38,16,49,47,7,48,34,13,108,104,62,22,3,90,147,78,6,102,81,103,23,125,73,76,80,36,74,4,0,60,29,75,66,121,112,132,140,91,94,131,84,46,61,82,85,30,69,97,87,37,99,14,2,11,27,12,134,19,144,88,107,79,139,35,115,109,138,68,118,44,105,119,142,24,1,110,70,122,143,135,64,124,58,130,33,25,149,28,10,92,148,50,146,71,116,141,93,127,43,133,77,8,137,9,54,15,59,89,18,39,126,72,55,32,83,5,111,136,65,20,123,100,57,41,86,31,114,129,63,96,128,26,42,53,56,113,45,106,95,21,51,52,98,120,67,40,101
17,145,56,38,16,49,47,117,48,34,13,108,111,62,22,4,90,105,78,6,96,81,23,110,125,73,76,86,36,24,107,0,60,29,131,66,121,112,132,140,85,94,146,84,46,61,82,91,30,69,97,87,37,99,102,2,43,27,12,134,31,144,88,120,133,139,35,115,109,138,7,118,44,79,119,103,142,1,14,70,122,95,135,64,124,58,130,33,25,149,28,10,92,148,50,45,71,116,141,93,127,104,19,77,8,137,9,54,15,59,89,18,39,126,72,55,32,83,5,3,136,80,20,123,100,57,41,147,68,114,129,63,11,128,26,42,53,65,113,75,106,74,21,51,52,98,143,67,40,101
96,145,56,38,16,86,65,117,48,34,13,108,111,62,22,4,42,90,78,6,105,81,142,110,125,73,76,31,36,23,107,0,60,32,131,24,15,29,132,140,85,17,146,84,46,61,127,91,30,69,97,87,37,99,102,94,43,27,12,128,82,144,112,120,123,139,35,115,109,138,7,118,44,79,119,49,10,1,14,70,122,95,135,64,124,58,130,33,25,149,28,47,92,148,50,45,11,116,141,93,134,104,19,77,8,137,9,54,40,59,133,66,39,126,72,55,18,83,5,3,143,80,20,103,100,57,41,147,68,114,129,63,89,121,26,88,53,136,71,75,106,74,21,51,52,98,2,67,113,101
23,145,56,38,16,86,65,117,48,34,13,108,111,62,22,4,42,90,115,138,105,81,114,110,125,73,76,31,36,6,107,0,60,32,131,24,141,29,132,140,85,17,146,84,46,61,57,91,30,121,97,20,37,99,87,94,43,27,127,128,82,144,112,120,123,139,35,78,109,45,41,118,44,79,119,49,10,14,9,103,122,95,80,130,124,58,106,33,25,12,28,47,50,148,113,149,11,116,1,93,134,104,19,77,8,137,142,96,40,59,133,66,39,126,72,55,18,83,5,3,143,102,135,101,100,54,69,147,68,70,129,63,89,26,64,88,53,136,71,75,15,74,21,51,52,98,2,67,92,7
23,145,56,38,16,96,65,117,7,34,47,108,143,62,22,4,64,90,115,70,105,81,114,110,125,73,140,31,36,131,107,0,60,147,8,24,141,29,132,93,85,17,146,84,46,61,94,91,30,121,97,20,37,99,123,43,18,27,127,13,82,144,112,66,98,139,35,78,109,45,41,118,44,79,119,49,10,14,9,103,122,95,80,130,124,58,106,33,25,12,28,74,50,148,113,149,11,63,1,52,67,104,19,77,3,137,142,6,40,59,133,116,39,126,72,55,86,83,5,48,32,102,135,87,100,54,69,101,68,57,129,128,89,26,134,88,53,136,71,75,15,120,21,51,111,42,2,76,92,138
23,145,149,38,6,96,65,117,7,34,15,108,143,112,22,4,64,24,115,70,105,113,114,140,125,73,42,31,36,131,107,62,60,147,92,0,141,29,132,13,85,17,146,84,46,61,94,91,30,121,97,5,37,99,8,43,56,27,127,47,82,144,123,66,98,139,35,78,109,45,41,118,44,16,119,49,10,101,9,89,122,95,80,130,124,40,106,33,25,12,81,74,50,148,54,110,11,63,1,52,67,104,19,77,3,58,137,18,71,59,133,116,39,126,72,55,102,83,93,48,32,86,135,87,100,14,69,90,68,57,129,128,28,26,134,88,53,136,142,75,103,120,21,51,111,20,2,76,79,138
22,145,149,51,139,130,65,117,7,34,15,108,143,112,126,115,64,26,23,100,28,113,114,140,125,73,42,31,36,131,107,87,60,128,92,0,141,122,132,13,85,17,146,84,46,61,94,91,30,5,97,96,37,99,8,43,56,27,127,47,6,144,123,66,24,77,133,78,105,4,41,118,44,16,119,49,10,101,9,89,121,95,147,29,124,98,106,33,25,12,81,74,50,70,54,110,11,63,1,52,67,104,19,18,3,58,137,45,71,59,80,116,39,38,72,55,102,83,93,48,32,86,135,148,109,14,69,82,68,57,129,88,40,90,134,35,53,136,142,75,103,120,21,62,111,20,2,76,79,138
22,145,149,100,139,130,65,117,7,25,72,108,143,112,75,115,64,26,23,18,28,102,114,140,125,73,79,31,36,5,131,42,60,128,92,0,38,122,132,13,85,17,146,84,46,94,67,91,30,34,97,96,37,99,8,43,56,27,127,4,6,144,123,66,24,77,61,69,105,116,41,118,44,16,119,49,10,101,9,89,121,95,147,29,124,98,106,33,126,68,87,74,50,70,54,110,11,63,1,52,58,104,107,113,3,76,137,45,71,59,80,32,39,15,51,55,14,83,93,48,20,86,135,148,109,133,19,81,141,57,129,88,40,90,134,35,53,136,142,12,103,120,21,62,111,78,2,47,82,138
22,55,149,100,123,130,65,117,7,71,72,108,131,112,120,115,64,26,23,75,28,102,114,89,125,140,79,31,36,5,110,42,86,128,92,0,38,6,25,13,85,17,146,144,126,94,141,91,30,34,97,11,37,132,8,43,56,27,127,4,99,143,67,66,24,77,61,69,105,84,41,118,44,16,119,49,10,101,9,18,121,95,147,103,124,98,106,33,113,68,87,74,50,70,54,21,148,63,1,52,58,104,107,51,3,76,137,45,145,59,80,32,39,15,88,73,14,83,93,48,20,122,135,46,109,133,19,81,96,116,129,60,40,90,134,35,53,136,142,12,29,139,57,62,111,78,2,47,82,138
83,55,144,9,123,130,65,117,7,92,72,108,149,112,120,115,64,26,23,75,28,102,114,89,45,140,79,10,36,76,82,74,86,128,77,22,38,6,106,13,85,0,20,43,126,94,141,91,30,34,97,11,37,132,8,131,56,27,127,147,99,143,67,66,24,59,61,69,105,84,41,118,44,16,119,49,51,101,113,18,121,48,42,103,124,98,109,33,25,68,87,31,50,70,54,21,148,63,1,52,58,104,107,17,3,125,95,5,145,4,80,32,39,15,88,73,14,142,93,137,110,122,135,46,146,133,19,81,96,116,129,60,40,90,134,35,53,136,71,12,29,139,100,62,111,78,2,47,57,138
