0,1,2,3,4,5,6,7,8,9,10,11,12,13,14,15,16,17,18,19,20,21,22,23,24,25,26,27,28,29,30,31,32,33,34,35,36,37,38,39,40,41,42,43,44,45,46,47,48,49,50,51,52,53,54,55,56,57,58,59,60,61,62,63,64,65,66,67,68,69,70,71,72,73,74,75,76,77,78,79,80,81,82,83,84,85,86,87,88,89,90,91,92,93,94,95,96,97,98,99
92,1,96,3,55,5,6,7,8,13,10,11,14,17,50,15,36,98,62,4,20,21,22,29,24,25,26,34,28,59,94,31,66,65,19,35,18,37,38,39,40,49,71,43,9,61,58,47,48,44,23,16,52,32,54,83,56,57,70,63,60,69,53,73,64,2,30,67,68,45,12,81,72,93,74,75,76,77,0,79,80,46,82,86,84,85,78,87,88,89,90,91,99,51,41,95,33,97,27,42
92,79,76,57,51,58,6,23,48,13,10,63,14,17,95,53,36,98,18,81,20,46,22,34,24,25,26,44,28,62,2,31,66,11,82,35,3,93,38,0,40,49,21,43,96,61,50,8,9,68,94,16,52,32,54,83,56,86,70,91,60,69,55,73,64,5,30,67,88,45,12,1,72,7,90,75,65,77,78,71,80,59,15,84,29,85,4,87,74,89,19,37,99,47,41,39,33,97,27,42
93,39,76,57,38,58,6,23,48,13,10,63,92,69,95,37,36,42,18,17,20,30,22,0,24,25,44,65,28,89,2,75,66,27,26,78,86,53,11,77,68,49,90,67,79,21,50,8,46,70,94,16,52,32,54,82,56,85,62,9,60,43,55,73,64,5,34,91,88,45,12,1,72,7,35,81,59,40,14,71,74,80,15,84,29,61,4,96,31,87,19,51,99,47,41,98,33,97,83,3
93,39,76,57,66,43,6,5,48,13,87,63,17,54,95,98,29,42,19,49,20,30,68,65,38,8,44,32,74,24,2,52,70,80,25,78,86,16,11,77,27,92,90,67,79,33,96,3,46,4,22,36,37,58,75,50,56,85,62,9,60,91,55,82,64,28,34,0,88,45,89,1,72,7,35,81,59,40,14,71,18,26,69,84,73,61,12,15,31,10,23,51,99,47,41,21,94,97,83,53
91,84,76,57,8,43,47,6,48,16,87,63,19,54,95,98,17,42,65,49,20,30,68,94,93,22,44,33,74,0,18,79,70,80,37,78,86,99,75,77,73,53,52,67,39,32,9,3,46,4,88,36,11,58,90,50,56,35,62,38,60,92,55,82,24,28,5,64,97,45,89,1,72,66,7,34,59,2,14,71,29,26,69,12,15,25,85,81,31,10,23,51,40,61,41,21,13,96,83,27
13,84,76,57,8,43,89,55,48,16,34,63,38,62,94,65,17,42,9,49,45,30,77,97,93,41,44,33,91,0,2,79,70,80,37,78,86,99,98,68,73,53,52,18,39,66,22,10,46,4,88,36,11,58,90,50,19,24,72,87,40,92,47,82,3,28,5,74,27,7,6,1,12,35,60,32,59,71,14,96,64,26,69,15,61,25,85,81,20,95,23,51,75,54,29,56,31,67,83,21
13,84,9,76,78,3,89,11,77,16,66,36,38,62,94,18,17,42,10,55,45,30,48,50,93,67,61,73,6,1,2,79,70,22,37,33,86,99,98,68,80,53,52,7,39,27,12,34,46,75,88,43,0,56,90,28,19,24,72,87,40,92,47,82,57,91,51,44,63,35,97,74,21,8,60,41,59,49,5,96,58,26,69,15,4,25,85,81,20,95,23,71,65,54,29,32,31,14,83,64
45,84,9,76,78,43,6,28,77,67,66,36,38,11,1,18,59,42,10,55,95,26,48,64,93,2,61,73,82,86,20,74,65,22,37,33,53,99,30,13,80,79,52,7,81,27,12,89,46,3,88,29,70,56,34,96,14,91,17,87,40,31,47,19,94,90,51,44,63,35,97,21,75,8,24,41,72,49,5,92,58,62,69,15,4,68,85,57,0,60,23,71,50,54,98,32,16,39,83,25
45,84,87,80,9,43,6,28,31,67,13,81,51,74,1,18,85,42,15,55,95,26,48,92,77,2,34,73,82,0,53,90,11,22,37,14,44,49,30,88,36,91,52,7,78,27,59,64,46,25,29,76,70,56,40,96,93,86,17,33,79,99,47,20,94,19,3,61,63,35,97,21,4,8,24,41,65,89,72,12,58,62,69,38,5,68,10,57,75,60,23,71,50,54,66,32,16,39,83,98
31,10,87,97,89,43,54,21,95,67,26,1,51,20,38,19,85,42,15,55,5,74,48,45,77,23,33,73,88,91,53,9,11,22,37,14,44,84,30,66,36,2,52,7,78,13,17,64,86,25,90,76,70,56,40,96,34,59,46,0,92,81,47,28,93,39,3,61,63,35,80,72,4,8,24,41,65,57,71,12,58,62,69,79,94,6,68,18,75,60,29,49,50,82,27,32,16,99,83,98
0,40,81,75,89,43,54,21,67,98,85,96,51,20,38,31,26,42,15,63,95,74,97,18,56,23,33,4,88,12,27,70,11,22,64,14,44,84,30,66,36,77,91,19,78,13,17,49,86,61,90,76,73,28,52,62,9,59,46,82,92,10,47,87,93,39,3,72,34,35,45,5,55,8,24,41,65,57,7,2,68,58,37,79,94,6,71,25,69,60,29,53,50,1,80,32,16,99,83,48
0,37,81,13,93,43,54,92,11,98,85,31,51,20,33,65,64,42,6,63,95,74,97,18,5,29,83,4,88,67,27,15,57,22,69,53,44,84,40,66,36,96,1,26,78,7,17,49,86,61,90,76,73,28,52,62,9,48,24,82,99,10,47,87,72,46,3,75,34,35,68,59,55,25,8,41,14,45,12,2,89,58,21,79,16,70,71,30,23,60,38,19,50,80,77,32,56,39,94,91
75,37,83,13,93,43,54,92,11,67,78,31,51,44,82,65,64,42,6,63,15,7,97,33,5,95,46,55,88,56,27,18,70,22,69,53,61,19,40,66,36,96,58,26,79,28,17,49,86,80,90,76,23,2,84,1,9,48,24,89,99,10,38,87,72,35,3,45,34,94,68,91,73,57,8,20,14,62,12,32,25,60,21,85,16,4,71,59,41,81,52,98,50,74,77,30,0,39,47,29
75,37,50,3,42,43,54,30,34,67,52,31,28,44,82,65,33,25,6,63,15,92,97,56,13,95,20,32,5,64,81,18,70,22,69,53,83,19,40,66,79,96,93,26,78,24,0,49,86,9,90,76,23,2,55,61,1,48,16,89,99,10,71,84,72,35,46,27,36,41,68,91,73,88,8,45,14,51,94,57,80,60,21,7,62,4,11,59,58,85,87,98,12,74,17,38,77,39,47,29
50,37,27,3,42,82,54,30,34,18,15,75,65,44,49,67,59,25,87,71,28,92,97,56,94,95,20,6,5,64,73,55,12,22,69,53,83,19,40,66,79,96,33,26,78,24,0,39,86,32,98,76,16,2,14,61,1,70,99,89,80,10,85,84,72,35,46,8,36,60,68,91,9,88,93,51,31,38,29,77,43,52,23,7,45,4,11,48,58,62,63,41,81,74,17,13,57,90,47,21
50,25,11,75,42,82,54,30,51,18,15,35,65,44,86,67,59,39,87,29,28,92,97,63,94,95,57,6,5,64,23,55,4,22,69,53,71,19,40,66,89,79,33,70,21,24,84,10,62,32,98,76,49,2,78,8,1,14,46,16,80,9,85,73,72,45,96,68,27,52,83,91,26,88,93,37,60,38,58,77,43,3,0,7,61,56,41,48,12,34,20,99,81,74,36,13,31,90,47,17
50,16,33,87,90,27,88,17,51,49,15,75,11,44,86,42,59,54,85,98,28,92,97,63,13,95,57,6,5,64,23,55,4,3,2,71,79,19,37,62,40,39,31,18,21,24,84,70,69,32,66,35,1,34,78,8,94,14,46,68,80,9,22,73,82,45,96,72,10,29,83,91,26,12,93,30,60,38,58,77,25,41,0,7,61,53,89,48,65,52,20,99,81,74,36,43,76,67,47,56
50,16,97,87,85,1,88,17,66,93,15,75,11,49,86,33,77,83,82,95,90,92,98,59,13,44,57,6,5,14,23,55,64,34,2,71,79,42,36,22,40,39,61,18,7,24,84,68,26,32,70,35,0,80,78,8,94,10,46,67,51,9,4,19,45,63,96,41,54,29,28,91,27,12,37,30,60,72,58,47,25,31,38,62,43,53,89,48,65,52,20,99,81,74,3,21,76,73,69,56
50,37,97,87,89,1,88,17,66,9,98,34,11,49,83,2,23,90,82,40,4,92,93,59,78,44,52,64,5,19,95,45,61,6,20,56,79,42,36,22,33,39,77,43,7,99,84,68,80,32,70,30,13,16,18,35,85,10,46,67,8,86,71,73,57,63,96,41,54,29,28,91,27,12,38,15,60,72,58,47,25,31,65,62,75,53,81,48,14,51,26,24,55,74,3,21,76,0,69,94
50,4,97,87,68,46,39,33,66,9,98,34,11,67,83,14,7,16,12,40,51,92,52,59,78,44,63,64,5,19,95,90,61,91,20,26,85,42,32,82,53,22,77,70,45,99,84,2,80,48,31,30,13,89,18,35,24,10,79,81,8,86,71,36,57,56,38,41,54,29,28,58,27,15,3,55,60,72,88,47,23,93,65,62,25,17,96,73,75,6,43,37,49,74,1,21,76,0,69,94
35,4,97,42,60,12,39,38,66,9,71,34,11,67,83,14,49,73,44,40,51,92,52,72,98,76,88,13,77,18,95,90,61,91,20,26,23,1,32,82,59,22,57,46,62,99,84,2,80,64,31,30,93,89,41,65,7,47,79,81,8,86,78,15,10,56,24,87,54,29,28,58,27,53,16,55,21,70,96,45,63,85,48,68,25,17,50,3,75,6,43,37,33,74,19,69,5,0,36,94
87,66,97,3,60,12,8,38,20,9,28,39,11,13,83,6,71,75,44,40,51,91,52,72,98,47,88,14,77,92,54,90,79,53,24,73,70,1,32,82,59,22,57,46,62,99,84,42,63,64,61,65,23,18,0,34,76,85,94,81,86,93,78,15,10,56,31,80,30,29,7,58,45,2,16,55,21,95,96,35,26,49,48,67,25,17,50,41,68,89,43,37,33,74,19,69,5,27,36,4
87,66,60,3,93,12,39,38,20,13,29,1,11,28,14,6,71,75,73,81,51,9,22,72,98,45,88,95,2,91,55,84,79,64,24,16,70,10,32,8,35,44,57,46,97,33,92,42,63,67,61,65,23,31,90,34,76,85,94,62,86,30,78,15,54,47,56,80,37,77,7,58,52,82,59,83,21,0,36,50,26,49,48,99,25,17,53,41,68,89,43,40,18,74,19,69,5,96,27,4
87,85,70,62,63,83,39,42,24,13,29,77,91,33,14,6,0,23,73,81,51,9,79,72,92,45,66,95,97,16,55,84,74,20,76,75,80,10,12,8,35,22,57,15,98,36,43,71,38,67,61,65,1,31,46,34,99,93,94,17,86,30,78,88,40,47,56,11,37,3,7,58,44,82,59,32,21,2,69,50,26,49,48,41,25,64,53,54,68,89,90,28,18,52,19,60,5,96,27,4
39,85,70,61,42,90,64,32,24,52,98,97,91,33,14,6,0,23,73,29,51,45,79,72,8,15,66,95,77,16,55,84,94,20,25,75,80,10,74,12,58,22,60,49,44,68,43,92,9,67,83,65,1,31,46,34,99,93,63,17,19,30,96,88,5,47,56,86,81,3,7,71,13,89,59,62,11,2,69,50,26,35,36,41,76,4,53,54,87,37,40,28,18,48,82,38,78,57,27,21
39,85,70,62,10,83,64,47,2,52,98,42,19,33,14,57,0,23,54,65,48,45,79,20,8,15,4,95,77,16,55,26,94,72,90,75,74,50,37,24,58,22,60,49,25,17,43,68,9,67,80,86,1,31,46,51,92,93,88,96,63,30,91,84,36,27,56,28,81,3,7,71,13,89,66,73,11,38,69,34,59,35,44,41,76,78,53,12,87,6,40,61,18,97,82,32,99,29,5,21
39,96,94,30,90,98,64,47,2,11,99,42,22,97,41,3,0,23,54,65,48,45,79,34,8,50,4,95,77,16,70,35,28,72,25,56,74,75,37,24,58,36,60,49,10,78,63,68,9,43,80,40,46,31,18,67,92,93,88,83,15,86,91,84,82,27,81,52,12,73,7,71,13,89,66,20,62,38,69,85,59,53,44,19,76,33,14,5,87,6,55,61,51,1,17,32,57,29,26,21
80,96,94,4,90,5,64,47,2,71,99,42,33,56,41,3,78,11,54,65,35,45,23,34,40,39,95,28,48,16,89,24,85,69,25,26,74,97,37,61,58,15,60,30,10,77,63,68,9,21,70,6,46,31,76,67,92,93,88,83,27,86,36,84,82,44,81,52,12,73,7,49,13,1,66,17,62,38,8,51,0,53,72,19,18,75,14,20,87,22,91,79,98,55,50,32,57,29,43,59
80,96,86,59,90,5,64,7,4,71,45,6,33,56,41,69,47,11,3,65,35,12,79,34,39,91,95,28,48,72,63,24,85,94,66,40,74,97,20,61,89,15,73,16,10,23,87,30,68,21,70,18,46,31,53,67,43,78,25,83,27,58,36,84,82,44,81,52,76,60,17,49,13,1,26,2,62,38,8,51,32,93,98,54,88,75,14,37,99,22,9,0,92,55,50,19,57,29,77,42
80,96,92,1,27,5,64,7,4,72,31,6,33,56,41,69,9,11,70,90,35,53,79,34,39,44,95,28,48,67,63,24,85,94,22,45,74,97,20,21,36,59,55,32,82,37,87,30,68,14,60,18,46,17,12,47,43,78,25,66,81,29,40,91,58,86,61,65,76,42,23,49,13,71,26,16,62,38,8,51,10,73,98,54,88,15,75,3,99,2,77,0,84,89,50,19,57,93,83,52
80,96,92,26,27,5,69,76,4,53,82,6,33,56,35,25,9,88,70,37,30,17,79,10,68,46,95,36,90,67,55,24,85,94,63,34,74,97,20,21,54,59,44,32,93,61,72,64,1,14,91,31,87,41,12,47,98,78,60,66,81,29,7,18,58,22,39,65,3,42,23,49,13,71,57,62,40,38,11,51,0,73,86,48,16,15,75,28,99,2,77,43,84,8,50,19,89,45,83,52
6,64,21,96,27,11,72,31,4,17,82,54,43,56,94,25,9,88,20,37,30,26,0,1,68,46,95,36,90,67,80,70,85,61,63,34,28,97,74,2,7,59,81,79,35,89,32,8,75,14,91,40,87,41,69,47,98,48,60,66,10,29,78,18,22,62,58,65,3,42,23,49,13,71,57,19,33,38,55,5,93,73,86,39,16,15,76,53,99,24,77,92,84,44,50,51,12,45,83,52
91,64,21,40,27,55,72,13,4,29,82,0,31,59,94,70,16,88,76,37,30,65,49,57,68,46,95,23,90,67,80,11,85,15,63,34,28,45,54,17,7,39,81,79,35,89,61,8,75,14,22,2,87,41,69,47,98,48,42,36,25,32,3,52,56,62,58,60,73,83,77,10,97,71,66,19,33,20,1,5,93,78,86,38,74,92,6,53,99,24,26,9,84,44,50,51,12,43,96,18
91,34,21,84,20,55,0,72,4,29,82,93,13,59,94,70,6,88,76,66,78,58,54,57,51,47,95,23,7,75,80,11,85,15,63,68,28,2,64,74,90,9,81,31,22,89,61,8,37,14,69,30,87,16,38,40,98,48,42,39,25,32,3,52,56,62,26,60,73,44,27,77,35,71,17,19,33,12,1,5,36,65,97,10,79,92,83,53,99,24,67,41,49,46,50,45,86,43,96,18
91,46,30,31,20,2,0,72,4,29,73,48,93,59,94,70,61,82,76,43,78,58,54,57,15,47,95,34,26,51,80,11,65,83,63,40,28,79,64,74,32,9,81,68,22,75,5,8,37,14,60,12,87,16,38,41,98,96,42,39,25,55,7,52,56,62,84,17,1,44,27,77,35,23,36,66,19,3,24,86,6,50,97,10,89,92,33,53,85,90,67,13,49,69,88,45,99,21,71,18
91,4,30,31,21,54,0,72,2,29,85,98,93,59,96,70,61,82,10,43,78,28,89,34,15,37,95,83,26,86,80,11,65,52,63,40,12,79,27,74,38,58,81,68,84,75,57,8,55,94,60,35,50,16,3,87,5,17,42,62,25,47,7,46,9,39,76,64,1,44,41,77,22,23,36,66,19,20,32,51,6,14,97,18,56,92,24,53,69,90,67,13,49,99,88,45,48,73,71,33
32,4,53,78,94,88,0,91,2,29,49,98,93,54,96,70,61,82,10,43,41,28,89,97,62,37,95,83,26,86,80,11,65,52,24,3,44,51,81,7,72,58,47,68,84,30,57,8,55,21,64,46,50,99,15,16,74,17,42,76,25,79,6,77,9,34,20,87,1,14,48,40,22,23,36,66,19,12,60,75,85,35,38,18,56,92,33,59,69,90,67,13,63,5,39,45,27,73,71,31
52,80,79,78,55,88,30,53,2,9,49,95,29,11,66,91,61,7,76,43,41,28,85,97,60,18,34,83,26,86,82,32,72,20,24,38,22,51,81,21,59,96,47,77,84,35,57,8,58,75,64,46,50,99,45,16,74,17,42,98,25,3,6,94,65,54,70,15,1,14,48,40,37,23,36,10,19,12,89,4,44,87,62,31,56,92,33,68,69,90,67,13,63,5,39,93,27,73,71,0
52,80,79,17,83,58,30,53,1,9,63,95,29,78,57,91,15,11,75,43,26,28,85,96,82,18,16,49,71,86,72,66,60,20,24,32,22,88,81,21,59,46,47,77,23,14,56,8,55,10,34,7,33,99,45,2,74,97,42,84,25,3,6,98,65,54,70,51,94,50,48,40,76,87,35,38,19,12,89,39,44,64,62,31,36,92,37,68,4,90,67,41,13,5,69,93,27,73,61,0
24,46,89,3,65,45,30,56,1,28,63,94,29,52,57,20,15,11,50,43,26,36,31,96,82,18,61,78,71,86,37,10,60,55,25,32,22,6,85,21,59,72,47,77,23,14,81,74,95,69,17,7,83,99,34,33,53,97,42,84,75,5,9,98,80,54,70,51,66,88,48,40,76,87,2,19,79,12,44,39,8,64,38,35,62,92,58,68,4,90,67,41,13,91,16,93,27,73,49,0
65,47,89,3,32,45,97,56,1,28,63,91,77,17,57,20,15,27,14,43,76,36,31,96,82,67,61,73,71,52,37,10,81,55,25,75,22,29,85,87,59,72,86,4,94,46,16,78,26,69,30,7,83,88,34,64,53,95,42,84,21,23,9,6,80,54,70,51,99,58,48,40,62,5,2,19,79,12,44,68,8,24,38,35,60,98,92,13,41,50,33,90,18,39,74,93,11,66,49,0
84,47,89,91,86,45,68,56,1,12,7,82,77,17,49,69,6,27,3,43,76,36,31,35,32,67,79,73,71,52,28,10,88,62,55,75,48,29,24,87,59,72,98,26,94,46,0,44,15,57,30,37,83,96,63,64,14,95,42,4,78,23,9,21,80,85,70,51,22,97,92,40,65,5,2,19,34,99,54,41,8,74,38,61,60,16,53,13,25,50,33,90,18,39,58,93,11,66,20,81
84,30,89,86,55,45,68,12,33,9,56,82,77,17,49,74,6,27,3,11,76,91,51,35,32,94,4,73,71,52,28,38,88,62,79,67,69,29,24,87,48,72,98,5,97,1,99,44,23,57,7,90,93,96,63,83,14,46,42,15,78,18,37,21,80,85,70,31,22,36,92,40,59,65,0,19,34,43,54,41,8,2,39,61,60,81,26,13,25,50,75,10,95,53,64,20,58,66,47,16
3,48,83,72,55,45,68,23,41,9,56,82,57,17,49,77,6,54,46,85,86,93,91,2,32,81,4,73,71,52,90,38,88,62,79,67,28,29,24,87,43,47,98,5,97,1,99,44,27,30,63,69,11,0,42,8,33,34,12,15,50,18,37,21,80,7,89,31,22,36,92,76,20,14,96,19,51,40,35,84,10,70,39,59,60,65,26,13,25,74,75,94,95,53,64,78,58,66,61,16
43,48,83,72,55,42,78,23,8,3,56,82,57,44,96,77,6,54,46,85,17,93,86,38,89,5,4,73,71,18,90,68,75,95,79,39,91,28,24,87,1,47,98,52,67,84,99,32,27,40,63,14,11,2,30,53,45,49,29,15,50,61,37,21,80,7,69,31,22,36,92,76,20,62,94,19,51,81,35,13,10,33,97,59,9,65,26,60,25,74,64,12,70,41,88,0,34,66,58,16
37,48,83,97,6,98,79,23,8,3,56,67,77,64,96,5,7,86,84,59,85,93,13,38,89,62,4,73,71,18,90,68,75,95,39,53,91,28,24,0,1,47,44,43,54,52,99,32,27,40,63,14,11,92,55,2,45,21,50,15,87,17,61,30,80,42,57,35,22,36,74,76,26,49,72,19,51,81,94,78,10,33,46,88,9,65,20,60,25,41,82,12,70,69,29,16,34,66,58,31
3,48,83,97,8,98,65,77,37,23,64,67,86,25,96,5,24,94,84,39,85,93,32,38,89,62,4,50,71,56,90,68,92,73,40,49,91,72,74,0,1,47,53,43,54,30,99,31,27,26,63,59,52,33,55,2,45,21,28,15,87,17,79,12,80,13,57,81,22,36,11,58,76,35,6,19,51,42,7,61,75,18,46,14,9,95,10,60,44,41,82,20,70,69,29,16,34,66,88,78
24,48,8,49,87,97,65,29,37,23,64,67,86,31,96,5,89,94,66,39,85,93,80,38,95,41,44,7,71,56,90,1,92,15,40,88,91,72,28,99,68,47,53,43,54,30,4,21,27,19,63,59,52,33,36,60,45,82,76,26,83,17,79,12,34,13,62,81,22,75,11,58,25,51,6,3,61,42,32,74,73,18,46,55,9,14,10,2,77,84,35,98,70,69,20,16,0,57,50,78
16,48,25,87,9,97,78,29,4,23,64,77,86,96,36,5,69,17,66,39,85,93,80,71,95,41,65,52,49,56,57,1,94,15,32,88,89,72,28,99,68,47,53,43,54,30,20,62,27,21,0,59,14,33,46,60,45,44,76,12,83,6,79,19,67,13,35,81,22,75,11,58,34,24,82,3,61,42,92,31,73,50,90,55,63,7,10,2,8,84,70,98,37,91,18,26,74,40,51,38
16,34,25,87,9,90,29,93,42,91,37,77,86,82,96,5,60,97,83,78,85,73,80,71,95,74,65,52,49,56,57,27,94,23,32,88,1,24,58,54,68,17,53,43,18,30,20,62,12,21,0,59,14,33,46,15,45,44,76,48,11,28,6,72,55,98,13,81,4,75,40,99,35,22,64,3,61,70,92,31,47,50,69,41,63,7,10,2,8,84,66,67,36,19,79,26,89,39,51,38
88,32,33,87,37,90,57,93,36,91,42,77,86,82,96,23,60,97,16,83,85,68,4,71,45,74,0,52,49,56,58,27,94,80,29,38,70,24,48,54,40,17,53,43,18,30,20,95,84,21,14,59,8,99,46,15,13,44,76,78,11,62,6,2,55,89,34,81,7,75,28,5,35,1,64,41,61,66,92,39,47,50,69,9,63,98,10,73,12,25,72,67,22,19,79,26,65,31,3,51
76,32,33,49,37,90,83,53,44,96,42,10,55,47,8,23,60,18,87,39,85,29,4,71,45,74,0,52,41,56,16,27,94,80,65,38,70,28,48,12,13,17,24,43,19,30,20,95,84,21,63,59,92,99,46,68,77,34,67,78,11,62,6,2,14,89,57,97,7,75,86,5,35,1,25,15,64,66,82,9,88,50,79,93,81,69,36,73,91,3,72,40,22,98,61,26,58,31,54,51
76,32,97,98,37,90,83,94,44,49,74,39,55,48,42,99,60,18,28,6,77,33,4,27,45,9,53,88,41,56,16,40,51,22,82,38,70,47,25,2,13,17,24,43,19,30,20,95,84,21,63,59,92,65,46,68,79,34,66,78,85,5,8,52,67,89,80,87,7,75,86,71,11,1,73,96,64,29,14,36,35,50,93,0,81,69,15,62,91,3,72,57,10,23,61,26,58,31,54,12
42,97,33,85,37,90,95,62,44,98,74,39,68,27,11,99,60,18,94,5,80,82,51,26,4,63,53,14,6,56,16,40,91,22,77,1,70,28,25,2,13,46,24,43,8,88,15,30,84,21,61,59,92,65,45,55,79,34,17,78,9,23,64,52,67,89,83,87,7,54,86,71,20,66,73,96,31,29,49,36,35,50,93,0,81,69,76,41,47,3,72,57,10,19,75,38,58,48,32,12
58,97,33,87,37,90,95,45,18,52,74,84,53,27,11,99,44,5,94,34,80,82,23,9,43,63,72,66,6,60,16,40,68,22,77,1,70,28,32,2,91,56,79,42,76,88,15,13,31,12,61,67,92,65,47,55,51,64,17,78,8,26,98,85,41,89,57,59,81,54,86,71,20,25,73,96,39,29,21,36,35,50,93,0,14,69,46,24,7,3,62,83,10,19,75,38,49,48,30,4
58,42,86,87,37,90,95,80,66,52,45,84,28,96,11,44,10,46,30,17,26,82,15,48,43,63,72,61,6,8,18,40,94,22,55,1,70,41,32,85,91,56,79,9,76,5,27,13,69,12,75,67,88,65,47,23,51,64,33,77,21,16,98,68,39,99,57,59,81,54,97,71,20,25,2,31,53,29,34,89,35,50,93,0,14,60,38,24,7,3,62,73,92,19,78,83,49,36,74,4
78,42,25,87,27,90,95,80,88,1,22,86,28,3,10,9,37,61,30,12,26,82,49,48,43,74,72,58,6,44,69,63,94,18,55,5,70,15,32,85,45,56,84,11,76,79,4,13,65,21,75,67,97,19,8,23,51,64,33,77,60,16,39,98,41,99,57,59,81,54,17,36,20,66,2,31,53,29,34,40,35,50,93,0,14,52,38,24,47,91,62,73,92,68,46,89,96,83,71,7
78,42,25,87,72,11,95,49,88,40,22,65,28,79,91,9,37,61,30,35,26,82,93,48,33,74,67,63,6,44,12,70,94,58,55,85,54,15,32,68,45,56,51,69,76,19,4,29,41,90,75,39,97,31,8,23,71,64,84,77,60,3,38,27,21,99,57,59,81,80,17,36,20,66,2,86,53,1,5,73,34,50,0,16,14,46,98,24,47,52,62,43,13,96,89,18,92,83,10,7
70,13,33,76,72,48,95,49,88,66,53,65,28,79,97,9,44,61,85,35,78,82,98,39,45,26,67,63,74,19,12,58,94,30,81,46,54,15,51,68,43,42,93,41,31,56,4,29,69,90,75,92,77,3,8,23,71,64,84,27,60,38,0,91,21,99,57,37,32,80,17,36,20,40,2,86,1,22,5,73,34,59,25,16,14,50,7,24,47,52,62,87,18,96,89,55,11,83,10,6
85,93,37,76,72,48,95,81,88,66,18,12,28,79,97,53,2,61,89,35,78,19,11,41,45,86,67,63,65,74,84,44,94,47,17,46,31,15,33,4,43,42,22,99,52,56,30,29,69,90,70,92,80,21,8,23,71,64,3,27,60,38,0,91,55,77,58,68,98,25,51,62,20,40,1,9,13,49,5,73,34,59,75,16,14,50,7,24,26,57,36,87,54,96,39,82,32,83,10,6
85,62,92,76,74,30,37,34,12,81,17,19,28,79,97,53,33,61,42,35,78,50,11,41,45,72,67,63,65,2,84,5,94,47,0,46,48,15,91,57,36,95,22,99,52,31,44,40,89,90,1,32,80,21,8,23,96,93,70,4,60,38,3,88,55,77,58,68,98,25,51,66,71,18,86,9,13,49,7,73,26,59,56,16,14,20,75,24,69,43,87,64,54,10,39,82,29,83,27,6
27,96,92,76,26,30,37,2,9,62,17,19,28,33,79,53,71,61,85,73,5,93,11,41,20,72,45,90,22,38,67,64,94,47,0,46,54,15,98,57,91,95,83,99,52,31,44,97,59,78,1,32,80,21,8,23,63,70,35,4,60,50,89,88,55,77,58,7,75,25,51,10,48,18,86,66,13,49,40,42,84,12,56,16,14,65,68,81,34,43,87,36,69,24,39,82,29,74,3,6
27,96,49,9,26,30,37,85,23,21,72,22,8,10,88,4,76,61,60,73,5,92,70,41,20,13,45,11,28,38,67,64,94,90,0,46,54,15,98,77,91,71,83,99,52,80,25,97,12,78,34,32,44,19,1,31,63,62,35,58,79,50,89,48,51,95,53,7,75,59,17,16,33,18,86,66,65,57,40,42,84,47,56,82,14,29,68,81,55,93,87,36,43,24,39,69,2,74,3,6
10,96,49,59,26,30,98,85,60,12,72,36,68,55,16,4,76,61,19,22,28,92,70,41,17,13,21,11,1,50,67,64,38,6,0,46,54,15,20,37,97,71,83,5,32,86,25,94,75,78,34,80,44,48,9,31,63,62,35,73,79,81,89,23,88,95,53,40,58,47,90,45,33,18,51,66,65,57,93,42,84,39,56,82,14,29,52,69,77,27,87,99,43,91,7,24,2,74,3,8
10,96,35,2,26,30,47,85,77,92,6,36,68,55,60,56,76,41,63,22,28,69,70,24,17,13,21,82,1,50,49,64,38,15,16,46,54,4,81,37,97,31,83,98,88,23,12,94,75,25,34,80,44,48,9,71,27,51,62,73,19,84,72,89,66,95,11,86,67,32,90,45,33,18,79,59,5,0,93,42,65,39,53,58,14,78,52,20,40,61,87,99,43,91,7,57,29,74,3,8
10,72,35,1,26,62,99,85,77,92,6,45,87,9,82,61,76,41,30,22,28,13,73,24,63,18,21,81,5,53,70,64,38,15,2,91,54,4,68,37,97,31,83,75,32,23,12,98,46,94,7,69,44,48,50,80,27,51,47,84,19,59,34,89,66,95,11,86,67,56,90,42,33,16,79,8,96,0,93,36,65,14,60,58,17,78,52,20,40,25,71,55,43,39,57,88,29,74,3,49
10,91,35,1,26,72,99,85,13,38,50,2,18,9,46,69,34,41,63,77,86,19,73,24,31,15,21,81,6,53,70,61,58,59,0,22,54,4,68,37,45,5,51,75,32,23,76,88,84,94,7,93,44,48,97,11,92,30,47,12,98,82,80,89,66,95,14,64,67,56,90,42,33,16,83,8,96,3,40,36,28,87,60,65,20,78,52,27,79,25,71,55,43,39,57,62,29,74,17,49
10,36,16,23,51,59,99,85,13,38,31,2,18,9,56,69,47,91,63,88,86,40,73,24,87,15,21,81,6,35,44,61,58,50,82,22,19,11,49,37,45,5,33,75,32,27,76,41,84,94,7,93,92,48,97,70,30,64,71,46,77,43,80,89,66,95,53,12,67,34,90,42,28,17,39,8,20,3,26,83,0,68,60,65,98,78,52,74,79,25,72,55,4,54,57,62,14,96,29,1
39,69,41,32,52,75,99,85,13,4,31,2,18,26,56,7,47,91,11,33,66,40,73,24,87,92,16,81,6,90,44,61,23,15,96,22,19,35,49,94,45,5,51,14,93,27,76,17,9,0,38,36,53,48,97,59,30,64,1,46,55,43,80,89,58,95,70,86,67,10,57,63,12,82,42,8,20,3,37,83,34,68,60,65,98,78,50,74,79,25,72,71,21,54,77,62,88,84,29,28
97,98,95,32,52,92,99,85,86,4,10,2,39,26,67,31,47,91,48,20,64,40,73,37,87,12,16,81,45,90,96,61,78,15,93,56,19,35,49,94,7,59,51,22,58,11,76,17,9,0,38,36,53,89,24,88,14,41,66,33,55,43,6,80,30,27,70,75,69,44,57,63,60,82,46,8,5,3,79,18,77,68,23,65,13,34,50,74,83,25,72,71,21,54,42,62,1,84,29,28
97,22,82,32,52,31,99,85,86,4,10,68,39,26,49,67,76,91,48,14,47,57,73,74,87,12,89,13,45,75,43,61,78,90,93,37,6,35,2,94,7,62,51,60,58,19,72,0,40,36,27,23,95,24,16,98,15,41,66,33,55,42,20,80,30,56,70,18,69,44,77,63,92,38,46,8,5,3,79,81,64,9,53,65,11,34,50,17,88,25,83,71,21,54,59,96,1,84,29,28
28,22,82,49,78,55,23,96,6,4,10,52,31,32,86,68,51,0,48,14,26,57,21,2,41,38,89,91,45,75,43,99,44,94,93,37,76,35,80,12,7,62,65,60,58,19,72,97,61,36,27,29,95,24,16,98,15,67,66,33,87,47,81,1,30,56,70,18,69,85,40,77,92,46,20,42,5,3,79,54,64,9,53,8,11,34,50,17,63,25,83,71,90,88,59,39,13,84,73,74
7,22,82,49,78,55,88,90,6,20,57,61,31,32,35,19,85,0,36,14,26,54,27,91,41,66,89,96,45,75,43,99,44,94,68,52,4,51,80,12,93,62,1,60,84,16,10,76,42,56,30,58,95,24,97,98,5,67,8,33,87,23,81,37,72,21,70,79,69,28,40,77,92,46,48,3,11,29,15,18,64,9,53,65,38,34,50,17,63,47,83,71,86,2,59,39,13,25,73,74
7,22,55,14,78,29,88,79,49,20,57,6,31,32,35,19,74,0,36,85,26,91,27,61,41,38,89,37,45,75,43,92,44,94,68,52,4,51,64,12,47,71,1,60,84,95,10,93,42,82,30,58,81,24,97,34,5,66,72,33,63,65,56,46,16,21,70,76,69,96,62,67,8,87,48,3,98,11,77,83,23,9,53,15,28,13,50,17,40,18,99,2,54,90,59,39,80,25,73,86
7,22,5,14,78,29,88,56,49,20,59,57,31,71,39,19,74,35,36,85,26,91,1,61,41,38,89,37,45,75,8,92,34,12,2,52,4,51,64,18,47,72,90,60,44,95,33,3,42,82,84,0,81,6,97,9,10,66,83,23,30,65,17,46,16,21,93,76,53,27,43,67,79,87,48,40,68,11,94,63,86,62,15,55,28,13,32,77,98,80,99,50,54,69,24,58,70,25,73,96
7,22,5,63,55,29,15,73,49,20,59,69,85,71,39,19,16,35,41,74,21,14,1,65,66,38,89,45,94,75,8,92,34,17,2,37,4,51,64,18,47,72,90,60,44,95,33,3,42,83,36,54,81,84,97,0,10,67,86,23,30,57,24,46,82,52,93,88,9,27,11,25,79,87,48,91,68,6,70,56,61,53,12,31,13,32,43,77,98,80,78,50,62,26,28,58,99,40,76,96
47,22,59,36,84,52,15,73,8,20,87,30,85,71,26,19,16,35,41,74,21,14,55,65,66,38,24,10,94,75,28,27,34,57,2,82,67,42,64,18,53,72,62,60,44,95,48,51,96,63,49,54,81,5,97,0,43,86,25,23,4,98,83,46,90,89,93,45,9,58,11,56,79,37,32,91,68,17,70,6,61,92,12,31,13,7,3,77,29,80,78,50,33,39,69,1,99,40,76,88
73,20,8,36,3,52,15,62,87,68,77,30,29,16,31,19,18,35,41,74,21,14,27,98,66,92,69,22,94,84,28,43,34,57,2,82,67,42,64,76,44,72,95,60,97,65,48,59,96,63,0,58,81,5,71,49,12,86,25,23,45,75,83,46,55,89,93,26,9,10,11,51,79,37,4,91,85,17,40,56,61,24,54,47,13,7,70,38,53,80,78,50,33,39,90,32,99,1,6,88
29,20,8,87,2,52,0,80,85,42,73,4,36,71,31,66,18,35,41,67,21,78,27,98,15,92,93,96,94,75,28,61,34,74,14,82,68,19,22,12,44,72,33,60,97,70,48,59,84,63,55,16,81,5,65,49,38,86,53,23,45,95,83,62,43,76,30,26,9,10,77,51,79,37,58,91,13,25,40,56,64,24,54,47,57,7,46,17,69,3,11,50,89,39,90,32,99,1,6,88
29,20,47,87,18,52,0,88,24,42,73,4,36,48,30,55,8,58,94,35,21,26,95,98,15,2,93,96,5,80,41,61,34,85,70,44,68,72,22,28,90,69,33,60,97,53,75,59,84,63,12,16,81,64,65,49,99,66,76,23,27,14,83,62,43,54,57,82,9,10,45,71,79,77,92,91,13,25,40,56,38,74,31,51,37,7,46,17,67,3,11,19,89,39,78,32,50,1,6,86
29,20,0,87,89,52,33,88,5,42,90,4,36,18,30,28,46,31,94,35,21,83,34,95,15,25,93,96,85,80,55,56,12,17,2,44,68,72,22,54,59,69,24,60,37,58,75,70,98,63,27,32,48,64,65,9,41,66,76,23,16,14,11,62,13,81,57,82,43,10,45,71,97,77,92,91,49,53,40,84,38,74,19,51,61,7,47,99,67,3,8,6,26,39,78,73,79,1,50,86
29,20,0,87,89,42,33,66,5,67,91,4,52,18,22,50,12,31,82,23,21,83,74,28,15,25,93,96,68,32,1,80,35,17,2,44,26,86,88,72,79,69,24,60,37,97,75,9,90,63,27,94,56,19,65,38,41,55,95,48,16,14,11,62,34,81,57,99,43,10,45,70,13,77,92,58,59,53,40,84,47,51,49,85,61,7,76,98,54,3,8,6,46,39,78,73,71,36,30,64
66,20,0,62,45,42,33,87,71,67,91,97,52,18,22,50,12,3,82,23,79,41,74,28,15,25,31,57,68,32,46,80,19,17,77,27,26,86,88,39,69,75,44,60,5,53,98,37,9,63,72,94,8,24,65,38,14,29,13,95,16,47,11,90,34,48,83,55,43,10,56,70,2,1,92,58,59,73,40,84,4,51,49,85,61,7,89,99,54,81,76,6,64,96,78,35,93,36,30,21
66,70,0,85,45,42,30,87,71,3,10,97,52,18,22,76,12,61,82,65,89,29,37,28,15,94,31,83,50,32,68,80,64,17,39,11,26,86,88,74,69,75,44,41,5,60,98,16,9,63,72,95,8,24,99,38,57,20,13,40,62,25,58,90,23,48,91,14,81,19,56,33,2,1,96,92,59,73,49,84,4,51,46,34,47,7,55,79,54,93,67,6,43,27,78,35,53,36,77,21
66,42,80,85,54,86,8,44,71,88,49,97,52,18,17,3,45,61,4,65,63,29,37,62,15,94,30,89,50,56,58,55,64,31,39,11,10,25,92,74,69,35,95,83,12,41,98,75,9,53,72,34,38,24,99,0,40,20,13,70,16,51,76,90,23,48,91,57,81,19,26,33,2,1,96,32,59,73,5,84,22,68,46,87,47,7,14,60,28,93,67,6,43,27,78,82,79,36,77,21
66,42,80,65,11,86,8,44,71,88,49,97,41,14,93,3,47,61,4,40,63,29,37,62,15,92,30,85,50,20,58,59,72,18,57,76,10,51,0,74,69,35,95,83,53,36,98,75,31,33,68,34,1,24,99,94,39,32,5,70,89,43,12,25,23,13,91,38,81,64,26,16,2,9,90,78,52,73,19,84,22,7,46,87,17,48,77,60,28,56,67,6,54,27,55,45,79,82,96,21
66,16,80,2,9,35,8,44,71,88,49,30,77,14,93,4,41,61,12,40,31,29,37,62,47,92,27,85,50,20,83,48,58,34,13,59,96,87,65,74,69,72,95,86,15,3,98,75,57,33,76,7,1,24,99,94,39,32,5,70,89,43,63,25,10,73,91,38,79,64,81,53,51,42,22,78,52,36,21,84,56,26,46,19,17,6,18,60,28,90,67,11,54,0,55,45,68,82,23,97
66,1,8,24,64,96,38,44,71,45,49,4,76,18,93,31,63,61,12,40,89,29,26,62,47,77,27,21,78,20,83,48,35,15,13,59,41,87,16,74,69,72,95,30,34,3,56,75,53,33,2,22,85,70,99,94,39,32,5,65,60,43,25,50,10,73,91,79,88,58,81,23,51,42,80,92,52,7,86,84,98,67,46,19,17,6,37,55,28,90,68,11,54,0,36,57,9,82,14,97
66,60,8,24,14,65,0,46,94,38,19,4,57,27,76,45,21,64,12,40,89,29,9,52,47,77,44,26,74,20,83,48,35,15,18,59,41,87,16,17,81,96,13,30,10,3,56,43,28,33,2,22,85,70,11,61,39,95,5,68,86,78,25,50,69,32,91,79,88,58,63,23,51,99,80,92,72,7,34,84,98,67,1,62,75,6,37,55,93,90,71,49,54,36,73,53,31,82,42,97
66,60,26,24,92,65,12,46,17,38,19,4,21,27,77,45,14,64,53,40,89,28,9,52,47,61,73,97,70,20,83,51,35,98,11,44,41,87,79,8,94,42,13,59,68,3,84,43,86,33,2,48,85,57,96,56,39,95,16,29,76,74,25,50,69,32,91,67,62,58,63,1,18,99,80,88,72,7,34,22,10,49,30,81,75,6,37,78,93,90,71,5,54,36,15,31,23,82,0,55
66,60,26,29,43,61,12,46,17,94,19,64,21,58,77,92,14,16,53,40,5,28,9,82,83,4,38,97,70,20,45,51,35,98,23,1,27,22,79,8,6,42,7,68,72,3,84,52,86,33,2,48,37,32,11,56,65,95,0,69,76,74,96,50,81,78,91,67,62,36,63,57,18,24,39,88,25,89,34,85,10,49,30,31,75,13,87,73,93,90,71,99,44,54,15,80,59,41,47,55
53,60,26,34,43,61,12,46,63,94,19,38,85,48,77,27,14,16,24,40,5,28,20,82,8,4,66,83,67,81,45,51,55,98,23,31,99,22,79,9,6,57,89,68,72,3,97,52,86,64,2,70,37,32,11,56,17,58,13,95,76,69,96,50,7,78,91,54,87,36,35,59,41,65,39,88,25,74,0,62,42,49,30,90,92,21,1,73,93,33,71,84,44,18,10,80,75,29,47,15
40,60,26,34,48,70,47,96,75,62,19,38,18,46,55,80,14,16,24,77,5,28,94,82,8,83,50,0,67,32,45,51,2,97,23,31,99,66,79,9,6,61,89,68,59,15,74,52,86,64,91,12,37,27,11,4,20,81,13,95,76,69,43,17,57,78,21,63,87,54,35,22,41,42,39,88,25,56,58,71,85,49,30,90,92,44,1,73,93,33,7,84,53,72,10,36,3,29,65,98
40,60,26,23,45,70,6,96,75,90,19,38,65,46,58,33,14,16,24,77,5,29,7,28,62,92,50,0,67,82,36,68,2,97,52,31,87,25,1,47,83,94,9,55,59,32,34,43,86,64,99,12,37,91,11,4,20,41,13,95,76,69,93,71,57,78,21,63,98,54,35,22,53,42,48,88,3,56,39,51,85,49,30,79,61,44,27,73,80,15,17,84,89,72,10,66,18,81,74,8
86,60,26,23,45,70,6,88,75,90,19,38,20,46,89,33,68,16,24,54,5,17,7,74,76,92,91,0,67,25,28,14,2,97,52,31,87,22,1,69,83,62,9,55,59,32,47,43,29,36,80,12,3,66,11,4,79,41,13,95,84,94,39,58,57,78,40,77,98,63,96,64,53,30,81,71,42,56,49,51,85,50,93,34,61,44,27,82,37,15,73,35,18,72,10,8,48,21,99,65
86,60,26,19,45,35,55,88,59,3,54,38,77,46,89,7,68,16,5,4,0,39,31,51,76,56,91,21,67,6,47,14,2,20,52,25,87,22,23,69,83,62,9,95,71,11,74,43,79,65,82,12,17,66,80,85,42,41,75,13,84,94,73,58,57,78,40,24,98,63,33,64,53,90,81,32,97,92,49,30,72,50,93,34,96,44,27,1,37,15,29,36,18,70,10,8,48,61,99,28
86,57,26,10,45,35,24,88,33,3,48,83,77,43,89,98,68,16,8,44,52,59,31,51,76,56,69,12,72,6,47,46,2,14,37,25,95,22,23,75,87,62,4,27,71,11,74,60,61,65,34,64,17,66,80,85,20,41,70,13,54,7,73,58,55,78,40,42,99,63,91,21,53,90,81,79,97,92,49,30,9,50,67,93,19,94,0,1,38,15,29,36,18,84,82,32,5,39,96,28
37,63,26,10,45,35,70,51,33,3,48,83,77,12,25,54,1,6,78,15,71,59,23,42,44,74,69,24,72,95,47,46,84,52,88,65,75,22,55,43,50,62,4,18,31,87,8,60,68,32,34,64,17,11,80,98,20,41,56,13,79,7,73,58,81,57,40,66,99,76,91,89,53,61,16,2,97,92,49,30,9,85,67,93,19,94,0,21,38,27,29,36,86,14,82,90,5,39,96,28
81,63,45,10,24,20,70,51,33,86,48,83,77,12,78,54,84,6,73,25,65,15,13,42,67,74,41,28,72,95,0,46,1,52,88,7,44,22,55,58,50,35,80,18,31,87,75,60,59,32,3,69,17,47,27,98,9,34,26,8,79,68,21,85,16,57,40,66,71,76,91,89,43,61,30,2,97,92,49,53,5,23,37,93,4,94,62,11,38,64,29,36,19,14,82,90,99,39,96,56
81,98,44,10,37,20,96,70,94,95,48,61,45,12,78,54,16,9,73,19,65,41,13,42,67,74,52,28,2,51,0,82,26,63,88,7,15,36,25,58,50,35,83,18,4,87,75,60,57,21,33,1,17,6,27,5,24,34,46,8,79,68,39,85,22,72,40,66,84,76,91,89,43,77,30,31,97,92,93,71,32,23,59,55,80,69,62,11,38,64,29,86,53,14,47,90,99,49,3,56
34,98,44,10,37,20,96,70,68,95,48,71,72,12,55,32,16,9,73,19,65,41,13,42,18,74,69,28,2,51,0,22,26,63,46,7,50,36,8,58,79,52,4,30,17,87,75,60,57,77,35,1,56,6,82,5,45,93,27,33,25,24,39,85,83,78,40,66,53,76,91,49,94,23,89,31,97,21,84,61,59,15,29,88,11,54,62,86,38,64,90,81,43,14,47,92,99,67,3,80
91,63,44,10,37,93,90,59,96,27,40,71,20,85,55,32,16,9,73,19,68,94,13,42,2,74,69,28,45,51,67,22,26,21,23,7,50,36,8,58,79,52,70,65,17,87,6,60,57,77,72,66,56,12,81,5,41,80,46,75,82,98,30,25,83,78,3,48,53,64,97,49,39,95,89,31,88,33,84,61,34,15,29,62,11,54,24,86,38,76,35,1,43,14,47,0,99,18,92,4
91,46,47,10,48,9,90,88,96,44,79,71,20,85,55,32,16,64,84,19,68,66,37,42,62,87,25,28,45,54,67,22,97,21,23,29,50,59,8,76,78,52,70,65,51,1,17,60,57,61,72,26,56,12,81,5,43,80,41,75,11,98,58,99,83,77,3,13,53,94,35,49,39,95,89,31,73,33,0,6,34,15,74,69,40,36,24,86,38,4,7,93,63,14,2,30,92,18,82,27
91,46,47,6,3,9,53,88,37,97,65,92,20,27,55,32,16,64,66,19,68,11,48,67,13,87,25,28,90,60,22,2,50,21,62,29,99,56,8,76,78,80,70,93,51,1,79,75,57,61,71,26,40,12,54,74,43,17,41,59,38,42,58,89,83,77,36,44,85,94,35,72,39,95,96,31,73,33,0,45,49,15,84,69,23,98,10,86,81,4,7,5,63,14,52,30,24,18,82,34
91,46,74,23,3,9,53,88,67,97,65,16,20,56,38,32,52,64,6,66,68,11,76,39,13,5,8,28,55,60,22,72,50,21,62,29,4,47,99,79,89,80,75,93,90,36,2,25,57,61,71,26,40,12,14,49,33,95,41,59,19,42,58,37,83,77,87,17,85,51,35,48,27,30,96,31,73,78,0,45,54,18,84,69,92,98,10,44,81,82,7,15,86,1,43,94,24,70,63,34
91,86,25,63,80,9,82,3,67,97,65,16,14,77,19,32,6,64,69,52,73,11,50,61,13,5,8,28,55,7,22,72,23,21,88,29,4,38,48,79,83,98,74,46,90,36,2,35,57,39,71,26,76,42,62,49,33,95,41,59,68,58,75,56,89,93,87,1,12,51,15,78,20,30,96,31,53,17,0,45,54,18,84,60,92,85,10,44,81,47,99,66,37,40,43,94,24,70,27,34
91,86,85,56,14,9,89,63,5,60,65,16,77,24,19,32,12,64,69,52,10,29,50,61,13,15,8,39,55,7,22,99,23,21,88,82,45,70,97,6,83,98,74,46,90,36,2,35,57,76,26,95,93,42,62,49,37,48,41,18,34,58,28,53,38,33,87,1,3,51,79,4,84,30,96,78,72,17,0,40,54,75,67,25,92,20,71,44,81,47,31,66,68,80,43,94,59,73,27,11
91,36,85,28,14,90,56,5,62,60,97,42,77,93,19,78,84,64,69,48,10,29,31,61,13,15,8,65,55,12,22,30,23,79,88,82,45,35,63,70,11,98,46,76,21,16,2,68,57,18,51,95,87,7,32,49,37,89,34,26,9,58,25,52,38,33,75,1,41,83,53,4,74,50,96,6,72,17,0,40,39,86,67,54,92,20,71,44,81,47,24,66,99,80,43,94,59,73,27,3
91,18,62,39,42,3,56,85,89,70,93,8,52,6,19,78,81,64,69,48,10,90,31,14,13,22,98,37,59,68,41,46,23,79,29,82,45,35,63,44,43,34,97,76,21,84,2,30,57,4,51,95,87,7,32,49,65,40,15,61,9,58,25,0,38,33,75,1,27,83,53,88,74,11,96,67,72,17,12,60,50,86,47,54,92,20,71,5,16,55,24,66,99,80,77,94,26,73,36,28
44,63,80,39,94,3,56,85,89,70,46,21,98,27,51,29,81,64,69,48,10,90,31,8,13,82,18,37,71,68,35,12,23,79,16,34,45,58,14,88,43,74,97,76,50,53,2,91,57,4,19,41,87,7,22,49,65,40,15,77,9,72,25,84,38,33,75,1,47,83,32,59,55,11,96,67,24,17,73,60,0,86,78,54,95,42,20,61,52,62,30,66,99,5,6,93,26,92,36,28
44,63,80,39,94,3,70,27,15,83,46,21,98,89,51,43,64,37,17,62,85,45,0,8,41,47,18,79,71,57,35,12,23,29,5,34,72,58,86,88,48,74,97,76,50,68,2,91,14,78,19,56,87,7,22,59,65,40,33,77,31,32,67,84,38,95,75,93,60,10,96,53,55,11,81,4,24,13,73,1,16,90,61,54,9,42,20,25,52,69,30,66,49,99,6,82,26,92,36,28
55,70,66,47,50,43,89,27,15,34,46,21,98,51,11,25,64,37,17,35,26,45,0,8,41,33,12,79,71,18,74,1,23,53,86,40,72,58,5,44,83,76,97,48,20,68,14,91,96,78,19,56,87,2,22,39,65,9,7,77,82,32,67,84,38,85,75,93,60,10,13,6,59,57,81,4,24,88,73,62,94,90,61,54,80,42,3,29,52,69,30,16,49,99,36,63,95,92,31,28
55,92,66,93,50,43,67,27,69,85,46,10,98,33,21,3,64,37,17,35,68,45,62,8,41,24,40,58,71,79,34,60,75,53,86,19,72,87,5,44,83,74,32,48,20,63,18,91,15,12,96,56,16,2,22,76,1,9,7,77,51,0,6,84,38,26,89,94,14,82,13,88,59,57,81,4,23,25,73,65,80,90,61,54,11,42,97,29,52,70,30,78,49,99,36,28,95,47,31,39
55,92,94,39,21,43,45,27,69,85,46,10,98,33,51,42,64,23,17,68,38,56,76,16,50,24,62,58,71,79,34,60,36,53,86,19,72,87,90,44,83,11,32,48,61,63,29,91,15,12,96,93,25,2,22,49,1,9,65,77,35,31,70,54,20,99,84,8,67,82,3,88,59,57,81,37,14,89,73,66,80,40,4,41,0,75,5,74,52,6,30,78,18,26,97,28,95,47,13,7
55,79,94,39,96,43,71,68,69,91,41,10,63,33,51,42,18,97,17,23,1,56,6,19,50,27,62,58,38,16,66,60,36,34,86,53,72,87,15,44,83,11,92,48,61,35,29,85,73,13,46,12,25,2,49,54,78,9,65,77,84,31,70,45,20,21,32,8,67,93,3,88,59,57,47,37,14,5,90,7,80,40,4,22,0,75,24,74,52,81,28,30,89,26,82,99,95,98,64,76
55,56,94,39,34,90,71,68,69,91,8,44,87,33,43,11,18,14,37,23,1,16,6,0,75,27,40,58,38,50,66,17,36,63,62,53,72,25,15,93,83,48,78,60,61,35,79,19,13,4,46,12,22,21,41,54,85,9,76,77,84,31,70,45,20,28,32,80,67,51,3,88,96,57,47,2,97,81,10,7,73,49,99,5,29,59,24,74,52,92,86,30,89,26,82,42,95,98,64,65
6,56,28,39,34,90,71,68,98,91,8,44,78,37,43,59,82,15,40,23,1,16,35,77,21,94,58,89,50,86,66,17,36,83,62,53,72,0,87,30,10,99,38,80,61,25,79,19,27,4,46,12,3,31,41,54,60,9,93,7,84,13,14,45,20,33,32,48,67,51,85,88,70,57,18,2,47,81,26,76,73,49,11,5,29,55,24,74,52,92,69,75,22,96,97,42,95,63,64,65
6,56,28,39,12,90,30,68,98,47,8,44,0,37,72,33,34,15,40,87,1,16,45,78,71,94,58,89,50,2,66,17,55,83,62,54,24,35,19,43,10,23,38,79,5,25,59,41,61,4,99,14,3,31,46,67,60,9,81,7,86,13,65,18,53,84,32,48,26,27,20,88,70,57,91,97,95,93,80,76,73,49,11,21,29,51,85,74,52,92,69,82,22,96,75,42,64,63,36,77
57,56,28,92,25,85,30,68,42,47,97,3,20,37,72,8,34,44,87,39,1,38,17,78,71,94,58,6,93,2,66,79,55,0,62,54,24,45,33,43,73,23,22,16,98,7,59,41,61,4,5,14,19,91,46,67,60,9,81,83,86,13,99,18,40,89,32,48,26,27,36,90,75,52,65,31,95,64,80,76,12,15,11,21,35,51,53,74,88,49,69,82,50,96,84,29,10,63,70,77
74,56,18,73,25,85,6,65,42,8,9,3,93,86,72,60,76,44,15,39,92,64,24,50,71,94,58,87,30,2,66,79,55,28,33,54,38,45,67,43,95,0,22,16,35,7,77,41,61,4,5,12,19,91,34,78,32,46,81,83,26,13,99,68,40,89,1,48,70,27,36,90,75,52,97,31,47,23,80,98,20,10,17,21,49,51,11,37,88,53,69,82,57,96,84,29,59,63,14,62
74,62,81,73,36,85,6,65,3,8,9,99,93,51,72,60,76,77,47,39,92,7,1,48,71,80,20,87,30,2,66,46,55,28,33,15,54,44,67,43,95,17,68,56,35,90,22,41,70,4,5,12,26,16,34,94,32,21,64,19,40,13,45,61,18,89,58,24,78,27,91,49,75,52,79,31,82,23,98,25,97,10,88,50,83,42,11,37,86,53,69,38,57,96,84,29,59,63,14,0
87,75,0,73,36,24,20,65,86,31,9,3,61,92,72,85,46,77,47,39,40,7,1,33,71,80,94,52,30,2,66,14,22,28,55,15,54,44,67,43,95,10,68,45,5,8,35,41,70,4,42,12,53,26,34,63,32,81,21,93,29,13,76,74,18,89,58,6,78,48,91,49,38,16,79,51,82,23,98,25,97,59,88,50,83,27,11,37,64,17,69,19,56,96,84,57,60,99,62,90
87,59,24,73,99,28,36,65,71,78,9,3,90,92,25,85,46,77,47,67,40,96,1,72,29,80,94,83,30,2,66,14,22,76,55,42,54,44,86,43,95,12,49,61,5,81,18,69,70,4,75,6,53,20,34,63,45,68,21,93,97,13,8,74,17,89,58,39,15,37,91,31,10,41,79,51,82,23,98,56,35,16,88,50,19,27,11,52,64,38,32,7,48,60,84,57,33,0,62,26
87,59,24,42,99,28,86,50,65,78,72,41,54,25,19,85,3,77,47,97,40,96,1,43,29,14,94,83,36,98,66,2,22,76,93,46,91,44,63,55,95,12,49,61,27,81,18,6,70,32,75,17,53,20,90,71,45,68,21,0,84,13,9,48,74,89,58,39,92,67,62,33,10,5,79,51,82,23,80,56,4,16,88,35,15,69,11,52,64,34,37,7,73,60,8,57,26,30,38,31
87,59,24,86,99,28,11,50,54,78,22,41,98,25,19,3,9,5,39,57,84,38,88,96,4,89,94,83,36,35,47,2,63,76,93,29,91,65,8,17,44,12,49,61,27,81,85,6,70,32,75,90,95,20,15,71,45,72,21,0,55,13,80,1,14,37,74,46,92,67,62,33,10,97,79,51,82,42,26,56,58,16,30,18,68,69,40,52,64,34,77,7,73,60,43,66,23,48,53,31
47,61,66,6,8,65,84,11,50,79,21,41,24,25,98,3,9,5,23,57,51,38,88,96,4,89,94,97,36,71,1,64,44,76,55,58,91,48,83,17,62,12,49,54,27,81,85,43,70,32,75,39,35,20,15,99,45,93,63,0,56,42,80,28,14,37,74,46,87,67,78,33,22,86,60,10,82,72,26,95,59,16,30,18,68,69,40,52,29,34,77,7,73,2,19,90,13,92,53,31
47,84,66,6,56,65,83,45,73,9,72,41,89,42,98,25,91,5,23,57,51,38,86,67,4,19,94,14,15,71,24,64,59,76,55,34,12,35,21,17,62,16,49,54,27,79,85,43,70,61,75,39,36,20,97,99,81,93,63,53,18,50,80,28,58,37,74,46,95,48,78,33,22,8,44,10,82,88,26,96,7,60,30,29,68,3,40,52,13,69,77,31,32,2,11,90,87,92,0,1
32,59,22,97,23,65,81,45,73,9,62,41,68,42,98,25,77,53,34,96,51,94,86,5,4,19,8,14,15,0,24,89,17,76,55,85,12,35,21,71,67,16,49,54,27,79,92,82,46,61,75,39,36,30,6,99,91,93,63,33,18,88,80,28,50,37,74,20,56,38,78,31,70,47,44,10,95,48,26,60,83,43,72,29,1,3,64,52,13,69,84,66,40,2,11,90,87,58,57,7
22,59,55,36,23,65,62,18,73,96,10,41,68,42,47,85,77,93,34,49,51,94,7,5,4,19,91,14,15,0,82,89,17,98,24,32,8,35,31,71,67,86,20,54,27,79,90,81,46,25,75,39,95,30,6,61,80,97,3,33,1,88,40,28,50,26,52,12,53,38,78,83,70,63,44,74,57,56,37,60,69,43,72,29,92,99,64,21,13,48,84,66,76,2,11,9,87,58,16,45
22,44,55,36,18,26,62,84,77,96,34,13,68,42,47,85,4,93,32,48,51,94,7,5,57,19,65,14,15,0,82,49,25,98,24,37,8,35,31,89,67,30,20,29,88,79,90,81,38,61,45,39,12,74,6,76,27,97,3,33,1,52,40,28,2,21,73,10,60,69,54,83,70,63,23,75,56,46,71,59,91,43,72,50,92,99,64,80,9,86,41,66,17,95,11,53,87,58,16,78
22,44,55,36,57,72,1,64,77,96,34,23,68,14,92,26,70,71,85,21,31,94,7,5,0,19,65,54,79,33,82,84,25,98,24,87,8,35,88,89,15,30,93,20,13,56,90,81,38,61,45,39,62,80,6,76,27,97,18,4,63,52,37,28,2,29,73,10,60,48,32,86,47,40,41,75,3,46,42,59,91,43,83,67,53,12,50,74,9,99,69,66,17,95,11,51,49,58,16,78
22,29,65,36,57,55,1,51,64,63,34,23,68,92,95,78,70,28,85,21,31,16,7,33,0,49,19,3,11,12,82,84,67,98,24,87,20,35,60,89,15,30,58,26,66,56,90,81,38,61,45,39,62,13,6,93,5,96,18,14,25,52,37,71,2,69,73,10,44,48,32,86,77,75,41,72,97,54,42,59,91,43,27,94,53,76,50,74,9,99,17,46,8,47,83,80,88,79,40,4
67,26,90,70,57,65,87,51,64,63,34,23,68,41,95,78,31,22,55,75,29,16,1,33,19,76,69,3,11,12,85,84,59,27,24,28,20,10,60,89,39,30,21,7,4,56,74,93,38,61,43,66,62,13,6,42,5,96,72,14,25,71,37,99,2,46,73,52,44,48,32,86,77,91,35,36,97,54,49,18,15,47,92,94,53,98,50,45,0,58,17,82,8,81,83,80,88,79,40,9
4,85,64,70,44,17,87,51,11,63,40,23,5,41,95,45,66,22,55,75,68,16,53,33,13,76,69,3,25,12,19,84,28,7,59,71,20,10,60,89,0,30,72,35,79,56,74,93,49,61,26,32,62,24,6,65,21,96,1,78,34,42,27,8,2,46,31,52,18,48,83,86,77,91,37,36,97,99,57,29,15,47,92,94,67,98,50,38,43,58,73,82,54,81,39,80,88,14,90,9
27,58,67,70,83,17,87,51,23,63,24,4,5,41,95,45,72,22,55,38,90,30,7,33,26,76,69,3,13,12,19,84,28,53,40,71,20,10,60,16,0,46,11,18,57,56,74,93,62,61,75,32,35,85,47,79,21,96,48,78,34,42,88,8,2,39,1,52,14,64,25,86,98,91,37,36,66,99,54,29,15,49,92,94,89,31,50,44,43,65,73,82,97,59,9,77,6,80,81,68
27,58,67,43,26,17,87,6,72,54,24,4,55,41,95,45,80,22,66,38,99,50,42,60,7,76,69,64,13,12,33,35,92,83,40,61,63,10,79,16,0,46,78,18,57,56,11,93,51,44,75,32,62,85,47,89,21,96,48,28,34,86,82,5,2,39,1,52,73,23,8,71,98,91,37,36,20,53,25,29,15,49,77,30,59,31,19,90,70,65,3,14,97,74,9,94,88,84,81,68
27,25,7,60,26,17,97,6,57,54,37,4,33,41,67,45,80,22,82,31,92,66,42,50,99,90,88,64,13,12,98,10,79,83,35,61,63,20,53,16,58,0,78,18,47,56,11,46,51,44,75,32,62,85,94,89,95,23,48,87,34,86,84,5,2,39,76,52,73,9,8,93,77,91,21,36,43,38,72,29,15,49,28,40,55,24,19,59,69,65,3,14,1,74,71,70,96,30,81,68
90,4,71,9,25,17,41,97,27,98,67,42,33,6,81,45,80,22,82,37,95,66,44,50,99,15,88,64,47,10,83,11,79,0,35,61,63,8,53,16,58,7,78,93,54,56,60,49,51,12,75,32,31,46,94,20,26,96,48,87,34,86,84,13,2,39,43,52,5,69,65,23,77,91,21,36,30,89,72,29,92,18,28,40,55,24,19,59,73,57,3,14,1,74,38,70,85,62,76,68
52,4,16,9,25,74,41,97,88,39,62,42,33,28,81,45,23,22,82,55,79,66,44,50,99,15,75,64,7,10,83,68,69,0,95,37,63,8,53,46,58,17,54,93,19,56,60,49,80,12,11,32,31,34,94,20,85,96,78,6,27,70,84,13,67,71,98,3,5,26,65,57,40,91,47,36,2,89,72,29,92,18,30,51,77,24,35,59,73,48,38,21,1,43,14,87,90,86,76,61
52,44,16,47,25,74,41,43,27,22,62,42,33,28,58,45,2,36,82,55,13,66,53,50,99,65,8,83,7,73,97,68,56,0,95,64,63,35,67,51,9,17,29,93,19,37,60,81,80,12,11,32,72,34,71,20,85,96,4,98,87,70,84,5,39,54,94,3,78,49,57,15,31,91,21,46,48,89,26,40,92,18,30,79,77,24,23,59,6,10,38,75,1,88,14,69,90,86,76,61
52,31,16,73,25,66,41,42,27,22,46,62,33,47,58,45,43,2,82,38,7,1,53,29,30,10,8,83,65,86,97,12,56,13,95,64,54,35,17,50,9,88,28,74,19,93,60,81,80,32,11,84,72,4,71,20,85,96,49,98,87,68,0,90,39,5,94,61,44,78,57,21,67,91,63,34,48,89,26,40,92,18,3,79,77,24,23,59,6,36,69,75,51,70,14,55,37,15,76,99
52,31,16,73,93,44,41,88,66,99,46,25,50,47,69,53,43,2,82,45,1,61,33,29,84,72,37,32,58,86,62,12,3,13,67,64,54,35,17,70,9,56,28,74,19,14,8,81,59,15,95,7,42,4,71,20,85,96,83,94,98,68,0,90,76,5,60,38,30,78,23,21,80,91,63,34,48,89,26,40,65,18,39,79,77,24,10,92,6,36,97,75,51,27,57,55,49,22,87,11
64,69,16,73,47,44,38,18,66,33,46,29,10,63,93,53,81,6,9,5,90,61,80,71,23,57,37,32,58,84,62,12,3,13,67,50,54,35,17,70,82,56,28,74,65,77,8,43,31,15,95,7,42,4,99,76,85,96,83,94,98,68,0,88,21,2,60,59,30,86,97,87,45,89,91,34,48,52,26,40,14,1,39,25,20,24,72,92,79,36,41,19,51,27,11,55,49,22,75,78
83,14,15,73,47,44,38,63,79,72,77,85,35,21,93,52,91,6,9,48,90,61,64,71,94,57,25,32,4,84,62,12,19,13,67,46,54,29,23,11,82,56,28,74,66,7,8,43,31,80,95,0,42,45,99,70,58,96,16,65,98,68,10,88,81,3,60,59,76,86,97,5,1,89,33,34,87,69,24,26,50,53,39,37,20,18,30,92,40,36,41,17,51,27,2,55,49,22,75,78
35,14,6,73,47,96,38,70,49,72,3,86,15,21,93,52,53,58,9,48,84,61,64,71,94,57,31,32,25,90,91,12,46,75,67,8,54,29,23,11,82,85,40,22,66,27,60,56,76,80,39,0,42,13,99,51,4,45,74,65,98,68,10,88,81,44,16,59,43,33,97,5,1,89,92,50,87,83,2,26,24,7,77,37,20,18,30,34,62,36,41,17,63,69,28,55,19,95,79,78
31,9,6,73,47,0,98,66,49,28,29,78,95,21,84,52,43,58,37,48,70,61,80,13,5,53,94,32,1,90,91,12,46,25,67,8,38,22,23,11,82,85,40,41,96,27,60,56,76,34,57,54,42,71,7,51,4,64,74,65,15,68,10,88,45,2,77,59,3,33,97,93,39,89,14,50,87,83,99,26,24,44,16,18,20,86,62,92,30,36,35,17,63,69,81,55,19,75,79,72
15,9,6,73,47,0,33,66,3,28,13,78,95,53,84,46,2,58,98,55,70,61,80,7,27,17,16,32,1,90,75,12,39,25,81,8,41,38,23,49,82,85,40,19,96,43,60,56,76,34,57,54,42,71,29,51,59,64,74,65,50,24,10,4,45,72,77,86,52,44,5,93,88,68,14,21,87,37,99,18,91,94,79,11,20,83,62,26,30,36,35,67,31,69,97,48,63,22,92,89
15,9,6,63,83,0,57,50,7,28,13,91,95,18,8,84,2,88,49,55,70,75,80,69,37,61,17,96,1,27,73,12,39,25,81,47,66,77,3,33,82,53,16,19,44,43,60,56,76,34,10,54,94,71,29,51,59,64,52,65,36,24,85,4,45,72,90,86,31,26,5,93,74,68,14,21,87,23,99,20,38,22,79,11,35,42,62,41,30,46,97,67,98,40,78,48,58,32,92,89
15,9,6,91,83,0,62,39,71,28,73,92,20,18,7,84,2,88,49,70,5,75,80,69,87,61,72,58,1,17,94,57,43,25,81,47,44,77,30,3,82,53,45,19,66,78,60,13,40,63,41,54,12,37,29,51,59,33,22,65,36,24,85,4,14,95,55,86,31,26,96,93,74,68,10,21,90,64,99,46,27,34,79,11,35,42,50,23,52,16,97,67,56,8,98,48,38,32,76,89
54,23,6,44,83,94,26,39,71,17,73,76,20,18,7,15,1,92,65,70,41,75,50,69,98,61,72,58,99,2,93,57,59,25,81,47,79,5,45,3,48,95,30,28,66,78,60,13,40,63,91,88,77,37,29,51,46,82,22,43,36,24,85,4,14,86,55,84,31,19,96,35,74,49,12,42,90,64,53,33,27,34,68,11,62,21,10,80,52,16,0,9,56,8,97,87,38,32,67,89
54,23,88,44,58,0,10,39,71,30,40,76,20,24,95,15,1,92,9,18,41,31,50,73,98,68,72,99,37,2,93,65,81,25,94,47,79,5,45,70,48,57,51,28,78,62,60,13,52,19,91,55,77,7,29,3,46,82,22,43,36,17,42,4,14,86,64,84,6,35,66,32,69,49,12,61,90,38,53,33,27,26,56,11,16,21,75,80,63,74,34,59,85,8,97,87,83,67,96,89
42,23,88,44,19,27,10,80,39,30,40,76,20,43,95,7,63,54,9,82,41,31,50,73,98,68,16,99,37,2,38,65,45,25,94,12,13,81,72,70,48,57,60,28,78,62,36,22,52,96,24,55,77,97,29,3,46,32,87,93,11,15,8,4,14,86,5,84,6,56,35,18,69,49,64,61,92,91,59,33,47,0,71,58,17,26,75,79,53,74,34,21,85,51,66,90,83,67,1,89
0,23,88,44,49,86,82,80,39,91,51,14,72,43,93,98,63,54,9,79,41,31,50,73,13,19,1,99,97,2,69,65,45,25,94,75,12,81,3,70,48,57,60,28,78,62,36,77,96,90,24,55,95,68,30,6,46,29,87,32,64,38,11,4,16,27,5,84,53,56,35,18,42,10,89,61,92,76,85,33,15,58,71,40,17,26,22,52,20,74,34,21,37,8,66,47,83,67,7,59
65,5,93,44,63,86,85,80,39,91,51,64,24,43,57,98,88,67,17,79,41,20,26,73,14,50,1,99,97,2,29,16,45,94,31,75,12,81,3,9,48,70,4,60,78,62,36,77,28,90,84,55,95,68,30,6,11,74,0,32,89,38,96,66,25,27,61,72,53,56,35,46,52,10,83,7,92,87,76,33,54,58,71,40,42,69,22,19,82,13,34,21,37,8,49,47,18,15,23,59
57,5,82,44,63,86,54,26,39,91,10,65,24,43,81,98,88,67,17,79,41,21,23,73,14,50,4,6,1,12,70,16,45,94,68,85,3,7,95,9,47,25,75,77,78,22,36,2,80,90,38,55,84,52,30,58,11,74,0,31,89,48,20,66,97,27,61,72,62,56,29,46,96,87,83,99,92,71,76,33,35,32,19,40,42,69,49,60,93,13,34,51,37,8,28,64,18,15,53,59
56,5,14,91,1,27,64,88,39,63,10,65,24,43,6,98,62,76,17,40,13,21,23,81,42,50,8,4,86,12,70,54,45,94,68,85,87,7,96,9,47,89,75,84,78,22,36,79,57,16,38,82,35,52,30,58,11,74,0,31,3,48,90,66,55,73,61,20,67,41,29,46,53,25,83,99,92,71,97,80,69,32,19,60,95,18,49,72,93,2,34,51,33,44,28,77,26,15,37,59
35,38,5,91,1,22,64,59,39,40,18,65,2,26,6,34,15,60,17,30,76,21,23,55,13,50,8,4,86,12,70,54,74,53,67,85,66,7,96,27,47,89,84,63,14,3,52,79,57,16,82,56,88,78,9,33,98,11,0,31,43,48,90,83,45,73,61,20,81,41,29,68,24,25,87,99,92,71,97,80,69,32,19,42,95,46,49,72,93,94,75,51,58,44,10,77,36,62,37,28
35,38,5,55,1,93,64,59,39,40,42,19,89,99,12,87,15,60,82,30,76,21,22,63,13,6,8,4,69,54,86,26,91,17,66,85,94,34,47,27,77,7,3,46,14,73,52,44,57,56,53,43,88,78,9,0,98,84,51,31,74,48,90,83,45,18,11,20,81,61,29,68,24,25,96,33,92,71,97,80,41,32,79,50,95,16,49,72,10,70,75,23,58,67,2,65,36,62,37,28
35,38,24,79,1,75,64,36,39,40,42,19,93,99,86,91,15,60,32,14,76,83,22,63,13,9,8,4,88,54,3,59,28,17,66,55,87,34,47,27,77,7,67,72,57,16,46,44,21,56,53,43,94,78,45,0,68,84,51,31,74,10,26,65,98,18,11,25,81,61,29,48,12,52,96,33,92,37,97,80,41,49,73,50,6,82,20,90,95,70,62,5,58,85,2,89,69,23,71,30
42,38,24,64,1,75,73,36,55,40,7,27,93,99,44,91,15,30,14,3,76,83,22,10,13,96,97,60,29,54,82,59,28,17,66,8,87,35,47,9,19,32,67,72,57,16,46,6,79,12,53,90,39,78,21,0,68,84,2,31,74,86,98,65,95,77,11,25,81,61,63,48,49,52,62,33,92,26,41,70,58,80,43,50,34,37,20,94,88,18,56,5,45,85,51,89,69,23,71,4
42,83,24,29,65,98,73,52,55,87,7,69,93,94,44,91,90,30,45,10,88,22,58,36,99,96,97,15,66,54,27,59,3,32,68,8,80,35,47,63,19,17,21,28,57,16,46,6,79,60,4,76,12,78,13,64,33,84,2,31,74,86,70,61,95,9,11,25,81,1,82,48,49,92,62,67,75,26,41,40,53,38,43,50,34,37,20,72,0,18,56,5,39,85,51,89,77,23,71,14
88,22,19,85,38,75,36,81,52,29,7,69,93,94,44,26,90,6,45,10,74,25,2,71,96,91,97,15,66,54,87,99,3,42,68,57,80,35,50,63,64,17,21,28,49,58,84,9,79,13,4,76,12,78,86,48,60,46,33,31,51,5,70,61,95,55,11,65,98,1,82,47,30,92,62,67,27,20,41,40,53,16,43,32,34,37,8,72,0,18,56,24,39,59,73,89,77,23,83,14
88,22,11,51,38,20,19,81,59,29,7,75,93,24,52,76,90,55,45,96,74,25,73,94,0,82,14,15,44,54,87,99,3,42,68,23,80,35,50,41,64,1,21,28,49,86,57,97,85,13,4,17,12,66,62,69,9,84,8,31,78,5,33,61,60,70,58,65,98,46,71,47,30,92,2,67,95,48,6,40,53,16,63,32,34,37,43,72,36,18,56,10,39,26,91,89,77,27,83,79
7,63,11,51,38,20,12,81,59,29,22,52,93,96,70,76,73,97,45,9,74,25,46,94,0,82,14,71,44,10,87,39,3,61,68,66,80,40,30,41,89,1,21,31,15,86,90,28,95,64,99,17,65,18,83,69,75,57,8,88,50,5,33,58,60,4,54,49,98,19,35,24,13,92,2,67,78,48,6,62,53,16,23,32,34,37,43,85,36,72,56,47,84,26,91,42,77,27,55,79
7,63,11,95,38,26,19,81,59,65,15,52,99,61,39,16,66,97,45,21,74,73,51,94,89,62,14,76,9,10,87,44,3,93,68,12,80,40,30,41,82,1,71,29,20,86,23,28,25,64,27,17,78,18,83,69,75,57,8,67,5,56,91,88,53,4,96,49,98,92,35,24,13,50,58,55,31,48,54,46,70,33,90,32,34,37,43,85,36,72,60,47,84,6,22,42,77,0,2,79
7,37,16,26,38,42,75,81,55,65,28,63,39,5,20,46,97,79,45,21,74,73,51,94,31,62,18,41,9,10,14,35,3,93,96,12,1,36,30,95,82,8,71,59,57,99,23,33,25,64,27,17,78,68,83,69,11,72,19,67,44,91,86,61,53,88,29,49,98,92,15,24,13,50,58,56,40,48,54,4,70,2,89,32,34,80,43,85,90,66,60,47,84,6,22,52,77,0,87,76
7,3,16,26,38,42,75,94,43,65,50,63,39,5,20,46,97,79,19,21,74,52,51,34,27,62,18,88,9,49,54,35,59,93,31,12,56,76,33,95,82,8,71,32,57,99,45,47,86,70,53,17,78,68,41,10,11,72,64,67,1,91,73,61,25,96,60,69,98,84,15,24,13,6,58,4,40,48,85,29,92,2,44,23,14,80,22,37,90,66,89,87,55,30,36,28,77,0,83,81
39,92,16,53,85,73,65,82,43,54,50,63,24,5,95,59,97,79,19,21,74,7,84,34,94,38,10,88,9,49,6,35,91,93,31,26,56,76,33,80,52,8,71,20,57,99,69,4,86,70,89,17,78,27,41,37,15,72,64,67,1,11,61,12,25,96,60,42,44,98,75,45,3,13,51,18,46,48,22,29,81,2,68,23,14,32,47,28,90,66,58,87,55,30,36,40,77,0,83,62
20,92,51,53,65,31,84,55,88,54,9,23,24,5,95,87,17,59,19,21,43,7,73,66,11,38,10,99,48,1,6,60,91,79,35,26,56,34,33,80,52,8,71,16,82,57,69,4,86,70,89,22,78,90,41,37,15,72,64,67,12,45,61,36,94,74,3,42,44,98,75,63,96,13,30,18,46,76,97,32,29,2,68,85,14,50,47,28,49,81,58,25,83,93,39,40,77,0,27,62
65,19,51,53,57,31,81,22,76,54,9,23,66,5,95,87,17,59,91,21,43,7,55,2,11,38,86,47,78,45,6,20,88,79,37,26,56,34,39,50,15,8,25,16,30,33,84,4,0,70,89,52,42,90,64,93,92,72,98,99,12,60,83,36,94,74,3,85,44,67,75,71,80,13,41,18,46,69,97,32,29,35,68,24,14,1,82,28,49,48,58,73,96,10,61,40,77,63,27,62
8,56,25,53,75,58,78,80,76,0,37,23,66,50,3,40,17,64,91,21,43,7,87,2,83,38,22,47,51,68,6,19,9,79,45,26,60,24,39,30,15,74,34,16,63,33,84,4,65,70,89,52,42,90,5,12,95,72,98,88,59,93,41,36,94,81,86,85,44,67,28,71,13,92,54,18,46,69,97,32,29,35,99,11,14,20,82,1,49,57,31,73,55,10,61,96,77,48,27,62
66,88,25,53,0,58,16,3,76,9,87,23,79,46,80,40,17,64,68,92,43,7,30,2,56,37,22,85,32,94,55,60,91,73,45,26,11,24,28,14,15,74,83,34,63,33,84,4,65,70,89,78,42,90,5,12,95,72,29,39,59,93,6,36,51,81,50,10,44,67,19,35,96,21,54,18,48,69,97,52,8,41,99,47,75,20,82,1,49,57,31,38,98,27,61,86,77,13,71,62
51,77,25,49,0,12,14,3,76,64,87,62,52,67,66,40,17,78,68,75,43,92,30,88,56,71,22,85,32,18,79,60,55,50,45,7,23,24,28,73,86,74,83,19,61,33,84,54,65,70,89,26,42,90,5,36,95,72,29,39,4,91,6,11,98,81,2,10,44,80,58,35,96,21,59,82,48,37,97,69,8,41,99,94,93,20,13,1,53,57,31,38,16,27,15,9,47,34,46,63
51,77,5,49,0,12,14,43,18,76,4,78,52,27,66,45,88,65,68,75,54,20,6,92,56,71,64,91,15,96,79,60,44,50,16,90,23,24,28,73,86,70,83,19,61,98,84,34,3,22,89,26,42,62,48,32,95,72,25,39,67,87,29,11,85,36,63,10,33,80,58,35,81,1,59,82,94,37,55,69,8,41,17,7,93,30,13,99,53,57,31,38,2,40,97,9,47,21,46,74
69,60,5,49,0,9,58,67,18,50,4,56,52,53,66,26,88,43,68,75,33,19,6,92,61,62,64,2,42,96,79,3,44,46,77,90,57,24,97,25,86,70,23,29,55,98,84,34,51,22,89,73,37,78,48,32,95,72,20,39,28,87,16,11,85,36,63,94,40,80,45,35,81,1,54,27,83,71,10,12,8,41,17,7,65,30,13,99,14,82,31,91,93,59,76,38,47,21,15,74
78,60,5,49,76,9,29,40,89,50,4,56,47,53,79,87,43,36,68,75,33,19,85,92,61,62,84,42,32,96,81,13,64,46,77,90,44,6,58,3,86,70,67,24,55,98,17,34,51,22,16,73,37,10,0,52,95,72,20,39,28,93,71,11,31,12,65,94,66,80,45,35,63,1,54,27,69,18,48,97,8,41,30,7,88,57,59,14,99,82,26,91,83,2,23,38,25,21,15,74
20,65,43,84,76,24,4,40,13,44,48,56,83,53,79,87,67,36,68,47,33,96,85,92,61,62,58,98,32,45,77,59,64,8,14,75,19,6,46,37,86,70,50,57,55,93,17,34,51,22,16,73,1,10,0,52,95,9,15,39,81,42,71,11,31,12,7,94,66,80,78,35,63,26,28,27,69,18,29,90,89,41,30,74,88,97,54,3,60,5,72,91,99,49,23,38,25,21,2,82
42,65,43,20,76,46,21,45,13,59,48,56,86,53,79,4,67,10,93,40,31,1,85,92,61,62,58,98,32,51,77,68,64,8,14,75,41,6,37,22,18,97,50,57,36,24,89,83,33,47,16,70,84,71,0,44,95,9,15,39,81,34,17,52,25,11,66,49,38,12,78,35,63,26,28,27,69,3,29,90,94,7,30,74,88,23,73,87,60,5,72,91,99,54,96,80,55,19,2,82
98,14,28,20,48,36,21,45,62,59,77,56,86,3,79,4,43,10,51,40,2,1,23,53,52,42,58,93,32,27,64,35,30,85,99,75,12,6,37,22,7,97,50,57,44,24,89,83,33,92,16,73,84,71,0,67,95,9,15,39,96,34,61,46,25,76,66,49,17,81,78,55,18,26,38,68,72,41,29,90,94,63,65,74,88,54,47,87,60,5,70,91,11,8,31,80,13,19,69,82
98,70,28,89,53,36,19,91,62,59,23,85,86,3,46,90,77,10,51,18,2,1,13,40,52,76,58,93,32,84,64,65,30,12,82,75,35,6,37,22,31,97,50,68,44,29,14,83,79,43,96,20,39,71,60,67,92,9,15,27,21,34,61,42,25,81,66,49,17,4,78,55,73,26,38,95,72,41,48,45,94,63,0,74,88,54,47,24,57,5,99,7,87,8,69,80,16,56,11,33
43,38,78,89,53,2,72,91,59,54,23,62,36,19,46,20,77,10,51,87,8,1,31,60,52,76,58,93,79,84,64,25,30,12,82,75,48,63,13,22,88,97,50,42,44,29,14,83,98,17,96,99,39,71,92,27,6,9,15,37,21,34,67,28,35,90,66,49,3,4,16,55,32,26,68,95,45,41,33,86,94,73,0,40,85,61,47,70,57,5,18,7,65,24,69,80,81,56,11,74
43,3,78,89,53,17,23,63,27,56,85,34,94,99,46,20,28,10,67,87,8,22,31,60,52,76,58,93,79,15,64,61,30,12,82,75,57,55,80,59,88,97,0,73,44,29,14,16,42,9,54,69,39,72,92,68,6,62,51,37,21,13,1,7,35,90,66,49,50,4,77,98,32,25,36,95,45,96,33,86,19,40,91,41,2,48,47,70,84,5,18,26,65,24,38,71,81,83,11,74
43,51,67,9,61,24,23,63,94,56,85,34,99,46,8,20,28,10,84,87,44,22,77,32,14,76,31,93,79,15,1,75,60,88,82,12,57,55,7,59,91,5,0,4,17,29,97,16,52,64,54,69,39,72,58,68,6,62,81,37,80,13,83,2,35,90,3,49,50,89,66,70,11,25,36,95,45,96,33,26,19,40,21,41,86,48,47,78,92,65,18,30,42,73,38,71,53,27,98,74
70,79,59,9,61,73,3,7,94,65,18,34,41,46,60,20,63,10,84,55,44,22,77,87,14,76,31,93,52,83,1,75,67,33,82,92,57,29,21,17,90,5,0,68,32,58,97,24,81,91,54,69,49,72,28,23,6,62,15,37,80,13,16,26,35,8,39,51,50,89,95,85,11,25,36,12,45,43,4,96,19,40,66,99,86,48,47,78,53,2,88,30,42,64,38,71,56,27,98,74
95,45,59,76,61,73,97,34,94,65,18,78,41,44,60,20,63,10,84,55,42,22,77,90,85,48,39,36,99,83,1,98,67,33,82,92,57,49,21,17,81,86,0,54,32,58,79,9,12,11,19,69,88,53,28,23,6,62,15,37,80,13,16,26,35,3,70,51,50,72,5,43,71,68,91,14,89,96,4,7,74,40,66,2,8,24,47,52,75,25,93,30,31,64,38,46,56,27,29,87
86,66,59,67,12,73,97,56,8,65,18,78,41,34,60,90,63,70,84,26,42,22,77,10,85,21,39,44,99,94,1,28,82,33,69,92,98,49,57,25,29,20,0,54,32,58,50,87,76,11,19,52,24,53,47,5,6,62,15,30,80,79,16,96,35,3,37,61,9,72,36,83,71,68,91,14,89,48,4,7,95,40,55,2,74,13,81,51,75,88,93,45,31,64,38,46,23,43,27,17
86,12,59,67,58,73,97,90,69,65,95,78,41,96,43,33,63,8,18,26,48,88,77,62,70,21,39,44,99,46,3,28,82,79,55,92,98,49,15,25,50,20,0,54,10,27,68,87,42,11,17,52,13,94,47,5,6,53,56,30,80,32,16,85,35,76,37,51,9,72,2,83,34,74,91,81,89,84,4,7,22,40,36,61,24,66,14,1,75,29,93,45,31,64,38,19,23,71,60,57
1,12,59,67,58,28,39,95,68,60,77,29,41,50,43,65,3,8,18,94,63,88,24,62,70,33,96,44,99,66,64,46,72,79,55,92,10,83,80,25,22,20,0,51,26,27,48,87,42,11,17,52,13,86,47,5,53,82,56,30,37,32,16,85,35,76,75,21,73,14,98,36,34,74,7,81,89,84,15,9,49,40,54,61,2,69,78,6,97,90,93,45,31,91,38,19,23,71,4,57
79,12,13,67,58,28,38,95,76,60,6,29,1,50,84,65,61,8,18,66,94,88,26,44,70,33,19,2,5,23,64,46,41,87,90,92,10,83,86,25,17,20,0,51,74,55,3,24,42,11,91,52,81,72,77,59,53,82,56,30,37,31,16,40,35,48,75,21,73,14,98,36,34,96,7,68,39,62,15,80,49,97,54,57,22,69,78,9,32,27,93,45,89,43,47,63,99,71,4,85
79,41,13,67,58,76,86,95,7,60,17,29,14,56,44,65,30,8,18,21,53,51,26,48,70,33,19,2,93,23,78,89,85,87,90,92,42,39,84,25,27,20,46,88,74,55,3,24,22,11,37,52,12,38,77,59,0,82,96,54,71,31,16,40,35,6,75,97,73,99,98,36,34,1,94,68,32,62,64,80,49,72,10,57,50,69,15,9,66,5,28,45,83,43,47,63,61,81,91,4
5,41,13,67,14,28,65,24,7,8,59,29,86,56,44,40,21,88,18,54,53,51,11,95,62,33,19,2,93,75,27,81,85,87,90,92,15,39,84,25,61,43,46,97,74,9,3,76,6,98,23,52,37,42,77,31,0,82,96,17,70,73,16,26,35,12,60,58,30,99,78,80,34,1,94,68,32,36,64,55,48,72,10,57,50,69,20,79,66,38,22,45,83,89,47,63,49,71,91,4
59,41,92,67,32,64,65,19,7,8,85,6,50,56,44,40,66,23,24,54,14,51,48,95,71,58,75,2,60,86,11,81,25,87,9,5,15,45,84,55,61,43,46,97,74,18,22,76,20,98,28,52,63,42,77,31,93,89,96,17,70,73,16,26,35,27,12,33,30,99,82,80,34,1,94,68,88,36,57,37,39,72,10,29,47,69,90,79,62,38,21,53,83,0,49,13,3,78,91,4
59,43,92,96,81,64,65,49,40,41,85,2,17,56,44,97,51,23,53,54,14,28,48,95,71,58,32,25,78,86,11,16,89,60,19,5,15,45,84,55,30,9,46,90,74,18,22,76,88,66,38,52,6,82,75,79,93,42,67,21,70,73,33,26,34,27,12,7,39,99,63,80,91,1,94,68,13,36,57,20,37,72,10,29,47,69,98,77,62,24,50,87,83,0,61,31,3,35,8,4
59,29,11,96,43,31,27,49,40,41,46,13,60,56,44,97,32,17,53,54,14,4,48,89,71,58,91,25,20,86,6,92,52,55,19,5,15,45,84,78,30,9,47,90,74,18,22,76,42,75,38,3,73,82,66,88,93,2,67,7,70,37,0,26,34,80,12,62,39,99,63,79,21,28,94,68,23,81,57,61,35,72,10,51,1,16,98,77,85,24,36,87,83,64,65,95,33,50,8,69
86,94,29,80,69,61,27,51,40,41,38,54,23,88,44,25,67,21,53,20,73,4,48,89,71,58,82,36,1,16,6,92,52,55,19,5,15,46,84,66,14,9,47,90,74,18,22,76,68,75,78,3,97,11,30,13,93,2,17,7,59,37,0,26,35,39,12,62,31,99,33,49,32,28,34,45,79,81,57,96,56,64,10,42,70,60,98,77,85,24,43,87,83,63,65,95,91,50,8,72
87,29,27,65,14,61,7,51,40,41,38,54,23,58,50,25,6,9,53,20,73,4,93,1,22,30,82,36,47,16,70,92,71,55,19,5,15,89,37,66,67,52,94,35,48,0,69,88,28,75,78,76,97,11,12,13,44,2,17,60,59,74,80,31,96,39,86,62,84,99,33,8,32,3,34,45,79,81,21,24,56,64,49,42,46,68,98,77,85,18,43,90,83,63,57,95,91,26,10,72
39,10,27,37,14,5,7,51,40,41,26,54,67,23,50,34,53,99,44,20,6,4,93,1,22,15,82,36,47,16,43,38,71,31,19,46,91,89,80,59,33,52,25,35,48,72,69,88,28,75,78,24,97,11,12,13,45,65,98,60,87,74,57,77,96,58,86,62,84,66,92,8,32,3,81,76,79,70,73,55,56,30,49,42,2,9,0,64,85,68,29,90,83,63,94,95,18,61,17,21
70,86,27,62,59,64,7,5,23,41,40,54,67,77,50,34,53,99,26,20,6,4,93,47,22,15,82,14,12,45,43,2,71,31,79,46,63,89,80,30,83,72,37,35,48,17,69,88,81,49,78,24,97,11,8,13,42,65,98,39,9,74,57,52,96,33,10,60,44,66,36,58,32,3,68,76,91,28,73,55,56,16,95,92,51,38,0,25,85,75,29,90,87,1,84,19,18,61,94,21
70,86,56,62,59,64,7,5,17,41,40,54,44,77,80,34,53,99,26,18,6,93,22,4,20,63,82,14,12,45,43,47,71,67,79,46,15,88,3,1,83,72,37,35,65,48,42,38,81,49,61,24,97,11,8,13,31,33,98,39,92,84,87,57,96,90,10,9,76,66,27,58,85,21,89,91,30,28,36,55,73,16,32,95,51,2,0,25,23,74,29,68,75,60,52,19,78,50,94,69
70,17,96,21,59,64,7,34,32,62,40,54,28,69,80,89,53,99,38,18,56,93,22,4,25,63,72,14,94,45,43,83,87,67,79,46,15,88,3,82,42,2,92,11,65,52,81,0,71,86,61,49,48,77,8,13,31,33,1,39,41,84,74,57,95,90,10,9,76,66,27,58,37,35,60,91,30,20,36,97,73,24,5,12,51,16,98,85,23,44,29,68,75,26,47,19,78,55,50,6
