0,1,2,3,4,5,6,7,8,9,10,11,12,13,14,15,16,17,18,19,20,21,22,23,24,25,26,27,28,29,30,31,32,33,34,35,36,37,38,39,40,41,42,43,44,45,46,47,48,49,50,51,52,53,54,55,56,57,58,59,60,61,62,63,64,65,66,67,68,69,70,71,72,73,74,75,76,77,78,79,80,81,82,83,84,85,86,87,88,89,90,91,92,93,94,95,96,97,98,99,100,101,102,103,104,105,106,107,108,109,110,111,112,113,114,115,116,117,118,119,120,121,122,123,124,125,126,127,128,129,130,131,132,133,134,135,136,137,138,139,140,141,142,143,144,145,146,147,148,149
0,36,2,3,119,77,6,7,8,9,10,11,12,40,14,15,16,17,18,19,20,21,22,23,24,25,26,61,28,29,30,31,32,33,147,146,50,37,38,124,96,41,4,43,44,45,46,47,48,49,116,51,52,53,54,55,56,57,73,59,60,39,62,63,64,65,66,67,68,69,70,71,72,90,74,75,76,120,136,79,80,81,82,112,84,85,35,87,88,89,78,91,92,93,94,95,135,97,122,99,100,101,140,103,104,105,106,107,108,109,110,111,34,113,114,115,1,117,118,126,127,121,133,123,27,125,98,130,128,129,86,131,132,13,134,83,102,137,138,139,5,141,142,143,144,145,58,42,148,149
0,36,72,3,67,77,6,7,75,9,10,20,12,40,14,100,120,17,18,19,16,126,22,23,24,25,140,61,28,29,149,31,32,33,147,146,70,37,38,124,96,41,58,43,44,45,46,47,48,50,116,51,52,53,54,55,73,57,4,59,60,39,62,63,8,65,66,112,68,69,144,71,113,90,74,119,76,2,136,79,80,11,82,30,84,85,35,87,88,49,78,108,92,93,64,95,135,97,122,99,21,101,102,103,104,26,106,107,89,109,110,111,81,56,114,115,1,117,118,134,127,121,133,123,27,125,98,130,128,129,86,131,132,13,34,83,91,137,138,139,5,141,142,143,105,145,15,42,148,94
0,36,72,3,67,131,6,7,75,77,10,20,12,121,14,100,120,17,18,19,16,126,22,113,24,23,140,70,28,29,149,31,32,33,147,146,61,134,38,124,96,41,58,43,44,76,46,95,48,50,116,51,52,40,4,55,73,57,45,59,60,39,62,84,8,65,66,112,68,69,144,71,30,90,142,119,104,2,136,79,80,11,82,21,89,85,35,87,88,49,78,108,118,93,64,47,135,97,122,99,115,101,102,103,37,132,106,26,34,109,110,111,81,133,114,63,1,117,56,92,127,129,107,123,27,125,25,130,128,53,86,9,98,13,54,83,91,137,138,139,5,141,74,143,105,145,15,42,148,94
0,36,72,3,2,19,6,7,75,118,10,99,12,121,14,100,22,17,77,31,16,126,37,113,138,13,140,46,28,43,149,59,32,33,147,123,61,134,38,124,96,41,58,24,44,21,67,95,48,50,116,51,52,110,4,55,73,57,45,131,60,39,40,84,8,65,29,18,68,69,144,71,30,90,142,119,104,114,136,79,80,23,82,108,89,85,35,87,88,49,78,20,117,93,64,47,135,97,122,76,115,101,102,103,70,132,106,26,34,109,66,111,81,133,62,63,1,15,56,92,127,129,107,112,27,125,146,130,128,53,86,9,98,11,54,83,91,137,25,139,5,141,74,143,105,145,94,42,148,120
0,5,72,3,2,19,6,135,75,118,10,131,138,121,90,100,22,17,77,31,16,126,37,113,65,13,140,46,28,43,45,59,32,33,147,54,106,134,38,124,96,123,58,24,44,21,67,95,61,50,7,51,52,11,4,55,73,57,9,149,60,39,40,97,8,136,29,18,68,69,144,71,30,35,142,119,104,114,14,79,80,23,82,108,89,85,141,87,88,49,48,20,116,70,64,47,36,41,122,76,115,101,102,117,111,132,62,26,34,109,66,84,81,133,93,63,127,15,56,92,12,129,107,112,27,125,146,130,128,53,86,91,98,110,1,83,103,137,25,139,78,99,74,143,105,145,94,42,148,120
54,75,128,91,51,19,6,135,93,118,10,72,138,121,90,100,22,17,77,31,16,126,37,113,65,13,140,46,38,43,45,59,32,106,107,3,117,134,97,124,96,123,58,81,44,21,67,95,61,50,143,105,0,11,4,55,73,57,9,149,60,25,40,144,8,136,29,39,68,125,33,71,30,35,142,119,24,114,14,79,80,23,82,108,89,85,69,87,88,49,48,20,116,70,64,47,36,41,122,76,115,147,102,84,111,132,62,26,34,109,66,28,103,133,7,63,127,15,56,92,12,129,104,112,5,101,146,130,141,53,86,2,98,110,1,83,27,137,52,139,78,99,74,18,131,145,94,42,148,120
98,75,128,91,51,19,6,135,93,118,10,72,138,121,90,53,22,17,77,8,16,126,37,79,65,13,140,46,38,43,45,59,120,106,32,3,117,134,119,124,96,123,27,81,149,47,67,95,26,50,143,105,0,11,4,55,78,57,61,54,97,107,40,144,9,136,29,39,68,30,73,71,148,35,142,33,111,114,14,74,80,23,82,108,89,85,69,87,88,49,48,20,116,70,64,101,36,41,122,76,115,113,102,44,147,132,62,21,34,109,66,28,103,133,7,63,127,15,56,92,12,125,104,112,5,31,146,130,141,129,86,2,100,110,1,83,24,58,52,139,137,99,25,18,131,145,94,42,60,84
98,75,128,91,51,117,6,135,93,118,84,22,138,121,90,20,94,68,77,8,16,126,109,79,65,13,140,46,38,122,45,139,120,106,32,3,105,134,119,49,96,123,27,81,149,47,67,95,21,50,15,129,0,11,4,66,19,57,61,54,97,107,40,144,25,136,29,39,83,30,73,71,148,35,142,99,111,114,14,74,80,23,82,108,89,85,69,87,88,124,48,59,116,70,64,101,36,41,55,76,115,113,102,44,147,78,9,72,34,26,143,28,103,133,7,63,127,92,56,17,12,42,104,112,5,31,146,130,141,37,86,2,100,110,1,10,24,58,52,43,137,62,132,18,131,145,53,33,60,125
98,68,82,112,51,117,6,135,93,118,84,22,138,121,90,20,94,7,77,8,16,126,130,79,65,71,58,46,38,122,45,108,120,148,32,3,105,134,119,49,96,123,106,81,149,47,67,95,21,50,15,129,62,11,4,66,19,0,61,54,97,107,40,144,25,136,29,39,83,30,73,109,41,35,142,99,111,114,14,140,80,23,5,116,10,85,69,87,88,124,48,59,28,70,89,101,36,42,55,76,115,113,102,44,147,78,9,72,34,26,143,27,103,133,131,63,127,92,91,17,43,64,104,74,56,31,146,100,141,37,139,2,13,128,1,132,24,12,52,75,137,110,57,18,86,145,53,33,60,125
98,68,1,112,131,117,6,33,93,118,84,22,138,89,90,20,94,69,77,8,16,126,130,7,65,71,57,46,38,122,45,108,120,148,111,3,55,134,119,49,61,139,135,114,137,47,67,121,21,50,15,129,62,11,34,17,19,0,58,54,97,107,40,144,25,136,29,39,83,149,73,109,41,35,74,99,106,30,14,140,80,23,5,116,10,85,81,87,88,124,48,59,28,70,66,101,36,42,95,76,145,113,102,44,147,78,9,72,32,26,143,27,103,133,142,63,127,92,91,123,43,4,104,51,56,31,146,100,141,37,115,2,13,128,96,132,24,12,52,75,64,110,79,18,86,53,82,105,60,125
138,68,1,112,48,117,142,33,29,118,14,22,100,89,41,20,84,90,81,101,16,126,130,7,65,120,50,46,38,26,45,108,94,148,111,3,55,134,119,49,61,139,135,114,137,47,67,74,21,69,15,129,98,11,34,17,19,0,58,54,97,107,40,52,25,136,6,39,83,149,73,109,71,35,8,99,106,79,125,140,80,23,143,116,10,85,30,87,88,124,4,59,28,70,66,131,36,42,95,121,145,113,102,44,147,78,9,72,32,51,76,27,103,133,93,63,127,92,91,123,43,77,104,122,56,31,146,57,141,37,115,2,13,128,96,132,24,12,5,75,64,110,144,18,86,53,82,105,60,62
138,120,1,2,48,117,142,33,29,31,14,145,100,89,41,20,84,90,106,101,16,126,27,7,65,66,50,46,38,26,45,108,94,22,135,3,55,134,119,49,61,112,74,114,137,47,130,64,21,69,15,129,98,11,59,17,19,68,58,54,97,78,40,52,25,136,6,39,83,149,73,109,71,35,8,34,51,79,125,140,80,23,143,116,10,85,30,87,88,118,4,104,28,70,105,131,0,42,148,121,36,113,102,44,147,107,9,72,32,37,76,111,103,133,93,63,127,92,91,123,43,77,110,122,99,18,146,57,141,95,115,24,13,128,96,132,139,12,5,75,81,62,144,124,86,53,82,56,60,67
98,91,89,2,48,117,1,56,29,31,14,145,100,38,41,20,84,74,106,101,16,126,27,47,4,66,25,7,142,26,46,108,94,22,135,3,140,134,119,49,61,112,120,114,50,63,130,64,92,69,15,129,11,21,59,17,19,68,58,54,127,78,76,52,18,136,6,39,83,149,73,109,71,35,8,34,51,99,125,55,80,23,143,116,10,85,30,87,88,118,79,104,28,138,105,131,0,42,148,121,36,113,102,44,147,12,9,72,32,37,65,111,103,133,93,107,45,70,97,123,43,77,110,122,40,137,146,57,141,95,115,24,13,128,96,33,139,132,5,75,81,62,144,124,86,53,82,90,60,67
63,91,89,2,48,127,13,56,29,31,14,145,100,38,41,20,84,74,106,101,45,126,117,47,4,66,25,148,142,26,113,46,94,22,135,3,140,134,119,51,9,112,60,108,76,57,7,80,92,81,15,129,11,128,59,17,19,68,58,69,54,78,85,130,18,136,6,39,83,149,73,109,64,35,8,34,16,99,125,55,32,23,143,116,10,52,30,87,88,118,79,104,28,138,105,131,0,42,21,121,36,71,102,44,147,50,49,72,1,37,65,111,103,133,93,107,12,61,97,123,43,77,110,122,40,137,146,27,141,95,115,24,120,114,96,33,139,132,5,75,98,62,144,124,86,53,82,90,70,67
63,91,89,2,48,127,13,56,29,31,14,130,100,38,41,75,84,74,125,101,45,126,117,47,22,66,11,107,142,26,113,46,94,129,148,3,140,0,119,51,9,112,60,108,76,15,7,80,92,81,147,109,32,128,59,17,25,68,58,19,54,78,85,141,137,121,6,39,83,149,73,106,64,35,8,34,16,99,55,134,133,23,143,116,10,52,30,87,88,118,79,145,28,33,105,131,1,42,21,69,36,71,102,139,57,50,49,44,70,37,65,111,103,72,93,135,12,61,97,123,43,77,110,122,40,104,146,27,20,95,115,24,120,114,96,136,138,132,5,18,98,62,144,124,86,53,82,90,4,67
60,91,89,2,32,127,134,56,29,31,14,130,100,38,88,70,30,74,125,119,45,3,110,47,143,66,11,107,142,26,113,46,94,129,97,103,13,0,126,114,9,112,140,108,44,15,7,80,92,81,101,109,16,128,59,17,25,68,148,19,54,78,85,141,137,121,6,122,84,149,73,106,64,35,8,34,76,99,55,145,133,23,63,116,10,52,41,87,51,48,79,95,28,33,105,131,1,42,21,69,36,71,102,139,57,50,49,147,83,37,65,111,22,72,93,135,12,61,75,123,43,77,118,90,40,104,146,27,20,117,115,24,120,39,96,136,138,132,5,18,98,62,144,124,86,53,82,58,4,67
60,91,89,2,32,127,134,56,29,116,14,130,100,6,88,101,111,115,125,99,45,3,110,119,143,66,11,107,142,26,113,46,57,129,97,103,13,0,93,114,9,112,87,38,44,15,7,80,19,81,139,109,16,128,59,17,25,68,70,126,54,78,85,117,133,121,39,122,84,149,73,106,64,35,8,34,76,118,55,137,145,23,63,108,10,52,41,140,51,74,79,95,28,33,105,131,1,42,21,69,36,31,102,124,20,50,49,147,83,37,65,71,22,72,92,135,12,61,75,123,43,77,30,90,40,47,146,27,48,148,141,24,120,94,96,136,138,132,5,18,98,62,104,82,86,53,144,58,4,67
60,91,89,119,54,127,134,31,102,116,14,61,41,6,88,56,111,115,125,99,45,3,40,52,143,66,2,107,141,26,113,46,57,129,142,112,13,0,12,114,101,149,87,38,44,147,7,80,19,81,110,109,16,128,59,17,25,68,70,126,69,78,85,117,133,121,39,122,136,124,73,106,64,35,8,34,76,118,55,137,145,23,63,108,10,84,42,140,51,74,79,95,28,33,105,131,1,96,21,100,36,11,139,93,20,50,49,9,83,37,65,71,22,72,103,135,29,32,75,123,43,77,30,90,15,58,146,27,48,148,130,24,120,94,92,97,138,132,5,18,98,62,104,82,86,53,144,47,4,67
60,91,89,113,54,127,29,31,125,116,84,61,41,6,88,56,111,115,120,99,45,33,40,52,143,66,2,107,141,26,83,46,57,129,142,112,119,0,67,114,101,149,87,38,44,147,7,80,19,81,110,97,93,128,59,17,25,68,70,126,131,78,85,134,133,121,39,122,132,124,73,106,49,98,8,34,76,118,55,137,145,23,63,108,10,35,42,140,43,74,32,117,28,103,105,64,1,96,21,100,36,11,139,16,20,50,79,9,51,37,65,71,22,72,136,135,130,95,75,123,102,77,30,90,15,58,146,27,48,148,104,24,14,94,92,109,138,13,5,18,47,69,62,82,86,53,144,3,4,12
60,27,89,113,56,127,29,130,125,116,84,61,74,6,88,40,111,115,120,69,45,33,95,17,143,66,2,107,91,26,83,19,57,142,108,112,119,0,20,114,101,149,87,38,44,147,7,80,65,81,110,97,93,128,59,52,25,75,70,126,68,78,85,134,133,121,39,122,132,124,63,106,49,98,31,34,5,41,55,137,145,23,73,129,10,35,42,140,99,54,8,117,28,103,105,64,1,96,21,100,36,11,51,16,67,50,79,9,141,37,12,71,22,72,136,135,76,43,118,123,102,77,30,90,15,58,146,131,48,148,104,24,14,139,92,109,138,13,32,18,47,46,62,82,86,53,144,3,4,94
60,108,89,113,56,127,29,130,125,51,84,61,74,6,88,40,69,115,120,149,137,33,95,17,98,66,2,107,91,26,83,19,57,77,4,112,119,0,124,114,101,94,87,38,44,147,7,43,65,73,110,97,93,128,59,52,27,71,70,126,142,78,85,134,133,99,39,122,132,121,63,81,49,76,31,34,103,41,55,68,145,23,118,129,143,35,42,140,75,54,8,117,111,25,105,64,1,96,21,100,36,11,28,16,67,50,79,9,139,37,12,141,22,72,136,10,5,45,20,123,102,80,30,90,15,58,146,131,48,148,104,24,14,106,92,109,138,13,32,18,47,46,62,82,135,53,144,3,86,116
60,108,89,139,32,103,64,29,125,51,84,61,78,6,88,40,69,115,120,149,137,123,95,17,98,66,2,107,91,127,83,19,58,77,4,112,119,0,25,114,101,124,87,38,44,147,52,43,62,73,110,97,93,57,59,111,27,71,70,126,128,79,85,134,133,68,39,122,132,121,63,74,49,76,31,34,42,41,55,26,145,23,118,129,143,35,94,140,75,54,8,117,65,99,105,109,1,96,21,100,81,11,28,16,5,50,36,9,136,37,12,141,22,72,113,10,67,45,20,116,102,80,30,90,15,130,146,131,48,148,104,24,14,106,92,7,138,13,56,18,47,46,53,82,135,142,144,3,86,33
60,34,3,43,32,103,64,29,125,51,47,61,73,6,88,40,69,115,120,149,137,123,95,17,98,108,84,96,91,127,83,19,58,31,21,112,119,0,25,92,101,124,87,38,44,147,52,121,62,78,110,97,93,57,89,77,27,71,70,126,128,79,85,134,133,68,39,122,142,118,63,74,49,76,81,114,42,50,55,26,145,23,9,14,143,35,94,2,75,54,8,117,65,99,105,109,1,106,37,100,10,11,28,16,5,107,36,148,136,139,12,141,22,72,113,132,67,45,20,116,102,80,30,90,15,130,146,131,48,41,104,24,46,111,129,7,138,13,56,18,59,140,53,82,135,4,144,66,86,33
60,120,3,43,64,103,122,29,125,42,47,61,73,6,32,40,57,115,74,149,137,123,39,17,98,108,84,96,91,51,83,19,58,31,21,112,119,12,45,92,101,124,87,88,44,59,52,121,133,78,107,147,93,41,89,10,127,71,70,126,128,79,85,134,50,109,95,140,142,118,63,69,49,143,81,114,76,131,55,26,145,23,9,14,62,35,94,2,75,54,8,117,65,99,105,38,1,106,37,100,86,11,28,16,5,25,36,148,136,139,97,141,22,72,113,132,67,68,20,116,102,80,30,90,15,130,146,0,48,34,104,24,46,111,129,7,138,13,56,18,110,77,53,82,135,4,144,66,27,33
128,136,3,38,36,103,122,65,125,42,47,61,73,64,26,40,25,115,74,148,137,123,39,17,98,108,84,149,91,51,83,19,58,31,131,57,119,12,45,92,101,124,87,88,44,59,52,9,133,78,107,22,13,41,89,104,127,71,10,126,147,79,85,134,50,109,95,120,142,118,63,69,49,143,81,114,76,15,55,70,145,23,140,14,62,35,94,2,75,54,8,117,29,99,105,93,1,106,37,100,86,11,28,16,5,96,20,6,66,139,97,141,18,72,113,132,67,68,80,116,102,121,30,32,60,130,146,0,48,34,112,24,46,111,129,21,138,90,56,7,110,77,53,82,135,4,144,43,27,33
128,136,3,93,36,103,109,65,125,42,80,61,9,64,26,40,25,115,121,131,122,123,39,17,137,108,84,149,70,51,83,19,58,31,30,57,119,12,45,47,101,117,54,88,44,59,52,138,98,78,38,74,118,41,89,104,127,91,10,126,147,79,85,134,50,99,6,120,142,95,63,87,49,143,81,114,76,15,148,124,146,23,140,14,62,35,94,2,75,113,8,97,29,133,105,107,1,106,37,100,86,11,28,16,5,96,20,69,66,139,71,141,18,72,73,132,67,68,145,116,102,13,22,32,60,130,92,0,48,34,112,24,46,111,129,21,55,90,56,7,110,77,53,82,135,4,144,43,27,33
128,136,50,93,36,105,109,103,125,42,80,61,9,64,26,40,25,104,84,131,122,123,39,13,137,108,41,149,70,51,83,19,58,31,30,57,119,12,45,47,101,117,54,142,44,28,52,138,98,78,38,74,118,130,89,5,127,91,10,126,147,63,85,134,79,99,6,120,66,95,87,11,49,143,81,69,76,15,148,141,146,23,140,90,62,35,94,2,75,113,8,97,29,133,17,14,1,121,37,59,86,96,55,16,124,43,20,68,106,139,71,46,18,72,73,132,67,65,145,116,102,100,22,32,60,107,92,0,48,34,112,24,21,111,129,114,115,88,56,7,110,77,53,82,135,4,144,3,27,33
93,136,50,20,36,105,109,103,125,42,58,61,16,64,26,9,25,111,84,131,122,123,39,13,140,75,41,133,70,6,83,19,11,31,54,15,119,12,45,47,101,117,69,142,44,28,102,138,98,51,38,74,118,130,89,5,127,91,10,126,147,63,85,134,79,99,29,77,66,95,87,80,49,128,81,144,76,30,148,141,146,23,57,90,62,35,48,2,78,113,8,97,96,143,17,14,1,108,37,59,86,149,137,104,124,43,120,68,106,139,71,46,18,72,73,132,55,65,145,116,52,100,22,32,60,107,92,0,67,34,112,24,21,94,129,114,115,88,56,7,110,121,53,82,135,4,40,3,27,33
93,134,50,20,36,68,139,103,125,42,6,61,16,64,26,9,25,111,84,131,122,123,39,13,140,75,41,106,15,97,52,138,11,31,54,107,119,12,45,47,101,133,69,142,44,28,102,137,98,136,38,74,118,130,89,5,83,91,10,70,147,63,85,82,79,99,29,77,66,95,87,80,49,128,81,144,76,30,148,24,146,135,57,90,62,35,48,2,141,113,8,126,96,27,17,14,1,145,37,59,86,149,23,104,124,43,109,120,60,143,71,46,18,72,73,132,55,65,58,116,108,100,22,117,51,78,19,0,67,34,112,92,21,94,129,114,115,88,56,7,110,121,53,4,127,105,40,3,32,33
82,118,50,20,61,68,139,103,125,43,6,108,93,64,26,9,32,111,49,131,128,123,39,13,140,59,41,106,15,97,52,138,107,31,54,23,119,12,45,47,101,4,69,148,44,25,102,137,98,136,38,74,144,130,89,5,83,91,10,70,147,63,85,120,79,99,29,77,142,28,87,80,0,141,81,66,76,30,122,24,7,135,94,90,62,35,48,2,84,113,8,126,96,27,17,14,1,145,37,109,86,149,16,104,124,146,42,78,60,143,71,46,18,72,73,132,55,65,58,116,133,100,22,117,51,57,19,95,67,34,112,92,21,11,129,114,115,88,56,134,110,121,53,36,127,105,40,3,75,33
82,118,114,20,61,68,139,103,125,43,6,108,44,64,26,9,104,111,49,131,128,123,30,140,102,59,41,106,92,97,27,138,107,31,54,23,129,12,55,47,101,81,69,79,13,25,124,137,98,136,38,74,144,130,89,5,93,45,10,70,147,63,85,119,115,99,120,77,142,28,87,0,65,141,21,66,76,2,122,24,7,135,94,90,62,35,48,39,84,113,8,126,96,134,17,14,1,145,37,109,86,149,16,148,52,146,42,78,60,143,34,46,18,72,73,132,50,15,58,116,133,100,22,117,51,57,19,95,67,40,112,80,71,11,91,83,29,88,56,32,110,121,53,36,127,105,4,3,75,33
82,118,114,20,61,68,139,103,125,43,69,10,44,64,106,142,104,111,49,76,128,123,97,140,3,59,98,117,92,29,138,148,107,31,54,23,129,12,55,47,101,32,85,79,27,25,4,137,122,136,38,74,28,130,89,5,93,45,147,70,2,63,116,119,115,99,120,77,41,36,87,0,65,141,21,66,7,81,9,6,144,135,94,90,62,35,48,39,84,113,8,126,96,134,26,14,1,145,37,109,86,149,16,108,52,146,42,78,60,143,34,46,124,72,73,132,50,15,58,30,133,100,22,18,51,57,19,95,67,40,112,80,71,11,91,83,17,88,56,13,110,121,53,24,127,105,102,131,75,33
82,27,114,20,61,73,147,103,125,43,69,10,38,18,106,142,104,111,49,64,13,123,97,140,3,59,98,118,92,29,138,148,107,31,54,8,58,12,55,47,101,32,85,79,128,25,4,143,122,136,28,110,36,62,89,21,93,45,76,70,2,63,116,119,115,99,120,137,41,68,87,0,65,141,117,66,7,81,9,6,144,135,94,90,5,35,48,78,84,113,39,126,96,30,26,14,1,44,37,109,74,149,16,108,52,146,42,34,23,145,60,46,124,72,132,139,50,15,130,77,133,100,22,134,51,57,19,95,67,40,112,80,71,11,91,83,17,88,56,129,86,121,53,24,127,105,102,131,75,33
31,27,114,20,61,73,147,103,21,43,69,10,65,18,106,11,104,111,49,64,13,123,97,101,3,59,98,118,71,29,47,148,107,86,54,38,130,12,55,2,36,32,92,79,128,25,4,143,37,136,28,110,141,62,89,9,93,45,76,70,58,63,116,125,115,99,120,137,41,68,87,138,121,105,117,66,7,81,119,124,144,135,94,90,5,35,48,6,84,113,39,126,96,30,26,14,1,44,8,109,74,149,16,108,52,146,42,23,85,145,60,46,122,72,132,139,34,15,129,77,133,100,50,134,78,57,19,95,67,40,112,80,51,140,91,83,17,88,56,22,0,82,53,24,127,142,102,131,75,33
48,27,114,138,61,73,147,15,21,43,69,10,65,18,110,11,104,111,49,64,13,123,119,101,3,59,98,118,71,29,47,148,107,57,54,55,130,12,9,86,36,32,92,79,128,25,4,143,37,106,28,72,141,62,89,67,93,75,76,70,58,63,116,125,115,2,20,137,41,103,87,124,121,82,117,66,7,81,68,51,144,135,94,90,5,35,105,6,145,113,39,126,96,30,26,14,1,44,8,109,74,149,16,108,52,31,102,23,85,45,60,46,122,112,132,84,34,0,129,77,133,100,50,134,78,146,19,95,42,40,99,80,88,140,91,83,17,139,56,22,97,136,53,24,127,38,142,131,120,33
98,27,114,138,61,73,147,15,21,95,47,10,65,18,110,11,104,139,74,64,13,123,119,136,56,59,30,118,71,29,69,148,43,57,54,55,130,12,9,14,36,22,92,79,70,81,4,143,37,106,28,72,141,62,89,67,93,75,76,49,58,108,120,125,115,2,20,134,41,103,87,124,121,82,117,66,7,51,68,25,144,135,128,90,5,35,105,6,145,113,39,126,96,101,26,48,19,44,8,109,3,149,16,94,107,31,102,86,85,45,60,46,122,112,132,84,34,0,129,77,133,100,142,50,78,146,63,32,42,40,99,80,88,140,91,83,17,52,137,1,97,116,53,24,127,38,23,131,111,33
98,89,114,138,61,73,147,15,30,95,47,10,65,18,110,11,104,84,74,64,13,123,119,136,56,32,22,118,103,99,102,148,43,51,54,6,139,12,9,14,2,53,92,79,70,81,4,88,37,106,28,72,141,62,108,67,93,75,126,49,58,143,55,125,115,63,20,134,124,77,87,57,121,82,117,66,7,130,68,25,144,135,128,90,24,35,105,146,145,113,39,120,96,101,26,48,19,44,8,109,3,149,16,94,107,31,21,86,85,45,60,36,122,112,132,46,34,0,129,29,133,100,142,50,78,5,59,80,42,40,41,27,69,140,91,83,17,52,137,1,97,116,76,71,127,38,23,131,111,33
98,72,114,138,131,73,147,140,30,95,47,10,65,18,6,11,104,84,74,57,13,123,119,136,56,3,111,118,103,83,102,148,43,51,54,37,139,12,9,14,2,53,92,49,101,81,4,88,29,106,28,63,99,62,108,67,93,75,126,60,58,143,55,125,124,17,20,134,46,77,87,89,121,82,117,66,79,130,68,96,144,110,128,90,24,35,105,146,145,113,39,120,26,5,141,48,19,44,8,109,40,149,16,94,107,61,21,86,85,45,70,36,122,112,132,115,34,0,129,64,133,100,142,50,78,41,59,80,42,15,7,27,69,135,91,32,31,52,137,1,97,116,76,71,127,38,23,22,25,33
98,72,114,138,131,73,83,140,30,95,105,10,65,18,6,11,104,84,74,57,47,123,119,136,56,144,111,118,53,108,102,148,28,50,117,37,139,12,9,14,147,79,92,49,101,64,4,88,29,106,44,63,99,62,16,133,93,75,122,60,97,143,55,125,124,17,20,134,46,77,87,89,121,82,94,66,100,34,68,96,67,110,128,90,51,13,33,146,145,113,39,120,26,5,141,48,19,27,8,109,40,149,7,54,107,35,21,86,85,45,70,36,81,112,132,115,58,0,129,24,43,103,142,2,78,41,59,80,42,15,126,3,69,135,91,32,31,52,137,1,130,116,76,71,127,38,23,22,25,61
98,11,114,138,131,89,83,140,30,95,105,10,132,18,6,135,2,84,74,57,47,129,123,104,119,144,111,118,53,108,102,148,28,50,145,37,139,12,9,14,147,79,92,73,101,64,149,88,29,106,117,63,99,62,49,133,136,75,122,60,97,38,16,125,124,17,20,134,46,77,87,4,121,82,67,143,100,34,45,96,68,126,128,90,51,110,93,146,55,25,39,120,26,5,141,48,19,66,8,109,40,113,7,54,107,35,21,86,72,27,70,36,81,112,44,115,58,0,13,24,43,103,142,56,78,41,59,80,42,15,94,3,69,85,91,32,31,52,137,1,130,116,76,71,127,65,23,22,33,61
98,11,46,138,131,89,83,140,30,95,105,10,43,18,6,135,2,84,74,57,47,129,33,90,119,144,133,118,53,108,102,148,28,50,145,71,139,34,9,54,147,79,92,73,101,64,132,88,29,106,77,63,99,62,14,136,17,75,122,60,142,38,16,103,124,111,20,134,141,12,87,4,121,82,67,143,100,49,45,96,68,126,128,37,110,51,93,146,55,25,39,120,26,97,125,48,127,66,8,109,40,113,7,104,107,35,21,86,94,114,70,36,81,112,44,115,58,0,13,24,149,72,19,56,78,5,59,123,42,15,117,3,69,80,91,32,31,52,137,1,130,116,76,27,41,65,23,22,85,61
36,11,46,94,131,89,83,140,30,95,137,10,43,18,6,135,2,84,74,57,47,55,33,90,119,145,108,118,53,107,64,147,28,49,121,71,139,34,9,54,102,79,92,73,56,86,132,126,29,106,77,63,99,62,148,136,17,75,122,40,142,38,16,103,124,111,20,134,141,14,133,4,13,82,67,143,100,76,45,96,68,144,51,37,110,129,93,146,50,25,39,120,26,97,125,48,127,66,8,109,22,113,7,104,98,35,21,69,60,87,70,105,81,112,44,115,58,0,88,24,149,138,19,12,78,5,59,123,42,15,117,3,114,80,91,32,31,52,72,1,130,116,128,27,41,65,23,101,85,61
88,11,46,70,131,113,83,140,66,95,69,42,43,18,6,75,2,73,74,57,47,135,33,90,137,45,108,118,53,107,64,147,28,49,121,112,139,34,9,30,120,79,92,84,56,86,132,126,29,106,77,63,99,62,148,136,17,102,122,40,142,38,16,103,124,111,20,134,141,145,133,4,13,82,67,143,100,76,14,96,15,144,55,37,110,129,93,146,50,25,109,68,26,97,125,48,127,36,8,7,22,59,32,104,98,35,21,149,60,87,5,105,81,119,44,115,58,0,39,24,71,138,19,12,78,54,31,123,94,1,117,3,114,80,91,10,51,52,72,89,130,116,128,27,41,65,23,101,85,61
88,11,46,70,131,113,83,140,66,105,23,42,116,119,6,143,2,73,68,57,60,71,48,90,137,45,108,118,53,107,50,147,28,49,121,112,139,34,101,30,120,79,69,84,56,86,132,126,29,106,77,63,99,62,148,136,17,134,122,40,142,64,16,103,124,95,20,33,141,145,133,4,13,59,67,111,100,76,14,96,15,144,55,37,110,129,93,146,47,25,109,39,26,97,125,75,127,36,8,7,22,5,74,104,135,35,21,65,102,32,87,24,81,38,44,115,58,0,43,82,18,138,19,12,78,54,31,123,94,1,117,3,114,80,91,9,51,52,72,89,130,10,128,27,41,98,149,92,85,61
143,11,63,70,131,113,130,140,66,76,23,42,26,119,86,111,2,73,68,57,60,71,48,18,137,45,108,118,88,107,50,147,28,49,121,29,139,105,15,30,120,79,69,40,56,84,132,126,90,106,77,98,99,62,148,136,17,97,127,67,142,64,16,103,124,95,20,33,141,145,133,4,13,59,52,112,100,122,91,46,83,144,55,37,110,0,34,146,47,25,109,39,51,1,125,75,6,36,8,7,22,5,74,104,135,35,21,65,102,32,87,24,81,38,44,115,58,134,43,82,93,138,19,12,78,54,31,123,94,14,117,3,114,80,116,9,129,96,72,89,53,10,128,27,41,101,149,92,85,61
143,11,63,70,101,113,130,140,18,76,23,42,26,119,4,111,2,73,98,57,60,122,48,89,137,45,108,118,97,93,117,92,28,49,71,29,139,105,15,30,120,86,69,40,56,84,132,126,90,19,77,20,99,62,148,136,17,50,127,67,142,64,16,103,124,95,104,33,141,145,133,78,131,59,52,112,100,149,91,46,83,144,55,37,110,0,34,88,68,25,109,39,51,1,106,75,6,36,8,7,22,5,74,13,135,35,21,65,81,79,87,24,66,38,44,147,58,134,43,82,116,138,114,12,125,54,31,123,94,14,121,3,102,80,47,9,129,96,32,107,53,10,128,27,41,146,72,115,85,61
143,11,43,77,101,113,130,140,18,128,23,106,26,119,4,111,2,73,98,148,60,122,48,89,137,45,108,118,97,129,93,92,25,49,71,64,139,105,15,30,120,86,17,40,56,84,132,3,90,135,82,20,65,62,85,136,69,50,127,67,142,68,16,103,124,95,28,33,141,70,133,78,131,59,52,112,100,54,91,46,83,144,55,37,110,0,34,19,126,107,109,39,51,1,149,75,6,36,8,7,22,5,74,13,88,35,21,117,81,79,87,24,76,42,44,147,58,134,63,29,116,138,38,12,125,57,31,123,94,14,121,114,102,80,47,9,66,96,32,99,53,10,115,27,41,146,72,145,104,61
143,11,124,77,101,113,2,140,18,103,107,38,26,119,100,111,131,73,98,109,60,122,48,22,89,45,50,118,8,129,93,92,25,49,71,64,139,105,15,30,0,81,17,40,56,84,132,3,90,135,82,20,65,62,85,136,69,68,127,67,142,87,16,148,76,95,28,33,141,70,133,78,6,59,52,112,43,130,106,46,83,144,55,37,110,137,34,19,126,138,108,39,51,1,149,75,66,36,120,7,99,5,74,13,88,35,21,145,23,79,86,24,117,42,44,147,58,134,63,29,116,91,97,12,125,57,31,123,94,14,121,114,102,54,47,9,128,96,32,4,53,10,115,27,41,146,72,80,104,61
143,11,124,77,101,113,121,140,18,103,107,138,89,119,100,111,131,73,93,38,60,108,48,22,116,45,50,118,8,129,10,92,25,49,71,64,139,105,15,40,0,109,17,104,59,84,132,3,90,135,82,70,65,62,78,81,69,68,127,67,142,87,16,148,76,95,28,33,39,72,133,32,6,57,52,112,43,130,106,46,20,144,141,37,110,137,34,19,126,55,122,56,51,1,149,75,66,36,120,7,99,115,74,26,88,35,21,145,23,79,86,24,117,42,44,147,58,134,63,85,29,13,97,12,125,128,31,123,94,14,136,114,30,54,47,9,2,96,98,4,53,102,91,27,41,146,83,80,5,61
102,11,124,77,101,40,121,80,18,103,107,76,89,148,100,111,131,73,93,38,60,108,113,119,116,45,50,36,8,129,66,92,25,49,71,64,139,105,1,48,0,109,17,104,10,84,132,3,90,135,82,70,30,62,31,65,69,68,127,67,142,87,16,144,55,95,28,33,39,72,78,74,6,57,52,112,43,130,106,46,20,149,141,37,110,137,34,126,133,59,122,56,51,115,32,75,15,140,120,7,29,19,81,26,88,35,21,145,23,79,86,24,117,42,44,147,58,134,63,85,118,13,97,12,125,128,96,123,94,14,136,114,99,54,47,9,2,143,98,61,53,138,91,27,41,146,83,4,5,22
78,11,16,77,101,40,45,80,18,143,129,76,89,148,69,25,111,114,139,13,60,108,113,117,116,131,50,36,8,51,66,92,20,49,71,64,135,88,1,48,0,109,17,104,10,84,132,3,90,133,82,70,30,62,31,65,137,68,127,67,142,87,105,144,55,95,28,33,39,72,100,74,6,57,121,112,43,130,106,46,107,93,141,37,26,149,34,73,126,59,122,119,110,115,32,75,15,83,120,7,29,19,81,52,56,35,21,145,23,79,86,24,38,42,44,147,58,134,63,85,118,124,97,12,125,128,96,123,94,14,136,140,99,54,47,9,2,102,98,61,53,138,91,27,41,146,103,4,5,22
120,95,16,47,18,0,45,80,11,103,129,76,65,148,59,25,111,114,139,13,77,108,113,117,116,131,50,36,8,51,71,92,104,49,19,64,135,88,1,48,89,109,17,123,10,84,132,3,90,78,82,70,30,62,31,40,137,68,127,67,142,87,119,144,55,26,28,33,39,72,100,14,6,20,121,112,43,130,106,52,107,93,141,37,60,149,34,73,126,57,122,35,110,115,32,69,15,83,75,7,29,79,81,143,56,105,21,145,23,74,86,24,38,42,44,147,58,134,63,85,118,124,97,66,125,128,96,133,94,101,136,140,99,46,12,9,2,102,98,54,53,138,91,27,41,146,61,4,5,22
56,95,71,47,18,0,45,120,11,103,129,76,65,148,118,25,111,80,2,13,77,108,113,145,116,131,50,36,8,51,43,92,104,49,19,64,135,88,1,52,67,109,17,123,10,83,132,3,90,78,82,14,30,62,31,40,137,68,110,89,142,87,119,144,55,26,121,33,39,72,100,99,6,20,84,112,114,130,106,133,35,97,141,37,60,149,34,73,126,57,122,96,127,115,32,69,15,85,75,7,93,79,81,143,48,105,21,16,23,74,86,24,38,42,44,147,58,134,63,59,140,124,70,66,125,128,139,117,94,146,136,29,28,46,12,9,101,102,98,54,107,138,91,27,41,53,61,4,5,22
61,9,71,47,18,0,45,120,11,103,129,20,111,148,113,25,86,62,2,13,77,108,95,145,116,131,50,36,8,51,43,92,124,49,19,64,135,88,1,52,127,109,17,123,10,79,132,3,90,78,82,14,30,54,56,41,137,68,110,89,142,87,119,144,55,26,31,33,39,72,100,99,6,48,84,112,114,130,106,53,35,97,141,37,60,149,34,73,126,118,27,83,81,115,32,69,15,85,75,7,93,67,65,96,80,105,21,16,23,74,134,24,133,42,44,147,58,139,63,76,121,140,70,66,125,128,104,117,94,146,136,29,28,46,12,122,101,102,98,57,107,138,91,40,59,38,143,4,5,22
61,9,71,47,18,0,45,120,11,118,129,20,111,148,113,25,51,62,2,13,123,108,95,87,116,131,50,36,8,24,106,92,124,49,26,64,102,88,1,52,127,109,17,72,22,79,132,3,35,145,82,14,30,54,56,41,7,68,110,89,142,86,119,144,55,63,31,33,39,78,100,99,6,21,67,112,114,130,90,53,117,97,43,37,60,81,34,73,126,135,27,83,16,10,32,69,15,85,75,66,93,147,65,96,80,105,74,141,23,103,134,84,133,42,44,57,58,139,149,76,121,140,70,77,125,128,104,115,94,146,136,29,28,46,12,122,101,137,98,48,107,138,91,40,59,38,143,4,5,19
61,9,71,47,18,26,45,120,11,118,129,108,111,148,95,25,51,62,119,13,123,17,133,87,116,131,50,36,8,24,106,92,53,124,32,115,102,88,1,52,127,109,49,72,22,98,132,3,35,145,82,14,30,54,56,41,7,68,110,89,142,86,134,144,55,63,31,33,39,78,100,99,6,21,67,112,114,107,90,79,117,97,43,37,60,81,93,73,126,135,27,83,74,4,0,69,15,85,75,66,143,147,65,96,29,105,38,141,23,103,20,84,77,42,44,40,64,139,149,76,121,140,34,122,80,128,104,70,94,146,136,2,28,46,12,58,101,137,57,48,10,138,91,16,59,125,130,113,5,19
77,9,71,91,18,26,45,79,11,118,129,108,111,148,95,39,51,62,119,13,123,17,133,87,116,131,50,36,8,24,106,92,53,2,32,47,115,88,1,52,42,67,49,25,22,145,132,127,35,5,82,14,30,54,56,37,81,68,110,107,142,86,134,144,55,63,109,33,124,78,100,99,6,21,3,112,114,72,90,44,117,97,43,93,60,83,120,73,126,135,27,58,74,4,0,130,15,85,75,66,143,147,65,96,29,105,38,141,23,103,20,84,101,61,41,40,64,139,149,76,121,140,34,122,89,98,104,70,94,146,136,31,28,46,102,80,128,137,57,48,10,138,7,16,59,125,69,113,12,19
77,9,141,91,75,26,45,89,11,118,85,108,111,148,95,39,51,62,87,13,123,17,133,5,116,131,50,36,8,24,106,92,53,2,32,28,115,88,1,79,42,109,49,25,22,145,132,40,37,57,20,14,30,54,56,23,67,68,110,84,142,86,134,144,55,119,137,33,18,52,100,99,6,21,3,112,114,107,90,44,82,97,43,93,60,83,120,73,126,81,27,58,74,4,0,130,124,15,113,66,143,147,65,96,29,105,38,63,35,103,98,117,101,61,41,129,64,139,149,76,121,140,34,122,47,78,104,70,94,146,136,31,72,71,102,80,128,127,135,48,10,138,7,16,59,125,69,46,12,19
77,9,141,127,75,26,45,89,11,40,85,108,68,148,95,39,51,62,87,13,123,17,133,5,78,131,93,36,8,24,106,92,70,2,50,28,115,88,1,79,42,109,49,25,22,145,63,69,37,57,20,14,3,54,56,23,67,104,110,132,142,41,111,144,55,119,137,33,18,86,100,91,6,21,112,12,114,107,90,44,82,97,149,116,60,83,27,73,64,81,96,58,74,4,0,130,32,15,113,66,143,147,65,134,29,105,38,99,35,103,98,117,101,61,129,136,126,139,53,76,84,140,34,122,47,52,43,118,94,146,30,31,72,71,102,80,128,121,135,48,10,138,7,16,59,125,120,46,124,19
77,9,141,127,75,26,143,89,50,40,37,108,68,148,95,70,51,62,87,39,123,17,133,5,142,131,93,36,8,24,84,92,137,99,48,22,115,88,1,79,42,109,49,25,140,76,63,69,134,57,20,14,3,54,56,23,67,104,110,132,18,41,111,144,55,90,118,33,28,86,100,91,6,2,82,12,114,107,78,44,145,97,149,116,60,83,27,73,64,81,96,58,74,4,0,130,32,15,113,66,46,80,65,94,29,105,21,112,35,103,106,117,101,61,129,136,126,139,147,38,13,121,34,122,47,52,43,98,45,146,30,31,72,71,102,85,128,119,135,11,10,138,7,16,59,125,120,53,124,19
124,41,141,127,75,26,143,89,50,98,37,82,68,148,95,70,51,62,87,39,103,17,9,5,142,131,116,36,8,24,84,92,137,93,48,22,132,88,1,79,133,109,49,25,140,40,55,38,134,57,20,14,3,47,56,77,67,104,110,76,85,100,111,128,99,90,118,33,28,86,108,91,6,2,54,12,114,107,78,44,145,97,149,106,60,83,27,73,64,81,96,18,74,4,0,130,32,15,113,66,46,80,146,58,29,105,21,112,35,69,144,117,61,115,129,136,126,139,147,94,13,121,34,122,65,52,43,42,45,63,30,31,72,71,102,101,123,119,135,11,10,138,7,16,59,125,120,23,53,19
2,98,141,127,75,26,143,89,50,53,37,82,68,9,95,73,51,62,87,39,103,17,129,5,142,131,148,36,8,24,84,93,137,101,48,22,132,3,1,38,133,109,49,25,140,40,59,41,134,57,20,65,45,47,56,77,67,104,110,34,85,100,111,128,55,90,118,33,28,86,108,91,6,99,42,64,114,107,78,44,145,97,149,106,60,120,27,88,92,81,96,18,74,4,70,0,32,15,113,66,46,80,146,58,29,105,21,112,35,116,144,117,61,115,125,136,126,139,147,94,13,121,79,122,69,52,43,12,124,63,30,31,72,71,102,11,123,119,135,138,10,130,7,16,83,54,76,23,14,19
112,98,141,127,75,63,137,89,50,53,37,82,68,9,95,73,51,62,87,39,103,17,14,5,142,59,148,139,8,24,84,93,130,101,48,22,132,3,1,38,133,147,49,25,105,40,13,131,134,33,20,65,45,47,78,77,67,104,110,34,2,100,111,146,55,90,118,140,28,86,108,91,6,99,11,64,129,107,57,44,145,85,149,106,60,120,27,88,92,42,96,18,74,4,32,0,41,15,21,66,46,80,23,58,29,113,16,36,35,116,144,117,61,115,125,136,126,102,81,94,114,121,79,122,69,52,43,12,124,143,30,31,72,71,97,70,123,119,135,138,10,128,7,109,83,54,76,26,56,19
112,98,78,127,75,63,101,89,50,74,58,82,68,9,95,73,51,141,71,48,35,103,14,5,142,59,148,139,8,11,4,93,130,102,24,22,132,3,1,38,133,147,49,25,72,40,13,131,134,39,20,65,45,140,23,121,67,115,110,34,2,100,111,146,55,90,118,62,28,29,108,91,6,99,86,64,129,107,57,44,145,85,149,106,60,120,27,88,92,42,96,18,105,136,32,0,41,15,21,47,46,80,56,94,137,113,16,36,37,116,144,117,61,66,125,104,126,97,81,17,114,77,79,122,69,52,43,12,124,143,30,31,53,84,33,70,123,119,135,138,10,128,7,109,83,54,76,26,87,19
112,98,49,127,75,63,129,89,50,74,58,142,68,9,95,73,51,141,71,15,48,103,92,5,128,78,148,139,8,11,4,93,130,102,24,59,132,137,1,77,133,147,35,25,44,40,13,149,134,39,20,65,45,140,23,121,26,7,109,61,2,100,111,146,55,90,118,62,28,29,108,91,6,99,86,64,101,107,57,135,145,85,94,106,60,120,27,88,83,3,96,18,105,136,32,0,41,115,21,47,46,80,56,67,72,113,16,36,22,116,144,117,37,66,125,104,131,97,81,17,114,38,79,122,69,52,43,12,124,143,30,31,53,84,33,70,14,119,123,138,10,82,87,34,42,54,76,110,126,19
112,15,49,127,75,63,129,89,50,140,58,142,68,87,95,73,51,141,71,104,84,41,92,52,128,78,148,139,8,11,4,93,5,102,24,59,132,137,1,55,133,147,101,25,44,40,13,149,134,39,20,65,45,46,23,121,70,7,26,61,2,125,111,146,33,90,118,77,28,29,108,91,6,99,86,64,109,107,57,135,145,85,94,100,60,120,27,88,83,18,138,9,106,62,32,0,98,115,21,47,72,80,56,67,123,113,16,36,22,116,144,30,37,66,105,48,131,97,81,17,114,38,79,122,69,130,43,12,124,143,136,31,53,3,10,117,14,119,96,103,74,82,35,34,42,54,76,110,126,19
74,15,49,127,75,63,129,118,50,46,58,142,122,87,95,48,51,8,71,104,84,41,92,123,128,52,148,139,81,11,121,93,5,102,73,59,132,137,1,55,133,147,101,25,44,40,13,149,134,39,6,65,45,89,23,14,136,7,26,61,2,125,111,146,33,90,140,77,24,29,108,60,91,99,141,64,109,86,57,135,145,85,94,100,4,12,27,88,83,18,138,9,106,62,32,0,98,115,21,47,72,80,56,38,78,113,107,36,22,116,144,30,37,66,105,130,131,97,70,17,114,68,79,19,69,16,43,20,124,143,42,31,53,3,10,117,28,119,112,103,67,82,35,34,96,54,76,110,126,120
74,15,72,117,39,63,129,118,121,46,58,142,122,87,95,48,51,8,71,104,84,41,96,123,128,52,148,139,81,11,114,93,5,102,73,59,132,49,1,55,133,147,101,25,44,40,13,149,134,80,92,65,45,127,23,14,94,7,26,61,2,125,111,136,33,50,140,77,24,29,108,60,91,119,138,64,109,86,57,135,66,85,141,100,4,37,27,88,83,18,12,113,106,115,32,0,98,145,53,47,16,137,56,38,78,22,107,36,9,116,90,30,99,62,105,130,131,97,70,17,43,68,79,19,69,146,75,20,124,143,42,31,144,3,10,21,28,89,6,103,67,82,35,34,112,54,76,110,126,120
74,103,72,117,39,63,121,60,78,92,58,142,122,87,95,48,51,8,71,104,84,55,96,143,128,52,77,139,81,11,114,93,5,102,73,59,132,129,68,2,133,9,101,136,44,40,13,149,134,80,1,65,45,127,23,14,94,50,57,61,147,125,111,91,25,7,140,24,138,29,108,105,118,119,148,64,97,86,4,135,66,85,141,100,26,37,27,88,83,18,12,113,106,115,32,0,98,145,53,47,16,137,56,38,49,22,107,36,21,116,90,30,99,62,19,130,131,33,70,17,43,144,79,41,69,146,75,20,124,15,42,31,46,3,10,123,28,89,6,109,67,82,35,34,112,54,76,110,126,120
74,19,133,117,39,63,121,8,78,92,58,142,71,137,95,48,51,20,88,104,84,80,96,143,128,52,77,139,81,146,114,93,5,102,73,59,132,24,68,2,28,9,101,122,44,40,91,149,34,124,1,65,45,127,23,14,134,138,57,61,147,125,13,129,25,7,140,87,97,29,108,105,118,55,148,64,11,86,4,135,66,85,141,100,26,47,27,136,83,18,12,113,106,115,32,0,98,145,53,41,16,72,56,120,49,22,107,36,21,116,90,30,99,103,37,130,131,33,70,17,43,144,50,111,69,94,75,60,119,15,42,31,46,3,10,123,79,89,6,109,67,82,35,62,112,54,76,110,126,38
74,19,4,117,39,63,115,8,78,92,58,142,139,137,95,125,51,20,88,104,84,80,96,143,128,52,77,132,81,111,141,93,5,129,73,59,3,24,119,2,28,9,101,122,146,40,91,149,34,124,1,65,45,127,46,14,68,114,57,61,147,75,13,44,138,7,140,87,97,29,94,105,118,55,25,15,134,86,71,135,66,85,18,100,26,47,48,136,83,64,12,113,106,23,32,0,98,145,53,16,133,72,56,41,49,22,107,36,121,116,90,30,99,103,37,130,131,33,70,17,21,144,50,148,69,108,11,60,43,102,42,31,27,120,10,123,79,89,6,109,67,82,35,62,112,54,76,110,126,38
74,19,4,117,39,73,115,8,78,27,58,142,10,137,95,125,51,20,88,104,84,90,23,143,128,52,77,132,3,111,141,93,5,129,54,59,76,100,119,2,28,9,101,122,146,40,94,92,64,124,1,65,45,127,46,34,68,114,57,61,147,75,13,44,138,96,140,87,97,29,85,105,118,55,25,15,134,86,71,135,91,89,18,148,110,47,48,136,83,130,12,113,106,43,7,0,98,145,53,16,133,72,56,41,49,22,107,36,121,116,24,30,63,103,37,81,131,33,149,17,21,144,50,109,69,102,11,60,38,26,42,31,80,120,70,123,79,66,6,32,67,82,35,62,112,139,99,108,126,14
74,139,120,117,39,83,115,8,78,27,85,142,10,137,95,125,51,20,126,100,84,65,23,143,128,52,77,132,3,111,141,93,5,129,54,59,104,18,119,140,28,55,101,122,146,40,9,92,64,124,1,44,45,127,46,34,68,114,57,61,147,75,13,98,138,88,48,36,97,29,58,105,118,145,25,11,134,86,71,135,91,89,96,148,110,47,2,136,50,130,12,113,106,43,87,0,112,19,53,16,133,73,56,41,49,22,107,7,63,116,24,30,90,103,37,81,131,33,149,17,21,144,109,94,69,102,108,60,38,26,42,31,80,15,70,123,79,66,6,32,67,82,35,62,4,72,99,121,76,14
74,139,116,117,39,83,115,8,78,27,85,142,10,137,95,129,51,20,126,26,84,65,23,143,128,52,77,120,3,111,141,75,5,42,54,59,104,18,119,140,28,55,72,122,146,40,9,92,64,124,50,44,45,127,46,34,93,114,57,30,147,29,13,98,138,88,7,36,97,134,58,105,118,145,25,11,62,86,71,135,91,89,96,101,110,68,2,136,125,130,12,113,132,148,87,0,112,100,6,16,133,53,15,41,49,22,107,21,63,47,24,61,90,103,37,81,131,1,73,17,99,144,109,106,69,102,108,60,38,94,19,31,80,48,33,123,79,66,43,32,67,82,35,70,4,149,56,121,76,14
74,135,116,117,78,83,11,8,49,27,85,142,10,46,95,13,51,34,126,26,84,65,23,39,128,52,77,120,3,111,141,137,5,104,54,59,109,18,119,140,28,55,72,122,146,40,9,101,64,124,50,44,45,127,130,75,93,114,57,30,147,29,145,98,138,88,7,36,97,134,131,105,35,87,25,129,62,86,71,63,91,89,96,67,110,68,2,136,125,133,12,113,132,148,60,0,112,100,6,56,24,53,15,58,107,22,79,21,139,47,42,61,90,103,37,81,115,1,73,17,118,144,92,106,69,102,108,143,38,94,19,31,80,48,33,123,41,66,43,32,99,82,20,70,4,149,16,121,76,14
26,135,116,117,136,83,8,89,143,27,85,142,10,29,95,13,51,34,99,42,84,65,23,78,128,52,77,120,3,111,141,137,5,49,131,59,16,18,119,140,28,94,72,122,124,40,97,101,64,90,50,44,45,127,130,75,93,114,57,146,147,126,145,98,138,88,7,36,60,134,108,105,41,87,25,129,62,109,71,63,91,32,96,35,110,68,2,67,125,133,12,113,132,148,11,0,112,100,6,56,24,53,15,58,107,22,79,21,54,47,74,61,9,103,37,81,115,1,73,17,39,144,92,106,69,102,104,55,38,139,19,31,80,48,33,123,46,66,43,149,30,82,20,70,4,118,86,121,76,14
26,135,116,117,136,83,8,11,143,27,85,142,10,29,95,4,3,34,99,42,84,65,23,78,128,52,77,67,25,111,141,137,5,49,131,59,16,18,30,140,28,63,72,119,103,40,97,101,64,90,50,44,45,127,130,33,93,114,57,146,13,126,145,98,138,88,7,71,60,134,89,105,41,87,108,129,62,110,91,17,92,51,54,35,73,68,124,46,125,133,9,113,132,147,12,0,112,100,6,56,24,53,15,58,107,22,79,21,120,47,74,75,61,94,37,81,115,1,2,118,39,144,96,106,69,102,104,55,38,139,19,31,80,48,148,123,32,66,43,149,109,82,20,70,122,36,86,121,76,14
26,20,147,39,136,140,8,11,143,27,54,142,10,29,95,4,3,34,99,42,84,65,2,78,128,52,57,67,25,111,141,137,5,49,131,59,16,18,30,115,116,63,72,119,103,108,77,101,64,90,50,44,45,127,130,24,23,114,46,146,13,126,145,85,138,88,7,74,60,134,89,105,41,87,135,129,62,110,91,17,28,51,40,35,73,68,124,71,125,133,9,113,132,86,12,79,112,100,6,56,14,120,15,58,107,38,98,21,93,47,22,75,61,94,37,81,33,1,80,118,83,144,96,106,69,102,104,55,36,139,19,0,117,48,148,123,32,66,43,149,109,82,97,70,122,53,31,121,76,92
26,20,147,96,136,140,139,39,143,27,146,142,10,24,95,4,3,34,71,42,84,65,2,22,128,77,57,67,25,111,141,137,5,49,131,59,99,18,30,115,11,63,72,32,93,108,56,106,64,90,50,44,45,127,130,105,23,114,46,78,13,129,116,85,138,88,7,74,60,134,89,119,41,87,112,58,62,110,91,17,76,51,40,35,73,68,107,66,125,133,9,113,132,86,12,79,101,100,6,98,14,120,15,16,52,38,103,21,8,47,54,75,61,94,37,81,33,1,80,118,83,144,126,29,69,102,104,55,36,124,19,0,117,48,148,123,135,28,43,149,109,82,97,70,145,53,31,121,122,92
26,20,147,96,136,140,139,39,34,27,146,142,10,24,95,4,3,132,71,87,84,113,2,22,128,77,57,124,97,111,141,129,65,122,131,59,99,15,30,115,11,75,74,32,93,5,56,106,42,90,50,44,45,127,130,105,23,114,46,78,13,64,81,85,138,88,7,89,60,134,18,119,41,137,112,58,62,110,91,17,76,51,40,35,73,68,107,66,116,49,9,37,0,47,12,79,101,100,6,98,14,120,135,16,52,38,103,21,125,143,54,36,61,94,8,25,33,102,80,118,83,144,126,29,69,72,104,55,108,1,19,67,117,48,148,123,63,28,43,149,109,82,86,70,145,53,31,121,133,92
26,20,147,96,136,16,139,87,34,27,146,142,10,24,95,4,3,132,30,41,84,113,2,76,128,77,57,28,88,39,141,129,25,122,131,52,99,15,59,115,11,75,74,32,93,82,42,106,116,90,50,124,140,127,56,105,23,114,46,78,13,64,101,85,138,111,7,89,60,134,18,94,65,137,112,58,62,110,91,17,19,51,40,35,73,68,107,66,44,49,9,37,0,81,12,79,130,100,6,22,14,120,5,135,45,38,103,21,125,143,54,36,61,148,8,47,119,102,80,118,83,144,126,29,69,72,104,55,108,1,71,67,117,48,98,123,109,97,43,149,33,63,86,70,145,53,31,121,133,92
26,20,147,149,124,16,139,87,104,52,146,3,10,92,95,4,67,132,96,41,84,113,2,76,128,77,57,42,28,39,141,88,25,136,100,11,99,15,59,18,148,75,74,32,93,82,131,106,116,90,50,101,140,127,98,105,23,114,46,78,44,64,142,85,138,111,34,89,24,134,30,94,65,137,112,58,62,110,91,17,19,51,40,122,73,68,107,66,56,49,9,37,0,81,12,48,130,83,6,22,14,120,5,135,45,60,103,7,125,143,54,36,61,38,8,47,119,102,80,118,129,144,126,29,69,72,79,55,108,1,71,35,117,27,13,123,109,97,43,21,33,63,86,70,145,53,31,121,133,115
13,20,147,149,25,16,139,32,104,52,146,3,10,92,61,76,67,132,96,41,84,113,4,85,128,46,57,42,28,39,141,88,130,136,74,11,99,15,59,18,81,75,69,107,93,82,131,134,116,148,50,101,100,127,98,105,26,106,40,78,44,64,142,145,138,111,34,89,24,114,23,94,65,137,112,58,62,110,91,17,19,51,95,124,73,68,60,66,56,49,9,37,0,102,12,48,87,83,6,22,14,120,5,135,45,140,103,109,125,143,54,36,7,38,33,47,119,30,80,118,129,144,126,29,8,72,79,55,108,1,71,35,117,27,122,123,90,2,43,21,77,63,86,70,97,53,31,121,133,115
129,15,73,149,25,16,148,32,13,87,146,3,10,92,61,76,30,132,96,86,84,113,91,4,128,46,57,42,28,39,141,88,130,80,74,11,99,69,116,18,81,75,52,41,93,82,131,134,70,66,50,101,100,127,98,105,0,106,40,78,44,64,142,145,138,107,34,89,24,114,23,94,65,111,112,58,72,110,120,17,19,51,95,124,26,7,60,137,56,49,9,37,20,102,12,48,36,83,6,67,14,59,5,135,45,140,103,109,125,143,54,85,104,38,33,47,119,68,147,118,115,144,126,29,8,136,79,55,108,1,71,35,117,27,122,123,90,2,43,21,77,63,62,22,97,53,31,121,133,139
129,15,73,149,25,16,148,32,13,87,146,3,10,92,61,76,30,132,17,86,84,113,79,4,128,81,57,42,28,39,141,88,130,2,74,11,99,69,116,18,19,75,104,63,93,82,131,134,70,66,50,101,100,127,98,122,5,106,46,78,44,41,142,52,138,107,34,96,24,136,23,94,65,111,112,58,137,55,120,38,114,51,95,124,59,7,60,110,56,49,9,37,31,102,12,48,36,83,6,67,14,68,115,126,45,140,103,109,125,143,26,85,54,135,33,47,119,80,147,118,0,144,40,29,8,1,72,105,108,89,71,35,117,27,20,123,90,64,43,21,77,145,62,22,97,53,91,121,133,139
129,136,76,149,25,16,148,32,13,87,146,126,10,23,27,77,30,61,17,86,84,113,79,4,109,81,57,7,28,39,141,88,130,2,74,11,99,56,116,92,19,15,104,63,35,82,91,41,70,66,50,3,100,21,98,122,5,128,46,78,44,42,142,52,138,107,34,96,124,22,117,94,65,111,112,58,137,85,120,38,114,51,95,134,59,93,60,110,24,49,9,37,31,102,12,48,36,83,6,67,14,68,115,69,45,140,103,75,125,143,26,18,54,135,33,47,119,80,147,118,0,144,40,131,8,1,72,105,108,89,71,127,101,106,20,123,90,64,43,132,53,145,62,29,97,73,55,121,133,139
129,136,76,149,25,16,148,23,13,66,146,126,10,62,27,77,30,61,17,86,84,113,79,4,109,81,57,7,32,39,141,88,130,28,74,11,99,60,116,92,56,118,2,63,35,82,91,41,70,128,50,3,100,21,98,26,102,59,46,123,120,147,142,52,68,107,34,96,124,22,117,94,65,122,112,125,137,85,132,38,114,51,95,134,49,93,0,110,24,58,9,37,31,87,12,48,42,83,6,67,14,19,115,78,45,140,103,75,44,143,73,18,54,135,111,47,119,80,5,104,36,144,40,131,8,1,72,105,108,89,71,127,101,106,20,69,90,64,43,138,53,33,15,29,97,145,55,121,133,139
96,147,35,149,137,16,104,23,13,19,146,126,10,62,27,77,30,61,17,75,84,113,7,4,109,81,57,54,9,39,141,88,130,28,74,11,99,60,116,92,127,118,2,63,42,82,145,41,70,8,50,144,100,21,98,26,102,59,46,123,120,56,142,91,68,107,34,3,124,22,117,94,65,122,112,125,25,85,132,38,114,51,95,128,49,93,0,110,24,58,73,37,86,87,79,48,138,83,6,67,14,129,115,78,45,140,103,90,44,143,72,18,47,135,111,55,119,80,5,134,36,12,40,131,32,1,52,105,108,89,71,31,101,106,20,69,136,64,43,148,53,33,15,29,97,76,66,121,133,139
96,27,105,149,137,42,104,23,60,19,103,58,10,47,102,77,30,61,17,75,84,113,7,132,109,81,57,35,9,39,141,52,130,28,74,11,99,54,116,92,127,118,2,63,34,82,145,41,88,8,50,144,100,21,98,26,80,59,46,123,120,56,142,91,68,107,40,138,124,22,117,94,65,122,112,125,25,85,90,38,114,51,95,128,49,62,0,110,24,4,66,37,86,87,3,48,79,83,6,13,14,129,115,78,45,140,70,67,44,93,72,18,20,135,111,76,119,5,143,134,36,12,146,131,32,1,126,73,108,89,71,31,101,106,55,69,136,64,16,148,53,33,15,29,97,147,43,121,133,139
62,27,105,149,137,42,103,37,60,58,59,120,10,47,102,77,30,61,17,75,84,113,7,132,109,81,57,35,9,39,106,52,130,28,74,11,99,119,116,92,127,118,2,63,34,82,145,41,88,8,73,144,100,54,98,104,80,87,46,123,23,56,142,91,68,55,107,129,124,22,117,94,65,21,112,125,25,85,90,38,114,51,95,128,79,96,0,110,24,76,66,89,86,40,72,48,19,83,6,13,14,50,115,78,45,140,70,67,44,93,133,18,20,135,111,126,36,5,143,134,147,12,146,131,32,1,71,141,108,138,26,31,101,4,3,69,136,64,16,148,53,33,15,122,97,49,43,121,29,139
62,60,105,109,127,42,103,37,73,58,55,120,10,47,102,77,59,61,17,75,36,113,7,132,19,93,57,35,9,39,106,52,130,28,74,11,99,119,116,92,81,118,2,63,34,82,145,41,88,8,45,144,100,22,98,104,80,87,46,90,54,56,142,91,68,137,15,129,6,32,117,94,65,21,13,125,25,85,123,38,124,72,95,23,79,96,0,110,24,76,66,89,86,40,51,143,27,83,48,112,14,50,115,78,70,140,101,67,44,128,133,18,20,135,111,126,149,5,30,134,147,12,1,131,107,146,71,141,108,138,26,31,84,4,3,69,136,64,16,148,53,33,114,122,97,49,43,121,29,139
62,60,105,109,67,96,103,37,73,58,55,120,10,47,102,77,59,61,17,75,36,113,7,132,19,93,57,35,9,39,48,52,22,28,74,11,18,33,42,92,130,118,2,85,133,82,81,41,88,8,45,144,100,71,98,127,80,87,46,90,54,56,142,91,68,137,15,129,6,32,121,94,65,21,13,125,25,123,30,38,124,72,95,23,79,84,0,1,24,76,66,89,86,40,51,143,27,20,29,112,14,50,115,78,70,140,101,110,139,128,145,44,99,135,111,117,149,5,4,134,147,12,116,131,107,146,148,141,108,138,26,31,63,49,3,69,136,64,16,104,53,43,114,122,97,83,126,106,119,34
62,60,38,18,105,95,103,37,14,58,138,80,10,139,102,77,59,61,17,75,36,113,7,55,19,84,57,35,9,39,130,89,22,28,74,48,52,132,42,92,13,118,2,85,133,82,81,41,109,8,93,144,100,71,101,67,47,87,46,90,54,56,142,91,68,33,15,124,6,32,121,94,65,21,143,125,25,123,30,45,129,72,66,23,79,98,0,1,24,76,137,96,86,40,51,108,27,20,29,112,127,50,115,78,70,140,11,110,73,128,145,44,99,135,111,117,149,5,4,134,147,12,107,131,88,146,148,141,116,120,26,31,63,49,3,69,136,64,16,104,53,43,114,122,97,83,126,106,119,34
62,60,38,95,105,47,103,57,14,58,138,33,39,139,102,77,59,61,17,75,69,93,7,55,19,84,18,35,9,71,130,89,21,28,30,48,52,132,125,92,131,118,2,85,133,10,80,41,109,13,113,144,20,142,101,67,36,87,46,22,54,56,11,91,68,82,15,124,6,32,121,94,65,42,143,90,25,123,53,45,129,72,66,23,79,115,0,1,24,76,137,96,86,40,51,108,74,100,29,112,127,50,70,78,119,98,140,110,73,128,145,81,99,135,111,117,149,5,4,134,147,12,107,44,88,146,148,141,116,120,26,31,63,49,3,27,136,64,16,104,37,43,114,122,97,83,126,106,8,34
62,125,38,95,42,47,103,37,147,58,138,33,39,14,102,77,130,61,17,0,69,93,7,55,19,84,18,35,9,105,122,89,21,28,30,48,52,132,101,92,131,118,2,106,133,59,80,123,109,13,113,144,20,91,46,67,36,87,135,22,54,56,10,57,60,82,15,124,6,32,121,94,65,90,143,71,25,68,53,45,117,49,66,88,79,115,23,1,24,76,137,96,86,40,51,108,74,100,31,112,127,50,70,78,119,98,140,110,73,128,145,81,99,75,111,120,149,5,4,134,29,12,107,44,41,146,148,141,116,142,26,34,63,85,3,27,136,64,16,104,11,43,114,139,97,83,126,72,8,129
62,46,38,95,42,8,103,37,123,58,138,33,39,14,102,85,77,44,3,0,69,93,7,55,19,84,18,35,68,105,122,9,109,28,30,48,52,132,142,92,131,118,2,111,101,59,80,17,49,13,113,144,29,91,21,67,106,87,135,22,54,56,10,61,60,82,15,124,145,32,121,94,65,90,143,71,116,133,53,45,117,89,66,88,79,4,23,1,25,76,57,96,86,40,51,108,74,100,31,112,127,50,70,78,119,98,140,110,73,128,125,81,99,75,26,120,149,5,115,134,24,130,107,12,41,146,148,141,137,6,47,34,63,36,147,27,136,64,16,104,11,43,114,139,97,83,126,72,20,129
136,46,38,95,42,8,120,37,79,58,49,33,39,14,102,52,77,44,114,0,89,93,7,55,19,84,18,35,25,105,122,9,109,28,30,48,143,121,142,92,131,118,103,111,36,59,80,17,85,13,113,144,29,91,21,67,106,87,135,22,54,56,10,73,60,107,15,124,145,32,94,110,65,90,26,71,62,133,53,45,117,138,66,88,132,4,23,1,2,76,57,96,86,123,51,108,74,100,31,112,127,50,70,78,3,98,119,83,116,128,125,81,69,75,101,68,149,5,115,134,24,130,140,12,41,146,148,141,61,6,47,34,63,126,147,27,40,64,16,137,11,43,82,139,97,99,104,72,20,129
136,46,38,95,67,141,120,37,19,144,49,33,42,79,102,52,77,44,114,103,89,93,7,55,20,84,18,36,25,71,122,9,109,116,30,48,143,121,142,92,131,118,35,82,106,59,80,129,85,13,113,78,29,91,21,63,110,87,135,22,54,56,10,73,60,107,15,124,145,32,94,133,65,90,26,105,14,8,53,45,117,138,66,88,132,39,23,112,2,76,57,96,86,123,51,111,74,100,31,1,127,50,101,28,3,98,119,83,0,128,125,70,69,75,115,68,149,5,62,134,24,130,140,12,41,146,148,108,61,6,47,34,4,126,147,27,40,64,16,137,11,43,17,139,81,99,104,72,58,97
136,46,38,95,67,141,100,37,19,144,49,80,42,1,102,56,131,44,114,103,89,93,96,55,20,94,18,36,25,71,116,9,109,13,30,48,143,132,142,92,52,118,35,129,77,59,75,128,85,7,113,78,33,106,21,63,110,87,135,22,54,4,10,0,60,107,15,29,145,32,53,133,65,90,26,105,148,8,122,45,117,82,66,88,79,39,23,112,2,76,57,120,86,91,51,111,74,84,31,5,127,50,101,123,3,98,119,83,138,121,125,70,69,14,115,68,28,73,62,134,24,130,140,12,41,146,124,108,61,6,47,34,149,126,147,27,40,64,16,137,11,43,17,139,81,99,104,72,58,97
136,46,38,95,67,141,100,37,13,30,74,80,42,23,102,137,131,50,114,47,89,93,117,55,20,36,18,103,25,71,116,70,109,57,45,48,58,132,142,92,52,144,82,129,19,59,75,128,85,7,113,78,33,106,21,63,110,87,135,99,54,4,10,0,60,107,15,29,145,32,53,133,65,90,26,105,31,8,122,9,22,96,66,27,79,39,148,112,2,126,56,120,86,91,51,44,49,84,17,5,127,76,101,123,3,98,119,83,138,121,125,77,69,14,115,68,28,73,62,134,24,130,140,12,41,146,124,108,61,6,35,34,149,1,147,94,40,64,16,118,11,43,143,139,81,88,104,72,111,97
135,37,38,95,67,84,100,34,13,106,139,80,42,126,117,137,131,50,114,47,89,93,94,55,132,36,18,103,25,8,116,70,109,57,45,48,58,148,142,92,52,144,82,20,19,59,75,128,85,7,113,78,33,64,21,71,110,87,141,99,54,4,10,0,60,107,15,29,43,32,53,133,65,76,104,105,31,46,122,74,22,96,66,27,79,39,30,112,2,26,56,120,136,91,51,44,49,63,17,5,127,143,101,123,3,98,119,83,138,121,125,77,69,14,115,68,35,73,62,134,86,24,140,12,23,146,124,108,61,6,129,41,149,1,147,28,40,90,16,118,11,9,145,130,81,88,102,72,111,97
135,37,38,95,67,143,100,34,13,106,71,80,42,126,117,137,131,50,114,47,61,93,94,55,132,36,18,46,25,8,116,70,10,57,45,16,58,103,142,92,52,144,82,20,19,64,75,128,85,7,113,104,33,76,21,125,110,87,141,99,54,105,4,139,81,107,15,97,43,32,53,133,65,134,127,84,31,74,122,6,22,62,66,27,79,39,30,112,2,26,56,0,136,91,51,44,49,63,17,5,115,59,101,123,3,98,119,83,138,78,96,77,69,109,108,68,35,73,121,60,86,24,140,12,23,146,124,89,148,1,129,41,149,14,147,28,40,90,29,118,11,9,145,130,48,88,102,72,111,120
135,37,38,95,67,143,141,34,13,106,71,80,42,126,117,137,131,113,114,47,70,105,94,55,132,36,18,46,25,8,116,53,10,57,31,16,58,103,61,92,22,110,107,20,19,100,75,128,52,7,4,104,33,144,21,125,3,32,77,99,85,142,60,139,81,93,15,97,43,69,29,133,65,134,127,84,123,74,122,6,109,62,66,27,79,39,30,112,2,26,56,0,136,91,51,44,49,63,17,5,138,59,101,102,54,98,119,83,87,78,149,82,64,76,108,68,35,73,121,90,86,24,140,12,23,146,124,89,148,1,129,41,96,14,147,28,40,45,115,118,11,9,145,130,48,88,50,72,111,120
135,37,38,136,67,90,141,62,13,110,71,138,42,23,117,137,131,17,114,47,143,105,94,55,132,36,18,69,25,8,58,108,10,57,31,16,6,103,61,85,22,89,107,34,19,100,75,128,52,7,4,104,33,144,21,125,3,32,80,99,106,142,60,139,81,95,15,97,43,74,29,133,65,87,127,84,116,86,122,96,109,93,66,27,79,39,30,112,2,26,14,0,91,46,51,44,49,63,134,5,20,59,101,102,54,98,119,83,53,78,149,82,64,76,126,68,35,73,121,45,56,24,140,12,92,146,124,77,148,1,129,41,113,70,147,28,40,123,115,118,11,9,145,130,48,88,50,72,111,120
135,37,102,24,67,90,141,78,13,110,71,138,52,23,117,137,9,8,114,47,143,105,94,55,132,36,18,69,25,93,58,108,10,57,45,51,6,103,61,85,59,89,107,34,19,100,75,128,136,7,4,104,72,144,87,125,3,32,80,131,106,142,60,139,81,95,15,97,43,74,17,26,65,16,127,99,116,86,122,96,109,147,66,27,79,39,30,112,21,146,14,0,91,46,64,44,49,63,134,5,20,33,101,38,54,98,119,83,53,42,149,82,22,120,126,68,31,73,121,2,56,76,140,12,92,40,124,77,148,1,84,41,113,70,62,28,35,123,115,29,11,118,145,130,48,88,50,133,111,129
135,11,102,24,67,90,141,78,13,110,71,138,52,23,117,137,75,119,114,47,143,54,94,55,132,9,18,69,8,93,101,125,32,57,45,51,6,103,61,85,59,89,111,34,56,108,36,128,136,7,4,104,72,144,87,123,3,74,80,131,106,142,60,139,81,95,15,10,43,19,17,26,16,140,127,99,44,86,122,96,58,147,66,27,79,39,30,116,21,2,14,0,91,46,64,109,49,63,134,5,20,53,112,38,25,98,105,83,82,42,149,107,22,120,126,37,65,73,121,68,97,76,146,12,92,40,124,77,148,1,84,41,113,70,62,28,35,31,115,29,100,118,145,130,48,88,50,133,33,129
135,11,102,24,145,90,125,78,13,110,71,32,130,23,117,137,75,80,114,47,6,141,94,55,132,52,18,69,8,127,30,77,123,57,45,143,72,103,61,85,59,89,111,79,56,108,36,128,136,7,9,104,126,144,87,48,3,74,67,131,106,142,60,139,14,95,15,10,43,19,17,26,16,140,101,99,44,86,122,96,58,147,66,41,2,51,25,116,21,37,39,0,91,46,64,109,49,63,134,5,20,53,112,38,27,98,105,83,82,42,149,107,22,120,12,81,93,73,121,68,97,76,146,62,92,40,124,119,148,1,84,34,113,70,65,28,35,31,115,29,100,118,138,54,4,88,50,133,33,129
135,0,102,24,145,90,17,98,13,110,71,32,130,23,117,137,82,80,114,47,6,147,94,55,132,52,18,69,8,127,11,77,123,57,45,148,72,88,61,78,59,89,111,112,56,108,36,128,136,118,9,104,107,144,81,79,3,30,67,131,106,142,60,139,14,103,15,10,43,19,95,26,38,96,101,99,44,86,122,48,58,1,66,16,2,51,25,116,21,37,39,41,91,133,64,109,49,63,134,5,20,53,46,141,27,65,105,83,7,42,149,74,22,120,12,126,125,73,121,68,97,76,146,62,92,40,124,119,143,4,84,34,113,70,75,28,35,31,115,29,100,85,138,54,140,93,50,87,33,129
135,25,102,24,145,90,17,113,13,110,71,32,130,23,117,101,134,80,144,21,35,88,75,55,132,47,18,69,8,137,11,104,123,57,45,148,54,31,61,78,59,89,111,112,56,77,83,128,108,118,9,136,107,142,81,79,3,30,67,131,106,53,60,139,14,103,15,10,43,19,95,26,147,96,114,99,44,86,122,48,58,1,94,16,2,51,127,116,66,37,39,41,91,133,64,109,49,52,105,5,20,72,46,141,27,65,29,63,7,42,149,74,22,120,12,126,125,73,121,68,97,76,146,62,92,40,124,119,143,4,84,34,0,70,93,28,6,129,115,82,100,85,138,98,140,36,50,87,33,38
135,39,102,84,126,90,111,113,13,110,71,61,130,23,117,101,134,80,19,21,35,88,109,55,132,125,18,69,105,137,11,104,123,57,45,148,54,31,48,25,59,32,8,112,56,77,83,128,108,118,9,22,107,142,81,79,3,127,67,131,106,53,60,30,14,103,15,10,43,12,95,34,147,96,114,99,17,86,122,24,70,1,58,75,2,51,52,116,66,37,139,41,91,133,64,136,49,78,29,5,20,72,46,141,27,65,144,63,7,42,149,74,47,120,146,44,87,73,121,68,97,76,26,62,92,40,124,119,143,4,89,16,0,94,93,28,6,129,115,82,100,85,138,98,140,36,50,145,33,38
135,39,102,52,126,90,111,61,13,110,71,32,130,125,117,101,134,80,19,21,35,88,108,119,142,38,18,69,105,137,11,94,123,57,45,148,54,128,48,25,59,24,8,112,56,77,83,9,62,118,7,79,107,6,81,4,3,127,67,131,106,53,84,30,14,103,15,10,43,12,95,23,147,96,114,36,17,86,22,33,70,1,58,75,2,51,66,116,99,37,139,41,91,133,64,136,49,78,29,5,63,72,46,141,27,65,144,42,20,104,149,74,47,120,146,44,87,73,121,68,97,55,26,31,92,40,122,132,143,109,89,16,0,113,93,28,76,129,115,82,100,85,138,98,140,124,50,145,60,34
135,39,102,52,126,90,111,61,84,122,71,27,130,146,38,75,101,80,19,21,13,88,55,112,142,125,18,69,105,32,11,94,110,57,107,148,54,128,48,25,59,24,8,14,42,77,83,9,62,118,7,79,45,6,58,4,3,127,67,131,108,53,35,30,103,34,15,10,43,12,95,23,147,96,114,36,17,86,106,33,70,115,137,134,2,51,66,116,99,37,139,41,91,133,64,144,49,78,29,5,63,72,1,141,123,65,124,117,20,104,149,74,47,120,76,44,87,73,121,68,97,22,26,31,92,40,119,132,143,109,89,16,0,113,93,28,46,129,81,82,100,85,138,98,140,136,50,145,60,56
135,109,102,52,126,111,60,61,84,122,71,27,130,146,38,75,101,80,19,90,4,88,98,112,142,39,18,13,105,32,11,55,110,57,107,148,54,128,48,56,59,24,8,14,42,41,83,118,62,67,7,79,45,6,58,21,3,127,103,131,108,53,35,2,15,34,26,10,43,119,95,23,147,96,114,36,17,86,106,16,70,115,136,134,30,51,137,116,22,37,139,9,97,133,64,144,49,78,29,5,121,72,1,141,123,65,124,117,20,104,149,74,47,120,76,44,87,73,77,68,63,91,25,31,92,40,99,132,143,33,89,12,0,113,93,28,46,129,81,82,100,85,138,66,140,94,50,145,69,125
61,141,102,52,126,111,60,0,84,122,71,27,130,146,38,89,101,80,19,90,4,88,98,112,142,127,18,43,105,32,96,55,110,78,107,148,54,128,132,56,59,24,8,14,42,41,83,118,62,67,11,79,45,6,58,21,3,73,35,131,48,53,16,2,63,34,26,10,108,119,95,23,147,104,114,36,17,86,15,106,9,115,136,13,70,75,137,116,22,37,139,103,97,133,64,144,49,135,29,5,121,72,1,51,109,65,140,117,124,7,149,74,47,120,76,44,87,20,77,68,94,91,25,31,92,40,99,143,57,33,134,12,123,113,93,28,46,129,81,82,100,85,138,66,30,39,50,145,69,125
61,141,99,52,126,111,16,0,30,122,71,27,130,146,63,89,101,80,19,90,4,88,98,112,18,140,38,43,7,32,96,55,110,78,107,139,54,128,132,56,59,24,106,14,42,41,25,118,46,67,11,79,45,6,58,123,3,73,35,131,48,53,34,2,20,102,26,10,84,119,95,23,147,104,109,36,136,69,15,149,9,115,148,13,108,75,137,77,22,37,86,103,97,133,64,144,49,135,29,5,121,72,1,51,31,65,8,117,124,62,105,74,47,120,76,44,87,127,21,68,94,91,142,17,92,40,116,143,57,33,134,12,70,113,93,28,60,129,81,82,100,85,138,66,114,39,50,145,83,125
61,141,87,52,126,111,16,66,30,74,71,27,130,99,63,39,101,80,131,90,140,88,98,112,18,8,38,43,7,32,96,55,110,78,107,139,119,128,132,56,59,24,106,14,83,41,25,57,67,46,68,79,45,6,58,123,3,73,35,1,48,53,29,2,20,102,26,10,84,19,95,94,147,104,109,36,136,69,15,149,9,115,148,13,108,75,137,77,22,37,86,103,97,133,23,81,49,135,50,5,121,72,113,51,31,65,142,117,144,62,105,44,47,120,76,42,118,127,21,64,89,91,34,17,92,40,116,143,4,33,134,12,70,146,93,28,60,0,129,82,100,85,138,54,114,124,122,145,11,125
61,141,87,52,126,111,16,66,30,74,71,27,130,99,12,39,101,124,85,90,140,69,98,112,18,8,136,144,7,149,68,55,110,78,107,139,119,128,132,56,59,24,23,14,83,41,25,57,86,62,40,79,45,6,58,127,42,63,35,1,48,53,29,2,20,102,26,10,84,19,95,94,3,104,109,36,131,147,15,123,96,115,148,13,73,75,67,77,22,38,31,103,97,133,43,81,49,135,50,5,137,72,113,51,108,65,142,117,106,46,105,44,47,120,88,122,118,80,21,64,89,91,34,17,92,121,116,143,4,33,134,76,70,146,93,28,32,0,129,82,100,37,138,54,114,60,9,145,11,125
60,78,22,52,126,111,8,66,30,21,71,27,130,74,12,39,101,124,85,90,100,93,98,112,18,59,43,144,7,149,68,106,110,107,25,139,119,128,132,56,108,79,23,14,83,41,61,57,86,62,40,88,45,6,58,127,42,63,35,53,48,87,29,2,20,102,122,11,84,19,95,136,3,104,109,36,131,147,15,123,94,115,148,13,73,75,140,77,1,38,31,67,97,133,96,81,49,135,50,5,137,72,113,51,16,65,142,117,103,46,105,44,47,120,24,9,118,80,138,64,89,91,34,17,92,121,116,143,4,33,134,76,70,146,10,28,32,0,129,82,26,37,99,54,114,69,141,145,55,125
60,78,46,52,126,111,8,66,30,21,130,79,58,74,12,3,101,124,85,90,100,93,98,112,18,59,43,117,7,149,68,106,110,107,25,139,119,128,132,56,102,121,23,95,83,41,61,57,4,62,40,88,45,6,108,127,9,63,35,53,48,87,29,2,20,69,122,11,84,19,67,22,135,104,42,36,131,147,15,71,94,115,148,34,73,65,89,77,1,38,31,138,97,133,96,81,49,91,50,5,137,72,144,51,16,136,142,123,103,44,105,86,47,120,24,140,118,80,27,64,113,32,75,17,92,37,116,143,109,33,134,76,70,146,10,28,14,0,129,82,26,39,99,54,114,13,141,145,55,125
60,78,46,45,126,111,8,49,97,21,11,79,58,74,12,3,101,124,41,109,100,93,98,112,18,59,43,117,7,149,68,47,110,107,25,139,119,128,132,56,102,121,52,95,83,87,61,5,4,62,40,88,66,38,142,36,9,63,35,53,48,6,29,2,20,69,122,22,84,19,67,51,135,104,42,108,131,147,15,115,94,81,148,34,73,65,89,77,1,85,31,138,30,23,96,72,105,91,50,130,127,57,144,137,16,136,39,123,103,44,106,86,75,120,24,140,118,80,27,64,113,32,143,17,92,37,116,90,133,33,134,76,70,146,10,114,14,0,129,82,26,71,99,54,28,13,141,145,55,125
109,139,46,92,126,111,68,49,97,18,11,79,58,74,85,13,77,124,41,80,100,93,98,112,36,59,86,117,7,149,129,47,110,107,25,43,119,128,132,56,102,121,52,95,29,87,61,5,4,62,40,88,66,38,21,101,35,63,16,53,48,6,78,2,20,69,122,22,84,19,67,51,135,104,42,108,131,96,15,115,94,81,148,34,73,65,89,76,1,37,31,142,30,23,3,72,9,91,138,130,127,57,144,137,45,136,39,123,103,44,106,27,75,120,24,140,118,105,60,64,113,32,143,17,28,12,116,90,133,33,134,147,50,146,8,114,14,0,83,82,26,71,99,54,70,10,141,145,55,125
15,139,46,92,47,111,119,49,109,18,11,79,16,59,85,13,77,124,41,80,100,93,65,112,36,136,86,103,7,149,129,120,110,107,25,43,62,128,132,56,102,121,52,95,29,87,61,20,4,58,40,88,28,78,113,101,35,63,26,53,48,6,137,2,66,84,122,22,54,19,67,68,135,104,42,108,131,96,21,115,94,81,148,34,73,38,89,76,1,37,31,142,30,23,3,72,9,91,138,130,127,57,144,5,45,71,39,51,98,44,106,27,75,50,24,140,118,105,60,64,8,32,143,17,74,12,116,90,133,33,134,97,126,146,117,114,14,0,83,82,147,99,69,123,70,10,141,145,55,125
15,106,46,76,47,128,87,49,109,18,11,79,16,129,149,13,77,0,41,80,100,93,65,112,36,136,86,103,7,30,146,120,110,107,25,43,62,72,14,56,102,121,52,147,29,98,115,20,4,126,40,88,28,31,113,101,123,63,58,53,119,6,137,2,66,84,132,22,54,19,67,68,135,104,42,108,131,96,48,8,94,81,122,34,73,38,89,51,1,37,85,142,78,23,3,148,9,91,138,130,127,57,144,5,45,71,39,139,92,44,105,27,75,50,24,140,118,26,60,64,111,32,143,17,74,12,116,90,133,33,134,97,21,35,117,114,59,61,83,82,124,99,69,95,70,10,141,145,55,125
15,106,46,76,47,109,87,49,10,18,11,79,75,145,149,13,129,0,41,80,116,93,65,112,36,81,86,91,7,30,28,120,110,107,25,43,140,72,14,56,102,121,52,147,29,98,128,20,4,126,40,88,64,31,113,101,123,136,125,53,119,6,137,2,66,35,132,22,54,19,67,45,135,104,139,108,131,96,48,8,94,146,122,34,73,38,89,51,59,77,85,142,78,23,3,63,9,84,138,130,127,57,144,5,115,71,39,16,92,44,105,27,1,50,24,133,118,26,60,62,111,32,143,17,74,12,148,90,124,33,70,97,21,100,117,114,55,61,83,82,58,99,69,95,42,134,141,37,103,68
15,79,86,105,47,109,87,140,135,18,11,49,75,145,149,27,129,0,119,80,116,93,19,112,30,81,53,91,7,139,28,120,110,107,25,43,111,54,14,56,37,121,52,147,29,98,128,20,4,126,67,48,64,31,113,101,123,136,125,148,65,6,137,2,66,35,132,22,88,46,76,45,72,104,17,108,131,96,39,8,94,146,122,34,73,38,89,51,59,77,13,142,78,23,3,63,9,84,138,130,10,57,144,5,115,71,21,16,92,44,36,41,1,50,24,133,118,26,60,62,85,32,100,127,74,12,102,90,124,33,70,97,114,106,117,40,55,61,83,82,58,99,69,95,42,134,141,143,103,68
15,79,83,54,47,109,87,140,135,18,85,49,75,103,149,44,129,0,122,80,116,93,19,40,30,81,53,91,7,139,28,120,23,107,25,50,111,104,14,56,37,121,5,147,29,98,128,43,4,126,102,51,145,31,113,101,123,136,125,52,65,6,137,2,66,35,132,22,88,46,76,3,72,17,45,108,131,48,39,141,94,146,11,34,73,38,89,105,59,77,13,142,67,112,148,63,9,84,138,130,10,57,144,86,115,71,27,16,92,64,36,41,1,20,24,133,118,26,60,62,69,32,119,127,74,12,96,90,124,33,70,97,114,106,117,100,55,61,21,82,58,99,8,95,42,134,110,143,78,68
100,79,83,54,47,109,87,140,135,18,85,49,91,103,149,44,1,0,101,80,116,93,19,40,17,22,53,139,7,98,36,120,113,107,25,50,111,104,48,56,58,121,5,147,29,141,128,43,4,126,102,72,145,31,28,64,123,136,125,52,65,6,137,2,66,35,132,55,88,46,76,3,37,122,129,71,131,99,39,124,94,146,11,34,73,38,89,105,59,77,13,142,67,112,148,63,9,84,138,130,15,57,144,86,115,12,27,16,92,23,75,24,41,20,51,133,118,26,60,62,69,32,14,119,74,127,96,90,45,33,70,97,114,106,117,30,81,61,21,82,108,10,8,95,42,134,110,143,78,68
100,79,83,54,47,109,15,60,135,14,85,49,87,103,149,44,1,0,101,80,116,93,59,132,17,22,53,148,7,98,36,120,113,107,25,61,72,104,48,56,58,16,5,147,29,141,129,43,4,126,102,82,145,31,28,64,123,136,19,52,65,6,137,128,66,35,8,23,88,46,76,3,9,122,111,71,131,99,39,40,94,146,125,140,73,38,89,105,91,77,68,142,67,112,50,63,18,84,138,130,12,57,144,86,115,95,27,62,92,2,75,24,41,20,51,133,118,26,121,37,69,32,34,119,74,127,96,90,45,33,70,97,114,106,117,30,81,143,21,124,108,10,13,55,42,134,110,139,78,11
100,120,83,102,47,133,15,60,135,88,85,117,87,103,149,44,1,18,14,6,104,93,128,132,17,22,53,118,7,98,36,49,113,107,25,61,72,33,48,56,58,16,5,94,29,141,129,43,34,126,138,82,145,31,28,64,123,136,19,119,65,59,137,8,66,35,116,23,79,46,76,3,9,122,111,121,131,99,39,40,109,71,125,140,73,38,89,105,91,77,68,142,67,112,50,63,55,84,4,130,12,57,144,86,115,95,27,62,92,2,75,24,41,20,51,26,146,101,0,37,69,32,21,108,74,127,96,90,45,148,70,97,114,106,147,30,81,143,139,124,52,10,13,80,42,134,110,54,78,11
100,3,83,102,33,133,15,60,135,110,128,117,87,103,149,44,1,18,14,6,104,93,131,114,17,22,53,47,7,49,36,147,113,107,25,61,72,85,48,30,58,16,5,124,29,141,129,43,34,126,138,32,145,31,28,94,144,136,19,64,65,59,137,8,66,35,116,23,79,46,76,118,9,122,111,121,38,99,39,40,109,71,125,140,105,82,89,106,91,77,68,142,67,112,50,63,55,84,4,130,12,108,88,86,115,95,27,62,92,2,75,24,41,123,51,26,146,101,73,37,69,57,21,132,74,127,96,90,45,20,70,56,98,97,80,148,81,143,139,0,11,10,13,119,42,134,120,54,78,52
79,3,89,102,69,133,15,96,129,110,128,117,87,72,86,44,136,18,14,6,104,93,131,114,17,22,53,47,7,49,146,147,113,107,84,61,100,85,48,30,58,16,43,124,29,141,138,67,34,126,45,32,145,31,28,94,144,77,19,64,65,59,137,74,66,35,116,23,103,46,76,118,9,122,60,121,38,99,39,40,109,71,125,11,105,82,5,21,140,81,68,142,132,112,50,63,55,27,4,130,12,108,88,25,115,95,111,62,92,2,75,24,41,123,51,26,149,101,73,37,33,57,36,91,8,127,52,90,83,20,70,56,98,97,80,148,135,143,139,0,1,10,13,119,42,134,120,54,78,106
79,3,89,102,114,133,15,100,129,110,128,117,87,72,86,38,136,18,14,6,104,93,103,30,17,22,53,47,7,49,146,29,140,107,84,61,16,85,48,147,75,4,43,95,69,141,138,67,74,65,45,32,145,31,28,94,144,77,108,64,19,59,137,58,66,35,116,39,34,46,76,118,9,122,124,96,42,99,23,40,109,71,125,11,105,131,5,21,44,81,68,142,130,112,60,63,55,27,119,126,12,135,88,25,115,143,111,62,92,2,121,24,41,123,51,26,149,101,73,37,33,57,36,91,8,113,52,90,83,20,70,56,98,97,80,148,50,132,139,0,1,10,13,127,82,134,120,54,78,106
79,3,89,102,114,133,15,100,129,110,40,117,87,146,94,38,80,18,14,6,111,112,103,30,17,22,31,47,7,49,141,29,140,107,84,61,88,85,48,147,75,4,43,95,69,137,127,59,74,65,45,32,145,68,28,0,144,77,108,64,19,16,35,58,66,70,116,39,34,67,76,118,136,122,124,96,42,99,104,36,109,71,125,11,105,46,5,21,44,81,12,142,130,72,60,63,55,27,119,126,123,33,93,23,115,143,25,62,92,2,121,24,41,8,51,26,149,101,73,37,135,57,131,91,9,113,52,90,83,20,53,56,86,97,128,148,50,132,139,138,1,10,13,98,82,134,120,54,78,106
27,3,89,31,114,133,15,100,16,146,40,117,87,84,94,69,80,18,110,6,111,112,103,30,4,22,17,47,7,49,141,34,43,107,70,61,88,85,48,147,75,140,1,95,26,137,127,59,74,65,45,32,145,68,28,0,144,19,79,64,77,136,102,58,66,132,116,39,108,67,76,118,41,122,124,96,35,99,104,36,109,71,125,129,105,46,5,21,44,81,12,42,130,13,60,63,55,14,119,126,123,33,93,23,115,143,25,62,92,2,121,24,72,29,51,134,149,101,142,37,135,57,131,73,9,113,52,11,83,20,53,56,86,97,128,148,50,8,139,138,91,10,90,98,82,38,120,54,78,106
27,3,110,31,114,133,15,100,16,146,40,117,87,84,56,69,80,18,44,6,97,26,94,30,4,22,137,47,7,49,141,34,43,73,70,61,119,85,138,147,75,140,77,95,112,144,127,59,74,65,45,51,145,68,28,0,48,19,79,64,57,136,102,58,66,132,116,39,108,90,76,118,41,122,8,96,35,99,104,36,109,71,125,129,105,46,5,21,130,111,67,42,81,13,60,63,55,14,103,92,123,17,93,126,115,143,25,89,33,2,121,24,72,82,29,134,149,101,142,37,135,12,131,1,9,113,52,11,83,20,53,107,86,23,128,148,50,62,139,88,91,10,124,98,32,38,120,54,78,106
2,3,110,31,114,133,45,100,16,146,40,117,87,126,56,39,80,18,6,111,49,26,94,30,4,22,137,47,7,35,141,34,43,73,70,61,119,15,138,147,75,140,38,95,112,144,127,59,74,65,62,11,145,68,28,77,48,19,79,64,57,136,102,58,66,132,98,25,108,90,76,51,41,122,8,96,118,99,104,97,109,71,85,129,105,46,5,124,143,134,67,42,81,13,60,63,55,14,103,84,123,17,93,33,115,116,52,89,130,107,121,24,44,82,29,27,149,101,142,37,135,12,131,1,9,113,0,36,83,20,53,92,125,23,128,148,50,21,139,88,91,10,69,72,32,86,120,54,78,106
106,3,110,31,114,133,75,100,16,146,40,79,87,126,56,39,80,18,6,42,49,26,94,48,4,22,137,47,103,35,141,34,107,73,70,61,119,15,43,147,99,140,38,95,112,144,45,59,138,65,88,11,145,68,28,115,127,19,0,64,57,136,102,58,66,132,32,25,108,90,76,51,41,122,8,96,118,98,104,97,109,111,85,129,105,46,5,124,91,134,67,89,24,13,60,21,55,14,62,84,123,17,93,33,71,116,52,2,53,74,121,81,44,82,29,27,149,101,143,30,135,12,131,1,9,113,125,36,83,20,77,92,7,23,128,148,50,37,139,142,117,10,69,72,130,86,120,54,78,63
131,3,110,31,114,133,56,100,16,146,67,79,87,106,129,59,80,18,6,42,49,26,75,48,135,22,116,7,103,35,141,34,93,117,70,61,38,15,43,147,99,121,126,95,112,144,45,4,138,65,88,11,145,68,28,115,127,19,0,64,57,136,102,58,66,132,32,25,108,76,36,51,41,122,52,96,118,98,104,97,109,111,1,119,105,46,5,124,91,134,40,89,24,13,107,21,47,14,62,84,123,17,29,33,71,73,8,137,53,74,9,81,44,82,2,55,149,101,143,30,60,12,140,85,94,113,125,27,83,20,77,92,90,23,128,148,50,37,139,142,39,10,69,72,130,86,120,54,78,63
131,3,110,31,114,133,56,100,102,112,67,79,87,106,89,59,80,36,6,42,49,138,146,137,135,22,116,75,103,35,141,34,93,129,70,139,38,15,43,147,99,121,126,16,66,37,45,4,11,65,26,128,18,68,28,115,127,19,0,64,57,117,14,48,88,132,32,25,108,76,95,105,41,122,52,96,118,98,104,97,109,111,1,119,58,46,5,124,91,134,40,142,24,13,107,21,47,7,62,60,123,17,29,33,71,73,27,81,53,74,9,136,44,82,2,55,149,101,145,30,72,12,140,85,94,113,125,143,83,20,77,92,90,23,144,148,50,61,8,51,39,10,69,84,130,86,120,54,78,63
131,3,110,31,114,133,56,100,66,112,67,102,83,106,89,33,63,36,6,42,49,138,104,137,135,22,116,75,103,35,141,34,86,129,70,139,38,15,43,147,99,121,113,16,122,37,45,4,68,65,26,128,18,62,28,85,127,19,80,64,32,0,14,48,88,132,115,25,93,76,95,105,41,117,52,96,118,98,82,97,109,123,1,119,58,46,5,124,91,2,40,142,24,13,107,111,50,7,23,60,126,17,21,146,71,73,27,81,53,74,9,136,44,130,87,55,149,101,145,30,72,12,140,59,94,47,125,143,11,20,77,92,79,134,144,148,29,61,8,51,39,10,69,84,90,57,120,54,78,108
119,129,47,31,83,133,56,74,132,112,67,102,16,93,32,33,63,36,6,76,49,138,104,137,135,22,116,75,114,35,141,91,86,143,70,139,38,15,43,147,99,106,113,34,122,37,45,4,68,65,26,128,18,62,142,85,127,19,80,64,79,0,14,48,88,131,115,25,3,42,100,105,41,117,52,96,118,98,82,97,109,123,1,126,58,46,5,28,101,2,40,51,24,13,107,111,50,7,23,60,89,17,21,146,71,73,27,81,53,57,9,136,44,130,87,55,149,148,145,30,72,12,140,54,124,59,125,84,11,20,77,92,110,134,144,66,29,61,8,103,39,10,69,95,90,94,120,121,78,108
119,129,110,31,83,133,56,74,7,35,67,102,16,93,32,33,63,36,6,76,49,138,104,58,106,22,116,148,114,80,132,91,86,143,85,139,38,71,135,147,99,39,113,34,122,37,45,4,68,65,26,128,18,62,142,117,70,19,118,64,79,0,14,48,88,131,115,77,3,42,100,105,41,127,52,96,112,43,82,2,109,123,1,126,72,46,5,28,101,15,40,23,24,60,107,25,66,75,13,120,89,17,21,146,51,73,27,81,53,57,9,136,44,130,87,55,149,98,145,30,50,12,140,54,124,59,125,84,11,20,137,92,47,134,144,97,29,61,8,103,111,141,69,95,90,94,10,121,78,108
77,129,40,31,0,145,56,74,7,43,67,102,16,97,32,33,63,36,6,76,49,138,104,58,130,22,116,148,114,80,103,91,86,143,85,139,38,71,135,147,99,39,113,34,81,37,45,4,68,65,26,52,122,62,142,117,70,19,118,64,79,92,14,18,110,119,115,133,3,42,100,105,41,127,106,96,112,46,82,2,13,123,141,126,72,90,5,28,101,98,48,23,25,60,107,144,66,75,83,120,89,17,21,146,51,73,27,88,53,57,9,131,44,35,87,55,149,15,132,30,50,12,140,54,124,59,128,84,11,20,137,1,47,134,24,93,29,61,8,125,111,136,69,95,109,94,10,121,78,108
77,129,40,31,0,145,56,74,7,43,81,102,16,97,133,82,15,137,6,76,49,138,104,58,130,22,68,148,65,80,103,128,86,114,85,139,48,71,63,108,99,39,113,34,36,45,37,4,38,140,55,52,122,62,142,117,70,19,47,64,79,92,14,18,110,119,115,118,3,42,100,105,41,127,106,96,20,46,144,2,13,123,141,126,72,90,5,28,101,98,93,23,25,60,107,67,66,75,83,120,89,17,21,146,51,73,27,88,53,57,9,131,44,35,87,10,149,26,132,30,50,12,147,54,124,59,33,84,11,91,116,8,111,134,24,1,29,61,143,125,135,136,69,95,109,32,94,121,78,112
77,129,40,125,0,94,2,74,7,43,81,22,72,50,133,67,15,137,6,103,49,25,104,58,130,84,68,82,65,80,36,128,86,114,85,139,48,71,63,112,99,39,113,34,42,45,37,109,38,140,55,52,122,31,131,117,70,19,47,64,79,92,14,18,110,119,115,20,3,62,118,105,41,127,106,97,102,46,144,76,13,123,141,126,56,90,5,28,101,98,93,23,148,60,107,78,66,75,83,120,89,17,21,108,51,73,27,88,53,57,9,145,44,35,87,10,138,26,149,30,132,12,147,54,100,59,33,16,11,91,116,8,111,134,24,1,29,61,143,96,135,136,69,95,124,32,146,121,142,4
90,129,40,125,0,94,2,74,7,43,81,22,72,118,133,67,62,137,6,103,146,54,104,58,130,84,68,82,65,80,36,128,143,114,85,139,48,71,63,112,89,39,113,34,42,45,77,69,38,140,55,19,122,31,131,106,70,35,16,64,79,92,14,126,110,119,141,20,3,37,5,105,41,127,86,97,102,15,144,76,13,123,49,27,56,145,115,149,101,98,93,23,148,99,107,78,66,75,83,120,47,17,21,108,51,73,117,88,57,4,9,25,44,18,87,10,138,26,109,30,132,12,147,28,100,59,33,53,11,91,116,8,111,134,24,1,29,61,50,96,135,136,46,95,124,32,60,121,142,52
97,50,40,125,0,94,107,74,7,43,81,22,58,118,26,67,62,137,6,103,146,54,104,61,130,143,68,82,92,64,36,128,44,25,139,129,48,71,63,70,89,39,113,34,42,45,77,69,38,100,55,19,122,31,140,112,15,35,16,73,79,123,14,126,110,119,141,20,3,37,5,105,41,127,86,85,102,131,144,76,13,132,49,27,56,90,111,149,101,65,93,23,148,99,114,78,66,75,83,120,47,17,21,108,51,72,117,88,57,4,9,106,1,18,87,10,138,2,109,30,115,12,147,28,98,59,33,53,11,91,116,8,96,134,24,84,29,133,80,145,135,136,46,95,124,32,60,121,142,52
97,50,40,125,146,94,134,74,7,43,81,22,58,118,0,67,124,137,6,103,28,54,104,61,130,143,84,82,92,64,36,128,29,25,139,129,48,71,63,26,89,39,113,121,105,45,77,69,122,100,60,79,107,31,140,112,15,35,16,86,41,123,14,126,147,119,141,20,3,37,5,44,80,127,24,85,102,131,144,76,13,132,49,27,56,90,111,149,101,65,93,23,148,99,114,78,66,75,38,120,47,68,73,108,51,72,117,88,57,4,9,106,1,83,21,10,138,62,109,30,115,12,70,55,98,59,33,53,11,91,116,8,96,17,42,135,34,133,2,145,87,136,46,95,19,32,142,110,18,52
97,119,40,125,3,31,134,74,7,43,50,22,58,118,149,67,114,137,6,103,28,54,104,61,130,69,10,82,92,64,36,128,29,25,139,129,48,71,96,26,89,39,113,124,105,45,77,38,122,100,5,86,107,27,140,112,15,35,16,91,41,123,46,126,147,106,141,20,79,37,76,44,80,0,24,85,102,131,144,53,13,132,12,88,63,90,111,65,101,49,93,23,148,99,135,78,66,75,143,120,47,68,73,108,51,72,117,14,57,4,9,56,1,83,21,18,138,62,109,30,115,127,70,55,98,59,33,84,11,146,116,8,81,17,42,94,34,133,2,145,87,136,60,95,19,32,142,110,121,52
97,119,40,125,27,31,134,5,7,143,50,22,58,118,149,67,114,137,6,103,28,128,104,51,130,69,10,82,92,64,73,20,29,25,49,129,74,71,96,94,89,70,113,124,43,45,77,38,122,100,26,86,107,142,140,112,123,35,16,15,41,12,46,126,147,106,139,18,79,37,14,44,80,116,24,85,102,131,144,53,13,132,91,105,63,90,111,65,76,39,93,23,148,99,135,78,66,75,138,120,47,68,3,108,98,72,117,48,57,4,9,56,1,83,21,101,36,62,109,30,115,127,61,55,0,59,33,136,11,146,88,8,81,17,42,54,34,133,2,145,87,84,60,95,19,32,141,110,121,52
97,119,40,103,36,56,134,5,96,18,118,0,58,72,149,67,114,137,6,101,28,128,104,51,130,69,10,82,92,64,73,20,31,25,102,110,74,71,29,94,89,70,113,60,43,45,77,38,122,100,85,86,107,142,140,112,123,35,16,135,124,12,46,126,147,106,139,143,79,37,14,44,127,98,24,80,116,131,144,53,13,132,91,105,63,90,111,65,76,39,93,23,22,99,9,78,148,75,138,120,47,68,3,108,117,7,15,48,57,4,19,66,1,83,21,62,49,41,109,30,115,26,61,55,27,59,33,136,11,146,88,8,81,17,42,54,34,133,2,145,87,84,125,95,129,32,141,50,121,52
97,119,61,103,36,56,134,5,96,130,118,0,58,72,149,67,114,55,6,101,28,128,104,59,141,122,10,82,92,64,37,25,31,17,102,110,74,2,29,94,89,70,113,73,43,45,77,38,20,100,85,86,107,88,140,112,123,35,16,135,124,12,46,126,147,106,139,93,79,57,18,137,127,98,24,41,116,131,144,53,13,132,91,71,63,60,111,65,76,39,121,68,22,99,9,78,148,75,138,120,47,23,3,108,117,7,14,48,129,4,19,66,1,83,21,62,49,15,109,80,115,26,51,90,27,143,33,136,11,146,30,8,81,105,142,54,34,133,44,145,87,84,125,95,50,32,69,42,40,52
51,119,61,103,36,56,14,5,96,130,123,104,58,72,149,124,115,55,6,101,28,128,114,127,141,122,10,82,92,2,37,25,31,17,102,110,74,54,29,94,89,64,113,73,43,45,77,38,20,100,85,86,107,81,140,112,133,35,0,138,135,12,46,126,69,106,16,93,79,57,3,137,42,98,139,41,116,131,144,108,13,132,147,71,63,60,111,65,76,39,121,68,22,99,9,78,148,75,18,27,47,23,24,84,70,7,97,48,129,4,19,66,1,83,21,62,49,15,109,80,88,26,53,90,91,143,33,136,11,146,30,8,117,105,142,67,34,134,44,145,87,59,125,95,50,32,120,118,40,52
51,119,61,103,36,56,14,84,96,130,123,104,58,97,149,124,115,55,6,32,5,128,146,127,30,122,10,82,92,2,37,25,31,17,102,110,78,54,29,141,89,113,148,73,43,45,77,38,20,100,28,86,143,81,140,112,70,40,0,138,108,12,46,94,69,106,16,93,121,57,3,137,42,98,139,41,116,131,144,60,13,132,147,71,63,87,111,65,76,39,135,68,22,99,9,64,44,75,18,27,47,23,24,145,11,7,133,48,129,4,19,66,74,83,126,62,49,15,109,80,88,26,53,114,91,85,33,136,107,72,95,8,117,105,142,67,34,134,79,1,101,59,125,35,50,90,120,118,21,52
34,119,61,103,36,56,110,84,96,125,123,104,116,97,128,124,115,55,6,32,144,114,146,127,30,122,10,82,92,2,37,25,31,17,102,139,78,54,29,141,89,77,148,48,43,45,142,64,20,58,28,86,135,81,140,112,70,40,0,138,108,111,46,100,69,106,149,93,50,57,3,137,42,98,101,41,8,131,113,60,14,132,147,71,63,87,18,65,76,39,95,68,22,99,9,94,44,75,38,27,47,23,24,145,11,7,133,13,129,4,19,66,74,83,126,62,49,15,143,80,88,26,53,33,91,85,73,136,107,72,51,12,117,105,5,67,130,134,79,121,16,59,109,35,1,90,120,118,21,52
34,119,61,103,36,56,110,81,96,125,123,104,18,97,128,124,115,55,135,32,144,114,146,116,76,122,67,82,92,6,37,25,127,17,102,139,78,88,2,141,89,77,93,94,43,45,142,111,20,58,28,86,30,22,140,112,138,40,0,3,108,48,66,100,69,106,149,70,50,57,148,137,42,15,101,41,8,131,113,60,14,132,44,71,63,87,109,65,23,39,95,68,29,99,9,31,136,75,38,27,47,147,24,145,11,7,133,13,129,4,19,54,74,83,126,62,46,121,143,80,59,26,53,33,91,85,73,49,107,72,51,12,117,105,5,84,130,134,79,64,16,10,98,35,1,90,120,118,21,52
34,119,61,103,36,130,110,81,96,125,123,115,18,97,128,124,116,55,135,32,144,100,146,66,72,33,67,86,92,6,37,25,127,17,102,139,78,88,2,141,147,62,28,94,43,45,142,1,20,111,38,145,30,22,140,112,138,40,0,3,108,48,129,9,69,106,149,70,50,57,148,137,42,15,101,41,8,131,113,60,14,132,44,71,63,87,109,65,23,91,95,31,29,99,77,90,136,75,56,27,47,39,24,53,11,7,133,13,82,4,19,54,74,68,126,52,46,121,143,80,59,26,114,83,12,85,73,49,107,51,104,64,117,105,5,84,89,134,79,76,16,10,98,35,122,93,120,118,21,58
34,119,50,41,36,130,110,81,96,125,2,115,18,148,128,73,116,55,135,32,144,100,145,66,72,33,67,86,131,6,37,25,127,17,102,139,78,88,19,141,147,62,11,146,43,65,142,1,20,108,38,82,30,22,140,112,138,124,45,3,94,48,129,9,69,106,149,70,12,57,136,137,42,15,101,47,8,16,113,60,14,132,44,71,63,35,109,13,23,91,95,126,29,99,77,90,87,75,56,27,123,28,24,53,107,7,133,61,40,4,0,54,74,121,103,52,46,111,143,80,59,26,114,83,92,85,39,49,68,51,104,64,117,105,5,84,89,134,79,76,97,10,98,31,122,93,120,118,21,58
34,119,31,121,36,38,28,81,96,125,2,115,138,148,66,133,116,55,135,44,144,100,145,75,72,25,67,86,131,124,74,99,127,17,102,137,78,88,19,141,147,62,11,146,43,65,142,1,105,108,18,82,30,22,140,112,79,87,45,3,94,48,129,9,69,33,149,70,12,57,80,20,42,15,101,47,8,16,113,60,14,132,37,71,63,35,109,13,23,91,95,126,29,49,77,90,106,110,56,27,136,50,24,53,107,7,143,61,40,4,0,54,73,139,103,52,46,111,130,39,59,26,114,83,92,85,41,128,68,51,104,64,117,123,5,84,89,134,6,76,97,32,98,10,122,93,120,118,21,58
34,119,31,54,80,137,28,81,96,125,2,115,138,100,136,133,116,55,135,141,74,44,145,75,72,121,128,86,131,124,66,99,127,17,14,71,26,88,19,62,147,41,11,146,43,65,142,1,105,108,18,82,30,22,140,112,79,87,45,3,94,48,129,9,69,39,149,70,12,57,37,20,42,15,132,47,8,16,113,60,36,76,67,148,63,35,109,97,23,91,95,126,29,49,77,90,83,110,25,27,61,50,24,53,107,7,143,10,40,4,0,144,73,139,103,52,46,111,130,13,59,33,114,102,92,85,122,78,68,51,104,64,117,123,5,84,89,134,6,101,38,32,98,56,106,93,120,118,21,58
7,45,119,54,149,137,28,81,96,125,2,115,138,100,136,133,116,36,135,5,74,44,62,75,72,121,128,86,70,90,66,99,127,17,14,71,26,88,29,109,147,41,148,146,43,65,142,1,105,108,18,82,30,22,131,53,79,87,134,3,94,48,129,9,69,39,40,55,23,57,37,20,42,15,132,47,8,16,113,60,51,76,67,12,63,35,140,97,50,91,95,126,112,49,77,141,83,34,110,27,61,144,24,89,107,124,143,10,80,4,0,19,73,139,103,145,46,111,130,13,59,33,114,102,92,85,122,78,68,21,104,64,117,123,31,52,84,11,6,101,38,32,98,56,106,93,120,118,25,58
7,45,119,84,130,137,28,53,13,63,2,115,138,100,136,38,116,36,1,5,74,44,81,75,72,112,128,86,70,90,66,99,127,17,14,121,23,88,29,109,78,41,124,146,43,65,142,144,59,108,18,82,30,22,131,148,120,87,134,3,94,48,42,105,69,39,40,55,125,57,37,20,89,15,132,47,8,16,113,60,51,76,67,12,133,35,140,97,50,91,95,126,135,49,77,141,83,34,110,27,61,64,24,149,107,54,96,10,80,4,0,19,73,139,103,145,46,21,26,143,71,33,114,102,92,85,122,79,68,104,147,9,117,123,31,52,62,11,6,101,129,32,98,56,106,93,111,118,25,58
7,45,119,84,22,137,28,114,13,63,2,8,83,100,29,41,116,36,1,5,89,81,126,142,77,148,128,86,70,90,66,20,127,17,14,121,139,88,138,109,78,56,124,146,43,65,72,59,92,108,18,82,30,38,131,0,120,87,134,3,94,48,42,105,69,39,40,55,125,57,144,68,75,15,132,47,123,16,113,60,51,76,67,12,133,74,140,97,50,91,95,112,135,49,136,141,37,34,110,27,61,64,24,149,107,54,96,10,80,4,122,19,73,115,103,145,46,21,26,143,71,99,35,102,53,85,44,79,130,104,147,9,117,23,31,52,62,11,6,101,129,32,98,33,106,93,111,118,25,58
7,45,119,26,22,137,57,114,13,63,2,8,83,100,29,41,116,36,1,5,89,81,126,142,104,148,128,86,70,90,74,20,127,93,14,121,139,88,138,109,78,65,124,146,43,30,72,135,92,108,18,82,3,38,131,0,120,58,134,9,56,48,42,105,69,39,40,140,125,77,144,68,75,15,132,47,67,123,113,60,133,76,55,12,112,54,96,97,50,91,95,94,28,49,136,141,37,34,110,27,61,64,24,149,107,16,87,10,80,4,122,19,73,115,103,145,46,21,71,143,51,99,111,102,53,17,35,79,44,98,147,66,117,23,31,52,62,11,6,101,85,32,84,33,106,130,59,118,25,129
7,45,119,26,22,137,57,114,13,63,2,8,102,100,29,41,87,36,1,5,89,81,126,142,104,24,128,86,70,90,74,20,127,94,14,124,75,88,138,109,78,65,60,105,43,30,148,135,92,110,18,121,62,125,131,0,141,58,134,9,56,116,42,27,69,39,38,140,146,77,3,68,72,53,132,47,67,123,113,95,133,76,55,12,112,54,129,97,50,91,40,83,28,139,130,120,37,34,82,136,61,64,15,149,107,16,93,10,80,4,122,19,73,115,103,145,46,21,71,143,51,99,111,108,48,17,35,79,44,98,147,66,117,23,31,49,144,11,6,101,85,32,84,33,106,96,59,118,25,52
7,45,77,26,22,137,57,114,38,63,23,8,102,100,29,41,87,126,1,5,89,81,53,142,104,24,128,86,70,46,74,20,127,94,14,124,75,88,138,109,78,65,60,105,43,30,49,25,92,110,79,121,146,149,131,0,141,58,134,9,56,116,42,27,69,39,80,140,61,66,90,68,72,103,132,47,67,123,113,95,133,76,55,12,112,54,129,97,50,91,40,83,28,139,130,120,37,34,108,136,52,3,15,62,18,16,84,10,35,4,122,19,73,115,64,145,82,21,148,143,51,99,119,11,48,17,71,107,44,98,147,2,117,36,31,101,144,93,6,125,85,32,135,33,106,96,59,118,111,13
7,12,133,26,5,137,57,114,124,51,23,8,102,100,77,41,87,126,1,10,36,81,53,142,104,24,128,86,70,46,74,20,127,94,17,117,75,88,16,109,78,65,60,105,43,28,49,25,92,110,79,15,146,149,131,0,141,58,134,9,56,34,42,27,69,47,107,140,61,66,90,113,72,121,132,39,67,123,106,95,38,76,55,68,112,54,129,97,50,91,40,89,80,139,130,120,37,45,108,136,52,3,138,62,14,63,118,29,35,4,122,19,73,115,64,145,82,21,148,22,143,99,119,11,48,116,71,103,44,98,147,2,83,84,31,101,144,93,6,125,85,32,135,33,30,96,59,18,111,13
7,106,133,60,5,137,48,114,124,32,117,8,102,100,77,41,12,126,1,10,36,45,53,83,104,24,128,120,70,46,74,20,127,94,17,67,75,88,16,109,78,65,21,71,43,28,49,9,92,110,23,15,146,149,131,0,118,58,134,57,56,34,42,27,69,47,107,140,61,66,90,113,141,121,132,39,97,123,143,95,38,76,55,129,112,138,51,54,50,91,63,89,80,139,130,98,37,145,108,136,52,3,87,62,14,40,105,29,35,4,122,19,73,115,64,116,82,26,148,22,25,99,119,11,142,68,81,103,44,79,147,2,86,84,31,101,144,93,6,125,85,72,135,33,30,96,59,18,111,13
34,10,133,60,129,137,48,28,124,63,117,40,102,100,77,11,12,126,1,32,36,45,53,69,104,24,147,119,70,46,74,20,47,94,17,67,75,88,16,109,7,65,21,71,43,8,49,9,92,110,23,15,146,149,131,79,118,58,134,57,56,99,127,41,38,5,107,140,78,66,128,113,141,121,132,39,27,123,143,95,90,76,55,0,112,18,51,54,50,91,138,89,80,139,130,98,37,145,97,42,52,3,87,62,14,83,105,29,35,136,122,19,73,115,64,116,82,26,148,22,25,4,106,114,142,68,81,103,44,108,120,2,86,84,31,101,144,93,6,125,85,72,135,33,30,96,59,111,61,13
34,10,133,60,129,84,48,28,124,63,117,40,102,62,77,11,108,67,12,32,36,45,53,81,104,24,6,119,70,126,74,20,47,94,17,71,111,88,16,109,8,65,21,13,138,91,14,9,92,110,23,15,146,149,46,79,118,58,134,57,56,99,127,41,38,5,107,101,4,66,128,113,141,121,132,39,27,123,143,95,90,76,55,0,112,18,51,43,50,35,137,140,97,139,130,98,37,1,89,42,52,3,87,49,54,83,105,29,78,136,122,19,73,115,64,116,82,26,148,22,25,147,106,114,142,68,30,103,44,86,120,2,69,80,31,131,144,93,145,125,85,72,135,33,100,96,59,7,61,75
34,10,133,60,129,84,48,28,124,63,52,40,102,62,77,11,108,67,12,117,36,112,53,81,104,24,6,119,70,126,74,20,47,94,15,71,142,5,16,109,25,65,21,51,138,91,14,9,92,110,23,122,146,45,75,79,118,58,148,57,56,134,127,41,38,100,96,101,4,66,128,68,141,121,132,39,27,123,143,95,90,76,55,0,89,18,26,43,29,35,137,140,97,99,130,98,37,1,59,42,139,3,87,49,54,83,105,30,78,88,19,80,73,115,64,116,82,32,17,22,111,46,106,114,13,8,147,103,44,86,120,2,69,149,31,131,144,93,145,125,85,72,135,33,113,50,107,7,61,136
34,10,133,124,129,84,48,28,9,63,62,40,107,134,77,11,141,67,12,117,36,112,53,81,104,116,35,119,70,102,74,20,47,94,15,71,72,5,16,109,25,65,21,51,138,91,14,125,92,106,8,122,146,45,147,79,118,58,148,57,56,61,127,24,38,100,96,97,4,66,128,68,64,121,132,39,27,123,75,95,90,76,55,0,89,108,26,43,29,142,137,140,131,99,130,98,37,1,59,42,139,3,87,49,54,83,23,30,126,88,19,80,73,115,41,149,82,32,17,22,111,46,86,114,13,78,69,103,44,52,120,2,18,60,31,105,144,93,145,113,85,110,135,33,6,50,143,7,101,136
34,10,106,124,105,84,48,73,9,63,131,40,107,134,77,11,141,67,12,117,36,112,53,133,104,121,35,119,70,116,74,20,143,94,15,71,72,5,16,56,25,65,21,51,138,91,14,125,92,83,8,95,146,47,87,79,13,58,148,57,45,61,127,24,38,100,137,97,4,66,122,68,64,118,132,39,28,114,75,55,90,76,123,0,89,147,26,43,29,142,96,140,3,99,1,98,37,42,59,27,139,2,102,49,54,108,23,30,126,88,19,80,62,115,128,149,82,32,17,22,111,46,86,109,81,78,69,103,44,52,120,130,18,60,31,129,144,93,145,113,85,110,135,33,6,50,41,7,101,136
34,10,5,124,105,84,23,73,48,63,131,15,107,0,148,11,7,67,12,117,36,112,39,133,104,121,35,119,70,141,9,20,64,94,72,25,139,97,16,54,71,65,21,51,138,91,62,125,92,83,8,95,146,47,87,79,13,58,147,57,45,61,127,106,38,100,137,109,4,66,122,116,14,118,132,28,111,114,75,134,90,76,123,68,89,69,26,43,29,142,96,140,3,99,1,55,37,42,59,27,40,2,102,49,56,108,53,30,126,88,19,80,74,115,128,149,82,32,17,22,98,46,86,77,81,143,24,103,44,52,120,130,18,60,31,129,144,93,145,113,85,110,135,33,6,50,41,78,101,136
34,10,104,124,48,84,23,73,113,63,67,15,107,0,148,11,12,26,131,110,62,112,39,133,1,121,35,119,70,141,20,91,64,94,72,25,139,97,16,54,71,4,21,51,138,132,111,125,92,55,8,95,146,47,87,79,13,58,147,56,45,61,65,106,38,100,137,109,5,66,117,83,14,118,99,28,120,114,9,134,127,76,123,68,89,69,90,43,29,142,96,140,3,7,22,105,108,42,59,27,40,2,102,49,36,75,53,30,126,88,19,80,74,115,128,149,82,32,17,33,98,116,86,77,81,143,24,103,44,52,57,130,18,60,31,129,144,93,145,122,85,37,135,46,6,50,41,78,101,136
34,10,104,124,48,85,23,94,57,63,67,15,107,0,62,11,12,53,131,110,59,112,39,138,7,121,35,119,69,141,60,91,64,83,72,25,139,97,16,54,71,4,96,51,137,123,111,125,73,55,8,95,146,47,87,79,13,58,147,56,45,61,120,106,38,98,65,109,5,66,117,93,14,118,1,28,70,114,9,134,92,76,90,68,89,148,20,43,29,135,126,140,3,21,22,105,108,42,103,27,40,2,102,49,36,75,142,30,26,88,19,80,74,115,128,149,82,32,17,33,84,116,86,77,81,143,24,132,44,52,133,130,18,99,31,129,144,113,145,122,127,37,100,46,6,50,41,78,101,136
120,9,104,124,42,85,23,94,57,21,95,15,107,0,62,11,12,53,131,63,59,112,39,138,84,121,35,119,69,141,144,91,64,18,29,147,139,97,125,54,71,4,96,89,137,123,111,113,73,60,8,10,146,47,87,100,13,58,7,56,17,143,48,106,38,98,65,109,5,66,117,93,14,118,67,28,70,114,128,83,92,76,90,68,1,148,20,43,61,135,126,140,3,34,22,105,45,16,103,27,40,2,102,49,36,75,142,30,25,88,19,80,74,115,55,149,82,32,134,33,51,116,86,77,81,110,24,132,44,52,133,130,26,99,31,129,108,79,145,122,127,37,72,46,6,50,41,78,101,136
120,108,104,60,42,85,63,94,57,12,81,68,107,55,43,11,97,53,131,78,59,112,31,138,84,121,35,119,69,141,144,91,64,18,29,147,74,3,125,54,71,4,96,89,137,115,111,113,73,39,8,10,146,47,87,100,13,58,6,56,17,143,48,106,38,98,65,109,5,66,101,25,133,118,117,67,70,114,128,83,92,76,90,62,1,148,20,28,61,135,126,140,0,34,22,105,45,16,7,27,40,2,102,49,36,75,142,30,14,88,19,21,95,110,23,149,82,32,134,33,51,116,86,77,123,9,24,132,44,52,93,130,26,99,103,129,124,79,145,122,127,37,72,46,139,50,41,80,15,136
120,108,104,60,40,85,50,141,57,42,81,68,107,55,43,11,97,53,131,78,23,112,31,138,65,121,35,119,109,44,144,91,64,18,99,147,74,3,125,54,71,4,96,89,59,115,111,113,73,39,8,10,16,47,87,100,124,29,6,56,93,12,48,106,38,98,94,30,5,66,101,25,133,84,117,67,70,114,128,83,143,76,90,62,1,72,20,28,61,135,126,137,0,34,22,105,45,118,7,27,17,2,102,49,36,80,142,116,14,88,13,21,95,110,77,149,75,32,134,33,51,140,86,146,123,9,24,132,136,52,19,130,26,92,103,129,58,79,145,122,127,37,148,46,139,82,41,69,15,63
49,108,104,60,40,85,50,141,57,42,1,68,107,55,35,11,97,31,131,78,23,112,92,138,65,149,45,119,109,44,144,120,114,18,38,134,64,3,125,54,71,121,96,89,59,115,111,72,73,39,8,10,16,47,87,100,124,29,6,56,93,12,48,106,137,98,94,0,5,83,101,25,133,84,117,67,70,146,128,91,143,76,90,62,145,81,20,28,74,43,126,113,46,34,22,105,147,118,7,27,17,2,102,99,36,80,142,116,136,88,13,21,95,110,77,61,75,32,4,33,51,140,86,66,123,130,24,132,30,52,19,41,26,53,103,129,58,79,14,122,127,37,148,9,139,82,135,69,15,63
49,108,50,60,40,85,149,5,57,42,123,68,107,55,35,1,97,31,131,93,23,112,39,125,18,66,45,119,109,27,104,120,114,47,38,134,26,3,89,54,71,141,96,75,59,64,111,72,121,65,8,10,16,137,87,100,124,115,6,56,145,12,48,106,29,98,94,0,11,83,101,25,133,84,117,81,70,146,128,91,86,76,90,62,113,144,20,28,74,43,126,143,46,34,22,105,147,118,7,80,17,2,102,99,36,67,142,116,136,88,13,21,95,110,77,61,19,32,4,33,51,140,138,73,44,130,24,132,30,52,78,41,92,53,103,129,58,79,14,122,127,37,148,9,139,82,135,69,15,63
49,108,1,60,40,85,149,37,8,125,146,68,107,71,35,30,97,31,131,93,23,92,39,36,18,126,55,119,109,27,81,120,114,47,38,134,26,3,89,54,57,141,96,75,59,64,111,72,121,65,21,14,16,137,58,100,112,115,6,42,145,12,48,104,50,98,94,0,110,83,101,25,133,84,117,66,70,29,128,91,86,76,90,62,113,144,20,28,5,43,74,143,46,34,22,105,147,118,7,80,17,2,102,99,56,67,142,116,136,88,103,106,95,11,52,61,19,32,4,33,51,140,138,73,44,130,24,132,63,10,78,41,13,53,77,129,45,79,87,122,127,124,148,9,139,82,135,69,15,123
49,108,38,60,40,85,149,37,94,125,146,68,107,71,35,30,97,31,131,145,23,92,39,36,18,126,55,119,109,27,81,50,114,47,83,134,26,15,51,54,111,141,142,124,59,64,21,89,121,4,58,14,16,72,73,100,112,115,6,137,116,12,48,96,93,98,8,0,110,103,101,25,133,84,117,66,70,29,128,53,86,76,90,62,113,144,20,28,5,10,74,143,46,75,22,105,147,65,7,80,17,2,102,99,56,34,104,118,136,88,67,106,95,11,52,61,19,32,91,33,127,140,138,3,44,130,24,132,63,120,78,41,13,42,77,129,45,79,87,122,1,57,148,9,139,82,135,69,43,123
49,108,100,60,40,76,13,37,94,125,83,68,97,71,35,30,11,27,131,145,23,92,39,36,18,126,55,119,109,78,81,50,114,47,1,134,26,15,51,54,111,141,25,124,59,64,21,61,86,4,58,14,16,72,73,46,112,149,6,137,116,12,48,96,122,98,8,38,110,103,101,5,133,84,117,44,70,66,128,53,9,93,90,62,113,144,89,28,121,10,74,143,29,80,22,105,147,65,7,142,17,2,102,99,56,34,115,118,136,88,67,106,95,0,52,107,19,32,91,33,127,140,138,3,43,130,24,132,63,120,31,85,104,42,77,129,45,79,87,75,41,57,148,20,139,82,135,69,123,146
49,45,100,60,40,76,13,37,135,53,121,68,97,71,35,30,117,27,1,145,23,92,39,36,18,126,55,119,109,134,81,127,94,7,29,114,26,15,51,22,111,141,25,124,59,64,131,75,86,122,58,14,16,83,73,46,112,149,6,137,44,12,48,62,33,98,8,38,110,103,101,5,133,84,108,96,70,66,128,54,9,93,90,125,113,144,89,28,61,10,74,143,4,80,116,105,147,65,78,142,17,2,11,99,56,34,115,118,136,88,67,106,95,0,52,107,19,32,91,21,102,130,138,3,50,72,24,132,63,120,31,85,104,42,47,129,43,79,87,77,41,57,148,20,139,82,140,69,123,146
135,45,100,60,40,76,13,37,55,53,121,68,97,81,35,30,117,27,119,145,23,92,139,57,18,126,110,85,109,134,71,127,94,33,29,114,26,131,51,22,36,31,25,124,11,105,7,75,86,122,42,14,16,83,73,39,112,149,6,137,44,12,48,62,130,98,8,49,64,141,101,5,133,84,108,96,70,66,128,93,9,20,90,1,103,144,89,28,61,10,74,143,4,80,116,113,147,65,78,142,17,2,46,99,56,34,115,118,136,88,58,106,95,0,52,107,47,32,91,21,102,38,138,3,50,72,24,132,63,120,125,54,104,15,67,129,43,79,87,77,41,19,148,111,59,82,140,69,123,146
135,45,18,60,84,76,56,132,44,53,121,68,97,81,35,30,117,27,119,145,23,125,139,57,95,126,110,85,109,134,13,98,94,58,29,41,26,131,51,22,36,31,25,124,11,102,7,92,86,122,42,14,16,83,75,39,112,149,114,137,33,123,48,62,130,40,8,49,64,141,101,5,111,20,108,96,70,37,128,93,9,2,127,1,103,144,89,28,61,10,74,143,73,80,116,113,147,65,78,142,17,67,46,99,90,34,115,118,136,88,129,106,100,0,52,107,47,32,91,21,105,38,138,3,50,72,24,6,63,120,12,54,104,15,66,82,43,79,87,77,71,19,148,55,59,133,140,69,146,4
41,138,18,86,84,76,56,132,44,53,121,110,7,81,35,68,4,74,102,145,23,125,139,57,95,126,8,85,109,134,63,98,94,58,29,20,26,131,51,144,36,31,108,124,11,97,38,92,27,19,42,14,16,83,75,39,112,149,114,137,33,122,48,62,50,40,46,49,64,141,101,5,45,28,117,135,70,37,128,93,9,2,127,1,103,130,89,82,61,10,142,143,73,80,116,113,147,65,78,13,17,67,22,99,90,34,115,118,136,88,129,106,100,0,52,107,47,32,119,21,105,60,111,3,96,72,24,6,91,120,12,54,104,15,66,25,43,79,87,77,71,123,148,55,59,133,140,69,146,30
85,138,18,107,84,60,56,132,44,53,102,110,0,81,14,83,4,99,123,145,23,125,139,57,95,3,8,149,109,42,63,98,94,58,29,20,26,131,51,144,7,31,108,124,11,97,70,92,27,19,76,74,16,120,75,104,112,79,114,137,33,122,48,62,50,40,46,49,64,141,37,5,45,28,117,135,101,38,128,93,36,2,127,1,103,130,89,82,61,10,142,143,73,39,116,113,147,68,146,13,17,67,22,121,90,34,115,118,136,88,129,106,100,9,52,126,47,134,119,21,105,86,111,32,96,72,24,6,91,78,12,54,80,15,66,25,43,35,65,77,71,87,148,55,59,133,140,69,41,30
85,1,18,8,84,60,6,132,44,53,83,110,0,81,14,138,4,99,123,145,23,125,107,57,56,3,119,149,39,42,63,98,146,116,29,102,26,111,51,144,7,31,108,124,11,97,70,92,27,19,76,54,50,120,75,62,112,104,114,137,33,122,48,131,96,40,46,49,64,141,37,5,94,28,117,135,58,38,128,93,36,2,127,74,103,130,89,82,61,10,142,143,73,16,109,113,147,133,45,13,17,95,22,121,90,34,115,21,136,88,129,106,100,9,52,126,47,134,67,79,105,86,101,32,140,72,24,30,91,78,12,41,80,15,66,25,43,35,65,77,71,87,148,55,59,68,118,69,20,139
85,1,60,8,84,24,6,132,44,53,72,110,52,81,117,138,4,99,123,145,23,125,107,57,56,147,119,37,39,27,63,98,146,116,29,102,26,111,51,144,7,65,108,124,11,97,70,139,82,19,69,54,50,120,75,62,31,104,114,118,141,122,48,131,96,40,46,49,64,76,112,5,94,28,18,34,58,38,128,93,36,2,127,74,103,130,17,149,61,10,142,143,73,16,109,113,25,133,45,13,135,95,22,121,89,33,115,21,136,88,129,134,100,9,92,137,47,0,67,79,105,86,101,32,140,126,42,43,91,78,12,41,80,15,66,106,14,35,3,77,71,87,148,55,59,68,90,30,20,83
86,1,60,8,84,130,6,132,44,53,72,110,52,81,117,138,4,99,123,145,3,125,107,57,56,147,119,37,39,27,63,98,146,116,29,78,66,111,51,101,7,65,108,124,70,54,144,139,82,134,69,92,50,120,88,62,140,104,114,118,21,122,48,131,96,40,46,49,64,97,83,5,26,28,18,34,58,41,128,93,36,2,127,74,103,94,17,149,61,10,142,143,23,16,109,113,25,133,45,13,135,95,22,121,89,33,115,100,19,76,129,75,31,9,35,90,47,0,67,79,105,24,112,32,73,126,42,43,141,136,12,38,80,15,11,106,14,102,91,77,71,87,148,55,59,68,85,30,20,137
30,1,60,137,130,74,6,132,44,53,72,110,52,81,117,138,4,18,123,145,3,125,107,57,56,147,119,37,39,8,63,31,146,116,29,78,51,111,99,101,7,86,26,124,70,10,144,139,82,134,69,92,50,98,88,120,140,94,127,118,21,122,66,131,22,40,46,49,64,97,83,5,54,28,114,34,58,41,128,93,36,2,42,27,103,135,17,149,61,96,142,65,23,16,109,113,25,121,45,13,133,95,62,84,48,33,115,100,19,148,129,75,102,9,35,90,47,0,67,79,105,24,112,32,73,126,11,43,141,136,12,38,80,15,89,106,14,143,91,77,71,87,108,55,59,68,85,76,20,104
30,1,60,137,130,136,6,80,44,53,77,32,52,81,34,138,4,18,46,145,3,125,107,57,56,147,119,37,117,8,63,31,146,124,29,78,51,82,99,101,7,86,19,35,70,10,144,139,47,134,69,92,50,72,88,120,140,94,127,118,21,122,66,13,22,40,96,49,64,97,83,28,54,26,114,39,58,113,128,93,36,2,42,27,103,135,17,149,61,123,142,65,23,16,109,74,25,121,45,98,133,95,62,84,48,33,115,100,12,148,141,75,102,9,132,108,111,0,67,79,105,110,112,116,73,126,11,43,129,68,24,38,5,15,89,41,14,143,131,90,71,87,106,55,59,91,85,76,20,104
30,25,71,137,130,41,6,80,44,53,77,32,52,81,34,26,87,18,46,145,3,64,107,57,56,95,119,37,60,8,73,31,146,124,29,97,51,82,109,101,7,86,125,35,70,10,144,139,106,134,69,92,50,72,88,120,140,94,127,118,21,122,66,13,22,40,96,49,9,79,43,28,54,15,114,39,58,45,128,93,36,2,42,27,103,135,17,149,116,123,142,65,23,16,83,74,4,121,138,98,133,5,62,84,48,33,115,1,12,148,141,75,102,113,132,108,111,0,67,99,78,110,112,105,90,126,11,136,129,100,24,38,63,117,89,47,14,143,131,19,61,68,147,55,59,91,85,76,20,104
62,25,71,137,130,41,6,82,44,53,77,32,52,81,34,26,22,18,13,145,3,76,117,57,56,95,119,37,60,123,73,31,146,124,66,8,2,86,109,19,7,101,125,35,70,10,51,139,106,64,69,112,50,72,88,131,140,94,127,118,21,122,138,132,135,40,96,17,9,79,43,28,54,15,114,39,46,45,128,93,36,98,42,27,103,58,97,29,116,142,92,65,23,16,83,74,4,121,144,30,133,5,149,84,48,33,115,1,12,148,141,75,120,113,102,108,111,0,67,99,78,110,87,105,90,126,11,136,129,100,24,38,63,134,89,47,14,143,107,49,61,68,147,55,59,91,85,80,20,104
62,25,71,137,4,41,77,85,44,53,81,32,52,101,34,26,22,18,13,145,3,89,31,57,56,95,86,37,60,123,76,97,146,124,66,8,2,54,109,19,7,91,140,35,70,10,72,139,106,64,69,112,50,73,88,131,119,94,127,111,21,122,138,132,135,40,6,117,9,79,43,28,82,15,114,125,46,45,128,93,36,98,42,27,103,130,141,29,116,142,92,65,23,16,33,74,51,121,144,30,84,5,149,83,48,17,115,1,12,148,133,75,120,147,102,108,96,0,67,99,78,110,39,105,90,126,11,24,129,100,113,38,63,134,58,47,14,143,107,49,61,68,87,55,59,136,118,80,20,104
62,25,71,137,4,65,77,85,44,98,81,32,52,101,12,26,38,18,13,145,3,45,31,57,56,22,95,37,124,123,74,97,146,20,66,89,2,54,109,19,7,91,140,35,70,10,72,139,106,118,69,112,50,53,88,131,119,42,127,59,21,122,107,132,135,40,6,117,9,79,43,28,82,15,114,125,46,73,128,93,36,138,130,27,103,0,141,83,116,142,92,94,23,16,1,76,115,8,144,86,84,5,149,60,48,17,41,111,29,148,133,75,120,147,102,108,96,30,67,99,78,110,39,34,90,126,11,24,129,100,113,121,63,134,58,47,14,143,33,49,61,68,87,55,105,136,64,80,51,104
12,25,71,137,4,65,77,58,44,98,53,32,92,101,85,26,38,18,13,89,3,45,31,57,56,22,6,37,124,123,74,97,146,20,66,76,2,54,109,19,7,91,140,35,79,10,72,100,106,50,69,112,111,51,40,131,119,42,88,59,21,122,81,132,135,62,118,117,9,103,43,28,82,64,0,125,46,73,128,93,36,138,130,27,61,15,141,83,116,142,16,94,126,145,1,23,115,8,144,95,84,5,70,60,48,17,41,114,29,148,133,75,120,147,102,108,96,30,67,99,127,110,39,78,90,34,11,24,129,86,113,121,63,134,107,47,14,143,33,49,149,68,87,55,105,136,139,80,52,104
12,25,71,137,4,65,77,128,44,98,147,32,92,101,85,129,38,18,13,89,3,45,31,10,56,53,6,37,124,123,74,97,146,20,66,76,2,54,26,19,103,91,140,35,79,108,72,100,106,50,69,112,70,51,40,131,119,42,88,59,139,122,30,111,135,62,118,117,9,126,127,28,82,64,0,125,46,73,96,93,36,47,17,27,61,15,141,83,116,7,16,94,145,24,1,142,115,8,144,95,43,5,138,57,48,114,41,132,29,148,63,75,120,78,102,60,130,21,67,99,58,110,39,81,90,34,11,84,109,86,113,121,133,134,107,23,14,143,33,49,149,68,87,55,105,136,22,80,52,104
