0,1,2,3,4,5,6,7,8,9,10,11,12,13,14,15,16,17,18,19,20,21,22,23,24,25,26,27,28,29,30,31,32,33,34,35,36,37,38,39,40,41,42,43,44,45,46,47,48,49,50,51,52,53,54,55,56,57,58,59,60,61,62,63,64,65,66,67,68,69,70,71,72,73,74,75,76,77,78,79,80,81,82,83,84,85,86,87,88,89,90,91,92,93,94,95,96,97,98,99,100,101,102,103,104,105,106,107,108,109,110,111,112,113,114,115,116,117,118,119,120,121,122,123,124,125,126,127,128,129,130,131,132,133,134,135,136,137,138,139,140,141,142,143,144,145,146,147,148,149
25,138,2,3,124,5,66,7,61,9,10,45,130,131,102,15,137,17,18,19,135,49,22,16,24,12,106,27,28,14,30,90,8,77,34,35,36,37,38,44,40,91,0,43,146,132,46,47,48,127,50,51,52,53,54,123,121,57,56,59,60,42,62,63,26,65,93,100,68,69,70,71,72,73,136,75,76,33,78,67,80,13,145,83,84,85,86,87,39,89,119,117,92,99,94,1,96,55,98,128,31,101,108,103,104,110,6,107,144,11,21,32,112,20,114,29,116,129,97,4,120,113,122,109,147,125,126,23,115,64,79,95,111,133,134,82,74,81,142,139,140,141,88,143,58,41,118,105,148,149
25,138,4,3,10,5,66,88,61,75,70,45,130,84,102,15,137,17,18,139,117,49,9,72,110,118,106,21,2,14,30,76,8,113,34,35,36,63,105,44,83,46,27,122,57,37,100,7,48,127,50,51,52,53,54,123,121,40,56,59,60,29,67,32,26,65,93,116,99,69,149,71,143,73,136,108,0,33,78,31,80,38,90,47,24,82,86,41,39,89,96,43,92,16,94,98,104,55,131,128,13,101,107,103,140,1,6,146,144,11,19,20,112,126,114,120,62,129,97,95,87,28,77,109,147,125,22,68,115,64,79,135,111,133,134,124,74,81,142,12,42,141,119,85,58,132,145,23,148,91
25,138,4,20,10,5,66,88,49,75,70,87,74,27,102,16,137,14,120,98,99,84,9,72,110,32,106,21,131,65,26,76,13,113,34,101,36,63,105,44,100,38,30,122,57,37,133,7,48,111,50,130,118,53,112,123,121,28,73,59,60,94,19,125,46,149,93,116,64,146,144,71,143,11,136,40,0,33,78,31,80,115,90,47,24,82,86,41,39,56,96,43,92,52,81,89,104,51,1,62,55,45,107,139,140,97,6,109,141,83,54,35,3,126,114,18,128,129,67,95,132,69,77,108,147,79,127,58,103,134,8,135,117,22,17,124,29,61,142,12,42,15,119,85,2,68,145,23,148,91
54,138,12,19,10,5,66,88,49,28,70,87,74,27,102,16,137,14,120,98,99,85,15,72,110,43,106,9,41,65,26,18,13,113,86,101,4,63,97,44,114,136,30,76,31,69,133,62,37,55,50,47,118,134,112,57,32,3,82,59,60,94,117,51,111,121,93,116,64,58,144,24,147,11,42,40,0,33,78,122,80,115,90,38,34,52,100,6,39,142,143,92,20,126,81,89,127,67,1,131,124,68,107,139,140,119,75,109,141,83,7,35,96,123,132,36,128,129,25,95,149,105,77,146,130,79,46,125,103,48,8,135,108,22,17,73,29,61,84,53,56,21,104,45,2,71,145,23,148,91
36,148,12,19,10,5,66,0,49,72,70,87,74,27,102,16,137,98,120,138,29,78,11,65,106,43,85,124,15,130,62,18,4,113,86,101,96,63,9,44,147,32,31,57,92,22,133,109,37,55,119,47,118,134,112,127,97,28,82,59,60,94,117,100,111,121,93,116,64,58,144,24,140,61,69,145,26,33,125,50,80,115,90,38,99,52,75,135,104,39,132,114,20,126,81,89,91,67,1,131,34,68,35,2,107,51,56,6,141,83,7,30,143,46,41,54,128,129,25,95,149,123,3,105,77,79,142,42,103,88,8,48,108,146,17,73,14,110,84,53,122,21,13,45,40,71,136,23,139,76
36,96,57,30,114,128,66,0,48,72,70,87,74,27,102,16,137,98,120,116,29,33,11,5,106,43,22,93,15,130,62,18,4,113,86,101,76,138,9,44,139,103,31,35,92,78,50,67,37,82,54,34,118,134,112,127,97,84,39,59,60,77,107,100,111,14,3,146,64,58,47,24,109,61,69,121,141,8,125,65,80,115,90,38,99,53,40,63,104,123,132,135,20,19,89,143,91,32,1,147,85,68,140,148,56,51,2,6,13,83,7,81,25,46,41,52,133,129,142,95,124,12,119,28,145,79,21,42,105,88,10,75,108,144,149,73,94,110,49,131,122,26,17,45,55,71,136,23,126,117
101,149,57,30,104,60,2,0,48,72,49,87,109,27,102,16,137,98,26,116,110,33,11,19,106,43,128,93,15,10,63,18,85,113,86,36,76,61,9,99,122,103,31,5,42,78,50,130,84,82,54,92,118,64,37,127,97,114,51,22,120,47,107,140,111,91,58,146,34,70,148,24,35,125,96,121,59,8,38,100,80,115,29,45,25,53,40,77,79,123,132,135,7,141,89,143,95,3,1,147,138,68,112,66,56,131,62,6,13,83,69,81,20,144,41,52,133,129,142,55,124,32,65,28,145,74,21,12,105,88,44,75,108,4,67,73,90,94,14,134,46,139,17,119,39,71,136,23,126,117
87,81,57,30,104,0,2,26,48,72,49,6,31,79,5,16,137,70,11,47,110,33,18,60,106,13,128,138,125,145,63,101,85,115,86,36,76,65,9,99,37,103,92,147,42,78,80,130,83,82,54,123,118,64,90,127,97,114,22,77,149,116,44,140,111,113,43,146,34,93,148,24,132,40,96,121,94,19,38,100,41,53,27,61,98,102,107,8,35,117,50,135,23,25,122,58,95,89,1,7,109,68,112,66,56,131,141,21,59,3,69,91,20,144,10,52,133,129,142,55,124,32,45,28,14,74,15,12,105,88,62,75,139,4,67,73,29,119,143,134,46,84,17,108,39,71,136,51,126,120
42,1,100,30,134,53,2,26,136,72,49,129,31,36,5,16,50,70,19,47,110,128,18,14,106,13,9,94,125,8,63,101,85,115,148,54,83,52,60,146,25,103,64,147,48,78,80,130,33,93,61,123,97,71,111,127,75,114,22,77,149,86,44,140,88,37,43,57,34,105,89,24,132,40,28,121,81,142,90,11,6,108,27,32,98,38,99,7,35,117,107,135,23,65,122,58,95,102,96,139,0,68,74,66,56,131,141,21,59,3,69,91,20,144,10,104,109,137,143,55,124,82,45,76,145,87,15,12,116,120,62,133,79,4,67,138,29,92,41,112,46,84,17,73,39,113,119,51,126,118
19,1,61,30,134,53,25,26,136,72,115,111,3,36,47,80,50,29,39,34,110,128,124,14,106,13,9,133,125,8,100,87,71,35,148,88,113,7,5,146,82,103,64,147,48,78,16,130,102,93,49,44,97,109,137,127,73,21,41,77,149,121,22,46,129,37,6,57,62,105,99,40,132,143,28,86,81,142,90,11,17,24,2,70,98,38,108,89,139,117,107,15,23,65,122,58,101,116,96,123,0,68,74,66,56,131,32,85,59,83,69,91,20,144,33,104,31,114,140,55,75,135,45,76,145,79,42,12,10,120,43,95,141,4,67,138,118,92,18,112,27,84,54,94,63,60,119,51,126,52
19,104,61,123,136,143,25,26,4,72,115,98,95,100,47,71,50,29,80,34,121,67,15,14,24,13,111,133,125,86,130,41,40,35,148,88,49,7,5,55,65,103,64,147,48,113,45,118,102,93,53,31,2,9,137,127,73,21,106,77,149,18,85,46,44,37,6,57,82,105,99,138,132,70,28,87,81,142,90,11,56,84,16,74,78,38,129,89,139,117,36,134,116,39,122,131,101,33,96,128,0,68,97,66,51,124,32,8,109,22,69,91,20,144,141,110,76,119,140,83,75,135,108,79,145,23,42,12,10,120,1,114,43,58,146,107,62,92,17,112,27,59,54,94,63,60,3,30,126,52
76,3,62,71,136,18,25,26,4,90,115,98,31,100,47,130,50,125,80,0,42,67,61,14,24,147,111,133,52,86,91,51,40,53,137,88,49,68,5,106,65,103,64,135,13,30,45,43,102,93,34,149,82,9,138,127,73,55,81,77,108,140,92,19,119,37,6,57,105,74,123,36,11,70,28,38,87,96,1,143,56,84,16,41,78,118,129,29,139,117,131,148,116,2,134,7,101,85,99,128,46,113,97,66,48,124,32,8,109,22,69,121,20,144,141,110,39,132,122,83,75,94,35,95,145,23,15,12,10,120,72,114,104,79,146,107,44,33,17,112,27,59,54,89,63,60,21,142,126,58
47,3,75,71,136,18,25,55,32,90,20,98,73,121,31,63,106,87,80,0,42,119,67,134,24,125,111,147,62,86,91,51,108,53,137,139,14,76,45,96,10,103,130,48,58,30,118,43,102,93,34,22,149,9,100,16,60,109,127,77,81,61,94,19,126,57,13,133,105,74,123,36,11,70,28,38,40,135,1,89,56,84,37,41,78,26,129,4,88,140,131,148,5,2,138,7,101,8,99,128,46,85,68,66,112,124,49,117,115,64,69,143,92,144,141,110,39,132,122,83,113,97,35,95,145,23,29,52,65,120,72,15,104,79,146,107,116,33,17,50,27,59,54,82,6,12,21,142,44,114
47,3,75,71,136,18,58,55,32,25,20,104,74,1,31,63,106,87,80,67,42,119,96,121,97,83,43,54,53,86,133,51,108,36,139,98,14,76,45,24,103,0,7,10,62,30,118,81,102,46,34,22,113,59,91,16,131,109,127,28,41,61,4,19,38,57,149,89,105,100,123,129,13,70,6,93,12,135,44,94,56,84,77,137,78,26,92,117,88,140,69,8,5,2,138,110,134,148,99,128,101,141,68,66,112,126,73,64,115,143,60,11,9,144,90,147,124,132,122,65,145,40,35,95,39,23,29,52,130,120,72,15,48,79,146,107,116,33,17,50,27,37,85,82,49,125,21,142,111,114
109,26,75,71,103,18,49,55,2,25,19,123,39,40,31,63,106,87,32,67,42,119,113,65,78,94,145,54,53,56,104,51,80,36,139,98,14,126,45,24,7,0,148,72,62,91,118,81,128,46,34,135,116,59,100,133,131,37,127,66,41,61,4,97,38,57,132,102,105,68,16,129,28,136,115,90,12,108,44,43,93,84,124,137,20,138,92,117,6,58,69,30,5,13,96,121,134,83,99,110,101,141,3,140,86,88,73,64,60,143,149,11,9,144,77,147,89,33,122,23,1,10,35,95,29,79,74,52,130,120,76,15,48,21,146,107,8,70,17,50,27,47,85,82,112,125,22,142,111,114
78,26,117,71,103,18,49,55,1,124,39,109,132,14,31,123,106,87,32,67,42,110,88,65,44,94,145,54,82,66,104,51,80,148,77,98,63,41,45,50,7,0,100,72,62,21,118,81,128,46,34,11,8,59,97,61,53,37,2,10,137,40,133,4,38,57,96,102,75,68,16,112,28,139,58,90,142,131,105,113,126,84,76,48,20,138,92,107,60,144,69,127,5,13,108,121,134,83,99,56,101,141,3,140,86,111,73,64,130,143,149,115,30,119,43,147,89,33,122,23,93,70,52,95,125,79,74,12,36,19,35,15,25,120,146,6,29,135,17,9,27,47,85,116,91,136,22,24,129,114
78,26,117,90,103,18,63,55,1,124,127,33,132,14,95,108,106,13,32,148,42,110,76,141,44,131,145,50,82,66,104,51,80,123,77,128,67,122,45,71,7,0,43,72,62,91,54,81,94,46,74,146,69,59,5,84,53,37,2,10,6,40,83,61,38,39,96,102,75,68,49,112,28,139,58,70,142,133,105,3,21,12,113,48,20,138,135,107,60,52,98,114,30,88,57,121,134,92,11,56,101,31,93,140,86,111,85,147,130,143,129,115,87,119,29,19,89,118,34,23,4,144,65,137,100,120,8,109,36,99,35,15,125,25,149,97,79,73,17,9,27,47,16,116,126,136,22,24,64,41
78,26,46,90,103,18,63,12,1,106,127,13,132,95,8,71,118,89,101,148,29,136,76,94,44,61,119,102,51,48,69,107,81,47,77,86,117,122,45,66,42,0,43,55,62,91,54,33,65,146,9,139,49,104,5,6,25,37,2,10,70,80,83,3,68,39,96,32,75,57,50,67,38,141,58,142,84,133,105,129,21,60,113,131,20,138,135,72,7,82,98,114,59,88,17,121,134,92,11,56,124,31,93,140,74,111,85,147,130,143,53,115,87,108,4,19,128,123,34,23,14,144,36,137,100,120,40,109,145,99,35,15,125,52,64,97,79,73,30,24,27,28,16,116,126,112,22,149,110,41
10,34,46,139,103,24,71,12,1,55,127,147,132,95,70,63,118,32,101,50,42,136,18,94,7,57,119,102,76,142,68,107,73,47,77,86,104,61,45,66,111,65,44,8,62,91,54,33,21,146,9,116,49,120,5,115,35,15,51,30,128,80,83,3,125,100,96,129,75,13,37,67,149,141,134,140,84,133,105,137,25,60,113,131,20,138,135,72,48,82,98,114,108,88,17,121,69,92,43,56,124,31,93,40,59,106,117,89,130,143,81,87,53,6,58,4,11,123,19,23,14,144,36,78,122,27,148,109,145,99,38,74,85,52,64,97,79,26,39,0,29,28,2,16,126,112,22,90,110,41
10,122,46,115,103,1,24,12,11,97,102,141,132,95,70,63,118,147,101,21,42,136,18,94,7,57,90,39,76,77,71,86,61,47,22,121,29,51,27,66,111,65,44,8,62,91,54,55,114,146,9,50,49,16,5,75,35,87,110,30,83,6,2,133,112,100,96,99,33,13,37,67,149,14,134,140,131,41,105,137,25,53,113,104,20,138,135,0,48,82,119,125,108,127,45,116,69,92,43,56,124,31,93,40,81,106,117,68,130,143,107,142,60,73,4,120,34,123,19,3,128,144,36,126,79,23,148,109,145,32,38,74,85,52,17,80,89,26,58,84,72,28,139,78,88,59,98,129,64,15
10,47,28,115,18,1,24,12,39,97,34,141,49,25,70,88,118,121,101,103,86,136,104,94,7,69,19,116,76,77,71,2,66,81,22,146,29,51,27,58,111,63,44,65,67,91,54,55,114,132,9,112,99,16,5,129,35,119,110,30,48,6,117,89,83,42,96,128,33,57,123,108,149,14,134,122,4,41,105,133,87,53,113,62,20,138,135,0,73,82,100,90,137,127,45,17,139,92,120,56,124,31,93,40,131,60,106,95,130,143,107,142,72,13,109,37,61,125,59,3,8,144,36,43,140,23,148,102,145,126,38,75,85,52,11,80,21,26,32,84,147,74,79,78,50,46,98,68,64,15
10,47,28,115,63,1,24,12,39,114,34,141,45,100,134,88,118,55,82,149,86,136,71,94,7,69,19,116,95,117,93,103,66,0,22,146,16,51,27,92,111,73,44,65,97,79,54,78,70,132,9,29,99,18,77,129,76,119,110,30,46,145,139,89,83,6,2,128,3,32,81,108,148,112,26,122,4,41,142,133,126,53,113,62,20,42,135,124,91,138,104,33,137,127,64,17,74,147,120,23,14,57,58,40,105,60,106,48,123,143,107,49,72,56,109,37,61,67,90,121,8,144,36,43,101,96,5,102,130,35,38,75,85,52,131,80,21,59,140,84,68,87,13,31,50,11,98,125,15,25
38,7,28,53,63,135,24,12,39,99,34,59,45,11,132,88,118,57,82,73,81,26,134,94,36,80,105,116,33,115,125,103,100,0,31,146,22,95,27,93,110,109,44,1,47,79,54,21,137,72,9,29,112,97,77,129,76,119,78,16,127,145,139,89,90,6,2,128,3,32,114,74,148,117,4,122,25,70,142,133,126,18,113,55,20,42,87,106,91,138,104,15,85,136,92,17,101,147,120,23,14,71,51,40,69,60,66,48,123,143,107,49,10,56,111,37,61,67,46,121,65,144,140,43,58,96,5,102,130,19,8,75,35,52,131,41,149,30,108,84,68,83,13,86,50,141,98,124,64,62
54,77,28,116,49,135,24,12,39,112,86,59,45,11,91,38,118,42,82,34,81,26,108,140,36,79,10,6,113,70,123,98,9,33,31,146,99,95,27,94,110,53,44,1,67,115,73,21,137,72,133,29,85,97,56,129,76,119,78,14,127,145,139,16,90,149,18,128,3,32,17,74,58,105,4,122,25,75,142,96,126,47,20,55,93,117,87,106,130,138,104,15,120,136,92,134,101,147,132,23,80,71,51,40,114,125,66,48,0,143,107,41,121,46,111,37,22,102,50,60,65,144,35,43,148,7,69,57,64,2,8,89,63,52,61,131,103,30,109,84,68,83,13,100,19,141,88,124,5,62
54,83,28,49,143,34,24,12,113,112,17,59,45,98,135,38,136,15,125,50,42,26,39,140,115,79,10,6,57,61,123,44,9,100,33,119,146,95,27,94,110,29,36,1,99,25,129,118,82,72,130,4,85,35,56,148,76,3,78,14,127,145,139,16,90,11,62,0,133,32,73,21,58,105,128,122,65,75,142,149,53,47,41,55,93,70,5,106,126,138,8,20,120,121,92,67,101,97,132,141,80,71,51,87,114,23,66,48,144,134,107,74,147,46,111,37,22,117,86,60,40,91,104,43,31,77,69,137,64,2,108,89,63,52,18,131,103,30,109,84,68,96,13,102,19,7,88,124,81,116
54,83,115,49,143,42,24,52,113,2,17,57,45,4,135,140,136,15,125,50,3,99,39,9,148,79,10,6,149,61,123,44,92,107,33,119,59,95,102,34,117,32,36,1,60,86,129,38,82,90,130,101,67,35,100,108,75,137,78,14,97,145,139,110,122,11,62,56,16,118,13,21,58,142,40,25,63,116,41,27,111,47,20,146,93,70,5,106,29,138,8,141,120,121,53,26,134,105,132,81,12,127,51,55,114,23,88,48,144,84,71,74,147,46,98,37,22,128,0,94,126,91,104,43,31,77,69,87,64,76,85,89,65,133,18,131,103,30,109,80,68,96,73,112,19,7,28,124,72,66
32,112,115,49,143,114,125,127,137,2,68,57,45,4,16,140,136,15,33,50,3,90,39,108,88,22,10,113,123,35,64,44,92,107,83,85,59,95,61,34,67,102,36,38,69,86,99,105,82,93,130,101,119,6,42,56,75,135,47,14,97,60,87,110,122,11,129,55,51,118,17,21,58,142,40,25,63,116,41,27,111,7,79,146,37,70,5,106,29,145,62,65,120,121,53,148,134,117,103,81,12,98,8,52,24,23,46,48,144,84,78,74,147,1,133,131,138,128,0,73,126,91,104,43,54,77,141,149,31,76,96,89,13,139,18,26,9,30,109,80,94,66,28,132,19,100,71,124,72,20
132,12,81,89,37,114,125,127,126,2,68,122,45,39,105,33,136,15,21,65,3,90,66,138,88,94,14,113,123,50,23,44,53,8,16,85,87,95,118,34,111,121,36,38,69,86,99,73,82,93,83,140,119,6,5,56,75,115,47,98,97,60,102,110,135,78,129,62,51,148,17,79,58,142,40,147,63,116,41,10,13,7,100,146,101,70,52,46,29,145,108,72,120,32,18,112,134,117,103,57,92,11,48,25,139,64,137,42,144,61,143,74,22,1,133,131,124,128,0,55,104,91,106,43,54,77,141,149,31,76,96,49,27,4,35,26,9,30,109,80,107,67,28,59,19,130,71,24,84,20
132,53,100,89,37,114,125,127,54,2,126,122,39,44,52,33,108,42,136,32,3,101,107,138,88,94,21,113,141,71,51,61,17,8,35,105,15,95,92,34,140,121,142,38,85,78,123,73,82,93,83,23,119,6,5,56,75,9,47,98,76,80,102,110,135,148,129,62,81,79,117,12,58,97,40,147,48,116,41,10,13,7,49,146,124,70,55,46,29,145,68,99,66,36,18,112,134,50,103,143,69,11,111,104,139,64,137,86,144,118,109,74,22,1,133,0,57,25,59,14,149,91,43,115,24,77,45,65,31,87,96,131,27,4,63,26,60,30,106,120,16,67,28,72,19,130,128,90,84,20
132,53,131,89,148,114,125,94,75,72,126,122,77,143,52,112,39,42,136,32,3,67,46,138,88,28,15,55,95,71,51,61,17,8,35,146,79,13,92,140,43,40,142,38,85,130,123,2,36,41,83,5,119,6,128,56,111,115,47,98,76,80,117,110,135,93,129,62,44,49,108,12,58,97,11,147,48,116,9,144,66,31,37,63,124,70,127,105,29,145,68,99,78,133,18,7,134,50,73,19,69,96,107,104,65,64,137,30,121,118,22,74,59,1,25,0,57,86,23,14,149,91,54,102,24,109,100,21,103,87,141,101,10,4,82,26,60,33,106,120,16,27,34,139,113,81,45,90,84,20
77,53,131,89,148,2,125,45,75,139,126,122,127,143,11,112,39,30,103,7,65,145,46,138,88,28,27,55,100,71,67,38,17,84,92,146,79,22,42,6,43,3,34,132,85,32,123,149,36,41,136,5,119,121,128,56,9,130,47,98,76,13,117,62,135,93,129,61,44,49,108,12,57,8,29,147,48,116,118,144,66,111,37,141,124,70,35,105,97,82,68,99,109,4,18,14,134,50,73,114,107,96,94,104,51,133,102,52,80,95,106,140,59,78,25,0,113,86,23,19,90,91,54,83,24,74,15,21,60,87,110,101,10,64,58,26,40,33,31,120,16,115,142,69,63,81,1,137,72,20
77,105,55,19,148,2,144,45,75,146,126,122,47,24,82,112,125,31,103,7,38,88,102,138,101,11,97,42,41,71,67,109,17,123,92,84,50,22,111,6,43,3,34,33,60,104,65,149,36,100,136,5,120,121,18,56,9,130,79,98,39,13,117,85,135,143,129,61,44,131,108,12,57,27,29,147,8,116,51,66,94,15,37,141,124,62,35,127,49,68,99,93,30,4,128,14,78,40,74,114,107,96,53,132,86,133,48,52,80,95,106,46,59,76,25,0,70,28,23,134,90,91,54,145,63,140,139,21,119,87,110,73,16,32,58,26,83,113,10,118,64,115,142,69,89,81,1,137,72,20
77,105,55,3,148,2,144,52,75,11,72,122,120,24,82,112,31,109,103,7,38,29,102,138,62,126,97,136,41,46,123,34,13,44,99,76,50,22,111,6,15,43,27,33,60,104,108,18,149,100,146,5,48,121,4,16,9,133,79,64,39,98,28,86,135,143,84,85,118,32,12,57,19,134,53,147,65,0,51,66,94,125,37,141,124,45,110,127,49,68,56,93,30,42,128,14,8,40,74,114,107,130,101,132,21,35,129,96,80,54,106,117,59,95,25,61,70,20,88,63,90,91,78,145,119,140,139,137,131,87,17,73,116,67,58,26,83,113,10,71,47,115,142,69,89,81,1,92,23,36
77,7,80,3,45,2,144,129,37,11,14,132,120,24,33,112,31,44,139,102,38,28,91,20,67,40,62,136,41,46,123,34,122,94,99,76,133,109,111,35,15,43,27,79,60,57,108,10,19,54,18,97,48,32,4,16,73,103,68,64,39,55,113,86,135,82,72,85,118,110,12,141,98,134,53,147,22,0,51,100,61,121,104,148,124,65,149,9,49,29,105,93,30,42,138,50,8,96,74,117,107,130,5,84,21,101,47,75,143,114,106,126,52,95,25,128,70,59,88,63,90,127,78,145,119,140,56,137,131,87,17,6,116,66,58,26,83,13,1,71,36,115,142,69,89,81,146,92,23,125
77,7,63,86,45,11,84,113,21,118,14,132,1,24,33,112,31,44,139,106,27,74,131,76,67,40,62,136,148,46,129,34,122,116,120,6,135,109,111,35,2,65,80,79,128,3,108,32,19,54,18,97,48,52,4,16,144,57,91,64,39,55,90,95,96,82,72,85,83,143,12,73,101,134,53,147,15,0,51,149,142,133,104,127,124,28,60,9,98,29,105,93,30,42,138,50,137,22,123,117,107,130,5,68,103,99,47,75,81,43,121,126,13,145,25,49,70,59,88,92,71,94,78,17,61,140,56,41,37,87,38,115,119,66,102,26,58,8,10,20,36,110,141,69,89,114,146,100,23,125
2,7,63,86,51,11,84,113,53,66,56,27,1,24,33,8,31,115,139,12,14,74,131,76,43,130,15,136,13,46,129,34,108,116,104,102,135,134,111,35,112,138,132,79,120,78,40,107,19,80,18,97,48,82,61,77,144,57,91,64,39,128,55,95,96,143,72,85,83,32,137,73,101,49,3,75,118,45,141,149,140,6,47,127,124,148,99,9,98,90,105,70,60,42,4,68,117,22,123,21,30,65,145,110,103,146,16,62,81,44,121,126,50,106,25,28,5,59,88,92,71,94,0,17,29,93,122,41,37,87,38,142,119,67,109,26,58,133,10,20,36,147,52,69,89,114,54,100,23,125
24,75,63,86,51,11,90,111,53,66,56,58,1,49,33,20,31,115,76,135,14,5,131,130,101,148,15,136,39,46,129,74,108,82,102,109,13,134,22,70,79,138,117,28,120,78,40,34,35,95,7,97,48,133,61,140,128,57,27,43,36,127,112,104,96,143,72,85,83,32,137,73,80,59,3,113,118,45,65,103,144,6,47,42,124,84,99,9,98,64,105,141,62,0,4,68,87,147,123,121,8,18,145,110,30,146,16,116,81,44,37,21,50,106,12,55,107,60,88,92,71,94,132,126,29,93,122,41,17,139,25,142,119,38,67,91,26,2,10,149,77,19,52,69,89,114,54,100,23,125
85,75,28,86,70,80,133,61,146,66,90,58,39,49,33,20,31,26,76,59,14,5,131,130,101,120,15,136,115,46,129,74,108,82,102,87,126,134,12,11,79,138,119,22,78,124,40,144,56,53,7,137,141,96,6,98,128,57,27,43,36,71,104,147,84,110,135,8,83,23,140,73,62,94,3,1,118,45,65,103,24,52,95,42,67,97,112,9,35,64,105,148,32,0,92,68,127,113,123,117,34,18,145,21,30,51,16,116,81,48,37,13,19,47,121,55,107,60,50,139,63,4,132,99,29,93,122,41,17,106,25,142,44,38,125,91,72,2,10,149,77,111,109,69,89,114,54,100,88,143
19,75,28,86,70,69,129,61,3,66,90,58,39,72,100,20,31,77,76,122,14,5,107,130,101,73,15,136,140,37,124,25,108,115,102,87,126,18,79,11,112,138,95,74,23,71,40,144,65,78,7,137,50,96,6,98,128,111,27,121,36,46,35,147,84,110,135,8,80,12,56,120,42,94,9,1,118,24,53,125,88,54,97,141,63,22,52,149,82,57,105,148,32,33,92,146,127,113,123,117,34,62,145,21,119,51,16,116,81,48,103,13,0,47,55,139,67,60,59,131,85,4,64,99,29,93,26,41,17,43,134,142,44,38,106,91,45,2,10,83,133,30,109,143,49,114,89,68,132,104
146,57,28,86,70,82,129,61,64,66,101,58,122,72,100,47,115,77,142,0,14,21,107,130,39,91,15,136,34,37,44,11,20,60,8,46,105,18,79,102,112,138,95,74,49,71,96,144,65,132,23,137,50,53,6,116,128,111,27,121,35,92,103,73,84,110,135,90,87,12,145,126,31,94,9,1,118,133,108,125,88,54,68,99,63,143,52,149,51,124,2,120,32,33,43,7,62,113,123,117,4,36,25,75,119,42,16,80,81,48,127,13,40,24,148,139,67,97,69,131,85,59,147,3,29,93,26,41,17,140,134,5,19,22,106,141,45,78,10,83,76,30,109,98,55,114,89,38,56,104
75,57,28,86,70,10,129,61,64,40,149,58,99,107,100,49,146,18,142,111,14,21,47,130,71,91,15,136,34,37,128,3,26,60,108,46,105,8,79,102,112,138,12,74,143,23,82,123,42,132,90,137,50,66,6,116,35,69,27,121,83,92,103,73,77,110,0,62,87,117,145,126,31,44,9,30,118,133,51,125,88,43,36,101,63,139,52,45,131,84,2,120,32,33,115,72,65,113,135,39,22,78,25,127,81,20,16,80,89,48,5,4,134,144,148,7,67,97,24,53,95,59,147,85,11,93,68,41,17,140,124,104,19,13,106,141,1,98,94,29,76,119,109,96,55,114,54,38,56,122
75,57,121,86,70,10,113,64,41,40,69,58,89,148,100,49,146,33,85,46,14,21,47,130,71,91,15,136,34,3,94,107,114,60,108,123,0,8,79,102,129,138,35,119,143,31,131,51,48,132,90,137,50,66,87,116,18,20,124,149,62,92,103,53,1,110,104,111,17,117,145,133,144,80,9,30,42,125,67,83,142,43,36,101,63,5,52,45,98,84,2,120,32,61,115,72,65,141,135,96,22,78,28,127,81,112,25,74,139,44,26,4,134,56,73,7,38,97,24,82,95,99,109,105,11,93,68,12,27,140,88,16,19,13,106,147,77,126,39,29,76,59,118,23,55,37,54,128,6,122
112,90,34,86,117,48,71,42,41,40,87,149,89,148,100,49,85,33,139,46,14,21,47,130,8,91,15,136,75,13,94,107,45,60,10,123,0,73,79,102,32,105,6,145,143,76,114,51,124,17,109,80,50,66,23,113,38,20,64,138,62,92,99,70,1,115,126,111,19,68,57,133,144,18,9,30,137,125,67,83,142,43,36,110,25,69,52,104,98,35,2,120,58,61,116,72,65,141,135,96,108,121,28,127,81,95,131,74,77,44,26,4,129,56,82,7,31,84,24,103,63,119,3,12,97,53,134,93,27,118,88,16,146,101,106,147,11,132,39,29,78,59,22,140,55,37,54,128,5,122
112,90,16,42,117,48,71,76,41,72,86,93,89,105,100,49,141,26,139,40,113,21,28,130,147,36,15,136,75,13,94,123,67,144,10,31,20,73,69,102,27,22,6,145,138,77,108,51,124,56,23,80,50,79,106,87,107,148,64,66,62,129,149,70,1,115,126,111,19,68,57,133,137,18,92,30,24,125,143,83,109,43,99,110,134,61,52,104,98,35,2,120,29,74,116,17,65,81,63,96,131,85,142,127,37,95,121,8,135,32,60,4,53,45,82,7,14,84,33,103,3,119,34,12,114,47,9,91,0,118,88,38,146,101,25,44,11,132,39,46,78,59,97,140,55,128,54,58,5,122
112,99,80,42,63,86,71,98,25,72,70,109,87,28,100,117,137,61,141,68,113,21,0,39,147,36,128,136,119,13,94,93,140,15,10,49,4,46,34,29,123,22,6,145,130,77,108,54,124,116,23,138,50,79,106,26,107,148,41,89,62,129,149,1,69,115,126,111,19,75,57,33,105,27,92,30,59,125,143,83,67,56,88,110,134,3,52,104,73,35,133,120,90,139,81,17,65,102,97,96,131,85,142,127,37,66,121,8,135,32,144,24,53,45,82,7,14,84,18,76,47,20,51,74,114,16,9,95,146,118,103,38,43,101,2,44,11,132,40,48,78,64,12,60,55,31,91,58,5,122
112,99,80,42,63,72,71,93,25,145,4,109,12,115,100,50,45,61,27,28,110,21,3,104,105,36,54,53,119,13,94,127,1,15,66,49,128,46,34,103,123,22,6,135,130,77,108,16,33,137,140,39,126,113,106,30,59,148,7,89,62,129,57,116,69,120,10,111,19,75,44,41,98,23,92,114,79,85,143,83,67,70,56,82,117,134,52,58,73,35,133,20,90,81,147,17,65,102,97,0,144,96,142,43,86,29,121,8,26,32,37,24,88,146,125,139,14,84,18,76,47,131,51,74,141,31,9,95,136,118,107,38,48,101,2,87,11,132,40,68,78,64,124,60,55,138,91,149,5,122
118,99,96,95,86,72,71,122,5,47,4,145,12,115,39,89,104,44,27,28,110,37,130,120,105,35,54,68,119,97,126,127,109,15,66,49,48,16,10,103,3,22,123,135,149,32,9,51,33,137,24,94,42,113,106,30,59,148,7,52,62,129,57,116,140,124,133,111,19,75,53,41,98,23,13,114,79,85,143,45,36,70,56,82,117,100,88,58,73,107,91,20,90,81,25,144,65,102,67,134,93,78,63,43,50,29,121,8,26,69,17,128,112,147,125,139,14,84,18,76,77,83,146,74,141,31,61,132,136,108,80,38,1,101,2,87,92,142,21,40,46,64,34,60,55,138,0,11,6,131
3,129,96,8,86,97,71,122,5,60,4,145,72,36,39,89,104,34,27,28,110,37,76,120,105,117,49,16,119,125,126,127,109,15,17,84,48,35,1,103,58,22,123,135,81,95,9,56,33,44,54,94,42,47,106,30,124,148,7,52,45,130,57,116,113,144,25,111,99,75,132,62,53,14,13,114,133,2,143,140,12,70,68,82,85,0,88,137,73,107,41,20,24,128,66,118,131,102,23,134,43,78,100,91,63,79,121,98,26,32,69,115,112,147,80,139,67,142,18,64,77,83,146,74,141,31,61,55,136,50,51,38,149,101,90,87,92,93,21,40,46,19,59,10,65,138,108,11,6,29
25,127,96,8,81,125,71,69,5,38,45,145,72,36,39,82,104,60,27,28,110,116,76,121,79,117,89,16,119,122,129,53,19,126,134,37,68,107,1,18,58,22,123,135,50,3,9,56,33,44,54,95,15,47,29,30,124,35,7,52,112,59,138,144,86,32,105,111,84,75,132,62,24,41,13,103,133,2,48,140,12,70,101,17,85,0,88,137,73,114,94,20,10,99,66,118,21,102,23,113,43,78,100,91,14,49,4,120,97,146,106,57,63,147,80,139,67,142,26,64,77,83,98,74,143,31,61,55,141,34,51,115,149,87,90,46,92,93,109,6,128,130,136,131,65,42,108,11,40,148
80,22,107,126,81,136,71,69,113,87,53,145,23,21,39,82,104,60,27,129,110,116,148,121,15,117,89,56,31,32,40,102,19,76,132,37,68,79,74,5,58,109,0,135,14,127,9,3,35,44,54,95,18,47,29,30,124,55,7,85,72,59,119,144,86,108,49,105,84,140,112,62,24,50,13,45,133,73,122,36,12,70,101,100,48,111,88,137,2,38,94,20,10,99,66,118,26,146,103,96,43,28,123,91,83,33,4,120,97,67,106,78,63,147,75,139,65,142,41,64,77,52,98,138,143,17,61,125,141,114,51,115,149,57,90,46,92,25,1,6,128,130,16,131,134,42,93,11,34,8
80,22,107,126,77,21,95,1,29,127,53,145,49,93,36,99,54,60,46,129,110,31,103,121,104,117,89,56,39,32,75,102,141,76,132,37,139,87,3,5,58,26,66,73,71,82,68,28,35,64,59,135,18,47,138,30,48,86,7,91,72,148,119,136,111,108,116,105,84,140,4,45,123,50,13,17,133,44,81,112,12,79,101,100,113,0,98,27,122,144,94,20,10,40,55,118,19,146,69,96,43,14,90,38,83,33,85,120,97,67,109,78,63,147,2,9,65,142,41,62,124,52,15,106,143,74,61,125,88,114,51,115,149,57,137,24,92,25,70,6,128,130,16,131,134,42,11,23,34,8
80,22,107,126,110,59,95,1,29,52,53,145,49,93,91,100,18,60,46,116,32,27,117,104,17,19,103,127,39,21,68,102,141,15,132,106,5,87,3,31,99,142,30,73,71,82,85,133,148,64,51,135,28,50,79,6,48,138,121,55,115,47,119,136,97,108,129,67,84,140,4,105,123,81,56,120,57,72,89,128,124,75,101,131,113,0,98,54,122,144,94,20,10,11,76,118,36,146,69,96,43,14,90,38,83,58,7,86,12,88,109,78,63,147,2,9,65,66,41,62,33,37,35,40,143,74,61,125,45,114,139,23,149,13,112,24,92,25,70,137,26,130,16,44,134,42,111,77,34,8
129,36,107,88,86,56,77,1,29,52,53,145,27,47,133,100,18,32,46,116,87,75,117,44,17,97,103,57,39,16,13,102,19,136,132,106,91,49,124,74,99,5,121,73,71,82,85,140,55,64,127,135,28,67,79,95,48,138,70,3,0,50,143,148,41,108,122,141,114,119,42,105,104,81,110,120,30,72,89,128,93,149,21,131,113,24,98,54,68,15,94,20,10,31,76,118,43,90,69,96,65,14,115,38,83,58,7,142,12,6,109,78,63,147,2,9,4,66,146,125,33,37,35,40,22,126,61,144,45,101,139,23,130,80,112,11,92,51,60,137,26,25,123,62,134,59,111,84,34,8
28,54,107,27,50,75,77,1,29,76,53,145,95,47,94,89,130,32,46,116,55,10,93,86,17,97,87,57,39,16,74,117,5,136,132,106,91,49,124,129,99,7,142,61,71,128,85,140,78,64,52,135,24,23,18,56,48,138,70,3,102,82,127,43,41,123,122,141,114,119,42,105,104,143,125,120,100,14,72,9,30,149,146,131,133,20,98,38,68,15,103,13,96,31,81,118,51,90,69,109,65,73,115,88,83,58,111,79,12,6,26,36,63,147,67,148,4,66,21,137,33,62,35,40,22,126,2,0,45,101,139,34,44,80,112,11,92,134,60,113,144,37,19,121,25,59,108,84,110,8
69,54,53,115,50,75,107,7,86,76,67,145,131,93,94,2,130,32,46,119,55,10,80,101,17,97,87,57,11,16,74,117,5,136,132,106,91,63,121,138,118,6,142,61,71,27,18,140,114,43,52,47,135,23,25,56,124,13,70,3,102,82,127,85,41,123,122,110,24,9,42,39,104,128,65,120,100,129,48,77,30,149,146,35,133,31,98,38,19,15,103,49,96,84,81,144,139,90,95,109,92,28,68,88,83,51,111,137,36,72,29,78,1,147,20,148,4,12,21,143,33,62,66,40,22,126,60,0,45,73,113,34,44,26,112,134,116,64,125,105,14,37,141,58,89,59,108,99,79,8
0,54,53,97,50,75,88,43,142,76,52,134,131,93,94,2,130,32,46,146,127,104,80,58,149,3,87,57,11,16,74,33,5,103,132,106,12,63,115,117,118,139,47,61,71,116,18,123,66,42,119,70,133,23,25,56,59,13,100,17,102,82,36,145,124,135,101,110,24,67,140,39,143,8,35,128,114,68,48,77,28,107,109,41,90,31,98,38,69,15,105,49,96,84,81,144,120,91,95,136,92,9,30,138,83,51,111,137,86,72,29,78,1,147,20,148,64,122,21,14,10,62,6,40,22,126,65,7,85,27,113,34,44,26,112,129,79,55,125,4,121,37,141,60,89,73,108,99,45,19
1,54,136,121,50,75,63,119,142,36,52,31,40,93,94,2,130,69,132,82,127,138,80,58,149,95,9,57,11,16,72,22,53,103,77,43,41,106,115,0,118,133,47,61,12,116,18,123,97,42,110,46,141,143,25,117,99,13,100,17,102,55,66,76,124,101,4,39,24,67,140,113,48,8,32,15,114,68,5,111,28,107,109,145,122,144,146,38,131,33,105,51,96,84,81,98,120,91,104,29,92,128,30,23,83,3,56,137,86,60,35,78,87,139,20,148,64,6,21,14,10,62,49,147,70,126,65,7,85,74,90,34,71,26,112,129,79,134,125,44,88,37,27,59,135,73,108,89,45,19
16,29,136,121,50,8,109,119,6,36,52,88,40,93,94,2,22,105,132,115,141,85,102,39,149,95,9,83,5,58,72,144,116,21,46,43,65,11,113,70,130,122,47,135,12,84,140,54,97,42,110,118,62,127,25,117,73,77,100,17,120,55,66,76,124,101,4,126,24,67,89,71,48,128,99,15,114,68,33,111,28,107,92,145,134,38,146,69,82,13,133,51,96,1,81,79,32,91,138,63,31,57,30,23,139,3,143,137,86,60,35,78,87,53,20,75,64,142,104,14,10,106,49,147,0,80,103,7,61,74,90,34,37,26,112,129,18,123,125,44,148,56,27,59,131,98,108,41,45,19
130,29,142,135,28,17,103,62,6,39,10,88,141,93,94,58,91,105,132,115,119,83,121,124,2,0,9,74,129,30,72,144,5,53,86,43,65,20,128,70,3,122,47,108,12,84,140,54,97,42,110,118,102,127,113,117,73,8,149,104,25,55,66,15,126,101,4,82,57,67,89,79,48,80,99,85,114,68,33,111,87,107,92,143,36,38,146,69,51,120,133,59,116,1,81,52,32,71,138,136,31,46,35,24,139,40,21,137,22,60,76,78,50,95,13,75,64,77,96,14,23,109,49,147,18,145,11,7,61,34,90,134,37,26,112,16,100,106,125,44,148,56,27,123,131,98,63,41,45,19
130,41,114,28,77,17,48,141,6,39,125,88,124,93,138,58,103,52,132,113,119,83,116,24,2,29,149,79,21,30,142,144,5,53,75,43,80,20,128,70,3,71,47,108,123,84,140,54,97,42,110,118,46,4,100,117,73,10,62,104,25,76,66,15,126,101,94,82,135,67,89,55,1,78,99,32,129,68,33,65,87,0,86,139,14,38,146,122,51,120,72,59,57,127,60,31,131,106,12,136,8,109,35,11,121,40,85,137,22,81,26,143,69,36,13,111,64,19,96,74,92,102,49,147,18,145,107,7,61,34,23,134,37,91,112,16,133,50,9,44,148,56,27,105,90,98,63,115,45,95
57,41,146,28,15,17,31,3,6,115,89,8,124,93,54,139,103,86,132,37,119,83,87,33,18,29,30,79,48,111,141,90,5,104,75,43,80,20,52,70,98,40,88,24,123,84,140,76,101,42,110,118,46,97,116,107,127,10,62,117,25,144,39,130,14,65,94,82,135,67,34,55,1,78,99,32,138,68,131,66,126,0,53,128,73,64,113,122,51,120,72,114,100,108,60,50,109,58,12,136,4,106,35,11,121,142,85,105,22,81,26,143,69,36,13,47,125,19,38,74,92,102,71,147,91,145,148,7,61,49,23,134,137,21,112,149,133,77,9,44,129,56,27,63,96,2,16,59,45,95
133,115,146,23,15,48,31,3,67,113,89,0,36,144,54,139,65,77,30,147,16,38,87,71,14,119,52,79,118,111,131,90,29,104,136,43,86,26,114,88,121,40,101,24,123,84,140,5,9,42,110,57,46,97,116,107,127,18,62,117,25,75,39,10,66,2,22,82,94,8,138,55,1,78,73,32,41,68,70,44,126,83,98,128,69,64,34,141,51,120,72,17,100,108,60,50,109,85,12,80,4,106,35,11,58,142,76,7,93,81,28,27,103,6,143,47,125,19,135,74,92,102,124,53,91,145,148,20,61,49,129,134,137,21,112,149,37,122,13,130,132,56,33,63,96,105,99,59,45,95
133,21,97,117,123,48,79,3,67,113,57,66,36,94,54,148,33,61,137,147,16,85,87,43,14,119,52,84,118,111,131,107,37,104,136,92,86,18,121,8,69,40,101,24,47,138,89,5,9,42,91,10,46,31,116,41,110,74,62,29,6,75,39,146,77,108,22,82,81,90,139,55,1,15,73,32,23,68,70,44,126,28,98,128,30,35,34,141,51,120,72,17,124,7,60,0,109,25,12,80,83,106,78,11,58,149,130,26,93,132,115,27,103,127,143,145,125,19,135,100,134,102,2,20,50,38,71,53,65,49,129,114,88,95,112,64,142,122,13,144,4,56,140,63,96,105,99,59,45,76
99,21,22,117,125,48,111,3,81,83,57,19,69,94,54,148,33,61,137,147,16,85,44,43,0,119,133,140,118,11,66,67,36,104,2,74,70,18,121,8,6,40,107,24,47,84,132,105,60,135,65,97,46,142,116,52,110,138,62,37,42,75,39,146,64,108,139,82,101,32,9,90,1,15,89,77,130,68,87,91,126,28,100,128,30,5,34,141,55,120,72,17,124,7,58,71,78,25,12,80,41,50,92,109,4,149,136,26,93,123,115,27,86,127,143,145,23,14,79,35,134,73,51,20,131,38,106,53,29,49,129,114,103,95,112,88,31,122,13,144,98,56,113,63,96,10,59,102,45,76
144,21,126,117,49,48,98,3,116,83,57,19,136,94,54,148,33,61,137,147,52,6,119,106,0,102,16,22,69,8,89,99,14,55,2,103,51,30,121,66,134,43,107,24,47,74,132,112,60,135,65,4,46,142,70,44,110,138,62,37,81,75,39,146,64,108,26,111,125,32,96,36,85,72,118,77,130,68,34,91,79,28,82,128,114,87,90,141,127,42,40,17,124,97,58,71,78,25,12,80,41,50,92,109,5,149,9,76,15,123,115,27,105,140,143,145,7,67,120,88,95,73,101,20,84,38,100,53,29,23,129,11,104,139,56,131,31,122,13,1,133,86,113,63,18,10,59,35,45,93
144,65,126,47,49,78,24,32,116,83,8,19,42,98,54,2,86,61,137,147,133,6,34,106,22,102,74,97,69,117,89,105,64,20,29,35,13,30,11,66,145,43,107,51,136,125,132,112,60,85,94,4,9,134,70,44,110,138,124,55,81,75,52,146,91,108,26,111,129,17,96,121,140,72,118,37,141,46,135,88,79,28,82,128,120,62,142,36,127,0,40,3,143,77,58,71,122,25,12,33,14,50,92,109,5,149,39,76,15,123,115,27,103,68,90,80,7,57,100,99,95,73,87,148,84,38,130,53,48,23,41,67,104,139,56,131,31,113,114,1,21,119,101,63,18,10,59,16,45,93
144,33,126,47,35,25,24,40,116,132,14,19,139,98,54,2,86,61,137,109,15,16,34,106,48,102,74,97,49,111,66,105,44,20,148,1,13,119,11,113,145,43,140,51,136,125,27,30,60,130,94,141,9,71,70,64,133,138,124,55,81,75,52,114,91,108,26,6,95,65,96,121,17,50,82,78,129,46,117,83,85,62,110,128,147,18,142,36,127,0,112,3,143,100,58,4,122,22,12,88,28,118,101,79,5,45,39,76,89,37,115,92,103,120,104,80,7,57,68,99,29,73,87,107,84,38,8,32,90,23,41,67,134,146,56,131,31,63,135,42,21,69,53,123,77,10,59,149,72,93
144,33,44,47,35,25,10,146,106,132,14,19,110,98,54,105,86,64,137,28,24,16,34,53,4,133,74,120,49,82,135,89,23,20,148,72,13,119,11,113,145,27,84,51,136,46,40,141,60,130,45,139,9,125,70,71,111,101,124,59,81,75,52,114,91,108,38,6,95,65,131,121,17,50,32,78,129,102,15,83,68,62,104,80,30,58,142,36,117,0,94,3,143,100,69,21,55,22,26,43,122,118,12,79,5,1,39,48,112,37,115,92,138,63,85,127,2,57,97,99,42,73,87,107,29,61,8,66,90,96,41,140,134,116,56,103,31,67,7,128,18,126,109,123,77,76,88,149,147,93
144,12,44,47,120,19,4,146,106,132,14,94,109,98,83,148,86,64,137,28,24,16,15,53,10,133,68,73,136,82,17,89,23,20,33,111,13,119,11,113,145,128,1,81,34,21,40,96,60,118,97,114,9,125,70,71,140,85,141,59,52,75,35,74,49,56,38,51,95,5,134,121,6,27,2,79,129,102,8,123,42,62,104,101,131,58,142,36,117,0,30,3,143,100,69,41,91,84,26,43,130,127,116,65,55,110,39,48,112,37,115,92,138,63,32,105,45,57,72,99,46,124,50,107,29,25,22,66,108,87,90,80,139,122,61,103,31,67,7,88,18,126,135,78,77,76,54,149,147,93
144,12,44,47,120,43,4,146,36,122,55,52,111,98,83,8,64,119,74,28,35,16,15,40,10,133,46,29,136,103,17,13,23,14,22,61,31,91,11,113,145,134,1,81,34,21,106,96,60,118,97,114,135,138,70,94,140,85,3,90,65,59,5,125,49,56,38,51,95,33,141,121,24,27,2,79,128,102,62,20,42,6,104,101,131,58,87,0,41,68,30,143,112,100,123,110,142,132,26,67,130,109,116,19,148,73,39,147,75,37,115,69,48,63,32,105,45,57,72,99,127,124,50,107,9,25,92,66,117,77,84,80,139,71,18,86,108,126,137,88,129,89,82,78,53,76,54,149,7,93
11,18,44,47,9,78,4,146,29,122,55,52,50,98,83,3,89,95,74,28,35,16,15,40,10,51,46,48,147,117,77,2,23,14,22,143,31,116,145,113,41,38,1,81,64,126,106,119,60,21,97,114,135,138,70,94,140,134,87,90,102,59,63,125,57,56,13,144,120,61,141,121,24,27,124,79,110,133,62,20,42,6,43,105,131,58,132,0,12,17,30,65,112,115,123,72,8,142,104,67,130,109,93,53,148,73,39,49,75,37,5,103,101,136,26,127,45,66,100,99,69,86,19,85,36,25,92,32,128,33,68,80,111,71,139,118,108,107,137,88,129,96,82,91,84,76,54,149,7,34
11,95,73,116,108,78,4,146,8,122,149,52,50,98,83,9,131,79,74,28,27,80,18,40,10,70,46,115,147,20,77,55,102,3,22,143,31,87,145,113,41,38,1,100,64,126,15,119,130,21,72,103,135,138,114,94,96,60,105,29,125,59,63,148,57,117,13,144,120,43,14,121,24,56,134,48,124,133,62,53,12,35,2,90,111,58,132,0,67,17,30,101,112,44,123,23,33,104,89,71,99,109,47,66,42,110,39,140,75,6,5,61,97,136,26,127,45,84,19,51,69,86,141,85,36,25,92,32,128,93,68,65,142,16,139,118,34,107,137,88,129,49,106,91,82,76,54,81,7,37
96,148,73,116,108,63,4,146,8,122,35,64,50,106,67,9,131,79,100,38,27,80,0,40,10,103,6,57,147,109,77,55,11,30,29,143,31,87,145,140,41,53,142,86,139,115,19,71,130,21,72,117,74,89,114,94,101,60,7,102,25,59,44,16,46,70,13,144,120,1,14,121,24,56,134,48,124,133,90,127,3,37,28,149,111,58,132,52,83,17,18,22,15,78,123,23,20,104,43,113,99,105,47,66,42,110,39,98,128,125,141,61,112,136,26,69,45,84,36,51,126,62,95,85,75,119,92,32,93,135,68,65,138,137,12,118,34,107,129,88,5,49,2,91,82,76,54,81,97,33
5,148,7,116,146,63,128,144,8,122,24,138,50,106,67,9,131,79,100,38,135,68,88,90,103,40,81,51,147,109,123,55,11,39,29,143,31,87,30,140,107,48,142,86,139,115,19,16,130,21,72,117,65,89,114,34,35,60,126,110,25,59,77,6,46,49,145,71,120,1,22,64,10,15,134,124,101,133,2,127,3,37,28,14,111,58,132,52,83,17,18,56,102,78,73,23,20,62,43,98,99,105,47,66,42,27,91,121,45,125,141,61,112,136,26,12,92,41,69,13,93,36,95,108,75,96,70,32,80,119,54,74,94,137,53,118,84,0,129,104,85,57,76,33,82,4,113,44,97,149
5,132,73,116,146,19,128,107,8,15,24,13,50,1,91,9,131,79,100,21,96,68,88,90,51,40,31,55,80,109,74,72,11,66,29,143,93,87,30,140,148,83,89,86,139,115,60,138,134,10,17,117,65,147,114,34,102,64,99,110,48,59,123,6,46,49,130,20,94,7,145,120,14,82,77,124,101,26,70,127,3,37,38,54,111,58,103,52,142,67,126,56,4,78,39,23,47,144,43,16,122,105,71,137,42,27,33,121,45,125,141,61,112,136,35,75,92,63,69,106,12,36,95,108,119,28,133,32,62,135,2,25,81,98,53,118,84,0,129,104,85,57,76,41,18,22,113,44,97,149
5,143,70,12,146,19,93,107,8,15,24,90,119,1,91,9,66,111,100,21,123,68,89,47,29,40,31,102,128,109,135,103,131,13,44,99,36,71,30,140,148,43,39,86,139,115,60,138,125,10,17,117,65,147,114,34,110,64,142,33,48,27,46,134,132,54,130,6,144,7,145,120,14,82,77,124,101,96,105,118,3,127,38,32,106,58,87,79,67,62,126,35,4,72,20,23,88,56,74,16,122,83,26,78,42,57,116,121,129,22,141,61,112,136,50,75,92,63,69,80,45,97,95,94,2,28,133,73,52,37,137,25,81,98,53,49,84,0,18,104,85,55,76,41,108,59,113,51,11,149
5,24,30,12,146,145,93,107,8,15,91,59,25,1,69,9,66,65,100,21,58,142,89,22,116,29,31,102,128,40,135,134,45,13,109,47,36,71,64,140,96,43,63,127,139,138,60,98,121,68,17,117,125,147,94,34,110,74,57,33,48,27,79,149,132,54,6,10,144,7,123,11,90,82,19,124,101,143,111,114,3,83,38,32,86,148,87,0,92,62,126,35,49,72,20,23,18,88,4,103,122,16,26,78,42,130,97,119,129,115,141,61,112,136,50,75,53,108,70,80,118,51,95,133,2,28,77,73,52,37,137,44,81,99,106,67,84,105,56,104,85,55,131,41,14,120,113,76,39,46
104,1,30,12,148,145,93,107,8,15,91,24,36,95,69,9,66,65,11,146,14,142,89,98,47,29,31,75,128,92,135,37,45,13,21,86,127,43,64,140,96,57,32,40,76,119,125,38,134,111,17,68,138,67,94,116,144,25,147,33,48,27,79,122,132,54,63,35,7,143,123,136,90,82,101,130,71,121,22,114,100,83,117,109,124,6,87,20,4,62,126,59,49,72,78,23,18,88,102,103,110,16,26,81,42,0,97,5,149,44,141,61,112,10,50,60,53,108,70,3,118,51,80,133,2,28,58,73,52,34,137,77,56,99,106,19,84,105,129,41,85,55,131,115,139,120,113,74,39,46
79,73,30,12,148,92,19,107,75,80,104,24,36,33,140,106,9,65,25,146,14,142,112,124,127,29,23,101,31,85,82,37,45,13,21,11,89,43,60,57,74,44,32,40,76,119,125,38,134,98,95,68,7,67,94,117,144,34,128,118,81,49,18,122,132,54,15,35,69,72,123,136,90,145,63,130,71,121,22,114,100,83,42,109,1,77,133,66,4,62,91,129,6,143,0,84,116,88,102,17,110,16,26,47,141,20,97,64,149,93,48,61,53,10,50,87,135,108,70,3,126,51,103,8,2,28,58,138,52,147,137,5,56,99,27,96,111,105,59,41,78,55,131,115,139,120,113,86,39,46
49,73,76,93,133,92,19,85,75,80,72,24,36,33,131,106,116,59,25,120,14,142,112,124,127,61,44,101,31,7,82,37,40,13,21,86,89,43,146,57,74,41,32,88,56,95,125,38,134,28,64,68,70,98,94,138,144,121,148,35,81,0,52,122,132,46,15,45,110,83,123,23,90,145,117,130,71,11,22,114,100,119,42,109,1,51,67,99,4,29,91,129,6,60,66,84,105,9,58,137,103,113,26,47,141,30,97,147,149,17,48,18,53,10,50,87,135,108,118,3,69,79,107,8,2,128,34,77,63,143,62,5,136,140,27,96,111,12,16,126,78,55,102,104,139,20,65,115,39,54
49,98,71,8,133,21,20,85,46,80,104,24,36,33,131,106,76,59,75,120,61,142,138,124,103,119,112,101,28,82,116,115,149,18,127,86,89,43,146,58,74,41,32,88,56,95,125,38,134,136,64,25,70,16,94,73,144,19,83,35,113,0,140,122,132,129,15,72,10,118,50,123,90,145,117,130,53,2,22,14,100,11,44,109,1,51,37,99,4,6,91,39,84,60,66,121,105,9,30,137,128,114,26,47,141,97,57,147,40,17,23,67,29,31,48,45,135,108,42,3,81,79,69,7,87,92,34,13,63,68,52,5,107,111,27,96,77,12,143,126,78,55,102,62,139,110,65,93,148,54
140,98,86,8,130,21,73,102,128,61,85,24,36,33,118,106,120,59,75,81,80,142,1,124,103,62,112,55,138,82,95,45,107,70,127,30,89,43,146,58,74,41,7,101,46,76,125,38,134,136,64,25,133,149,94,69,144,9,83,131,113,0,145,35,19,129,15,91,10,51,68,4,90,122,117,115,17,2,22,14,100,11,44,56,65,28,108,99,23,6,50,143,84,60,66,71,105,18,39,137,53,114,48,47,141,31,57,147,40,20,78,67,104,109,123,97,135,13,42,3,27,79,37,121,87,92,34,116,63,132,52,5,32,111,49,96,77,29,16,126,88,72,54,12,139,110,119,93,148,26
140,98,119,91,111,108,23,102,6,10,85,149,36,61,118,106,88,147,75,142,80,22,1,124,57,62,24,67,138,82,95,45,107,70,19,30,127,33,146,58,74,41,79,101,46,12,125,128,134,136,96,25,133,64,94,69,7,113,83,137,135,81,63,148,37,129,15,115,35,144,68,4,90,122,117,89,105,44,5,14,131,11,139,56,53,28,121,99,38,86,50,143,84,60,66,71,123,18,39,77,17,114,48,145,141,31,21,0,40,20,78,27,104,109,120,43,59,13,42,3,9,8,87,2,97,92,34,116,126,103,52,51,32,100,49,130,132,26,16,47,93,72,54,112,65,110,29,73,55,76
140,98,63,70,111,108,23,106,28,10,16,149,138,61,118,22,88,147,75,64,56,99,6,24,48,123,46,67,59,82,95,45,124,92,19,101,94,33,146,40,110,91,79,87,145,141,125,38,102,72,96,25,128,37,109,69,7,30,93,137,135,120,142,148,41,129,15,115,35,76,68,51,74,139,117,89,105,44,83,14,131,11,133,3,53,86,121,144,127,57,29,1,84,60,66,71,65,18,39,77,17,114,81,143,134,31,21,0,50,20,78,27,104,122,5,36,43,113,42,73,9,8,136,2,97,58,34,85,126,103,52,119,32,100,49,130,132,90,12,80,47,4,54,112,13,116,107,26,55,62
31,133,63,70,111,136,23,120,13,26,16,108,144,61,95,126,78,147,75,125,40,99,6,24,21,123,67,69,59,82,86,62,135,92,19,107,94,33,106,91,110,48,27,73,145,141,138,38,102,72,96,25,22,37,109,36,7,101,93,137,76,79,142,118,46,129,15,143,57,87,68,51,74,139,117,89,105,44,83,14,131,11,116,3,53,140,113,114,98,124,85,1,84,60,66,42,65,4,41,146,17,71,81,34,28,128,39,0,50,20,148,5,64,122,127,80,35,45,88,77,9,43,115,49,97,58,8,30,29,103,52,119,32,100,2,130,132,90,12,149,47,134,54,112,56,104,18,10,55,121
52,32,63,70,111,136,108,120,133,26,143,28,71,61,16,57,78,147,75,11,40,99,6,117,51,123,41,69,127,82,86,62,89,92,19,107,94,33,106,91,110,48,27,128,145,58,39,80,102,85,96,25,74,37,109,66,7,101,93,137,90,44,142,118,46,129,49,138,132,67,68,24,56,139,23,112,105,0,104,14,131,47,103,72,130,146,88,114,98,124,144,13,84,60,5,53,65,4,141,42,1,20,81,79,50,12,116,22,21,126,148,45,64,122,76,73,35,140,17,77,9,43,115,87,97,59,8,30,29,55,125,119,15,100,2,135,36,38,31,3,83,134,54,34,149,95,18,10,113,121
97,32,63,70,111,136,108,120,25,65,23,113,9,59,114,26,58,130,112,11,40,133,57,98,38,123,41,69,127,82,86,62,139,92,19,107,105,119,51,91,110,48,77,128,145,106,39,80,102,85,88,115,74,37,109,66,47,71,72,142,90,44,143,56,46,144,49,138,16,67,33,8,125,75,141,17,21,0,104,14,131,116,103,137,100,146,147,134,96,12,36,5,84,60,28,53,89,4,6,3,1,99,81,79,50,52,24,27,13,126,148,45,64,122,76,73,132,95,35,94,124,43,68,87,7,78,140,30,29,55,118,61,15,117,2,135,22,93,31,20,83,42,54,34,149,129,18,10,101,121
115,32,48,14,52,105,108,143,63,79,125,113,51,92,114,6,58,23,112,42,7,133,57,111,8,123,98,148,127,82,86,62,139,9,136,107,81,119,37,83,71,11,124,128,26,106,39,61,102,64,88,44,130,21,109,66,47,70,55,142,90,5,85,56,46,144,49,138,16,38,33,110,122,75,141,25,74,0,19,41,131,97,103,137,18,72,67,134,96,12,36,59,84,60,28,53,89,4,24,3,1,145,50,17,35,69,20,80,13,126,100,146,147,116,76,73,132,95,99,94,27,43,68,87,34,78,140,30,29,104,121,22,15,40,2,135,77,93,31,120,91,65,54,45,149,129,117,10,101,118
115,32,104,14,52,97,112,25,50,60,66,132,51,92,1,6,58,23,105,42,7,133,34,131,95,36,98,148,127,136,86,62,9,102,124,107,81,119,37,83,89,11,114,128,71,106,65,88,8,45,5,44,53,21,109,144,137,79,55,142,123,141,85,56,46,110,49,138,16,43,57,113,125,75,24,143,74,0,19,146,64,94,73,48,18,72,67,134,96,12,99,59,84,87,28,82,130,111,47,90,10,145,26,17,35,2,20,80,13,39,100,70,147,116,76,33,103,38,140,41,27,139,15,126,69,78,4,30,29,149,68,22,63,40,118,135,77,93,31,120,91,121,54,108,61,129,117,122,101,3
58,70,149,14,52,83,112,25,50,60,139,19,65,85,145,6,132,34,105,42,7,133,122,131,95,9,72,148,127,141,98,62,61,86,124,107,81,76,37,128,118,73,114,109,71,117,147,88,32,10,5,64,53,21,20,144,137,110,55,38,51,123,106,47,46,146,49,138,16,140,57,113,27,96,24,143,92,0,59,43,11,94,136,48,18,74,67,80,28,12,99,116,84,87,89,82,130,111,79,90,44,119,26,17,35,2,115,45,13,23,100,104,8,39,1,33,103,97,22,41,75,91,134,36,69,78,4,30,29,102,68,126,63,40,120,135,125,93,31,15,66,121,54,108,56,129,77,101,142,3
58,70,149,48,10,143,112,132,55,60,139,19,65,8,145,104,138,89,105,80,7,107,122,131,59,9,37,2,111,141,114,62,50,69,124,17,81,95,14,128,118,49,53,116,71,117,110,88,41,21,5,64,25,34,20,52,137,77,136,38,72,123,101,144,46,146,40,135,16,47,57,127,27,96,24,13,26,0,66,109,11,94,85,61,18,97,67,87,28,12,32,83,84,100,99,82,130,43,79,90,44,98,73,3,35,74,115,45,134,51,106,78,133,39,1,33,103,76,22,86,119,91,75,36,23,6,4,92,29,102,68,126,63,140,120,42,148,93,31,15,147,121,54,108,56,129,30,125,142,113
58,68,149,119,10,93,27,132,55,69,139,127,5,6,135,96,138,3,125,137,7,107,122,131,59,9,37,2,111,13,18,146,50,141,124,74,8,95,14,128,118,112,105,116,71,117,110,88,41,65,57,64,84,1,20,52,98,77,136,15,72,12,60,62,140,19,40,130,32,47,80,113,85,144,24,90,145,0,26,73,11,94,103,61,48,97,67,106,82,46,123,147,114,100,99,28,66,43,79,21,44,87,34,70,109,86,115,45,134,51,143,78,101,39,49,33,17,76,22,4,35,91,75,36,23,38,53,92,29,102,25,126,63,142,120,42,148,56,31,89,133,121,54,108,16,129,30,83,104,81
58,140,149,119,10,93,27,129,55,69,139,138,94,6,41,66,60,92,126,137,123,107,30,122,59,9,70,95,111,13,18,47,50,20,79,74,8,14,1,128,118,108,29,116,23,117,45,88,101,102,57,64,84,86,42,53,98,25,136,134,112,135,7,35,89,19,67,104,32,48,80,113,85,77,24,90,145,61,26,73,11,34,103,71,130,97,124,106,121,125,0,147,114,100,99,28,144,43,82,21,44,87,31,127,109,56,115,62,72,51,143,78,16,39,49,33,17,76,110,4,105,91,75,36,65,38,146,15,40,5,52,120,63,142,46,96,148,22,141,12,133,131,54,37,68,2,3,83,132,81
17,140,149,21,137,93,80,127,27,69,139,138,49,6,41,53,147,92,58,79,123,9,84,122,59,111,39,95,100,13,18,45,50,20,46,74,48,86,1,144,118,120,29,116,22,117,71,88,101,102,57,77,23,66,42,124,98,72,81,26,112,99,7,35,89,76,67,104,32,47,30,113,133,8,24,90,145,61,12,73,62,34,103,60,130,97,126,106,64,3,0,134,114,14,121,4,129,43,82,10,44,87,31,115,108,16,148,37,28,51,25,78,128,63,56,33,55,19,110,11,105,91,75,36,65,38,146,40,70,5,52,85,125,142,15,96,107,136,141,135,143,119,54,94,68,2,131,83,132,109
17,140,149,40,56,26,80,37,27,69,139,138,86,6,41,65,147,71,92,79,123,9,84,122,59,145,39,70,53,13,55,47,50,20,136,74,48,100,78,144,11,120,77,116,22,118,103,121,101,29,88,96,23,66,82,124,67,72,81,43,115,90,7,94,89,76,102,104,21,24,30,113,133,8,95,1,5,61,148,73,62,34,45,60,130,97,32,106,64,75,0,46,142,14,141,4,31,132,57,10,42,87,117,49,108,16,126,12,28,51,25,131,128,3,35,107,110,19,58,38,105,2,114,36,99,129,146,18,137,127,52,85,125,119,15,134,33,63,93,135,143,44,54,111,68,91,112,83,98,109
17,140,135,40,77,26,65,37,27,69,15,138,136,56,6,125,147,71,92,79,123,3,133,122,33,67,39,62,144,13,55,127,104,116,14,100,48,119,148,18,54,99,41,42,78,118,141,121,101,29,88,96,111,66,9,86,110,72,81,43,90,105,7,94,149,76,102,50,38,24,30,113,117,142,145,1,5,8,139,73,20,32,45,60,12,124,137,106,120,75,0,46,74,82,80,4,31,132,57,10,97,87,103,49,108,16,115,34,28,130,25,131,128,64,35,107,84,19,58,85,47,2,22,51,36,129,146,52,89,59,11,95,70,23,53,134,114,63,93,21,143,44,126,61,68,91,112,83,98,109
17,85,135,107,1,26,47,37,27,14,2,138,87,116,113,72,127,29,92,81,123,40,133,149,33,67,39,62,25,13,55,23,125,89,131,100,48,119,148,18,54,121,102,42,79,65,83,134,24,137,71,78,111,66,82,86,110,141,132,118,144,105,7,94,10,76,136,77,38,80,30,43,117,143,44,50,5,8,3,73,20,32,103,60,12,139,90,106,120,75,0,46,74,41,49,4,45,147,57,96,16,31,69,109,108,101,115,34,28,130,99,35,128,98,15,97,84,19,58,104,9,53,22,51,36,129,146,52,122,59,11,95,70,142,56,140,114,63,93,21,91,88,126,61,68,6,112,64,145,124
17,143,135,107,1,15,47,37,27,14,2,138,35,116,88,100,40,133,92,81,123,64,54,149,33,66,39,43,70,13,103,44,30,56,131,111,48,119,148,18,126,96,127,42,79,65,55,134,121,29,71,5,20,86,24,73,45,141,132,118,144,105,7,69,10,76,136,77,38,128,124,129,117,87,4,101,50,8,57,75,83,32,49,67,12,16,90,106,52,25,78,46,120,41,137,26,113,147,115,97,72,31,3,109,102,84,62,34,85,130,99,110,80,98,63,21,74,19,58,104,60,53,22,51,36,89,146,94,122,59,11,95,28,142,125,140,114,9,93,139,91,68,82,61,23,6,112,0,145,108
20,143,135,107,3,15,47,86,27,14,2,138,114,116,84,80,40,133,126,81,30,136,54,149,33,66,91,43,60,59,103,44,29,7,131,132,1,119,148,18,64,96,127,62,146,65,55,71,92,37,49,5,13,123,24,77,45,141,78,8,124,105,38,125,31,142,113,79,22,128,130,129,137,87,4,101,42,74,61,75,83,117,70,67,12,16,90,50,52,25,144,46,120,41,32,48,39,134,115,97,72,145,73,10,102,56,69,57,85,111,99,147,118,98,63,21,36,35,58,104,110,53,26,51,109,89,88,94,122,19,11,95,28,76,106,121,139,9,93,100,34,17,82,140,23,6,112,0,108,68
66,113,97,96,31,15,69,20,115,14,2,138,47,59,84,83,94,133,126,81,30,3,54,149,85,4,82,43,50,135,103,44,29,7,76,132,1,26,144,95,64,61,127,62,146,65,55,104,60,37,49,5,101,116,67,58,93,141,78,8,124,105,88,125,128,142,107,79,92,129,45,86,137,77,40,108,42,74,57,75,19,117,87,12,148,119,90,13,52,25,22,38,120,41,32,48,39,131,145,89,130,91,73,10,102,80,33,28,118,111,99,147,71,98,63,21,36,35,24,56,110,53,16,70,109,136,134,143,122,27,11,140,46,123,106,121,139,9,51,100,34,72,114,18,23,6,112,0,17,68
1,83,97,9,31,15,69,20,112,43,2,56,47,59,91,92,143,133,66,81,44,129,54,115,85,19,98,64,106,149,127,93,136,16,76,132,53,26,144,95,18,50,21,113,35,65,55,104,60,37,49,5,101,24,96,58,6,141,146,8,124,105,88,125,128,142,3,79,73,148,46,116,137,68,40,108,30,0,57,82,103,117,87,134,94,119,90,12,13,25,22,38,120,41,32,84,39,131,145,89,135,78,72,10,102,80,23,28,118,111,99,147,71,77,63,45,126,52,67,100,110,121,75,36,109,62,33,7,122,27,11,140,4,123,70,130,139,29,51,48,34,42,114,107,86,14,138,74,17,61
9,83,97,105,31,108,69,67,74,109,2,56,47,21,91,124,57,133,66,81,44,103,26,138,148,19,76,64,18,89,127,37,121,16,87,132,53,1,42,15,20,50,90,70,35,98,6,104,60,28,49,135,101,24,107,58,51,141,54,8,17,95,137,125,145,142,3,143,73,149,5,116,82,68,40,55,30,0,34,46,123,117,48,92,94,119,144,12,13,25,22,38,120,41,32,84,39,131,78,85,72,75,134,10,102,80,23,129,118,111,99,147,71,63,115,45,126,52,110,100,36,88,4,65,43,62,33,7,122,59,11,140,106,79,27,130,139,96,29,136,93,146,114,113,86,112,128,77,14,61
19,83,26,105,59,30,82,79,74,69,55,56,47,21,91,124,57,102,66,81,73,103,80,133,148,5,76,64,53,89,20,145,121,6,87,132,122,1,22,31,86,50,62,70,35,98,9,2,33,28,49,135,101,37,107,58,128,141,41,8,94,95,110,27,108,10,43,67,0,149,54,116,17,68,40,115,60,3,34,46,123,117,11,92,104,137,4,12,125,25,51,38,120,111,32,97,39,131,100,85,72,75,134,127,96,13,23,129,118,106,99,147,71,42,143,45,126,52,119,136,90,88,63,65,144,84,15,16,142,36,18,140,44,48,7,130,139,114,29,24,93,146,109,113,138,112,78,77,14,61
70,83,26,123,59,19,82,79,74,143,55,139,47,135,91,99,92,62,105,56,73,103,80,42,148,5,76,2,53,23,137,41,121,145,87,119,122,89,67,31,97,88,48,128,35,32,30,10,33,28,49,108,101,120,107,58,90,141,138,8,94,124,110,27,98,1,43,18,0,20,54,66,50,68,40,115,60,75,95,46,129,17,72,133,104,4,147,12,125,25,51,38,34,100,149,86,112,21,57,85,116,102,134,127,22,13,144,109,118,126,117,106,71,111,3,45,69,52,39,136,64,96,63,9,131,84,15,16,142,36,6,140,44,11,7,130,65,114,29,24,93,146,81,113,132,37,78,77,14,61
75,8,26,128,106,97,115,51,33,143,55,139,47,86,91,80,83,62,36,56,85,103,17,104,148,92,25,2,53,23,137,41,121,21,74,73,118,147,5,119,20,50,134,109,130,32,29,10,133,28,16,30,101,120,107,58,59,141,34,145,82,124,149,138,98,1,31,90,0,125,54,66,40,68,9,48,60,71,95,46,129,70,42,132,94,4,108,12,89,111,79,38,72,87,99,105,112,135,57,76,116,102,49,63,22,13,144,110,123,126,117,27,88,18,3,45,69,52,39,136,64,96,100,127,131,43,15,122,142,19,6,140,44,11,7,35,65,114,67,24,93,146,81,113,84,37,78,77,14,61
75,80,115,128,106,97,91,52,14,130,55,139,1,86,21,30,83,62,36,56,64,146,39,17,148,78,95,89,99,23,147,41,57,38,144,124,118,70,87,119,137,50,20,109,19,32,34,132,22,28,16,134,47,120,107,58,59,141,10,145,104,85,149,138,98,53,31,129,0,125,54,66,40,101,9,48,27,71,3,84,29,72,42,112,94,4,108,44,45,111,79,82,37,81,11,105,8,135,46,103,116,33,49,63,143,13,133,110,73,126,90,123,88,18,60,25,69,92,26,136,117,96,100,74,131,43,15,122,142,68,6,140,5,12,7,35,65,2,67,24,93,102,127,113,121,76,114,77,51,61
75,0,42,128,72,99,87,91,59,130,55,69,23,33,21,30,48,144,64,56,95,146,39,17,148,89,117,1,133,66,147,37,83,38,112,124,78,70,101,119,137,88,20,109,19,32,34,53,22,28,16,134,47,120,63,58,9,96,129,3,104,85,149,138,98,107,31,57,115,45,100,127,40,52,46,14,90,71,93,86,29,54,118,49,94,74,108,44,123,111,79,82,84,81,141,2,8,135,139,103,43,26,27,116,143,13,50,110,73,126,125,136,132,18,60,25,106,92,62,145,80,113,10,36,131,5,15,122,142,68,6,140,4,35,7,41,65,97,67,24,12,102,105,11,121,76,114,77,51,61
75,87,124,128,23,19,3,91,59,130,109,69,84,54,21,30,48,144,96,86,95,76,12,114,31,89,93,1,133,99,147,143,83,49,112,131,78,70,101,129,137,88,107,125,122,32,34,53,132,27,16,126,47,120,72,58,0,82,7,35,104,85,149,20,98,119,64,57,115,2,15,18,40,127,56,62,100,71,33,61,39,77,111,11,94,74,108,148,123,55,79,10,14,81,141,117,8,135,139,103,43,26,110,116,138,13,50,42,73,17,52,136,9,63,60,25,106,92,145,118,80,113,28,36,66,5,38,134,142,68,44,140,4,37,6,41,65,97,67,24,46,102,105,146,45,22,90,121,51,29
75,55,124,74,23,12,3,91,67,130,29,49,84,54,65,30,66,144,96,86,103,76,128,107,41,89,93,1,32,99,10,111,83,139,112,63,78,129,114,81,137,88,39,97,45,57,109,136,132,27,16,126,47,120,72,58,0,82,115,35,52,104,85,20,98,119,147,145,59,2,24,18,31,131,56,101,100,71,33,73,13,77,36,34,94,110,134,48,123,28,40,87,14,69,141,133,8,135,7,79,43,116,62,4,138,26,50,42,53,21,15,70,19,125,60,25,106,92,90,118,80,113,11,149,17,5,38,122,142,68,44,140,95,37,6,64,61,117,9,127,46,102,105,146,108,22,148,121,51,143
75,55,124,112,9,68,3,39,67,130,140,89,84,54,19,30,65,144,96,76,103,38,128,107,41,90,23,139,147,123,21,111,78,88,42,63,51,77,114,81,99,115,22,131,45,57,109,136,132,27,16,12,47,120,97,58,0,113,26,35,52,104,85,2,98,119,86,72,59,64,24,18,73,15,56,1,100,71,33,118,29,117,36,34,105,110,134,95,20,7,4,126,14,69,141,133,8,135,87,79,43,121,62,49,116,61,50,138,53,66,101,91,40,93,60,83,106,92,129,13,80,31,11,149,46,5,82,122,142,125,137,145,25,37,6,48,70,10,94,127,28,102,32,146,108,17,148,74,44,143
6,137,124,10,92,68,3,39,67,0,24,70,84,54,19,51,65,144,96,42,139,136,128,99,41,40,88,58,147,23,21,62,78,105,143,63,74,87,114,81,138,18,22,131,45,57,103,50,132,27,1,12,47,120,97,75,83,20,9,35,52,13,85,102,98,119,111,72,106,123,142,115,73,15,56,140,100,71,33,118,113,117,36,34,80,110,134,95,107,7,4,126,14,69,43,133,8,135,109,79,48,77,108,122,116,2,89,76,5,66,101,26,53,127,60,16,29,86,129,121,141,31,28,149,46,130,82,59,55,125,30,145,25,90,49,104,64,37,94,38,112,91,32,146,11,17,148,61,44,93
104,14,124,10,92,140,3,39,67,20,47,109,84,54,19,9,16,144,96,42,51,12,128,99,41,74,88,58,52,136,36,8,78,11,143,63,40,87,103,134,138,18,66,29,22,57,142,50,132,77,70,65,17,120,97,75,83,123,24,35,62,13,85,102,91,119,111,28,106,94,114,115,73,15,23,1,100,127,33,118,113,117,25,105,80,110,53,37,107,81,4,126,69,93,43,133,82,145,7,0,26,89,108,122,116,2,131,76,5,135,101,21,146,45,60,90,6,86,129,121,27,139,95,149,46,56,48,98,55,125,30,59,147,71,49,137,64,68,32,38,112,34,79,31,141,130,148,61,44,72
104,52,148,119,92,140,3,35,21,20,38,83,23,54,19,9,137,63,0,99,51,68,128,109,41,74,91,58,12,136,36,8,78,14,143,40,96,87,139,37,59,18,66,102,22,57,142,50,42,77,70,141,101,11,97,75,27,123,24,16,1,146,85,72,147,73,88,39,144,94,114,121,46,15,115,111,100,127,33,30,113,117,25,105,80,79,53,131,107,81,44,95,69,28,43,133,82,145,7,116,26,4,108,122,126,2,76,120,5,138,134,84,90,45,60,61,6,86,129,29,65,125,135,149,62,56,48,98,55,89,47,124,103,71,49,17,64,118,32,132,112,34,106,31,93,130,13,67,110,10
65,52,148,104,131,140,3,139,27,36,38,83,56,32,19,9,123,54,146,106,18,68,21,63,50,74,91,58,41,136,109,8,78,7,111,40,96,87,113,30,59,138,99,102,22,57,142,101,86,77,124,0,70,125,120,75,115,5,24,128,48,141,135,72,147,73,88,39,144,94,51,47,20,15,11,42,1,127,33,55,122,117,14,114,80,107,53,93,37,81,130,95,69,28,43,133,82,145,100,116,26,4,108,97,126,2,76,66,121,143,92,84,90,45,60,137,6,46,129,29,16,10,12,149,62,35,71,98,89,44,67,25,103,79,49,17,64,118,134,132,112,34,119,31,61,105,13,23,110,85
16,40,117,68,72,140,82,139,27,36,17,83,26,32,3,9,123,54,146,106,18,104,142,63,112,74,5,38,41,136,102,61,105,7,111,4,96,87,113,64,91,129,99,19,56,115,28,52,86,77,127,124,70,138,120,75,58,103,122,134,48,141,135,131,147,73,88,39,62,94,51,47,24,15,21,42,1,144,95,55,0,22,93,66,80,107,8,125,37,81,130,145,11,97,20,133,118,57,100,116,50,44,108,114,43,2,76,14,121,6,92,84,90,45,60,137,69,46,148,101,29,10,12,149,78,35,71,59,65,98,67,25,85,79,49,34,33,126,128,132,109,53,119,31,30,143,13,23,110,89
16,40,117,68,76,140,82,51,27,23,17,83,26,32,116,72,81,90,146,106,71,122,130,63,128,74,5,38,36,59,34,61,105,145,111,11,141,43,113,64,91,3,99,19,56,115,4,52,86,119,42,124,78,138,120,80,58,31,46,134,96,114,21,39,147,73,88,108,129,94,102,103,121,15,33,131,75,144,95,87,0,60,93,20,127,107,8,125,135,79,142,54,97,62,55,133,118,57,100,139,50,44,92,9,104,2,112,14,1,6,24,123,22,45,126,137,69,41,148,101,29,10,12,149,66,70,47,35,65,37,48,25,85,67,49,18,110,7,77,132,109,53,98,136,30,143,13,84,28,89
128,40,117,68,76,71,82,51,27,23,70,83,47,19,116,72,131,2,63,60,50,105,130,26,108,74,5,33,36,59,34,61,106,64,123,119,29,28,113,126,57,3,43,138,56,67,77,52,89,84,42,79,78,115,18,80,111,124,46,134,96,114,21,112,14,13,88,97,129,94,10,103,121,15,22,140,81,144,54,87,146,17,90,20,127,148,8,125,135,149,142,24,11,62,55,133,38,32,100,139,58,44,92,9,104,93,6,145,1,102,91,73,16,45,0,137,95,41,118,101,39,107,12,75,99,31,69,35,65,37,48,25,85,86,49,4,110,7,66,132,109,53,98,136,30,143,141,147,122,120
128,27,117,44,37,71,40,51,65,129,70,114,47,81,149,23,131,2,63,25,50,120,135,26,109,74,11,33,36,59,34,61,78,112,144,119,29,28,108,126,116,7,43,138,56,67,45,52,97,84,76,79,35,13,18,80,111,124,46,134,96,24,21,5,14,16,88,99,123,57,94,89,121,107,22,140,83,32,54,87,146,17,105,20,133,15,8,125,118,55,142,19,66,62,10,98,3,147,0,72,64,77,92,9,104,93,106,145,1,102,91,73,103,90,139,68,95,41,127,39,31,113,12,75,148,101,69,42,38,82,130,6,85,86,49,4,110,137,60,58,48,53,132,136,30,143,141,100,122,115
128,27,44,1,37,38,40,51,65,49,70,145,47,92,149,7,69,104,63,25,50,76,135,78,21,43,11,33,85,59,113,61,86,112,75,134,29,67,108,126,116,133,93,138,56,130,45,52,97,84,107,79,19,13,81,83,111,91,106,95,96,24,117,5,14,35,88,140,123,74,58,34,121,20,46,114,71,32,99,87,146,119,109,15,28,77,8,0,118,55,142,42,66,62,10,98,3,147,54,72,48,18,26,9,73,125,124,68,16,102,148,139,103,90,94,80,105,41,127,39,31,60,12,36,131,101,129,89,64,82,22,6,57,120,23,2,110,137,144,4,17,53,132,136,30,143,141,100,122,115
128,27,46,1,136,96,34,42,65,121,70,89,47,92,149,140,69,10,142,17,25,138,135,122,21,56,11,33,85,59,141,79,67,112,75,2,29,43,51,110,83,133,93,54,104,130,45,72,52,84,107,9,19,13,116,109,38,91,97,81,28,4,32,127,14,35,148,87,123,78,58,119,95,20,37,114,71,117,99,44,50,118,5,15,61,73,8,0,74,86,106,134,66,62,145,98,3,147,30,40,48,18,26,88,12,125,124,76,16,102,105,139,103,90,94,80,49,41,120,39,31,60,108,36,131,101,129,77,64,82,22,6,57,24,23,63,132,137,144,146,55,53,68,111,7,143,113,100,126,115
3,27,46,1,146,32,34,42,65,84,70,89,72,92,137,107,69,10,142,119,23,88,135,138,24,56,11,33,85,118,58,47,67,112,75,2,120,43,51,7,83,25,41,90,104,116,45,77,19,44,111,9,127,13,149,109,38,52,97,121,28,4,6,141,14,35,148,79,29,39,144,15,110,20,81,49,71,117,99,106,17,100,133,21,61,115,124,0,74,86,98,134,66,62,145,140,87,147,30,102,48,91,26,18,12,125,132,76,114,95,105,139,40,50,94,80,59,16,136,54,31,60,108,36,131,101,113,123,64,82,22,129,57,37,130,63,128,5,8,78,55,53,68,93,96,143,103,73,126,122
3,27,132,1,79,139,100,83,65,59,96,89,74,92,137,107,120,41,127,119,23,146,135,30,24,66,86,33,70,118,99,47,67,110,75,8,15,57,134,7,128,25,126,90,54,116,113,77,19,44,111,101,10,5,149,109,38,115,138,121,37,28,6,141,133,88,122,51,29,39,144,71,69,20,97,58,56,117,55,140,73,93,42,21,61,84,124,0,125,142,98,49,106,62,145,9,87,147,45,102,48,91,26,18,12,4,104,13,114,95,105,76,40,50,94,80,148,16,34,32,31,60,108,36,112,85,136,123,64,82,22,129,11,52,130,63,14,43,72,78,2,53,68,35,17,143,103,131,81,46
3,27,78,83,79,136,5,19,43,9,70,89,2,133,32,107,120,41,28,119,23,146,135,30,24,66,75,94,97,12,99,47,67,110,96,46,15,57,44,143,128,149,126,62,54,116,86,58,95,91,112,101,8,13,36,109,145,115,138,121,10,130,59,141,114,25,122,16,29,39,144,71,69,20,76,84,77,117,55,140,73,93,42,21,61,6,147,0,125,142,98,49,106,92,74,31,87,90,45,102,37,104,26,18,65,4,51,127,100,118,132,72,139,50,1,80,148,7,34,124,105,60,108,134,40,85,88,111,64,82,113,56,11,33,52,63,14,131,137,48,129,53,68,35,17,22,103,38,81,123
3,64,91,83,119,25,5,19,43,17,108,79,2,145,0,18,142,78,140,9,23,146,135,30,126,66,73,94,97,12,93,84,67,110,96,46,15,57,44,143,128,36,71,70,54,116,86,117,95,40,48,101,16,123,32,62,109,115,138,27,58,130,102,141,147,129,28,87,29,39,85,10,41,121,76,118,77,107,63,60,122,59,42,21,61,6,114,13,125,75,98,49,106,92,74,31,99,90,45,89,20,104,26,124,47,4,8,144,100,120,132,72,37,50,1,80,51,112,34,24,148,127,134,65,139,69,88,111,133,82,113,56,11,33,149,52,14,131,137,136,55,53,68,35,81,22,103,38,105,7
132,64,91,83,119,25,5,105,92,17,108,141,2,40,0,117,142,78,135,9,23,57,32,30,115,66,77,120,97,86,21,111,110,16,96,46,54,116,121,143,80,15,71,70,38,24,145,101,95,146,48,19,125,65,75,89,109,45,35,27,58,130,102,42,49,84,28,99,51,39,85,33,41,122,12,118,61,18,63,60,134,59,14,43,22,6,114,13,87,129,98,147,106,123,74,31,10,90,62,73,20,138,26,124,47,4,8,144,100,29,104,72,36,50,1,81,94,112,3,136,148,127,140,44,139,93,88,126,133,82,113,56,11,79,149,52,34,131,137,128,55,53,68,107,37,67,103,69,76,7
132,64,92,83,119,117,51,105,136,29,109,91,127,40,0,62,142,101,55,9,23,2,94,129,115,66,3,86,65,116,124,111,7,16,96,24,59,147,107,135,80,15,71,110,121,28,145,84,95,146,48,143,125,108,75,42,85,45,35,90,58,130,102,89,49,67,46,99,137,39,69,33,41,122,12,118,61,18,63,60,134,1,14,47,22,6,38,13,141,140,37,72,19,104,74,31,87,106,25,73,20,43,26,17,78,4,8,144,100,27,56,120,36,123,54,81,139,112,32,30,148,10,70,44,50,93,88,126,133,82,79,114,11,77,149,52,34,131,57,128,98,53,68,138,5,113,103,21,76,97
132,142,92,48,35,90,12,105,136,29,69,80,127,40,44,34,23,47,55,9,4,13,120,77,20,119,3,86,65,116,124,57,17,16,96,82,59,147,36,91,144,2,71,110,121,28,145,84,95,146,148,143,33,15,75,141,0,45,125,107,58,130,97,111,49,67,117,99,137,5,61,129,41,24,139,39,108,18,63,60,134,102,14,85,22,113,38,83,88,140,1,72,53,104,74,31,87,149,25,46,101,43,26,81,78,122,8,64,100,27,56,114,94,62,54,103,118,112,32,30,10,6,70,106,50,93,51,126,133,115,79,37,11,7,89,52,123,42,109,128,98,66,68,138,73,135,131,21,76,19
132,142,52,48,35,86,18,105,112,139,145,115,36,78,44,34,90,149,55,9,46,68,120,77,30,119,3,99,13,31,6,57,148,16,71,127,59,147,93,91,144,2,94,110,116,28,82,111,33,146,103,143,12,15,75,141,92,45,65,107,58,130,136,62,49,67,117,97,137,5,104,129,41,24,60,39,108,40,121,85,14,102,114,17,22,113,38,63,73,140,1,72,80,66,74,32,87,56,123,125,101,43,26,81,8,122,11,64,100,27,89,0,83,134,54,135,118,23,61,53,10,95,29,109,50,4,51,126,133,84,79,37,20,7,42,124,96,70,88,128,98,47,69,138,106,25,131,21,76,19
40,142,52,5,35,116,18,146,54,139,9,115,104,78,136,34,125,149,97,39,103,132,50,77,14,119,3,114,13,31,49,60,17,16,55,127,15,61,93,91,105,147,94,110,102,30,82,111,99,65,29,100,12,59,90,25,92,121,22,107,53,130,141,144,148,44,117,67,72,138,43,129,57,58,71,108,41,36,75,85,81,1,62,79,143,113,38,63,73,140,20,120,80,66,68,32,87,56,123,137,101,118,26,6,8,28,11,64,45,27,89,0,83,134,74,135,48,23,46,126,10,95,86,109,24,4,51,122,133,84,112,37,2,7,42,124,96,70,88,128,98,47,69,145,106,33,131,21,76,19
40,142,52,5,35,116,18,146,54,139,9,115,104,78,76,81,89,149,121,39,127,108,92,88,14,103,3,86,36,105,63,57,17,16,55,61,15,29,96,131,135,147,11,37,64,98,82,73,99,65,90,102,123,59,46,25,19,49,79,107,132,130,141,144,148,44,117,67,72,45,43,4,125,58,71,22,41,133,75,31,129,1,34,0,143,12,38,13,91,140,50,120,112,66,122,53,87,56,136,137,101,118,26,6,8,28,110,62,111,27,93,113,114,134,74,85,138,80,23,126,10,77,2,109,48,60,51,83,24,84,68,32,100,7,42,94,20,70,97,128,30,47,69,145,106,33,95,21,119,124
40,147,36,5,87,47,119,146,14,139,9,115,104,78,140,82,89,27,80,39,127,108,62,144,22,99,56,86,109,149,63,57,17,16,55,74,12,29,59,131,135,121,11,37,64,98,15,73,91,65,90,61,123,4,35,25,67,49,79,134,103,100,141,54,148,18,3,41,72,45,107,128,125,58,71,10,81,133,75,77,129,1,132,0,143,85,44,13,19,96,48,120,112,66,122,113,33,8,142,137,138,118,26,6,102,28,110,50,111,38,130,105,114,116,92,34,117,93,31,126,136,30,2,24,46,124,51,83,53,84,68,32,23,7,42,76,20,70,97,94,101,43,69,145,106,60,95,21,88,52
40,55,25,129,87,148,119,144,33,99,9,115,96,78,5,54,133,85,80,39,76,52,82,4,22,57,98,114,109,141,63,13,111,16,8,93,12,29,117,131,135,121,127,125,64,20,15,73,91,79,90,61,123,59,146,71,2,49,58,134,103,100,62,88,43,18,104,14,72,45,107,128,37,149,10,126,81,84,75,77,132,1,143,0,41,30,44,65,19,124,48,120,86,66,89,113,147,97,142,137,138,34,26,6,108,28,110,50,17,38,130,105,112,116,92,35,47,11,31,21,3,102,27,24,46,7,51,83,53,118,68,32,23,139,42,74,136,70,56,94,101,140,69,145,106,60,95,67,122,36
24,92,55,129,85,148,16,144,44,105,9,25,96,78,5,39,133,102,80,60,76,52,82,40,22,99,98,13,37,141,63,89,111,107,8,117,84,114,126,131,19,121,127,75,116,20,15,45,135,95,90,4,123,53,66,71,2,119,81,146,93,138,62,88,43,18,104,74,72,30,132,128,14,149,10,61,6,64,29,77,12,1,143,0,41,100,103,65,49,79,48,120,86,56,28,113,70,97,142,137,109,134,26,106,108,122,147,50,17,38,130,110,112,115,34,35,47,11,94,21,58,57,27,33,46,91,51,83,31,125,68,32,23,139,42,54,136,140,87,59,101,124,69,145,7,3,73,67,118,36
24,92,55,4,85,100,117,141,44,105,9,68,96,78,5,145,123,102,80,60,76,52,82,132,22,99,98,13,77,144,16,37,111,107,8,148,133,114,126,131,18,61,127,89,116,20,57,45,135,50,90,84,35,32,108,71,2,119,95,146,39,0,62,25,43,118,63,88,72,30,31,128,14,149,10,129,93,75,81,23,6,1,143,136,54,48,49,41,19,79,28,120,86,56,125,113,70,97,21,137,109,134,26,106,64,122,47,58,17,40,130,110,138,53,34,65,142,66,147,46,27,38,59,33,11,112,51,83,3,12,36,94,91,139,42,104,103,140,87,101,15,124,69,121,7,29,73,67,115,74
96,30,55,108,85,100,117,141,4,16,48,52,103,87,5,54,60,31,37,17,128,116,149,122,22,99,50,13,98,144,92,8,111,91,9,148,133,74,126,131,114,61,112,89,42,95,147,45,135,71,79,27,35,32,123,102,132,119,106,146,39,57,62,25,43,118,56,88,72,105,68,44,18,140,10,129,51,75,81,23,6,1,143,136,77,107,49,41,127,24,113,120,86,145,20,15,70,97,21,137,109,2,26,73,64,80,47,58,134,40,130,110,82,53,115,65,142,66,0,33,84,38,59,28,11,46,125,83,3,12,36,94,63,139,90,104,34,7,138,101,14,124,69,121,19,29,76,67,93,78
101,94,55,108,45,34,54,147,66,16,48,61,58,87,5,85,99,127,37,62,128,116,149,122,22,121,50,82,43,144,51,141,132,91,9,103,148,57,110,73,136,35,112,89,42,95,38,92,135,71,79,27,115,98,120,96,102,119,106,146,123,142,56,134,74,75,126,88,72,24,31,8,18,140,114,129,32,60,81,70,6,1,7,17,77,52,49,10,118,111,113,13,86,145,20,83,105,124,21,137,109,2,26,39,64,80,47,90,107,40,130,117,100,53,143,65,44,68,0,33,84,25,59,28,11,46,15,23,3,12,36,97,63,139,125,104,131,133,138,41,14,30,69,4,19,29,76,67,93,78
100,94,55,108,127,34,54,147,66,101,48,95,58,87,5,85,99,12,37,62,128,116,149,109,111,145,50,82,43,144,51,16,132,103,70,57,148,7,110,81,92,35,93,107,42,96,38,131,135,97,79,59,115,98,72,117,138,119,32,126,49,121,56,27,74,75,113,141,134,24,31,8,18,140,6,129,89,40,17,90,80,1,122,112,123,52,0,10,133,60,9,13,86,11,26,83,105,136,64,137,102,4,77,39,61,47,46,142,106,78,130,88,120,114,143,65,44,68,124,33,84,25,20,28,21,71,15,23,3,104,36,146,63,139,125,22,118,45,19,41,14,30,69,53,73,29,76,67,2,91
70,42,55,108,127,100,21,147,149,101,32,148,58,62,5,22,99,12,37,135,85,116,73,109,111,78,50,82,107,72,51,16,79,103,57,104,31,43,124,96,92,35,93,63,113,8,38,131,142,97,138,86,115,98,144,48,112,119,143,134,49,121,66,27,74,75,36,141,91,24,7,146,18,45,6,129,89,40,17,80,95,87,3,94,123,52,0,10,133,60,39,13,88,11,26,61,105,136,64,137,102,81,1,90,140,47,46,83,20,77,130,41,120,114,117,128,44,68,126,59,84,25,106,28,132,71,4,110,23,33,15,56,125,54,122,65,118,9,19,139,14,30,69,53,34,29,76,67,2,145
70,42,52,108,105,100,61,147,149,111,38,148,106,95,63,22,99,44,37,113,128,116,73,84,21,47,50,107,124,46,133,16,79,103,57,104,31,48,55,96,114,86,93,135,29,92,60,28,142,97,131,138,115,53,144,87,112,119,143,134,8,121,51,27,76,75,36,141,91,24,7,85,127,45,18,129,145,41,17,80,15,140,3,68,123,74,0,10,35,62,89,39,19,11,26,109,49,13,64,137,102,12,1,90,66,58,136,83,20,77,130,126,120,40,117,6,78,2,71,98,146,25,43,5,132,32,4,110,101,33,9,56,125,54,122,65,118,81,72,139,14,30,69,94,34,23,82,67,59,88
70,42,82,147,80,148,61,44,149,141,140,45,77,95,38,22,99,132,37,113,128,52,100,84,43,47,50,106,83,46,12,96,5,103,57,104,23,129,110,4,120,76,93,135,29,92,60,73,142,97,131,79,115,53,107,114,48,119,143,145,8,28,31,27,59,75,36,116,24,16,7,85,127,21,109,133,66,108,126,39,146,69,3,68,123,74,0,10,78,62,89,87,105,11,26,35,49,13,64,51,102,88,1,90,56,15,136,94,20,138,130,124,58,40,117,6,63,111,71,98,19,25,122,33,144,32,41,121,101,55,9,91,125,54,17,65,118,81,72,139,14,30,112,86,34,18,2,67,134,137
149,42,103,33,80,148,17,44,70,141,82,45,77,5,0,117,47,132,79,113,128,52,100,84,83,147,108,106,111,46,63,34,39,64,57,104,23,97,3,4,120,56,93,135,29,50,2,9,142,130,129,109,115,48,36,101,11,61,99,145,8,28,31,38,59,14,51,116,89,16,7,133,75,54,37,112,66,118,119,144,146,69,138,68,123,74,73,10,78,62,43,87,105,60,26,35,49,114,95,22,102,88,92,90,1,140,136,94,20,85,13,124,58,40,53,6,137,107,127,98,19,25,122,15,110,32,131,121,21,55,71,91,125,12,27,65,24,81,72,139,96,30,41,86,126,18,76,67,134,143
60,42,103,32,72,148,17,44,70,122,82,92,144,5,86,117,65,106,79,57,128,114,100,119,83,123,54,25,111,49,134,34,81,68,45,136,23,84,51,13,120,56,93,135,113,50,63,9,142,0,129,109,115,41,36,149,141,61,147,85,58,28,31,38,59,14,121,116,15,124,7,133,108,87,77,75,66,118,21,137,146,69,29,145,47,3,73,10,78,80,43,48,105,132,26,35,62,99,95,22,102,39,89,90,1,140,97,94,20,107,112,2,67,40,53,6,101,33,127,98,19,88,138,4,110,104,131,64,37,55,71,91,125,12,27,46,24,52,130,139,96,8,11,18,126,30,76,74,16,143
60,42,103,91,72,130,17,107,70,122,28,92,59,43,90,29,52,106,79,57,128,149,100,116,30,123,3,144,111,14,134,34,81,119,45,26,86,148,32,1,62,120,48,51,113,50,63,9,108,0,129,6,115,41,36,39,141,61,147,85,58,93,69,38,94,88,121,31,15,73,7,133,67,87,77,75,66,46,21,137,83,49,143,145,47,142,140,84,118,80,16,112,105,44,135,35,146,99,95,22,102,139,89,125,25,114,97,33,20,71,98,2,10,40,53,27,101,54,127,109,68,13,138,4,110,104,131,64,37,78,82,124,65,126,132,19,24,136,12,23,96,8,11,18,55,56,76,74,117,5
47,42,103,91,15,25,78,107,73,122,28,92,118,99,20,29,52,0,61,12,128,149,138,32,30,123,147,144,111,14,134,36,81,72,94,130,46,148,100,5,62,120,132,51,82,50,63,9,108,98,80,6,115,2,127,49,141,116,57,85,58,44,59,38,76,64,86,31,93,110,137,133,3,87,54,48,66,69,21,139,83,7,143,145,39,142,140,84,53,17,121,112,105,60,102,35,146,88,117,129,1,79,89,125,16,114,97,95,43,71,41,77,10,40,135,27,101,34,33,109,68,13,45,4,22,104,131,70,37,26,56,124,65,126,11,19,24,136,119,23,96,8,90,18,55,75,106,74,113,67
40,12,56,53,15,25,78,107,73,114,28,79,118,99,20,89,52,122,61,112,70,149,55,57,91,123,66,144,42,64,134,36,128,1,85,130,46,148,100,5,10,120,132,72,17,50,37,9,108,65,80,82,103,2,51,49,97,76,21,19,58,44,129,38,11,117,86,31,137,110,88,147,7,68,54,48,81,69,18,139,83,93,30,145,39,59,140,84,142,63,32,47,105,60,34,35,146,127,111,13,29,143,75,125,16,14,98,95,43,71,41,77,102,141,135,133,101,87,62,109,4,116,45,94,22,104,131,6,138,26,0,124,121,3,126,92,24,136,119,23,96,8,90,27,33,115,106,74,113,67
40,144,56,24,15,62,78,80,3,109,28,79,118,99,20,89,52,122,61,129,70,50,71,57,82,123,66,45,42,64,63,36,112,1,85,130,147,74,100,84,76,120,132,18,113,5,53,9,108,115,117,25,119,2,51,49,44,142,21,19,43,110,103,141,11,134,86,65,4,143,35,105,7,114,54,48,139,69,32,58,30,93,101,72,39,59,140,37,68,116,81,38,33,60,34,124,146,127,111,13,29,55,75,125,104,6,98,95,73,97,41,77,102,46,135,133,148,87,128,145,137,16,12,94,88,149,107,22,138,26,0,31,121,17,126,92,10,136,91,23,96,8,90,27,14,47,106,83,131,67
84,91,56,37,15,62,78,80,87,74,28,79,25,144,40,126,52,146,61,129,7,50,71,57,141,24,0,45,117,100,16,36,112,145,85,123,143,133,137,122,48,118,132,18,70,5,76,86,59,115,3,32,119,2,51,49,44,142,21,19,73,110,128,63,11,134,9,138,107,53,35,105,82,114,54,58,23,69,14,64,30,93,101,99,39,60,140,103,68,116,81,38,33,106,130,124,89,127,111,13,29,55,113,1,104,6,98,95,72,12,41,77,102,46,65,108,148,88,43,66,147,139,20,94,4,96,42,22,97,26,92,31,121,17,109,34,10,136,75,125,8,135,90,149,120,47,27,83,131,67
84,91,8,108,35,62,2,11,87,74,28,27,139,144,40,126,129,71,117,21,7,39,79,57,42,114,59,55,5,100,37,36,112,20,85,123,143,133,137,132,48,58,138,66,70,134,76,86,98,115,3,32,50,22,51,49,44,142,38,77,72,110,128,63,97,0,9,122,73,95,25,19,18,46,54,14,23,69,101,64,30,93,67,24,149,56,15,103,68,116,118,99,33,106,130,78,89,127,111,94,29,52,113,1,104,6,145,105,13,12,41,83,102,125,65,148,119,88,43,61,147,146,16,80,4,124,90,141,120,26,92,31,121,17,109,34,10,136,75,96,45,135,107,60,81,47,53,82,131,140
100,91,123,108,48,62,2,11,87,74,28,68,139,144,103,115,15,71,55,21,93,84,79,35,42,114,59,4,110,23,26,36,112,5,94,39,134,133,137,132,107,58,138,75,70,121,83,111,98,119,3,32,40,118,51,49,44,99,104,77,72,10,120,63,97,0,86,122,73,95,8,12,18,46,142,66,101,53,50,64,30,17,67,9,149,148,27,13,20,116,6,88,31,69,130,78,143,127,129,41,29,52,113,1,85,37,145,105,146,81,7,117,102,125,65,92,106,22,43,61,147,128,16,80,19,124,90,141,14,56,131,25,89,38,109,34,54,136,24,96,45,135,76,60,57,47,126,82,33,140
145,91,123,108,48,62,2,11,87,80,113,68,139,144,103,37,141,81,55,28,86,148,79,35,42,105,14,4,110,23,146,13,129,58,24,39,134,36,137,132,107,38,138,21,70,121,94,32,98,50,106,15,40,118,51,49,44,99,104,89,72,115,120,9,97,0,101,122,73,18,8,111,29,61,22,142,112,53,26,64,74,17,67,5,149,12,90,3,117,116,6,88,20,69,130,78,92,127,31,41,27,52,100,1,85,75,30,133,77,66,7,114,102,125,95,93,56,10,43,60,147,71,84,109,19,143,47,46,83,119,131,124,59,65,128,34,63,16,25,96,45,135,76,136,57,54,126,82,33,140
129,91,75,108,83,62,24,11,87,26,113,68,123,139,103,37,2,81,17,145,137,14,63,13,58,105,117,48,110,23,8,148,119,143,126,39,134,38,115,132,32,33,138,21,70,98,94,114,57,50,130,29,80,118,90,49,44,99,104,89,84,136,28,25,9,0,101,86,73,18,61,111,35,79,22,144,71,53,82,77,74,128,67,5,149,12,100,40,133,116,6,51,20,69,55,78,92,127,31,41,27,52,88,1,85,109,30,121,120,66,4,141,102,125,95,93,56,10,106,60,147,64,54,112,19,107,47,46,142,7,131,124,59,65,72,146,42,16,122,96,45,135,76,3,34,97,43,15,36,140
140,42,75,41,92,110,121,11,87,26,113,68,116,72,100,52,2,130,17,145,62,14,63,13,58,94,117,49,123,23,8,148,98,143,126,39,36,103,115,129,57,33,138,21,109,96,40,114,131,50,18,29,80,118,78,81,88,71,104,89,84,136,53,25,9,0,101,86,73,95,61,111,133,91,22,28,83,1,82,128,74,48,45,5,149,43,24,32,97,108,70,134,20,69,55,6,35,127,38,59,27,67,31,144,85,105,30,15,120,7,4,141,106,125,119,93,56,65,44,60,147,64,54,112,19,107,47,66,142,46,37,124,99,132,102,79,90,16,122,10,77,135,76,3,34,139,51,146,137,12
140,42,75,41,92,80,5,17,87,126,63,68,116,9,73,52,2,130,76,16,11,6,72,148,49,15,108,78,12,23,8,147,98,143,48,39,90,103,100,123,57,40,138,21,54,25,83,144,131,13,105,114,109,118,96,81,88,71,104,89,86,110,70,121,120,0,101,55,113,95,61,111,133,91,22,28,117,1,82,128,50,65,69,77,149,145,24,99,139,107,45,134,20,43,51,62,44,127,38,59,27,67,31,84,85,29,30,32,60,74,4,141,106,125,119,93,56,136,102,7,94,64,137,112,19,115,47,66,142,46,37,124,14,132,129,79,97,35,122,10,36,135,58,3,34,33,26,146,18,53
140,42,75,91,92,80,5,17,125,126,63,86,81,9,73,52,114,130,1,16,11,6,123,148,85,45,127,78,40,7,144,147,109,72,32,18,90,27,100,22,57,49,129,21,54,143,46,135,131,124,105,146,87,84,96,119,88,71,104,95,133,41,70,89,120,0,101,55,94,76,25,111,19,2,35,28,53,137,82,128,77,65,69,121,149,113,24,99,139,107,4,13,20,43,51,62,44,15,38,59,68,67,31,10,110,29,30,56,60,83,117,141,136,98,34,93,116,48,102,103,138,145,74,36,64,115,47,66,142,8,37,112,14,132,12,79,97,39,122,106,23,61,58,3,118,33,26,50,134,108
140,42,94,91,71,16,5,17,27,126,63,52,81,9,33,74,114,130,65,8,11,6,123,111,85,128,127,78,40,64,59,148,89,72,31,18,90,75,100,22,57,116,129,21,54,143,46,135,131,49,105,147,10,106,109,119,88,122,104,14,7,0,146,110,87,28,29,55,25,76,137,1,19,70,35,86,84,2,15,120,77,138,144,41,45,113,24,97,139,107,32,13,20,96,51,79,44,43,38,92,68,67,80,133,124,60,112,56,117,83,132,141,136,98,34,93,61,48,102,103,58,145,142,53,121,115,47,66,30,62,37,36,125,82,12,101,69,39,95,73,23,4,99,3,118,149,26,50,134,108
8,19,140,125,96,16,113,75,27,126,63,62,64,138,20,74,109,130,65,123,145,119,114,111,85,107,127,69,40,93,59,148,94,36,31,46,90,99,100,22,57,6,129,21,54,17,24,135,131,81,128,43,12,9,23,124,88,72,86,122,7,0,146,110,87,28,29,55,51,143,137,1,34,70,35,71,84,2,41,120,32,104,144,105,45,132,67,97,82,106,76,13,37,139,147,79,44,118,38,60,68,5,80,133,116,89,112,56,117,83,14,98,136,10,91,103,61,48,102,49,58,52,142,53,78,115,47,66,30,92,33,141,42,15,77,101,121,39,95,73,25,4,11,3,18,149,26,50,134,108
73,19,140,125,25,12,120,65,27,85,63,62,64,37,20,46,109,130,32,123,145,119,29,111,146,121,133,69,148,88,59,28,94,71,41,61,84,99,100,78,57,6,18,21,54,17,24,135,139,81,128,43,50,9,70,124,72,11,86,122,52,137,98,110,117,33,10,55,51,143,7,1,34,38,35,126,107,87,74,45,40,104,144,83,93,132,67,58,68,8,23,13,105,113,147,79,44,36,134,60,0,5,80,2,116,89,112,56,97,131,14,66,136,90,91,103,96,48,102,49,16,138,47,75,142,115,22,108,30,92,129,141,42,15,77,101,118,39,95,3,82,4,31,127,106,149,26,114,76,53
47,19,96,148,25,91,13,120,27,85,63,11,64,22,104,144,7,99,42,123,145,119,29,73,140,130,132,69,89,88,59,28,101,71,128,114,113,44,110,78,57,6,18,118,54,17,24,135,139,81,65,125,50,9,52,20,10,46,86,122,5,137,21,60,117,33,98,55,72,143,111,41,34,131,35,126,121,87,39,45,40,49,107,83,109,90,67,58,38,8,100,147,105,95,84,79,77,68,134,70,0,94,80,2,116,43,112,56,97,75,14,66,136,124,127,103,1,48,102,36,16,138,62,146,142,115,51,108,30,92,61,141,133,15,37,93,74,3,32,129,76,4,31,23,106,149,26,82,12,53
56,19,67,148,114,7,13,120,27,85,142,34,23,97,18,144,128,100,42,123,22,147,70,73,140,130,132,46,89,88,59,125,141,71,93,3,113,44,110,72,12,6,119,118,54,17,21,135,64,69,5,8,50,60,52,20,10,104,86,139,145,137,78,15,102,33,98,39,9,143,95,36,91,131,103,126,121,87,11,45,40,49,84,101,109,90,25,58,127,82,96,79,105,55,37,63,77,65,134,107,32,94,35,29,116,43,112,122,80,75,14,66,106,124,136,111,1,48,41,83,16,138,62,146,38,115,51,108,28,92,61,2,133,68,24,57,74,47,30,129,76,4,31,81,0,149,26,99,117,53
21,19,67,148,114,109,13,120,60,110,52,93,23,34,18,144,82,135,42,123,22,147,70,73,149,115,132,46,89,108,128,125,141,8,69,107,113,58,0,72,12,134,119,101,54,1,44,47,75,118,5,78,136,3,111,105,140,104,6,139,145,137,90,15,102,126,98,39,27,143,51,71,91,131,92,4,65,30,11,45,33,97,84,86,87,100,25,142,127,17,96,50,64,2,37,63,20,59,85,103,32,94,55,29,35,43,112,122,116,16,14,56,106,124,9,7,26,48,41,83,79,138,62,146,38,10,66,40,28,77,61,49,133,68,24,57,74,130,121,129,76,80,31,81,36,88,95,99,117,53
131,107,67,148,48,109,88,0,60,110,52,115,133,34,18,27,118,135,42,123,106,127,70,73,11,87,61,46,47,144,21,142,6,8,69,130,113,58,128,72,12,102,36,101,54,1,147,139,82,30,28,100,22,120,111,141,140,19,92,105,13,137,83,15,90,26,98,125,51,143,24,63,91,126,59,4,65,89,49,45,39,97,84,86,75,104,25,53,145,17,96,50,134,2,37,78,136,119,85,103,32,94,93,29,35,43,112,122,116,16,14,149,66,124,9,7,20,33,114,71,79,138,62,146,5,10,55,40,56,77,38,3,23,68,132,57,74,64,121,129,76,80,31,108,81,44,95,99,117,41
131,26,67,12,39,44,88,0,60,110,52,121,133,116,18,27,118,135,73,80,106,127,14,102,23,87,22,124,47,142,21,115,6,62,112,130,8,58,128,72,123,34,36,119,54,1,48,46,82,76,91,83,125,16,111,141,140,19,75,65,66,92,64,15,90,49,98,129,51,143,24,63,137,105,59,4,40,89,69,42,71,70,84,86,148,104,25,32,43,17,96,50,126,53,37,78,136,45,85,103,55,94,93,101,35,2,113,79,28,95,7,97,109,149,9,145,20,33,114,134,120,138,147,146,5,10,13,11,56,77,38,29,108,68,132,57,74,100,61,139,122,144,31,107,81,30,3,99,117,41
131,44,10,70,39,109,26,0,24,138,52,140,133,116,18,58,56,135,37,95,91,8,14,102,42,87,22,124,136,81,67,98,47,139,41,79,111,73,122,72,123,34,36,80,54,1,130,46,82,76,12,96,48,16,40,127,66,19,75,65,15,121,64,99,90,49,62,129,51,143,112,63,137,105,107,4,120,89,69,114,71,110,84,59,148,104,23,88,74,17,60,50,126,53,142,78,13,86,43,103,55,94,93,101,147,2,128,83,28,7,125,97,141,149,9,145,20,33,35,45,144,61,32,146,5,113,119,11,92,77,38,29,108,68,132,57,118,100,27,85,25,134,31,115,21,30,3,6,117,106
106,44,124,70,109,74,39,1,24,138,52,32,4,130,18,58,120,135,105,2,91,8,14,96,53,87,36,50,136,127,84,98,47,81,41,79,111,0,145,72,123,129,59,112,122,19,95,46,82,76,12,140,34,56,60,86,103,128,107,65,15,133,64,99,148,49,62,102,51,116,54,63,137,37,90,147,67,16,69,114,71,110,131,7,66,104,23,88,142,121,55,80,126,3,33,78,13,73,43,93,40,94,115,101,108,26,57,17,28,27,125,97,141,149,9,139,89,22,35,45,144,61,83,146,5,113,119,11,92,77,38,29,6,68,132,42,118,100,117,85,25,134,31,75,21,30,20,10,48,143
106,114,124,70,77,74,4,72,12,80,52,32,0,99,18,15,94,9,105,2,91,8,135,96,14,87,36,50,136,49,103,98,84,81,41,79,111,65,145,131,123,24,59,112,122,19,95,46,134,51,56,109,34,63,60,86,133,1,148,149,58,54,64,40,107,47,93,130,129,146,140,22,62,37,90,147,119,144,69,85,125,5,92,43,66,44,23,110,142,121,55,116,126,3,33,78,13,73,120,16,45,104,115,101,108,88,57,17,28,27,7,97,128,137,26,139,89,25,35,138,71,61,83,118,29,53,113,11,141,67,38,39,6,10,132,42,68,100,117,82,102,127,31,75,21,30,20,76,48,143
127,113,124,107,77,93,10,72,12,29,52,32,0,36,47,17,9,54,105,2,91,68,11,104,108,87,23,50,136,49,129,98,84,119,145,79,111,65,109,131,56,116,18,112,122,19,135,70,134,51,120,39,34,63,60,86,133,1,148,149,20,94,147,102,142,41,137,15,81,146,140,22,62,37,90,130,103,144,69,85,73,5,92,7,40,44,4,110,8,121,24,143,126,95,33,78,71,25,45,16,53,96,115,101,59,13,57,114,28,27,31,97,128,88,26,139,89,30,125,138,43,61,46,118,106,35,74,14,141,67,55,82,6,38,132,42,99,100,117,123,64,80,58,75,21,66,83,76,48,3
127,113,124,107,77,93,10,146,12,20,53,32,24,36,47,17,9,54,105,8,55,68,11,104,101,87,23,25,65,136,95,74,84,119,145,79,61,44,109,114,56,76,81,112,122,1,137,70,135,51,16,39,34,89,60,86,133,91,3,149,125,94,111,108,50,41,75,15,18,120,140,22,62,37,43,130,64,144,141,116,2,5,92,110,27,6,4,38,13,121,103,52,19,45,33,49,71,7,118,31,129,96,115,142,59,82,57,0,28,48,40,97,78,88,26,139,148,30,80,138,134,98,46,147,106,35,85,14,29,67,90,73,99,69,72,42,126,100,117,123,63,131,58,128,21,66,83,132,143,102
44,95,35,107,77,97,94,146,93,20,53,32,72,120,111,17,9,54,105,8,55,68,65,104,101,87,23,19,99,136,13,123,74,127,145,79,25,113,18,28,56,76,81,128,141,1,137,70,135,51,16,39,34,124,10,47,133,27,3,149,125,116,114,108,50,142,75,15,63,91,140,84,62,37,43,21,139,144,29,110,40,4,31,103,12,6,143,41,5,24,122,52,2,45,33,49,71,112,89,106,61,148,115,96,59,109,57,0,11,48,64,92,78,83,26,7,134,36,80,138,90,98,46,147,30,126,85,14,129,67,88,73,22,69,118,42,121,100,117,130,60,131,58,86,119,66,82,132,38,102
2,95,35,12,77,147,49,146,139,20,53,32,57,120,19,17,115,54,105,8,55,90,65,104,124,87,23,67,58,136,46,106,74,13,145,79,4,113,130,81,30,107,16,68,138,83,40,70,44,51,78,131,1,76,10,39,122,133,3,27,125,116,114,108,50,142,47,56,63,91,140,75,62,119,43,21,15,144,29,110,25,6,31,103,141,93,143,41,5,24,18,52,11,45,123,99,109,69,89,111,61,148,97,96,71,59,33,0,94,48,64,92,80,126,26,7,134,34,82,72,88,98,112,127,9,128,85,14,137,28,84,73,22,121,118,42,37,100,117,149,60,135,101,86,129,66,36,132,38,102
82,95,24,144,77,141,49,142,136,20,53,11,86,120,115,17,31,121,105,8,55,90,94,104,124,87,23,67,133,38,46,106,74,13,145,79,122,37,14,88,30,107,48,109,138,83,19,139,44,51,35,70,68,76,10,16,99,102,3,25,125,116,114,148,50,126,47,56,63,91,135,75,62,52,2,119,80,113,29,15,61,6,57,103,81,130,143,12,28,146,18,92,5,45,123,9,71,43,89,111,129,137,97,96,0,59,33,110,140,21,64,1,4,32,26,7,134,34,40,72,93,128,112,58,39,108,85,78,98,65,84,73,22,147,118,42,27,100,117,149,60,127,101,41,54,66,36,132,69,131
82,137,81,43,77,21,121,87,136,20,53,1,95,120,115,17,31,93,105,12,55,90,39,104,51,86,23,140,133,62,57,4,65,99,145,73,58,37,94,88,30,107,48,109,138,83,103,106,44,24,35,70,68,112,29,16,3,129,122,25,125,116,114,148,50,126,47,139,63,8,14,75,41,52,2,119,80,76,11,15,61,6,144,33,111,130,143,110,28,84,18,92,5,45,123,9,71,74,89,85,127,54,67,96,102,91,97,66,113,46,64,124,49,32,26,7,134,34,42,72,38,135,40,108,149,117,142,78,98,56,79,19,22,147,27,118,141,100,0,128,60,146,101,59,131,10,36,132,69,13
23,43,103,145,77,21,121,1,96,10,53,135,95,120,11,17,113,107,105,0,55,140,39,104,51,41,40,100,133,62,16,4,65,31,123,73,35,37,67,137,14,128,54,130,132,119,74,106,44,24,80,91,29,112,92,126,3,129,70,25,125,116,114,115,88,84,87,139,63,8,78,75,110,52,2,20,141,76,131,109,61,57,144,33,111,94,143,50,28,148,18,12,5,136,83,72,71,66,89,85,127,58,81,47,86,15,97,48,46,138,64,124,99,32,26,7,134,34,42,68,38,102,82,108,149,117,142,93,98,56,79,19,22,147,27,118,6,9,45,49,122,146,101,59,90,30,36,60,69,13
42,43,113,145,125,21,121,116,36,10,53,135,95,90,11,33,70,107,105,0,55,140,39,104,124,130,41,100,133,30,16,4,56,31,123,65,112,96,78,128,14,26,138,94,132,119,77,106,44,83,63,35,17,19,75,126,3,92,2,68,66,72,114,58,88,54,87,13,29,48,73,64,110,52,80,20,141,61,131,109,8,57,144,76,111,62,143,50,28,148,18,12,5,136,120,79,71,37,89,85,127,38,81,47,86,15,27,25,46,67,9,115,97,32,108,7,134,34,102,103,49,51,82,74,149,84,142,91,24,99,23,93,22,147,59,118,6,98,45,139,122,146,101,129,1,117,40,60,69,137
100,123,113,145,125,21,121,116,36,10,53,54,80,90,148,85,1,28,143,0,49,96,39,135,124,130,41,4,127,139,16,105,56,72,129,65,112,62,64,71,70,122,138,94,132,117,77,106,44,83,78,35,17,140,75,126,33,13,29,68,22,92,114,40,119,95,87,12,146,48,73,107,34,52,66,20,141,61,27,45,8,57,19,76,2,3,93,50,6,131,18,11,5,136,120,79,137,37,89,42,15,88,81,47,60,43,147,25,46,67,9,115,97,32,108,7,134,38,102,103,128,51,55,74,104,84,142,31,144,99,23,111,82,14,59,118,86,98,30,24,149,133,101,91,109,58,26,63,69,110
95,118,113,145,46,21,121,116,36,111,86,149,80,0,138,54,1,28,143,30,49,96,39,81,124,130,41,4,5,8,7,104,94,72,114,65,91,62,64,142,3,122,132,90,60,14,68,106,44,66,78,117,17,76,75,135,33,13,128,148,22,92,100,84,85,53,87,12,146,48,73,107,34,52,83,20,141,16,134,15,70,57,19,10,2,67,93,50,6,131,18,11,133,136,120,31,127,37,40,89,105,88,51,47,35,43,147,25,61,58,9,56,97,32,108,139,42,38,102,103,77,29,55,115,63,126,24,140,144,74,23,71,82,26,59,137,125,98,45,129,112,119,101,123,109,99,27,79,69,110
95,118,119,145,46,147,121,52,36,67,146,149,83,0,40,97,1,17,43,143,49,25,5,81,111,124,41,4,28,8,7,50,94,72,126,65,91,62,108,70,144,122,92,90,60,59,68,106,44,66,78,130,117,24,75,135,77,13,128,148,22,86,48,39,140,3,87,12,47,132,99,107,34,96,10,85,98,127,84,15,51,57,19,73,2,112,93,53,6,131,18,11,133,136,141,31,42,37,33,16,105,88,76,100,89,116,80,9,61,58,113,35,74,32,54,139,134,38,102,103,21,29,115,114,63,30,138,55,142,64,23,71,82,26,56,137,104,14,45,129,79,120,101,123,109,125,27,20,69,110
49,118,142,83,46,147,121,78,36,108,146,149,138,71,123,97,1,17,140,137,58,25,45,10,133,124,41,120,28,130,2,0,94,20,21,89,44,88,5,70,114,134,92,90,60,59,68,4,13,66,125,119,67,24,75,135,77,72,128,148,99,86,15,26,113,62,87,12,47,132,52,107,34,122,32,85,98,127,39,96,65,40,19,143,84,112,93,53,23,129,18,11,104,136,141,31,43,37,33,16,105,111,76,100,48,116,80,22,61,106,145,35,74,9,54,139,42,38,3,103,14,29,115,131,63,30,50,55,126,64,91,79,82,51,56,117,7,73,81,6,8,95,101,57,109,102,27,144,69,110
49,118,142,21,111,147,121,113,36,85,146,149,51,16,59,97,35,46,22,23,58,25,78,39,133,124,91,120,112,130,2,63,60,20,10,89,90,88,115,70,132,134,65,101,56,94,68,4,13,66,110,119,76,24,75,135,137,72,71,148,50,77,15,26,145,62,87,12,47,38,52,107,67,122,32,106,37,127,114,1,44,40,19,28,84,141,93,143,125,129,18,79,96,136,41,86,31,83,95,99,105,33,42,128,48,116,80,100,61,11,45,43,74,9,54,139,3,109,117,103,14,29,140,5,53,30,131,55,108,64,138,126,82,17,98,0,7,73,81,6,8,92,104,57,34,102,27,144,69,123
78,118,126,21,111,147,121,141,31,85,20,149,51,16,23,97,35,46,84,12,1,49,74,39,47,34,128,120,112,130,113,63,60,119,10,89,90,88,22,70,98,134,65,55,56,94,59,4,91,28,136,143,76,24,146,135,137,72,71,148,50,124,38,69,36,62,87,45,101,144,15,107,67,122,75,106,26,138,114,25,44,40,19,17,129,53,93,133,125,27,18,7,64,86,41,68,96,9,95,13,32,2,42,115,52,116,123,100,61,82,66,43,33,140,54,139,3,109,117,103,79,29,48,5,132,30,142,14,108,99,127,131,110,58,105,0,11,73,81,6,8,92,104,57,145,102,37,77,80,83
24,118,117,21,111,20,6,63,143,85,115,26,114,19,49,8,35,46,109,59,23,147,37,57,56,106,128,145,51,25,30,84,60,41,119,17,90,88,22,136,98,134,65,55,130,94,116,4,113,28,18,112,101,38,146,135,137,72,82,148,50,124,75,69,36,62,87,121,11,144,15,107,10,122,44,125,74,138,78,9,33,40,93,89,31,53,102,133,141,27,126,7,91,86,16,68,96,43,95,13,32,2,42,66,52,1,123,100,76,129,140,61,149,67,54,139,3,120,64,103,79,34,48,5,132,29,142,14,108,99,127,131,110,58,105,0,71,73,81,70,12,92,104,39,47,97,45,77,80,83
49,118,117,128,24,20,6,63,46,85,115,26,114,100,133,138,35,31,109,59,23,147,37,74,56,3,111,95,51,62,83,84,61,7,141,17,90,126,22,29,98,134,65,55,130,104,19,4,113,28,18,108,101,88,32,135,99,72,82,116,148,86,92,25,36,96,73,121,5,38,15,107,10,122,44,125,119,75,78,41,70,39,127,89,132,136,102,1,137,27,129,52,91,30,16,68,142,43,53,13,8,145,42,110,11,57,123,140,76,21,106,40,149,67,54,139,50,120,64,103,79,34,48,143,146,93,87,14,105,94,69,131,112,58,0,66,71,60,81,33,12,144,2,124,47,97,45,77,80,9
84,118,10,37,24,63,6,130,34,85,41,83,114,86,39,138,35,31,109,59,23,68,20,74,3,106,111,95,110,62,78,60,100,7,49,17,90,126,22,29,98,134,94,25,143,104,19,15,113,28,18,108,101,88,32,58,99,72,82,8,148,144,92,115,46,13,4,141,56,133,65,61,93,122,44,125,119,75,97,2,70,107,11,89,5,136,102,50,27,147,129,64,91,30,16,54,127,43,53,9,38,145,42,142,135,57,66,96,132,73,71,40,149,67,52,139,36,120,146,103,79,123,48,1,124,128,87,14,140,117,69,131,112,76,0,21,26,121,81,55,12,105,51,137,47,116,45,77,80,33
84,118,73,37,24,129,53,75,3,31,41,89,114,8,39,138,139,81,12,91,23,148,20,76,29,106,35,95,110,62,78,26,142,68,83,17,90,15,22,136,98,134,49,25,143,104,146,40,113,28,133,18,101,88,32,79,99,72,82,140,52,144,92,115,44,6,4,19,56,57,65,61,50,122,105,125,119,126,48,2,70,13,11,47,27,59,102,46,93,108,80,64,107,58,16,54,100,43,66,9,38,145,42,5,135,30,147,96,55,103,71,111,149,85,141,109,36,120,116,132,130,123,10,97,124,128,87,14,60,34,69,131,112,74,0,21,7,121,67,86,94,63,51,137,117,127,45,77,1,33
102,26,129,37,104,127,87,75,3,133,62,89,114,8,39,138,95,81,91,135,123,148,24,111,29,106,35,54,110,147,78,124,76,68,83,17,118,25,22,41,98,134,49,4,23,14,15,40,48,71,72,137,101,88,32,47,34,18,82,140,52,144,92,42,44,6,85,19,58,57,65,100,120,122,105,125,119,126,115,21,70,56,146,61,27,59,99,96,93,69,97,64,107,46,16,109,13,43,66,9,38,79,130,5,143,30,113,80,55,20,103,36,149,90,141,11,12,139,73,28,136,132,10,84,116,128,31,53,60,2,145,131,112,74,0,7,50,121,67,86,94,63,51,108,117,142,45,77,1,33
102,26,105,96,129,127,87,144,3,133,62,89,107,139,56,138,91,81,34,135,63,148,46,98,29,82,114,54,18,49,106,25,76,7,83,17,69,118,22,41,42,134,51,4,23,14,15,70,2,71,72,137,101,75,32,109,125,94,48,140,52,55,78,12,44,6,85,104,58,57,37,100,120,122,119,116,92,147,112,21,110,113,146,61,27,59,99,130,93,19,97,111,47,0,16,66,13,43,142,9,38,79,11,5,143,88,65,80,35,20,103,64,149,90,45,115,77,8,73,28,136,132,95,84,123,128,31,53,39,124,145,141,68,74,126,86,50,121,67,131,117,40,24,108,10,30,60,33,1,36
102,119,0,96,11,99,87,144,3,133,46,129,107,139,112,7,91,84,86,69,63,148,40,98,65,106,114,140,18,49,131,54,76,29,83,73,67,68,22,41,24,134,51,4,23,6,89,70,2,138,5,35,101,75,111,109,125,30,38,17,82,55,72,26,78,81,85,104,58,57,37,42,120,122,8,116,92,147,141,21,110,113,146,61,105,59,12,80,93,130,97,44,118,126,16,66,13,43,27,19,135,47,48,52,143,88,95,100,71,20,103,64,149,79,45,115,77,137,94,28,136,132,108,62,123,128,31,53,56,124,142,9,1,74,10,25,50,121,34,145,117,14,32,39,15,90,127,33,60,36
135,33,50,96,132,143,70,23,3,133,21,6,107,139,112,7,34,79,86,81,142,148,40,98,65,109,71,110,18,49,131,106,8,29,67,73,95,68,76,41,1,134,108,4,137,24,89,53,2,102,59,15,101,69,111,78,125,75,38,116,82,55,9,26,72,64,0,104,58,57,37,42,120,144,35,17,129,147,124,141,63,113,146,22,105,20,12,80,93,130,97,44,118,126,84,66,13,43,27,19,30,47,48,52,25,88,103,100,54,11,123,85,149,32,45,115,51,61,94,114,92,87,5,62,77,128,31,119,56,138,46,122,91,74,99,10,28,136,121,145,117,14,16,39,83,90,127,140,60,36
135,86,50,147,132,143,125,23,3,133,21,6,107,139,142,7,22,33,81,34,74,148,59,114,65,97,134,120,69,49,131,106,8,54,85,35,18,68,76,41,1,46,144,4,55,80,89,53,2,79,115,95,101,31,111,78,109,119,38,123,82,127,9,26,72,145,0,104,67,102,37,64,32,138,112,17,129,42,124,15,96,113,146,25,39,110,12,141,44,130,94,91,118,126,84,66,13,43,27,19,30,29,48,11,116,88,103,100,70,45,75,92,149,71,56,52,28,61,40,137,47,87,5,58,77,128,98,108,57,24,99,122,51,73,62,10,20,136,121,63,117,14,16,105,83,90,93,140,60,36
131,86,9,147,132,143,125,16,118,133,21,6,107,139,142,112,120,84,10,34,41,89,59,22,90,141,134,104,20,49,74,148,8,54,114,35,94,68,76,110,65,2,144,24,56,80,128,53,95,79,115,99,1,31,111,149,85,145,38,123,82,127,119,26,18,36,96,116,67,122,44,64,32,138,23,33,129,42,101,15,39,113,87,25,69,78,12,30,106,130,146,91,17,71,100,66,13,37,27,19,4,29,48,11,126,88,103,109,70,46,75,92,3,83,61,52,28,135,40,137,0,50,5,58,77,7,117,98,57,81,45,43,51,73,62,72,108,136,121,63,124,14,102,105,55,97,93,140,60,47
60,86,14,137,132,143,48,87,118,133,21,141,107,139,142,147,39,50,78,125,129,16,134,120,90,41,113,104,20,8,74,138,97,54,114,35,94,68,34,110,65,12,10,149,56,80,128,70,95,119,115,92,53,93,111,136,30,116,38,85,82,127,59,26,18,43,96,5,67,122,44,64,126,0,76,33,23,42,101,15,45,6,145,99,140,123,40,63,89,130,146,91,17,71,100,66,13,37,27,19,4,29,135,11,24,88,103,49,112,55,75,109,3,83,2,52,28,131,148,9,69,46,79,58,77,7,117,98,57,81,84,102,72,73,62,36,108,32,121,1,124,106,51,105,144,22,31,25,61,47
60,130,14,67,78,144,88,87,118,137,147,106,107,139,142,21,111,50,129,68,138,42,134,120,90,41,113,104,20,8,74,2,97,54,114,109,64,132,34,145,112,48,86,149,18,125,128,94,95,16,136,92,53,93,141,148,30,66,127,85,82,35,59,26,135,43,96,5,146,122,44,7,108,0,47,40,62,23,101,15,116,6,45,99,140,123,19,36,89,69,38,91,12,71,143,33,126,37,27,9,4,29,31,46,24,121,75,49,70,55,22,80,3,83,17,52,28,131,84,115,133,39,79,58,77,119,117,98,57,81,56,102,72,73,63,11,13,32,103,1,124,105,51,76,110,65,100,25,61,10
52,130,14,86,78,59,102,28,118,15,117,106,10,139,142,147,111,50,72,68,138,56,134,120,90,41,129,104,20,87,74,2,77,70,137,65,64,132,81,39,107,45,85,89,18,125,88,94,37,16,136,115,53,93,141,84,131,66,127,19,82,35,34,26,135,43,22,5,42,122,44,7,108,0,47,128,62,23,101,63,116,6,92,99,140,123,71,48,30,69,38,91,61,148,143,33,126,49,98,9,54,146,95,46,36,121,114,67,96,55,24,80,3,83,149,97,76,17,145,40,133,31,75,58,113,119,60,32,57,8,79,73,12,29,4,112,13,11,103,144,124,105,51,109,110,25,100,1,27,21
52,74,68,91,48,59,102,28,118,137,117,106,108,139,0,120,111,11,72,16,73,126,86,143,78,41,53,104,20,87,47,132,77,70,129,34,2,17,81,14,127,18,85,10,22,27,88,94,45,13,149,115,90,142,113,103,32,66,54,19,147,79,134,26,135,43,56,5,42,4,44,7,57,107,138,130,62,23,101,63,116,6,92,99,140,123,71,131,30,69,38,128,82,58,124,64,35,33,98,9,114,146,95,37,36,121,46,67,96,55,24,80,3,83,125,97,76,84,89,40,133,31,75,148,49,119,60,93,141,25,61,136,12,145,65,112,39,50,29,144,8,105,51,109,110,15,100,1,122,21
126,107,68,91,41,59,93,8,96,137,3,124,24,139,0,120,111,11,131,57,12,72,86,117,78,100,67,40,20,129,47,132,32,70,123,34,55,17,81,14,76,18,56,10,36,61,88,52,114,94,149,115,90,69,113,51,110,66,54,19,147,103,4,26,135,43,74,60,42,128,44,7,38,106,5,130,62,23,142,102,116,6,92,99,108,127,71,27,30,87,97,65,82,58,64,134,35,33,98,9,104,146,95,48,101,121,46,122,79,77,16,80,140,83,125,118,45,84,89,53,145,13,2,148,49,119,133,73,141,25,143,136,28,75,50,112,39,85,29,144,63,105,37,109,138,15,31,1,22,21
126,33,67,91,97,59,93,8,21,137,88,124,24,38,0,120,111,11,131,57,2,127,89,117,78,100,116,40,20,26,47,149,32,16,123,34,77,132,7,14,76,18,56,84,36,133,72,68,112,94,1,43,79,69,113,5,110,90,107,51,147,103,4,129,148,102,74,60,135,128,44,101,17,106,66,130,19,71,142,65,114,10,92,99,13,23,54,27,30,87,136,144,82,58,64,42,62,143,35,115,139,146,95,48,50,121,46,122,81,98,31,80,140,52,125,118,45,9,96,53,22,83,104,49,138,119,70,73,141,25,86,61,28,75,108,105,39,85,29,12,63,134,37,109,55,15,145,3,6,41
126,33,8,139,97,68,60,135,4,62,115,13,108,38,0,120,111,98,131,57,2,127,89,117,78,76,11,109,136,142,47,149,32,16,123,34,77,132,7,14,88,18,56,84,36,99,94,128,112,144,20,43,79,69,113,66,110,90,26,51,19,103,86,129,54,102,147,52,137,1,107,27,12,148,116,130,134,71,29,65,114,10,73,37,39,133,46,59,30,87,85,3,82,58,64,42,61,143,21,125,70,146,95,48,96,121,6,122,81,104,31,80,140,15,24,118,45,9,50,53,22,28,93,49,138,119,100,40,141,25,106,92,35,83,74,105,23,17,91,72,63,67,124,75,55,44,145,101,5,41
126,33,138,139,97,146,60,9,83,110,56,140,135,38,0,120,64,98,121,57,2,4,89,131,78,76,11,109,136,19,47,149,26,16,142,96,69,132,7,127,88,18,36,117,30,14,20,87,79,144,3,23,68,108,17,40,70,90,71,48,112,103,145,116,54,143,39,62,137,1,107,27,12,113,35,130,134,84,29,65,114,10,73,37,86,133,46,59,8,43,52,111,51,58,85,128,61,123,21,104,32,93,95,94,148,99,6,129,15,13,147,80,102,31,24,118,45,141,50,53,22,28,122,49,66,119,100,42,34,25,106,92,82,125,74,105,115,81,91,72,63,67,77,75,55,44,124,101,5,41
126,114,138,139,94,146,60,9,83,110,117,109,36,40,0,120,64,26,39,132,42,85,70,57,78,76,7,88,99,19,47,149,63,16,142,96,69,90,89,127,135,18,61,112,35,14,20,113,79,140,3,22,68,108,17,38,45,65,71,48,2,1,145,116,54,143,81,21,93,128,107,27,12,33,134,130,101,84,29,11,5,10,73,37,56,133,46,59,102,43,52,51,28,58,30,55,4,98,97,104,86,122,95,123,80,111,6,129,15,23,147,62,119,31,77,118,87,141,148,53,121,74,137,49,66,50,13,124,34,25,106,92,82,125,32,105,115,103,91,72,100,67,144,75,24,44,131,41,136,8
126,24,138,139,94,146,60,9,36,23,75,109,71,40,0,99,64,70,39,103,42,85,16,134,78,10,7,88,143,45,47,37,63,59,31,96,69,90,56,127,135,100,61,112,35,20,44,113,107,140,3,22,68,149,17,38,101,65,137,148,136,117,1,116,54,114,81,19,93,21,28,57,106,33,26,48,115,50,130,74,5,29,142,145,110,133,46,2,102,43,52,51,125,83,14,79,4,98,97,104,86,122,95,123,80,111,6,92,15,18,147,108,119,76,77,118,87,30,91,53,121,120,67,49,129,132,13,124,34,58,62,131,82,89,32,105,25,66,12,72,27,144,73,41,128,141,11,84,55,8
109,38,110,139,16,101,57,9,36,23,61,116,71,130,39,20,118,72,76,119,42,140,52,134,78,10,11,88,143,90,47,37,75,92,31,64,69,125,146,63,135,85,79,112,35,128,44,113,107,100,3,25,68,82,17,94,43,65,81,148,136,117,1,46,122,114,59,95,93,21,28,149,60,58,96,99,115,7,18,74,141,29,142,145,14,133,83,2,102,48,103,127,70,50,66,106,4,98,97,137,86,56,33,123,80,111,147,54,15,104,40,108,5,45,77,0,87,30,22,53,121,120,67,49,129,132,13,124,34,126,62,91,24,89,32,105,138,51,12,6,27,144,73,41,131,26,19,84,55,8
