0,1,2,3,4,5,6,7,8,9,10,11,12,13,14,15,16,17,18,19,20,21,22,23,24,25,26,27,28,29,30,31,32,33,34,35,36,37,38,39,40,41,42,43,44,45,46,47,48,49,50,51,52,53,54,55,56,57,58,59,60,61,62,63,64,65,66,67,68,69,70,71,72,73,74,75,76,77,78,79,80,81,82,83,84,85,86,87,88,89,90,91,92,93,94,95,96,97,98,99
0,1,2,3,4,85,6,7,8,9,10,11,30,45,14,74,16,17,18,27,20,21,22,23,24,25,26,12,28,60,13,31,32,33,34,35,36,78,59,39,40,37,42,67,44,29,46,47,48,68,50,51,52,53,54,55,56,57,58,49,73,61,62,63,64,65,66,83,19,69,70,71,72,5,43,75,76,77,38,79,80,81,82,15,84,91,86,87,88,89,90,98,92,93,94,95,96,97,41,99
0,53,34,3,4,85,6,7,36,9,10,11,30,45,14,74,16,37,48,27,20,21,22,23,24,25,28,12,43,60,13,31,32,33,96,35,8,78,59,39,40,41,42,67,44,29,46,5,98,68,50,56,1,17,54,55,64,57,58,49,73,61,62,63,82,65,66,83,19,69,70,71,72,18,93,75,76,77,38,79,80,81,2,15,84,91,86,87,47,89,90,88,92,51,94,95,52,97,26,99
51,53,34,3,10,85,0,7,58,9,39,11,30,45,14,22,16,37,67,27,20,21,33,23,25,24,28,79,43,60,13,31,77,76,96,35,48,78,59,52,40,41,42,32,44,29,6,5,4,68,50,56,12,17,54,55,64,57,1,49,73,61,62,63,82,65,66,83,19,69,70,71,72,18,93,75,8,36,38,98,80,81,2,15,84,91,86,87,47,89,90,88,92,74,94,95,46,97,26,99
9,32,34,3,10,85,0,7,58,45,39,11,30,35,14,22,47,37,67,27,20,21,33,23,25,99,28,79,43,80,13,31,77,76,96,90,48,78,59,52,1,41,42,53,51,29,6,36,4,68,50,56,12,17,86,55,64,57,40,49,73,61,62,63,82,16,66,83,19,69,70,71,72,18,93,75,44,5,38,98,8,81,2,15,87,91,54,24,97,89,84,88,92,74,94,95,46,60,26,65
18,98,34,61,10,85,0,7,58,43,39,11,54,35,14,22,47,37,67,27,20,70,33,23,25,99,28,79,9,52,13,53,77,76,96,90,48,78,59,81,1,41,42,3,51,29,6,36,4,68,50,56,30,17,86,55,64,57,40,49,73,75,62,63,31,38,66,83,19,89,21,71,72,5,93,45,44,32,82,69,8,12,2,15,87,91,80,24,97,16,84,88,92,74,94,95,46,60,26,65
82,47,3,61,10,85,0,7,58,43,39,11,54,35,14,22,66,15,67,27,20,70,33,53,25,99,28,79,9,52,13,62,77,76,65,90,48,34,1,81,75,41,42,57,51,29,6,36,4,68,50,97,30,17,86,55,18,92,40,49,96,23,78,63,31,38,37,83,19,89,21,71,72,5,93,45,44,32,59,69,8,12,2,98,87,91,80,24,64,16,84,88,56,74,94,95,73,60,26,46
82,47,11,61,10,85,9,45,58,5,39,29,54,35,14,22,66,74,67,27,88,70,33,53,96,99,16,3,25,52,13,62,77,43,65,90,48,34,1,28,75,41,42,26,51,57,6,36,4,68,50,81,30,17,86,55,18,92,40,49,24,23,78,63,31,38,37,83,19,89,21,71,72,79,93,0,44,32,97,69,8,12,2,98,87,91,80,7,64,20,84,59,56,15,94,95,73,60,76,46
82,47,11,61,99,85,19,45,91,5,39,29,20,54,14,22,66,74,4,27,88,70,33,51,96,3,16,43,25,49,13,62,77,53,65,90,48,34,1,28,75,41,42,26,64,57,6,36,17,68,50,10,30,58,86,55,23,92,35,18,24,67,78,63,31,38,15,83,40,89,21,71,72,79,93,0,44,32,97,69,8,12,2,98,87,37,80,7,9,52,84,59,56,81,94,95,73,60,76,46
82,11,33,92,99,85,19,45,91,5,39,29,20,16,88,22,18,74,32,27,1,95,76,51,66,3,4,43,25,49,13,80,77,53,65,90,48,34,14,28,75,41,42,26,10,57,6,36,17,68,50,73,30,58,86,55,23,96,35,62,24,67,78,63,31,38,15,83,40,89,21,71,61,79,93,0,44,54,97,69,8,12,2,98,87,37,46,7,9,52,84,59,56,81,94,64,70,60,47,72
82,61,33,92,59,34,5,45,47,63,39,42,20,16,88,22,18,74,32,27,35,95,76,51,66,3,15,43,25,49,13,80,77,53,65,90,48,46,14,28,75,41,4,26,1,57,6,36,29,68,50,73,30,58,86,55,17,96,8,62,24,67,78,40,31,38,89,83,19,85,21,71,11,79,93,0,44,54,97,69,99,12,2,98,87,37,23,7,91,52,84,9,56,81,94,64,70,60,10,72
82,61,33,92,59,97,5,45,76,62,39,42,96,16,88,22,18,74,32,27,35,20,43,51,47,3,15,46,25,49,72,80,77,53,0,8,48,75,14,28,34,41,4,26,1,57,90,36,29,68,50,73,30,58,86,55,17,10,6,40,24,67,78,95,31,38,89,83,19,85,21,66,11,79,93,13,44,54,98,69,99,63,2,65,87,37,23,7,91,52,84,9,56,81,94,64,70,60,71,12
82,39,33,92,8,97,5,45,58,62,90,42,18,16,49,22,31,74,32,28,35,20,43,51,47,3,15,46,25,38,79,80,77,53,0,94,48,75,14,96,34,59,4,26,1,57,6,36,29,27,50,73,10,72,86,55,17,56,76,40,24,88,78,95,61,68,89,83,19,85,21,66,11,30,93,13,44,54,98,69,99,63,2,65,87,37,23,7,91,52,84,9,41,81,67,64,70,60,71,12
82,39,33,92,8,97,5,45,58,35,72,81,62,16,49,22,31,65,32,93,21,20,43,61,42,3,15,46,25,38,79,80,77,53,0,94,48,75,14,96,34,87,4,26,1,57,6,36,90,27,50,73,10,51,86,78,18,47,76,40,24,88,41,95,56,68,89,83,19,74,29,66,11,59,28,13,44,54,98,69,99,63,2,85,17,37,23,7,91,52,84,9,30,55,67,64,70,60,71,12
82,39,65,92,8,97,5,45,58,89,72,81,62,16,49,28,31,22,99,93,21,20,43,61,42,83,15,90,25,38,79,80,77,53,0,94,48,75,14,96,34,68,4,26,1,57,32,36,35,27,50,46,10,51,86,78,18,47,76,40,24,88,41,95,56,85,3,37,19,74,29,66,69,59,71,13,44,54,6,11,98,63,2,70,17,73,87,7,91,23,84,9,30,55,67,64,52,60,33,12
82,39,65,92,8,95,78,54,58,89,74,81,62,44,49,28,31,53,99,93,21,20,43,61,42,97,15,90,25,38,79,80,77,22,0,94,48,75,83,96,34,68,4,26,1,57,32,36,35,5,72,46,10,51,27,63,18,47,70,40,24,71,41,76,56,85,3,37,19,45,29,66,69,59,14,13,67,86,6,11,98,50,2,16,55,73,87,7,91,23,84,9,30,88,17,64,52,60,33,12
82,39,95,92,2,81,35,54,58,31,74,65,62,44,49,28,5,53,99,66,21,20,43,61,57,97,8,90,25,38,79,47,77,22,0,94,78,75,83,96,34,68,4,26,1,93,32,36,15,37,3,46,10,51,27,63,18,7,70,40,89,71,41,76,56,85,72,29,19,45,24,48,69,59,14,13,67,86,6,11,98,50,16,42,55,73,87,80,91,23,84,9,30,88,17,64,52,60,33,12
82,39,87,92,2,81,35,54,53,31,16,65,62,44,49,28,5,98,99,66,21,20,43,61,57,97,25,90,93,38,79,6,77,22,83,94,78,17,91,96,34,68,4,26,1,75,32,36,15,37,3,46,10,95,27,63,18,7,70,40,45,71,41,58,56,85,72,29,19,76,24,48,69,59,14,13,89,86,55,11,51,0,50,42,84,73,67,80,47,23,74,9,30,88,8,64,52,60,33,12
88,44,87,93,2,81,35,97,53,13,16,92,62,76,49,28,64,98,99,66,21,20,43,61,57,73,25,90,41,38,79,6,77,22,54,94,78,17,91,31,34,68,4,39,1,75,32,36,15,37,3,46,10,95,27,63,65,7,70,40,45,71,83,18,74,85,72,29,19,14,24,48,69,59,96,58,89,86,56,11,51,0,50,42,84,5,67,80,47,23,55,9,30,26,8,82,52,60,33,12
47,44,68,93,2,81,35,51,53,13,16,92,62,76,30,28,64,60,99,66,21,20,84,61,57,73,25,90,41,38,79,6,70,22,31,94,78,17,91,0,34,27,4,39,1,75,32,36,15,37,3,77,10,95,5,12,65,7,54,40,14,71,83,18,74,85,72,97,19,87,24,48,69,59,96,58,89,86,56,11,45,49,50,42,88,29,67,80,63,23,55,9,46,26,8,82,52,43,33,98
47,35,68,56,2,81,37,51,53,13,16,48,62,76,30,28,64,60,99,66,21,24,29,61,57,73,25,90,86,38,79,6,70,22,31,94,78,17,91,0,96,27,93,84,1,15,32,36,55,4,3,77,10,95,5,12,65,7,54,40,34,71,83,18,14,85,72,97,19,87,92,52,39,59,75,58,20,41,74,11,45,49,50,42,88,44,67,80,63,23,89,9,46,26,8,82,69,43,33,98
47,83,68,56,2,81,37,15,53,66,16,48,75,76,30,28,64,60,24,3,21,51,29,61,57,73,11,90,86,38,79,6,70,22,39,94,78,17,91,0,96,27,93,84,72,85,32,36,55,4,13,77,10,95,62,12,65,35,54,40,34,71,99,18,14,58,1,97,19,5,92,52,25,59,87,67,20,41,74,7,45,49,50,42,88,44,9,31,63,23,89,80,46,26,8,82,69,43,33,98
47,83,68,56,2,65,37,15,53,66,16,92,75,76,30,59,79,60,24,3,21,51,29,61,57,73,11,90,86,38,10,6,70,63,39,94,25,64,12,0,96,27,93,84,72,32,78,36,55,4,13,77,48,95,62,89,85,35,54,40,34,71,99,91,14,58,1,97,19,5,45,52,81,18,87,17,74,41,67,7,98,49,50,42,88,44,9,31,22,23,20,80,46,26,8,82,69,43,33,28
9,83,68,56,2,65,37,15,53,41,16,92,75,76,58,55,79,60,24,3,21,51,18,61,57,73,11,90,86,38,1,6,47,63,39,94,25,64,49,85,96,27,93,84,98,32,78,36,12,4,40,77,48,95,30,89,99,35,54,13,34,71,46,91,14,70,59,97,19,5,45,52,81,29,87,17,74,22,67,7,62,0,50,42,88,44,66,31,72,23,20,80,10,26,8,82,69,43,33,28
9,83,68,88,2,65,37,15,53,41,16,92,75,76,58,55,59,22,24,3,21,51,18,95,57,73,11,90,86,38,1,64,47,63,74,94,25,66,49,85,96,27,93,84,10,32,78,36,12,17,40,77,48,72,30,89,99,35,54,13,14,71,61,91,26,70,46,97,23,5,45,52,81,29,87,4,39,19,67,7,62,0,50,42,79,44,6,31,98,33,20,80,56,60,8,82,69,43,34,28
9,83,75,88,2,65,37,15,53,41,16,92,5,31,58,55,69,22,24,59,21,51,18,95,77,73,11,90,3,38,1,64,48,63,74,29,25,66,7,4,96,27,93,84,10,32,78,36,12,17,40,42,56,72,30,89,99,35,54,13,14,71,61,91,26,70,46,97,23,49,45,52,81,86,87,76,39,19,67,8,62,0,50,20,57,44,6,47,98,33,60,80,79,85,68,82,94,43,34,28
9,83,75,88,82,65,37,50,53,77,16,92,5,30,58,55,69,22,24,81,87,51,18,95,2,73,11,90,3,38,1,64,28,63,74,29,25,66,21,4,96,27,48,84,78,32,93,36,12,17,40,31,56,72,52,89,99,41,54,13,10,71,61,91,26,70,80,97,23,49,45,42,7,86,59,76,46,19,67,8,62,0,15,20,57,44,6,47,98,33,60,39,79,85,68,35,94,43,34,14
48,83,75,88,82,65,37,50,53,77,16,92,5,55,58,9,47,44,24,81,8,51,18,74,2,73,11,90,3,38,1,64,28,63,87,29,25,66,21,4,96,27,40,84,41,32,93,36,89,17,95,31,56,72,52,12,99,71,54,13,10,22,61,91,26,70,57,97,23,49,62,42,7,86,59,76,46,43,67,45,30,0,78,20,19,80,6,15,98,33,60,39,79,85,68,35,94,69,34,14
48,83,40,75,82,65,37,88,53,77,16,92,5,55,58,79,47,44,24,81,8,51,18,74,89,73,23,90,3,50,1,64,28,63,98,41,10,66,21,4,96,27,25,84,69,32,93,36,70,17,95,31,56,72,99,12,2,71,22,13,20,87,61,91,26,11,57,97,29,49,62,42,7,86,59,76,46,43,67,45,30,0,78,33,19,80,6,15,52,38,60,39,9,85,68,35,94,54,34,14
48,83,40,75,82,65,74,4,53,77,16,92,5,55,43,79,47,44,24,81,8,51,37,60,89,73,23,90,20,50,1,58,28,57,98,41,10,66,21,13,33,27,25,84,69,71,93,64,70,17,63,31,56,72,99,12,2,32,22,45,96,87,61,91,26,11,95,97,29,49,36,42,7,86,59,76,46,62,67,88,30,0,78,3,19,80,6,15,52,38,68,94,9,85,39,35,18,54,34,14
48,83,82,75,60,65,74,31,53,77,16,92,5,69,43,79,47,44,24,81,8,51,37,54,89,73,23,90,20,50,1,58,28,57,98,41,10,66,21,13,33,27,25,84,15,71,97,64,70,55,4,95,56,72,99,63,2,32,22,14,34,87,61,91,26,11,40,12,36,49,30,42,7,86,59,76,46,19,67,88,62,0,78,3,93,80,6,45,52,38,68,94,9,29,39,35,18,96,17,85
48,21,52,75,60,65,74,31,50,98,16,92,5,69,43,79,47,44,56,81,8,51,37,30,89,54,23,20,73,77,1,58,28,57,94,83,10,66,39,13,33,95,25,84,15,71,97,64,70,55,4,27,82,72,99,63,2,32,22,14,34,87,61,91,26,11,40,12,36,49,59,42,7,86,24,76,46,19,67,88,62,0,78,17,93,80,6,29,53,38,68,90,9,45,41,35,18,96,3,85
48,21,52,75,60,65,74,55,50,98,71,69,5,11,43,79,47,36,96,8,67,51,37,30,89,54,23,20,73,77,1,58,28,57,94,83,10,44,39,13,78,3,25,84,15,56,97,64,70,17,4,27,82,72,81,63,2,32,22,14,34,87,61,91,26,29,40,12,0,49,59,42,7,86,24,76,46,19,35,88,62,92,99,66,16,80,6,93,53,38,68,90,9,45,41,95,18,31,33,85
48,21,52,1,60,67,99,55,50,98,71,69,5,11,43,26,47,36,96,9,65,51,37,30,3,54,23,20,73,77,31,58,44,57,94,28,10,68,39,13,78,70,25,84,15,56,97,64,89,17,4,27,82,85,81,63,2,32,22,14,34,87,61,91,83,40,29,12,0,49,59,42,7,86,24,76,46,19,35,88,62,92,53,72,16,80,6,93,33,38,8,90,75,45,41,95,18,74,66,79
48,26,52,68,60,67,31,55,50,98,71,75,5,11,89,53,25,36,49,44,65,51,37,30,3,54,23,20,73,77,99,58,69,57,94,28,10,79,39,13,78,70,63,84,15,56,97,64,90,17,4,27,82,85,81,62,2,32,22,1,34,87,61,91,83,40,29,12,0,21,59,42,7,86,24,76,46,19,35,88,47,92,14,95,16,80,6,93,33,38,8,43,45,96,41,72,18,74,66,9
82,26,52,68,60,67,96,55,50,98,71,75,5,11,89,53,25,36,49,31,65,51,37,30,3,54,23,20,73,17,19,4,69,95,94,28,10,79,0,13,44,16,63,84,15,56,97,64,90,33,59,27,1,85,81,62,61,32,22,58,34,87,77,91,83,40,2,12,78,21,70,42,7,86,24,76,46,29,35,88,47,92,14,57,45,80,6,93,39,38,8,43,99,48,41,72,18,74,66,9
82,26,52,71,60,67,96,61,50,56,87,75,5,11,89,53,14,36,0,31,65,51,37,55,3,54,23,20,73,17,19,4,69,95,94,28,10,79,76,13,44,16,63,84,81,15,97,64,90,33,86,49,1,85,72,62,30,32,22,58,57,98,77,91,83,68,2,12,78,40,70,42,7,25,24,8,46,29,35,88,47,92,21,27,45,80,6,93,39,38,99,43,59,48,41,34,18,74,66,9
82,26,54,71,61,67,96,47,50,36,87,75,5,35,89,53,14,19,0,31,65,56,37,55,11,32,57,20,73,17,99,4,69,95,94,28,10,79,51,13,44,16,63,84,81,39,97,64,90,33,86,34,1,85,72,62,30,52,22,58,21,98,77,91,83,68,2,12,78,40,70,42,7,46,24,8,49,76,15,88,23,92,29,27,45,80,6,93,3,38,60,43,59,48,41,25,18,74,66,9
82,26,54,71,78,42,96,47,50,36,87,75,30,35,4,53,14,6,0,31,65,56,62,55,10,32,57,20,73,17,99,61,69,95,94,28,5,79,51,13,44,16,63,84,81,39,97,64,90,21,86,9,43,85,72,11,1,52,22,58,19,98,77,91,83,68,2,23,67,40,70,88,7,38,24,8,49,76,15,34,89,92,29,27,45,80,12,93,3,33,60,46,59,48,41,25,18,74,66,37
82,26,54,71,34,42,96,21,50,36,87,75,47,35,4,69,14,46,0,31,65,56,62,55,10,32,57,20,73,17,99,61,86,95,94,28,5,79,27,13,44,16,63,84,81,24,97,64,90,91,78,9,93,85,72,11,77,52,22,58,48,53,29,19,83,68,51,23,67,40,70,88,7,38,74,8,49,76,15,43,89,92,30,39,45,80,12,1,3,33,60,6,59,98,41,25,18,2,66,37
66,82,61,71,34,22,31,21,50,36,87,70,47,35,40,69,14,93,0,33,65,96,62,55,10,32,57,20,73,17,99,3,86,95,94,28,5,23,27,13,44,16,63,84,81,24,97,45,90,91,78,9,42,46,72,11,77,52,54,58,48,53,29,19,83,68,51,26,67,1,92,88,7,38,74,8,49,76,15,43,89,75,30,39,4,80,12,85,64,79,60,6,59,98,41,25,18,2,56,37
66,82,24,71,1,22,12,21,63,36,87,70,83,35,40,69,14,93,0,33,65,29,62,55,10,32,57,20,73,17,99,3,86,95,94,28,5,23,27,13,44,43,11,8,81,34,97,45,90,80,78,19,42,50,72,16,47,52,54,58,48,53,92,91,31,68,51,26,67,77,9,88,7,38,74,46,49,76,15,84,89,75,30,39,4,98,96,85,64,79,60,6,59,61,41,25,18,2,56,37
66,82,24,71,1,22,12,21,98,36,87,97,51,35,40,69,14,93,0,33,65,42,62,55,6,32,57,20,73,17,99,3,26,95,94,28,5,23,27,13,44,43,63,8,81,34,29,45,90,80,74,19,83,50,72,16,47,52,54,91,18,25,68,86,31,58,59,78,67,77,9,88,7,38,53,46,49,76,15,84,89,75,11,39,4,30,96,85,64,79,60,70,92,61,41,48,10,2,56,37
66,82,38,71,1,22,21,7,98,36,87,97,51,35,6,69,14,27,0,33,65,42,62,55,17,32,57,20,73,30,99,84,26,95,94,28,5,23,52,13,44,43,86,8,81,46,29,45,90,80,3,19,83,50,72,16,47,70,54,91,18,25,68,63,31,12,59,78,67,77,9,88,74,60,40,2,49,76,15,58,89,75,11,39,4,93,24,85,64,79,96,53,92,61,41,48,10,34,56,37
66,82,38,71,1,22,21,7,61,36,87,97,51,29,6,69,14,80,32,33,65,42,62,55,17,16,57,20,73,30,99,84,46,95,78,28,64,68,52,13,44,43,86,26,81,90,23,45,5,67,3,96,83,50,72,25,47,70,54,91,18,35,94,63,31,41,59,0,8,77,9,88,74,60,40,2,49,76,15,58,89,75,11,39,4,93,24,85,27,79,12,53,92,19,98,48,10,34,56,37
66,82,38,71,98,22,21,7,61,36,87,84,51,44,6,69,14,80,32,33,65,42,62,55,1,16,57,20,73,30,99,96,46,64,78,28,12,68,97,13,54,43,86,26,2,90,23,45,5,67,3,29,83,50,72,25,47,70,10,91,17,35,94,63,81,41,59,0,37,77,9,88,74,60,40,79,18,76,15,58,49,8,11,39,4,93,24,85,27,56,75,53,92,19,89,48,31,34,52,95
83,82,12,29,98,22,21,7,88,36,87,84,51,44,45,69,14,80,32,33,61,42,62,55,1,16,57,20,73,30,99,96,46,64,78,28,18,68,97,13,54,43,86,26,2,90,48,74,94,67,3,0,39,50,72,25,47,70,10,91,79,35,6,63,81,41,59,5,37,77,52,66,71,60,40,9,17,76,15,58,49,38,11,65,4,93,24,85,27,56,75,53,92,19,23,89,31,34,8,95
37,82,12,29,98,22,55,7,88,36,87,84,51,44,45,69,14,80,32,33,61,42,62,38,81,92,57,21,73,30,99,66,46,64,78,20,18,16,68,13,54,43,86,1,2,90,48,74,94,34,3,19,25,50,72,26,47,97,10,91,79,35,6,63,67,41,59,5,39,77,52,96,71,60,40,0,17,76,15,58,49,83,11,28,4,93,24,85,27,56,75,53,65,70,23,89,31,9,8,95
37,2,12,24,98,18,55,68,88,36,87,84,51,44,45,69,14,80,32,33,61,42,62,38,81,92,29,21,35,30,99,66,46,64,78,20,4,16,22,73,25,43,86,1,11,90,48,74,82,34,3,19,5,50,72,26,47,97,10,91,79,59,6,63,67,41,94,54,39,77,57,96,7,60,13,0,17,76,15,58,49,83,52,28,27,93,56,85,71,8,75,53,65,70,23,89,31,9,40,95
37,2,69,24,98,18,55,6,88,36,87,66,51,84,45,10,14,80,32,33,61,42,62,38,81,92,44,21,35,30,13,57,46,64,78,20,4,16,22,12,25,5,86,1,3,90,48,74,82,34,59,0,73,50,72,26,47,68,97,91,79,94,99,63,67,41,11,54,39,77,40,96,7,60,43,29,17,76,15,58,49,83,52,28,27,93,56,85,71,8,75,53,65,70,23,31,89,9,19,95
37,2,41,24,98,18,74,6,88,36,87,66,51,84,89,10,22,80,32,55,13,42,62,38,81,92,44,21,35,30,40,57,46,64,12,33,4,7,20,16,15,5,90,1,3,31,48,99,82,34,59,0,61,50,72,26,47,68,97,91,45,94,69,63,67,25,11,54,39,77,79,96,86,60,43,29,17,76,78,58,49,83,52,28,27,93,56,85,71,8,75,53,65,70,23,73,14,9,19,95
37,2,74,24,98,18,44,6,88,15,87,66,51,84,89,10,22,80,32,49,13,42,85,64,81,92,77,21,35,30,40,57,16,69,12,33,14,7,3,62,41,5,36,38,11,31,48,99,82,34,59,0,61,50,72,26,47,68,97,91,45,94,95,63,67,25,20,54,39,46,79,28,86,60,43,29,17,76,78,58,4,83,52,90,27,93,56,55,71,8,75,53,65,70,23,73,96,9,19,1
19,2,74,24,98,18,44,6,88,15,69,66,51,84,55,10,0,80,32,49,13,23,85,64,81,92,37,21,35,30,40,57,16,71,12,33,14,89,3,20,41,5,36,38,11,31,48,99,82,34,59,42,61,50,72,26,47,1,94,68,45,62,95,63,67,76,91,54,39,46,79,28,86,60,43,29,17,27,78,58,4,83,7,90,25,93,56,87,73,8,75,53,65,70,77,97,96,9,52,22
19,2,74,24,98,92,44,6,88,15,52,66,51,84,55,49,0,80,1,39,13,23,43,64,81,91,37,21,35,30,89,57,16,71,12,33,18,40,3,20,41,61,36,69,11,31,48,99,82,34,59,42,38,50,85,26,47,96,94,32,45,62,95,63,67,76,68,54,17,46,79,28,86,60,72,29,5,27,78,58,4,83,14,90,25,93,56,10,73,8,75,53,65,70,77,97,7,87,9,22
91,2,59,24,98,70,65,6,88,15,52,94,51,84,55,76,0,80,49,39,13,29,43,64,81,66,37,21,35,30,89,57,99,23,12,33,18,40,3,20,41,61,1,69,11,31,48,82,28,34,36,42,38,50,92,26,47,96,85,32,45,62,95,63,67,27,68,54,17,46,79,60,86,44,72,83,5,71,78,58,4,16,14,90,25,93,56,10,73,8,75,53,74,19,77,97,7,87,9,22
19,2,35,22,98,70,65,38,88,15,52,91,51,84,59,76,0,80,49,39,13,94,43,64,81,66,37,21,9,82,89,57,99,23,75,24,18,78,3,20,41,61,1,69,11,31,48,40,28,34,36,33,86,50,92,26,47,96,85,32,6,62,95,63,67,27,55,54,17,46,79,60,30,44,72,83,5,71,93,58,4,16,14,90,25,56,12,10,73,8,42,53,74,45,77,97,7,87,29,68
19,2,35,22,98,45,27,38,88,15,52,84,51,12,59,76,0,80,49,39,13,94,4,64,81,54,37,21,9,82,89,57,99,23,75,24,18,62,43,20,41,14,1,69,11,31,48,40,29,34,36,33,86,50,92,26,47,96,85,32,6,25,95,63,67,61,83,70,17,46,79,60,65,44,72,55,5,71,93,58,74,16,53,90,78,56,91,10,73,8,42,3,30,66,77,97,7,28,87,68
19,11,35,60,33,45,27,61,88,15,52,84,51,12,59,74,0,80,49,39,13,6,4,64,81,54,34,21,9,38,37,57,99,1,22,24,18,62,43,20,41,14,2,69,76,31,48,40,29,3,36,8,86,50,82,26,89,96,85,32,93,25,95,63,67,98,83,70,17,46,79,87,65,44,72,55,5,71,94,58,75,16,53,90,78,56,91,10,73,47,42,92,30,66,77,97,7,28,23,68
19,11,35,60,33,45,73,61,88,15,49,84,51,12,91,74,0,80,99,39,13,67,4,96,81,54,34,21,9,38,37,57,42,3,22,24,18,62,43,20,41,14,2,64,26,31,48,40,29,52,36,8,1,50,82,89,78,76,85,32,93,25,95,7,28,98,83,70,69,46,79,87,65,44,72,55,86,71,94,58,75,16,53,90,17,56,5,10,6,47,59,92,30,66,77,97,27,63,23,68
19,11,35,60,33,45,14,61,99,15,49,12,51,1,91,74,0,73,16,39,13,67,3,96,81,54,94,21,9,38,82,57,42,84,22,24,18,62,69,20,41,10,36,64,26,31,48,40,56,97,29,8,34,50,43,89,78,76,85,32,93,25,95,7,28,98,37,70,88,46,79,87,65,44,72,55,86,71,4,58,75,83,53,90,17,52,5,80,6,47,59,92,30,66,77,2,27,63,23,68
16,11,35,60,33,45,55,61,99,15,49,12,51,1,91,7,74,83,19,39,13,67,3,96,81,73,94,93,9,38,82,57,53,84,22,24,18,62,69,20,75,10,36,64,26,31,98,40,56,97,29,8,34,50,43,89,71,23,85,32,78,25,95,42,28,21,37,70,88,46,79,87,65,41,72,0,86,2,4,58,44,59,14,90,17,52,5,80,6,47,76,92,30,66,77,48,27,63,54,68
16,11,35,60,91,45,55,15,99,93,75,12,51,1,32,7,74,83,19,39,50,80,3,96,81,73,67,87,9,88,82,57,53,84,22,24,89,62,64,20,49,10,33,37,26,31,98,40,56,97,29,8,18,38,43,34,71,23,85,90,78,25,95,42,28,21,36,70,94,46,79,65,69,41,72,0,86,2,4,58,44,59,14,61,17,52,5,13,6,47,76,92,30,66,77,48,27,63,54,68
16,11,32,60,91,43,55,15,99,92,75,12,51,1,73,7,74,54,19,39,50,80,3,96,81,13,67,87,45,88,82,57,53,10,22,24,89,62,48,20,49,84,33,37,26,31,98,40,56,97,29,8,18,38,17,61,71,23,34,90,78,25,93,42,64,21,36,70,94,46,79,65,69,41,72,0,86,2,4,85,44,9,14,95,6,52,5,58,30,47,76,28,35,66,77,83,27,63,59,68
25,11,32,60,91,43,55,15,68,61,75,12,51,1,44,92,74,54,3,39,50,80,28,96,81,13,71,35,46,88,82,57,53,10,22,24,89,62,48,20,49,67,33,37,26,31,98,40,56,97,7,87,18,58,17,8,16,23,34,84,45,78,93,42,64,21,36,70,94,90,79,65,69,41,72,0,86,2,4,85,29,9,14,95,6,52,5,38,30,47,76,19,73,66,77,83,27,63,59,99
55,11,77,60,91,43,31,15,68,61,75,12,51,4,44,92,74,54,7,39,50,69,28,96,81,13,32,35,46,80,82,57,26,10,25,24,89,87,48,20,49,67,33,83,14,62,98,40,56,97,1,88,53,58,17,8,16,23,34,84,45,78,93,3,64,21,36,70,94,90,79,65,18,41,72,0,86,2,59,85,29,9,37,95,6,71,5,38,30,47,76,19,73,66,42,22,27,63,52,99
80,1,77,60,58,43,11,15,68,50,75,12,51,4,44,92,74,9,7,39,96,69,28,93,81,13,54,35,46,61,82,57,26,55,25,24,89,87,48,20,49,10,33,83,14,62,98,40,56,97,16,88,64,30,76,8,85,23,34,84,45,78,17,3,2,21,36,70,94,90,79,65,18,41,72,0,86,53,59,29,67,91,37,95,6,71,5,38,32,47,31,19,73,66,42,22,27,63,52,99
80,47,77,60,58,43,14,15,64,7,75,12,54,4,44,92,31,9,86,39,96,69,18,51,81,13,79,35,61,93,82,57,26,55,50,24,89,87,46,20,49,10,33,83,28,62,98,40,56,97,16,88,1,30,76,8,85,23,34,84,45,78,71,3,2,21,36,70,94,90,48,65,42,41,72,0,68,53,59,29,67,91,37,95,6,63,5,38,32,17,25,19,73,66,11,22,27,74,52,99
80,47,77,60,58,82,14,15,41,7,75,12,54,4,39,92,44,9,86,43,96,65,18,51,76,13,79,35,61,93,85,57,26,55,25,24,89,87,46,64,49,10,28,73,83,62,98,40,56,97,16,88,1,30,36,22,8,23,34,84,45,78,71,3,2,21,50,70,94,90,48,31,42,66,72,0,68,53,59,29,67,69,37,95,6,63,5,38,32,17,20,81,19,33,11,91,27,74,52,99
80,47,77,60,58,82,78,15,45,7,75,12,86,4,39,92,44,9,8,43,96,66,18,51,50,13,79,35,69,93,85,57,54,41,25,24,14,87,46,63,49,10,28,55,83,62,98,40,88,97,16,89,1,30,36,22,65,23,34,84,0,64,71,3,2,21,17,70,94,90,48,31,42,52,72,73,68,53,59,29,67,76,37,95,6,56,5,38,32,61,20,81,19,33,11,91,27,74,99,26
80,47,77,60,58,82,78,15,45,11,75,12,86,4,39,92,44,9,8,43,96,66,18,51,50,13,79,23,46,93,85,57,52,41,25,89,14,87,26,63,69,33,28,55,83,35,42,40,88,97,16,7,1,30,36,22,65,10,34,84,0,64,68,3,2,21,17,70,94,90,48,31,98,62,54,73,99,53,59,29,67,76,37,95,6,56,74,5,72,61,20,81,19,71,38,91,27,24,49,32
80,47,24,60,58,82,61,69,45,15,85,12,86,4,39,92,44,30,8,73,96,66,68,43,77,18,79,23,46,93,21,57,52,41,25,89,14,87,26,63,51,33,78,55,83,35,42,40,88,97,16,7,1,9,36,22,65,10,34,98,0,64,13,3,11,75,17,70,94,90,48,31,2,62,54,20,99,53,59,29,67,76,37,95,6,56,74,5,72,50,28,81,84,71,38,91,27,19,49,32
21,47,24,60,58,82,61,69,43,55,17,56,86,4,39,92,44,30,8,73,96,66,68,78,83,18,79,23,46,93,95,57,52,41,25,89,14,87,26,63,32,45,51,27,6,35,42,40,88,97,16,7,48,9,36,22,65,10,34,98,0,64,13,3,11,75,77,70,85,90,33,31,2,62,54,20,49,53,59,29,67,76,12,99,15,94,74,5,72,50,28,81,84,71,38,91,80,19,1,37
21,0,24,15,58,14,61,69,43,55,17,56,86,83,39,92,44,30,38,73,96,66,68,60,85,18,79,23,46,93,95,57,52,41,25,89,2,33,26,63,32,45,51,27,6,10,42,40,88,62,16,7,48,84,36,22,20,9,34,98,64,35,13,3,11,75,77,70,65,90,4,31,82,8,54,97,49,53,59,29,67,76,12,99,47,94,74,5,72,50,28,81,19,71,87,91,80,78,1,37
21,0,24,15,58,14,61,70,43,55,17,56,86,83,33,92,44,30,81,73,96,66,68,60,85,18,79,23,46,93,2,57,78,87,98,89,20,41,26,63,32,45,51,27,6,10,42,40,88,62,16,38,54,52,36,22,69,9,34,25,64,31,13,3,39,75,77,82,65,90,4,29,94,8,7,97,49,53,59,11,67,76,12,99,47,95,74,5,72,50,28,84,19,71,35,91,80,48,1,37
70,0,24,15,58,14,61,53,43,55,17,25,18,83,33,92,44,30,81,73,91,66,68,60,85,4,86,23,46,93,2,57,78,56,34,89,20,76,26,63,32,45,51,27,6,10,42,41,87,62,16,38,54,65,40,22,69,9,21,99,64,31,13,3,39,75,77,96,5,79,52,29,94,8,7,97,49,88,59,11,67,98,12,90,47,95,74,36,72,50,28,84,19,71,35,82,80,48,1,37
70,0,24,15,58,14,61,73,43,55,17,33,18,13,3,92,44,30,8,68,99,66,83,31,85,4,86,27,46,93,2,29,78,56,34,89,20,76,26,63,41,45,51,32,6,57,42,71,87,62,16,38,54,65,40,25,69,9,21,77,64,22,81,53,39,75,91,96,5,79,52,10,94,23,7,97,49,60,59,11,67,98,12,90,47,95,74,36,72,50,28,84,19,88,35,82,80,48,1,37
70,0,24,15,58,14,61,84,43,21,17,39,18,13,3,92,44,30,8,68,99,66,83,31,85,4,86,27,46,96,55,29,78,56,34,89,41,73,26,63,2,35,51,32,80,57,42,71,87,62,33,38,54,65,40,25,69,9,59,77,64,22,49,53,79,75,91,81,76,6,52,10,94,16,7,95,23,60,5,11,67,98,12,90,47,20,74,36,72,50,28,97,19,88,93,82,45,48,1,37
70,0,24,92,58,25,61,89,43,21,17,39,18,13,3,23,37,30,8,68,86,66,83,42,85,4,16,51,14,96,55,29,78,56,99,15,2,73,26,63,1,35,41,32,80,57,27,71,87,62,33,38,54,65,40,98,69,9,59,77,64,22,49,53,36,75,91,81,76,6,52,10,94,46,7,95,79,60,5,11,67,84,12,90,47,20,74,31,72,50,28,97,19,88,93,34,45,48,44,82
8,0,24,92,58,25,61,89,43,79,17,39,18,13,3,23,37,29,50,68,40,66,83,42,85,34,16,51,14,96,55,73,78,56,99,15,2,21,26,63,86,98,41,32,80,57,27,71,87,4,69,38,54,94,70,31,65,9,59,77,64,22,49,53,36,75,91,1,7,6,52,10,47,46,33,95,81,60,5,11,67,84,12,90,35,20,74,62,72,30,28,97,19,88,93,76,45,48,44,82
8,0,51,92,58,25,65,89,43,76,17,39,67,13,3,23,37,29,85,68,40,66,82,42,55,75,16,24,14,96,50,73,78,56,99,27,83,21,26,63,86,98,41,32,80,57,79,71,87,4,69,38,54,94,70,31,95,9,59,77,64,22,91,53,36,15,34,1,18,6,52,20,47,46,61,7,81,60,5,11,33,84,12,90,35,49,74,62,72,30,28,97,19,88,93,2,45,48,44,10
8,0,51,92,58,76,65,89,43,47,17,16,44,13,3,23,37,29,35,68,40,66,82,42,9,96,69,24,14,67,50,73,78,56,99,27,83,46,26,59,86,98,33,32,80,57,79,39,31,4,71,38,54,94,70,15,95,85,75,77,64,22,91,53,36,41,34,1,18,6,55,20,25,87,61,7,81,60,5,11,21,84,12,90,63,49,74,62,72,30,28,97,19,88,93,2,45,48,52,10
14,0,51,92,58,64,65,89,43,47,17,16,71,13,3,30,37,29,35,88,40,66,82,42,9,96,69,24,76,67,50,73,78,56,99,72,83,46,26,59,86,98,33,32,80,57,79,81,63,4,27,38,20,94,68,15,95,85,75,77,93,22,53,23,36,91,34,1,18,6,55,39,25,87,61,7,62,60,5,11,21,31,12,90,8,49,74,44,41,70,28,97,19,84,54,2,45,48,52,10
14,0,51,35,58,96,65,89,18,47,17,16,71,95,3,30,37,29,26,88,40,69,82,42,9,13,15,57,76,67,50,73,78,56,94,72,83,46,43,59,86,98,33,32,24,66,79,81,63,4,27,38,20,49,68,92,64,85,75,77,1,22,61,23,36,91,34,10,80,6,39,53,25,87,93,7,62,60,5,11,21,31,12,90,8,99,74,44,41,70,28,97,19,84,54,2,45,48,52,55
14,0,51,35,58,96,46,89,12,47,17,16,71,95,3,30,20,29,26,88,40,65,82,42,9,13,5,57,76,67,50,63,78,56,94,72,83,43,92,60,86,98,33,39,36,66,79,81,24,4,27,38,41,49,68,37,73,85,75,77,1,22,61,23,15,91,59,10,80,6,44,53,25,87,93,7,62,48,32,11,21,31,18,90,8,64,74,34,69,70,28,97,19,84,54,2,45,99,52,55
53,0,61,35,58,96,46,95,12,47,17,16,71,39,3,30,20,5,26,88,40,14,49,42,9,89,19,18,76,67,50,63,78,56,94,65,83,43,92,60,82,98,33,34,36,29,79,81,24,72,27,38,41,13,68,37,73,85,75,77,1,22,70,23,15,91,59,10,80,6,4,57,25,87,93,7,62,48,32,11,21,31,66,90,8,86,74,44,69,54,28,97,64,84,51,2,45,99,52,55
53,0,22,35,58,96,46,95,12,47,17,16,71,39,3,30,34,5,26,88,18,14,49,42,9,89,19,77,76,67,50,63,78,10,44,65,56,43,92,60,82,98,33,61,36,29,79,81,24,72,27,38,20,74,68,37,73,87,75,64,1,48,41,23,91,15,59,94,80,6,4,57,25,83,93,7,62,51,32,11,21,31,66,90,8,86,84,70,69,54,28,97,99,13,40,2,45,85,52,55
53,0,22,35,58,96,46,95,12,47,17,36,72,39,3,30,34,5,48,88,18,14,49,42,9,89,19,77,85,67,50,13,78,10,44,20,43,16,92,27,82,98,33,61,76,29,79,81,24,40,93,38,86,74,68,37,73,87,75,64,1,15,41,23,91,60,65,94,80,6,4,63,25,83,56,7,62,51,32,11,21,31,66,90,8,54,59,70,84,71,28,97,99,57,69,2,45,26,52,55
53,0,22,35,58,96,46,95,12,41,17,36,29,39,3,30,34,5,48,88,18,14,50,42,9,89,19,77,85,67,37,62,78,10,44,20,13,16,47,27,82,98,33,61,76,72,69,81,24,40,93,75,86,54,25,59,73,87,28,64,1,15,79,23,91,60,65,94,80,6,4,63,8,83,56,7,68,51,32,11,43,31,66,90,49,92,45,70,21,71,74,97,99,57,84,2,38,26,52,55
53,2,22,35,34,96,48,95,12,41,17,36,69,39,3,30,74,5,68,24,18,14,50,42,9,46,19,77,85,29,37,62,78,10,44,20,13,16,47,27,82,98,33,61,94,72,80,81,58,40,51,75,86,54,25,59,73,99,28,64,1,15,79,23,91,60,65,97,63,52,4,87,8,83,56,7,88,76,32,11,43,31,66,90,49,92,45,70,21,71,6,93,89,57,84,0,38,26,67,55
53,2,25,35,34,96,97,95,12,41,17,59,69,39,70,30,74,5,98,24,18,42,50,72,9,36,19,77,85,29,37,62,78,48,44,20,13,16,47,27,82,49,14,61,94,10,80,81,73,40,66,75,86,54,8,3,83,99,28,64,1,15,79,23,91,60,65,43,63,52,4,87,33,51,56,7,88,76,32,11,84,31,68,90,58,92,45,22,21,71,6,93,89,57,46,0,38,26,67,55
53,2,25,35,17,96,97,95,12,70,74,59,69,39,84,24,13,5,98,16,18,42,55,72,82,11,19,77,85,50,37,62,78,48,44,20,29,92,47,41,81,49,14,61,94,10,80,34,73,40,66,75,86,54,8,1,83,99,28,64,36,15,3,23,91,60,65,43,63,52,30,87,33,51,27,7,88,76,32,56,9,31,68,90,58,4,45,22,21,71,6,93,89,57,46,0,38,26,67,79
97,2,88,35,17,96,99,30,81,70,74,59,69,39,84,24,13,5,98,16,18,27,65,72,82,11,25,77,85,50,37,62,78,48,44,20,29,6,47,41,55,49,14,61,94,10,66,34,93,80,53,75,86,54,8,1,83,89,28,64,36,15,3,23,91,73,19,43,63,52,87,46,33,51,40,7,42,76,32,56,9,31,68,90,58,4,45,22,21,71,95,92,12,57,60,0,38,26,67,79
97,24,91,61,64,96,99,30,81,20,74,85,69,39,84,59,13,5,98,16,18,27,65,72,82,11,25,77,6,50,37,62,78,48,44,92,29,17,47,41,55,14,88,12,94,10,66,34,93,80,33,75,86,54,8,1,83,32,28,49,36,2,3,23,68,73,19,43,63,52,87,46,89,51,40,7,42,76,56,26,9,31,53,90,58,4,45,22,21,71,95,15,35,57,60,0,38,70,67,79
97,24,91,70,64,96,99,30,81,20,74,85,69,39,84,59,13,5,98,60,18,27,83,72,82,11,25,37,42,50,4,62,78,44,73,92,87,17,47,58,55,14,88,12,94,6,66,56,93,80,33,75,86,54,8,1,61,32,28,49,36,2,3,23,68,48,41,43,63,52,29,65,34,51,77,7,16,76,40,26,9,31,53,90,10,19,45,22,21,71,95,15,35,57,89,0,38,46,67,79
97,24,86,93,64,96,99,30,81,20,74,90,69,39,84,59,13,5,98,70,18,27,83,72,82,11,25,37,42,50,4,62,78,44,73,92,87,17,47,77,85,14,88,12,91,6,66,56,10,80,33,75,94,54,8,1,61,32,21,67,36,2,9,95,58,48,41,43,63,52,29,65,34,51,26,7,16,89,40,55,28,31,53,76,49,19,45,22,79,71,3,15,35,57,68,0,38,46,23,60
97,24,86,93,51,96,45,30,46,20,74,90,69,39,34,59,60,72,98,70,21,27,83,23,82,11,25,37,42,50,4,62,78,44,73,92,87,17,47,38,85,14,88,12,91,6,66,5,10,80,33,0,94,54,99,1,61,32,84,67,36,2,9,95,58,48,56,43,63,52,29,65,18,49,26,7,8,89,40,55,28,31,53,76,13,19,16,22,79,71,3,15,35,57,64,75,41,68,81,77
45,24,86,2,51,96,90,93,46,20,68,10,69,39,34,77,60,72,98,92,21,1,89,23,82,11,61,37,42,50,4,62,78,44,73,25,87,17,64,38,85,14,88,12,91,6,66,5,97,80,33,0,94,54,99,70,83,32,84,67,59,30,9,95,58,48,56,43,63,52,29,65,18,49,26,7,74,47,40,55,28,31,53,76,27,19,16,22,79,71,3,15,35,57,8,13,41,75,81,36
45,75,86,2,43,35,90,93,80,20,68,97,69,39,34,77,60,72,98,56,21,1,89,23,82,11,61,37,12,50,28,5,78,44,73,25,87,17,64,38,85,14,18,62,91,6,66,16,48,51,33,0,94,54,99,70,83,32,84,67,59,30,9,95,58,24,53,10,63,52,29,65,46,49,40,7,74,47,92,55,96,31,42,76,27,19,88,22,79,71,3,15,4,57,8,13,41,26,81,36
45,75,86,2,37,35,90,81,80,39,68,97,69,49,27,77,60,8,98,56,21,1,89,23,82,11,61,38,12,50,28,5,78,44,73,25,87,17,64,91,43,14,18,62,34,20,66,16,48,51,33,99,0,54,85,70,83,71,84,94,59,30,9,67,58,72,53,95,63,52,29,65,46,7,40,93,74,47,92,55,96,31,42,76,6,19,88,22,79,24,3,15,4,57,10,13,41,26,32,36
45,75,86,2,37,79,90,81,60,39,68,97,69,31,27,48,80,63,98,56,71,78,89,23,82,11,61,34,12,50,28,5,64,44,73,25,87,17,49,91,43,14,18,62,24,20,66,16,29,77,33,99,0,54,85,70,83,1,84,94,59,30,9,67,58,72,53,95,96,52,47,65,46,7,40,93,74,51,92,55,35,8,42,38,6,19,88,22,3,76,41,15,4,57,10,13,21,26,32,36
4,75,86,2,37,76,90,81,60,39,28,74,69,31,27,97,80,63,98,56,71,78,32,23,82,33,61,34,12,96,14,89,64,44,73,25,68,17,49,91,43,72,18,62,24,20,66,16,93,77,52,45,0,54,85,70,83,1,84,94,59,30,9,67,58,6,53,95,50,48,47,65,46,7,40,11,87,51,92,55,35,8,42,38,29,19,88,22,3,99,41,15,57,79,10,13,21,26,5,36
4,80,86,2,96,76,90,53,51,39,28,74,69,31,27,97,50,63,98,56,71,82,32,23,47,33,61,34,12,36,14,89,64,44,73,25,68,43,49,91,88,72,18,62,24,20,66,16,93,77,52,45,0,92,85,70,83,1,84,94,59,30,35,67,58,6,95,81,17,48,75,65,46,7,40,9,60,54,37,55,22,11,42,38,29,19,8,87,3,99,41,15,57,79,10,13,21,26,5,78
4,55,99,2,96,76,90,53,51,14,84,47,69,31,15,97,50,63,98,56,71,82,83,92,80,33,61,34,12,36,13,89,64,57,73,25,68,43,49,91,88,72,18,62,24,20,66,16,93,77,28,45,0,60,85,70,39,1,86,94,74,30,35,67,44,81,95,6,17,48,75,65,46,7,40,9,58,54,37,32,22,11,42,38,29,19,8,87,3,23,41,27,59,79,10,52,21,26,5,78
4,55,83,74,96,76,90,53,51,14,11,47,69,57,15,97,50,63,98,56,71,10,13,92,80,33,61,34,12,36,72,89,84,54,60,25,68,43,49,91,45,48,18,62,24,20,66,16,93,77,28,27,0,73,85,70,39,1,86,94,88,30,35,31,44,81,95,6,17,3,75,65,46,7,40,9,2,67,37,32,82,99,42,38,29,19,8,87,58,23,41,5,59,79,22,52,21,26,64,78
4,93,99,55,96,76,24,53,15,14,11,22,52,57,65,97,50,63,98,56,71,10,13,92,80,33,42,34,12,36,72,89,84,54,60,25,67,43,49,91,45,48,18,62,85,20,66,16,51,77,28,27,0,73,47,68,39,1,86,94,88,30,35,31,44,81,95,6,17,3,75,2,32,61,40,9,29,7,37,69,82,74,83,38,70,19,8,87,58,23,41,5,59,79,46,90,21,26,64,78
4,38,99,55,96,76,60,53,15,14,11,36,78,93,65,97,73,63,98,56,71,10,13,87,80,24,42,29,51,40,72,69,84,54,57,25,67,43,49,91,45,48,18,62,85,20,66,52,41,77,28,27,0,9,47,68,39,1,86,94,88,30,35,31,44,81,95,6,17,3,75,2,32,61,89,34,16,7,37,50,82,74,33,83,70,19,8,12,58,23,22,5,59,79,46,90,21,26,64,92
4,59,99,66,75,76,60,53,15,14,11,20,78,93,65,97,73,63,98,56,71,10,13,90,57,24,42,29,51,40,36,69,84,54,31,25,67,43,49,79,45,48,18,62,85,0,89,52,41,77,28,27,35,74,47,68,39,1,86,94,88,30,96,91,44,38,95,6,17,3,9,2,32,61,87,34,16,7,37,50,5,81,33,83,70,19,72,12,58,23,22,8,82,80,46,55,21,26,64,92
4,59,99,67,75,13,60,53,15,14,28,20,78,93,65,97,73,63,76,56,71,10,98,90,57,24,42,29,51,72,36,69,84,54,31,25,46,85,27,79,45,40,18,62,38,66,89,52,41,77,68,86,35,74,47,49,39,1,0,94,88,30,96,91,44,33,48,6,32,3,9,2,58,61,87,34,16,7,37,50,5,81,11,83,70,19,8,12,43,23,22,95,82,80,17,55,21,26,64,92
4,59,99,67,75,13,60,53,15,43,49,20,78,93,27,97,91,63,76,56,71,73,98,90,65,24,42,29,51,72,36,69,35,54,31,25,46,85,66,79,45,40,18,62,38,89,14,52,41,77,68,86,8,74,47,87,39,1,0,94,88,83,10,11,44,33,48,96,32,3,9,2,58,30,28,57,16,7,37,50,5,17,34,61,70,19,84,12,81,23,22,95,82,80,6,55,21,26,64,92
53,59,99,45,75,4,60,49,15,43,93,20,78,97,27,81,80,70,76,56,91,73,98,90,65,24,42,29,41,72,36,69,35,54,31,25,22,85,66,79,14,40,18,62,38,89,67,52,88,77,68,63,8,74,47,87,39,3,84,94,86,83,10,11,44,33,48,96,32,1,9,2,58,30,28,57,16,7,37,50,5,17,34,61,46,19,0,12,71,23,13,95,82,51,6,55,21,26,64,92
53,59,99,45,17,4,79,49,15,43,93,20,78,97,27,81,80,70,76,74,91,73,18,14,65,24,42,29,41,72,36,69,75,54,31,25,22,68,19,38,60,40,98,62,83,89,67,52,88,77,1,63,8,87,66,58,39,3,84,94,86,34,10,11,44,33,48,96,32,61,9,56,90,30,2,57,16,7,37,50,5,35,85,28,46,47,0,12,71,23,13,95,82,51,6,55,21,26,64,92
53,59,99,45,17,4,79,49,97,43,2,20,78,89,27,81,80,70,68,74,91,73,18,14,65,24,42,40,41,72,36,69,75,3,33,25,6,93,19,38,60,54,98,62,83,84,67,61,88,77,1,63,8,87,66,16,39,71,92,94,86,34,29,11,44,82,48,96,32,31,9,56,90,30,76,57,58,7,37,52,5,35,85,28,46,47,0,12,50,23,13,95,15,51,22,55,21,26,64,10
53,59,99,45,32,66,79,49,97,43,60,27,78,89,10,4,80,70,68,74,91,73,18,14,65,24,42,20,41,72,36,62,75,38,33,16,6,93,19,81,92,54,98,9,83,84,67,61,30,77,1,63,26,87,3,40,39,71,2,94,86,34,29,11,44,82,48,96,22,31,17,56,90,57,76,88,58,7,37,52,5,35,85,28,46,47,0,12,50,23,13,95,15,51,25,55,21,69,64,8
32,59,99,45,85,66,79,49,97,83,60,27,78,89,98,4,80,70,68,74,91,73,18,25,65,24,42,20,64,41,36,62,75,38,33,16,6,93,19,81,92,54,22,9,71,31,67,61,30,77,1,63,26,13,3,40,39,46,2,94,86,34,29,11,44,87,48,96,53,55,17,56,43,57,72,88,58,7,37,52,5,28,82,14,76,47,0,12,50,23,35,95,15,51,90,84,21,69,10,8
32,31,99,30,85,66,79,49,97,83,60,27,78,16,17,4,80,70,68,87,91,73,67,25,45,65,42,20,64,41,22,62,9,38,33,2,6,93,19,81,92,54,59,74,71,18,28,61,23,77,1,63,26,13,3,40,39,46,75,94,86,55,29,11,44,34,48,96,53,24,36,56,43,57,72,88,58,7,37,52,5,8,82,14,76,47,0,12,50,21,35,95,15,51,90,84,89,69,10,98
34,31,99,30,85,66,79,49,47,83,60,27,68,16,17,7,80,70,44,87,91,73,67,25,41,65,42,20,64,82,22,62,9,38,33,2,6,93,19,81,92,23,59,74,71,18,86,61,90,77,1,12,26,4,5,40,39,46,75,94,28,55,29,11,10,32,48,96,53,24,36,56,43,57,72,88,58,63,37,52,45,8,98,14,76,3,0,54,50,21,35,95,78,51,13,84,89,69,97,15
34,31,22,30,79,66,20,56,47,83,60,27,68,16,17,7,80,70,44,50,51,88,67,25,41,65,42,91,35,82,45,62,9,38,33,73,6,93,19,81,92,23,59,74,71,18,86,61,90,77,1,12,49,4,5,40,39,46,98,94,28,54,29,11,10,32,48,96,53,24,36,2,43,57,72,99,58,63,37,52,87,8,26,75,76,3,14,64,85,21,0,95,78,15,13,84,89,69,97,55
61,31,22,30,79,36,20,96,46,83,60,27,68,66,1,7,80,70,44,50,49,88,67,25,38,65,42,72,35,82,45,4,9,17,33,73,6,93,19,81,92,23,59,74,71,18,86,84,90,77,37,12,16,51,34,40,39,47,98,94,28,54,29,11,10,32,48,41,91,24,89,2,43,57,53,99,58,63,62,52,87,8,56,75,76,3,14,64,85,21,0,95,78,15,13,26,5,69,97,55
61,39,22,30,17,36,20,96,90,83,60,27,15,40,1,31,14,79,44,80,49,88,67,70,38,65,42,72,35,82,45,4,9,11,33,25,6,93,19,81,92,50,59,68,71,18,86,73,78,77,37,12,16,51,34,75,58,47,98,94,28,54,29,46,10,32,48,41,91,24,89,2,43,57,53,99,84,63,62,52,87,8,56,74,76,3,7,64,85,21,0,95,69,23,13,26,5,66,97,55
61,39,22,19,37,36,57,96,90,83,60,27,15,40,1,31,14,79,9,80,49,88,78,70,38,65,42,72,35,82,45,4,13,11,33,25,6,93,17,81,92,50,18,68,71,5,86,74,20,77,2,12,16,51,34,75,58,47,98,94,73,54,29,46,10,32,48,41,91,24,89,64,43,59,53,99,84,63,62,52,28,8,56,66,76,3,7,97,85,23,21,95,69,87,30,26,67,0,44,55
61,39,22,19,37,36,57,96,47,83,60,27,15,75,1,94,14,79,9,80,49,88,78,70,38,98,42,72,35,66,45,32,90,11,33,13,6,56,17,81,92,50,18,68,40,5,86,74,20,77,2,12,16,51,34,54,58,26,93,31,73,29,67,46,10,82,71,41,91,24,89,64,43,59,53,99,69,63,62,52,28,4,25,65,76,3,7,97,85,23,21,95,8,87,30,48,84,0,44,55
58,83,22,19,37,36,57,96,47,61,60,27,54,75,1,94,14,79,9,80,49,88,78,70,38,84,42,72,35,73,45,32,90,51,33,52,6,56,17,81,92,50,11,68,40,5,86,74,20,77,2,12,66,97,34,99,24,26,13,31,98,10,67,46,16,93,71,29,91,18,89,41,43,59,53,15,69,63,62,64,28,4,25,65,76,3,7,39,85,23,21,95,8,87,30,48,82,0,44,55
58,83,65,19,37,36,57,96,81,61,26,27,18,75,1,44,14,79,9,80,49,88,78,70,38,15,42,72,35,29,45,32,90,51,48,52,6,56,17,41,92,50,11,68,40,5,86,22,20,77,2,12,66,97,34,99,24,64,13,31,98,10,67,53,16,73,71,94,91,54,89,47,43,59,74,60,69,63,4,62,28,46,25,84,76,3,7,39,85,23,21,95,8,87,30,55,82,0,93,33
58,83,65,33,37,36,57,96,38,61,26,27,18,75,1,44,53,7,9,80,49,88,8,70,76,15,42,81,19,25,45,32,90,51,48,89,6,56,17,41,92,50,11,68,40,29,14,22,12,77,2,74,66,97,34,99,24,64,13,20,98,10,31,5,16,73,71,94,91,54,72,47,43,59,0,60,69,63,4,62,28,46,79,84,67,3,86,39,85,23,21,95,35,87,30,55,82,78,93,52
58,83,50,19,37,36,8,96,38,61,57,86,18,75,1,81,53,7,9,80,49,88,65,70,76,15,94,33,82,25,45,32,90,51,48,26,6,56,17,41,92,28,11,68,40,29,14,22,12,77,59,74,66,97,34,99,24,64,13,20,27,10,31,5,16,3,71,98,91,55,72,47,67,44,0,60,69,63,4,62,43,46,79,84,42,2,89,39,85,23,21,95,35,87,30,54,73,78,93,52
58,83,50,70,99,36,46,63,38,61,57,86,18,75,1,81,53,77,74,80,49,88,65,37,76,15,94,33,82,25,45,32,56,9,48,85,6,90,17,41,92,28,11,68,40,29,14,22,12,96,59,51,66,7,71,60,24,64,13,20,27,10,31,5,16,3,8,98,91,55,72,47,67,44,97,34,69,2,4,62,43,19,79,84,42,89,52,39,26,23,21,95,35,87,30,54,73,78,93,0
58,83,50,28,99,36,32,75,38,61,51,93,18,70,84,81,53,77,14,80,63,88,65,37,76,15,94,33,82,25,45,74,56,9,48,85,6,90,17,41,52,49,11,68,40,29,22,31,12,96,59,4,66,7,71,92,24,64,13,20,27,69,86,5,16,3,8,98,91,55,72,47,67,44,97,57,10,60,2,62,43,19,79,34,42,89,1,39,26,23,21,95,35,87,30,54,73,78,46,0
58,45,91,28,73,36,32,75,38,61,51,87,18,16,84,81,53,77,14,80,63,88,65,37,54,15,94,33,82,25,49,74,56,9,48,85,6,90,17,41,99,0,11,93,40,29,22,60,52,96,31,4,66,7,71,92,24,64,13,20,27,69,86,5,50,3,8,76,23,55,72,47,67,44,97,57,10,59,2,62,43,12,79,34,42,89,1,39,19,35,21,95,83,68,30,98,70,78,46,26
58,45,91,28,11,36,32,75,38,40,35,87,49,16,84,81,53,51,14,80,63,88,65,37,79,15,13,33,82,25,55,74,56,9,48,85,6,90,17,41,1,77,24,93,31,29,22,60,52,96,94,4,66,7,71,92,73,64,42,20,27,69,86,5,47,89,8,76,23,61,72,30,67,44,97,57,10,59,2,62,43,12,99,34,54,0,50,39,19,3,21,95,83,68,18,98,70,78,46,26
58,45,91,28,11,36,32,75,38,40,35,74,21,80,84,81,53,51,14,13,72,88,65,37,79,15,26,33,57,25,55,96,56,9,48,85,6,90,17,41,49,77,24,93,31,2,22,60,52,0,94,4,66,29,71,92,73,50,42,20,27,78,86,5,47,89,8,76,23,61,64,30,67,44,97,34,10,59,69,98,43,12,99,7,54,16,87,39,19,3,63,95,83,68,18,82,70,1,46,62
58,45,59,28,11,22,32,75,51,40,35,74,21,80,84,81,53,55,14,13,72,88,65,37,79,15,85,33,57,95,17,96,56,9,48,7,92,99,49,90,91,41,70,93,31,2,26,60,52,0,94,4,66,29,71,77,73,50,25,20,27,78,86,5,47,89,8,76,23,61,64,30,67,24,97,34,10,36,69,98,43,12,42,6,54,16,87,39,19,3,63,18,83,68,44,82,38,1,46,62
58,45,59,28,19,22,32,38,51,40,35,52,21,80,84,81,53,20,91,13,36,88,65,12,79,7,55,33,57,95,72,96,56,9,74,25,92,99,14,85,8,41,70,93,31,2,26,60,17,0,94,4,66,29,71,48,73,50,11,75,27,78,86,5,47,89,63,76,23,61,64,30,67,24,97,34,10,49,69,98,43,77,42,6,54,16,87,39,15,3,90,18,83,68,44,82,37,1,46,62
58,45,59,28,19,14,32,38,51,43,35,52,21,80,84,15,53,20,91,13,36,69,8,12,22,7,55,33,57,95,16,96,56,72,74,25,92,99,97,85,86,41,70,93,31,34,26,60,17,0,94,4,66,29,71,48,81,50,11,88,27,78,37,5,47,89,75,76,23,67,64,30,73,24,79,62,10,49,61,98,2,77,42,6,54,63,87,39,9,3,90,18,83,68,44,82,40,1,46,65
83,45,16,28,19,27,32,38,51,43,35,52,21,80,14,15,53,20,91,13,36,69,3,12,22,7,55,96,57,95,26,47,56,72,58,25,92,40,97,85,86,65,84,93,31,34,59,60,17,0,94,41,66,29,71,48,81,50,18,88,64,78,37,5,74,89,75,76,23,67,8,30,11,24,79,99,10,49,61,98,2,77,42,6,54,63,87,39,9,73,90,4,33,68,44,82,62,1,46,70
36,45,16,28,19,74,32,38,51,20,35,52,21,3,14,15,53,66,91,81,1,69,37,12,22,7,55,96,57,71,26,47,56,72,58,25,27,86,97,85,43,65,40,93,31,34,17,60,83,92,94,49,84,29,41,48,13,50,18,88,64,78,95,5,42,89,75,76,23,67,8,30,11,24,79,99,10,80,61,98,2,77,0,6,54,63,87,39,9,73,90,4,33,68,44,82,62,59,46,70
36,45,16,28,19,74,32,38,51,20,35,52,95,3,14,15,53,84,91,12,1,69,37,57,22,7,55,96,66,71,76,47,56,42,58,25,27,86,63,21,43,65,40,59,31,34,17,60,61,92,94,81,97,85,41,48,13,50,18,88,64,78,83,5,89,72,75,26,80,67,8,30,11,24,79,99,10,93,29,98,2,77,0,6,54,23,87,39,9,73,90,4,33,70,44,82,62,49,46,68
36,45,16,14,19,74,32,18,51,20,53,44,95,3,21,15,28,84,7,92,1,69,37,77,22,27,55,96,66,71,76,47,56,42,58,25,12,86,63,62,43,65,40,59,31,34,17,60,61,52,57,81,97,85,41,48,29,50,38,13,64,94,83,5,98,72,75,26,80,67,8,30,11,24,79,99,10,93,91,88,2,89,0,6,54,23,87,39,35,73,90,4,33,70,9,82,78,49,46,68
36,45,16,14,19,51,32,5,33,20,53,44,92,3,21,15,28,11,7,37,1,69,54,77,22,27,55,96,66,71,76,74,56,42,58,25,12,18,17,4,95,65,40,26,31,34,75,60,61,52,57,81,97,85,41,13,29,50,38,47,64,94,83,98,48,72,84,46,80,67,8,30,62,24,79,99,10,93,91,88,2,89,0,6,43,23,87,39,35,73,90,59,63,70,9,82,78,49,86,68
36,45,54,14,19,51,6,5,33,17,75,66,55,3,21,86,28,11,7,37,1,69,77,35,22,27,15,96,59,71,76,74,56,42,58,25,12,18,92,4,95,65,40,32,31,34,79,60,61,52,57,81,97,85,43,13,29,26,38,47,64,94,83,98,48,72,84,46,80,67,8,30,62,24,20,99,53,93,91,88,2,89,0,44,16,23,87,39,90,73,70,50,63,41,9,82,78,49,10,68
36,45,57,14,19,51,69,5,64,17,75,66,55,6,21,86,28,11,7,37,1,34,77,35,22,27,15,96,91,71,76,9,56,42,58,25,12,18,29,4,95,65,40,32,31,92,79,60,61,59,38,81,97,85,43,83,54,26,49,47,3,94,33,98,48,80,84,88,13,67,8,30,62,24,20,99,52,93,72,53,2,89,0,44,16,23,87,39,90,73,70,50,63,41,74,82,46,78,10,68
36,20,57,14,19,51,69,5,52,17,75,66,55,6,21,86,12,74,7,37,1,34,77,35,11,27,15,96,91,71,76,9,56,3,58,25,28,18,29,4,95,65,40,32,31,92,79,60,61,59,22,68,97,85,43,83,54,26,49,47,8,94,33,98,70,80,48,81,53,67,38,30,24,63,64,88,42,93,72,13,2,89,0,44,16,23,87,39,90,73,84,50,45,41,62,82,46,78,10,99
36,20,57,14,19,51,73,5,93,2,75,66,55,6,21,86,63,74,7,37,1,34,77,95,11,27,3,96,91,71,94,9,56,48,58,25,28,18,29,4,41,65,40,54,31,92,90,26,61,59,22,68,97,85,43,83,60,79,49,47,8,35,33,98,70,80,15,81,53,67,38,30,72,32,64,88,42,13,76,69,52,89,0,44,16,23,87,39,24,12,84,50,45,17,62,82,46,78,10,99
36,20,57,14,32,51,73,5,93,2,75,66,81,38,21,86,55,61,7,37,1,34,77,95,68,27,53,96,91,71,94,9,42,48,58,25,28,18,29,4,74,65,40,54,56,92,90,26,19,3,22,59,97,85,43,83,60,79,49,47,8,88,33,98,70,80,15,6,63,67,84,30,72,35,64,23,31,13,76,52,78,89,0,44,16,11,87,39,24,12,41,50,45,17,62,82,46,69,10,99
36,20,57,14,32,51,26,91,93,2,75,66,81,38,21,86,55,61,7,37,12,72,77,95,68,41,53,96,16,71,94,97,42,48,58,88,28,18,45,4,15,30,40,54,56,92,90,1,19,3,22,59,78,85,43,83,60,79,49,47,8,17,33,98,70,80,27,6,63,67,84,29,73,35,64,23,31,13,25,52,34,89,0,44,24,11,87,39,5,9,74,50,65,76,62,82,46,69,10,99
36,20,57,14,32,4,26,91,93,2,58,66,81,38,12,86,55,61,7,37,62,72,30,95,68,41,53,96,16,71,60,80,42,48,6,44,28,18,88,21,15,3,40,54,45,92,90,1,19,97,22,59,78,85,43,83,13,79,75,47,8,17,33,98,70,49,27,35,63,67,84,29,73,77,64,23,31,24,25,94,34,89,52,56,51,11,87,39,5,9,74,50,65,76,0,82,46,69,10,99
36,1,95,14,10,4,26,38,93,60,73,66,81,28,6,86,55,61,7,69,62,72,30,56,68,41,53,96,16,71,0,2,42,48,57,44,23,18,88,21,15,3,40,54,45,29,90,63,19,97,22,59,78,85,43,83,13,79,75,47,8,17,33,92,70,49,27,35,12,67,84,37,98,77,64,20,31,24,25,94,34,89,52,80,51,11,87,39,5,9,74,50,65,76,91,82,46,32,58,99
36,38,95,14,37,4,26,27,93,60,73,66,81,28,6,86,55,61,7,24,62,72,30,56,1,41,2,96,99,71,0,65,42,48,57,44,23,18,88,21,84,3,40,54,45,29,90,15,87,63,22,59,82,85,43,83,13,79,75,47,8,17,33,92,70,97,53,35,12,67,69,78,10,77,64,20,31,25,39,94,34,89,52,80,51,11,98,16,5,9,74,50,68,76,91,49,46,32,58,19
30,2,95,92,37,4,26,56,93,60,73,66,81,28,63,86,55,61,82,24,62,72,43,45,1,41,18,96,99,21,0,65,42,48,57,44,23,13,88,52,36,3,40,54,6,29,90,15,34,7,22,59,51,85,27,83,84,79,71,47,8,17,33,75,70,87,53,35,12,67,69,78,10,77,64,20,31,25,39,94,14,89,38,80,97,11,98,16,5,9,74,50,68,76,91,49,46,32,58,19
30,2,75,92,37,4,26,56,93,60,73,66,17,28,63,86,55,44,82,24,62,95,43,8,1,41,45,72,99,21,0,65,42,48,57,96,23,13,88,52,19,3,40,54,81,29,90,15,67,7,22,59,51,85,10,83,18,79,71,47,6,61,33,39,70,87,53,35,12,84,78,69,36,77,64,20,31,25,32,94,14,89,38,80,97,11,98,16,5,9,74,76,68,50,91,49,46,34,58,27
30,0,75,92,37,26,45,54,93,60,73,66,17,79,63,86,55,44,82,65,59,95,68,8,1,41,99,72,62,21,4,49,42,48,57,96,23,13,88,52,19,3,53,56,81,29,28,15,67,7,22,94,51,85,10,83,18,89,71,47,6,61,33,39,98,87,24,35,12,84,78,69,36,77,64,20,31,25,32,90,14,34,38,80,97,11,2,16,5,9,74,76,40,50,91,43,46,70,58,27
30,0,75,92,37,26,45,54,93,60,62,77,17,97,63,85,55,44,82,65,59,95,23,8,1,86,99,22,50,41,4,49,42,48,57,96,72,13,68,52,19,3,53,56,81,29,28,61,67,7,34,94,51,12,10,83,18,89,78,47,6,73,33,39,21,87,24,35,98,84,88,69,36,79,64,20,14,25,32,90,15,31,38,80,71,11,2,16,5,9,74,76,40,66,91,43,46,70,58,27
30,0,75,92,37,26,45,54,93,60,62,5,17,97,63,85,55,44,82,65,59,95,23,77,1,15,79,3,50,41,4,49,42,48,57,96,72,13,68,52,19,89,53,56,81,29,28,61,98,2,34,94,51,88,10,83,12,18,78,47,6,84,33,39,21,67,24,35,7,22,73,69,36,99,64,20,14,25,86,90,32,31,38,80,71,11,16,8,87,9,66,76,40,70,91,43,46,74,58,27
30,0,75,92,37,26,45,54,34,60,77,5,17,57,76,40,55,44,82,65,59,95,23,93,1,15,79,3,50,41,4,49,62,97,88,96,72,13,68,52,19,89,53,56,81,29,28,43,98,46,42,94,51,80,10,83,12,18,78,63,91,84,33,39,21,67,24,6,99,22,73,69,36,47,64,20,14,25,86,90,7,31,38,32,71,11,16,8,87,9,66,48,35,70,61,85,2,74,58,27
99,0,75,92,62,26,45,54,17,32,87,5,79,57,76,40,55,44,82,65,59,95,23,93,1,15,30,3,50,34,4,49,8,97,88,96,72,13,42,52,19,89,53,56,68,29,28,81,98,46,86,70,51,80,10,83,12,18,78,33,91,84,37,39,21,67,24,6,94,22,73,69,36,47,64,20,14,25,43,90,60,31,7,38,71,11,16,48,41,9,66,77,35,63,61,85,2,74,58,27
75,0,33,92,62,26,45,54,17,32,87,5,79,57,76,40,55,43,82,65,8,95,23,61,86,15,30,12,50,34,4,49,48,97,88,96,72,13,42,1,19,89,53,56,68,9,36,81,64,46,99,70,51,80,59,83,29,18,78,20,91,84,37,39,21,44,24,6,94,22,73,69,3,47,93,74,14,25,98,90,60,31,7,38,71,11,16,10,41,67,66,77,35,63,28,85,2,52,58,27
75,69,89,92,62,26,60,54,17,32,95,5,79,57,76,40,55,43,82,73,8,70,23,71,86,15,30,12,50,34,29,49,48,97,88,96,72,13,42,1,19,33,66,56,68,9,87,81,64,91,99,85,51,80,59,83,6,18,63,20,45,84,37,39,36,44,24,46,94,22,65,0,3,47,93,74,14,25,98,90,4,31,7,38,53,11,16,10,41,67,61,77,35,78,28,21,2,52,58,27
75,69,20,92,73,26,60,54,17,32,95,5,79,57,76,40,55,43,82,10,8,70,23,71,62,15,30,12,50,34,29,49,48,88,61,96,72,13,42,1,80,33,66,56,68,9,89,67,64,91,99,85,51,53,59,83,6,87,63,35,45,19,37,74,36,44,24,46,94,22,65,0,3,11,93,27,14,25,86,90,4,31,7,38,47,98,16,39,81,41,84,77,97,78,28,21,2,52,58,18
75,69,20,92,73,85,60,54,16,83,26,5,79,57,76,40,55,43,82,10,90,70,23,71,62,15,30,8,34,80,29,49,24,88,61,96,72,13,42,1,48,33,66,56,45,9,89,67,64,12,99,50,51,53,59,91,6,87,74,35,44,19,18,17,36,81,32,46,94,22,65,0,3,11,93,27,14,25,86,37,4,31,7,38,47,98,84,39,95,41,68,77,97,78,28,21,2,52,58,63
0,73,20,24,68,85,60,54,16,25,40,5,79,57,76,14,55,43,82,10,90,70,84,71,62,15,30,8,34,80,97,46,37,88,61,96,72,13,42,1,48,33,81,56,45,9,89,67,64,12,23,50,51,53,59,91,6,87,74,35,44,19,18,17,36,83,93,32,94,22,65,75,3,11,29,27,92,31,86,26,4,69,7,38,47,98,66,39,95,41,99,77,49,78,28,21,2,52,58,63
0,73,20,72,68,85,60,24,97,25,21,5,79,48,76,32,55,43,82,10,90,70,84,71,62,15,30,8,34,80,40,54,37,88,61,96,87,13,42,1,16,33,94,51,45,9,89,67,64,12,23,66,50,53,59,91,6,65,14,35,44,19,18,17,36,83,93,98,7,56,49,75,3,11,29,27,92,31,86,26,4,69,46,38,47,81,57,39,95,41,99,77,74,78,28,22,2,52,58,63
0,73,20,72,87,85,60,90,97,25,21,5,31,48,76,55,75,43,82,10,59,70,84,71,18,15,30,8,34,80,40,54,37,88,61,96,58,13,24,1,64,33,52,51,45,16,67,14,42,12,23,66,50,53,79,91,6,65,32,35,44,19,9,46,36,17,93,98,7,56,49,89,3,11,29,27,92,94,86,26,4,69,83,38,47,81,57,39,95,41,99,77,74,78,28,22,2,62,68,63
0,73,20,86,87,85,60,90,97,72,21,5,31,48,76,55,75,43,82,10,59,70,30,71,38,15,61,8,22,80,40,54,37,88,45,96,58,99,24,25,64,33,63,51,1,16,67,14,42,12,7,66,50,53,79,91,6,65,32,35,44,19,9,46,4,17,93,98,94,56,49,89,3,36,29,27,92,84,52,26,47,28,83,23,69,81,57,39,95,41,34,77,74,78,13,18,2,62,68,11
0,73,20,86,87,85,29,90,97,11,21,5,31,14,60,55,75,43,82,58,95,70,30,71,63,84,61,38,22,80,40,2,37,88,45,96,36,99,24,25,64,33,6,50,1,16,67,15,42,12,7,66,8,53,79,91,76,65,32,10,44,19,9,46,4,17,93,98,48,56,49,89,3,35,59,27,92,57,52,26,47,28,83,23,69,81,54,39,94,41,34,77,74,78,13,18,72,62,68,51
0,73,20,86,87,85,29,90,97,11,21,5,31,14,60,95,75,43,13,58,66,70,30,76,63,84,61,38,34,80,40,2,82,27,45,96,36,99,24,25,64,3,6,50,1,16,67,15,79,12,93,91,8,71,59,53,9,65,32,10,44,19,22,46,4,17,88,98,48,56,49,89,94,35,77,42,92,57,52,26,47,28,83,23,69,81,54,39,74,41,33,55,37,78,7,18,72,62,68,51
0,73,20,86,87,43,47,90,63,11,21,74,31,45,60,95,75,76,5,58,88,70,30,84,29,97,61,38,34,80,40,2,82,27,28,48,56,99,24,25,64,3,6,50,1,16,67,15,79,12,93,91,8,71,59,53,36,96,32,10,85,19,22,46,4,17,9,98,66,51,49,89,94,35,77,42,92,57,52,26,65,44,83,14,69,81,54,39,13,41,33,55,37,78,7,18,72,62,68,23
88,73,20,86,95,0,92,90,63,11,21,74,31,45,15,40,2,76,46,58,43,70,30,84,29,97,61,96,34,80,57,82,87,27,78,28,56,99,24,25,64,5,6,50,1,16,67,4,79,12,93,91,8,71,59,53,36,47,32,10,85,19,22,38,75,17,9,98,66,51,49,18,94,35,77,42,48,3,52,26,65,44,83,14,69,81,54,39,13,41,33,55,37,89,7,60,72,62,68,23
88,73,20,86,95,0,40,90,34,11,21,74,26,45,15,50,2,76,8,58,43,70,30,64,47,97,61,72,41,80,57,82,87,27,78,28,56,99,24,25,96,5,6,37,1,16,67,4,79,12,93,3,85,71,59,53,91,46,32,10,31,19,22,38,75,17,9,98,35,51,49,18,94,66,77,42,48,84,52,92,81,44,83,14,69,36,54,39,13,63,33,55,29,89,7,60,65,62,68,23
88,73,20,42,95,0,32,90,34,11,25,74,26,45,77,50,75,76,8,65,43,70,30,64,47,97,61,72,36,80,57,21,87,27,82,28,56,99,24,40,96,5,6,66,1,16,67,4,79,12,93,3,84,71,59,58,91,46,2,86,31,19,78,38,15,17,9,98,35,51,49,18,94,10,85,41,48,53,52,92,81,44,83,39,69,14,54,22,13,63,33,55,29,89,7,60,37,62,68,23
88,73,20,42,8,0,32,90,34,61,11,41,26,45,77,50,75,76,57,65,43,70,30,64,47,97,36,72,87,80,81,58,62,27,82,28,91,99,24,40,96,5,6,66,1,16,63,4,79,25,93,3,84,71,59,39,95,12,2,86,31,19,78,38,15,17,9,98,18,51,49,46,94,10,85,74,48,53,52,92,67,44,83,35,69,14,54,22,21,68,33,55,29,89,7,60,37,13,56,23
88,73,20,42,8,0,32,90,34,61,92,41,26,45,77,50,15,76,57,65,43,70,30,64,47,97,36,72,87,80,81,94,62,27,82,28,91,99,16,40,96,5,6,66,60,11,38,4,79,25,93,3,84,71,59,39,95,12,2,86,31,85,58,75,78,56,1,69,18,51,49,46,19,10,33,74,17,53,48,9,67,44,83,35,98,14,54,52,21,63,22,55,29,89,7,24,37,13,68,23
88,47,20,42,81,0,32,90,22,61,29,41,26,45,77,19,15,76,57,65,43,54,30,70,37,97,36,87,93,80,69,94,62,27,82,28,91,99,16,40,96,98,6,66,60,11,38,4,79,25,48,92,84,71,59,39,95,12,2,86,31,34,58,75,78,56,1,55,18,51,49,3,85,10,33,74,17,53,50,9,67,44,83,35,73,14,5,52,21,63,46,72,64,89,7,24,8,13,68,23
88,95,20,42,81,53,32,39,22,47,97,96,26,36,77,19,15,76,57,65,43,54,30,70,37,56,78,87,93,49,69,94,82,27,28,90,91,99,16,40,0,98,6,66,60,41,38,4,79,25,48,92,84,71,59,29,44,12,2,86,31,34,58,75,68,50,1,55,80,51,18,3,85,10,33,74,17,11,45,9,67,61,83,35,73,14,5,52,21,63,46,72,64,89,7,24,8,13,62,23
88,95,20,42,81,53,32,39,22,47,97,96,26,36,77,19,2,76,57,65,45,35,30,54,37,82,78,87,93,49,69,94,15,27,28,90,91,99,83,40,0,98,85,66,31,41,13,4,79,25,48,92,84,80,43,29,44,12,56,59,60,33,58,75,68,50,1,55,70,51,18,3,86,10,71,74,17,11,34,9,67,61,6,24,73,38,5,52,21,63,46,72,64,89,7,14,8,16,62,23
88,95,20,42,81,53,32,39,31,46,97,96,26,36,77,74,2,76,19,65,45,35,4,54,16,37,78,87,93,49,69,94,15,27,28,90,91,99,11,40,0,89,85,66,13,41,30,61,79,25,48,92,84,80,43,75,64,12,56,59,60,33,58,22,68,50,1,55,70,51,18,3,86,10,71,82,17,14,34,29,67,9,6,24,83,38,5,52,21,63,44,72,98,73,7,47,8,57,62,23
88,95,20,42,81,53,32,39,31,46,97,96,26,36,77,74,2,87,19,65,45,40,4,54,16,86,78,50,52,49,69,94,9,37,28,90,91,3,11,76,0,89,85,66,99,80,30,61,79,25,48,92,84,75,43,51,13,12,6,59,60,64,58,22,68,67,33,55,70,1,18,15,41,10,71,82,17,14,34,29,56,35,27,24,83,38,5,93,21,63,44,72,98,73,7,47,8,57,62,23
88,95,20,73,81,53,32,39,31,1,97,96,75,36,25,74,2,87,19,70,45,40,10,54,93,86,78,50,52,49,69,94,9,37,28,90,91,43,11,76,0,89,85,66,99,80,30,4,79,3,48,92,13,56,84,51,65,16,6,5,42,64,46,22,68,67,33,55,60,61,18,15,41,12,71,82,17,14,34,29,58,35,27,24,83,38,59,77,21,63,44,72,98,26,7,47,8,57,62,23
64,95,20,73,81,89,32,39,31,33,97,96,75,36,25,74,2,87,19,70,45,1,10,72,93,86,78,50,52,49,69,94,9,37,28,90,91,43,8,76,24,56,85,66,58,5,30,4,79,3,48,92,40,83,84,51,65,16,6,42,29,62,46,22,68,67,13,55,60,61,18,15,41,12,71,82,17,14,34,0,80,35,11,54,27,38,99,77,21,63,44,59,98,26,7,47,88,57,53,23
64,95,20,73,81,89,88,39,31,33,83,96,43,36,25,51,2,87,19,70,45,1,10,74,93,21,75,50,52,47,32,13,9,37,28,90,91,72,8,76,24,56,85,66,58,5,30,4,79,3,48,92,40,54,57,69,68,16,6,42,29,62,46,22,49,67,65,55,60,61,18,15,41,12,71,82,17,14,34,0,80,35,77,11,84,38,99,27,97,63,44,59,98,26,7,86,94,78,53,23
64,95,20,73,81,2,6,14,31,33,83,46,43,36,87,51,74,9,28,70,45,1,10,25,93,21,75,50,52,47,32,13,96,37,77,90,91,72,8,76,24,56,85,66,58,5,30,4,79,3,60,92,40,54,57,42,68,38,88,19,29,62,71,22,49,67,65,55,89,61,18,15,41,12,82,16,17,86,34,48,80,35,0,11,84,69,99,27,97,63,44,59,98,26,7,39,94,78,53,23
64,95,20,73,81,2,6,14,87,33,83,46,43,36,42,51,74,9,28,1,66,79,88,25,93,21,75,50,52,47,32,26,96,37,77,90,91,72,68,69,24,56,85,13,58,5,30,61,45,3,60,92,4,54,57,70,8,38,23,19,29,62,76,22,49,67,65,55,89,10,18,40,41,12,82,16,17,63,34,48,80,35,71,11,84,31,99,27,97,86,44,59,98,0,7,39,94,78,53,15
17,95,20,73,48,2,6,14,87,33,78,46,43,37,42,54,74,9,28,1,66,79,88,25,93,21,75,50,52,47,32,26,81,70,77,90,51,72,68,69,96,56,85,13,71,5,30,61,64,36,60,92,16,24,58,4,8,38,23,19,29,62,76,22,49,67,65,55,82,10,18,40,41,12,57,99,45,63,34,89,80,35,83,11,84,31,27,3,97,86,44,59,98,0,7,39,94,91,53,15
17,95,89,73,48,49,6,14,1,66,33,46,43,57,82,54,74,9,28,12,60,79,88,42,93,21,75,50,52,47,32,26,87,70,77,90,51,78,68,69,96,56,85,13,20,5,30,61,64,36,24,92,16,25,58,4,8,38,23,19,71,62,76,22,2,67,65,55,0,10,18,40,29,83,81,99,45,63,34,7,80,35,72,11,84,31,27,3,97,86,44,59,98,37,41,39,94,91,53,15
17,95,89,73,8,49,6,14,1,66,33,46,43,57,82,54,74,9,28,12,11,79,88,42,93,21,75,50,45,47,26,40,87,70,77,90,98,78,68,69,96,56,85,13,20,5,30,61,64,36,24,19,16,15,58,4,91,38,23,10,71,60,76,22,92,25,67,55,72,34,18,0,29,83,81,62,51,63,65,7,80,35,32,48,84,31,27,3,97,86,44,59,99,37,41,39,94,2,53,52
5,95,89,73,51,0,6,14,1,92,33,46,43,17,82,49,74,9,28,12,11,79,88,42,93,21,25,50,45,47,26,40,87,70,77,90,98,78,68,60,16,91,85,4,56,66,30,61,64,36,24,19,15,20,58,8,71,63,23,10,69,54,76,22,38,75,67,55,72,34,18,57,29,83,81,62,96,13,65,7,80,35,32,48,84,31,27,3,97,86,44,59,99,37,41,39,94,2,53,52
5,95,62,73,47,0,6,93,1,92,33,42,51,86,98,49,74,9,28,12,14,79,88,17,78,21,25,50,45,8,26,40,87,70,77,90,30,34,68,60,16,91,85,4,43,66,67,61,64,36,24,19,15,46,58,89,71,63,20,10,69,54,76,22,38,84,56,55,72,23,18,57,29,83,81,75,96,13,65,7,80,35,32,48,37,31,27,3,97,11,44,59,99,82,41,39,94,2,53,52
53,95,62,84,47,0,6,93,1,92,33,42,51,86,98,49,74,57,28,12,59,40,80,17,78,21,25,50,45,83,26,9,65,70,77,90,30,34,68,60,16,91,61,4,43,66,64,5,97,36,24,19,15,46,58,89,71,63,79,8,69,54,76,22,38,88,56,55,72,23,18,20,29,94,81,75,96,13,85,7,44,35,32,48,37,31,27,3,87,11,14,67,99,82,41,39,73,2,10,52
53,95,62,84,2,0,6,93,1,92,33,42,51,86,98,23,74,57,28,12,66,40,30,17,78,21,25,50,45,64,26,9,35,70,77,90,73,34,68,60,16,91,61,4,43,80,85,5,97,36,24,19,79,59,58,89,82,63,71,8,69,54,76,22,38,88,56,20,72,46,15,55,29,94,81,75,96,13,11,7,44,47,32,48,37,31,27,3,87,67,14,18,83,65,41,39,49,99,10,52
53,95,10,84,2,15,6,93,1,92,33,42,51,86,98,23,70,57,88,12,52,40,30,17,78,21,25,50,45,64,26,9,35,48,77,90,73,34,68,60,16,91,58,38,43,80,85,5,97,56,24,19,79,59,62,89,82,63,71,0,69,54,76,22,18,4,37,20,72,46,94,55,29,61,81,75,96,13,11,74,44,47,32,3,41,31,27,67,87,8,14,28,83,65,36,39,49,99,66,7
53,95,10,84,2,15,6,93,1,92,33,42,51,86,98,23,70,57,64,12,36,76,30,17,78,21,25,5,45,37,26,9,61,48,77,90,73,34,68,39,16,97,58,38,43,20,88,91,14,56,40,19,79,59,62,89,82,63,71,52,13,54,85,22,18,4,60,80,72,46,94,55,29,83,81,75,96,50,11,74,44,47,32,3,41,31,27,67,87,8,66,28,24,65,0,69,49,99,35,7
53,95,48,15,2,19,6,93,1,92,33,42,51,86,98,23,70,57,64,12,36,76,39,17,78,21,25,5,45,24,26,9,61,30,43,90,73,81,68,71,16,97,58,38,41,20,88,91,10,74,40,99,79,59,65,89,82,63,34,52,13,54,85,22,18,4,60,7,72,46,94,55,29,77,37,75,96,50,80,62,44,47,32,3,14,31,27,67,87,8,66,28,56,84,0,69,49,11,35,83
53,95,48,15,2,19,6,93,1,92,82,42,33,86,98,23,70,57,64,12,36,20,39,63,78,58,25,5,45,24,26,9,73,47,43,90,77,81,68,40,16,97,51,71,41,83,88,91,10,74,7,99,79,59,65,21,76,3,34,52,13,54,85,67,18,4,60,61,72,46,94,55,29,89,37,75,96,50,80,62,44,38,32,14,22,31,27,17,87,8,66,28,56,84,30,69,49,11,35,0
56,95,48,15,2,19,6,93,1,94,82,73,18,86,98,23,70,42,64,33,36,87,38,63,78,58,25,5,45,24,26,62,27,47,43,90,77,81,29,40,16,97,51,12,41,83,88,91,10,74,7,57,79,59,65,21,76,3,34,52,13,54,20,67,71,4,60,61,92,46,68,55,22,89,37,75,96,50,80,44,53,9,32,14,72,31,85,17,99,8,66,28,39,84,30,69,49,11,35,0
6,88,48,15,2,19,61,93,56,94,82,73,18,12,98,23,1,42,64,33,36,87,38,95,78,58,25,5,45,24,26,62,27,43,8,47,77,81,29,40,16,97,65,49,41,83,34,91,10,74,7,57,79,59,37,21,76,3,68,52,13,54,20,67,71,4,60,35,92,46,51,55,22,89,28,75,96,50,80,44,53,0,32,14,72,31,85,17,99,70,66,86,39,84,90,69,30,11,63,9
6,88,16,12,2,19,61,48,78,94,82,73,18,1,98,23,56,42,43,50,36,87,38,95,45,58,25,5,33,24,26,20,27,64,8,47,77,81,29,40,79,97,65,28,41,83,34,91,69,74,7,57,51,59,37,21,76,3,68,52,13,54,14,67,71,93,60,35,92,46,49,55,22,89,62,75,96,4,80,44,53,0,32,10,72,31,85,17,99,11,66,86,39,84,90,15,30,70,63,9
6,88,16,12,2,54,48,46,34,94,82,73,18,75,98,23,56,42,43,50,36,10,38,95,45,58,25,19,96,24,26,97,27,64,8,47,77,81,29,40,1,33,65,28,78,83,32,91,69,74,7,57,51,59,37,21,76,3,68,52,13,87,14,67,71,93,60,35,44,20,49,55,22,89,62,53,79,4,80,0,15,17,41,92,72,31,85,61,99,11,66,86,39,84,90,5,30,70,63,9
6,39,16,12,77,54,48,46,34,94,82,73,3,95,98,23,56,42,43,50,72,10,38,86,45,58,25,19,96,2,60,97,27,64,8,47,88,13,4,40,30,33,65,28,78,83,32,91,69,74,7,57,51,59,79,21,76,24,68,52,18,87,14,67,71,93,35,31,44,26,49,55,22,89,62,53,75,81,80,0,15,17,41,92,36,37,85,61,99,11,66,1,29,84,90,5,20,70,63,9
6,39,16,12,77,54,48,88,9,1,82,73,3,95,98,23,38,42,43,50,72,10,67,66,45,58,57,19,96,15,56,97,27,64,8,47,2,13,4,40,30,51,65,28,78,83,32,91,69,74,7,68,24,59,5,21,76,44,94,52,18,87,14,34,71,93,35,31,63,26,49,55,22,89,46,53,75,81,80,0,25,17,41,92,36,37,85,61,99,11,62,86,29,84,90,79,20,70,60,33
64,39,16,12,77,54,48,88,9,7,76,73,50,95,98,23,3,42,43,74,72,10,67,17,18,58,49,6,96,15,66,97,27,19,8,47,2,13,4,40,30,51,65,28,78,83,32,91,69,45,92,68,24,59,5,21,33,44,94,52,55,87,14,34,71,93,35,38,63,26,1,57,22,89,84,53,75,81,80,0,25,56,41,82,36,37,85,61,46,11,62,86,29,31,90,79,20,70,60,99
46,23,16,12,77,54,48,88,9,7,76,73,50,95,78,63,3,42,43,74,72,39,67,64,18,58,98,93,96,15,41,97,27,19,8,47,2,13,4,40,30,51,65,28,25,83,92,91,69,45,38,68,24,59,5,21,62,44,94,52,55,87,14,34,71,90,29,17,33,26,1,57,22,89,84,53,6,81,80,0,10,56,49,32,36,37,85,61,75,11,82,86,35,31,66,79,20,70,60,99
46,23,16,76,77,54,48,88,9,7,2,75,50,95,78,63,3,42,43,74,72,39,67,64,18,55,98,93,96,15,41,97,27,19,8,58,83,81,4,38,30,51,65,28,56,99,92,91,69,85,73,45,24,59,5,21,62,44,94,52,47,87,14,34,71,90,29,17,33,26,1,37,22,89,84,31,6,13,80,0,10,12,49,32,82,36,57,61,68,11,53,86,35,25,66,79,20,70,60,40
46,23,16,99,77,54,48,88,9,7,39,86,75,95,70,63,3,42,30,74,8,78,67,64,18,50,98,93,96,27,41,97,24,19,76,58,83,81,4,38,92,51,65,55,56,43,72,91,69,85,73,12,49,59,5,28,62,44,94,52,47,87,2,15,71,90,29,17,33,26,1,37,22,89,84,31,6,13,80,0,10,14,34,32,82,36,57,61,68,11,53,45,35,25,66,79,20,21,60,40
