0,1,2,3,4,5,6,7,8,9,10,11,12,13,14,15,16,17,18,19,20,21,22,23,24,25,26,27,28,29,30,31,32,33,34,35,36,37,38,39,40,41,42,43,44,45,46,47,48,49,50,51,52,53,54,55,56,57,58,59,60,61,62,63,64,65,66,67,68,69,70,71,72,73,74,75,76,77,78,79,80,81,82,83,84,85,86,87,88,89,90,91,92,93,94,95,96,97,98,99,100,101,102,103,104,105,106,107,108,109,110,111,112,113,114,115,116,117,118,119,120,121,122,123,124,125,126,127,128,129,130,131,132,133,134,135,136,137,138,139,140,141,142,143,144,145,146,147,148,149
0,46,2,12,4,5,6,15,8,9,10,11,55,58,14,47,119,17,113,19,20,21,100,23,24,25,26,27,28,29,30,31,32,33,3,35,36,16,38,39,40,85,42,43,44,45,99,7,48,49,50,51,52,53,54,110,56,57,136,1,60,61,62,63,64,65,66,67,68,69,70,71,72,73,74,79,18,122,78,114,80,81,82,83,84,34,86,87,88,22,90,91,92,95,94,135,96,97,98,141,37,101,102,103,104,105,106,107,108,109,93,111,112,123,13,115,116,117,118,77,120,121,124,75,76,125,126,127,128,129,130,131,132,133,134,137,41,89,138,139,140,59,142,143,144,145,146,147,148,149
0,46,2,12,96,39,29,139,8,9,130,11,55,119,14,47,32,17,113,19,20,21,100,23,24,25,26,146,28,104,30,31,69,64,3,35,36,16,38,62,89,85,27,43,44,45,7,33,48,49,50,51,52,53,54,110,56,57,87,1,6,61,102,63,109,65,66,67,68,83,70,71,72,73,136,79,18,122,78,114,80,81,82,40,84,34,86,4,88,22,90,10,42,95,94,135,149,97,98,141,37,101,58,103,118,105,106,107,108,15,59,111,112,123,13,115,116,117,5,77,120,121,124,75,76,125,126,127,128,129,74,131,132,133,134,137,41,91,138,60,140,92,142,143,144,145,93,147,148,99
99,46,43,12,96,39,0,139,8,9,130,60,128,119,124,47,97,17,113,19,20,24,100,23,30,25,26,146,28,73,110,31,69,64,3,35,36,104,38,62,89,85,27,121,44,45,7,125,48,49,50,6,40,53,54,22,56,57,87,1,91,29,102,63,109,65,66,67,68,83,70,71,72,11,136,79,18,122,4,114,81,52,82,86,84,34,33,32,88,14,90,10,42,95,94,135,149,77,98,141,37,101,58,103,118,105,106,107,108,15,59,111,112,123,13,115,116,117,2,5,120,61,92,75,76,80,126,127,55,129,74,131,132,133,134,137,41,21,138,78,140,16,142,143,144,145,93,147,148,51
99,46,43,135,96,39,51,139,8,9,130,25,128,119,138,47,97,89,113,19,20,24,100,23,30,18,26,146,28,73,110,31,69,45,3,35,36,104,38,62,77,85,27,121,44,0,14,81,55,49,50,6,40,12,54,22,56,57,87,53,91,94,102,63,109,65,124,93,68,83,70,71,72,11,136,79,52,127,4,114,1,117,82,86,84,34,122,32,88,7,90,10,144,95,64,140,149,29,98,141,37,66,58,103,118,105,106,107,108,15,59,111,112,123,13,115,116,17,2,142,120,61,92,75,76,80,126,60,42,129,74,131,132,133,134,137,41,21,125,78,67,16,33,143,101,145,5,147,148,48
99,46,43,135,96,39,51,139,27,108,130,25,109,119,138,47,97,89,113,16,125,71,100,128,40,18,26,146,77,73,110,31,85,45,3,35,55,104,38,62,106,120,19,121,44,82,14,81,136,49,50,6,28,12,54,22,56,57,87,72,91,94,102,63,53,65,124,93,68,83,70,36,24,11,8,75,52,127,4,114,1,117,0,149,84,34,122,32,88,7,90,20,144,95,64,140,101,29,37,141,86,66,58,103,118,105,9,107,69,15,59,111,112,123,13,115,116,17,2,142,79,61,92,98,134,80,126,60,42,129,74,131,132,133,10,137,41,21,23,78,67,30,33,143,76,145,5,147,148,48
99,46,43,135,56,39,51,139,65,108,130,25,109,119,138,47,97,89,113,16,125,71,131,128,40,96,26,146,77,73,110,31,85,45,3,35,55,104,38,62,106,120,137,121,44,82,14,81,100,49,50,6,28,12,27,22,54,57,87,72,7,94,52,63,53,60,124,93,68,127,70,36,24,11,8,115,143,122,141,129,1,91,0,149,84,34,114,32,83,17,90,20,144,95,64,140,101,29,30,76,86,66,102,117,118,105,9,136,69,15,48,111,112,123,13,116,107,103,2,142,79,61,92,98,134,80,126,58,42,19,74,4,132,133,10,75,41,21,23,78,67,18,33,88,37,145,5,147,148,59
99,46,43,135,56,39,51,139,65,107,130,25,109,119,138,105,97,89,113,16,125,71,77,147,21,96,26,122,116,73,110,104,85,45,146,35,55,127,38,62,106,4,137,121,44,82,14,81,100,102,50,6,28,12,27,22,54,57,87,72,7,94,31,63,53,60,124,93,68,40,70,36,24,128,144,74,143,52,141,129,1,91,0,18,84,79,114,32,83,49,90,59,47,95,64,140,101,29,30,76,149,66,103,117,118,33,9,136,69,15,48,111,112,123,13,115,34,3,2,142,86,61,92,98,134,80,126,58,42,19,20,67,132,133,10,75,41,8,23,78,11,17,120,88,37,145,5,108,148,131
99,46,34,135,56,141,51,139,65,107,130,25,109,119,61,105,97,89,124,16,125,71,77,147,21,96,26,122,116,73,110,28,85,39,146,35,55,127,38,68,45,4,137,121,44,81,14,40,100,102,50,49,6,12,138,133,54,57,87,72,7,94,31,63,53,22,83,93,43,24,70,36,30,128,144,74,143,52,113,129,67,91,0,18,84,79,114,32,66,82,60,59,47,95,64,140,101,149,48,76,106,92,103,117,118,33,9,8,69,15,104,111,112,123,13,115,136,3,2,142,86,29,1,98,134,80,126,58,42,19,20,27,132,62,10,75,41,78,90,23,11,17,120,88,37,145,5,108,148,131
106,120,34,135,56,141,12,139,65,130,107,16,109,119,61,105,97,89,124,143,125,121,77,147,21,96,26,122,116,73,110,28,36,132,146,35,144,23,38,68,45,4,137,51,44,81,75,85,100,102,50,49,6,71,138,133,54,57,87,72,7,94,31,63,53,22,83,93,43,24,70,37,46,128,113,74,40,52,30,129,123,91,0,3,84,79,114,32,66,82,60,59,47,149,64,140,101,18,48,76,112,92,103,117,118,33,9,8,69,90,104,111,95,29,13,115,136,67,2,142,86,127,1,98,134,80,126,58,42,15,20,27,39,62,10,14,41,78,25,55,11,17,99,88,19,145,5,108,148,131
106,120,34,135,56,141,12,139,65,130,107,117,109,94,61,105,97,89,124,129,125,121,77,147,21,60,26,122,116,73,74,126,36,132,16,35,63,23,38,68,45,4,0,57,44,81,75,85,100,102,50,64,6,71,138,133,54,32,87,72,7,5,31,58,53,22,83,93,51,24,70,37,46,128,113,49,3,145,30,52,123,91,108,137,84,79,114,20,66,82,47,59,40,144,15,140,101,18,96,76,112,92,103,43,118,33,9,8,69,90,104,111,95,29,13,115,136,67,2,142,86,127,146,119,134,80,25,28,42,110,48,27,39,62,10,14,41,78,143,55,11,17,99,88,19,149,1,98,148,131
137,120,34,135,56,141,12,139,65,130,107,117,109,94,61,105,97,23,75,129,125,121,77,147,59,60,80,4,116,73,74,126,36,132,50,145,63,89,24,68,45,15,0,57,44,21,86,81,103,102,14,79,6,71,138,133,54,93,32,72,7,53,31,58,122,22,83,16,51,38,70,37,46,128,113,49,3,100,30,52,123,91,108,85,84,144,114,20,35,66,47,8,40,87,76,140,101,18,96,110,112,92,124,43,118,33,9,64,69,90,104,111,95,29,13,115,136,67,2,142,5,127,146,119,134,106,25,28,42,82,48,27,39,62,10,26,41,78,143,55,11,17,99,88,19,149,1,98,148,131
137,120,34,135,56,0,12,139,65,130,107,117,76,94,61,105,97,6,75,129,118,121,77,147,59,60,80,4,116,73,74,126,36,110,50,145,63,89,24,68,45,102,70,57,44,133,125,81,103,40,14,79,122,71,138,33,54,3,32,72,55,9,31,58,141,99,83,16,51,38,86,37,46,128,113,49,140,100,30,52,123,84,108,27,85,53,114,15,35,66,47,8,1,87,23,7,101,18,96,20,112,92,124,43,109,22,132,91,69,90,104,111,95,29,13,115,78,67,2,142,5,127,146,119,134,106,25,28,42,82,48,64,39,62,10,26,41,93,143,144,11,17,21,88,19,149,136,98,148,131
137,120,34,49,56,101,12,139,65,130,104,117,76,94,61,105,97,6,75,129,59,121,77,148,29,144,80,78,116,73,74,126,36,110,109,16,63,89,24,68,45,102,70,57,98,133,125,81,103,40,14,79,122,71,84,33,54,25,32,72,55,9,31,58,141,67,83,66,51,38,86,37,46,128,113,145,140,100,30,52,123,20,108,111,85,53,135,15,35,143,92,8,1,87,23,7,44,18,96,47,112,147,124,43,27,22,132,91,69,90,114,60,95,107,13,115,3,50,2,142,4,127,146,119,134,106,0,28,42,138,48,82,39,62,10,26,41,93,118,64,11,17,21,88,19,149,136,5,99,131
137,97,34,49,56,101,12,139,65,130,104,117,22,94,61,105,1,6,75,129,59,25,77,40,29,144,80,78,116,73,74,126,36,17,57,16,63,89,24,68,45,102,70,81,125,133,0,121,103,55,14,79,122,71,84,33,54,87,32,72,15,9,90,58,141,67,83,66,51,38,86,37,46,128,113,31,140,100,30,52,123,20,108,111,85,53,148,106,35,143,135,8,76,5,23,7,44,18,96,47,112,147,124,43,60,138,132,91,69,27,64,136,95,107,13,115,3,39,2,142,4,127,146,119,134,131,10,28,42,82,48,114,110,62,120,26,41,93,118,92,11,50,21,88,19,149,109,145,99,98
137,112,34,49,56,61,12,139,65,130,104,117,22,94,110,76,1,6,75,129,59,87,77,40,29,144,80,17,116,72,74,126,36,123,57,16,63,89,24,68,45,102,70,81,33,100,0,121,103,25,48,79,4,71,84,26,54,95,133,145,15,9,90,58,141,67,83,66,51,38,86,37,46,128,113,31,42,7,30,52,55,122,108,135,85,53,148,20,35,143,106,8,101,5,23,43,44,18,96,47,105,147,124,109,60,138,132,91,69,27,64,136,14,107,13,115,3,39,2,142,125,127,10,119,134,131,32,28,111,82,78,114,73,62,120,140,41,93,118,92,11,50,21,88,19,149,146,97,99,98
19,112,34,14,56,61,12,139,65,130,104,117,22,94,110,76,1,6,75,99,59,87,77,0,137,144,80,17,116,72,74,126,5,123,57,16,63,89,24,68,109,129,70,127,33,100,55,121,103,25,30,79,4,71,102,26,54,95,133,145,15,9,90,58,141,67,83,66,51,38,36,18,46,37,113,31,42,7,124,52,40,122,108,135,88,53,39,20,35,147,106,8,101,128,23,43,44,140,96,47,105,45,29,146,60,138,132,91,69,148,64,136,27,107,13,115,3,86,2,143,125,48,10,119,134,131,32,28,111,82,78,114,73,50,120,49,41,84,118,92,11,93,21,62,142,149,85,97,81,98
19,70,34,28,56,61,63,139,65,138,104,117,22,94,110,78,1,6,75,99,59,7,77,0,137,144,80,14,116,128,74,3,5,123,57,16,40,89,72,68,109,129,12,127,33,100,58,121,103,88,20,79,4,71,102,26,54,95,133,145,15,9,87,17,18,67,83,66,51,38,36,76,46,37,113,31,42,141,124,52,130,122,108,135,30,53,39,41,35,147,29,8,25,146,90,126,44,106,96,47,105,45,101,55,60,62,132,91,69,148,64,136,27,107,13,115,120,86,2,143,125,48,10,119,134,131,32,23,111,82,140,114,73,50,43,49,24,84,118,92,11,93,21,112,142,149,85,97,81,98
19,39,34,28,116,61,63,139,65,138,104,133,22,94,18,31,1,6,75,99,59,7,77,13,2,144,80,14,124,128,74,137,117,68,87,16,40,89,72,64,109,129,12,127,33,100,58,121,110,88,20,79,42,71,102,26,54,95,21,145,115,9,15,17,4,67,83,66,51,38,27,76,46,37,3,10,5,141,78,52,130,122,108,135,30,53,81,123,35,147,29,8,25,146,90,126,44,106,96,47,113,45,101,55,60,62,132,91,69,148,24,136,98,107,57,0,120,86,41,143,125,36,56,119,134,131,32,23,111,82,140,114,73,50,43,49,70,84,118,92,11,93,48,112,142,149,85,97,103,105
19,39,34,28,116,61,63,120,65,138,104,133,22,94,109,31,1,75,14,99,62,68,77,50,2,144,80,11,13,128,74,137,117,125,87,18,139,89,72,64,4,40,12,127,33,100,58,26,110,88,124,79,42,5,102,108,54,95,21,145,115,9,15,17,7,67,83,66,51,38,29,76,46,37,3,10,84,134,78,52,130,122,131,135,30,53,81,123,35,147,129,8,25,146,90,126,44,106,96,6,113,45,141,55,60,23,132,91,69,148,24,16,98,107,57,0,59,86,41,143,27,36,56,119,47,118,32,101,111,82,71,114,73,20,43,49,70,136,121,92,140,93,48,112,142,149,85,97,103,105
33,39,34,28,56,0,63,120,65,138,104,122,109,94,50,37,1,75,14,99,62,68,23,2,72,144,80,11,13,128,74,137,117,125,87,18,116,89,58,64,4,40,96,127,35,100,97,26,73,88,124,79,61,5,102,108,54,95,21,145,115,9,15,17,19,67,83,77,51,38,29,76,46,133,3,10,84,134,78,36,130,143,131,135,30,53,81,123,7,147,129,8,25,146,49,126,44,106,98,6,113,112,141,55,60,139,132,105,69,148,24,16,90,107,57,91,59,86,41,45,27,12,22,119,47,118,32,101,111,82,71,114,42,20,43,66,70,136,121,92,140,93,48,52,142,149,85,110,103,31
33,59,24,28,56,0,63,120,65,114,104,133,109,94,98,37,1,88,14,99,35,68,23,2,72,144,80,11,13,70,74,32,117,125,50,39,116,122,58,110,4,40,96,16,95,100,97,26,73,127,124,79,134,5,102,108,54,34,128,145,115,9,15,123,19,67,83,77,51,38,29,76,46,18,3,10,84,17,78,36,131,143,93,135,30,53,81,149,7,147,129,8,25,146,49,126,44,106,61,6,113,112,141,55,60,139,132,105,69,148,27,90,87,107,57,91,130,86,75,45,62,12,22,119,47,118,137,101,111,82,71,138,42,20,43,66,89,136,121,92,140,64,48,52,142,21,85,41,103,31
33,59,24,138,7,0,63,120,65,114,116,56,46,94,98,37,1,88,14,99,122,68,23,2,72,144,80,11,13,70,74,32,117,125,50,39,3,135,58,35,4,21,96,16,95,100,97,26,73,111,109,79,89,8,102,108,54,34,41,57,115,25,15,123,19,67,83,77,51,38,29,76,12,18,124,10,84,17,78,133,66,143,93,87,30,53,81,149,9,147,129,127,28,146,49,126,44,106,61,6,113,112,141,55,60,139,132,36,69,131,27,90,104,107,110,91,130,86,75,45,62,128,22,119,47,118,137,101,134,82,71,140,42,20,43,5,145,136,121,92,40,64,48,52,105,142,85,148,103,31
33,59,86,89,7,0,63,135,140,114,116,56,46,94,98,37,1,26,14,99,122,24,23,2,72,44,80,11,13,70,74,32,117,125,109,39,3,54,58,35,4,21,77,16,95,96,97,100,73,111,138,147,62,8,17,108,142,112,41,57,115,25,15,144,19,67,83,65,51,38,29,76,12,18,5,10,84,34,78,133,68,143,93,87,30,53,81,149,9,131,129,127,28,146,49,126,85,106,50,6,113,79,141,55,60,139,132,36,69,123,27,90,102,107,110,91,61,104,75,45,124,128,22,119,47,118,137,101,134,82,71,88,42,20,43,66,145,31,121,92,40,64,48,52,105,130,120,148,103,136
122,59,86,89,7,0,63,135,26,114,116,60,46,40,98,77,129,56,14,134,53,24,23,2,72,44,80,74,13,70,41,32,117,125,109,39,3,54,58,35,4,21,18,16,95,96,97,100,73,69,138,147,62,8,17,140,142,112,113,57,47,25,15,144,131,67,83,65,1,38,29,76,12,27,5,10,84,115,78,133,43,143,93,87,30,108,81,149,9,94,55,127,28,34,49,126,85,71,50,6,37,79,141,51,106,139,132,36,33,123,99,92,102,107,110,91,61,104,75,45,124,128,22,119,146,118,137,101,11,82,68,88,42,20,90,66,145,31,121,111,19,64,48,52,105,130,120,148,103,136
122,59,86,89,22,0,63,45,26,126,116,75,46,40,98,77,129,55,14,134,53,79,23,2,72,44,80,74,13,70,41,32,117,125,109,39,3,137,58,57,4,21,18,118,95,96,17,100,73,54,138,147,20,43,76,140,142,112,113,8,47,25,93,144,131,67,62,65,1,38,29,97,12,27,5,69,84,115,78,133,10,143,35,87,30,108,81,149,9,94,56,127,28,114,49,102,85,71,50,6,37,101,141,51,106,139,135,34,33,123,99,92,128,107,110,91,61,104,83,121,124,7,120,119,146,132,16,24,11,82,68,88,42,36,90,66,145,31,15,111,19,64,48,52,105,130,60,148,103,136
122,59,138,89,22,0,106,45,26,69,116,75,10,40,98,77,148,54,14,134,53,51,23,2,72,44,80,74,13,70,41,55,117,125,109,39,43,137,16,57,4,21,18,127,95,96,62,100,73,103,139,147,20,118,76,140,142,112,113,126,47,25,93,144,131,67,107,65,1,38,63,97,102,27,5,8,135,115,78,133,68,143,35,32,30,108,81,149,9,94,56,17,28,114,49,3,85,71,50,6,37,101,141,86,124,84,87,34,33,12,99,92,128,79,110,91,61,104,83,121,129,7,120,119,146,132,52,24,11,82,123,88,42,36,90,66,145,31,15,111,19,64,48,105,58,130,60,29,46,136
57,59,138,89,86,0,106,97,26,69,116,75,10,33,98,77,40,54,14,134,53,51,23,2,72,83,80,74,8,70,29,55,117,125,109,17,43,137,16,103,4,21,18,127,95,142,62,100,73,133,139,147,20,118,76,140,108,112,113,126,47,25,143,144,131,67,107,65,1,38,78,45,102,27,5,58,135,60,115,32,68,122,35,44,30,148,81,149,129,94,56,128,28,114,49,3,13,37,50,6,22,101,141,96,124,84,87,34,120,12,99,92,9,79,110,91,61,104,41,121,93,7,85,119,146,132,52,24,11,82,123,88,42,36,90,66,145,31,15,111,19,64,48,105,63,39,130,71,46,136
57,59,118,45,113,0,106,18,26,51,116,75,10,90,98,77,40,54,14,134,53,105,23,2,72,83,100,74,8,33,29,55,117,125,109,17,43,137,16,103,4,21,69,127,95,142,62,63,73,133,139,147,20,41,76,140,108,112,86,126,47,46,143,144,131,67,107,65,1,38,78,110,102,27,5,89,135,24,115,32,68,122,35,44,30,92,81,149,148,94,56,128,28,9,49,3,13,37,50,6,80,101,141,96,124,25,87,34,97,12,99,120,19,79,58,91,84,114,60,121,93,7,85,119,146,132,52,22,42,82,129,88,70,36,11,66,145,31,15,111,123,64,48,104,61,39,130,71,138,136
97,71,118,45,113,0,106,18,26,51,81,75,10,90,98,77,79,54,14,69,83,105,23,2,72,67,20,52,128,33,29,55,117,125,109,17,43,137,16,103,4,21,30,127,95,142,62,28,73,133,139,147,100,59,74,140,108,112,86,126,47,46,143,144,131,39,107,65,1,38,78,110,102,27,5,116,135,24,115,32,68,122,35,44,31,92,8,149,148,94,146,145,85,9,49,3,13,37,50,6,58,101,141,64,40,25,87,34,57,12,134,120,19,53,76,91,84,114,60,121,93,7,63,119,96,132,41,22,42,80,129,88,70,36,11,66,56,124,15,111,123,99,48,104,61,89,130,82,138,136
97,11,112,45,60,0,106,18,146,51,81,87,10,118,98,89,37,54,14,69,83,105,23,2,72,67,20,52,128,33,21,55,117,125,109,17,120,137,16,103,4,90,30,127,95,75,62,28,73,133,139,147,50,100,74,140,108,36,86,126,25,46,143,144,131,39,107,65,1,38,78,110,102,27,5,61,135,71,130,32,59,122,35,115,31,92,8,149,148,94,84,145,85,9,49,3,13,68,44,6,47,101,141,26,40,77,43,34,57,12,134,113,19,53,76,91,116,114,64,121,93,7,63,119,96,132,41,22,42,80,129,88,70,29,58,66,56,123,15,111,79,99,48,104,124,24,142,82,138,136
97,93,140,45,60,0,106,18,146,51,111,87,10,118,98,124,102,54,14,69,78,89,23,2,72,67,20,52,128,33,21,55,117,125,109,17,120,137,16,103,4,90,3,127,95,105,62,28,30,133,139,13,50,100,141,75,96,36,86,126,25,46,143,101,131,39,107,65,1,92,81,110,73,27,5,61,135,71,130,19,15,122,35,115,84,59,8,149,148,94,147,145,85,9,49,116,7,68,44,6,47,80,83,26,40,77,43,34,57,12,134,113,112,53,76,91,108,114,64,121,144,66,63,119,32,132,41,22,42,74,129,31,70,29,58,37,56,123,38,88,79,99,48,104,11,24,142,82,138,136
97,93,140,45,60,11,106,18,146,139,111,137,10,77,98,124,102,41,14,69,78,89,23,34,72,67,0,71,128,84,21,55,117,125,109,17,120,127,107,103,131,90,4,36,95,105,62,28,30,133,115,12,50,100,141,75,96,20,86,126,25,46,143,101,70,39,44,65,1,92,81,110,73,27,5,61,135,76,130,19,15,122,35,2,138,123,8,149,148,94,147,145,87,9,49,116,85,68,51,6,47,80,83,26,40,3,43,59,57,13,134,113,112,53,22,91,108,114,64,121,144,66,63,119,32,132,136,7,42,74,52,31,118,29,58,37,56,16,38,88,79,99,48,104,129,24,142,82,33,54
97,93,140,45,99,11,106,4,146,139,111,137,10,77,27,124,102,41,16,14,32,127,23,34,72,67,90,57,128,84,21,60,117,125,109,17,120,144,87,103,131,122,98,36,95,88,62,28,30,133,115,12,50,100,141,75,96,20,86,126,105,46,91,107,70,9,69,65,1,92,89,110,73,142,5,61,135,76,130,19,15,134,35,2,138,123,8,149,148,94,147,145,78,52,49,116,85,68,39,6,47,80,83,26,40,3,43,59,121,13,136,113,112,53,22,71,108,114,64,143,55,66,63,119,81,132,18,7,42,74,25,31,118,29,58,37,56,51,38,0,79,44,48,104,129,24,101,82,33,54
97,93,11,45,99,82,106,10,146,139,111,140,136,77,27,124,102,41,16,85,32,127,23,34,72,67,116,57,92,84,13,60,117,51,109,17,6,144,87,103,131,122,98,36,95,88,62,120,30,133,115,12,21,100,141,75,50,20,86,126,105,46,91,107,70,9,69,65,1,83,89,110,73,22,5,61,135,125,143,19,15,134,35,130,138,54,8,149,148,94,147,145,78,52,49,142,2,68,56,76,47,80,96,71,40,3,128,59,121,63,14,113,112,53,28,48,108,114,64,26,55,66,137,119,81,132,18,7,42,74,25,31,118,29,58,37,4,90,38,0,79,44,123,104,129,24,101,43,33,39
77,93,3,45,99,52,106,92,146,121,111,140,136,120,27,124,102,41,16,85,32,127,56,34,72,67,116,57,82,84,13,60,117,51,109,17,100,144,87,103,131,122,71,66,95,88,62,141,30,133,115,12,21,64,33,75,50,20,128,126,105,46,91,107,70,39,69,65,23,83,89,110,73,22,5,61,135,125,142,9,15,134,49,130,138,54,8,149,148,6,147,145,78,1,98,10,2,68,35,76,47,139,96,25,40,97,90,59,86,63,14,113,36,53,28,48,108,114,19,11,55,80,137,119,81,132,18,7,42,74,112,31,118,29,58,37,4,94,38,0,79,44,123,104,129,24,101,43,143,26
109,93,3,45,99,34,106,92,146,121,111,95,136,120,101,118,71,41,27,85,32,127,56,20,72,67,116,30,82,84,13,60,117,51,80,17,100,112,87,103,131,122,68,33,6,88,62,141,94,76,115,12,21,64,28,75,50,130,128,52,105,102,91,107,70,39,69,65,23,83,89,90,73,22,5,61,135,126,142,9,15,134,49,98,138,54,8,149,132,29,147,145,78,1,110,10,2,144,35,31,47,139,96,25,40,97,66,59,86,63,14,113,36,53,124,48,108,114,19,11,55,140,137,119,81,133,18,7,42,74,148,125,77,57,58,37,4,46,38,0,79,44,123,104,129,24,16,43,143,26
109,93,3,45,99,34,106,92,40,121,146,95,136,120,101,54,149,41,111,85,32,127,56,20,72,67,22,30,82,84,13,97,117,51,50,11,100,112,87,103,131,31,65,33,6,88,62,141,94,76,122,12,21,64,23,75,139,130,128,52,105,102,91,107,70,36,69,0,116,83,89,90,73,58,5,61,135,126,142,9,15,134,96,49,138,115,8,77,27,29,147,145,78,1,110,10,28,2,35,98,47,132,80,25,44,60,66,59,86,63,14,113,39,53,124,48,108,114,19,74,55,140,137,119,81,133,18,7,42,17,118,125,144,57,71,37,4,46,38,68,79,148,123,104,129,24,16,43,143,26
109,73,3,45,99,34,14,103,40,121,146,95,115,120,101,10,149,41,111,85,32,127,56,20,59,67,107,30,122,54,13,97,69,51,139,11,100,112,87,81,131,31,65,33,140,88,62,141,94,50,93,12,21,64,23,75,90,130,128,52,105,136,91,106,70,36,137,0,129,83,89,19,28,58,5,61,135,126,142,9,15,134,96,49,138,113,8,77,27,29,147,145,78,1,110,92,53,2,48,98,47,132,80,116,44,60,66,82,86,63,22,117,39,84,124,102,108,114,76,74,55,35,6,25,119,133,18,7,42,17,118,125,144,57,71,37,4,46,38,68,79,148,123,104,72,24,16,43,143,26
31,73,130,45,99,59,119,103,40,121,65,95,115,120,101,10,2,41,111,85,32,127,56,9,104,67,107,30,122,63,13,97,69,77,139,3,20,112,87,81,131,51,11,33,140,88,62,141,94,50,93,12,21,64,48,14,90,75,128,52,105,136,117,106,70,36,137,0,129,80,89,19,28,58,5,61,135,126,142,7,15,134,96,49,138,113,8,149,27,29,147,145,78,109,42,92,53,68,132,98,47,108,110,116,44,60,66,82,86,76,22,34,39,84,124,102,54,23,146,74,55,35,6,25,16,133,18,1,91,17,118,125,144,57,71,37,4,46,38,83,79,148,123,100,72,24,114,43,143,26
31,73,130,45,99,59,41,103,40,56,65,95,115,120,101,10,114,15,111,85,32,127,51,9,22,67,107,30,122,0,13,89,69,83,139,3,20,112,87,81,131,68,148,33,140,88,62,53,94,50,102,12,21,100,124,14,90,75,128,52,105,136,117,106,70,36,137,2,129,80,134,19,64,58,5,61,135,126,142,7,11,104,96,49,48,113,8,149,27,29,147,145,78,109,42,141,24,44,132,98,47,108,110,121,116,60,66,82,86,76,37,34,46,84,63,39,54,97,146,74,55,35,6,25,16,133,18,1,91,17,118,125,144,57,71,77,4,23,38,92,79,138,123,119,72,28,93,43,143,26
25,77,130,45,99,59,119,103,40,56,65,95,115,120,101,10,49,35,111,15,32,127,51,9,22,67,107,30,13,0,62,89,69,83,139,3,20,112,87,81,126,131,148,31,140,88,117,53,94,73,102,4,68,100,124,14,90,75,128,52,145,136,109,106,70,36,137,2,129,80,134,76,64,58,5,61,135,12,142,7,11,104,96,114,48,113,8,149,144,66,147,122,78,29,38,141,24,44,132,98,47,108,110,121,116,60,19,82,86,105,18,34,46,84,63,39,54,97,146,74,55,21,6,79,16,133,37,1,91,17,118,42,50,57,71,41,85,23,125,92,27,138,123,33,72,28,93,43,143,26
25,77,130,45,85,84,128,103,40,56,96,95,115,120,101,10,49,35,111,36,32,108,4,9,119,67,107,30,13,0,62,89,69,117,139,3,20,51,87,81,126,121,148,146,140,99,54,53,94,22,102,31,68,100,124,14,112,75,131,52,145,136,109,5,70,79,137,2,129,80,134,76,64,58,118,61,135,12,15,7,11,104,88,114,48,113,8,149,144,66,147,122,78,29,38,141,24,83,127,55,47,90,110,98,116,60,19,82,86,105,18,34,46,33,63,39,73,97,92,74,142,21,6,59,16,133,37,1,91,17,106,42,50,57,71,41,44,23,125,132,27,138,123,93,72,28,65,43,143,26
25,48,130,45,85,84,131,108,40,38,96,95,136,120,101,10,49,35,111,36,32,133,4,141,119,67,107,30,13,116,62,89,69,117,16,115,132,3,87,81,126,121,148,146,140,99,106,53,94,22,102,31,65,100,124,14,112,9,91,52,145,59,109,74,68,79,137,2,129,80,134,76,64,58,118,61,135,12,15,7,11,104,88,114,123,113,8,149,144,66,147,122,78,29,75,73,24,83,127,55,47,90,110,98,70,60,19,41,86,105,18,34,46,82,63,39,33,97,92,0,142,128,6,103,56,139,37,1,51,17,26,42,50,57,71,21,44,23,125,54,27,138,77,93,72,28,20,43,143,5
25,43,130,45,85,84,131,108,40,38,96,95,136,120,101,70,35,24,49,36,30,105,52,141,119,67,107,133,13,116,62,110,69,117,16,115,132,3,87,81,126,37,148,146,140,99,106,53,19,22,102,124,65,100,128,14,112,4,91,129,145,46,109,74,68,79,137,2,26,80,134,76,64,58,118,61,135,12,9,7,11,48,88,114,123,113,8,149,10,66,147,122,78,29,75,73,111,83,127,55,47,97,51,98,42,60,32,41,86,15,18,94,121,82,63,39,33,144,92,90,142,34,6,103,56,139,0,1,72,17,31,89,50,57,71,21,44,23,125,54,27,138,77,93,104,28,20,59,143,5
25,43,130,45,85,84,131,108,40,112,96,95,136,120,123,70,35,47,49,36,111,105,52,141,119,67,107,133,13,24,62,87,69,117,44,22,121,92,2,81,83,37,148,146,140,99,126,53,19,98,102,124,65,100,128,14,106,4,91,129,145,46,109,74,77,79,137,149,30,80,86,76,64,58,118,61,135,12,9,7,11,122,88,114,101,113,8,3,10,66,147,48,78,29,75,16,68,110,127,55,73,97,51,50,42,60,32,41,132,15,18,94,134,82,63,115,33,144,39,90,142,34,6,103,56,57,0,1,72,17,31,89,93,26,71,21,38,23,125,54,27,138,116,139,104,28,20,59,143,5
25,78,130,45,85,84,148,108,40,116,96,59,136,120,146,123,57,93,49,125,111,105,52,141,119,67,107,133,13,24,89,87,69,117,44,22,121,92,2,81,83,37,106,62,140,99,126,82,112,98,131,35,65,100,128,14,97,4,3,129,145,46,109,74,77,79,137,149,30,80,102,76,10,58,118,61,70,12,9,7,11,122,0,114,101,113,8,124,147,91,43,48,54,29,75,16,68,110,127,55,73,66,51,50,42,60,32,41,132,15,18,94,134,143,63,115,33,144,39,90,142,34,6,103,56,19,47,1,72,17,31,88,95,26,71,21,38,23,36,86,27,138,53,139,104,28,20,135,64,5
25,78,145,45,85,84,148,108,7,116,64,59,136,40,146,121,57,55,15,125,111,105,52,141,119,67,123,133,13,24,89,87,69,77,44,46,130,92,2,81,83,37,107,62,140,68,126,82,120,98,131,100,65,104,128,14,97,4,3,129,103,96,109,74,112,79,137,93,30,80,106,76,10,58,118,61,19,12,138,8,11,122,0,114,101,113,35,99,147,91,43,48,54,29,75,16,102,110,26,33,73,66,51,50,42,60,32,41,132,9,18,94,134,143,63,115,127,144,39,90,142,34,6,22,56,117,47,1,72,17,31,88,95,70,71,124,38,23,36,86,27,49,53,139,149,28,20,135,21,5
25,78,145,147,85,84,148,108,7,116,64,59,136,40,113,121,57,55,15,125,111,133,144,141,119,67,123,126,13,24,61,92,69,77,44,46,130,89,2,81,36,41,107,62,140,146,20,82,120,98,131,100,65,104,128,14,97,4,3,129,103,17,109,74,112,79,137,93,63,80,127,76,10,58,68,29,19,12,138,8,11,122,0,114,143,37,35,99,42,91,43,48,52,88,134,16,102,110,26,33,73,66,51,50,30,60,32,101,132,124,18,94,139,9,54,115,87,106,39,90,142,34,6,22,56,117,47,1,72,118,31,45,95,70,71,86,38,23,96,83,27,49,53,105,149,28,75,135,21,5
148,78,145,147,100,84,107,108,7,21,64,59,136,40,113,121,19,55,82,125,5,133,144,141,119,67,123,126,13,101,61,92,69,77,44,46,130,89,62,81,36,41,2,18,140,146,20,28,120,98,16,131,128,56,3,14,97,4,103,129,106,17,38,74,112,79,137,93,63,80,127,76,10,58,68,29,111,139,138,8,11,122,0,114,143,37,35,73,42,91,43,48,52,88,134,109,102,110,26,33,12,66,51,50,30,24,32,34,115,124,116,94,15,9,54,65,87,85,39,90,142,99,6,22,60,117,47,1,72,118,31,45,95,70,71,86,25,23,96,83,27,49,53,105,149,57,75,135,104,132
96,78,77,147,100,84,10,108,7,21,64,59,136,40,113,121,19,129,82,14,5,133,144,141,119,67,54,126,13,101,61,92,15,134,44,46,130,99,107,81,36,41,2,72,140,37,63,28,120,98,16,131,128,56,60,20,18,4,103,68,27,17,38,74,112,79,32,93,62,80,127,76,97,58,55,29,111,139,138,8,69,89,0,114,143,42,35,73,122,91,43,48,148,88,52,109,102,110,26,33,12,66,51,50,30,24,125,34,115,124,3,123,145,9,137,65,87,85,39,90,142,11,6,22,116,117,47,1,106,118,31,45,95,70,71,86,25,23,146,83,94,49,53,105,149,57,75,135,104,132
96,78,77,147,100,84,10,108,7,21,63,59,136,40,113,121,19,129,82,14,17,133,144,141,119,28,54,41,13,101,61,92,15,134,44,46,130,99,107,67,36,55,37,72,32,47,25,114,91,98,16,131,68,56,60,20,18,4,103,64,27,5,38,74,112,79,120,81,125,80,127,76,97,58,145,29,111,139,138,24,69,89,0,86,143,42,35,73,122,140,43,48,148,88,52,109,90,110,26,65,12,66,51,50,33,30,102,34,115,124,3,123,6,9,137,62,87,85,39,8,142,11,2,22,116,1,117,71,106,118,31,45,95,93,70,126,128,23,146,83,94,49,53,105,149,57,75,135,104,132
15,78,77,147,100,84,118,108,73,21,12,96,35,40,113,121,19,129,59,14,17,22,144,141,119,28,54,41,13,101,61,92,48,134,44,46,130,99,107,67,36,55,37,9,32,47,25,114,91,98,16,131,117,56,60,20,140,4,103,128,27,5,38,74,112,79,120,81,125,80,127,105,97,58,145,29,111,139,70,24,69,89,0,86,143,42,138,31,122,124,43,142,148,88,52,109,90,110,26,65,68,66,51,50,33,30,102,34,115,126,3,123,6,82,137,62,87,85,39,8,76,11,2,64,116,72,63,71,75,106,57,45,95,93,7,49,136,23,146,83,94,104,53,18,1,133,10,135,149,132
15,78,77,17,100,84,124,108,73,63,103,96,35,40,113,121,19,71,59,118,92,74,12,141,21,90,54,41,13,101,61,85,48,134,44,46,26,99,107,67,36,55,37,9,32,105,25,114,91,23,16,131,117,56,60,20,140,4,129,128,24,5,38,80,112,79,120,81,125,106,127,47,97,58,145,29,111,139,70,98,69,89,14,86,143,42,138,31,122,119,43,142,148,88,52,109,28,144,34,65,68,66,51,50,33,30,102,115,87,137,3,123,6,82,130,62,72,110,39,8,76,11,2,64,116,18,22,126,75,27,57,45,95,93,7,49,136,0,146,83,94,104,53,147,1,133,10,135,149,132
15,78,77,17,75,84,124,108,74,63,103,42,35,40,81,121,19,71,69,96,92,41,12,141,21,90,54,100,13,101,61,23,48,134,44,46,26,99,107,117,25,89,37,9,32,105,85,93,91,149,52,131,36,56,60,1,140,4,129,128,24,5,50,80,112,38,120,39,125,106,127,47,97,58,145,29,16,139,70,98,73,2,14,86,136,143,138,31,122,119,43,142,148,88,113,109,28,144,34,132,68,66,51,67,33,30,102,115,87,137,3,123,118,82,130,62,72,110,114,8,76,11,20,64,116,18,22,126,65,27,57,45,95,6,7,49,59,0,146,83,94,104,53,147,55,133,10,135,79,111
10,78,4,17,75,84,138,108,74,63,73,42,35,40,81,121,19,71,69,96,102,12,128,28,21,90,54,41,13,70,61,23,66,134,44,46,100,99,107,15,25,89,37,9,141,105,85,93,91,149,52,131,117,6,110,1,140,148,129,34,24,5,50,59,112,20,120,39,125,106,127,47,97,58,145,29,16,139,92,98,60,2,14,86,136,143,55,31,122,119,43,142,77,88,48,109,101,144,26,132,68,124,51,67,33,30,103,115,87,137,3,123,118,82,130,62,72,146,114,8,76,80,56,64,116,18,22,126,65,27,57,45,95,32,7,49,38,0,11,83,94,104,53,147,36,133,113,135,79,111
43,84,4,17,75,10,138,144,74,136,73,42,35,102,81,121,19,149,69,96,40,12,128,111,21,143,54,41,13,16,61,70,66,134,44,28,23,99,80,15,85,89,37,9,141,105,49,93,91,108,52,131,117,6,110,50,140,148,129,132,24,5,71,59,112,20,120,39,125,1,127,47,97,58,145,29,137,53,92,98,106,2,14,86,38,90,55,31,122,119,107,142,77,88,48,78,101,34,26,100,68,124,51,67,139,30,103,115,87,46,3,123,118,82,130,62,72,146,114,8,76,63,56,64,116,18,22,126,65,27,57,45,95,32,7,109,60,0,11,83,94,104,33,147,36,133,113,135,79,25
43,84,4,17,34,10,138,144,74,136,73,42,35,102,81,33,141,149,69,96,40,12,128,111,21,89,54,137,97,16,61,70,66,134,44,28,9,99,148,15,85,140,37,83,3,105,49,71,11,108,52,131,117,6,110,50,31,8,129,132,24,5,32,59,112,121,120,39,125,1,127,47,91,58,145,29,56,53,92,98,106,2,14,7,77,90,55,93,122,119,107,142,41,88,80,78,101,60,26,100,68,124,51,67,139,30,103,115,87,113,143,123,118,82,130,19,72,146,114,13,76,63,23,64,116,18,22,126,65,27,57,45,95,46,109,62,86,0,48,38,94,104,20,147,36,133,75,135,79,25
43,84,4,17,34,10,83,19,74,58,73,127,35,102,81,33,82,63,69,96,40,12,128,111,76,89,54,6,97,16,61,70,66,134,44,28,9,99,148,114,85,140,136,75,3,105,49,71,46,108,52,131,117,11,110,50,141,8,129,132,24,5,32,59,112,121,120,39,125,72,135,47,91,137,145,29,56,53,92,98,106,2,15,7,77,90,37,93,122,119,107,142,41,88,80,78,36,60,26,100,123,124,144,67,138,30,115,139,87,113,143,94,118,42,130,51,21,146,55,13,101,31,103,64,116,18,22,126,65,27,57,45,95,14,109,62,86,0,48,38,23,104,20,147,68,133,149,1,79,25
43,84,4,17,34,10,83,19,74,2,80,27,35,102,81,33,82,63,69,95,44,12,128,111,76,67,54,129,94,16,61,70,66,103,92,28,136,99,148,114,127,140,134,75,3,105,49,96,46,108,52,131,40,71,110,117,50,8,9,132,24,86,32,59,112,121,120,39,125,72,135,47,91,137,145,29,45,53,122,73,106,20,15,7,77,90,37,93,98,119,107,142,5,88,141,78,36,60,26,100,123,124,18,41,138,30,115,139,87,113,143,6,118,42,130,51,89,146,55,13,101,31,85,64,116,21,22,126,65,11,57,56,58,14,109,62,144,0,48,38,23,104,97,147,68,133,149,1,79,25
43,84,4,17,34,10,83,19,74,96,80,75,35,102,15,33,82,69,72,141,44,12,63,111,76,87,54,129,94,16,61,70,66,103,113,28,136,99,148,114,131,140,134,120,3,105,1,147,92,108,52,30,40,71,110,117,50,8,46,132,24,86,32,59,112,121,6,39,125,81,135,47,27,137,145,29,45,53,122,73,106,91,78,7,77,90,37,127,20,119,107,85,5,93,38,31,36,60,26,100,123,124,18,41,138,51,115,139,88,142,143,67,118,42,130,95,89,146,55,13,101,9,49,64,116,21,22,126,65,11,57,56,58,128,109,62,144,0,48,14,23,104,97,2,68,133,149,98,79,25
127,84,4,17,34,85,83,19,74,96,129,75,35,102,15,26,80,69,72,141,44,12,99,111,76,87,54,114,103,16,21,70,66,107,113,28,136,47,148,133,123,140,134,120,3,105,1,147,92,108,52,30,40,71,110,117,128,8,46,24,73,86,32,59,112,119,49,39,125,81,135,6,27,137,132,29,45,53,122,126,106,91,94,7,77,90,37,10,20,82,115,13,5,121,38,131,36,60,33,100,50,124,18,41,138,51,31,139,88,142,143,67,118,42,130,95,89,146,55,93,101,9,61,64,116,78,43,22,65,11,57,56,58,63,109,62,144,0,48,14,23,104,97,2,68,145,149,98,79,25
58,84,107,17,34,85,83,95,74,96,129,75,35,102,142,26,21,104,72,141,44,146,99,111,132,87,54,52,1,16,90,70,66,136,113,28,82,47,148,59,123,12,134,120,3,105,24,147,92,73,11,30,15,71,110,117,128,8,133,137,108,86,32,69,112,119,49,39,125,81,135,6,27,56,14,29,45,53,122,126,106,91,94,7,77,138,37,10,20,80,115,13,5,121,38,131,36,60,33,100,50,124,18,41,68,51,31,139,88,4,143,67,118,42,130,103,89,46,55,93,101,9,61,64,116,78,43,22,65,97,57,19,140,63,109,62,144,0,48,76,23,127,40,2,114,145,149,98,79,25
58,84,73,7,34,85,83,95,74,53,117,75,35,102,142,26,21,104,63,2,44,146,136,111,132,87,59,52,1,16,72,70,66,115,113,28,56,47,40,5,123,12,134,120,96,105,6,10,92,54,11,30,9,71,110,141,128,8,133,137,108,86,32,69,112,119,49,39,125,81,135,143,41,43,14,29,45,129,122,126,106,91,94,25,77,138,37,82,20,80,27,13,24,121,38,131,36,60,33,100,50,3,18,147,68,51,31,139,88,4,118,67,90,42,130,103,89,46,55,93,101,107,61,64,116,78,17,22,65,97,57,19,140,15,99,62,144,0,48,76,23,127,109,124,114,145,149,98,79,148
58,84,73,7,34,85,83,95,17,53,117,75,35,102,142,26,66,104,72,2,44,42,136,64,10,87,59,52,1,110,20,70,114,115,113,28,56,47,40,5,123,12,134,120,96,105,23,11,92,54,74,30,9,71,68,141,143,8,133,130,108,86,32,69,112,22,49,39,125,81,135,124,41,43,14,21,45,129,122,126,106,91,77,25,146,138,37,82,147,80,27,13,24,121,38,131,36,60,33,100,50,3,18,19,140,31,29,51,88,4,118,67,90,132,6,103,89,46,55,93,101,107,61,94,116,78,145,65,119,97,57,16,111,15,99,62,144,0,48,76,63,127,109,139,128,137,149,98,79,148
132,84,110,7,34,85,83,95,17,53,117,75,35,102,142,26,107,104,72,2,44,42,136,64,10,87,59,28,1,80,20,65,114,115,113,43,56,47,40,24,123,12,134,120,96,105,23,11,92,54,74,30,9,71,68,141,126,8,133,130,108,86,32,143,73,51,49,39,125,81,135,124,41,22,14,21,94,129,122,67,89,91,77,25,146,138,37,82,147,90,27,13,88,106,38,131,36,60,33,100,50,127,18,19,121,70,29,58,137,4,118,103,109,69,6,145,112,46,55,93,101,45,61,99,116,78,3,66,119,97,57,16,140,15,111,62,144,0,48,76,63,52,31,139,128,5,149,98,79,148
132,84,110,7,34,85,83,95,17,53,117,75,35,102,142,26,107,104,72,2,44,28,136,64,88,20,59,135,1,80,98,65,120,115,113,43,56,47,40,10,123,67,134,27,96,105,23,11,92,54,74,30,71,103,68,114,126,8,133,130,108,86,32,143,73,51,49,24,42,81,89,124,137,125,14,21,94,129,141,36,31,91,77,25,146,138,37,82,147,90,63,13,122,106,38,12,52,60,33,100,131,127,18,19,121,70,29,58,9,4,118,87,109,69,6,145,112,46,55,93,101,45,61,99,116,78,144,3,50,119,57,0,140,15,111,62,41,39,48,76,16,97,22,139,128,5,149,66,79,148
132,84,96,89,34,85,83,95,17,53,117,75,35,102,142,26,107,104,72,2,90,28,57,52,101,20,59,135,1,80,136,65,5,115,113,43,56,47,40,46,119,67,134,27,111,14,23,11,92,73,74,44,88,103,68,114,126,8,48,130,108,86,32,143,37,99,49,30,42,81,54,124,137,93,98,21,94,129,141,36,110,91,77,25,105,138,133,82,147,146,71,13,122,106,38,12,123,60,33,100,131,127,18,19,121,70,29,58,9,4,118,87,109,69,6,145,112,31,55,125,24,45,61,63,116,78,144,3,50,51,10,0,140,15,139,62,41,39,7,76,16,97,22,64,128,120,149,66,79,148
132,84,96,89,34,85,83,95,17,30,104,32,35,102,23,115,107,105,72,37,90,28,57,52,101,20,59,135,1,80,136,65,5,11,117,43,56,25,40,46,119,67,134,27,111,14,126,70,92,73,143,44,60,103,68,114,38,8,48,75,108,86,41,61,142,99,49,133,42,81,54,124,137,93,98,21,94,129,141,36,110,91,77,63,2,138,112,82,147,9,71,13,122,106,130,12,123,18,33,100,131,127,146,19,121,47,88,58,29,4,118,87,109,69,6,145,113,31,55,125,26,45,149,53,24,78,144,3,50,51,10,0,140,15,139,62,39,74,7,76,16,97,22,64,128,120,116,66,79,148
132,143,96,110,34,142,83,105,17,30,9,32,35,93,20,42,82,70,72,37,90,28,57,52,101,84,59,85,1,80,136,65,5,11,117,43,56,25,40,46,133,67,134,27,92,14,126,121,62,73,125,44,60,103,68,114,38,8,48,75,108,86,41,61,131,99,49,115,119,81,135,124,137,123,98,21,94,129,141,36,104,91,77,63,10,138,112,116,147,29,71,13,122,106,130,12,148,18,33,100,54,127,146,19,145,47,88,58,89,4,118,87,109,69,6,111,113,31,55,23,26,45,149,53,95,78,144,24,50,51,2,0,140,15,139,102,39,74,7,76,16,97,22,64,128,120,107,66,79,3
132,143,96,110,53,142,83,105,17,30,9,32,35,51,20,42,82,48,3,37,90,28,57,52,101,84,59,85,1,80,136,65,56,11,14,43,95,25,40,46,133,67,134,27,92,109,126,121,62,26,125,44,91,103,68,108,55,79,38,75,66,86,41,61,131,99,49,115,119,81,135,124,73,45,98,21,106,31,141,36,117,104,77,63,10,138,137,116,147,29,71,13,122,94,130,12,148,5,33,100,54,127,146,19,145,47,88,58,89,4,118,87,129,69,70,111,113,64,6,23,123,114,149,144,8,78,93,24,50,72,2,0,140,15,139,102,39,74,7,76,16,97,22,18,128,120,107,60,34,112
132,143,96,84,53,142,83,105,98,30,9,32,35,51,20,45,103,48,3,37,128,88,57,52,101,86,63,85,1,80,49,65,130,11,38,43,95,25,40,14,133,67,134,27,92,109,126,121,129,26,125,44,110,47,68,108,55,79,123,75,66,46,41,61,91,99,15,115,119,81,135,124,73,117,77,131,106,31,141,36,62,104,28,59,10,138,137,116,147,29,71,13,122,94,56,12,113,5,33,100,54,127,146,19,145,6,42,58,93,4,118,87,82,69,70,111,89,64,148,23,136,114,149,144,8,78,90,24,50,72,2,0,140,18,139,102,39,74,7,76,16,97,22,21,17,120,107,60,34,112
132,143,96,84,53,79,83,105,98,30,9,78,35,139,20,45,31,22,65,37,128,88,57,52,48,86,63,85,55,80,49,33,125,11,32,43,131,25,40,14,109,67,134,27,92,59,126,121,129,26,113,44,47,103,101,108,19,110,123,75,66,46,140,61,91,99,15,115,119,81,135,124,73,117,77,51,106,3,141,97,62,104,28,118,10,138,137,116,36,29,71,13,122,94,56,12,142,5,133,100,54,127,146,145,41,6,42,58,93,4,50,87,82,69,70,111,89,64,148,23,136,114,149,144,8,1,90,24,147,72,2,0,95,18,68,102,39,74,38,76,16,130,7,21,17,120,107,60,34,112
68,143,96,84,53,79,71,105,87,30,9,132,35,139,20,83,31,22,65,37,128,88,57,52,73,86,63,85,21,72,49,33,125,94,24,43,3,25,131,97,109,67,134,27,92,59,126,121,129,26,98,44,47,103,101,108,19,110,123,75,66,16,14,61,91,99,80,8,119,81,135,124,140,117,77,51,106,113,115,141,62,104,28,118,10,138,137,116,36,29,15,13,122,148,56,12,142,5,133,100,54,11,146,78,41,6,42,58,32,4,50,39,82,127,70,111,89,64,48,23,136,114,149,144,145,1,90,40,147,112,2,0,95,18,69,102,55,74,38,76,93,130,7,45,17,120,107,60,34,46
68,74,96,84,53,79,46,105,87,30,9,61,35,139,20,83,31,140,39,56,128,88,57,52,73,37,63,85,21,58,49,33,125,94,24,43,3,8,131,97,109,98,134,27,2,108,126,121,129,26,1,44,25,103,101,71,19,110,123,149,66,92,14,86,91,99,80,65,119,77,135,124,59,22,75,51,106,113,115,141,62,104,28,118,117,138,137,116,36,29,15,13,122,60,102,12,142,5,133,100,54,11,146,78,41,18,42,10,32,4,67,72,82,127,70,111,89,64,48,23,136,114,132,144,145,81,90,40,147,112,16,0,95,47,69,6,55,143,38,76,93,130,7,45,17,120,107,148,34,50
68,79,96,84,24,85,46,105,87,30,38,61,35,139,128,83,31,140,39,56,95,6,57,52,73,37,63,7,21,3,49,58,125,94,82,43,88,129,131,97,109,62,134,27,2,108,148,121,5,26,1,44,130,103,101,71,19,110,123,149,66,92,32,86,91,99,80,65,119,77,135,124,59,22,75,51,106,113,115,141,23,14,111,118,117,112,104,116,36,29,15,13,122,60,102,12,142,126,133,100,54,11,146,78,41,18,42,10,53,4,67,72,33,127,70,74,132,64,48,25,136,114,20,144,145,81,90,40,147,98,16,0,9,138,69,28,55,143,137,76,93,47,8,45,17,120,107,89,34,50
68,79,101,84,33,77,46,105,87,30,38,107,74,139,128,83,31,140,39,56,95,67,57,52,3,66,63,7,21,73,49,58,125,48,96,43,88,129,131,97,109,124,134,27,2,78,24,85,5,26,1,44,130,103,75,92,19,37,123,149,0,110,42,86,91,99,80,65,119,127,135,121,59,22,47,51,106,113,115,141,23,14,111,94,117,118,104,116,36,29,15,13,122,60,102,12,142,126,133,100,54,11,146,108,41,35,112,10,53,4,148,72,32,50,70,71,132,64,18,25,136,114,20,144,145,81,90,40,147,98,16,62,9,138,69,28,55,143,137,76,93,82,8,45,17,120,6,89,34,61
112,79,101,84,137,52,46,105,63,30,38,107,74,139,128,83,31,140,39,56,95,67,33,86,3,66,143,7,106,88,11,82,125,48,108,43,77,129,131,97,109,124,134,27,2,78,24,85,5,26,1,44,130,102,75,92,17,37,123,149,0,110,42,68,91,99,54,142,119,29,135,121,59,22,47,51,103,90,115,141,23,14,111,94,49,118,104,116,36,127,15,13,122,60,96,145,113,19,133,100,57,87,146,65,41,35,80,10,53,4,148,72,32,50,58,71,132,64,18,25,136,114,20,144,117,81,70,40,147,98,16,62,9,138,69,28,55,73,12,76,93,21,8,45,126,120,6,89,34,61
112,79,101,68,137,84,46,29,63,30,106,107,121,139,98,83,31,140,7,56,95,127,33,86,3,66,143,41,5,88,11,82,19,48,108,43,77,129,131,110,109,124,134,27,2,78,24,85,67,26,1,44,130,21,75,92,17,128,123,149,0,39,42,97,91,99,54,142,119,58,135,34,74,22,47,51,103,90,113,18,23,14,111,94,49,118,120,116,36,102,15,13,147,60,96,145,104,122,133,100,57,87,146,65,141,35,80,10,53,4,148,72,32,50,105,71,132,64,52,25,136,114,20,144,115,81,70,40,38,59,16,62,9,37,69,117,55,73,12,76,93,125,8,45,126,138,6,89,28,61
112,111,101,68,137,84,46,80,63,30,106,107,121,139,52,23,31,140,135,56,95,71,33,86,3,66,143,41,5,88,11,82,117,48,113,136,83,129,98,110,109,124,134,27,2,77,24,85,67,26,1,44,130,21,75,92,17,119,141,149,0,104,42,97,91,99,54,142,43,58,39,19,74,22,20,51,103,90,108,18,100,14,7,94,49,118,120,116,78,102,15,13,147,60,96,145,61,122,133,72,57,87,146,65,29,35,34,10,53,4,148,12,32,50,105,128,132,64,45,25,16,114,47,144,115,81,70,40,38,59,123,62,9,37,69,127,55,73,131,76,93,125,8,79,126,138,6,89,36,28
112,111,101,68,137,84,46,122,63,11,106,107,121,139,2,23,31,3,135,56,95,126,33,86,30,57,143,131,5,7,115,71,120,48,113,60,83,52,98,110,109,124,134,27,130,77,24,85,67,26,1,44,117,105,75,41,17,119,141,19,0,104,42,97,91,99,54,142,28,58,39,92,74,22,149,51,103,90,108,18,100,88,148,94,49,118,147,116,66,78,15,13,82,102,96,145,61,70,133,72,43,87,146,65,29,35,34,10,53,4,14,12,32,50,21,128,132,64,45,25,16,114,47,144,140,81,20,40,38,59,123,62,9,37,69,127,55,73,80,76,93,125,8,79,136,138,6,89,36,129
112,111,101,18,36,84,46,122,41,11,106,107,98,40,2,23,124,149,135,56,95,126,33,86,30,121,72,131,5,7,115,71,47,76,113,60,83,52,13,110,109,45,134,27,39,90,24,50,67,26,1,44,117,139,75,48,17,119,141,19,0,104,42,143,91,99,54,142,28,58,77,92,74,130,97,51,103,68,63,22,100,88,137,94,49,118,147,116,66,78,15,57,82,102,31,145,61,70,133,146,43,87,96,65,29,35,34,10,53,4,14,12,32,140,21,128,132,64,120,25,16,114,85,144,3,81,20,105,38,59,123,62,9,108,69,127,55,73,80,37,93,125,8,79,136,138,6,89,148,129
112,111,101,52,98,84,46,122,41,11,106,107,100,40,2,23,124,120,135,143,95,92,33,86,30,121,25,131,29,7,115,71,47,76,113,60,83,49,13,110,109,45,36,27,39,90,24,50,67,26,1,93,114,139,75,48,126,18,141,19,0,104,42,132,91,99,54,142,28,58,77,56,117,130,97,44,103,68,12,22,17,88,137,94,138,118,147,116,66,78,15,63,82,102,31,145,61,149,133,5,57,87,134,65,80,35,34,10,53,4,14,51,32,140,21,128,73,64,55,72,16,38,85,144,3,81,20,105,96,59,123,62,9,108,69,127,43,74,119,37,146,125,8,79,136,70,6,89,148,129
112,111,101,135,98,123,46,104,142,11,16,107,100,40,2,23,124,138,52,143,95,92,33,86,30,121,25,131,29,6,115,71,47,76,113,60,83,41,13,110,109,149,36,27,39,90,106,21,45,26,1,93,114,139,84,48,126,18,141,82,0,57,42,132,91,99,54,73,15,58,77,56,7,130,97,44,103,68,12,22,17,88,137,94,50,118,147,87,117,78,122,62,63,102,31,145,61,136,133,5,28,37,134,65,80,35,34,10,53,4,14,51,32,140,64,128,75,19,55,72,67,38,85,144,3,81,20,105,96,59,66,116,9,108,69,127,43,74,119,120,146,125,8,79,24,49,70,89,148,129
112,136,101,135,98,123,46,104,142,132,16,107,118,40,2,58,124,138,52,88,95,6,126,48,30,121,25,131,66,60,115,23,56,140,113,67,83,41,13,110,109,149,36,27,47,90,106,139,45,26,1,93,114,29,84,21,92,18,86,82,0,57,42,33,91,99,54,73,15,11,77,64,7,111,97,44,103,68,12,22,17,130,137,94,50,105,147,71,117,78,122,62,63,102,31,145,61,76,133,5,28,37,39,65,80,35,141,10,53,4,14,51,32,128,87,108,75,19,55,72,100,38,85,144,3,81,20,70,96,59,143,116,9,34,69,127,43,74,119,120,146,125,8,79,24,49,134,89,148,129
148,136,101,135,98,123,46,104,142,132,16,87,118,42,2,58,124,88,3,127,95,6,126,48,30,121,25,21,66,60,115,23,56,140,113,131,83,41,13,110,109,149,36,125,47,90,77,139,45,26,1,93,114,29,116,73,92,18,86,24,0,57,79,33,91,99,54,143,15,11,63,64,7,111,97,44,103,68,12,52,27,130,137,94,50,105,147,71,117,78,122,62,39,102,17,145,82,76,106,5,28,37,107,65,80,35,141,10,53,4,14,51,138,128,32,108,133,19,55,72,100,38,85,67,75,81,20,70,96,59,43,112,9,34,69,61,84,74,119,144,146,22,8,120,40,49,134,31,89,129
148,136,146,135,98,123,93,36,142,132,70,87,138,42,2,58,124,88,3,127,12,6,126,48,0,121,25,21,66,60,115,23,56,140,113,131,83,41,13,110,109,149,15,118,7,90,77,139,111,26,1,30,114,29,116,73,92,18,86,24,61,57,79,33,91,99,54,27,20,11,63,64,103,53,97,44,74,68,16,19,4,130,137,94,50,105,147,71,117,78,122,62,39,102,17,145,82,76,106,5,55,37,107,65,80,35,141,10,84,143,14,51,49,128,32,108,133,101,46,72,100,38,85,28,75,96,47,81,95,59,43,112,9,34,69,125,120,67,119,144,104,22,8,45,40,52,134,31,89,129
148,136,146,135,98,99,93,36,142,132,41,87,138,116,2,31,124,88,3,95,12,92,64,48,137,121,25,21,74,60,115,38,56,140,113,131,83,0,13,110,109,149,15,118,6,58,77,139,111,26,1,30,114,29,45,73,117,18,86,24,16,57,79,33,91,123,54,27,20,11,63,102,103,53,97,44,65,68,76,19,4,130,61,7,50,105,70,71,84,78,127,62,39,23,17,145,82,107,106,5,55,37,90,66,80,35,141,10,126,143,14,51,49,128,32,108,133,101,46,72,100,94,122,28,75,96,47,81,112,59,43,119,9,34,69,125,120,67,85,144,104,22,147,8,40,52,134,42,89,129
148,2,146,52,102,67,93,36,142,132,98,87,138,116,37,31,124,88,3,95,12,92,64,48,137,121,89,21,74,60,115,38,123,140,113,131,83,0,80,110,109,149,63,4,41,58,13,139,111,75,1,30,100,29,45,73,117,18,86,24,16,118,79,33,91,56,54,27,135,11,51,105,103,53,97,44,65,68,76,19,25,130,61,7,50,20,70,71,84,78,127,77,39,23,17,145,82,107,106,5,55,9,90,66,114,35,141,62,126,143,14,10,49,128,32,108,133,101,59,72,26,94,122,28,104,96,47,81,112,22,43,119,99,34,69,125,120,42,85,144,15,46,147,8,40,6,134,57,136,129
148,2,146,95,102,67,93,36,142,132,27,87,111,116,74,31,124,126,3,107,68,92,64,48,137,121,89,21,86,60,115,38,98,140,113,131,37,0,141,110,109,149,63,58,123,45,13,139,83,75,127,30,100,29,90,73,117,18,106,24,16,118,79,33,91,56,54,80,135,11,51,105,103,53,97,44,65,39,76,19,25,130,61,7,50,20,70,71,84,78,138,77,22,122,17,57,82,1,129,5,55,9,52,66,114,49,88,62,23,143,14,145,10,128,32,108,4,101,59,72,26,94,41,28,104,96,47,81,112,35,43,119,99,34,69,125,120,42,12,144,15,46,147,8,40,6,134,85,136,133
148,108,146,95,20,67,93,36,142,132,27,35,111,62,74,31,124,38,3,17,68,92,64,48,137,26,120,21,86,60,115,2,98,140,113,81,37,0,141,110,109,149,63,58,123,45,13,6,83,75,127,30,100,29,90,73,117,126,106,25,77,118,79,33,91,56,54,80,135,11,51,105,103,53,97,44,121,39,76,19,102,57,61,7,50,144,70,71,84,78,138,23,22,122,34,65,82,1,129,5,55,147,52,66,114,49,131,9,88,143,14,59,10,128,32,89,4,101,125,72,139,94,41,28,104,96,47,16,112,116,43,119,99,24,69,136,130,42,12,145,15,46,107,8,40,18,134,85,87,133
148,108,146,95,20,67,93,36,142,132,87,35,111,62,74,31,124,27,3,136,17,92,64,84,137,26,120,21,86,60,115,2,98,46,113,81,37,0,104,110,109,68,63,58,80,45,13,114,83,75,127,30,130,29,6,73,117,126,106,25,77,118,90,33,91,56,54,71,135,11,51,105,103,79,97,44,121,39,76,19,102,57,61,7,50,144,70,139,48,78,138,23,22,122,82,65,94,1,129,5,55,147,52,72,128,49,66,9,88,101,14,59,10,149,32,47,4,34,125,24,40,100,41,28,38,96,143,16,112,116,43,119,99,141,69,140,85,42,12,145,15,53,107,8,123,18,134,131,89,133
148,16,84,95,20,67,93,36,142,132,44,35,74,62,31,140,124,27,3,136,17,92,26,146,137,110,120,21,86,60,115,2,98,46,81,88,37,0,104,77,109,68,63,58,80,45,13,114,83,75,42,30,130,29,6,73,117,126,106,25,129,118,113,33,91,61,54,71,135,11,51,105,103,55,97,32,121,39,76,19,102,57,72,7,50,144,90,139,48,78,138,23,22,64,82,65,94,1,38,5,100,147,52,79,128,49,66,96,18,101,14,59,10,149,127,47,4,34,125,24,40,56,43,28,87,122,143,41,112,116,111,119,70,141,69,131,85,9,12,145,15,53,107,8,123,108,134,99,89,133
148,16,84,95,20,67,93,36,142,132,107,35,74,62,31,140,124,27,3,136,17,92,103,146,137,110,120,21,86,2,26,114,98,46,81,88,37,44,60,77,109,68,63,22,80,45,104,15,83,138,42,30,130,29,6,73,48,126,106,25,129,118,113,33,91,61,54,71,135,11,13,105,111,55,97,32,58,39,76,51,102,57,72,7,50,144,90,139,99,78,40,23,47,64,82,65,94,1,38,5,66,147,115,79,128,49,8,75,18,101,14,59,10,149,127,112,4,34,125,24,119,100,43,28,87,53,143,56,96,116,121,0,70,122,141,131,85,9,12,145,19,117,41,52,123,108,134,69,89,133
148,16,84,95,20,1,93,36,142,132,107,0,74,22,31,140,18,49,3,138,17,92,103,41,137,110,120,71,86,2,65,114,98,60,32,88,139,26,90,77,109,68,63,129,80,45,104,15,83,33,42,30,130,29,6,73,136,126,106,25,44,118,113,35,146,61,54,21,135,11,13,105,28,55,97,27,58,39,76,51,102,57,72,7,50,144,48,56,99,78,40,23,47,64,82,37,124,62,38,5,66,147,115,79,128,53,8,75,134,91,14,59,10,149,127,112,4,34,125,24,119,111,43,46,87,94,143,100,96,116,121,101,70,122,141,131,85,9,12,145,19,117,67,52,123,108,81,69,89,133
148,16,84,95,20,1,62,36,142,120,107,32,74,58,31,140,18,49,3,138,17,92,103,105,137,110,134,71,86,2,129,114,106,98,43,88,139,26,90,77,143,68,6,65,80,45,104,15,83,33,42,47,130,29,87,73,136,126,108,25,44,118,113,35,66,61,54,141,135,11,13,109,28,55,97,27,22,119,76,10,102,57,72,7,50,144,48,56,99,78,40,23,149,41,82,37,124,51,38,5,60,64,115,79,128,53,0,75,69,91,14,59,147,21,127,112,4,34,125,24,93,111,132,46,8,94,63,100,96,116,121,101,70,122,30,131,85,9,12,145,19,117,67,52,123,39,81,146,89,133
148,16,6,95,142,1,62,64,87,70,107,32,74,58,14,140,18,49,3,138,17,92,103,105,137,123,69,71,36,2,129,114,106,98,43,128,139,26,110,77,143,68,131,65,80,45,104,15,61,33,42,47,130,29,86,73,120,126,108,25,79,118,113,35,66,136,54,56,135,11,13,109,28,55,97,27,22,119,76,10,38,57,72,7,50,144,48,44,84,78,40,23,149,41,82,37,124,51,93,20,31,112,115,88,99,53,0,75,24,91,60,59,147,21,100,5,4,34,125,102,141,111,132,46,8,94,63,83,96,116,121,101,145,122,30,90,85,9,12,127,19,117,67,52,134,39,81,146,89,133
148,16,6,95,110,1,62,64,87,70,107,32,74,91,14,140,18,49,102,138,20,117,103,105,137,123,69,71,142,2,129,114,106,99,43,79,111,26,31,77,143,109,80,65,17,45,28,66,15,33,42,47,130,29,86,73,58,126,108,25,104,118,113,35,48,136,3,56,135,11,13,120,75,55,97,27,22,119,76,10,38,57,72,131,50,144,36,44,133,78,40,23,149,41,82,37,124,128,93,34,0,112,115,88,92,53,54,4,24,139,60,59,147,21,100,5,51,84,125,7,141,68,132,46,8,94,63,83,96,116,121,101,145,122,30,90,85,9,12,127,19,61,67,52,134,39,81,146,89,98
148,110,6,95,37,1,62,64,87,70,134,32,74,91,14,140,18,49,102,138,40,117,103,30,137,123,65,71,61,2,129,114,106,99,43,79,111,26,31,132,143,109,80,107,17,45,28,66,105,33,42,47,130,29,86,73,58,124,108,25,15,118,83,35,48,136,3,56,135,16,142,126,75,55,97,27,22,119,76,9,38,57,72,131,50,144,36,44,23,78,11,104,149,41,82,94,5,128,85,89,0,112,115,88,92,53,54,4,10,139,60,20,147,21,100,77,51,84,24,7,141,68,34,93,8,120,63,125,96,116,121,101,145,122,113,90,133,59,12,127,19,69,67,52,46,39,81,146,13,98
148,110,6,95,37,132,62,111,87,70,133,32,74,91,14,140,50,49,102,57,40,129,103,30,76,123,65,71,61,2,112,114,58,64,43,79,84,55,54,59,143,109,80,22,17,45,28,66,18,33,42,47,130,117,86,73,98,124,108,25,15,118,83,35,48,136,3,56,135,16,142,126,75,67,97,27,29,119,99,9,38,107,72,131,116,144,36,44,31,78,11,104,149,41,82,94,5,128,137,89,0,138,115,88,92,53,85,4,106,139,60,20,147,21,100,77,51,34,24,7,141,68,105,93,8,134,63,125,96,23,121,101,145,122,113,26,120,10,12,127,19,69,52,90,46,39,81,146,13,1
148,110,6,95,37,132,62,111,129,97,41,102,74,91,14,140,50,49,145,57,40,21,146,30,76,123,65,71,61,2,112,114,58,72,43,22,47,87,54,59,143,109,80,103,46,45,28,66,18,33,42,93,130,117,86,73,12,124,108,64,15,118,83,35,9,136,3,56,135,16,142,126,75,67,17,27,29,119,32,1,38,107,85,131,116,144,36,5,31,78,11,104,149,79,82,94,137,128,84,89,0,133,115,88,92,53,98,4,106,19,60,20,147,96,100,77,51,34,24,7,141,68,105,70,8,134,63,125,25,139,121,101,138,122,113,26,120,10,23,127,44,69,52,90,48,39,81,99,13,55
148,106,6,95,134,132,62,72,129,97,41,102,74,26,14,140,50,49,145,57,40,0,146,30,114,123,65,71,61,2,112,54,91,53,43,22,47,87,17,59,143,109,80,103,46,45,28,66,18,55,42,93,108,117,86,73,12,124,92,115,130,118,83,35,63,136,3,56,135,16,142,126,77,67,101,27,29,119,32,1,38,107,85,34,116,15,36,5,31,78,11,104,149,79,82,94,137,128,37,89,110,133,76,64,111,9,98,4,21,147,60,20,48,96,100,131,51,84,24,7,141,68,105,70,8,144,33,125,25,139,121,58,138,122,113,99,120,10,23,127,44,69,52,90,19,39,81,75,13,88
69,106,6,95,134,132,62,72,129,51,41,10,53,118,14,140,50,49,145,57,40,0,146,30,114,123,65,71,61,2,26,121,91,142,43,22,141,87,12,59,143,109,80,86,19,52,28,66,18,55,42,93,108,117,94,73,144,124,102,115,130,67,83,35,63,136,3,56,77,16,17,126,85,135,101,27,45,119,32,112,38,107,46,34,116,15,36,5,31,78,11,104,149,79,82,60,137,128,37,89,110,133,76,64,111,9,98,92,21,147,103,20,48,96,100,131,4,84,70,7,29,68,105,24,8,1,33,125,25,139,54,58,138,122,113,99,120,13,23,127,44,74,148,90,97,39,81,75,47,88
69,109,6,95,84,132,62,72,129,105,134,38,53,118,14,140,50,49,145,124,40,0,8,114,45,123,65,71,61,108,26,121,91,93,43,22,139,87,12,59,143,122,80,86,19,52,142,66,18,55,42,130,32,117,94,73,144,51,102,115,34,67,146,35,63,136,3,56,77,16,17,126,141,135,101,27,24,119,111,112,76,107,46,28,116,15,36,5,10,78,11,104,149,79,82,60,137,30,37,89,110,133,131,64,44,9,98,92,21,147,103,20,48,96,100,75,4,31,70,7,2,68,85,106,29,1,33,125,25,57,54,58,138,41,113,99,120,13,23,127,128,74,148,90,97,39,81,83,47,88
69,109,19,149,22,132,62,72,82,105,134,84,53,118,14,140,107,49,67,124,40,0,8,114,45,123,65,71,61,108,26,121,91,93,43,111,139,87,48,59,143,122,80,86,1,52,142,66,18,55,42,130,32,117,94,74,144,51,102,115,34,141,146,35,63,136,3,4,12,16,17,126,100,135,101,27,24,119,64,112,76,120,46,28,116,15,36,5,10,78,11,104,145,47,50,60,137,30,37,89,110,133,131,13,44,6,98,92,77,147,103,20,9,96,81,75,79,56,31,7,2,68,85,106,83,57,33,125,25,29,54,58,138,73,113,99,38,95,23,127,128,41,148,90,97,39,129,21,70,88
69,109,19,149,12,132,84,72,110,105,134,1,43,44,14,140,107,49,67,0,40,11,112,114,45,123,65,71,61,108,26,121,91,93,60,46,139,87,48,59,143,122,30,86,82,52,142,8,18,55,42,130,88,32,62,74,144,66,102,115,34,141,146,35,63,127,3,4,24,16,17,126,100,135,101,27,51,78,64,38,76,120,80,28,94,116,36,5,10,124,53,104,145,47,50,92,137,15,37,89,22,133,131,13,29,6,98,73,77,147,103,20,9,96,81,75,79,56,31,7,2,68,85,106,83,57,33,125,25,118,54,58,138,111,113,99,136,95,23,119,128,41,148,90,97,39,129,21,70,117
31,109,68,149,12,47,84,18,110,105,134,1,43,44,14,140,107,64,8,0,40,141,65,114,45,123,60,71,61,108,26,121,91,93,69,46,139,87,48,59,143,122,30,86,82,52,142,36,72,55,145,111,92,32,62,74,104,66,102,115,34,49,146,35,63,127,3,4,17,16,79,126,100,135,101,27,51,78,144,38,76,120,80,28,94,116,106,5,10,124,53,19,24,103,50,97,128,15,37,89,88,133,131,119,29,6,98,73,77,147,130,20,42,96,81,75,11,56,13,7,2,22,85,112,83,57,33,125,25,118,54,58,138,132,113,99,136,95,23,67,9,41,148,90,137,39,129,21,70,117
31,109,0,149,12,81,84,18,110,105,134,1,43,44,14,140,107,76,97,102,40,106,91,71,45,123,82,147,61,108,26,121,16,114,69,46,139,87,48,59,143,122,30,86,100,68,142,36,72,55,145,111,35,32,62,74,104,66,132,115,34,49,146,8,63,127,3,148,17,118,79,126,60,135,4,27,51,65,144,38,78,120,80,28,94,92,54,5,10,2,53,19,24,103,50,89,128,124,37,93,88,133,131,119,29,6,98,101,77,15,130,20,42,96,116,75,11,56,13,7,64,22,85,112,83,57,33,125,25,141,73,58,138,52,113,99,136,95,23,67,9,47,41,90,137,39,129,21,70,117
31,27,0,149,12,81,84,18,110,137,134,92,43,44,72,76,107,14,97,102,25,106,91,71,45,123,82,58,61,108,26,121,16,114,69,40,77,87,48,64,143,6,109,86,100,68,142,36,122,55,145,111,7,32,62,70,104,66,132,115,34,49,146,8,63,127,3,39,17,118,79,126,60,135,4,83,51,65,144,38,78,120,116,28,94,96,54,5,10,2,53,19,24,103,50,89,128,124,139,93,88,133,131,119,29,136,98,46,140,15,130,20,105,148,74,75,11,56,13,42,37,22,85,112,90,57,33,125,59,141,73,1,138,52,113,99,67,95,23,101,9,47,41,35,147,30,129,21,80,117
31,125,0,24,12,44,84,18,110,137,134,2,43,72,68,76,107,81,126,102,25,106,8,71,87,123,82,58,61,108,26,121,16,114,69,40,45,77,48,64,143,6,17,86,91,85,142,36,122,55,145,111,7,32,62,70,104,66,132,115,34,49,146,14,93,127,3,112,147,118,79,5,149,135,4,83,51,65,144,38,78,120,116,28,94,96,54,19,10,63,53,92,39,35,50,89,128,124,139,57,88,56,131,119,29,136,98,46,140,15,130,20,105,148,74,109,11,60,13,42,37,22,23,100,90,138,33,103,59,141,73,1,133,52,113,99,67,95,75,101,9,47,41,27,97,30,129,21,80,117
31,58,0,24,96,44,84,18,110,137,134,2,43,72,68,76,42,81,12,102,25,32,8,71,87,17,82,37,61,50,13,121,88,114,69,40,59,106,48,93,143,74,86,6,125,85,142,36,122,55,113,111,7,135,62,70,75,66,132,115,34,49,146,14,45,127,3,112,147,118,79,5,149,130,4,83,51,65,144,38,78,120,116,28,94,35,16,19,10,63,80,92,39,104,107,89,128,124,139,57,26,56,131,119,29,136,98,46,140,15,64,20,145,148,77,109,11,60,126,53,91,22,23,100,90,138,33,103,123,141,73,1,133,52,108,99,67,95,54,101,9,47,41,27,97,30,129,21,105,117
31,42,0,24,96,44,128,74,110,35,134,58,43,72,68,76,73,81,12,102,25,32,8,40,87,17,82,131,117,50,13,121,88,114,69,37,59,106,48,93,143,71,86,6,125,3,142,21,122,55,113,111,7,135,62,70,75,66,132,124,34,49,146,14,45,127,85,112,147,118,141,5,149,130,4,83,95,77,144,38,78,98,116,28,94,120,16,19,65,115,80,92,39,22,107,63,79,56,139,57,26,104,105,10,29,136,18,46,140,15,64,20,145,148,89,109,11,60,126,53,91,2,23,100,90,138,33,103,123,61,84,1,133,52,108,99,67,36,54,101,9,47,41,27,97,30,129,137,119,51
31,42,0,24,101,44,128,74,122,35,134,58,43,72,68,76,73,81,49,71,102,32,8,40,87,20,82,131,117,50,13,121,88,114,69,37,107,106,48,93,143,89,86,6,113,3,142,21,57,55,136,111,7,135,62,70,75,27,132,125,38,12,146,23,45,127,85,112,147,118,141,96,149,130,4,119,95,77,54,17,78,98,116,28,94,120,16,19,90,115,80,92,39,22,59,63,79,56,139,11,26,104,105,10,83,5,18,46,140,29,64,65,145,148,124,109,15,60,126,53,91,2,25,66,110,138,33,103,123,61,84,1,100,144,108,99,67,36,52,14,9,47,41,133,97,30,129,137,34,51
31,42,20,24,101,44,128,74,122,62,144,58,43,72,68,76,73,81,49,71,102,32,8,40,87,134,82,39,117,34,13,121,88,114,69,37,107,106,48,7,143,108,86,6,113,38,142,21,57,55,136,53,93,51,149,115,75,27,132,125,131,12,77,23,25,127,85,112,147,118,141,96,95,130,4,119,111,137,54,17,1,116,45,28,135,120,16,19,90,0,80,63,129,22,59,78,79,56,139,11,26,104,105,10,83,5,18,46,140,29,64,65,145,148,124,109,15,60,126,92,91,2,146,66,110,138,50,103,123,61,84,35,100,89,70,99,67,36,52,14,9,47,41,133,97,30,33,98,3,94
31,10,20,24,101,44,128,74,122,62,144,58,43,72,139,76,73,67,104,98,102,32,71,118,87,134,82,39,117,4,13,121,68,114,69,37,107,106,48,125,143,108,86,54,113,38,142,21,57,55,136,53,140,51,40,115,75,27,132,34,131,45,77,23,25,127,130,61,147,7,141,96,95,49,93,119,111,149,79,17,1,116,99,28,135,120,16,19,90,0,80,63,129,22,59,78,26,56,85,11,64,137,105,112,83,5,18,46,88,12,81,65,145,148,124,109,15,110,126,92,91,2,146,66,42,138,50,103,123,8,84,35,100,89,70,29,9,36,52,14,60,47,41,133,97,30,33,6,3,94
31,10,20,75,101,44,68,74,122,62,66,94,43,72,139,76,73,67,34,131,84,32,71,118,87,144,82,39,117,4,13,52,18,114,5,37,124,106,48,125,143,128,86,54,113,38,142,42,57,55,136,53,140,51,40,115,102,27,132,121,22,45,77,23,64,127,130,61,147,7,141,96,95,49,58,92,123,149,79,17,1,116,99,28,135,120,16,107,90,0,80,63,129,98,25,78,26,119,85,11,134,137,105,112,83,24,69,46,88,12,81,65,145,148,3,59,15,110,126,21,91,2,146,104,56,138,50,103,109,8,108,35,100,89,70,29,9,36,111,14,60,47,41,133,97,30,33,6,93,19
31,10,20,69,24,44,28,74,122,116,14,94,43,72,139,76,73,67,34,131,84,32,71,99,87,144,82,39,117,4,13,52,98,114,5,37,124,106,48,105,64,128,86,54,142,61,0,42,57,55,136,53,140,51,40,115,102,27,132,121,22,45,77,49,38,127,130,97,92,7,141,96,95,75,58,118,123,149,79,17,1,35,101,30,135,120,16,147,90,89,78,63,129,80,66,62,26,119,85,11,134,137,68,112,143,18,107,46,113,12,81,65,145,148,3,59,15,110,126,21,91,2,146,104,56,138,50,103,109,8,108,125,100,23,70,29,9,36,111,25,60,47,88,133,83,41,33,6,93,19
31,10,23,69,24,44,95,20,122,89,35,94,43,139,61,76,104,99,59,28,84,32,71,14,87,144,82,39,117,4,13,52,80,114,5,33,124,106,48,105,64,128,86,46,142,37,67,42,57,55,0,53,140,51,40,115,102,27,132,121,22,45,77,100,38,127,130,97,92,18,141,96,98,75,58,118,123,149,79,134,1,116,101,30,135,120,34,147,90,72,78,63,129,2,66,62,26,119,85,11,143,137,68,112,17,146,107,74,113,12,81,65,131,148,3,54,15,110,126,21,91,49,73,16,56,138,50,103,109,8,108,125,7,145,70,29,9,36,111,25,60,47,88,133,83,41,136,6,93,19
59,10,23,69,24,44,95,84,122,121,16,94,43,139,61,76,67,99,127,40,35,32,71,14,87,91,82,39,117,4,13,52,80,65,5,33,124,106,48,105,64,128,86,46,56,37,45,42,57,73,0,53,134,89,55,115,102,27,132,28,22,104,133,100,38,110,50,97,92,18,141,96,98,75,58,118,123,149,30,31,114,116,101,142,135,120,34,147,90,72,78,63,129,2,66,62,26,88,85,11,143,137,68,112,17,146,107,74,113,12,81,20,131,148,3,54,15,70,126,140,1,49,119,21,77,138,144,103,109,8,108,125,7,145,51,29,9,36,111,25,130,47,60,79,83,41,136,6,93,19
122,16,23,69,24,44,40,84,25,67,38,94,43,139,61,76,144,99,127,145,35,32,71,14,87,91,82,39,117,4,13,52,80,65,5,97,124,106,48,105,64,12,86,46,56,37,45,42,57,73,0,53,134,89,55,115,102,27,33,28,63,104,133,100,29,75,50,51,92,18,141,96,58,107,113,59,123,149,110,31,10,116,101,11,135,120,34,147,93,72,118,6,129,2,66,62,26,88,85,78,143,137,68,112,17,146,22,74,30,8,81,20,131,148,3,54,15,70,126,140,1,49,119,21,77,138,95,103,109,121,108,125,7,132,142,114,9,36,111,98,130,47,60,79,83,90,136,41,128,19
122,16,123,8,23,73,40,84,25,125,38,94,43,139,61,76,144,99,37,145,96,32,71,50,116,70,82,67,117,4,13,52,80,65,5,87,124,106,48,105,64,12,18,46,56,109,45,42,57,134,0,53,119,89,55,149,102,27,33,44,63,104,133,100,29,75,141,51,26,14,24,11,58,107,113,59,28,128,110,31,10,103,101,121,135,120,34,147,93,72,118,86,129,2,66,62,69,88,85,78,143,137,68,112,17,146,22,74,30,92,81,20,131,148,3,54,15,91,126,140,1,49,115,21,97,138,95,39,77,35,108,127,7,132,142,114,9,36,111,98,130,47,60,79,83,90,136,41,6,19
122,16,34,128,71,73,40,84,25,125,38,94,43,139,61,76,144,99,37,145,96,32,49,50,116,17,82,67,78,4,13,3,80,1,5,10,124,106,48,105,64,12,18,46,56,109,45,42,26,134,0,53,119,89,55,149,102,27,33,110,63,104,133,100,29,117,141,51,31,14,24,146,58,107,113,59,28,70,52,72,6,103,65,8,135,120,44,147,93,69,118,86,129,2,66,62,75,88,85,57,143,137,98,112,123,11,22,74,30,92,81,20,131,148,136,54,15,91,126,121,19,23,115,68,97,138,140,39,77,35,108,127,7,132,142,114,9,36,111,95,130,47,60,79,83,21,87,41,90,101
122,16,34,128,71,73,40,107,25,125,38,94,43,139,61,76,144,84,37,145,96,32,49,50,116,17,82,67,33,4,130,69,8,99,91,10,51,106,48,105,64,12,3,110,79,109,45,42,26,41,0,53,119,89,56,149,102,27,18,63,46,104,118,100,29,117,141,7,31,14,24,146,58,28,113,59,87,70,52,72,6,103,65,83,135,120,44,147,93,20,80,19,129,2,66,62,75,88,85,55,143,137,124,112,123,11,22,74,30,92,81,1,131,148,136,54,15,111,126,121,78,23,115,68,97,138,140,39,77,133,108,127,98,132,142,114,9,36,13,95,35,47,60,86,134,21,5,57,90,101
122,16,34,128,71,90,40,148,25,106,38,126,43,139,61,98,144,60,37,88,96,32,49,50,116,67,17,87,93,4,130,69,8,76,91,10,51,80,48,92,64,12,3,110,79,109,45,42,26,41,0,123,119,89,56,84,102,27,18,63,46,104,118,95,29,117,149,7,23,14,24,107,58,28,113,100,125,70,52,72,6,103,65,83,135,120,44,147,59,20,53,19,129,2,146,62,75,73,85,55,143,137,105,112,141,11,22,74,30,133,81,1,131,66,136,54,15,124,31,121,78,111,115,68,97,138,140,39,77,33,108,127,94,132,142,114,9,36,13,82,35,47,99,86,134,21,5,57,145,101
58,16,34,128,71,90,40,148,25,106,11,126,43,139,61,31,144,60,127,88,96,83,49,47,116,67,44,87,93,4,130,69,8,76,91,10,51,80,45,92,64,12,3,110,79,59,72,42,26,1,0,123,119,89,6,84,102,27,18,63,46,104,118,95,29,117,149,7,56,14,24,107,48,28,113,141,125,70,52,137,82,103,122,98,135,120,30,147,108,20,53,38,129,2,146,62,9,73,85,55,143,36,105,112,21,19,22,74,114,133,81,75,131,66,136,54,15,124,33,121,78,111,115,68,97,138,140,39,77,109,50,32,94,132,142,23,17,65,13,41,35,37,99,86,134,100,5,57,145,101
58,16,34,128,71,90,40,148,25,106,112,126,76,139,61,31,144,60,127,88,96,83,49,47,116,67,44,87,93,149,4,69,8,110,11,10,39,80,29,63,64,12,3,52,79,59,72,91,26,1,95,123,136,142,6,84,135,27,89,46,130,104,118,50,37,117,143,7,56,14,24,107,48,28,113,141,125,108,92,137,82,103,122,43,45,120,30,147,51,20,53,38,129,23,146,62,9,2,85,55,21,36,105,119,98,19,22,74,114,133,81,75,131,66,0,54,15,124,33,121,18,111,115,68,97,138,140,102,77,109,78,32,94,132,73,70,17,65,13,41,35,42,99,86,134,100,5,57,145,101
27,16,34,128,71,90,78,148,73,106,30,126,76,139,61,31,144,60,127,68,96,83,49,47,39,112,44,87,93,149,40,69,62,110,11,10,12,80,29,63,64,89,3,52,8,59,72,91,25,1,95,123,136,66,6,84,135,21,2,46,130,104,118,50,45,117,143,7,56,14,24,107,48,28,113,141,85,108,42,137,82,103,122,43,26,120,79,147,51,20,67,38,129,5,9,33,125,22,23,55,142,36,105,119,98,19,37,74,114,133,81,75,131,146,0,54,15,124,58,121,18,111,115,116,97,138,140,102,77,109,4,32,94,132,92,70,17,65,13,41,35,88,99,86,134,100,101,57,145,53
27,16,34,128,71,90,78,148,73,40,30,126,32,139,61,80,144,39,127,55,68,83,31,47,9,112,44,87,93,149,135,69,62,110,11,75,12,49,43,72,64,89,3,52,74,102,33,91,25,1,95,29,136,119,6,123,63,21,2,46,130,104,118,50,45,117,143,7,56,14,24,107,48,28,113,141,92,108,42,84,82,103,122,142,26,120,79,147,51,20,60,38,129,5,67,37,125,22,23,66,76,36,10,105,98,19,137,106,114,133,81,15,131,146,0,54,59,124,58,121,18,111,115,116,97,138,140,86,77,109,4,96,94,132,8,70,17,65,13,41,35,88,99,85,134,100,101,57,145,53
27,46,34,45,71,90,78,148,120,3,30,126,32,139,142,80,144,39,127,55,68,83,25,47,9,112,44,87,93,149,135,69,62,110,20,75,12,49,43,72,64,89,105,52,74,102,33,91,138,1,95,29,136,119,6,123,2,23,8,132,13,104,118,50,128,117,143,7,56,14,24,107,31,28,113,141,97,108,35,84,82,103,122,42,73,94,79,147,51,16,60,145,129,5,21,37,125,22,100,66,76,36,10,63,98,38,137,106,114,133,81,15,131,146,0,54,59,61,58,121,18,111,115,116,134,11,140,86,77,109,4,96,40,92,19,70,17,65,67,41,26,88,99,85,130,48,101,57,124,53
27,46,34,45,71,73,78,148,149,3,118,126,32,139,142,80,110,39,127,55,68,83,25,47,9,112,44,87,93,20,135,69,62,144,52,75,12,49,19,90,64,89,105,43,74,102,33,91,138,1,95,29,136,119,6,123,2,114,13,132,57,104,65,50,128,117,58,7,56,14,24,107,31,28,113,141,97,108,35,84,82,41,18,42,143,94,120,77,51,16,60,145,129,5,21,37,125,22,100,66,76,36,10,63,98,38,137,106,70,133,81,26,131,146,0,54,59,61,48,121,15,111,115,99,134,11,130,86,30,109,4,96,40,92,72,23,17,8,79,67,122,88,85,147,116,103,101,140,124,53
27,46,34,45,71,73,74,148,149,3,118,126,92,139,142,25,110,39,44,55,68,83,129,47,9,127,143,87,93,20,98,62,146,144,52,75,12,49,19,90,64,89,105,43,115,102,33,91,138,135,95,29,136,119,6,123,2,8,13,124,128,77,65,50,60,117,58,7,56,14,24,112,31,28,113,141,97,108,69,84,82,41,18,42,104,94,120,78,51,16,116,145,109,70,21,37,125,22,100,80,76,36,10,63,114,132,137,106,15,133,81,57,131,66,0,54,59,61,48,121,17,111,5,99,134,11,130,86,30,26,4,96,40,107,72,23,32,35,79,67,122,88,85,147,1,103,101,140,38,53
27,37,34,45,71,73,74,148,117,3,118,126,92,139,142,25,19,32,44,55,68,83,129,47,9,87,143,127,93,20,98,124,146,144,52,75,12,49,8,90,64,110,105,43,7,102,33,91,138,135,95,53,136,119,6,123,2,97,13,62,29,77,65,50,60,128,58,59,1,115,24,112,11,16,113,141,41,108,69,84,82,106,18,42,140,94,4,78,51,149,116,145,109,70,21,14,125,22,100,80,76,67,10,63,114,132,137,31,15,133,66,57,131,28,0,54,89,61,48,121,17,111,5,99,134,39,130,86,30,26,36,96,40,107,72,23,46,35,79,56,122,88,85,147,120,103,101,104,38,81
27,37,66,45,34,146,74,148,117,22,29,71,92,139,126,25,19,32,44,55,68,83,95,73,9,21,143,127,93,20,98,124,47,144,52,141,12,49,100,90,64,110,105,43,7,102,33,91,138,135,75,53,136,119,6,123,2,140,13,62,38,77,65,50,60,128,109,59,1,115,63,112,11,16,113,137,142,108,69,84,121,106,18,42,8,94,87,78,51,149,116,26,129,70,118,14,125,122,4,80,76,67,10,79,114,132,145,31,15,133,24,57,131,28,0,54,89,61,48,41,17,111,5,99,134,39,130,86,30,88,36,96,40,107,72,23,3,35,46,56,58,97,85,147,120,103,101,104,82,81
27,37,66,45,34,39,74,148,84,22,99,71,92,139,126,25,19,144,44,55,17,83,95,73,9,21,143,127,93,20,16,124,60,101,47,98,12,14,100,90,64,110,105,43,72,102,33,91,138,135,75,53,136,119,6,123,2,140,13,62,38,77,137,50,145,128,109,59,1,7,63,112,11,48,51,115,142,108,69,49,121,32,18,42,8,94,87,146,52,149,116,67,26,113,118,107,125,122,4,80,76,106,10,79,114,132,129,31,15,133,24,57,131,28,0,54,89,61,141,41,78,29,5,23,134,68,130,70,30,88,36,96,40,86,65,111,3,35,46,56,58,97,85,147,120,103,117,104,82,81
86,37,66,45,34,125,74,42,84,22,99,10,92,139,126,25,73,144,130,55,17,71,95,57,9,21,123,61,93,20,16,124,60,101,47,82,12,14,100,90,39,110,40,43,72,102,33,91,138,127,75,53,111,119,6,103,2,140,13,149,41,77,137,50,145,128,109,59,1,7,63,112,11,48,51,115,142,108,69,49,121,32,18,38,8,94,87,146,52,106,116,67,26,113,118,107,136,78,4,80,76,143,44,79,114,132,129,31,15,134,24,135,131,148,0,54,64,83,141,89,62,29,5,23,98,68,28,70,30,88,36,96,122,27,65,133,3,35,46,56,58,97,85,147,120,19,117,104,105,81
86,59,66,45,34,125,55,42,84,22,99,10,138,139,126,25,73,112,121,77,17,71,96,57,9,21,123,61,93,16,5,124,60,145,47,82,12,14,100,90,39,33,40,43,72,50,2,91,20,127,75,110,111,119,6,144,131,140,87,149,41,74,137,148,102,23,109,95,1,7,63,92,106,48,51,115,142,108,69,49,37,32,18,38,8,94,11,146,52,81,116,67,26,113,13,107,136,78,4,80,76,143,44,79,114,132,129,31,15,134,24,135,130,128,0,54,64,83,141,89,62,29,30,104,98,68,28,70,103,88,36,120,122,27,65,133,3,35,46,56,58,97,85,147,118,19,117,101,105,53
86,59,66,45,34,125,55,42,84,22,99,10,11,139,110,25,6,112,121,77,17,71,96,57,9,21,123,49,128,79,5,124,60,145,47,82,12,14,100,90,39,33,40,69,72,50,2,91,20,127,27,68,111,119,48,144,73,37,87,149,41,74,137,148,102,3,109,95,1,7,63,92,61,43,51,70,142,108,93,15,106,105,18,38,8,94,26,146,52,81,116,67,126,113,13,107,98,78,4,80,76,143,44,32,114,132,129,31,62,134,24,135,130,56,0,54,64,83,75,89,97,29,30,23,131,140,28,138,103,88,36,120,122,16,65,133,115,35,46,101,58,104,85,147,118,19,117,136,141,53
86,59,36,45,11,37,55,42,84,22,99,10,34,139,110,25,6,112,121,77,104,71,96,57,9,21,123,141,128,79,5,124,60,145,47,82,12,14,109,90,39,7,40,15,0,50,2,91,20,127,27,68,111,119,72,144,73,32,87,149,41,74,137,148,102,3,33,95,1,125,63,92,17,43,51,70,61,108,44,69,106,105,18,8,89,94,26,146,52,81,75,48,67,113,13,107,98,78,4,80,76,143,49,38,116,132,129,62,24,134,100,135,130,56,142,54,64,83,126,31,97,29,30,117,131,140,28,138,103,88,93,120,122,114,65,133,115,35,46,101,58,23,85,147,118,19,16,136,66,53
12,59,36,127,100,37,55,42,84,22,99,10,34,139,110,25,6,112,121,77,60,71,96,57,9,21,123,97,128,104,29,143,109,145,11,82,8,14,45,90,39,7,40,15,0,50,2,91,20,144,27,101,111,119,72,41,73,32,87,149,86,74,137,148,102,3,31,95,1,116,63,92,17,47,51,70,61,108,43,69,106,105,68,5,89,94,53,146,52,81,75,48,67,138,13,107,98,78,4,80,76,16,49,38,125,132,129,44,24,134,136,135,130,56,142,54,64,83,126,79,33,26,30,117,131,140,28,23,62,88,93,120,122,114,65,133,115,35,46,18,58,141,85,147,118,19,113,124,66,103
12,59,36,127,100,37,55,42,84,22,99,118,34,139,115,25,6,112,121,77,60,71,96,57,9,21,123,97,53,76,29,143,109,145,11,63,8,14,45,90,39,7,40,15,108,50,2,91,103,144,27,110,111,74,10,41,73,32,94,149,86,49,137,148,102,87,31,95,1,116,101,92,17,47,51,70,61,147,43,69,106,105,68,30,114,119,128,146,52,117,75,19,67,126,13,107,65,78,4,80,104,16,3,38,125,132,129,98,24,134,136,135,130,56,142,54,64,83,58,79,33,26,5,89,131,140,28,23,62,88,82,120,122,72,20,133,81,35,46,18,48,141,85,44,93,0,113,124,66,138
12,59,36,127,100,37,55,42,84,20,99,51,34,139,40,25,6,0,58,77,60,71,66,57,9,21,123,97,76,107,22,33,109,145,11,63,8,14,119,90,39,7,114,15,80,50,2,91,103,144,27,38,111,74,29,41,73,32,94,106,86,49,137,148,45,87,31,95,1,116,101,92,17,118,104,70,61,147,43,69,121,105,68,30,115,140,128,146,52,117,75,19,67,126,13,143,65,78,149,44,10,16,3,134,125,132,129,98,24,62,110,135,130,56,102,54,64,83,112,79,142,26,5,89,131,108,28,23,47,88,82,120,122,72,136,133,81,35,46,18,48,141,85,53,93,4,113,124,96,138
12,136,36,127,100,37,85,42,39,20,99,51,34,139,40,25,6,0,58,77,137,71,66,57,9,21,123,97,129,107,22,33,124,145,52,63,8,14,119,90,103,7,76,80,143,50,2,91,31,126,27,38,60,74,29,41,73,75,144,106,86,49,54,148,45,87,15,95,1,116,5,92,102,118,104,101,111,147,43,69,121,105,68,30,115,140,128,146,131,117,120,19,67,32,13,17,65,78,149,44,10,55,3,134,125,132,114,98,24,62,59,135,130,56,46,61,64,83,112,79,142,26,94,89,11,108,28,23,47,88,82,109,122,72,84,133,81,35,16,18,48,141,70,53,93,4,113,110,96,138
12,136,36,127,100,37,116,71,39,20,8,51,10,139,95,25,6,0,58,66,137,149,119,57,21,81,123,97,129,107,22,33,124,145,52,63,79,40,1,90,103,7,76,80,120,50,2,91,31,126,27,94,60,74,29,41,73,75,144,106,86,49,54,148,45,131,15,62,140,99,5,92,102,34,141,101,111,147,43,69,121,105,68,30,77,113,128,146,135,117,115,19,67,32,87,17,65,78,13,44,143,42,3,134,125,132,114,98,24,35,59,104,130,56,46,61,64,83,112,53,142,26,55,89,11,108,28,23,47,88,82,109,122,72,84,133,38,85,16,18,48,14,70,9,93,4,118,110,96,138
12,116,36,127,100,37,128,71,54,111,8,51,10,139,95,25,6,0,58,66,20,149,119,57,21,75,123,97,129,19,22,49,124,145,52,63,79,81,1,90,103,7,76,80,82,50,2,91,31,126,27,94,60,74,29,117,73,107,144,77,86,33,56,148,45,131,34,42,140,89,5,92,102,40,141,101,99,147,43,69,106,15,41,30,67,113,120,146,135,39,115,137,62,32,87,17,65,105,13,44,114,143,3,134,125,132,138,98,24,35,59,104,130,78,46,61,64,83,112,53,121,26,55,68,11,108,28,23,142,88,47,109,122,72,84,133,38,85,16,18,48,14,70,9,93,4,118,110,96,136
12,116,36,127,100,86,128,57,54,111,8,51,61,139,95,93,6,27,10,66,20,149,119,107,21,75,123,97,129,19,22,49,124,145,52,71,79,81,1,48,18,7,76,80,103,50,2,91,31,126,32,132,60,74,29,117,73,56,144,58,3,33,68,148,45,131,34,42,140,89,115,92,102,40,141,101,99,147,43,69,77,37,121,30,67,113,120,5,135,39,11,137,62,106,87,17,65,105,13,44,114,143,72,134,125,130,138,98,28,35,59,104,90,78,46,63,64,83,112,53,25,26,55,94,41,108,146,23,142,88,47,109,122,82,84,133,15,85,16,0,24,14,70,9,38,4,118,110,96,136
89,83,30,127,100,86,128,94,54,111,109,51,61,139,95,93,70,27,58,66,20,149,119,107,21,75,123,122,129,19,22,97,57,145,52,71,79,81,1,48,18,7,76,80,103,46,40,91,31,126,42,132,60,74,29,17,73,56,144,23,3,33,68,148,45,131,34,6,44,49,115,92,102,108,141,101,99,147,124,69,77,37,121,96,67,113,120,5,135,39,11,137,62,106,87,43,65,105,13,55,114,143,72,134,125,130,138,98,28,35,59,104,90,78,10,63,64,50,112,32,25,26,140,12,41,117,146,116,142,88,47,14,53,82,84,133,15,85,16,0,110,8,24,36,38,4,118,2,9,136
89,83,30,127,77,86,128,94,47,32,109,51,61,139,95,93,46,5,72,66,20,115,119,143,21,75,123,122,129,19,22,97,57,145,29,71,131,81,1,70,54,80,76,15,107,149,79,91,31,52,42,132,60,74,27,118,73,56,144,23,3,33,68,18,45,7,34,6,44,49,17,92,126,108,141,101,99,147,124,69,148,37,121,96,67,113,120,64,135,39,11,137,62,106,87,43,65,105,13,55,114,103,138,134,125,130,48,98,28,35,59,133,90,78,104,63,40,50,112,58,25,26,140,12,41,117,146,116,142,88,10,14,53,82,84,100,111,85,16,0,102,8,24,36,38,4,110,2,9,136
89,83,30,127,77,86,128,94,47,32,109,51,61,139,136,93,146,5,130,74,20,115,119,143,117,75,71,122,129,19,22,97,57,145,29,107,131,81,45,70,54,80,76,15,60,149,79,91,31,52,42,132,6,124,27,118,73,56,144,63,100,33,68,18,3,7,34,82,44,112,46,121,126,108,141,101,17,102,23,69,148,37,99,96,67,113,120,64,135,39,11,137,62,106,87,43,65,10,13,55,114,103,138,134,92,85,125,98,28,35,59,133,90,78,104,12,40,50,123,58,25,26,140,95,41,21,147,116,142,88,105,14,53,66,84,48,111,4,16,0,72,8,24,36,38,49,110,2,9,1
104,4,135,127,77,86,114,94,47,25,109,105,61,139,136,93,146,106,130,74,20,115,22,51,117,75,65,122,129,19,128,21,57,145,29,107,131,81,64,5,54,80,76,15,60,149,31,91,95,52,42,132,6,89,27,118,73,56,99,63,100,70,68,119,3,7,34,82,44,112,46,30,126,108,141,101,144,102,23,69,148,37,17,96,67,113,120,124,71,39,11,137,62,97,87,43,18,10,13,55,121,103,138,134,92,33,125,98,28,35,59,133,90,78,53,12,40,50,123,32,143,26,140,16,41,83,147,116,142,88,79,14,58,66,84,48,111,45,85,0,72,8,24,36,38,49,110,2,9,1
141,4,135,60,63,111,114,94,47,25,142,105,109,148,136,93,146,106,130,74,20,115,22,51,117,75,87,122,129,19,128,21,57,121,29,107,131,81,64,5,92,80,37,15,119,149,31,91,95,36,42,132,6,89,27,118,145,56,99,98,100,70,83,46,3,7,34,82,44,112,53,30,126,108,52,101,144,102,23,69,33,0,17,96,67,113,120,124,76,39,11,137,62,97,1,43,18,10,13,55,2,103,138,134,68,139,125,127,28,35,59,133,90,78,86,12,61,50,123,32,143,26,140,71,41,16,147,54,73,88,79,14,58,66,84,48,104,45,85,65,72,8,24,40,38,49,110,116,9,77
141,4,135,60,103,111,114,94,14,73,142,105,109,8,46,93,146,21,130,74,20,115,22,136,117,75,87,122,129,19,128,86,57,25,29,107,131,81,53,5,147,80,37,15,119,13,31,91,95,63,42,132,6,149,27,118,145,56,99,138,100,70,83,62,47,7,11,82,44,112,79,30,123,108,52,101,144,102,23,69,148,0,17,96,67,113,120,124,76,39,106,137,33,97,1,43,18,34,85,55,2,10,50,134,68,139,125,127,28,35,59,133,90,64,72,12,61,3,51,32,143,26,140,71,41,16,78,54,98,88,92,121,58,66,84,48,104,45,89,65,36,126,24,40,38,49,110,116,9,77
52,4,135,60,103,111,114,88,14,73,142,68,109,8,46,93,146,21,130,74,20,115,39,136,117,75,87,122,129,19,128,108,57,25,29,107,131,81,53,5,147,80,3,15,119,13,16,71,95,63,42,48,6,144,24,118,145,56,138,31,100,70,83,34,47,7,11,82,44,112,79,30,123,2,99,101,86,102,23,69,148,0,17,96,67,113,49,124,76,91,106,137,33,97,1,51,18,43,85,55,22,10,50,134,37,139,125,94,120,35,59,133,90,41,72,12,61,64,84,32,143,26,140,141,65,62,78,54,98,127,92,121,58,66,105,132,104,45,89,38,36,126,149,40,28,27,110,116,9,77
112,4,135,23,103,60,114,88,69,73,142,14,109,8,81,93,146,21,130,74,20,115,39,136,117,75,87,122,129,19,16,108,57,25,111,107,131,17,27,5,147,80,3,15,119,13,123,116,90,63,42,48,6,140,24,118,37,56,138,31,100,70,83,34,47,132,11,82,10,2,79,30,144,71,99,101,86,102,148,68,145,0,46,96,67,113,52,124,29,91,106,137,33,97,1,51,18,43,85,55,22,76,44,134,78,139,125,94,120,35,59,133,110,41,72,128,61,64,84,32,143,26,40,141,65,62,95,54,98,127,92,121,58,66,105,50,104,45,89,38,36,126,149,7,28,53,49,12,9,77
112,4,135,23,103,60,114,97,69,127,142,14,109,8,81,93,146,58,130,74,20,115,39,136,117,50,87,38,90,19,16,108,57,144,111,107,131,17,27,5,147,80,3,15,145,13,128,116,21,63,42,48,6,140,24,118,99,56,119,31,100,122,83,34,47,132,11,33,10,84,79,30,149,71,29,101,86,70,148,2,43,138,46,82,67,113,52,124,96,91,106,137,141,75,1,51,18,88,85,55,22,76,44,134,78,139,125,94,120,35,59,133,110,41,72,68,61,64,25,32,143,26,40,102,65,37,95,54,98,129,92,53,123,66,105,9,104,45,89,0,36,126,121,7,28,62,49,12,73,77
112,4,120,23,148,60,114,97,91,21,142,14,109,8,81,89,146,58,130,74,20,115,39,136,117,50,87,38,52,19,16,108,57,144,111,107,131,133,135,121,147,80,3,15,110,13,90,116,69,63,42,48,6,140,24,118,99,127,119,93,100,122,83,34,47,132,11,33,67,84,79,30,149,71,29,101,62,70,31,2,123,27,46,82,45,72,0,124,96,92,106,138,141,75,1,51,18,88,85,55,10,76,44,134,78,139,125,94,86,35,59,56,43,41,113,68,137,64,25,32,143,26,40,102,65,37,95,54,98,129,103,53,5,66,105,9,104,128,12,145,36,126,17,7,28,61,49,22,73,77
112,4,8,23,148,60,114,97,91,71,142,21,109,119,81,89,146,58,130,74,20,115,83,136,117,50,87,123,52,73,16,108,57,144,111,107,131,99,135,104,141,80,13,15,110,70,90,116,69,63,42,48,6,140,24,118,41,127,19,32,100,122,86,34,47,132,11,33,67,84,79,30,149,147,29,14,137,61,31,2,5,27,46,82,45,40,0,133,96,139,106,138,72,75,1,51,18,88,85,55,10,76,3,134,78,9,125,94,103,35,59,56,43,38,113,68,62,64,25,124,143,26,121,102,65,37,95,54,98,129,92,53,39,66,105,93,120,128,12,145,36,126,17,7,28,101,49,22,44,77
4,50,8,23,114,60,28,97,91,71,142,75,109,119,81,89,146,58,130,117,20,115,83,136,6,35,87,123,52,144,16,108,57,64,85,107,131,99,135,104,141,80,13,15,110,70,90,116,69,63,74,48,118,140,24,111,41,125,19,32,100,122,86,34,47,132,11,33,67,84,79,30,149,147,29,14,137,61,78,124,5,26,46,82,45,40,0,133,96,139,92,138,22,112,1,51,18,148,72,55,10,76,3,134,106,9,7,94,103,121,59,56,43,38,113,68,62,39,25,27,143,31,42,102,65,37,95,54,98,88,2,53,129,66,21,93,120,128,12,145,36,126,17,127,73,101,49,77,44,105
103,32,8,23,40,60,28,97,66,71,142,118,109,119,81,75,146,58,108,117,20,115,83,136,6,35,87,123,52,144,16,65,57,64,85,107,11,21,143,104,141,80,13,15,110,70,90,116,69,63,26,48,130,140,24,111,41,125,19,122,131,1,86,34,47,132,139,33,67,84,89,30,149,147,29,14,137,61,78,124,74,91,46,82,45,4,0,133,96,22,92,138,50,38,2,51,18,148,72,55,10,76,3,134,106,135,7,94,114,121,59,101,43,5,112,68,62,39,25,27,9,31,42,100,79,37,95,54,98,88,127,53,129,102,56,93,120,128,12,145,36,126,17,99,73,113,49,77,44,105
103,32,8,23,40,12,28,97,66,138,142,118,109,119,81,75,146,58,6,36,57,115,83,136,34,35,87,99,26,144,16,65,132,64,85,107,11,5,143,92,141,20,13,15,54,70,90,116,69,63,1,48,130,140,117,111,41,125,108,122,131,55,86,124,14,25,139,33,67,84,89,30,149,147,29,52,137,93,78,21,74,91,46,82,19,4,0,133,121,22,24,80,50,38,2,51,18,148,72,71,10,76,3,134,106,135,7,94,114,96,59,101,43,110,112,68,62,39,61,60,9,104,42,100,79,37,95,123,98,88,127,53,129,102,56,45,120,128,31,145,27,126,17,47,73,113,49,77,44,105
103,32,45,100,40,12,28,97,66,138,135,148,8,119,128,75,146,58,6,36,57,115,83,136,34,35,87,23,26,46,16,65,131,64,85,107,11,5,143,92,141,20,13,109,54,70,90,116,104,63,27,48,130,140,117,111,144,125,113,122,41,55,86,124,14,25,139,33,67,53,89,30,149,147,29,52,118,84,78,21,74,47,142,99,19,132,0,133,121,22,24,80,50,38,2,108,18,82,72,15,10,76,3,134,106,88,7,94,114,96,59,101,43,110,112,68,4,39,61,60,9,62,91,51,79,37,95,123,98,81,127,1,129,93,56,42,120,137,31,145,69,126,17,71,73,102,49,77,44,105
103,32,30,100,40,12,28,4,66,138,52,148,8,119,76,75,146,124,6,36,57,115,83,136,34,35,87,144,26,46,123,65,131,64,85,107,105,5,117,92,94,16,13,109,54,70,90,116,120,63,27,48,130,135,67,140,44,125,113,122,41,55,86,111,14,25,139,33,127,53,89,11,149,147,29,21,118,84,78,97,74,47,45,99,19,132,0,133,121,22,24,80,50,38,2,108,18,82,72,143,10,73,3,15,106,88,7,104,114,20,59,101,43,110,112,68,98,39,61,51,9,62,91,58,79,37,95,126,96,81,134,1,129,93,56,42,141,137,31,145,69,60,17,71,128,102,49,77,142,23
103,32,120,100,40,12,28,67,66,138,52,148,0,119,76,136,146,77,6,36,57,133,83,21,34,29,87,144,26,46,90,65,131,49,85,107,105,5,117,92,94,16,96,109,54,70,53,116,118,63,27,48,130,135,71,140,44,125,113,121,41,55,86,111,14,25,139,8,127,115,89,11,149,147,4,24,62,84,78,80,69,47,45,99,19,132,91,17,30,22,13,35,123,38,2,108,18,82,72,143,10,73,3,15,106,88,7,104,114,20,59,101,43,110,112,68,98,39,61,51,9,75,50,122,79,37,95,126,64,81,134,1,129,93,97,42,141,137,31,145,74,60,56,33,128,102,124,58,142,23
139,32,120,100,144,12,123,132,66,103,52,148,20,119,76,136,146,77,6,36,57,133,83,21,62,29,87,117,26,46,14,65,34,49,85,107,105,5,108,92,94,16,96,109,54,70,53,116,118,63,90,48,130,135,71,140,44,125,113,121,38,55,86,111,27,25,15,8,127,115,61,131,149,110,4,24,28,84,78,99,69,47,45,101,19,41,91,17,30,22,13,35,134,80,11,2,18,82,72,143,10,73,3,67,106,88,7,104,114,68,59,98,43,0,112,79,93,39,147,51,9,75,50,122,89,37,95,126,64,81,137,1,129,97,138,42,141,40,31,145,74,60,56,33,128,102,124,58,142,23
139,32,120,100,105,12,73,132,66,103,52,148,20,2,86,10,14,77,6,36,57,133,90,101,62,29,87,117,26,46,135,65,34,49,85,107,82,5,108,92,94,16,96,109,54,22,53,116,61,63,93,48,130,144,71,140,44,125,113,121,38,55,50,111,27,25,15,8,127,115,124,131,149,110,4,24,28,83,78,99,69,47,45,136,19,13,76,17,30,75,21,35,134,80,11,112,18,88,72,143,119,95,3,67,106,118,7,104,114,68,59,98,43,0,128,79,146,70,147,51,9,81,41,122,89,37,39,126,64,123,137,33,129,97,138,42,141,40,31,145,74,60,56,84,91,102,1,58,142,23
74,32,128,100,105,27,73,132,66,103,52,148,20,2,86,10,14,77,6,17,129,133,90,101,62,138,87,117,26,46,124,65,34,119,85,107,82,5,102,92,94,16,81,149,54,22,53,109,61,63,93,48,130,131,79,140,44,29,113,121,120,55,50,111,36,25,15,8,127,115,106,146,13,72,4,24,28,83,78,99,69,12,45,136,19,91,76,71,30,75,21,35,134,80,11,135,18,88,57,143,89,95,3,67,108,118,7,104,114,68,59,98,43,0,144,125,139,70,147,51,9,49,41,122,116,37,39,126,64,123,137,33,112,97,110,42,141,40,31,145,47,60,56,84,38,96,1,58,142,23
74,32,128,80,105,27,73,118,66,103,52,148,20,2,86,10,14,77,6,29,16,133,60,101,62,138,24,117,99,46,124,112,34,119,85,107,82,5,102,92,94,76,81,149,54,22,109,146,61,37,145,48,130,131,79,140,44,63,113,121,120,55,50,111,36,25,15,53,127,115,106,8,13,72,26,93,9,17,78,142,69,12,45,136,19,91,28,71,30,75,21,31,134,83,11,135,18,88,57,143,89,95,68,67,108,35,7,104,114,49,59,98,43,0,144,4,139,70,147,51,3,90,132,122,116,87,39,126,64,123,137,33,41,97,110,129,141,40,100,42,47,65,56,84,38,96,1,58,125,23
135,32,128,80,105,108,73,118,66,103,52,148,20,2,86,10,14,77,6,29,84,133,60,101,24,138,142,117,99,46,124,112,34,74,85,107,82,5,102,92,94,76,81,149,54,22,7,146,61,37,145,48,130,131,56,127,44,63,93,121,120,55,1,111,36,95,15,53,50,115,114,8,13,72,26,59,9,17,110,25,69,78,45,136,19,91,28,71,109,62,104,31,134,83,11,68,18,113,57,143,89,119,125,67,75,35,140,144,21,49,97,98,43,0,30,4,139,70,147,51,3,90,132,122,27,87,39,126,64,123,137,33,41,116,88,129,141,40,100,42,47,65,79,12,38,96,106,58,16,23
135,32,10,80,146,108,73,118,66,103,52,148,20,2,86,84,14,77,6,29,136,133,60,137,24,96,142,117,99,46,124,112,34,74,85,107,3,5,102,64,94,76,81,149,101,138,7,126,61,92,145,44,130,131,104,127,71,11,93,121,120,54,1,128,22,95,15,53,50,115,114,8,13,72,38,59,9,17,110,83,69,78,45,63,19,91,28,26,109,62,100,123,134,39,36,68,18,113,57,143,31,119,125,67,75,35,140,144,21,49,97,98,43,0,30,4,139,70,89,51,48,90,132,122,27,87,56,25,105,147,111,33,41,116,88,129,141,40,82,42,47,65,79,12,55,37,106,58,16,23
135,32,10,21,88,108,73,118,78,30,87,148,20,2,86,84,14,77,68,29,136,114,60,137,24,96,142,117,99,46,98,112,80,74,85,26,3,146,102,67,94,124,81,149,101,76,7,126,61,107,145,44,130,131,104,127,62,11,93,121,120,54,1,119,22,95,15,53,50,115,103,8,13,72,38,57,9,17,110,83,92,34,45,63,19,91,28,6,109,56,100,123,134,39,36,66,18,113,69,143,31,59,125,138,75,35,140,52,133,49,97,71,43,0,25,4,139,70,89,51,48,90,132,122,27,144,128,41,105,147,111,33,12,116,79,129,141,40,82,42,47,65,64,5,55,37,106,58,16,23
135,32,10,21,88,59,73,118,78,30,87,148,120,2,23,84,14,77,68,82,136,134,60,137,24,96,11,117,99,46,98,112,80,74,85,26,3,146,145,67,94,124,81,114,101,119,149,83,70,107,61,52,130,131,104,127,62,20,93,121,49,54,29,108,22,95,15,53,39,115,103,129,13,72,38,57,9,17,110,142,92,34,45,63,19,91,28,25,109,56,8,123,102,6,36,66,18,113,69,143,31,1,125,133,75,35,140,27,44,86,97,126,43,0,50,4,139,71,89,51,48,90,132,122,7,144,128,41,105,147,111,33,12,116,79,76,141,40,100,42,47,65,64,5,55,37,106,138,16,58
135,32,10,21,88,112,73,118,78,30,87,148,145,2,23,84,14,100,68,82,136,43,60,137,24,96,11,117,110,46,98,71,80,74,28,64,3,146,26,139,94,124,81,114,101,119,149,83,70,107,61,52,130,131,104,127,99,20,93,121,49,54,29,108,22,95,62,59,39,115,103,129,13,72,1,57,9,17,133,142,92,34,45,67,19,91,8,25,109,56,18,123,102,6,36,66,42,113,69,143,147,12,120,27,85,35,140,86,44,125,141,126,138,0,50,4,134,5,89,51,48,90,132,122,7,144,128,41,105,77,111,33,97,116,79,76,53,40,75,63,47,65,15,31,55,37,106,38,16,58
89,93,149,21,88,112,73,118,78,30,87,148,145,2,23,84,47,100,68,82,136,43,6,138,24,96,86,117,95,46,98,71,80,49,28,64,3,74,26,110,94,124,81,114,11,119,142,83,70,102,61,37,130,131,104,127,99,20,32,121,10,54,42,108,22,135,62,59,39,115,103,129,13,72,1,57,9,17,133,60,92,34,107,67,19,77,8,25,109,56,18,123,139,137,36,66,40,113,69,143,147,12,120,27,85,35,140,65,44,125,141,111,29,0,50,4,134,101,5,51,48,90,126,45,7,144,128,41,105,146,14,33,97,116,79,76,53,91,75,63,52,132,15,31,55,122,106,38,16,58
89,93,112,21,88,65,73,45,78,25,87,148,130,2,23,84,47,103,68,52,136,43,6,138,85,96,86,117,95,46,98,71,80,38,28,120,3,74,26,110,94,124,81,131,11,119,149,8,70,102,61,37,24,146,104,5,99,20,32,82,145,54,42,108,22,135,62,41,39,115,92,129,13,72,1,57,9,17,133,60,142,118,107,67,19,77,10,34,121,36,18,123,139,137,30,66,40,113,69,143,147,12,83,27,56,35,140,126,44,125,141,111,29,0,50,4,134,101,114,51,48,90,109,127,7,144,128,58,105,49,14,33,97,116,79,76,53,91,75,63,59,132,15,31,55,122,106,100,16,64
89,93,112,21,88,65,105,133,78,25,87,148,125,2,15,84,47,103,68,45,136,43,6,138,85,96,86,117,145,46,98,71,73,38,63,129,52,74,26,110,94,90,81,131,11,119,149,8,70,95,61,116,24,146,104,5,99,20,32,82,124,54,42,50,147,135,62,41,39,115,92,142,108,72,1,57,28,17,83,80,3,118,107,67,102,77,10,34,121,36,18,123,139,137,30,66,60,113,69,143,9,12,44,27,56,35,58,126,13,22,141,111,23,0,140,4,134,101,114,51,48,120,109,127,7,144,128,37,29,49,14,33,97,130,79,76,53,91,75,100,59,132,19,31,55,122,106,40,16,64
89,93,112,2,88,65,105,133,47,25,87,148,125,92,15,84,64,103,68,45,136,43,6,53,101,96,108,117,145,46,98,71,73,38,21,129,52,74,26,78,94,70,81,131,11,85,149,8,119,95,16,116,24,146,1,5,99,20,54,44,124,49,42,50,147,135,62,41,110,115,102,142,130,72,82,57,28,17,83,104,3,118,107,67,90,77,10,34,121,36,18,123,139,137,30,66,60,113,69,143,9,12,61,27,56,35,58,132,13,22,141,111,23,0,86,106,134,63,114,51,48,120,109,127,7,4,32,37,128,29,14,33,97,144,79,76,126,91,75,100,59,80,19,31,55,122,138,40,39,140
89,26,82,70,88,90,105,133,47,25,87,148,125,102,15,84,64,103,68,45,51,81,6,53,101,96,108,117,145,46,98,91,73,38,100,107,52,74,17,12,94,129,65,131,146,85,149,8,119,23,16,116,24,112,71,5,99,20,54,44,124,49,42,57,147,135,62,41,110,115,92,142,130,72,136,43,28,78,83,104,3,118,11,93,59,77,10,34,121,36,18,86,139,137,30,66,60,95,69,143,9,114,61,67,56,35,58,132,13,22,141,111,2,0,29,106,134,63,21,123,48,120,109,127,7,4,32,37,128,1,14,33,97,144,79,76,126,50,75,27,113,80,19,31,55,122,138,40,39,140
89,26,67,70,77,1,92,133,47,25,87,148,125,102,15,84,64,103,68,45,59,81,65,53,101,96,108,117,145,46,98,91,73,38,100,56,52,116,123,12,94,129,30,131,146,85,16,135,119,74,22,27,24,51,71,5,99,20,54,44,124,49,42,57,147,6,62,29,110,115,122,142,130,72,136,43,28,78,83,104,3,118,11,93,112,90,10,34,121,36,18,86,139,137,144,66,39,95,69,143,9,114,61,126,107,35,58,60,13,82,141,111,2,0,97,106,134,63,21,17,48,120,109,127,7,4,32,23,128,132,14,33,8,80,79,76,105,50,75,37,113,88,19,31,55,41,138,40,149,140
89,26,67,70,77,120,92,133,47,31,148,136,125,27,15,25,64,103,68,45,74,81,128,53,101,96,90,117,127,46,98,91,73,38,100,56,61,116,123,99,94,129,30,131,146,85,16,65,119,18,22,102,24,51,71,5,34,20,54,44,124,49,42,57,147,6,62,75,110,0,122,142,130,72,52,43,87,78,83,104,3,118,11,93,112,139,10,28,108,36,1,59,135,137,144,66,39,95,69,143,9,115,29,126,107,35,58,84,13,82,141,111,2,145,97,106,134,63,21,17,48,114,109,121,7,4,32,23,60,132,14,33,8,80,79,113,105,50,76,37,12,88,19,41,55,86,138,40,149,140
89,26,46,70,77,120,92,133,47,76,148,136,125,27,15,139,64,103,146,45,74,31,128,7,101,96,90,117,127,5,98,91,73,38,100,53,61,116,123,99,49,129,30,131,10,85,14,65,119,18,22,102,24,51,78,9,34,20,17,44,124,56,68,57,147,6,62,75,126,0,122,71,130,72,52,104,87,67,83,142,25,118,11,93,112,81,43,28,108,36,41,115,135,137,144,66,39,95,69,143,3,42,29,145,107,35,58,84,13,82,141,111,2,23,97,106,134,63,21,138,48,114,109,121,94,4,32,16,60,132,54,33,8,80,79,113,105,50,110,37,12,88,19,1,55,86,40,59,149,140
89,38,46,70,77,120,92,133,47,44,102,136,125,71,15,139,64,103,132,45,112,31,128,7,101,96,90,117,127,5,98,91,73,52,100,53,61,116,123,122,49,129,30,131,10,95,14,65,119,18,35,26,24,51,78,9,34,20,17,97,124,56,68,57,147,6,62,75,126,0,74,12,146,37,93,104,87,67,81,142,25,118,11,8,72,134,43,28,108,36,41,115,135,138,144,66,39,106,27,143,3,42,29,137,107,148,58,84,13,82,141,111,2,23,16,145,69,63,21,76,48,83,109,121,94,4,32,105,60,22,54,33,113,80,79,99,85,50,110,114,130,88,19,1,55,86,40,59,149,140
89,38,46,70,77,120,92,58,47,44,90,136,125,71,73,139,29,103,91,96,112,31,15,7,101,88,45,117,127,5,98,48,35,33,10,53,61,116,123,122,49,129,30,131,110,95,14,24,119,18,133,16,128,51,78,9,34,20,17,41,124,56,68,102,147,6,62,75,100,0,74,12,146,37,93,104,87,67,81,142,25,118,11,40,72,134,43,28,108,36,106,115,135,138,144,66,3,69,27,143,39,132,126,137,107,148,21,84,13,82,141,111,2,23,52,145,97,63,8,76,64,83,109,121,94,4,32,105,60,22,54,57,113,80,79,99,85,50,65,114,130,42,19,1,55,86,59,26,149,140
51,38,46,70,127,120,92,58,47,44,90,69,125,71,73,139,61,103,91,94,112,31,15,7,101,88,45,115,95,18,98,48,35,33,135,53,149,116,123,122,49,129,60,77,110,67,14,24,119,66,29,16,128,39,78,9,34,20,17,41,124,56,68,102,147,6,62,75,100,0,74,12,146,136,5,104,87,133,81,142,25,118,11,40,72,134,43,28,89,36,106,121,93,138,144,117,3,37,27,143,111,132,1,137,107,148,21,84,13,82,141,42,2,23,52,145,97,63,8,76,4,83,109,126,108,131,32,105,80,30,54,57,113,96,79,99,85,50,65,114,10,130,19,64,55,86,59,26,22,140
52,38,46,70,127,120,92,58,47,93,90,69,111,119,73,142,61,103,91,94,112,31,15,7,128,88,45,26,20,18,98,48,35,33,19,53,149,116,123,122,49,129,60,77,125,67,14,24,36,143,29,16,51,39,133,9,138,139,17,41,124,56,68,21,147,6,62,75,95,0,74,12,146,136,5,104,87,101,141,34,25,118,11,115,72,134,43,28,89,22,106,121,135,81,144,117,3,37,27,137,108,132,1,78,107,148,71,84,13,82,99,42,2,23,130,145,97,44,8,76,4,83,109,126,63,131,32,105,80,30,54,57,113,96,79,110,85,50,65,114,10,102,66,64,55,86,59,100,40,140
52,65,119,70,127,120,92,58,117,19,90,69,111,29,73,142,61,103,91,94,112,31,15,7,10,88,17,26,20,18,98,48,35,50,138,53,149,54,123,122,49,129,60,77,125,67,96,24,36,62,141,16,51,39,133,9,114,139,93,41,124,56,68,137,147,6,72,46,57,0,74,12,146,136,5,104,87,101,113,34,25,118,100,38,14,134,43,28,89,22,106,121,135,81,144,128,3,37,27,47,108,132,1,75,107,148,71,84,13,82,99,42,2,23,130,145,97,44,8,76,4,59,109,126,63,131,32,105,80,30,116,83,115,95,79,110,45,33,11,21,78,102,66,64,55,86,143,85,40,140
52,28,119,70,127,120,92,58,117,19,90,108,111,29,73,142,61,44,10,94,112,31,15,7,56,88,17,26,20,18,98,129,139,50,138,53,149,54,65,122,49,39,60,77,125,67,123,24,36,55,91,134,51,4,124,9,114,72,93,41,3,35,68,137,147,62,40,46,57,0,74,12,146,136,5,32,87,101,2,34,25,118,100,38,14,6,43,69,89,22,106,121,135,81,144,128,96,104,27,47,33,132,1,75,107,141,71,84,13,82,99,42,16,23,130,145,126,48,8,76,110,59,109,133,63,131,97,105,80,30,116,83,115,95,79,148,45,103,11,21,78,102,66,64,113,86,143,85,37,140
52,28,119,70,127,67,92,58,117,19,90,10,111,95,5,142,61,44,84,94,112,31,15,7,56,88,17,26,99,18,41,109,139,50,138,53,149,54,65,122,49,39,60,77,125,118,123,24,36,55,91,134,51,4,124,9,76,72,93,79,3,35,68,129,147,16,40,46,57,0,74,12,146,136,85,1,120,101,2,34,25,114,100,38,14,6,37,69,89,22,106,121,135,81,144,128,96,104,29,47,33,98,43,73,107,141,71,105,13,82,20,42,63,23,130,145,126,48,8,66,110,59,27,133,62,131,97,86,80,30,108,83,115,148,75,116,45,103,11,21,78,102,87,64,113,140,143,132,137,32
52,28,119,70,127,67,92,58,117,146,26,10,111,95,56,142,61,42,84,122,112,45,15,7,19,88,17,23,99,18,41,130,139,50,138,110,44,54,81,149,49,39,94,77,125,118,123,116,36,55,91,134,51,4,124,9,136,65,93,79,3,72,68,129,87,16,40,46,57,0,74,12,24,78,63,1,120,101,2,34,25,114,76,38,14,6,37,109,89,22,106,121,135,69,144,128,96,104,29,47,100,98,43,73,107,141,71,105,13,82,20,53,147,5,35,145,126,48,8,66,115,59,27,133,62,131,90,86,80,30,108,83,31,85,75,148,33,103,11,21,97,102,60,64,113,140,143,132,137,32
52,28,119,70,127,67,92,58,117,146,26,66,111,74,56,17,61,42,84,122,112,87,15,7,19,118,121,23,99,18,41,130,139,50,35,138,44,33,81,149,49,39,94,77,125,43,123,116,96,55,91,134,51,4,124,9,85,65,22,79,25,72,68,129,110,16,40,46,57,0,95,12,10,78,63,1,120,101,2,34,142,114,60,38,14,6,100,141,89,88,106,132,135,69,24,128,109,104,21,47,73,98,54,29,107,144,136,105,13,82,20,53,147,5,3,145,126,48,8,71,115,59,27,133,62,131,90,86,80,30,108,83,31,36,75,148,37,103,11,76,97,102,45,64,113,140,143,93,137,32
52,28,59,70,127,8,92,58,117,146,26,66,111,74,56,17,61,42,94,122,112,87,15,115,39,118,125,23,51,18,41,130,48,50,35,138,44,33,81,149,49,67,7,77,75,43,36,116,96,55,90,134,113,4,124,9,85,97,22,79,25,72,68,129,126,99,2,46,57,84,95,12,10,78,139,1,120,82,0,34,101,114,60,38,14,6,123,141,89,88,106,132,135,69,24,128,109,104,21,47,73,98,54,29,107,144,136,16,13,105,65,53,147,5,3,145,91,19,40,71,110,142,27,133,63,131,121,86,80,30,108,83,31,62,119,148,37,103,11,76,20,102,45,64,100,140,143,93,137,32
52,62,59,70,6,8,92,67,117,100,26,66,111,28,109,17,61,42,94,122,112,87,95,11,39,118,125,23,15,18,41,130,48,50,35,138,44,33,81,149,49,121,7,77,75,43,36,116,96,55,90,134,113,4,31,9,85,97,120,79,25,72,68,129,126,76,80,56,57,84,127,99,22,78,139,1,142,82,0,34,101,114,51,38,107,115,123,141,46,88,40,132,135,69,24,128,137,104,21,47,73,98,54,14,29,144,136,16,13,105,65,53,147,5,3,145,91,19,12,71,110,89,27,133,63,131,86,74,58,30,108,83,2,60,119,148,37,103,106,10,20,102,45,64,124,140,143,93,146,32
52,62,59,70,6,8,92,67,117,71,26,66,111,28,109,31,61,42,94,122,112,87,95,11,39,118,125,23,15,18,41,130,97,50,35,138,44,48,81,149,49,147,7,77,75,58,36,116,96,68,90,132,113,4,100,9,34,105,120,99,25,72,134,106,126,76,80,56,57,85,127,98,22,84,139,1,142,82,0,43,101,114,51,38,107,115,123,141,10,54,40,45,135,17,24,69,137,46,21,47,73,121,78,14,29,144,136,16,13,129,65,53,143,5,3,145,91,19,12,83,110,88,27,133,63,128,86,74,33,30,108,32,2,60,119,148,37,103,104,55,20,102,131,64,124,140,89,93,146,79
52,20,59,70,123,8,92,67,117,71,26,66,111,108,109,82,61,42,94,122,149,87,95,11,39,118,125,23,15,18,79,69,97,50,35,138,44,48,81,64,49,147,7,77,75,6,21,116,96,68,90,132,40,4,100,9,36,62,120,99,25,72,112,106,126,76,80,56,57,85,127,98,22,10,139,84,142,53,0,43,101,146,51,38,107,33,1,141,28,54,12,45,105,17,24,134,137,46,27,47,73,121,78,14,55,144,136,16,13,129,65,29,143,5,114,145,91,19,34,83,110,88,115,133,63,128,86,74,130,30,58,32,2,60,119,148,37,103,104,135,41,102,131,124,113,140,89,93,3,31
24,101,59,60,123,8,92,67,117,116,26,66,111,108,109,71,61,42,94,122,40,87,95,110,39,118,125,23,15,18,43,69,97,149,35,138,44,48,81,64,3,147,6,77,75,57,21,11,96,68,90,132,54,4,100,9,36,62,120,99,25,72,112,106,33,76,80,56,79,85,127,98,22,52,139,84,73,53,0,63,27,146,37,38,107,20,1,141,28,70,12,88,105,17,113,134,137,46,114,47,45,121,78,14,55,144,136,16,13,129,10,29,143,82,130,145,91,19,34,83,65,142,115,133,5,128,86,74,51,30,58,32,2,126,119,148,50,103,104,135,41,102,131,124,7,140,89,93,49,31
24,101,59,60,123,8,90,92,117,116,26,66,129,108,109,71,31,42,94,122,40,87,18,110,39,118,125,79,15,132,43,69,97,127,35,138,44,48,84,64,3,147,6,121,75,57,21,11,96,68,7,67,54,4,100,9,46,62,120,99,25,72,112,13,33,76,80,56,131,85,36,98,22,52,139,32,73,53,105,63,27,146,103,38,107,20,81,141,30,70,12,5,61,17,113,134,23,136,114,47,45,88,78,14,55,144,49,16,28,111,10,29,143,82,130,145,91,19,34,83,65,142,115,133,95,128,86,74,51,77,58,0,2,126,119,148,50,149,104,135,41,106,1,124,102,140,89,93,137,37
112,101,59,60,124,8,90,92,117,16,26,66,103,108,109,61,31,145,111,122,40,87,18,110,39,118,125,79,15,132,43,69,97,42,35,138,44,48,76,64,3,147,84,121,71,131,21,11,96,68,7,67,54,4,100,9,46,62,120,99,25,72,33,13,139,80,86,56,58,85,36,98,22,52,6,32,73,53,105,63,27,146,2,38,107,75,81,141,30,70,12,91,24,17,113,134,23,0,114,94,45,88,78,123,55,144,49,82,28,57,10,29,143,129,130,20,142,19,34,83,65,116,115,133,95,128,47,74,51,77,5,127,1,126,14,148,50,149,104,135,41,106,119,136,102,140,89,93,137,37
112,101,64,116,124,8,90,92,117,16,26,66,103,108,42,61,31,145,111,122,40,0,18,110,39,118,89,79,15,132,47,69,97,76,35,138,44,48,71,139,3,133,2,121,59,131,72,11,96,68,7,67,54,4,100,9,46,62,120,87,25,99,33,13,12,80,86,56,109,85,36,98,22,52,6,32,73,60,105,63,27,19,136,38,107,75,81,146,30,70,94,91,24,17,113,134,82,84,114,37,45,88,78,123,55,144,49,58,28,57,10,29,143,129,130,20,34,21,142,43,65,125,115,23,95,128,77,74,51,83,5,127,1,126,14,148,50,149,104,141,41,106,119,135,102,140,53,93,137,147
112,101,64,116,79,8,90,92,117,16,108,66,103,22,42,5,31,145,111,128,122,0,18,110,39,118,89,119,21,132,47,69,97,61,35,138,44,67,71,139,3,133,102,121,59,131,72,11,96,68,7,27,86,4,124,9,46,62,120,87,25,99,33,88,12,80,76,56,109,85,36,98,48,29,6,32,100,60,105,63,15,19,73,38,107,127,81,146,113,70,94,141,24,17,2,134,82,84,114,37,45,28,78,123,55,144,49,58,91,57,10,13,143,129,130,20,136,34,142,43,65,125,30,23,95,54,77,74,51,83,75,106,1,126,14,148,50,149,104,115,41,26,40,135,52,140,53,93,137,147
112,117,64,116,35,130,90,92,106,16,108,66,73,107,42,5,31,121,111,0,122,38,18,110,39,118,89,119,142,132,47,69,97,61,143,138,44,67,71,139,3,133,102,8,59,131,72,11,96,68,7,27,86,4,124,21,48,62,120,87,25,99,33,40,12,80,76,41,109,85,36,98,149,29,128,32,100,60,105,63,15,19,79,103,6,127,81,146,22,70,145,46,24,17,2,134,43,84,114,37,45,28,34,123,55,144,94,58,91,57,10,13,49,129,141,20,136,56,125,82,65,101,30,23,95,54,77,74,51,83,75,9,1,126,14,148,50,88,104,115,53,26,78,135,52,140,113,93,137,147
112,117,92,116,35,130,143,99,106,16,104,66,73,107,42,5,31,121,111,0,122,38,18,142,39,118,89,119,1,90,47,69,97,98,63,138,14,67,71,139,3,133,102,54,59,37,72,11,96,68,64,27,86,125,21,51,30,95,120,87,25,80,33,40,12,61,76,41,109,85,36,15,149,29,128,32,100,60,105,132,131,19,79,103,6,127,81,146,22,70,145,46,24,17,2,134,43,84,114,44,45,28,34,123,55,144,94,58,91,57,10,13,49,129,141,20,136,62,56,82,65,101,4,23,50,113,124,74,108,83,75,9,26,126,48,148,52,88,110,115,53,8,78,135,7,140,77,93,137,147
112,117,109,116,35,130,143,1,106,16,104,66,73,2,42,5,31,121,111,146,122,38,18,135,37,118,89,50,107,90,47,69,14,40,63,138,87,67,71,139,3,0,92,113,59,136,72,11,96,68,64,27,86,125,21,51,30,95,120,8,25,80,142,102,12,61,76,41,32,85,36,15,149,29,97,147,100,60,105,132,131,19,79,103,6,127,81,45,22,70,145,46,24,17,75,134,33,148,114,44,20,28,34,123,55,144,94,84,91,57,10,13,49,129,141,128,119,62,56,82,65,101,4,23,98,39,124,74,108,83,99,133,26,126,48,43,52,88,110,115,53,58,78,77,7,140,54,93,137,9
112,117,109,126,35,54,143,1,106,16,73,115,130,2,42,59,31,121,75,146,92,38,51,104,37,118,89,50,116,90,8,69,14,40,63,28,138,67,71,74,3,0,122,113,25,136,72,107,96,68,64,27,86,125,21,18,77,95,120,66,47,80,142,102,12,76,135,41,32,85,36,15,149,11,97,147,100,60,45,132,131,19,79,103,6,127,81,128,30,70,145,46,24,17,111,134,33,148,114,44,20,87,29,123,55,144,94,84,91,57,10,13,49,129,141,61,119,62,56,82,65,101,4,23,98,39,124,34,108,83,99,133,26,139,48,43,52,88,110,22,5,58,78,53,7,140,105,93,137,9
