0,1,2,3,4,5,6,7,8,9,10,11,12,13,14,15,16,17,18,19,20,21,22,23,24,25,26,27,28,29,30,31,32,33,34,35,36,37,38,39,40,41,42,43,44,45,46,47,48,49,50,51,52,53,54,55,56,57,58,59,60,61,62,63,64,65,66,67,68,69,70,71,72,73,74,75,76,77,78,79,80,81,82,83,84,85,86,87,88,89,90,91,92,93,94,95,96,97,98,99
0,58,2,3,4,13,6,92,8,9,20,11,12,5,14,15,16,41,18,25,36,21,7,93,24,19,26,27,29,84,22,31,32,33,34,35,51,56,10,90,37,28,74,43,44,38,46,47,48,49,50,60,52,59,54,55,89,83,45,76,91,42,62,63,64,65,66,67,61,88,70,71,98,17,23,75,53,77,73,79,80,95,72,81,69,85,86,87,97,30,39,78,40,57,94,68,96,1,82,99
0,58,43,42,83,13,6,92,10,48,59,9,34,5,80,63,16,41,18,25,98,49,4,15,24,91,12,27,36,84,22,72,2,33,70,57,51,56,62,60,37,28,74,73,44,38,46,14,31,67,54,32,52,90,85,55,89,94,45,23,21,7,76,47,64,65,66,82,61,88,87,71,3,17,29,75,53,77,20,35,93,95,8,81,69,79,86,11,97,30,39,78,40,19,26,68,96,1,50,99
0,73,43,42,47,20,6,26,10,48,35,9,71,91,57,63,16,44,18,70,46,79,4,25,24,3,12,27,87,65,22,72,2,61,92,49,51,56,62,14,1,84,74,55,31,38,40,37,80,60,54,32,52,90,85,17,89,36,94,33,21,7,76,34,64,67,66,82,83,97,78,98,19,88,29,75,53,77,5,8,93,95,58,81,69,41,86,11,15,30,39,23,13,28,45,68,96,59,50,99
0,73,86,42,47,46,6,26,10,48,35,31,71,91,57,63,16,44,12,70,84,79,8,25,17,3,89,67,87,65,22,72,2,43,92,81,40,62,51,29,24,21,74,55,45,38,78,37,80,61,54,58,52,90,68,69,9,60,33,39,20,7,32,34,64,66,98,82,83,95,88,1,19,5,85,75,41,77,76,99,93,4,49,36,53,59,56,11,15,30,18,23,13,28,14,97,96,27,50,94
0,65,86,42,18,35,50,73,59,80,79,8,41,91,95,63,76,44,12,10,51,46,60,25,17,3,47,53,87,30,22,72,27,43,71,81,16,92,36,29,24,21,74,67,45,75,78,37,84,61,54,58,40,90,68,69,9,57,11,39,20,7,52,2,64,23,98,70,83,62,88,1,19,5,85,26,82,77,34,99,93,4,49,55,6,31,15,89,38,56,33,66,48,28,14,97,96,32,13,94
15,65,86,31,9,35,75,73,47,80,41,0,63,91,70,5,76,44,67,42,51,19,69,20,79,3,17,53,46,30,14,72,96,43,71,81,36,92,10,29,45,21,74,25,85,58,78,1,84,61,54,60,59,90,68,18,87,57,11,39,82,7,52,2,32,23,98,16,83,62,88,99,64,37,95,40,8,77,26,27,93,4,34,55,6,50,12,89,38,56,33,66,48,94,49,97,24,22,13,28
15,65,86,31,58,19,75,42,25,80,0,39,7,91,70,84,76,44,67,72,8,9,55,77,64,3,73,53,46,63,41,48,96,69,34,81,36,92,10,29,45,21,54,47,85,20,14,1,11,61,99,35,59,71,66,12,87,5,93,79,82,68,18,51,32,23,98,16,83,62,88,74,4,52,95,40,57,27,26,17,30,6,2,60,78,50,90,89,38,56,33,43,37,94,49,97,24,22,13,28
15,13,77,31,58,51,49,48,25,80,56,11,7,91,70,84,29,44,87,72,8,27,55,14,64,3,19,53,46,78,23,33,22,69,34,38,61,9,10,94,45,21,67,47,85,20,6,1,96,2,99,92,41,71,66,12,73,5,24,79,42,68,18,35,32,82,98,16,83,62,88,54,4,52,95,40,57,76,37,81,30,17,60,65,75,50,90,97,0,63,26,43,86,74,39,93,36,89,59,28
2,49,77,96,58,81,0,88,51,39,56,11,7,91,64,84,66,23,87,15,8,27,5,14,34,3,19,37,73,86,94,33,22,69,72,75,42,78,25,29,45,55,67,47,85,20,6,1,99,70,10,61,41,71,9,12,38,16,24,31,97,68,18,35,32,82,98,43,83,62,44,54,65,52,95,48,57,80,92,79,76,17,60,53,13,50,90,46,4,63,26,21,40,74,28,93,36,89,59,30
2,49,56,96,58,6,0,15,51,38,68,11,97,91,24,75,7,39,87,17,8,27,5,14,34,21,19,37,73,40,94,10,47,69,1,46,89,85,25,31,32,29,67,26,18,20,88,53,99,70,65,61,41,42,9,12,72,16,52,66,55,71,3,35,80,82,98,43,83,62,44,33,64,45,95,48,78,81,92,79,76,90,60,23,13,50,84,22,4,63,93,36,57,74,28,54,86,77,59,30
26,49,74,97,58,69,87,15,48,38,77,51,68,66,24,75,7,39,2,17,8,67,12,14,34,96,19,37,73,40,6,70,27,93,1,89,21,85,55,31,47,29,61,46,83,20,88,53,99,5,65,16,41,42,9,23,72,44,52,90,94,71,3,35,25,82,95,98,0,91,56,18,64,45,28,32,78,81,92,79,76,33,11,57,13,50,84,10,22,63,4,36,43,62,60,54,86,80,59,30
26,49,74,42,58,30,94,86,3,52,22,12,61,66,92,75,37,39,2,17,8,67,53,33,34,96,19,97,68,40,6,63,27,93,62,51,57,11,55,31,47,29,98,46,83,20,88,77,99,81,5,16,89,15,9,76,72,44,64,90,56,85,1,35,25,82,95,73,0,91,48,18,50,45,28,69,78,24,65,79,14,4,41,70,13,23,84,10,60,21,71,36,43,80,38,54,32,87,59,7
98,49,83,42,91,30,94,86,3,26,73,80,61,66,82,60,72,39,40,17,8,67,53,14,34,74,19,97,27,48,6,71,37,93,62,51,29,11,55,58,47,52,12,2,44,20,88,24,99,0,5,16,89,92,9,70,81,79,64,90,56,85,10,35,25,22,95,96,15,38,1,18,50,45,28,69,78,46,33,77,63,4,57,68,43,23,84,41,13,31,65,36,75,21,32,54,87,76,59,7
98,49,83,0,73,30,94,86,3,80,29,56,99,76,82,60,72,37,50,36,62,67,53,14,34,74,19,54,91,48,59,71,1,24,87,32,90,11,55,28,57,63,12,2,17,20,88,51,97,6,5,70,61,92,75,58,81,79,64,93,26,40,21,35,25,22,95,96,15,38,4,18,44,45,66,69,78,46,33,77,9,52,10,68,43,23,84,41,7,31,65,8,89,39,85,16,27,42,13,47
47,5,29,0,28,30,94,62,3,80,83,56,73,45,81,60,72,37,25,36,87,67,46,50,34,31,19,54,11,48,59,99,1,18,42,49,90,82,76,85,57,63,12,2,55,93,88,51,97,79,86,70,74,92,75,66,40,6,64,91,26,98,21,35,65,22,17,32,15,38,4,27,44,14,24,41,78,52,33,77,9,69,10,61,43,23,84,71,7,96,95,8,89,39,58,20,68,16,13,53
47,5,29,46,28,55,94,20,69,76,24,86,17,45,39,60,81,37,42,67,87,6,56,19,34,31,68,54,11,96,79,99,1,64,59,49,82,10,77,0,89,35,12,2,62,93,88,51,97,90,44,70,48,92,75,83,40,72,36,91,26,98,50,80,65,3,73,95,15,38,4,27,66,14,30,41,78,52,33,57,9,18,25,61,43,23,84,71,7,63,74,8,22,16,58,32,21,85,13,53
8,5,29,35,78,63,46,20,69,76,24,6,30,45,39,85,81,62,89,67,87,18,56,75,34,55,68,7,11,96,83,19,1,99,59,88,60,72,44,0,54,80,12,17,86,92,79,77,37,90,47,70,48,43,65,16,40,94,36,91,26,42,50,93,49,31,73,95,15,38,4,27,66,14,64,41,82,52,33,57,9,53,25,61,28,23,10,71,51,84,74,98,22,97,2,32,21,58,13,3
84,5,29,34,7,63,89,20,57,76,74,36,30,45,73,85,81,95,83,67,51,97,56,39,62,55,68,40,11,8,10,86,1,93,0,23,60,72,44,53,54,80,12,32,98,31,79,77,37,90,47,70,48,43,65,78,16,94,33,91,82,42,50,64,49,35,75,88,15,38,59,27,66,14,69,41,71,52,4,18,99,17,25,61,28,87,96,58,19,26,92,6,22,46,2,9,21,24,13,3
84,5,7,34,80,93,22,20,57,61,83,18,62,2,4,85,15,95,42,67,51,63,73,39,23,72,68,40,11,28,9,86,1,58,0,76,60,55,44,53,54,27,87,56,74,31,79,30,6,90,50,70,48,43,65,78,36,94,88,91,82,59,12,64,49,10,75,32,66,38,97,77,16,14,69,41,33,52,81,45,99,17,25,47,98,37,96,29,19,26,92,35,8,71,89,46,21,24,13,3
67,5,25,37,14,40,81,93,24,61,83,85,58,74,34,68,15,95,42,20,27,48,73,39,23,72,63,21,60,28,57,86,1,80,0,76,75,55,44,53,54,91,87,94,43,89,79,30,6,84,50,70,51,65,12,78,36,62,88,31,2,59,90,64,49,10,11,32,47,38,97,16,82,33,7,41,66,52,46,45,99,17,26,22,98,4,96,29,19,9,92,35,8,71,56,77,69,18,13,3
67,5,25,58,14,40,81,55,23,19,83,29,85,52,34,50,15,87,2,93,99,48,1,68,59,72,63,94,20,13,37,71,96,10,0,76,95,30,44,53,54,91,31,35,43,89,79,66,6,17,61,70,51,65,12,36,57,62,88,46,92,69,90,78,49,27,11,32,47,38,97,16,82,33,7,41,21,74,73,45,28,86,26,22,98,4,24,60,42,9,84,39,8,80,56,64,75,18,77,3
12,55,90,59,26,8,49,77,7,19,82,29,85,52,34,50,15,93,2,67,99,72,1,40,75,87,63,94,20,13,37,71,5,79,0,76,95,74,44,53,54,83,96,45,43,89,69,66,6,17,21,70,51,65,39,36,57,62,88,46,92,25,64,78,86,58,32,27,31,11,73,42,81,33,14,41,97,61,16,10,28,68,23,22,98,47,24,60,48,9,84,30,35,80,56,4,38,18,91,3
12,55,91,18,75,30,49,77,45,19,82,92,85,78,64,50,15,93,90,57,68,72,1,79,38,98,63,94,2,66,37,5,35,21,62,34,69,20,44,53,54,83,96,0,41,89,59,36,22,17,52,70,51,65,39,81,74,26,88,27,97,25,61,6,86,58,32,95,31,11,73,42,67,33,14,43,29,13,16,10,28,8,87,46,7,47,24,60,48,9,84,71,23,80,56,4,76,40,99,3
39,55,91,78,13,27,88,77,24,19,70,92,89,75,64,73,15,31,90,57,68,23,1,79,45,98,4,18,2,66,37,28,35,21,17,44,69,20,16,53,54,83,96,0,74,41,59,30,22,71,72,62,38,93,49,81,99,26,97,3,95,25,61,6,86,58,32,12,56,11,52,42,63,33,47,43,29,67,5,85,34,8,87,36,7,10,14,60,48,9,84,65,51,80,46,94,76,40,50,82
15,37,91,78,13,27,52,77,24,55,70,92,89,79,3,1,73,31,90,57,54,23,8,7,41,29,4,45,2,32,96,28,35,21,60,6,69,16,38,53,14,83,98,49,66,64,59,68,22,71,48,62,86,25,40,81,99,26,97,72,0,30,39,58,74,87,95,12,56,11,20,42,33,63,44,43,93,67,5,85,34,19,18,36,88,10,75,61,47,9,84,65,51,80,46,94,76,17,50,82
5,10,91,94,57,27,52,59,37,42,49,92,81,79,23,1,73,77,90,13,54,62,61,7,89,45,4,72,2,32,96,28,99,21,60,6,69,16,75,8,55,82,41,24,66,38,30,68,17,64,48,18,86,53,40,78,29,26,3,35,0,43,39,83,74,87,95,12,56,11,20,70,25,63,44,33,93,67,98,85,88,19,58,36,34,15,22,71,47,9,84,65,51,80,46,14,76,31,97,50
5,10,25,9,67,46,52,19,36,42,49,38,81,79,60,53,54,77,90,50,30,58,61,85,55,72,4,21,2,69,96,57,99,16,94,6,28,86,75,8,59,82,41,24,66,97,48,68,17,64,14,62,7,74,40,78,29,1,3,35,0,43,92,83,27,87,31,12,22,11,20,70,93,63,44,33,95,23,98,13,39,37,18,91,34,15,26,71,47,45,84,65,51,80,89,73,76,32,88,56
5,10,25,9,20,46,67,19,21,41,49,38,86,90,60,14,54,36,31,50,45,58,61,81,42,34,71,65,2,69,66,57,99,11,94,6,28,52,75,8,59,82,79,24,73,3,92,68,17,98,97,62,72,74,40,78,29,1,22,35,12,43,39,83,27,87,93,63,47,7,85,70,16,48,44,33,95,56,26,13,4,37,18,96,51,15,91,53,30,23,84,55,89,80,32,64,76,0,88,77
11,75,25,5,86,50,24,21,70,8,49,38,1,90,26,57,31,36,78,99,60,58,46,81,42,34,0,68,33,69,61,65,23,53,94,87,85,52,40,4,59,20,79,54,73,3,92,14,17,98,96,62,72,74,71,19,29,6,22,35,12,43,97,9,27,66,76,63,47,7,16,39,83,48,44,10,95,56,28,13,41,37,18,93,51,15,91,67,30,82,84,55,89,80,32,64,45,2,88,77
11,63,72,5,71,50,48,21,70,39,83,4,1,90,75,57,31,2,78,89,99,85,46,81,41,34,0,44,33,69,61,65,23,79,68,8,98,52,62,26,59,86,53,42,73,3,92,14,17,80,12,77,76,74,60,19,88,96,22,35,16,43,94,9,27,66,20,36,47,7,38,51,82,29,40,10,95,91,28,13,54,37,18,87,56,15,97,67,30,58,84,55,25,24,32,64,45,49,6,93
59,63,66,82,2,80,48,21,70,39,12,4,50,90,86,88,55,22,78,31,99,46,47,77,85,34,79,44,33,69,24,65,23,83,68,7,40,98,62,26,60,57,81,42,89,3,8,14,17,75,58,5,76,74,61,19,32,96,52,15,16,43,94,9,27,41,20,36,53,30,38,51,10,84,11,92,95,91,28,13,54,37,18,1,56,87,97,67,72,6,0,73,25,35,71,64,45,49,29,93
5,63,66,36,2,80,48,27,70,39,90,4,50,59,86,88,55,62,78,31,89,76,47,40,85,24,12,46,33,69,30,65,15,75,68,10,67,98,14,26,60,34,81,61,57,3,77,52,79,72,83,53,45,74,58,19,32,96,22,41,16,43,94,9,99,93,20,64,21,44,38,51,23,84,28,92,95,91,73,17,54,37,56,1,13,87,97,25,42,6,82,8,11,35,71,7,18,49,29,0
5,63,66,36,26,55,78,90,62,39,69,4,65,80,71,98,97,59,10,31,89,76,91,40,85,72,73,46,33,88,81,2,15,13,14,48,67,16,32,17,1,96,21,61,57,68,77,52,79,54,83,53,20,74,75,19,30,50,22,41,94,43,8,9,99,93,27,64,45,44,38,51,23,84,28,92,37,47,58,49,95,86,56,34,70,87,24,25,42,6,82,12,11,35,3,7,18,60,29,0
11,63,66,35,25,55,78,90,44,33,69,4,6,58,23,98,64,59,10,31,89,82,21,40,85,97,73,46,76,88,53,2,15,13,14,48,71,42,95,17,1,72,32,61,26,68,39,16,81,74,5,54,20,27,43,30,45,50,83,41,94,77,8,9,84,93,52,36,67,0,38,51,96,24,28,92,37,75,62,49,65,86,56,34,70,87,99,57,79,91,80,12,22,19,3,7,18,60,29,47
11,52,66,26,83,86,78,90,44,33,69,88,6,58,23,98,47,59,10,31,89,82,21,40,2,54,73,9,76,8,53,12,34,56,14,48,42,62,95,17,35,72,57,61,50,68,39,64,81,74,16,49,20,85,43,36,45,91,75,41,94,77,65,79,84,15,5,4,67,0,38,51,96,29,28,92,97,1,13,19,71,93,3,18,70,27,99,22,30,25,80,46,87,55,63,7,24,60,37,32
42,52,66,55,83,86,87,58,44,33,69,22,6,75,94,64,74,79,10,31,95,2,21,40,51,23,89,67,76,8,59,12,26,56,14,48,34,88,47,98,35,63,57,91,50,32,39,92,27,11,78,17,20,85,7,36,45,65,62,41,16,77,5,49,84,15,30,4,46,0,38,82,96,29,28,43,97,1,13,61,71,93,3,18,70,81,99,19,54,25,80,53,73,9,90,72,24,60,37,68
42,28,66,14,49,95,47,44,4,27,69,18,6,59,94,64,55,79,77,31,33,2,21,41,82,52,75,67,76,8,78,10,50,56,91,48,7,88,23,98,35,63,57,90,85,58,22,92,20,11,72,26,81,24,74,36,45,97,62,51,16,65,5,40,84,15,30,83,46,0,38,39,96,29,34,32,60,1,13,61,71,93,3,53,70,86,99,19,54,25,80,37,73,9,12,17,87,43,89,68
42,28,57,82,44,95,47,74,13,69,89,41,6,66,94,64,9,79,77,62,33,2,21,11,49,52,75,10,96,30,78,35,14,56,43,19,7,88,23,98,18,68,59,90,85,58,22,45,67,93,72,26,81,4,53,36,76,92,71,51,16,65,5,40,84,29,97,83,8,55,38,39,12,31,63,32,60,1,20,24,61,50,3,27,70,86,99,73,54,25,80,37,34,91,0,17,87,48,46,15
42,28,57,5,44,50,47,74,67,69,84,83,41,27,19,2,95,79,77,62,52,9,98,11,65,46,75,10,96,22,32,35,14,56,85,70,7,88,23,45,18,31,59,90,26,58,60,53,93,68,72,1,81,4,21,36,78,92,71,51,89,82,49,38,76,29,97,64,8,55,30,39,12,94,73,33,40,87,20,91,61,16,3,43,63,86,99,66,54,24,80,37,34,13,0,17,6,48,25,15
42,28,57,5,90,50,47,74,39,88,87,83,89,51,19,49,95,79,54,62,84,9,98,44,65,53,75,10,14,22,32,52,71,56,77,0,7,21,23,45,48,92,59,68,26,17,60,69,27,76,72,96,81,4,30,36,78,46,1,31,11,18,97,58,93,29,13,15,8,55,63,41,12,94,2,33,40,85,20,91,61,16,38,43,64,82,99,66,35,24,80,37,34,3,73,70,6,67,86,25
61,28,57,5,9,50,47,74,42,88,87,59,23,51,19,49,95,79,54,10,89,7,98,30,65,82,18,86,14,22,85,52,11,97,77,0,3,21,31,45,48,25,13,4,26,24,60,69,27,71,96,93,81,44,66,36,78,46,34,90,17,75,43,58,53,62,16,15,8,55,63,41,12,94,2,33,40,91,92,73,6,76,38,32,64,83,99,29,35,72,80,37,84,20,1,70,68,39,67,56
23,65,57,5,64,50,42,74,60,88,87,59,78,44,67,73,95,38,80,10,89,26,98,30,49,82,18,92,14,86,85,52,1,68,77,0,3,19,31,9,48,25,33,61,79,36,51,69,27,71,96,43,66,24,54,37,29,46,34,90,20,75,7,21,53,62,16,15,8,55,63,97,12,13,2,28,40,91,94,32,6,76,81,99,93,83,11,58,35,72,17,45,84,41,70,22,4,39,47,56
23,41,57,8,64,50,36,89,49,3,87,59,78,95,73,6,85,38,80,10,66,39,98,30,22,82,65,18,14,86,70,60,1,68,47,43,2,44,31,48,63,32,33,61,79,99,51,69,27,45,96,74,52,25,54,37,29,46,34,90,20,75,7,21,76,62,16,15,94,42,58,97,12,13,5,28,88,91,26,77,81,71,40,72,93,83,11,24,35,84,17,55,53,19,0,92,4,67,9,56
23,39,57,8,64,50,36,89,32,3,87,59,81,95,31,6,85,38,80,17,68,11,98,46,67,82,61,18,4,21,86,60,1,58,47,43,2,44,20,93,63,55,33,62,79,78,94,51,27,19,49,74,34,25,0,37,14,70,30,28,96,75,7,65,15,56,16,72,48,73,69,97,12,13,5,76,88,91,26,10,41,71,40,66,42,83,99,24,35,84,90,77,53,52,22,92,54,29,9,45
23,63,22,8,64,59,36,60,32,3,42,82,87,95,58,38,85,99,81,76,68,11,47,44,67,71,17,6,69,21,86,31,33,35,15,43,2,41,29,93,39,55,45,80,79,78,94,10,27,19,49,74,34,25,0,37,14,50,24,18,96,89,4,65,30,56,16,72,48,73,51,1,12,13,61,62,88,91,57,26,5,97,40,66,75,83,53,46,28,84,90,77,7,52,20,92,54,98,9,70
73,15,56,8,64,63,36,89,93,3,6,82,87,33,58,38,85,99,81,76,68,11,0,43,67,71,7,60,91,21,69,96,94,35,32,41,28,46,29,51,39,2,45,80,79,78,47,10,27,19,49,74,16,25,44,31,54,37,24,77,22,95,4,65,30,59,50,5,48,18,1,34,12,70,61,88,42,98,57,26,17,97,40,66,75,83,53,72,9,84,90,86,14,52,20,92,55,23,13,62
48,85,56,45,78,71,73,89,62,3,6,82,87,33,35,21,36,99,97,76,68,32,0,43,67,57,7,60,54,52,64,96,94,88,69,41,28,27,63,51,39,2,58,37,20,81,1,10,17,19,49,74,8,80,44,14,61,47,91,77,22,30,4,65,29,59,55,5,11,18,70,34,12,86,93,15,42,98,79,26,40,50,16,66,75,83,53,72,9,84,90,38,31,95,24,92,25,23,13,46
48,85,26,0,78,71,98,89,62,3,6,73,87,30,9,43,36,99,45,76,22,32,18,27,33,57,7,63,17,50,39,42,41,60,69,20,28,34,77,51,96,21,58,37,13,91,1,94,67,19,49,74,8,80,44,14,61,40,54,81,68,79,4,52,29,59,55,5,92,2,70,35,82,86,97,15,31,88,75,64,65,47,16,66,12,83,53,72,10,84,90,38,56,95,24,93,25,23,11,46
9,85,99,1,10,71,98,89,33,3,6,73,34,30,78,43,19,13,45,76,39,95,18,27,15,54,0,63,17,67,97,72,41,60,69,20,36,87,70,23,96,26,64,86,46,91,80,94,21,57,22,62,8,48,44,14,61,40,50,81,68,79,4,74,29,59,55,5,92,2,7,35,66,49,51,90,24,88,75,37,65,47,16,82,42,83,53,58,12,84,56,38,28,32,31,93,25,52,11,77
45,74,99,64,10,71,4,56,33,3,16,73,34,13,92,6,19,76,21,62,1,32,18,68,15,5,72,63,93,2,97,86,41,60,69,54,36,87,27,23,96,84,30,78,46,91,80,26,70,57,29,67,8,48,44,14,61,40,50,81,20,79,39,75,85,52,55,53,95,17,7,94,66,49,51,90,24,88,22,37,98,47,31,82,42,83,28,58,12,43,25,38,9,65,89,0,35,59,11,77
66,49,99,64,10,95,4,37,13,3,16,73,54,72,92,18,19,56,21,42,1,57,62,34,65,5,22,76,93,61,50,86,82,60,69,68,36,87,27,51,96,23,30,2,46,91,80,78,38,6,81,67,8,48,83,39,63,40,84,31,20,89,9,70,85,52,55,53,71,44,7,94,33,29,32,90,24,88,75,17,98,47,14,26,15,97,28,58,12,43,25,79,74,41,45,0,35,59,11,77
32,49,83,12,96,95,4,17,1,3,58,73,67,72,6,18,50,56,19,42,28,57,62,34,82,59,22,76,0,13,38,89,64,45,69,68,61,66,16,51,37,20,30,2,40,91,80,78,5,27,97,88,8,99,36,39,63,21,84,31,23,65,9,70,85,52,55,53,11,44,7,94,33,29,81,48,24,93,75,60,92,47,14,26,90,87,86,15,98,43,25,79,74,41,54,10,35,46,71,77
19,49,27,12,96,95,36,26,1,33,58,7,67,72,38,18,50,77,40,88,20,57,62,34,82,28,22,86,30,13,43,2,64,45,69,68,61,66,16,51,4,17,6,46,3,60,80,78,85,52,97,15,8,99,59,39,63,21,5,31,23,65,9,70,76,24,55,42,11,14,29,32,56,94,81,48,73,93,87,44,92,47,91,83,90,84,74,71,98,53,0,79,89,75,54,10,35,41,25,37
19,49,27,12,96,13,74,31,1,33,50,28,44,77,69,75,58,95,40,66,20,57,62,88,0,68,67,86,30,34,43,2,38,89,26,25,47,94,16,64,4,17,6,59,42,60,80,78,85,45,87,15,8,51,99,39,63,21,5,72,23,65,55,22,76,3,14,18,11,9,29,32,56,24,81,53,73,93,90,70,92,46,91,83,7,84,82,71,97,52,48,79,36,61,54,10,35,41,98,37
19,49,18,12,96,17,37,31,1,81,50,28,44,77,69,75,58,95,15,32,20,61,70,79,52,68,67,64,30,39,43,53,38,89,26,41,2,98,16,13,57,8,6,27,62,60,80,78,85,45,94,87,48,51,99,33,65,72,23,90,5,86,55,22,25,7,40,63,11,9,29,74,56,24,66,21,73,93,47,0,36,46,91,83,4,84,82,71,97,76,42,34,88,59,54,10,35,14,92,3
19,96,18,69,5,17,87,31,75,81,50,28,44,77,59,61,88,83,15,11,33,8,70,79,52,94,67,64,30,54,84,53,25,48,46,41,2,47,16,13,9,74,6,27,98,58,80,78,85,45,20,32,55,86,99,95,65,72,23,90,57,26,39,22,51,12,40,63,68,62,29,89,56,24,60,21,76,93,42,0,36,43,91,7,10,35,82,71,97,37,66,34,49,73,4,1,38,14,92,3
73,96,18,69,83,88,87,31,75,81,92,34,29,50,30,61,11,17,15,42,33,8,70,71,52,86,67,64,37,54,5,53,25,48,90,41,2,23,20,95,9,74,6,14,98,58,80,13,85,36,22,94,55,35,63,59,3,72,97,66,77,26,39,65,78,12,40,7,68,62,32,89,56,24,60,21,76,93,82,0,19,43,91,46,10,51,44,27,16,99,57,28,49,79,4,1,84,45,38,47
3,85,60,86,83,88,87,43,65,81,92,96,29,50,30,63,11,31,15,42,18,8,70,2,52,94,67,64,14,54,5,53,37,48,90,22,46,91,20,59,9,74,6,99,23,71,73,13,69,36,79,98,26,35,58,55,45,72,97,66,77,89,39,61,78,95,40,7,68,62,76,25,28,24,17,21,56,93,82,0,19,32,16,51,27,12,44,4,38,10,57,34,49,80,75,1,84,33,41,47
47,85,60,86,83,88,87,43,14,51,92,91,29,50,4,63,11,2,79,42,30,8,70,99,89,94,67,80,41,7,5,82,32,48,90,22,38,93,20,59,28,1,81,19,23,71,40,13,53,36,58,10,26,35,52,55,45,9,97,66,77,64,95,61,78,3,6,73,68,18,62,25,69,96,17,21,56,37,72,0,76,65,16,74,27,12,54,98,15,24,31,34,49,39,75,46,84,33,44,57
29,71,98,85,83,88,87,43,14,50,56,40,81,30,4,63,11,2,79,42,19,8,70,99,75,94,92,80,41,3,33,82,54,20,90,6,38,48,5,51,59,1,65,25,23,36,76,13,84,28,58,10,89,35,52,55,45,26,15,66,77,64,17,61,78,73,44,9,68,18,62,22,69,34,86,21,67,37,72,0,97,96,16,53,27,12,31,47,32,24,60,95,49,39,93,46,74,91,7,57
96,71,98,85,83,88,87,43,30,50,56,40,14,35,4,63,11,2,59,82,19,8,81,3,75,94,89,0,65,34,33,51,39,20,90,6,41,48,5,68,80,1,52,67,22,69,29,32,84,21,58,10,44,55,49,24,45,26,15,72,7,64,17,61,78,99,79,77,23,18,62,66,9,91,86,36,60,37,13,42,97,70,16,53,27,12,31,47,25,92,57,95,73,54,93,46,74,28,76,38
11,74,98,85,83,88,87,43,52,47,56,4,14,70,96,63,59,2,76,82,40,64,79,3,75,81,58,0,65,34,33,51,39,57,19,32,41,49,73,68,80,1,29,37,22,69,5,67,45,21,48,61,44,30,6,24,17,26,15,72,7,9,25,10,78,99,97,77,23,18,55,66,95,84,86,36,60,62,91,50,16,27,94,53,20,12,31,35,8,92,13,42,71,54,93,46,90,28,89,38
0,93,1,85,94,87,78,43,3,49,56,27,66,11,96,63,59,2,13,82,40,64,79,9,75,52,53,16,65,68,33,51,39,57,19,22,41,69,74,6,95,73,29,35,62,80,98,67,50,88,48,61,20,30,58,24,17,26,15,72,7,47,25,10,5,44,97,77,81,18,55,8,37,84,86,36,60,32,91,38,4,54,34,21,83,12,31,23,76,92,45,42,71,70,14,46,90,28,89,99
0,15,1,66,94,55,78,5,46,49,56,90,40,11,14,63,59,92,13,75,29,64,79,9,25,52,26,16,19,12,85,51,43,22,57,34,65,69,74,60,95,73,53,35,62,80,89,67,98,88,48,61,20,30,58,93,50,68,39,8,7,47,76,10,21,6,97,77,33,87,71,27,37,84,86,36,82,32,44,38,4,54,3,91,83,72,31,23,17,81,41,42,96,70,45,24,18,28,2,99
0,15,1,17,63,55,78,5,46,81,56,90,40,65,12,62,59,92,2,82,23,64,79,9,45,87,51,16,19,66,85,43,49,22,48,14,94,69,74,26,95,73,53,35,7,80,89,67,97,88,18,61,21,37,41,93,50,68,39,84,30,25,11,10,76,6,38,77,33,47,71,27,32,36,57,58,8,83,44,98,52,54,3,91,24,72,31,86,70,20,60,42,96,34,29,75,13,28,4,99
17,15,55,10,63,72,83,5,28,81,56,24,40,65,12,62,98,92,2,82,57,64,79,76,14,48,51,99,19,66,50,43,88,22,91,70,9,69,74,68,94,73,90,35,16,80,89,67,61,0,95,59,21,37,41,93,6,18,39,84,30,25,96,7,78,1,38,77,33,47,71,27,87,29,23,46,8,97,44,11,52,54,3,36,53,34,85,86,60,20,31,42,58,4,45,75,13,49,26,32
40,15,55,53,63,84,14,44,59,61,56,28,16,65,88,0,24,71,2,98,4,68,79,76,78,48,51,11,19,75,50,43,13,49,91,85,9,82,74,42,94,73,90,35,7,80,72,67,37,70,95,32,21,57,41,93,6,18,39,87,30,10,96,83,97,47,38,77,33,86,92,27,62,29,23,46,8,5,17,12,52,54,3,36,89,34,1,64,60,20,31,22,58,81,45,69,99,25,26,66
86,15,55,53,20,84,14,44,79,21,93,28,37,18,88,10,47,61,5,98,4,16,56,76,78,48,51,45,19,63,8,43,2,13,83,39,73,82,74,42,24,87,75,35,7,80,72,67,69,70,95,38,90,57,41,49,6,71,34,91,30,26,96,65,97,32,17,77,33,94,92,27,85,29,23,40,46,22,25,12,52,54,3,36,89,1,31,64,60,59,0,11,58,81,50,68,99,9,62,66
86,15,55,53,20,84,14,44,79,21,93,66,28,95,88,10,47,94,37,98,4,16,56,72,92,0,51,45,19,24,54,33,43,63,83,57,40,82,76,42,87,7,75,35,1,80,8,34,61,69,67,11,22,99,70,49,78,71,91,74,58,13,96,65,97,32,41,77,6,90,30,27,85,29,23,18,38,73,2,64,52,46,3,36,89,25,31,39,60,59,17,26,5,81,50,68,12,9,62,48
86,72,55,35,20,84,14,44,16,78,73,40,64,21,88,10,47,27,28,98,4,51,94,46,9,24,33,45,57,53,54,11,43,99,83,15,92,82,76,42,85,66,75,63,1,80,87,7,61,96,67,56,41,5,70,49,17,71,91,74,23,34,79,65,97,25,32,77,6,90,30,48,8,29,37,18,38,36,2,69,52,93,3,19,89,22,31,0,60,59,95,26,58,81,50,68,12,39,62,13
48,72,55,35,20,82,10,44,16,50,19,40,85,21,63,87,47,52,28,98,4,84,94,64,71,24,33,74,57,53,78,11,43,99,70,15,92,9,2,42,51,8,75,66,96,80,41,7,61,83,67,68,13,14,31,49,76,86,91,26,23,34,79,65,69,25,32,77,6,17,30,73,93,29,62,56,38,36,60,37,54,46,3,5,45,22,97,27,89,59,95,90,58,81,0,88,12,39,1,18
71,72,3,76,64,82,10,44,26,50,33,40,62,21,48,87,47,27,28,98,4,84,94,96,59,24,53,74,35,16,78,91,88,99,70,7,75,9,1,18,51,8,57,66,0,89,41,77,61,85,67,55,13,14,31,49,43,19,6,2,23,45,36,65,69,25,32,92,52,22,30,73,93,29,15,56,86,11,60,37,54,46,80,5,97,68,38,63,12,17,95,90,58,81,83,42,34,39,20,79
46,72,3,16,76,11,61,85,26,50,33,40,53,25,48,87,37,27,28,51,4,55,0,96,59,24,71,64,35,89,62,91,88,99,70,7,94,9,57,42,58,10,1,17,84,78,41,77,8,56,67,66,75,14,31,49,36,19,6,2,23,45,34,65,86,97,32,92,52,74,18,73,44,21,15,69,47,29,60,95,54,13,80,5,22,83,38,63,12,30,98,90,82,81,93,68,43,39,20,79
46,72,3,55,74,11,31,85,26,50,33,49,53,37,48,87,23,16,73,51,58,99,0,82,4,24,71,94,35,89,25,91,88,41,70,30,63,9,57,42,27,59,1,40,84,78,65,6,66,56,61,2,75,54,19,10,98,77,14,8,7,45,34,36,86,97,32,92,76,67,95,93,64,21,15,69,47,17,18,28,20,13,80,5,22,62,38,96,12,52,60,90,29,81,83,68,43,39,44,79
21,72,3,75,74,91,55,85,83,27,33,1,53,19,48,97,23,16,34,51,58,99,62,82,4,96,14,46,35,93,13,10,11,43,70,30,28,22,57,42,52,59,25,40,84,78,31,61,66,56,87,2,95,54,0,73,98,77,76,8,7,63,17,36,86,41,32,92,50,67,37,9,64,60,5,45,47,15,18,69,20,6,80,71,88,89,38,65,12,26,49,90,29,81,94,68,24,39,44,79
42,26,35,63,74,91,32,85,83,27,34,15,23,1,12,53,37,16,80,51,58,99,17,82,4,60,14,46,43,93,13,77,19,90,70,92,28,22,72,56,52,59,25,40,84,81,31,61,24,96,87,2,33,54,0,73,98,57,76,68,7,10,38,36,9,41,86,65,8,67,71,50,64,66,5,45,47,75,18,62,20,6,55,69,88,89,3,78,11,48,49,95,29,97,21,94,30,39,44,79
47,26,4,61,74,91,32,85,14,9,34,15,72,42,12,53,93,16,29,49,86,1,17,54,39,60,89,6,63,35,13,2,19,90,46,92,68,25,43,56,52,59,48,66,84,81,28,96,24,76,87,40,33,51,73,69,98,57,75,58,7,10,38,83,70,41,80,65,8,67,71,50,64,18,5,45,0,99,82,62,20,55,22,44,88,31,3,78,11,27,36,95,77,97,21,94,30,37,23,79
15,84,4,61,74,91,66,78,14,57,34,98,75,1,12,53,93,70,29,96,86,26,17,97,39,2,25,44,38,35,76,89,82,90,46,92,68,47,43,56,52,59,9,31,21,81,28,83,24,99,87,40,60,58,73,69,45,33,95,18,7,85,80,72,19,41,16,65,8,67,63,50,64,13,51,49,0,48,20,62,94,55,22,54,88,10,3,5,11,27,36,71,77,6,32,42,30,37,23,79
15,44,84,92,45,34,66,78,14,23,43,21,56,26,12,53,93,70,28,62,86,80,17,97,39,2,88,71,38,35,96,89,82,7,4,65,30,11,9,8,52,90,58,31,0,91,1,63,24,99,87,40,46,61,73,29,3,33,95,18,74,85,69,72,19,41,16,55,49,81,59,50,64,13,51,67,60,48,20,68,94,42,22,54,57,10,75,5,98,27,36,47,77,6,32,83,25,37,76,79
15,85,43,63,45,13,66,78,14,23,92,21,56,77,99,98,93,67,79,62,68,80,19,51,39,75,88,71,44,37,84,89,82,48,4,65,42,11,9,53,41,90,58,31,0,81,1,73,24,47,2,86,46,61,8,29,3,33,95,18,34,91,69,72,25,40,16,55,49,96,59,50,74,30,26,28,60,64,20,36,94,97,87,54,57,17,35,70,10,27,5,7,22,6,32,83,38,12,76,52
86,14,78,63,45,13,66,26,64,23,92,21,53,77,60,19,93,85,79,62,31,29,56,51,74,28,88,71,75,37,39,15,42,80,4,65,25,11,49,54,41,90,58,89,0,83,1,84,24,47,2,9,46,61,8,67,3,33,16,95,36,5,18,48,81,40,69,55,59,96,34,72,32,30,98,91,82,68,20,73,94,44,87,43,57,17,35,70,10,27,50,7,22,6,97,76,38,12,99,52
26,14,78,72,45,65,66,82,64,23,8,74,20,63,60,19,83,85,79,62,86,29,56,51,80,69,38,71,44,37,42,15,9,98,93,92,58,11,49,54,41,90,3,76,0,18,1,84,24,47,46,10,88,61,2,67,53,33,16,95,36,25,5,89,81,40,75,55,31,91,77,96,32,30,34,52,28,68,48,73,21,4,87,70,57,17,35,99,43,27,50,7,22,6,94,13,59,12,39,97
87,29,26,72,45,64,66,74,89,23,90,9,20,99,60,4,83,51,31,62,86,59,56,46,80,69,38,71,5,28,42,49,35,98,93,92,58,78,52,33,41,85,3,8,68,18,1,84,24,47,11,10,88,82,2,67,34,54,53,95,36,25,81,40,73,16,75,55,63,91,77,96,76,30,61,0,14,50,15,48,37,79,27,32,57,17,70,65,43,19,44,7,22,6,94,13,21,12,39,97
87,20,26,72,64,58,66,74,89,23,90,59,10,19,9,4,68,86,31,62,49,25,56,96,63,92,52,71,5,2,42,6,80,51,93,48,78,14,98,38,41,85,65,8,91,35,1,84,82,47,44,29,88,32,3,67,34,17,53,60,36,13,54,83,73,16,75,55,99,18,77,15,76,30,61,0,69,50,46,95,37,79,27,11,57,24,70,40,43,28,81,7,22,33,94,45,21,12,39,97
87,20,38,72,64,47,66,54,89,23,90,59,10,82,34,4,27,86,21,62,49,92,56,65,63,57,26,71,5,76,94,6,48,69,93,19,78,14,98,88,41,58,31,8,91,43,1,68,60,52,44,29,79,53,3,67,12,17,84,70,36,85,96,81,73,39,75,55,99,18,77,35,11,30,61,0,51,50,46,13,37,97,83,32,25,24,45,40,2,28,15,74,22,33,42,95,7,9,80,16
32,87,86,72,64,47,49,54,89,23,24,59,69,9,67,4,68,10,22,62,55,61,21,65,60,57,26,71,44,76,94,90,78,56,25,19,17,14,98,88,41,43,31,40,91,82,1,8,77,52,34,27,79,53,3,48,6,20,84,36,46,28,96,81,73,39,75,85,99,18,37,35,11,74,92,0,58,50,51,13,5,97,83,70,29,63,66,30,2,12,15,38,93,33,42,95,7,45,80,16
32,75,86,72,92,47,49,2,11,87,24,8,69,9,67,16,68,12,22,62,77,61,21,65,60,57,26,33,90,91,94,55,78,37,53,44,17,14,64,10,41,18,95,40,31,59,25,70,82,52,34,27,79,71,3,48,6,20,84,98,46,39,74,38,73,83,96,85,99,93,23,81,28,58,89,0,35,50,1,13,5,97,88,54,29,63,66,30,51,4,15,56,76,42,19,36,7,45,80,43
32,40,86,72,92,22,77,2,11,73,24,8,69,9,67,58,68,12,66,62,6,61,47,65,10,41,94,75,51,1,19,80,93,37,29,44,53,14,64,48,17,18,95,26,96,59,25,70,20,52,76,27,79,71,3,81,78,34,84,98,46,39,74,38,87,13,57,33,60,16,23,55,54,63,35,0,82,50,99,21,5,97,88,28,91,15,31,30,83,4,49,56,90,42,89,36,7,45,85,43
32,6,46,72,31,30,77,20,11,73,15,2,69,9,67,58,68,54,66,23,44,61,47,65,64,41,94,70,51,48,19,74,93,37,75,80,53,8,10,60,17,18,34,26,96,76,25,39,92,52,71,12,27,56,3,83,78,79,84,98,95,81,90,38,59,13,57,33,82,62,7,55,16,40,35,5,24,50,99,21,91,97,88,28,87,86,89,0,22,4,49,29,63,42,1,36,14,45,85,43
34,6,46,8,10,30,77,20,27,73,15,2,94,9,67,25,68,26,19,35,42,61,99,65,64,41,69,82,51,48,37,17,16,89,75,80,53,5,74,11,40,3,23,88,47,76,87,39,92,52,71,12,36,56,31,93,98,79,84,49,95,81,90,38,59,13,57,33,78,62,7,55,96,54,70,83,24,32,0,21,60,97,86,28,66,4,91,72,22,14,29,58,63,50,1,44,18,45,85,43
34,6,46,72,10,30,77,20,42,31,15,19,94,9,67,43,56,26,74,35,86,61,99,65,3,41,92,47,81,48,37,17,29,60,75,80,53,25,54,11,40,78,64,0,18,76,87,39,90,22,2,12,32,27,98,93,50,79,66,49,95,5,45,38,59,13,57,23,8,62,7,55,96,73,70,83,24,33,52,21,82,68,28,69,51,88,91,97,85,14,89,58,4,16,1,44,63,71,84,36
46,6,90,72,84,0,32,76,42,20,81,64,31,9,67,7,56,26,54,75,86,52,99,65,3,41,92,47,80,19,37,25,29,60,85,77,53,34,97,11,40,10,45,39,18,78,58,61,94,49,2,43,74,15,59,17,50,79,66,16,95,5,35,87,14,13,57,23,8,62,98,55,96,73,70,83,33,22,24,27,82,68,28,69,51,88,91,30,1,48,89,12,4,21,93,44,63,71,38,36
46,6,2,13,52,0,82,76,18,37,92,3,31,84,67,7,56,93,54,75,9,50,90,65,51,95,58,47,91,19,81,86,29,60,85,59,53,34,97,11,8,69,23,39,42,78,72,61,94,49,16,55,74,77,25,17,64,79,21,4,10,5,63,87,14,20,28,32,99,62,98,57,96,36,70,83,33,22,24,27,80,68,66,41,40,88,15,30,1,48,89,12,73,43,26,44,35,71,38,45
46,6,79,64,52,41,82,93,18,92,87,63,31,84,67,3,56,95,54,75,90,50,24,65,51,5,45,47,91,19,80,59,29,27,49,28,2,34,12,11,8,69,23,39,72,78,13,61,94,10,53,55,74,77,25,35,88,30,81,20,60,21,99,48,14,86,7,32,89,62,98,57,96,36,70,83,33,22,76,15,4,9,66,58,40,26,0,16,1,42,85,68,73,43,97,44,17,71,38,37
46,6,81,64,52,41,54,93,18,92,12,40,31,84,59,3,56,83,96,75,90,50,85,88,70,87,5,38,91,98,80,19,29,27,49,72,2,34,15,11,8,69,7,39,45,86,13,61,94,10,53,35,74,77,62,14,4,30,63,20,55,21,99,26,47,97,44,65,60,95,67,57,23,36,82,79,33,48,32,24,73,9,66,58,51,16,0,78,1,42,89,68,22,28,76,43,17,71,25,37
7,6,34,64,26,41,4,93,18,27,12,40,73,84,59,76,2,97,54,53,90,50,69,99,83,20,5,30,91,98,80,19,29,56,49,88,79,25,15,11,17,52,46,39,45,86,13,38,94,10,14,35,74,87,81,22,61,28,63,82,55,96,8,85,47,31,44,92,60,77,67,57,23,36,33,51,62,48,32,24,75,9,66,58,78,65,0,3,1,42,72,68,16,70,21,43,89,71,95,37
13,6,34,18,45,60,4,93,80,69,12,40,73,84,59,68,15,97,54,53,74,50,70,77,83,20,5,30,36,58,57,19,9,56,38,88,29,25,44,11,17,52,46,39,26,90,8,63,67,86,82,35,64,87,81,22,61,28,7,33,16,96,94,85,47,31,37,71,76,41,79,23,49,32,55,51,62,48,92,24,75,72,66,98,78,65,0,91,1,2,42,14,99,3,21,43,89,27,95,10
13,6,11,18,62,60,27,89,79,69,12,72,56,64,59,4,90,30,50,53,16,40,7,32,83,20,78,14,36,8,92,19,57,33,38,88,29,25,44,37,17,52,46,39,26,34,77,31,67,86,82,9,63,93,81,22,61,28,15,23,58,96,94,97,84,45,5,71,76,41,47,1,49,73,54,51,87,48,74,24,75,80,66,55,65,85,0,91,68,2,42,70,99,3,21,43,98,35,95,10
13,6,22,18,72,11,85,95,89,69,66,79,53,35,86,4,32,30,49,41,16,40,83,24,62,20,78,15,36,84,51,19,7,45,38,88,29,57,44,37,17,52,46,96,26,34,77,31,67,92,97,9,63,93,81,74,2,28,64,73,58,61,94,65,5,39,90,71,76,54,47,1,87,60,56,68,82,48,59,50,75,80,25,55,12,8,0,91,27,23,42,70,99,3,21,43,98,33,14,10
83,6,22,18,87,63,85,97,89,68,66,36,24,35,86,4,70,33,49,41,16,78,95,12,62,48,59,15,20,94,64,19,72,45,38,88,29,57,44,37,17,82,32,96,84,1,77,46,60,92,93,9,79,7,21,74,2,3,25,75,28,34,51,65,5,39,90,30,76,54,47,53,26,61,56,58,11,73,71,50,14,80,67,55,52,8,0,91,27,23,42,13,99,40,69,43,98,81,31,10
83,6,22,41,31,63,87,97,89,29,66,40,60,35,23,4,70,13,49,99,71,43,18,12,62,48,46,85,27,94,37,56,72,45,38,88,55,57,20,58,17,82,32,96,86,1,77,91,64,92,81,9,79,7,33,74,2,3,75,26,24,34,51,65,50,69,90,30,8,54,47,53,5,11,78,19,61,73,36,21,14,80,67,44,52,28,0,93,84,39,42,15,25,59,95,68,98,76,16,10
83,6,22,71,33,63,87,97,64,29,66,37,69,60,23,81,40,42,45,99,89,25,18,12,62,48,90,85,27,94,72,2,15,84,38,77,47,57,20,58,43,11,32,92,54,61,79,91,51,96,50,9,35,7,46,74,13,3,75,26,1,34,86,65,17,88,4,30,8,70,49,52,5,31,78,24,53,73,36,21,14,19,67,44,41,28,55,93,98,39,56,0,82,59,95,68,80,76,16,10
79,22,10,71,33,42,27,46,64,93,34,37,96,60,21,81,17,51,74,99,15,66,18,12,31,5,90,23,25,94,72,2,91,84,38,77,47,57,20,26,45,11,32,92,54,61,43,30,69,36,50,9,55,87,48,35,13,3,75,40,1,78,28,65,4,88,7,63,8,70,49,52,97,62,53,24,0,73,85,6,14,19,67,44,41,29,58,86,98,39,56,80,16,59,95,68,89,76,83,82
95,22,25,26,33,9,99,46,64,86,32,4,96,31,21,81,17,51,6,27,58,66,18,91,10,5,61,23,60,94,72,39,82,56,34,90,47,15,84,24,37,11,3,92,54,79,43,71,69,36,50,20,55,8,48,35,13,93,75,40,1,78,19,41,12,88,7,63,80,67,30,52,97,62,53,70,0,73,85,49,14,57,45,44,42,29,28,65,98,77,2,38,16,59,74,68,89,76,87,83
15,22,25,26,33,9,50,70,39,97,32,84,87,31,82,80,21,51,6,78,58,94,18,91,10,5,4,38,23,98,72,52,11,56,65,90,47,44,55,24,46,99,61,92,86,79,66,71,81,36,43,20,1,77,48,35,13,93,75,40,8,69,19,41,12,17,7,68,45,67,30,37,27,62,53,95,63,73,85,54,14,57,64,0,88,29,28,96,60,49,2,3,16,59,74,76,89,42,34,83
15,90,25,68,33,9,14,26,79,5,32,84,87,65,59,4,61,38,39,78,58,94,24,91,96,63,31,46,23,98,8,52,97,56,82,51,22,44,18,10,20,2,69,92,86,50,66,13,81,36,16,72,0,77,48,35,11,93,75,40,80,6,19,41,12,1,7,70,99,67,30,37,27,62,53,95,3,73,85,54,83,57,64,21,88,74,28,45,60,49,89,55,47,43,29,76,17,42,34,71
15,90,25,38,33,9,88,16,61,32,49,84,56,65,59,4,53,35,39,78,43,94,95,91,83,63,31,14,23,12,8,52,64,1,3,51,11,68,18,10,20,24,69,92,80,44,42,13,81,36,40,72,0,66,48,19,45,87,75,58,50,86,82,41,26,98,97,70,34,77,30,37,27,62,55,96,46,73,85,7,67,57,2,21,22,74,28,79,60,54,89,5,47,6,29,76,17,93,99,71
16,90,3,99,26,9,66,23,61,32,21,20,56,65,51,74,81,17,39,78,43,94,95,11,49,63,31,14,77,8,57,41,64,71,59,1,52,80,75,10,89,88,69,92,24,91,42,54,83,36,40,72,0,33,4,19,53,87,60,58,50,25,82,93,96,98,86,70,34,45,30,37,27,62,55,18,46,73,85,7,67,44,2,35,22,13,28,79,12,97,48,5,47,6,29,76,38,15,84,68
16,90,3,99,26,9,36,25,61,33,21,4,80,65,51,74,52,17,91,78,31,0,11,29,49,5,22,63,77,95,7,41,64,10,37,1,72,98,75,14,89,97,55,69,81,39,42,54,66,59,40,56,58,87,71,19,53,94,60,43,48,88,82,93,46,83,86,70,34,45,30,32,27,62,13,18,50,73,85,8,67,38,2,35,20,44,28,79,12,24,23,92,47,6,96,76,57,15,84,68
16,90,3,99,26,9,49,25,17,69,21,4,40,65,51,74,52,32,33,61,31,96,11,29,30,78,22,63,77,7,58,54,64,10,37,1,72,98,24,14,89,79,55,38,67,76,42,5,70,94,28,75,92,87,71,73,53,81,60,91,86,88,39,93,46,83,66,0,34,45,15,50,27,62,43,18,95,36,82,8,85,19,97,35,20,44,84,2,12,80,23,41,13,6,68,48,57,56,59,47
16,41,3,5,26,9,49,51,17,90,21,4,6,65,87,30,52,71,33,61,31,96,12,29,91,78,22,75,77,44,58,54,42,84,37,95,62,98,24,14,89,79,63,18,1,47,66,27,11,94,73,99,76,72,34,28,53,97,7,55,86,88,60,93,46,83,38,0,85,45,15,50,81,48,64,40,68,36,82,8,70,19,32,35,20,67,25,2,69,80,23,39,13,43,92,74,57,56,59,10
16,19,80,9,84,12,49,73,56,90,39,87,6,78,2,70,52,97,33,61,31,96,64,29,91,99,22,75,77,44,58,54,42,65,8,35,79,98,24,36,89,28,63,18,1,47,66,0,81,94,51,93,34,72,15,30,53,14,7,55,86,88,60,23,46,83,26,67,85,5,71,50,3,48,11,40,68,76,82,4,20,74,17,38,95,62,25,37,69,21,32,45,13,43,92,27,57,41,59,10
12,1,80,32,84,74,49,10,16,90,39,87,5,78,2,70,52,97,57,61,31,96,64,14,91,7,22,99,33,44,58,63,42,65,8,35,79,54,24,13,93,28,66,89,88,47,25,0,76,62,51,30,34,48,43,85,72,73,77,53,86,19,60,23,46,83,15,56,98,55,9,81,3,75,11,40,68,18,82,4,20,29,17,38,95,45,41,37,69,21,27,71,26,94,92,6,67,50,59,36
12,88,20,1,84,29,62,10,16,58,39,90,5,33,2,77,52,97,57,61,31,96,44,87,91,43,54,50,81,72,64,93,42,65,8,47,79,0,24,13,32,28,66,89,34,11,25,83,56,85,45,70,80,48,27,7,6,73,68,53,86,19,60,23,51,14,15,17,98,94,9,99,3,75,22,40,69,63,82,4,30,18,35,38,95,46,41,37,49,21,76,71,26,78,92,74,67,55,59,36
12,88,16,86,84,28,62,90,26,92,65,46,83,22,2,5,52,21,29,61,57,96,38,87,91,11,54,50,81,20,64,14,72,93,71,47,79,0,75,1,32,17,66,89,34,95,25,80,56,44,76,70,42,48,27,7,6,73,68,10,15,19,60,23,51,85,43,63,98,94,9,99,3,77,8,53,31,49,82,4,35,18,97,40,39,24,41,37,45,30,33,58,69,78,13,74,67,55,59,36
37,83,49,86,84,80,62,41,26,92,65,46,12,55,2,77,52,88,29,36,57,96,38,87,91,9,54,0,43,20,78,14,72,16,82,47,94,75,73,1,59,17,93,89,34,95,25,79,56,11,76,60,42,98,21,7,6,70,44,10,15,19,69,23,51,85,3,61,13,35,22,99,97,90,8,32,31,50,53,4,81,18,28,40,39,24,5,27,45,30,33,58,74,48,63,68,67,71,66,64
37,80,15,86,17,56,62,41,88,92,68,46,12,66,2,50,52,32,29,36,84,96,38,30,89,9,54,22,43,13,14,78,72,16,82,58,49,75,98,7,59,73,44,47,77,95,25,79,57,71,76,83,11,18,20,39,6,70,65,10,99,19,69,23,51,85,3,26,93,35,27,61,97,90,8,42,31,1,0,4,81,67,28,40,24,87,5,53,45,91,33,94,74,48,63,21,55,34,60,64
74,80,15,53,17,56,19,41,89,24,13,46,12,16,2,50,52,32,55,36,84,96,62,39,30,72,54,22,79,43,57,37,83,81,82,58,49,1,98,7,44,73,88,5,77,95,85,38,76,42,6,11,29,18,47,75,51,70,65,10,91,71,69,23,9,99,3,20,93,35,66,61,97,90,8,86,31,14,92,4,68,67,28,40,26,87,59,78,25,0,33,94,45,48,63,21,60,34,27,64
74,80,60,38,53,86,70,5,89,24,48,46,12,16,2,87,36,65,19,17,84,96,83,39,58,93,54,22,79,43,57,37,32,81,50,85,49,62,0,29,44,68,55,82,90,95,56,21,76,72,6,30,88,11,71,52,51,66,42,10,91,64,69,23,9,18,3,20,41,35,98,61,97,75,8,14,31,45,92,4,47,67,28,40,26,99,59,78,25,7,33,94,1,77,63,15,13,34,27,73
49,63,18,44,53,86,74,5,24,23,67,46,40,16,2,87,12,65,98,17,37,96,83,39,78,93,55,22,79,43,57,80,64,73,50,85,70,62,60,99,38,88,66,82,90,95,56,21,76,48,6,84,36,58,71,52,51,30,42,10,20,75,69,68,31,32,4,89,41,35,81,61,97,9,8,3,91,45,25,29,47,11,28,0,26,54,72,14,92,7,33,94,59,77,1,15,13,34,27,19
0,63,18,44,68,92,4,5,24,23,67,26,46,3,94,37,12,65,98,71,16,86,89,78,21,93,74,82,79,43,57,80,36,73,50,70,64,83,2,99,38,17,66,6,90,88,56,35,76,48,54,40,41,58,39,52,27,30,42,10,20,75,69,85,77,1,97,31,96,55,81,53,62,9,8,49,91,45,25,60,47,11,28,84,32,22,72,14,61,7,33,87,59,29,95,15,13,34,51,19
26,1,69,44,51,57,4,5,35,23,67,11,46,3,54,27,12,65,85,49,16,17,47,78,21,37,74,82,79,43,61,80,36,96,60,70,64,10,2,99,31,93,66,6,90,88,45,73,94,87,63,40,89,58,39,52,0,24,62,55,20,83,42,8,38,75,97,68,98,86,81,53,56,9,30,92,91,76,25,59,71,7,28,84,32,22,72,14,77,50,33,41,18,29,95,15,13,34,48,19
26,1,69,44,51,58,4,5,35,0,60,11,46,47,54,86,93,38,94,95,85,92,31,96,28,37,27,82,79,43,61,80,76,63,98,70,64,10,78,99,55,36,66,6,3,74,34,73,62,87,56,89,88,45,39,52,41,24,25,81,20,83,42,8,19,75,97,68,13,12,67,53,21,16,30,90,33,57,65,59,71,7,9,84,32,22,72,14,77,50,91,49,18,29,2,23,17,40,48,15
24,29,69,44,97,1,6,5,35,51,60,11,25,47,36,86,74,38,17,95,85,43,7,96,28,37,27,8,79,49,61,70,76,59,98,58,64,10,78,99,55,62,92,31,3,83,84,52,93,20,56,89,88,45,39,57,41,66,82,81,42,0,54,16,19,75,91,68,63,12,67,53,21,13,30,33,2,65,94,26,73,80,9,48,32,22,72,14,77,50,4,87,18,90,15,23,71,40,34,46
24,29,69,44,49,1,6,5,3,86,40,11,25,47,36,93,10,38,17,95,67,43,46,71,28,31,8,26,79,76,61,42,83,59,98,57,55,34,78,99,85,80,12,0,96,27,84,52,64,20,74,89,88,45,4,58,41,66,13,81,97,70,94,16,60,75,91,82,63,9,51,56,21,87,30,33,2,65,53,62,73,19,54,48,32,22,72,14,37,50,68,77,18,90,15,35,23,92,7,39
5,66,12,44,49,98,18,42,3,86,58,69,25,47,36,77,84,27,17,95,67,43,46,1,28,57,8,79,90,76,61,94,83,59,15,56,88,34,78,99,85,80,53,0,96,31,38,23,16,20,74,89,33,45,4,29,10,73,13,81,97,65,87,37,60,26,91,82,63,9,51,40,55,48,30,93,2,22,11,62,92,64,54,39,32,41,72,14,21,50,68,24,52,19,70,35,6,71,7,75
84,33,64,98,49,78,69,40,3,86,58,89,34,47,36,77,80,27,55,2,48,43,6,1,4,57,8,71,90,76,61,94,83,59,15,10,88,74,22,99,85,26,53,0,96,31,45,23,16,20,17,95,66,51,92,29,18,73,13,97,24,65,30,37,56,28,91,82,46,9,42,67,54,72,39,93,81,60,63,62,87,44,12,11,32,41,35,14,21,50,68,79,52,19,70,25,38,5,7,75
84,75,81,98,17,78,69,40,3,86,79,89,72,47,36,77,80,53,55,5,48,65,6,1,70,71,64,2,10,76,61,94,83,59,15,43,88,74,82,9,85,68,18,14,96,31,27,23,16,41,46,95,66,51,49,29,22,73,13,97,24,19,30,44,56,62,34,11,39,57,99,67,20,26,45,93,37,50,54,90,87,60,12,0,32,92,35,63,21,4,33,91,52,42,8,25,38,58,7,28
84,75,81,98,17,27,69,40,3,86,47,80,12,85,37,72,13,28,1,5,77,65,22,18,70,49,64,11,10,76,41,94,92,59,15,43,89,14,34,79,62,78,95,23,96,31,25,24,16,2,38,9,66,51,74,29,0,88,82,97,48,19,36,44,4,55,39,53,61,57,99,67,20,26,45,93,71,50,54,90,87,60,83,42,32,46,35,63,21,73,33,91,52,30,8,6,56,58,7,68
31,75,20,99,6,27,69,40,41,86,44,61,12,85,37,48,13,28,1,66,77,81,67,18,70,49,9,11,10,97,54,94,60,2,15,43,89,14,45,3,91,78,95,16,62,23,25,22,17,35,38,59,58,51,74,92,0,88,34,65,96,19,36,84,55,42,39,53,4,57,24,72,47,26,56,93,71,79,29,90,87,82,83,80,32,46,50,63,21,73,33,68,52,64,8,30,5,76,7,98
87,15,88,99,6,27,69,84,21,5,83,61,12,85,47,48,13,28,37,40,89,4,31,18,70,25,9,11,73,74,54,1,60,2,44,43,49,14,45,3,55,91,95,16,62,23,29,22,17,35,77,59,58,38,81,92,0,72,34,90,96,19,36,78,57,42,7,53,66,97,24,20,71,26,56,93,94,41,98,75,52,82,65,80,32,46,64,10,86,79,33,68,30,50,8,63,39,76,67,51
87,2,88,64,6,47,69,5,21,97,83,61,12,75,15,48,62,28,37,40,89,4,43,18,96,84,38,11,73,74,29,1,60,85,44,78,49,52,45,23,55,91,95,16,51,13,90,41,98,35,77,59,58,92,81,99,0,72,34,3,80,19,94,10,76,9,7,53,22,93,46,20,27,54,56,24,70,17,33,26,30,82,65,42,32,67,66,71,86,79,36,68,57,50,8,63,39,14,25,31
47,2,88,93,6,62,69,5,21,63,55,39,12,18,15,48,68,28,37,89,13,4,91,65,96,85,38,11,73,97,29,1,60,0,44,78,49,90,45,23,40,46,95,16,50,51,25,41,98,92,33,59,52,8,10,7,14,72,34,87,80,19,94,35,76,9,64,99,22,83,75,3,27,61,54,24,43,17,81,26,53,82,20,42,32,36,66,71,86,79,30,84,57,58,67,77,74,70,56,31
47,4,44,93,6,62,69,5,81,63,55,2,83,18,15,48,68,28,37,89,13,7,53,65,1,49,38,11,73,77,29,24,50,17,14,39,95,90,92,34,40,46,25,16,41,51,27,0,74,97,33,59,52,82,64,45,35,72,10,87,80,19,88,98,76,9,78,99,8,60,79,3,91,61,54,96,43,56,22,26,75,21,20,12,32,94,66,71,86,42,84,31,57,58,67,30,36,70,23,85
47,4,29,63,6,58,69,33,71,87,82,2,83,23,53,60,78,28,68,89,61,7,81,75,1,26,38,11,73,10,44,76,50,17,13,39,77,90,92,14,40,59,25,16,93,51,27,5,74,97,0,65,52,62,35,45,88,72,30,48,80,49,34,98,37,9,19,99,8,46,79,3,91,55,24,96,43,56,22,57,41,18,20,12,32,84,66,36,86,42,94,31,21,15,67,54,95,70,64,85
43,4,1,63,99,58,69,33,82,87,68,2,25,97,53,28,5,41,13,89,61,7,81,35,45,26,38,75,50,85,76,98,39,17,22,23,40,90,37,14,9,59,32,16,93,92,27,51,74,55,0,65,12,62,54,66,88,72,30,48,80,49,34,21,83,6,19,67,71,73,79,52,91,77,24,96,78,56,47,57,10,18,20,46,11,84,42,36,86,29,94,31,3,15,60,8,95,70,64,44
43,4,32,87,99,77,69,33,40,9,68,2,79,31,53,80,76,84,13,34,61,83,81,35,45,26,50,75,66,85,73,70,39,88,22,23,48,90,37,1,6,8,41,16,93,92,27,51,74,55,97,65,82,62,54,47,89,72,30,28,17,7,59,21,57,29,24,67,71,60,10,52,11,58,5,96,78,56,38,91,63,18,20,98,0,12,42,36,86,14,94,49,46,15,25,3,95,19,64,44
43,79,40,87,99,73,49,57,90,13,83,2,48,28,53,74,39,77,58,34,61,92,81,16,45,26,50,75,51,85,82,70,7,21,9,23,47,33,37,1,6,8,32,22,93,76,31,27,10,55,97,65,68,62,14,67,89,18,30,80,4,88,69,66,5,29,24,59,71,60,0,52,41,72,35,96,78,56,38,91,63,11,20,98,54,12,42,36,84,86,94,3,46,15,25,17,95,19,64,44
58,79,61,87,99,46,35,54,57,13,8,2,76,28,1,74,39,77,18,36,75,91,96,16,45,26,78,25,51,85,82,70,7,5,9,23,47,50,37,94,29,0,32,22,93,59,31,73,10,68,97,90,98,62,14,48,89,83,92,4,34,88,69,66,40,67,80,42,71,30,24,52,41,72,43,20,27,56,38,21,63,11,81,55,6,12,15,65,84,86,53,3,49,60,33,17,95,19,64,44
6,79,40,87,99,46,89,54,57,92,8,3,76,28,65,82,39,77,17,36,86,91,96,16,63,26,78,25,51,45,35,70,74,5,2,32,18,50,37,94,29,0,7,73,93,15,31,95,10,68,80,90,21,62,14,48,27,88,43,4,34,1,9,42,60,67,69,58,71,30,24,59,52,72,83,84,97,56,38,23,98,11,41,55,66,81,22,20,13,33,53,61,49,75,85,12,47,19,64,44
6,79,40,96,97,46,89,12,57,81,62,3,53,76,65,83,34,77,17,39,87,90,52,54,75,26,78,25,51,45,35,68,74,5,2,84,18,50,91,69,29,0,99,28,93,15,72,95,10,13,80,37,21,23,14,8,27,86,43,4,16,44,9,42,71,33,88,48,32,30,24,59,58,19,66,67,82,70,38,1,98,11,41,55,36,60,22,20,31,92,7,61,49,94,85,73,47,56,64,63
6,59,40,90,97,46,89,17,57,81,28,60,70,54,65,33,34,77,58,39,87,51,52,88,75,76,62,25,16,45,35,68,18,5,2,78,9,50,91,84,29,0,15,82,93,14,72,95,63,79,3,99,21,23,37,10,27,20,31,4,80,44,26,42,71,12,53,48,96,36,24,41,30,19,66,8,74,69,38,1,56,11,98,86,55,43,22,32,67,92,7,61,49,94,85,73,47,64,13,83
6,59,40,81,27,46,89,90,30,51,28,4,70,5,50,99,34,82,87,39,48,57,97,88,75,85,67,23,16,33,61,68,18,25,41,78,9,56,91,84,29,7,15,64,93,14,13,95,63,79,3,21,60,52,0,37,72,20,31,17,43,44,26,42,71,12,53,96,77,36,92,80,24,19,66,8,74,69,38,1,45,11,98,86,22,65,62,10,32,55,54,35,49,94,58,73,47,76,2,83
63,99,40,81,14,56,89,90,24,51,82,50,67,5,94,33,92,2,87,59,44,57,70,41,27,85,97,23,16,39,61,68,18,75,46,93,45,60,91,84,12,7,15,64,58,83,13,95,9,79,88,1,53,52,0,37,72,20,31,17,43,38,3,42,71,29,6,77,30,36,4,80,96,19,66,48,74,69,76,28,54,26,98,86,22,65,62,10,32,55,11,35,49,34,25,73,47,8,21,78
19,99,40,81,14,57,89,90,24,51,44,50,13,5,4,33,1,61,87,59,6,15,70,60,82,96,97,52,16,39,54,68,83,75,46,93,67,76,98,84,12,92,34,64,58,63,65,95,94,79,88,9,43,18,42,11,72,32,31,17,41,38,3,7,8,29,53,77,10,36,27,80,66,62,37,48,74,69,85,28,91,30,71,2,22,20,26,86,0,55,45,35,49,56,25,73,47,23,21,78
31,82,40,17,7,57,87,16,69,5,26,50,13,19,4,33,67,61,89,59,6,94,70,60,47,64,75,8,41,39,80,68,83,1,46,42,51,76,24,52,12,92,81,73,58,63,97,95,93,3,88,14,43,18,85,11,72,90,91,44,38,98,27,9,34,29,53,77,10,15,48,84,66,62,37,32,74,20,79,28,96,30,71,2,22,54,65,86,0,55,45,35,49,56,25,99,36,23,21,78
66,88,47,17,49,42,51,16,69,5,26,50,43,93,25,27,24,54,89,59,6,94,70,44,98,40,86,8,7,64,80,61,92,1,46,41,60,32,90,48,12,87,68,73,58,63,97,95,81,3,21,14,0,19,85,11,4,76,91,72,38,23,13,9,34,29,53,77,10,82,67,84,57,62,37,33,74,20,52,28,96,30,71,2,22,45,65,75,15,55,18,35,39,56,78,99,36,79,31,83
3,96,47,17,57,42,51,0,48,5,26,43,24,93,25,89,27,54,30,35,6,94,20,28,98,40,86,18,7,52,71,23,92,1,46,41,16,97,90,60,12,87,68,73,58,63,64,95,81,59,21,14,50,49,85,11,4,32,91,72,76,44,13,9,34,29,67,77,82,33,19,39,36,10,37,70,74,79,80,75,65,62,66,2,84,45,61,8,15,55,38,88,69,56,78,99,31,53,22,83
3,53,47,17,57,42,41,69,48,35,26,43,24,55,76,68,27,6,30,96,86,94,31,89,98,32,44,18,10,20,71,23,40,78,81,61,16,97,90,60,12,87,74,73,5,2,64,95,21,59,34,63,7,49,85,11,8,14,91,72,52,1,13,15,92,29,67,9,82,93,19,0,25,28,37,70,39,79,77,75,65,62,66,80,33,45,51,36,84,46,38,88,50,56,58,99,54,4,22,83
3,18,47,17,57,53,41,52,7,35,26,98,24,55,36,61,27,63,30,45,86,94,31,37,42,32,43,38,10,46,71,50,40,69,81,68,62,97,90,60,12,87,74,56,88,11,78,95,48,76,34,23,29,9,59,89,8,33,16,72,93,1,13,19,92,6,67,20,82,15,64,96,25,28,0,70,39,79,77,73,65,44,66,80,21,91,49,2,84,14,51,75,5,85,58,99,54,4,22,83
87,18,47,17,37,53,41,52,7,45,66,98,24,55,96,35,27,46,30,22,86,94,31,68,54,32,6,38,10,74,72,79,5,69,81,3,75,93,78,60,50,9,12,51,88,11,71,80,58,62,34,23,29,42,59,89,8,56,16,85,21,1,13,19,92,39,67,61,40,15,63,20,25,28,0,70,49,97,77,73,65,44,43,95,26,91,33,90,84,14,64,57,76,82,2,99,48,4,36,83
87,18,76,8,37,86,17,52,55,6,64,98,24,53,66,35,27,46,91,22,12,94,47,68,54,80,41,79,10,32,38,85,5,45,81,3,75,34,78,60,50,72,95,51,88,11,71,82,58,29,74,23,7,69,93,89,96,14,16,56,21,1,13,19,92,90,39,61,40,67,63,20,42,28,0,70,49,15,77,73,65,83,43,84,26,31,33,62,9,25,48,57,4,30,2,59,97,44,99,36
85,18,45,62,55,86,95,2,31,6,80,87,24,53,52,63,20,46,67,17,8,94,82,68,5,13,69,79,10,32,35,77,41,56,22,3,75,34,70,60,27,72,98,51,40,97,71,12,58,54,74,23,7,64,93,89,96,14,16,4,21,1,44,73,92,90,39,61,11,76,37,19,42,28,0,81,47,15,88,49,65,83,43,84,26,38,33,91,9,25,48,57,59,30,66,29,50,78,99,36
27,86,45,95,55,28,92,56,4,32,80,77,24,53,0,63,20,46,67,5,8,13,82,68,51,30,69,79,15,62,35,31,89,2,40,85,75,34,64,60,10,94,98,41,52,97,76,12,3,72,74,14,17,57,93,96,71,6,16,48,21,1,22,73,25,90,37,61,11,42,39,19,18,58,87,81,47,44,70,49,65,83,43,84,26,38,33,91,9,7,23,54,59,88,66,29,50,78,99,36
27,86,15,95,56,39,92,0,78,49,80,48,68,26,22,53,20,82,57,52,8,13,73,88,19,30,69,79,46,62,55,31,89,2,40,85,75,34,64,17,32,94,98,41,91,97,76,12,3,72,74,14,4,47,93,96,60,6,16,25,24,1,29,71,21,38,67,61,81,42,59,10,18,35,87,63,70,44,58,77,65,83,43,84,99,28,33,45,36,7,23,54,9,51,66,90,50,5,11,37
27,26,15,44,56,39,92,0,13,49,80,48,68,5,86,12,20,82,55,47,8,78,32,88,19,75,69,45,46,62,64,31,10,2,40,95,17,89,72,35,30,94,98,50,77,97,76,9,3,83,85,11,4,43,93,96,60,6,16,25,24,33,29,71,21,57,67,1,84,42,59,91,18,54,61,63,70,74,81,58,65,99,52,90,14,28,41,34,36,7,23,38,73,51,66,22,53,37,87,79
27,26,15,19,65,99,92,0,13,49,80,48,68,5,86,88,20,82,46,96,63,78,32,17,79,59,51,45,69,38,64,31,75,2,16,29,89,93,9,10,98,94,24,28,12,97,76,62,3,83,81,11,8,43,90,23,60,6,85,1,34,33,55,71,47,57,67,56,84,42,39,91,18,54,95,40,70,4,61,58,74,14,52,35,25,30,41,44,36,7,50,77,73,72,66,22,53,37,87,21
27,96,19,78,56,99,64,13,26,16,80,48,68,5,6,88,49,82,0,30,61,46,32,17,79,22,9,45,67,38,63,71,75,2,62,76,20,69,90,10,86,94,47,28,33,18,51,89,85,83,81,11,8,43,15,23,60,24,3,1,34,37,55,21,12,57,93,59,84,42,65,91,39,54,95,40,70,4,98,58,74,14,52,35,25,92,41,44,50,7,97,77,73,53,66,29,36,31,87,72
62,13,74,27,56,73,64,96,26,16,80,48,18,5,24,88,38,82,49,30,61,19,32,46,79,0,55,45,83,78,63,81,71,2,51,76,42,66,60,10,86,75,47,28,33,97,90,22,85,99,95,11,8,94,84,23,9,15,3,1,34,37,6,21,12,57,93,59,17,52,69,54,68,7,91,41,70,4,98,58,65,14,39,35,25,92,36,43,50,44,67,77,40,53,89,29,20,31,87,72
62,13,74,83,56,69,64,96,57,93,39,27,26,5,24,36,33,82,49,30,61,32,35,46,50,0,72,45,48,78,16,44,71,18,14,76,43,11,60,17,19,75,38,28,81,97,90,22,66,95,15,12,8,94,84,23,9,98,63,51,2,80,6,21,55,3,99,59,42,52,87,54,68,7,91,41,70,4,73,58,65,47,53,25,1,92,88,34,85,86,67,77,40,10,89,29,20,31,37,79
62,27,82,3,56,41,19,96,57,93,18,40,43,5,24,84,81,11,49,30,76,48,35,46,50,83,72,45,13,78,16,44,71,33,99,88,94,1,79,74,68,75,67,28,26,97,90,22,66,95,15,10,20,98,64,8,61,23,63,51,2,80,86,14,55,39,60,59,42,52,87,54,91,7,21,12,70,4,32,58,9,47,17,25,53,92,65,34,85,6,73,77,0,36,89,29,69,31,37,38
15,27,93,44,56,40,52,75,57,12,17,41,43,5,24,84,81,98,4,30,64,48,35,46,50,0,72,18,13,78,14,67,68,33,99,3,47,54,79,74,28,55,77,1,69,88,90,22,66,95,31,10,20,16,2,8,61,26,11,49,96,80,45,63,83,97,39,59,25,76,87,19,91,7,21,42,70,94,32,58,9,86,62,60,53,92,65,34,85,6,73,82,23,36,89,29,51,71,37,38
15,33,93,44,56,36,52,75,55,40,17,39,86,5,24,14,81,12,48,30,27,79,20,46,8,77,72,1,13,78,98,67,84,16,99,3,47,54,43,74,28,32,41,88,69,34,91,22,66,60,31,64,65,4,62,50,61,26,10,57,96,80,90,63,83,45,2,59,25,0,87,19,68,7,42,18,53,94,38,58,9,82,76,11,49,92,95,35,85,6,73,97,23,21,89,29,51,71,37,70
1,90,27,40,56,36,44,71,34,92,62,39,95,5,24,88,81,6,8,30,22,26,20,46,79,77,72,83,13,70,98,67,84,16,52,3,15,54,43,74,28,32,78,60,69,50,91,93,21,61,31,64,65,4,99,12,58,10,66,38,96,80,86,7,35,25,2,59,14,0,87,19,68,41,42,18,53,94,75,89,9,17,76,11,33,47,82,49,85,45,73,97,23,48,55,29,51,63,37,57
1,90,87,98,26,36,44,18,20,76,62,39,59,5,24,88,15,30,8,40,22,95,63,46,73,77,72,83,52,75,58,16,84,31,6,3,7,54,0,78,28,86,51,60,69,50,23,93,21,2,27,64,65,4,99,56,12,10,79,32,96,80,61,66,35,25,19,89,14,13,71,97,68,74,42,38,11,94,91,67,9,17,70,92,33,47,82,49,85,45,43,81,41,48,55,29,34,53,37,57
1,90,79,57,26,36,44,18,35,76,62,39,0,5,24,88,13,96,8,42,2,95,63,30,70,77,65,11,83,75,32,16,84,73,19,54,7,58,99,78,59,86,51,60,69,50,80,93,92,21,91,64,6,4,41,3,12,10,15,22,20,28,98,66,89,25,87,72,61,40,68,97,52,74,14,31,38,94,46,67,9,17,27,43,85,47,82,49,56,45,23,81,71,48,55,29,34,53,37,33
42,9,79,55,76,36,44,18,35,93,62,39,82,73,24,81,13,87,5,96,2,95,63,53,88,77,1,11,59,75,31,52,50,17,19,54,7,58,99,74,89,15,0,60,83,65,80,30,92,21,91,64,27,4,69,3,12,10,86,22,90,28,57,40,98,25,41,72,61,68,66,97,16,71,14,8,38,94,46,67,34,85,51,43,37,47,84,49,56,45,23,6,32,48,20,29,78,70,26,33
42,9,5,26,76,36,44,7,35,15,67,39,81,75,8,24,73,10,2,96,46,95,83,53,84,70,1,56,59,98,31,52,50,17,32,54,62,58,99,74,89,30,0,49,18,65,80,82,92,63,91,64,48,41,69,6,12,45,86,22,90,28,57,40,87,25,27,72,61,68,66,21,16,71,14,38,93,94,37,34,78,85,51,43,55,79,60,4,77,3,88,47,23,19,20,29,97,13,11,33
42,9,27,96,76,62,44,20,35,17,24,39,83,75,8,5,92,10,43,93,53,95,32,67,84,54,1,56,59,14,31,28,50,13,66,22,36,81,82,74,48,30,0,49,18,72,80,46,7,63,91,64,65,41,69,6,12,45,86,79,90,16,57,73,87,25,78,58,61,68,85,89,97,71,15,38,40,2,70,99,94,21,51,77,55,34,60,4,52,3,26,47,23,19,88,29,98,37,11,33
55,9,74,77,76,51,33,57,23,69,24,32,83,75,8,5,92,10,43,62,88,4,3,67,84,54,1,56,59,14,31,53,50,13,66,35,46,18,82,64,48,30,0,49,27,72,80,34,81,25,78,36,65,63,7,6,96,99,86,79,90,16,15,73,87,17,22,95,61,68,85,40,58,91,20,42,39,2,70,45,94,21,41,71,19,38,60,89,52,28,26,12,97,47,44,29,98,37,11,93
8,33,74,77,76,51,12,57,23,69,24,85,83,75,48,5,26,34,43,92,42,99,55,3,64,72,1,56,59,9,81,53,50,32,66,40,46,18,82,94,63,30,0,27,62,67,80,49,95,25,78,58,22,86,31,88,96,4,7,79,90,14,15,73,87,17,54,38,61,19,10,71,2,91,20,65,39,93,70,45,13,21,41,68,16,36,60,44,52,28,6,89,97,47,84,29,98,37,11,35
4,33,74,77,24,51,12,3,23,95,71,85,98,31,48,5,26,0,43,92,42,99,62,36,64,27,1,56,16,34,81,46,30,32,82,21,45,18,66,15,8,57,94,72,40,78,80,53,14,25,6,58,22,86,69,88,96,67,7,79,9,75,37,83,87,17,54,38,61,60,10,19,2,91,20,65,59,93,70,28,13,50,41,90,68,63,89,44,39,49,76,55,97,47,84,29,73,52,11,35
26,34,52,77,16,51,67,4,23,99,71,56,98,31,48,5,55,11,43,92,42,47,27,36,45,80,1,79,24,82,81,14,30,32,41,33,57,18,66,15,8,9,53,72,39,78,46,44,94,25,96,58,22,86,69,88,21,95,75,73,90,84,37,83,87,17,54,64,61,60,10,19,7,2,20,65,59,93,70,28,13,38,85,97,68,6,89,40,12,49,76,3,63,74,62,29,0,50,91,35
26,34,52,43,16,24,67,4,23,99,71,12,98,73,48,78,55,59,6,8,42,60,27,89,45,80,1,63,94,36,79,14,50,32,41,33,61,84,85,47,17,51,38,66,39,92,49,57,62,25,96,46,22,86,15,88,21,95,72,18,90,5,37,44,58,69,54,64,30,31,10,19,7,2,20,65,9,93,70,35,13,81,56,97,68,28,53,77,82,40,76,3,75,74,87,29,0,83,91,11
26,34,52,73,16,35,58,8,49,99,97,12,98,51,61,57,75,62,6,23,42,60,27,84,14,30,10,63,94,15,79,24,48,32,71,33,36,55,85,47,69,56,38,66,39,92,80,41,4,78,46,74,65,86,1,88,17,95,89,18,29,5,37,44,67,50,54,72,87,31,64,19,7,2,20,11,9,93,70,43,13,81,25,45,68,28,53,59,82,40,76,3,22,21,77,96,0,83,91,90
46,4,52,68,16,8,58,51,49,99,97,14,47,81,61,57,75,50,6,23,42,60,70,45,66,12,26,84,94,17,29,24,36,0,71,33,41,55,85,73,69,56,38,65,39,92,80,9,35,7,10,74,77,86,1,21,59,95,89,18,25,90,37,44,67,79,54,72,98,31,64,19,13,34,20,62,15,93,32,43,48,27,11,88,40,28,53,22,82,87,76,3,78,30,2,96,5,83,91,63
46,4,52,68,20,8,29,17,55,99,97,93,60,92,61,57,75,25,16,23,42,36,70,45,66,43,13,51,38,63,2,24,91,0,40,83,41,48,21,73,53,56,32,65,39,49,62,9,85,7,10,74,77,86,1,33,59,95,89,18,5,90,37,44,67,79,54,72,98,31,96,19,47,30,71,50,15,11,94,6,58,27,88,35,69,28,80,22,82,87,76,84,26,3,81,12,14,64,34,78
4,20,84,68,6,8,29,96,72,40,97,93,74,92,61,73,75,25,16,23,49,18,32,45,66,43,37,51,38,7,2,24,91,0,46,83,41,10,21,42,82,56,59,81,55,39,31,9,53,62,60,47,77,94,1,33,36,95,89,99,5,90,64,26,67,79,54,34,98,28,86,19,11,30,71,50,78,88,57,13,85,27,63,35,69,17,80,22,65,87,76,48,44,3,58,12,14,15,52,70
4,20,72,12,6,8,17,96,26,40,97,93,74,35,61,73,95,25,16,23,49,18,57,63,66,43,3,51,38,27,83,30,13,0,46,81,41,79,21,68,82,62,33,44,55,39,31,9,67,91,80,59,53,29,2,85,88,71,89,99,5,90,64,75,56,24,54,34,98,28,86,19,11,1,87,50,78,47,92,22,32,60,77,14,69,10,76,84,65,42,7,48,94,45,58,37,36,15,52,70
57,20,72,68,4,8,18,6,26,14,97,93,74,54,61,16,88,96,44,81,49,35,65,48,66,63,56,51,38,27,83,30,43,0,46,13,77,79,40,69,82,62,33,84,55,39,1,9,22,91,73,59,53,29,37,85,17,89,21,99,5,25,64,95,28,24,52,34,98,11,86,19,3,7,87,50,78,47,92,10,67,60,2,41,12,32,76,23,70,42,71,80,94,45,58,90,36,15,31,75
86,20,39,68,84,8,14,48,26,70,78,93,74,54,61,16,62,17,10,81,49,35,13,97,66,65,56,31,38,27,83,30,43,0,46,95,77,79,40,34,28,92,57,89,55,73,1,11,22,91,23,75,53,29,37,85,44,21,9,99,5,25,64,24,71,12,80,58,98,94,15,19,3,7,87,50,4,47,6,60,67,45,2,41,59,32,76,52,42,72,51,63,69,18,88,90,36,33,96,82
86,84,85,76,87,8,14,48,26,60,78,93,6,68,4,16,62,1,29,81,30,35,13,97,28,65,34,49,38,22,80,32,44,0,20,61,77,55,45,74,56,92,57,51,89,73,15,11,94,91,23,75,53,39,37,99,66,21,9,46,5,52,31,24,71,27,54,2,98,79,43,19,3,7,70,50,17,47,67,25,12,83,40,41,59,58,10,64,42,72,95,63,69,18,88,90,36,33,96,82
86,98,85,76,67,8,14,48,73,60,78,55,6,12,62,79,72,1,77,64,30,94,82,43,28,34,10,49,35,22,80,32,84,0,20,42,44,93,45,74,63,92,61,83,89,38,87,11,33,91,23,75,53,13,37,99,66,21,81,9,5,95,31,24,71,27,54,2,46,65,56,52,3,7,51,50,17,25,4,47,15,29,40,41,59,58,70,57,88,97,36,68,69,18,39,90,16,19,96,26
59,86,85,33,67,8,99,48,90,75,78,55,6,49,76,79,72,21,13,64,30,71,82,89,88,1,10,63,35,19,80,32,84,52,20,42,44,37,45,74,62,92,61,83,17,38,54,11,14,91,23,29,53,34,60,70,66,98,81,9,0,95,31,24,26,87,51,2,46,65,56,68,3,7,43,39,27,93,22,47,15,94,77,4,5,96,50,57,12,97,36,41,69,18,58,73,16,40,28,25
59,2,76,80,67,22,99,25,90,41,78,4,10,66,39,7,72,45,82,64,30,71,33,89,88,14,83,6,56,19,29,32,84,52,20,42,44,54,26,74,24,92,61,63,17,38,93,11,96,55,85,9,53,34,60,70,68,98,12,8,0,95,31,62,75,87,51,49,46,65,5,21,3,57,43,37,27,18,97,47,15,94,77,23,79,48,86,81,91,35,36,13,69,50,58,73,16,40,28,1
55,2,58,8,17,36,99,25,22,41,45,52,10,66,39,98,61,77,82,64,30,71,72,89,88,14,29,6,56,19,67,93,84,50,48,42,44,54,26,18,24,92,76,63,59,74,21,95,65,96,20,53,1,34,60,32,31,73,12,0,33,90,13,62,75,87,51,49,46,4,5,35,3,57,43,70,47,68,97,85,15,94,78,23,79,27,86,81,91,11,9,83,69,38,37,80,16,40,28,7
55,33,58,93,9,36,99,25,22,41,10,8,92,66,16,1,17,60,43,64,30,71,72,89,39,2,29,61,56,19,28,37,79,50,48,32,94,54,26,73,24,44,47,97,59,74,83,95,21,96,18,6,52,34,63,77,31,78,12,0,76,90,13,62,75,87,51,49,45,80,5,88,3,57,14,70,42,68,20,85,15,84,98,67,4,27,86,81,91,11,53,46,69,38,23,7,40,82,65,35
1,3,62,93,9,59,99,25,22,41,87,17,92,27,16,5,36,60,31,64,49,71,72,89,39,37,43,97,56,19,28,29,30,45,80,32,10,48,26,73,0,44,47,7,84,91,65,95,34,96,18,6,52,67,63,77,57,78,12,33,20,90,13,66,11,58,55,21,83,79,75,24,2,54,14,70,42,68,40,85,15,74,98,88,4,61,86,81,50,51,53,46,69,38,23,76,8,82,94,35
1,13,62,30,80,25,95,59,22,27,99,17,0,42,16,75,86,60,31,65,49,23,41,89,39,29,43,97,50,81,28,5,67,45,21,19,10,48,3,73,69,12,47,93,84,91,85,32,34,96,18,6,52,37,63,77,57,78,11,72,20,90,26,66,7,58,54,76,87,4,88,24,2,56,14,70,9,68,40,36,15,74,98,71,55,61,83,92,33,51,53,46,8,38,79,44,64,82,94,35
64,13,29,68,37,34,95,53,22,14,60,2,90,59,16,75,86,46,31,65,23,19,78,89,67,27,48,81,18,1,21,5,97,26,12,62,4,43,3,73,41,30,47,93,45,91,85,32,42,69,84,6,52,50,63,77,99,0,11,72,20,58,25,66,7,96,54,76,87,28,88,24,57,56,79,70,9,71,40,36,15,74,98,49,55,61,83,92,33,51,10,80,39,38,17,44,8,82,94,35
84,13,67,11,2,34,54,53,39,14,60,29,90,59,16,75,86,46,72,42,23,19,78,74,25,27,96,81,18,68,21,5,97,4,12,95,49,43,3,17,93,30,47,38,92,91,89,32,28,31,85,6,52,50,63,77,99,26,64,73,20,58,1,66,9,24,80,76,41,61,88,0,65,35,79,69,22,71,37,36,15,94,98,45,55,7,83,87,33,51,10,56,62,40,57,44,8,48,82,70
84,21,67,11,7,65,26,53,39,35,50,93,90,59,16,75,86,46,72,55,23,19,68,0,25,27,96,81,20,2,18,5,29,4,48,95,42,43,87,17,49,30,47,38,92,77,13,54,12,31,34,6,52,14,80,56,99,45,64,73,98,58,1,66,28,24,44,32,41,61,9,97,91,89,71,78,22,69,37,36,15,94,60,76,74,82,83,51,33,85,10,40,62,3,63,57,8,79,88,70
84,66,38,11,7,65,26,55,39,1,50,21,90,54,92,42,86,46,72,74,59,19,68,0,10,27,96,53,20,2,18,5,29,4,48,95,3,43,87,78,49,51,81,41,89,30,44,83,15,94,34,6,17,16,12,56,99,22,64,73,77,58,52,62,25,24,76,93,85,14,9,97,91,75,71,13,80,8,37,36,61,23,60,28,45,82,98,67,33,32,35,40,31,47,63,57,69,79,88,70
76,26,98,11,27,65,4,20,83,1,50,0,29,44,92,42,15,31,72,66,49,19,68,69,10,13,96,74,7,39,18,22,95,54,90,21,60,43,87,78,97,46,81,41,89,30,86,36,6,94,34,57,17,16,12,56,99,73,64,85,77,2,52,62,58,24,55,93,80,14,9,48,91,75,71,84,53,8,37,38,61,23,88,25,45,82,51,67,33,32,59,40,28,47,63,5,3,35,79,70
48,26,88,11,27,76,4,20,78,2,54,0,60,44,92,42,15,32,72,66,1,97,68,28,10,13,58,74,93,79,18,22,95,31,90,21,94,71,87,6,39,46,81,41,89,30,86,36,51,5,7,3,17,16,77,56,99,73,64,85,65,62,52,8,70,50,55,34,80,14,98,43,29,24,23,69,53,9,37,38,96,61,45,59,91,82,75,67,33,83,49,40,57,47,63,19,25,35,12,84
33,26,62,17,5,76,68,20,51,41,54,0,63,84,78,79,44,32,90,66,1,60,6,28,10,13,58,74,93,37,61,22,85,31,35,21,94,24,89,4,75,80,42,96,87,30,86,36,18,98,7,3,92,16,77,56,99,73,64,15,65,47,52,8,70,50,55,34,14,59,97,43,81,88,23,69,53,9,29,38,72,46,45,95,91,19,71,82,27,83,49,40,57,11,2,39,25,67,12,48
33,60,62,17,16,58,83,20,51,41,3,0,63,84,35,65,44,1,90,66,56,53,73,28,98,13,76,37,5,32,39,10,85,31,82,46,94,61,89,4,43,45,6,96,87,30,75,36,18,70,86,54,92,93,77,49,99,78,64,15,80,47,52,8,24,50,55,34,14,12,97,25,81,88,23,69,91,26,29,38,95,21,42,7,57,19,71,79,27,22,74,40,48,11,2,68,9,67,72,59
19,33,62,9,16,83,29,20,51,17,3,0,63,84,95,18,44,1,72,66,43,37,73,28,98,13,76,23,50,32,39,11,99,2,90,46,94,61,89,4,7,85,6,88,30,22,92,36,74,70,86,54,71,93,77,49,82,78,64,69,80,47,52,8,24,68,55,34,31,41,97,25,81,45,26,38,91,60,12,96,5,21,42,58,53,87,65,79,27,59,10,40,48,35,15,14,57,75,67,56
66,33,62,65,35,83,29,20,30,15,70,97,84,89,95,18,44,0,72,57,43,37,92,11,98,13,76,93,50,32,39,4,3,2,25,46,94,71,99,51,7,85,6,28,68,22,73,36,74,90,86,9,53,79,82,67,63,61,64,69,80,47,17,8,24,10,96,34,16,41,52,49,81,19,26,38,91,60,12,58,31,21,42,5,23,87,40,88,27,59,77,78,48,45,55,14,54,75,1,56
57,33,67,65,95,83,29,20,24,16,70,97,98,89,34,32,96,0,28,84,43,37,92,73,3,76,15,93,50,27,19,4,86,2,25,46,94,71,99,44,7,85,6,79,23,22,11,36,74,90,35,9,30,52,82,55,63,18,64,69,48,21,17,8,39,10,5,88,54,41,40,49,81,51,91,38,53,60,12,58,66,1,42,61,72,13,31,80,14,59,77,78,47,45,87,26,68,75,62,56
