0,1,2,3,4,5,6,7,8,9,10,11,12,13,14,15,16,17,18,19,20,21,22,23,24,25,26,27,28,29,30,31,32,33,34,35,36,37,38,39,40,41,42,43,44,45,46,47,48,49,50,51,52,53,54,55,56,57,58,59,60,61,62,63,64,65,66,67,68,69,70,71,72,73,74,75,76,77,78,79,80,81,82,83,84,85,86,87,88,89,90,91,92,93,94,95,96,97,98,99
0,31,2,68,83,34,65,11,8,9,81,20,42,13,14,84,16,24,18,85,70,21,22,23,49,25,26,47,28,50,30,53,4,1,19,35,36,32,38,39,12,41,89,43,44,91,46,59,48,29,7,51,92,90,54,55,40,57,58,63,60,56,62,5,64,67,66,37,86,17,10,71,72,73,74,75,76,77,78,79,80,94,82,61,95,27,3,87,88,6,33,96,15,93,69,52,45,97,98,99
0,31,2,24,91,72,32,11,34,9,81,20,42,13,14,55,84,92,18,15,70,89,22,67,85,73,26,41,25,50,33,59,4,53,75,35,36,48,38,39,43,90,3,30,44,47,88,12,28,29,8,51,99,83,87,82,1,86,57,63,60,19,62,5,64,65,66,37,16,17,10,71,21,49,74,40,76,77,78,79,80,94,61,68,95,27,58,23,56,6,7,96,46,93,69,52,45,97,98,54
68,66,64,24,91,23,32,11,34,9,81,63,42,39,59,47,84,13,18,15,20,89,48,67,41,73,26,7,25,50,33,72,80,53,75,35,36,0,31,6,43,90,3,78,99,79,88,16,28,29,17,51,4,40,87,57,1,86,22,8,77,21,62,5,96,65,85,70,19,2,10,30,83,49,74,58,76,60,97,14,56,94,61,82,95,27,12,71,44,55,92,38,46,93,69,52,45,37,98,54
68,66,64,24,23,60,32,73,34,36,83,48,42,39,31,47,84,13,18,15,20,89,96,50,41,45,26,7,25,51,0,72,80,75,77,67,5,53,62,86,43,90,44,78,99,79,88,70,28,29,81,35,4,40,87,57,30,10,1,8,46,21,58,3,6,65,61,76,19,92,22,9,52,49,74,95,85,11,97,14,17,59,33,82,2,56,12,71,63,55,37,38,91,93,69,27,94,16,98,54
68,74,31,24,66,41,32,73,34,46,45,48,42,62,16,47,84,13,3,59,20,36,96,50,18,98,75,7,5,51,0,10,77,25,93,67,83,53,2,12,26,4,28,78,55,97,88,70,90,29,81,35,15,40,87,57,30,39,44,8,89,1,58,61,6,64,9,43,19,92,22,60,94,49,80,95,85,11,76,14,17,23,33,82,21,56,65,71,63,72,37,38,91,86,69,79,27,99,52,54
68,3,31,24,37,92,32,73,34,46,25,95,42,62,58,47,30,41,33,89,20,36,76,88,11,56,75,7,99,51,9,10,77,86,93,67,66,53,4,78,91,70,28,18,55,97,84,83,90,29,81,35,15,40,87,57,23,39,44,8,26,1,48,61,6,64,22,79,19,13,98,60,94,50,5,43,0,2,12,45,17,85,96,82,14,74,65,71,21,72,38,63,80,49,69,16,27,59,52,54
68,67,96,24,37,23,40,93,34,65,12,83,42,62,44,47,30,77,74,3,95,36,76,88,14,56,11,70,99,89,58,45,13,86,72,92,66,53,4,90,46,25,28,18,51,97,41,75,16,29,81,35,15,20,87,9,78,39,10,8,26,48,63,61,6,64,22,79,19,94,98,60,73,50,5,59,91,2,55,33,17,85,84,82,57,27,1,71,21,31,38,32,80,49,69,0,7,43,52,54
34,67,98,7,37,23,93,29,87,65,12,83,42,62,44,47,19,11,40,3,1,36,76,64,14,56,81,70,13,89,30,45,60,86,72,74,78,17,4,77,46,27,28,18,35,97,41,71,68,58,95,61,21,20,63,9,24,94,10,96,26,75,16,39,6,15,22,51,38,90,8,84,73,50,5,59,91,2,55,33,48,85,54,82,57,25,99,88,79,31,66,32,80,49,69,0,92,53,52,43
57,67,78,63,37,34,93,29,87,65,12,44,42,62,96,47,22,20,85,3,70,36,76,24,14,83,81,99,13,26,64,45,60,19,15,18,71,28,7,77,30,94,89,41,35,97,46,11,68,58,95,6,21,1,66,9,4,75,59,88,16,23,40,39,27,10,56,51,38,90,8,84,73,50,5,98,91,2,55,74,48,25,61,82,33,49,17,72,79,31,54,32,80,86,69,0,92,53,52,43
57,22,69,63,96,34,93,30,55,38,12,44,25,62,9,37,10,90,85,3,70,36,18,74,7,83,81,99,28,26,64,45,60,19,15,65,82,71,49,58,48,94,77,41,95,47,46,1,68,5,13,6,21,88,66,40,4,75,20,17,16,23,67,39,27,87,56,51,78,76,92,84,73,50,24,31,91,2,14,29,11,97,61,54,33,59,98,72,79,42,8,32,80,86,89,35,0,53,52,43
79,22,69,63,55,43,93,46,81,68,12,70,25,62,78,37,94,38,85,3,9,36,18,49,33,83,57,99,28,7,64,45,54,0,15,1,44,71,29,40,48,6,77,41,39,47,52,84,20,26,13,65,56,88,58,87,4,30,74,17,82,23,67,24,27,32,60,51,14,76,92,16,73,50,10,31,91,2,5,96,11,97,61,34,75,59,98,72,89,42,8,90,80,86,95,35,21,53,19,66
79,18,6,99,55,43,93,28,59,97,12,70,81,62,78,37,94,38,85,86,9,36,44,60,33,83,57,1,14,67,64,45,54,53,15,7,74,71,29,40,48,58,77,26,39,47,52,84,95,20,76,23,56,88,32,87,4,22,90,51,68,41,17,24,27,13,73,69,89,98,92,49,5,50,35,31,91,30,46,96,16,3,63,34,75,65,61,72,0,42,8,25,80,82,2,10,21,11,19,66
79,23,6,99,69,78,12,88,59,97,74,44,81,62,89,66,94,33,85,86,34,36,98,63,42,83,60,50,14,67,64,45,91,53,15,7,95,24,29,40,8,58,77,26,56,3,52,57,43,20,76,38,19,48,32,93,4,22,1,51,28,41,17,47,27,84,73,80,87,13,92,49,5,37,70,31,82,71,46,96,16,9,39,18,30,65,61,72,0,68,35,25,55,54,2,10,21,75,11,90
79,56,6,99,74,44,78,2,5,97,64,19,51,62,89,66,94,81,53,86,34,57,98,63,42,91,60,50,14,25,87,45,40,95,15,7,73,24,29,36,8,37,77,26,31,28,41,4,43,20,76,49,75,83,32,52,11,22,1,12,67,70,17,47,27,23,84,61,69,13,92,88,59,93,90,3,82,71,46,72,96,9,39,18,30,65,80,58,0,68,35,38,55,54,85,10,21,16,33,48
1,82,6,50,74,95,56,2,27,54,64,19,87,91,89,66,75,81,53,86,34,49,70,63,7,96,60,30,47,25,42,98,40,32,15,45,58,24,29,21,18,37,77,44,31,28,41,4,43,20,76,39,48,83,12,22,11,10,14,84,79,13,17,78,51,97,36,61,69,94,92,88,59,93,90,3,57,62,46,72,99,9,26,52,73,65,80,5,0,68,67,38,55,8,85,71,23,16,33,35
1,14,6,10,74,95,51,2,58,54,64,53,65,91,89,66,75,81,19,50,99,67,70,63,3,96,52,30,59,25,37,23,68,43,15,45,72,24,32,71,18,36,77,44,31,28,41,4,86,56,76,39,47,27,12,22,11,87,55,34,29,79,17,83,62,97,92,61,69,94,40,88,82,93,42,84,60,98,46,90,20,9,26,85,73,7,80,5,0,21,38,49,57,8,48,13,78,16,33,35
1,14,6,26,74,95,13,7,44,2,60,52,65,17,91,66,75,81,19,50,99,67,70,63,82,4,93,16,59,25,37,64,89,10,15,45,24,33,32,28,18,36,77,41,31,39,71,29,86,56,85,96,47,27,30,58,5,48,55,68,87,79,72,83,62,80,92,61,69,53,40,88,90,22,42,84,20,98,46,97,3,9,23,51,94,38,43,76,0,21,12,49,57,8,11,34,78,73,54,35
1,52,40,57,74,11,60,7,44,2,77,99,85,27,91,66,31,80,19,50,14,78,82,63,79,4,93,16,59,25,95,64,89,26,15,45,24,75,32,3,70,36,33,30,42,39,71,29,69,94,6,96,17,67,28,58,5,48,55,20,87,86,72,83,62,68,92,73,8,53,49,88,90,22,0,84,37,98,46,13,65,9,23,51,81,38,43,76,47,12,35,41,97,18,10,34,61,56,54,21
1,52,40,57,74,11,60,95,25,50,34,99,3,67,91,2,27,80,19,26,14,78,82,63,79,72,75,4,76,29,31,70,51,93,15,45,10,16,32,98,66,37,33,83,42,39,71,44,64,94,6,96,17,23,28,89,54,85,55,20,18,86,24,77,84,68,92,69,8,38,49,88,90,22,0,36,81,53,46,13,65,9,5,7,58,62,59,47,43,12,35,41,97,30,48,87,61,56,73,21
16,52,40,57,74,19,60,80,43,86,34,95,98,25,91,2,27,14,18,26,61,38,82,9,79,58,67,4,76,29,6,70,51,93,15,45,23,78,32,92,83,7,33,50,8,39,71,44,64,94,85,96,68,59,17,54,37,49,55,20,11,47,24,77,84,1,72,69,12,28,10,88,90,22,0,36,81,53,5,63,65,99,89,41,42,62,75,56,31,66,35,3,97,30,48,87,13,46,73,21
8,95,40,57,74,86,60,80,43,6,34,90,98,25,91,9,1,93,5,26,39,62,82,22,79,58,67,4,76,15,52,70,45,29,78,28,48,11,18,99,83,7,33,92,23,2,17,65,66,94,85,32,68,59,30,71,37,49,55,20,64,47,24,77,84,27,21,69,12,75,10,88,36,16,0,96,38,53,19,63,87,72,89,41,51,42,44,56,31,54,35,3,97,81,14,50,13,46,73,61
40,95,97,23,74,86,60,80,43,17,34,21,19,25,91,50,51,27,5,26,11,98,52,61,79,71,8,4,76,15,88,70,45,29,59,69,48,92,90,99,83,7,93,75,37,2,67,65,66,94,82,32,1,0,30,96,6,49,87,20,64,47,24,77,84,10,3,81,12,22,63,54,36,16,55,18,38,53,62,13,35,72,89,41,9,42,44,56,31,33,28,68,78,85,14,58,57,46,73,39
82,95,97,59,74,86,92,80,78,2,68,42,19,43,24,50,13,21,5,75,29,98,52,61,20,96,8,16,88,15,60,70,45,46,14,69,48,76,51,90,83,67,93,35,37,26,27,79,66,94,25,32,1,0,30,4,6,49,87,9,64,47,99,22,84,10,53,34,12,81,63,23,91,7,55,18,38,11,62,3,89,72,77,17,71,41,44,56,31,33,28,36,40,85,65,58,57,54,73,39
79,82,97,59,36,86,42,80,54,2,68,75,19,0,40,50,13,21,5,92,29,98,95,57,94,76,17,16,88,15,78,70,61,46,3,69,48,9,51,90,83,67,93,35,12,26,27,62,63,24,81,32,1,52,30,4,72,49,87,58,64,31,25,22,85,74,53,34,6,91,60,23,38,7,55,18,14,11,84,10,89,56,77,47,71,41,44,43,99,66,28,45,33,73,20,8,37,96,65,39
57,82,97,59,36,86,42,80,54,2,48,75,17,6,40,88,39,0,5,92,29,51,95,14,63,76,26,16,81,15,21,9,77,20,3,7,19,70,99,90,83,67,22,35,12,33,27,62,61,24,79,69,1,93,30,4,72,49,87,55,64,47,53,68,85,74,25,34,31,91,32,23,38,43,46,18,45,78,84,10,89,50,52,28,13,41,44,66,56,58,98,11,71,73,60,8,94,96,65,37
55,82,14,59,77,27,22,80,2,8,48,21,25,23,40,88,39,0,26,92,29,51,95,98,63,79,62,16,69,15,75,9,20,46,6,49,47,70,3,30,83,67,19,35,12,11,89,54,61,24,17,96,1,93,50,4,72,28,87,41,64,7,53,42,85,74,57,34,31,99,32,52,91,43,38,36,45,78,81,10,18,76,33,68,13,84,44,66,56,58,86,97,71,73,60,5,94,90,65,37
63,75,34,59,77,27,22,80,2,39,16,21,25,23,40,88,12,0,26,70,89,37,92,98,7,86,62,90,29,15,45,69,55,46,6,66,47,20,3,30,64,91,19,35,17,50,67,54,61,24,4,96,1,93,14,33,72,28,99,41,65,9,32,42,81,74,57,84,31,87,8,52,11,53,38,82,56,78,36,10,18,76,68,43,13,95,44,5,48,58,79,97,71,73,60,51,94,85,49,83
93,75,9,78,77,38,22,80,2,39,16,21,25,79,40,88,12,61,94,74,13,37,50,90,7,70,62,59,29,15,27,51,85,98,45,66,47,20,3,30,23,1,19,17,92,96,64,54,83,36,4,26,55,43,34,33,72,86,99,41,73,65,32,42,81,24,35,0,31,87,91,52,11,53,56,82,46,84,14,10,18,76,68,8,63,95,69,5,48,58,67,97,71,57,60,44,6,28,49,89
93,66,9,78,95,49,10,80,2,25,16,21,41,79,40,86,12,69,94,74,13,29,50,83,88,33,53,28,60,15,27,51,85,98,89,8,87,70,3,30,23,1,19,72,92,54,6,45,17,36,4,47,55,43,34,24,32,38,99,20,73,65,18,42,81,90,35,56,62,5,91,52,11,26,37,82,46,14,59,77,7,76,68,39,63,64,61,75,48,58,67,97,22,57,84,44,0,96,71,31
93,66,21,78,95,26,10,56,2,25,5,59,41,79,40,86,14,15,27,74,39,84,50,42,88,75,53,28,60,43,90,49,96,98,89,52,54,80,3,0,23,19,29,72,92,6,69,45,17,36,4,47,55,91,34,24,32,38,64,20,73,65,18,61,81,99,85,76,62,87,68,8,11,51,37,82,46,1,48,77,31,16,70,13,12,94,63,7,9,58,67,30,22,57,83,44,35,33,71,97
12,53,54,78,95,26,10,30,2,72,5,13,96,6,37,86,14,35,27,74,0,29,50,42,88,32,60,28,25,43,90,48,31,55,64,52,93,98,3,89,40,19,20,7,92,41,69,45,17,36,44,56,70,71,34,24,84,38,75,66,59,65,18,61,81,99,15,51,62,87,68,85,11,91,8,82,46,21,39,77,79,16,80,47,1,94,63,49,9,58,67,4,22,57,83,76,23,33,73,97
67,19,54,64,95,26,92,30,2,20,5,84,96,6,12,86,14,46,22,70,33,29,50,42,88,10,60,51,0,43,90,48,31,55,93,52,79,78,40,89,4,53,59,7,44,41,83,45,17,94,75,56,63,71,34,24,91,38,72,66,61,32,18,36,49,58,15,25,62,87,74,85,11,37,8,82,65,21,39,77,27,3,16,47,1,81,28,35,9,99,13,68,76,57,98,80,23,69,73,97
86,19,37,5,57,73,47,30,2,98,27,13,96,6,12,23,87,3,22,70,33,29,50,42,88,62,60,51,0,43,90,53,77,38,93,52,79,78,40,20,4,17,31,7,44,56,83,59,54,94,58,66,63,99,34,24,91,25,26,45,61,32,18,36,82,75,15,67,65,14,74,85,95,84,71,49,41,21,39,8,81,69,16,11,1,72,28,35,9,64,48,68,76,92,89,80,46,55,10,97
86,19,34,5,57,73,47,42,82,98,27,13,70,6,12,3,77,0,33,52,74,51,7,75,85,62,30,37,88,43,97,53,23,21,96,92,79,78,40,49,4,90,31,36,44,56,83,2,54,94,58,66,20,99,59,24,91,11,8,17,61,45,18,1,60,87,15,67,65,14,32,26,95,84,81,80,41,29,38,39,93,69,71,22,35,72,28,16,9,64,48,68,76,50,89,63,46,55,10,25
86,69,34,14,57,73,47,42,94,79,27,10,70,1,12,3,77,0,90,96,23,15,7,75,85,30,33,64,88,13,97,8,91,53,51,92,50,78,43,65,72,5,31,19,44,56,83,2,54,61,58,66,20,99,52,24,40,11,93,17,98,45,84,49,80,87,36,18,16,6,32,26,95,48,81,60,41,29,38,39,62,35,71,22,37,74,28,63,21,9,68,4,76,82,89,67,46,55,59,25
10,69,31,14,34,48,47,87,94,57,16,35,42,1,21,27,84,86,90,75,77,15,7,4,85,30,81,64,88,13,97,8,72,33,89,20,11,78,43,3,25,5,79,19,44,56,83,70,54,38,58,37,2,99,52,24,40,92,93,17,29,45,50,49,6,98,36,53,80,66,32,18,95,26,23,60,41,0,46,39,62,73,71,22,91,74,28,63,59,9,68,51,76,82,96,67,61,55,65,12
2,36,31,14,34,86,57,87,94,13,60,35,42,53,85,27,84,99,89,47,56,15,7,4,96,30,81,64,51,24,77,8,72,69,88,20,11,59,43,3,25,46,79,19,44,91,0,70,54,80,55,37,97,58,52,23,40,21,93,68,29,45,78,49,6,92,10,50,67,17,32,18,95,26,66,98,41,75,48,1,62,74,71,22,38,5,28,83,33,9,16,63,76,82,39,73,61,90,65,12
2,73,75,14,83,93,61,81,69,13,60,35,42,53,4,37,0,99,89,47,57,15,26,43,96,30,65,77,51,24,82,8,32,52,88,20,11,74,84,7,90,31,12,19,44,91,27,22,54,80,55,36,34,58,72,23,40,21,94,68,29,45,78,49,6,92,10,87,67,17,39,18,70,95,63,97,41,33,48,1,62,86,50,59,38,5,28,64,46,9,16,98,76,71,25,56,79,3,66,85
2,73,75,14,83,57,72,79,11,90,95,35,99,45,4,37,13,28,89,47,27,15,26,43,96,32,71,77,51,65,1,8,16,52,88,10,97,76,30,7,53,31,87,19,44,91,18,59,54,80,55,36,98,58,78,23,40,21,5,68,63,93,94,49,6,92,0,74,67,82,39,81,70,61,24,9,41,48,34,84,62,86,50,17,38,29,33,64,46,85,20,69,60,22,25,56,12,3,66,42
2,73,31,5,83,57,72,66,21,90,95,16,75,87,67,27,14,15,94,47,96,34,45,28,70,12,46,77,51,65,23,8,81,52,88,10,97,58,74,7,53,37,59,19,44,91,43,50,54,80,33,36,98,0,78,99,40,13,71,68,63,93,35,49,6,92,22,4,56,82,79,26,84,61,39,9,41,48,55,18,62,86,24,17,38,29,89,11,32,85,20,69,60,76,25,64,30,3,1,42
92,10,28,5,56,57,46,9,55,90,95,40,75,87,69,21,96,6,94,15,66,71,45,25,31,12,72,77,98,70,99,8,81,27,88,68,16,58,74,7,29,37,59,19,44,32,43,50,54,80,33,36,47,0,3,13,2,41,97,83,34,93,35,49,20,61,22,30,51,82,79,26,84,73,39,65,53,48,78,18,62,86,24,17,38,67,89,11,4,85,23,14,60,76,63,91,64,52,1,42
92,60,28,5,32,57,76,55,50,90,95,24,58,25,69,45,96,6,94,15,66,71,98,36,56,12,72,77,10,33,35,8,21,18,88,68,61,34,74,7,44,37,70,19,13,9,43,59,54,27,29,81,47,0,3,31,2,75,97,83,42,93,20,49,14,99,39,30,38,82,79,26,17,73,40,65,53,48,78,84,1,46,91,51,16,67,86,11,4,85,23,62,41,89,63,87,64,52,80,22
92,60,28,32,73,57,76,55,50,89,38,24,58,75,46,40,36,6,94,71,66,81,98,9,74,12,2,77,10,39,69,8,21,18,30,5,65,34,13,7,44,37,63,19,45,88,87,59,54,27,72,43,47,11,17,85,96,80,97,33,42,93,29,49,14,22,15,35,25,82,79,68,20,95,83,26,53,48,78,84,1,0,91,51,16,99,86,31,4,70,23,62,41,90,3,61,64,52,56,67
92,56,28,91,5,4,17,55,50,77,38,10,45,75,46,47,66,6,87,16,39,48,98,9,74,12,80,30,54,94,69,8,21,18,43,60,34,71,35,7,44,37,76,19,89,88,84,59,40,27,82,63,41,52,2,23,96,81,57,33,42,93,29,67,78,22,15,58,25,32,79,68,20,95,83,26,53,49,97,73,1,0,85,51,24,99,86,31,13,70,11,62,65,90,3,61,64,36,14,72
92,9,89,91,13,72,82,39,50,85,12,60,45,75,34,42,3,6,87,16,27,73,98,10,74,2,80,30,15,56,69,8,21,5,43,79,47,71,35,7,44,37,76,19,17,81,26,59,40,70,29,38,41,65,66,23,84,63,57,33,94,93,18,77,96,22,99,58,25,32,97,68,20,95,83,28,53,55,46,48,1,0,4,51,78,88,86,31,54,61,11,62,52,90,24,49,64,36,14,67
92,9,89,91,13,72,83,10,50,85,12,48,88,75,34,51,14,7,87,67,27,0,98,33,59,18,80,30,15,56,69,78,2,17,43,22,47,71,35,39,79,53,76,19,65,81,26,23,40,70,5,74,41,90,20,73,84,63,57,66,11,93,25,77,16,99,29,62,42,32,97,68,60,6,96,28,8,55,46,45,1,95,4,58,38,44,86,31,54,61,3,82,94,52,37,49,64,36,21,24
92,99,58,83,0,72,11,15,53,22,1,16,86,29,97,51,91,7,36,67,23,31,98,33,59,18,88,30,62,56,69,78,2,17,43,9,47,48,12,39,79,80,76,14,65,81,26,35,85,52,5,74,40,90,20,73,84,63,57,66,25,93,6,77,70,34,71,61,28,32,42,68,87,27,96,75,89,55,46,45,8,95,50,4,41,44,19,60,38,10,3,82,94,13,37,49,64,54,21,24
34,99,58,83,0,72,11,8,53,77,94,16,41,47,97,62,91,7,89,67,23,3,69,60,28,15,95,61,21,56,73,78,2,30,66,51,92,48,12,39,52,59,76,14,65,9,26,35,85,4,5,74,40,90,29,10,84,63,57,42,25,93,27,18,80,98,71,81,46,32,33,68,22,88,1,75,87,55,17,6,45,79,50,36,20,44,19,70,38,43,96,82,31,13,37,49,64,54,86,24
34,99,58,83,82,89,11,8,62,55,66,16,41,47,97,15,91,7,52,67,43,61,25,60,81,78,49,36,21,24,73,6,94,30,64,51,59,53,12,77,29,35,76,14,65,95,26,5,85,28,86,74,3,33,42,10,37,63,57,92,4,48,27,69,80,98,71,40,46,32,50,68,22,88,1,75,87,23,17,9,56,79,0,93,20,44,19,2,38,70,96,18,31,13,90,39,45,54,84,72
47,99,21,83,82,56,11,8,62,55,92,16,18,32,97,69,65,7,52,67,34,61,25,30,40,68,49,36,17,24,73,6,94,4,26,37,66,60,12,77,29,35,90,14,31,13,91,53,85,72,86,74,38,33,5,10,64,42,57,22,93,48,27,81,80,98,71,43,46,87,50,78,39,88,58,75,76,23,3,9,20,79,0,45,1,44,19,2,15,70,96,41,59,89,84,95,63,54,28,51
47,73,4,83,82,58,11,8,2,55,86,36,90,51,97,69,65,45,16,93,34,67,22,30,40,21,49,56,17,76,3,6,94,20,62,37,71,60,12,77,29,53,9,14,80,13,91,52,85,72,19,74,15,33,24,10,64,42,57,25,81,32,27,61,18,78,39,43,46,87,50,98,75,88,66,1,35,23,99,26,38,92,0,7,48,44,31,68,79,5,96,41,59,89,84,95,63,54,28,70
60,73,66,83,81,24,11,8,2,47,58,96,90,67,97,26,54,45,27,93,34,14,22,30,23,7,87,56,17,76,78,20,94,91,62,40,71,68,12,3,29,53,89,4,75,5,9,52,85,72,19,77,49,33,0,10,64,42,57,25,80,32,74,98,18,82,39,43,46,51,50,21,13,88,86,1,35,37,99,15,36,79,69,38,48,44,31,6,61,55,65,16,59,92,84,95,63,41,28,70
26,3,66,55,81,71,43,8,2,97,37,65,24,92,39,22,54,31,27,93,34,14,79,30,53,7,87,56,17,76,58,20,63,90,62,40,47,99,12,11,29,25,89,4,75,78,80,51,96,72,48,77,49,33,0,10,45,1,57,91,6,83,74,98,85,41,60,73,46,5,50,21,13,88,86,9,35,18,32,15,36,42,69,38,94,44,82,95,61,64,68,16,59,67,84,52,23,19,28,70
77,6,66,37,89,71,43,0,63,97,2,65,24,92,40,70,85,31,27,93,3,39,79,30,53,7,87,56,17,76,58,20,38,90,45,64,47,99,34,11,36,25,81,4,49,78,80,35,96,10,48,22,12,33,68,55,41,1,57,98,15,83,62,32,91,29,60,75,46,72,9,8,13,88,86,69,61,18,14,51,21,42,54,82,26,44,5,95,74,50,59,16,73,67,84,52,23,19,28,94
92,13,66,37,56,71,43,0,63,77,78,65,27,93,40,6,46,10,23,89,60,39,79,30,24,76,87,45,17,98,7,20,38,68,90,64,47,1,28,11,70,25,81,8,49,58,80,61,4,91,83,12,31,33,85,55,41,99,57,36,15,48,62,32,44,29,34,26,3,72,9,22,19,88,86,69,53,18,2,51,74,42,54,82,14,35,5,95,97,50,59,16,73,67,84,52,75,21,96,94
72,79,92,68,13,71,56,40,64,51,53,15,27,93,57,6,48,14,37,89,60,59,32,30,24,76,65,45,17,98,7,81,38,29,55,26,12,1,28,11,70,25,77,8,49,58,91,42,4,54,83,63,31,33,96,74,41,23,99,0,85,90,62,80,44,46,34,87,3,61,9,22,19,88,86,69,39,18,2,36,20,47,10,67,75,35,5,95,97,50,78,16,73,43,84,52,66,21,82,94
79,22,92,68,61,71,7,31,64,51,53,15,27,93,57,19,20,14,5,89,60,59,32,10,24,76,47,45,17,65,6,74,38,39,55,26,12,8,28,11,72,25,77,30,49,91,99,42,98,54,83,44,66,37,69,80,29,23,50,46,85,90,62,56,70,63,34,3,48,81,40,86,41,88,84,33,94,18,1,36,2,4,96,67,75,35,13,95,97,58,78,16,73,43,82,52,0,21,9,87
79,60,92,68,61,71,7,91,64,51,53,15,27,82,49,19,20,14,5,54,77,59,86,10,1,36,81,56,24,65,6,74,38,47,55,8,12,37,22,11,34,0,31,95,42,66,76,4,13,41,83,44,62,9,69,80,29,23,99,46,45,90,72,93,70,88,2,30,48,57,40,98,89,75,84,33,94,18,3,26,32,17,96,67,85,35,50,28,97,58,78,16,73,43,25,63,39,21,52,87
79,60,92,46,69,7,75,91,86,34,22,15,62,82,49,27,20,14,5,54,71,59,53,10,1,36,81,29,76,65,6,37,83,47,61,8,12,24,55,11,56,0,42,87,64,66,58,77,13,41,23,44,30,31,84,80,4,39,99,70,38,51,9,93,68,97,2,28,19,57,40,45,67,89,43,33,94,18,3,26,32,17,96,90,85,35,50,72,98,95,78,74,73,88,25,63,48,21,52,16
79,20,92,46,69,7,62,91,75,34,22,15,16,82,52,27,61,14,40,98,44,32,53,10,1,66,81,29,76,67,6,64,83,43,37,65,77,24,55,89,56,0,42,45,86,18,58,72,13,31,23,11,30,5,84,59,4,39,99,70,95,51,9,93,54,97,2,88,74,8,80,60,71,28,19,33,94,57,3,26,50,41,96,90,85,49,17,47,87,36,78,35,63,12,25,68,48,21,38,73
13,74,25,46,44,7,99,33,61,69,88,38,16,82,27,79,6,14,9,98,77,32,68,10,0,75,22,29,78,67,31,64,83,43,96,65,19,24,55,89,70,92,21,45,86,18,58,72,28,76,23,3,30,5,91,59,50,81,42,34,95,51,39,93,54,97,2,66,53,8,1,60,71,37,85,80,94,57,20,26,56,41,40,90,52,49,17,47,87,36,62,35,63,12,4,15,48,11,84,73
47,12,1,91,44,4,99,33,61,69,88,38,85,97,27,79,64,14,75,98,29,32,15,50,0,70,68,9,78,67,31,35,76,43,34,65,6,24,55,18,25,92,19,42,86,8,83,72,46,95,30,74,96,5,21,59,20,45,80,82,13,51,39,52,54,81,2,66,53,16,28,60,71,37,73,10,94,57,22,26,56,41,40,90,77,49,17,23,87,36,62,7,63,3,89,58,48,11,84,93
47,12,1,91,71,70,99,89,66,69,48,18,85,97,20,79,92,53,35,88,29,5,15,50,0,25,68,87,95,67,31,98,6,43,14,65,23,24,55,74,78,49,4,42,59,38,83,72,46,80,30,52,96,44,21,57,17,45,19,82,13,76,39,61,54,32,2,22,36,86,28,60,9,37,73,8,94,27,33,26,56,41,40,90,77,11,16,51,75,81,62,7,63,3,93,58,64,10,84,34
73,12,1,91,49,17,9,89,66,69,36,18,46,99,63,79,92,13,48,88,29,27,15,72,0,25,67,87,95,57,16,83,20,22,50,51,62,24,33,74,53,30,4,42,59,38,47,14,28,80,31,8,96,44,21,98,70,3,19,82,97,76,39,61,54,32,11,68,2,86,6,60,85,37,93,43,94,45,35,26,56,41,71,90,77,78,40,52,75,81,65,7,5,55,23,58,64,10,84,34
76,12,1,27,46,3,9,89,34,69,36,18,39,99,96,2,92,13,17,63,29,43,15,72,0,25,5,37,95,74,16,83,20,22,50,51,62,91,24,93,53,30,68,67,59,48,47,14,57,38,88,82,28,44,80,98,70,54,19,26,97,87,41,61,56,65,86,4,21,23,6,60,85,49,11,42,94,45,35,73,66,7,71,90,75,78,40,77,33,81,79,32,52,55,8,58,64,10,84,31
35,12,1,65,46,3,9,22,34,69,77,18,24,99,96,94,92,13,17,43,29,93,15,27,0,25,5,39,2,74,45,48,89,95,76,26,62,44,51,23,20,78,68,53,59,84,47,49,57,63,88,82,28,11,6,58,70,91,19,73,97,87,41,61,56,50,86,4,21,31,83,30,72,79,85,42,98,38,16,90,66,7,71,67,75,14,40,10,33,81,37,32,52,55,8,54,64,36,60,80
49,12,62,65,46,3,9,64,34,21,82,18,24,45,96,94,84,13,71,36,33,20,85,17,0,69,15,39,2,74,90,48,89,5,76,26,60,44,93,97,81,78,68,53,56,23,47,57,6,22,88,73,72,11,66,58,35,91,19,79,25,87,41,61,77,50,86,4,70,31,40,30,75,63,29,42,98,83,16,43,28,7,51,67,92,14,52,10,27,95,37,32,38,55,8,54,99,59,1,80
73,54,12,44,46,74,9,64,3,21,18,70,24,45,96,11,80,13,71,36,89,8,85,17,34,69,68,94,2,88,92,90,10,47,76,26,55,5,93,97,81,78,57,35,56,23,39,65,6,49,58,33,72,20,66,42,63,91,53,79,25,87,41,61,77,50,86,4,48,31,40,30,75,7,29,84,0,83,16,43,95,1,51,82,38,14,52,22,27,60,37,32,62,67,19,15,99,28,98,59
73,36,12,99,42,74,9,64,3,21,18,70,85,50,96,11,80,82,55,57,69,40,37,24,89,95,68,86,2,8,1,13,10,71,76,26,92,49,93,48,81,78,5,35,56,97,39,65,6,46,58,33,44,20,79,31,63,91,34,17,25,87,41,28,47,45,66,4,62,53,90,30,72,7,29,84,0,88,16,43,54,60,51,94,83,75,14,22,27,38,23,32,52,67,19,15,77,61,98,59
73,95,60,55,43,74,9,23,5,78,34,75,85,50,96,6,80,98,90,57,69,40,37,24,65,54,17,86,2,8,58,27,1,4,76,26,92,49,99,48,81,38,71,64,56,0,83,36,3,46,72,33,44,20,79,18,63,91,11,42,25,87,41,28,47,45,53,12,62,10,35,30,68,7,70,84,66,88,16,15,39,97,51,94,21,93,14,22,13,89,67,32,52,31,19,59,77,61,29,82
50,95,19,53,89,10,9,23,28,78,34,75,85,76,17,6,83,24,88,57,69,63,66,2,65,40,42,86,20,8,58,27,1,97,39,68,72,49,99,48,81,38,71,64,56,13,60,36,3,74,98,33,44,67,79,73,18,21,11,77,25,96,41,5,47,87,30,54,62,29,35,80,45,7,70,84,37,12,16,15,92,0,51,94,26,93,14,22,46,55,43,32,52,91,90,59,4,61,31,82
50,95,24,38,89,98,6,23,74,78,34,75,42,88,17,28,76,64,56,67,29,63,66,2,65,40,97,86,20,8,26,27,70,14,83,68,77,10,99,48,12,43,71,13,72,57,60,36,3,4,94,33,58,92,59,73,19,21,11,69,25,96,41,49,47,87,30,82,62,9,35,80,45,7,44,18,37,85,16,54,90,0,51,39,1,93,55,22,46,84,79,32,52,91,53,61,5,81,31,15
33,46,24,10,13,98,6,80,74,78,45,75,60,88,58,28,76,55,56,22,29,63,66,17,65,40,27,86,20,16,26,97,49,14,83,68,77,43,99,48,12,73,2,8,96,42,61,36,3,4,51,57,94,67,19,34,71,21,11,69,25,85,41,70,47,87,30,82,62,23,35,93,53,7,44,38,0,37,18,54,90,72,50,39,79,1,9,15,95,84,32,59,52,91,89,92,5,81,31,64
33,46,78,10,73,98,6,80,51,94,45,75,50,22,58,28,76,55,56,35,64,30,3,17,63,7,25,86,24,70,2,97,83,66,61,84,77,43,99,96,12,60,91,8,49,42,69,36,14,1,26,57,65,67,19,74,71,21,11,9,52,85,41,72,47,27,34,15,62,23,48,93,53,92,44,38,87,37,18,54,90,20,4,39,79,5,0,40,95,68,32,59,88,16,89,29,82,81,31,13
92,46,22,10,58,91,97,80,25,18,45,75,50,29,51,28,59,33,93,35,64,30,3,17,76,7,14,86,19,95,2,47,83,40,90,85,77,43,99,96,21,60,32,8,49,42,69,6,78,1,72,57,73,67,70,15,71,31,24,9,94,66,41,56,84,27,34,81,62,74,48,61,53,26,44,63,87,37,12,54,82,20,4,39,79,5,0,65,23,68,36,38,88,52,89,11,16,98,55,13
92,46,22,10,58,91,97,80,25,18,45,75,50,87,32,90,59,31,14,35,64,93,3,88,76,7,0,98,72,95,20,47,53,12,4,89,77,43,99,68,21,81,61,1,62,8,69,28,86,11,56,30,73,27,70,15,71,78,24,9,94,66,2,51,83,40,34,42,60,57,48,37,29,26,67,63,49,74,33,54,82,6,19,39,79,41,96,65,23,85,36,38,44,52,17,5,16,84,55,13
92,46,76,10,54,91,97,18,25,79,39,75,50,87,53,49,59,21,0,35,64,93,3,90,82,7,98,71,72,95,88,6,58,12,4,89,77,57,83,68,43,81,61,1,8,30,69,23,78,32,31,19,73,27,70,15,99,16,24,52,94,38,2,51,14,40,41,42,60,96,48,86,29,26,67,63,34,74,37,47,9,62,66,85,28,22,17,65,20,80,36,56,44,11,33,5,45,84,55,13
92,46,87,57,29,91,71,18,13,79,39,53,21,36,86,27,97,74,0,35,64,93,28,90,82,23,98,47,72,95,88,6,58,2,54,37,77,3,48,68,43,81,61,1,8,75,69,40,99,32,31,19,73,76,70,42,84,16,24,52,7,33,38,51,11,4,41,5,60,96,12,78,89,26,67,50,49,62,25,65,83,63,66,85,94,22,17,14,20,80,59,56,44,9,10,15,45,30,55,34
36,72,87,57,29,93,71,18,13,23,44,53,66,39,86,27,6,62,0,35,64,67,1,90,82,79,98,47,80,95,40,68,58,2,54,16,77,3,48,69,43,78,61,60,31,15,75,21,99,38,84,19,73,76,70,42,12,91,25,81,92,33,22,32,97,4,8,5,74,17,88,41,89,26,7,50,45,28,94,65,83,63,37,85,49,51,46,14,20,52,59,56,24,9,10,11,96,30,55,34
79,72,87,57,28,44,78,18,13,38,56,1,66,77,86,59,6,62,37,35,64,67,22,90,82,54,96,45,80,95,40,68,39,8,23,16,0,3,85,46,43,63,61,60,31,36,75,15,99,48,7,19,50,76,70,42,12,91,25,81,55,33,24,32,97,4,71,65,29,94,88,41,84,26,52,73,27,17,74,69,83,53,47,89,49,51,20,14,93,98,2,92,21,9,10,11,5,30,58,34
15,19,87,64,43,44,20,18,78,69,56,1,66,77,86,59,6,47,75,74,41,67,22,90,34,45,96,52,49,32,40,68,33,8,23,16,38,27,85,3,54,63,61,60,31,58,37,0,99,48,13,28,7,76,70,35,12,46,25,81,55,50,24,57,97,4,71,65,29,39,88,11,84,92,91,72,17,79,42,26,83,53,95,94,73,51,80,14,93,98,2,82,21,89,10,9,5,36,30,62
15,19,87,11,3,44,20,65,78,92,63,81,66,9,23,69,6,43,7,74,47,85,97,90,12,45,71,52,49,41,18,27,33,8,56,16,34,50,89,99,54,68,61,60,31,58,37,36,93,48,77,28,67,76,70,35,32,46,25,13,0,22,59,55,96,4,75,24,29,39,88,86,84,95,91,72,57,79,53,26,94,1,83,40,73,51,80,14,17,98,2,82,21,42,10,38,5,64,30,62
15,19,99,57,3,44,20,65,78,81,63,90,66,36,88,69,7,53,60,79,50,85,97,67,12,45,4,52,49,41,26,74,33,80,56,16,43,6,89,61,54,68,70,83,39,58,35,28,93,48,77,8,31,84,71,76,32,46,25,13,0,22,11,55,30,9,72,96,24,59,34,2,38,95,91,75,27,86,47,23,94,92,18,40,73,51,37,14,17,98,29,82,21,42,10,87,5,64,1,62
96,19,99,57,23,44,20,65,21,36,63,90,66,12,35,78,77,40,60,3,87,50,97,67,30,0,83,76,53,34,26,74,33,81,56,27,43,6,89,61,54,11,70,14,39,58,16,28,93,48,46,8,31,72,91,69,4,17,25,13,42,85,38,55,68,9,71,84,24,59,15,22,79,95,62,75,88,86,47,52,94,92,18,32,73,51,37,2,82,98,29,80,49,10,41,45,5,64,1,7
96,40,67,57,23,44,20,5,21,98,63,90,66,12,80,78,93,35,60,3,75,32,27,84,30,47,83,39,53,34,26,95,74,72,49,70,87,6,15,61,54,89,76,11,16,58,65,28,4,48,46,8,31,97,91,81,82,17,59,13,42,85,38,88,14,9,71,0,24,68,36,22,79,55,43,7,56,86,99,52,77,92,18,33,73,19,37,25,50,51,29,2,94,10,41,45,62,64,1,69
96,25,6,57,59,35,20,5,21,98,63,14,66,12,70,77,93,15,60,3,75,32,92,84,30,47,83,44,53,34,50,71,95,90,49,27,87,28,94,97,43,40,76,11,16,58,65,39,4,22,41,8,19,61,91,81,82,17,62,13,42,74,18,67,85,9,51,0,24,68,38,37,46,55,79,7,56,86,31,52,72,26,48,33,73,89,36,88,10,80,29,2,23,45,54,1,99,64,78,69
36,28,73,57,59,55,67,99,21,98,63,14,66,12,20,47,93,15,86,3,75,34,92,77,30,61,5,10,53,60,50,71,95,90,49,16,87,43,45,97,39,6,76,4,25,58,65,42,84,2,83,8,37,88,91,32,82,17,62,13,40,89,18,70,85,9,51,0,24,68,27,72,46,41,11,35,56,44,31,52,94,26,48,33,19,1,38,29,54,80,81,96,23,7,22,74,79,64,78,69
84,46,98,91,59,8,82,99,97,76,61,7,66,14,40,47,93,15,86,31,54,1,92,77,2,3,67,10,53,60,50,71,95,90,36,79,21,74,45,26,43,6,12,75,25,58,83,42,65,57,89,51,37,88,63,32,55,17,62,39,24,4,18,70,85,9,94,0,30,68,27,72,13,41,11,35,56,28,44,52,16,49,48,33,5,73,38,29,64,80,81,96,23,87,22,34,19,20,78,69
37,46,0,83,14,35,82,99,97,76,61,7,33,12,19,15,93,56,86,31,54,88,92,2,84,27,67,26,53,63,50,71,95,90,60,79,39,74,45,44,43,34,57,75,25,58,11,42,64,17,89,72,51,49,80,32,98,3,62,47,16,4,18,66,85,9,94,20,30,68,73,1,13,41,55,6,10,28,65,52,69,59,48,40,5,24,38,29,70,91,81,96,23,87,22,77,21,8,78,36
15,72,83,46,14,35,82,89,97,76,56,30,33,12,42,4,99,87,86,49,28,31,92,2,84,27,67,26,77,63,50,71,95,25,0,79,39,74,68,78,43,52,57,75,61,58,11,54,59,17,45,69,51,34,80,96,98,3,44,47,16,65,55,73,62,9,94,20,66,88,90,1,13,60,7,6,32,5,41,64,93,10,85,40,18,37,38,29,70,91,81,53,23,48,22,19,21,8,24,36
77,72,40,46,14,35,88,99,97,24,45,22,33,50,52,4,69,87,15,49,62,39,92,2,84,27,67,73,83,63,93,71,3,25,0,79,95,8,68,78,66,64,57,75,89,58,56,54,11,31,13,37,51,34,80,96,98,6,44,47,61,65,55,26,91,9,94,20,43,41,90,1,60,53,7,16,28,5,30,74,86,10,85,17,32,59,76,29,82,12,81,42,23,48,18,19,21,70,38,36
77,72,65,46,78,39,79,99,92,24,89,20,31,74,29,14,69,87,15,18,62,73,50,2,57,48,67,97,83,63,93,71,3,27,0,5,95,8,30,38,66,64,33,51,35,58,56,54,11,36,13,37,22,34,52,25,68,6,98,47,82,4,55,26,91,9,10,80,43,41,90,1,60,53,7,76,28,42,19,40,86,94,85,75,32,59,84,12,96,49,81,61,23,44,88,17,21,70,45,16
77,6,93,98,28,39,55,72,92,2,36,40,14,53,29,31,69,87,15,23,62,73,48,11,57,95,81,97,33,94,24,83,91,27,0,5,99,78,60,38,66,64,82,51,35,46,56,20,3,63,13,37,22,34,52,25,30,59,10,47,85,4,96,26,89,9,54,80,43,41,90,8,68,61,7,76,71,42,19,67,86,74,1,75,32,79,84,12,65,58,18,49,50,44,88,17,21,70,45,16
4,27,93,98,28,39,55,75,92,2,1,40,90,94,29,31,69,12,61,23,62,73,48,11,57,51,81,63,33,14,24,65,91,32,0,5,68,78,60,42,26,64,70,22,35,47,56,20,3,25,34,37,84,59,52,77,50,67,10,49,85,58,96,46,89,9,54,80,83,41,79,6,66,16,7,76,71,30,19,15,95,74,99,13,72,97,82,43,53,8,18,45,86,44,88,17,21,38,36,87
64,27,69,77,82,39,65,43,92,2,49,40,90,54,29,31,88,19,15,53,86,73,24,11,17,51,81,63,33,66,97,8,4,12,0,5,68,35,60,42,26,48,70,93,96,47,56,20,3,25,34,55,84,59,52,94,75,32,10,28,85,62,23,50,46,9,78,80,21,41,79,1,37,16,7,6,71,30,98,67,95,74,99,13,83,91,58,22,57,72,18,45,76,44,61,89,14,38,36,87
11,27,69,47,82,39,65,43,92,2,24,31,23,5,29,25,88,19,15,53,86,36,40,99,17,41,81,63,33,80,97,8,4,87,46,38,83,35,28,57,94,48,70,93,96,78,73,71,3,77,44,91,84,59,52,21,75,9,10,60,85,34,7,50,68,54,66,12,90,72,79,1,37,95,42,6,14,30,98,67,0,74,49,13,32,26,58,22,16,51,18,45,76,55,61,89,20,64,62,56
11,27,69,44,82,29,65,43,77,38,68,57,17,5,86,78,35,92,15,73,64,36,40,99,2,41,96,8,33,45,3,4,30,22,46,88,83,37,28,60,13,48,70,93,98,97,94,71,80,21,14,87,84,59,52,19,75,9,39,74,85,81,7,50,31,54,66,12,90,72,79,1,89,95,58,6,23,25,47,67,0,10,49,63,32,26,62,91,16,51,18,34,76,55,61,24,20,53,42,56
11,27,69,44,82,64,65,15,71,37,2,57,17,28,86,18,35,55,7,91,73,51,40,99,60,84,96,8,33,45,24,4,56,22,46,61,83,1,6,50,13,49,70,43,48,92,94,3,97,21,14,87,68,36,52,19,53,9,5,74,85,81,78,30,31,80,66,12,90,72,79,59,89,95,58,41,23,25,20,67,34,29,88,63,32,38,62,77,16,26,98,93,76,10,39,75,47,0,42,54
11,27,69,9,98,94,65,15,52,7,37,57,17,92,67,13,35,55,50,43,73,51,40,99,60,24,0,93,33,82,96,4,56,2,46,26,83,1,22,6,12,88,70,87,28,58,85,77,97,21,14,48,68,36,86,19,53,34,5,74,71,62,49,30,31,80,66,91,90,72,79,8,89,18,81,41,3,25,20,95,59,29,61,45,32,38,64,78,84,23,44,10,76,16,39,75,47,63,42,54
11,52,56,9,64,94,65,15,25,73,37,57,70,31,67,13,8,97,79,43,30,87,93,99,60,24,0,4,33,82,96,92,2,55,46,61,83,1,22,32,50,88,69,75,28,58,85,77,12,41,14,26,10,36,86,19,29,34,5,74,95,62,49,23,20,3,66,91,90,72,68,6,89,18,71,63,40,35,21,51,59,16,80,45,44,38,47,78,84,17,7,53,76,98,39,27,81,48,42,54
78,1,17,9,64,94,65,15,29,73,21,57,54,92,74,13,8,51,79,43,30,19,93,99,55,26,0,4,33,56,96,5,83,36,46,72,61,68,22,11,50,88,69,60,67,95,86,77,12,32,14,7,37,25,39,48,75,34,52,71,59,62,49,70,20,3,66,58,90,41,91,6,89,97,27,63,40,35,10,85,87,16,80,45,44,38,47,2,84,31,82,53,76,98,23,28,81,24,42,18
78,1,61,31,0,58,65,8,29,73,21,57,54,82,55,13,64,11,79,53,30,19,89,99,43,26,69,4,33,24,96,92,20,3,87,72,66,68,22,46,50,88,48,60,67,95,17,97,12,51,90,83,5,25,14,74,75,94,52,34,59,62,49,70,63,71,81,42,86,93,91,6,7,28,27,9,40,35,10,15,36,16,80,45,37,38,47,2,84,56,39,41,76,98,23,32,44,85,77,18
77,1,89,31,0,46,7,29,36,73,9,57,54,82,97,15,64,11,79,65,30,19,21,5,84,26,13,60,33,78,96,87,20,3,32,72,66,91,22,17,50,88,48,63,67,18,92,45,12,51,71,83,53,25,14,74,75,61,52,34,2,62,95,70,43,58,90,42,8,93,94,39,76,28,27,68,40,99,10,80,69,16,49,81,37,38,47,86,41,56,35,6,55,98,23,59,44,85,4,24
7,78,89,31,0,46,74,29,16,73,1,57,54,82,97,25,32,99,79,24,30,44,21,19,36,26,50,60,42,67,96,87,3,71,18,72,66,75,22,17,94,88,48,98,85,12,63,45,38,51,64,81,27,53,92,65,86,61,52,15,2,62,95,70,43,58,68,34,8,93,77,39,76,28,59,33,40,69,10,80,41,13,49,14,37,90,47,91,11,56,35,6,55,20,23,84,83,5,4,9
7,78,49,31,0,46,74,29,42,73,23,57,54,37,97,6,59,99,95,24,41,44,21,3,36,82,50,48,20,34,96,87,32,60,18,72,66,39,22,17,94,92,75,4,85,26,63,45,38,90,16,79,27,19,80,65,53,61,2,86,10,62,68,70,43,58,12,15,8,30,77,52,76,28,55,33,11,69,88,91,40,13,89,14,56,93,47,64,98,71,35,51,25,1,81,84,83,5,67,9
7,83,49,31,0,46,79,29,42,40,23,57,52,28,97,61,59,99,95,24,41,44,21,3,8,47,43,48,20,74,4,87,32,96,71,72,85,39,22,17,94,92,62,66,78,26,75,45,38,90,82,67,60,19,34,65,16,54,2,6,51,73,68,70,63,25,12,15,84,30,55,80,58,10,36,18,11,77,13,91,37,50,89,33,56,76,93,64,98,69,35,9,14,1,81,86,88,5,53,27
77,32,49,59,0,36,16,29,42,40,46,57,52,28,97,89,94,80,54,24,41,44,9,79,72,47,1,48,20,74,4,99,33,96,71,50,85,6,22,60,81,14,92,67,35,15,75,45,38,90,82,61,62,78,34,27,39,43,2,21,51,73,68,70,63,25,19,7,84,10,87,66,58,17,31,18,11,8,26,91,37,13,83,12,56,76,93,64,98,69,95,55,65,30,3,86,88,5,53,23
77,44,29,66,52,36,16,19,91,40,60,57,38,10,32,56,94,14,54,74,41,11,65,79,72,47,1,23,20,70,24,99,98,96,97,92,85,6,22,48,89,86,50,67,33,43,75,45,90,80,13,61,62,78,34,84,95,73,2,21,51,39,68,53,63,25,71,7,9,35,87,15,58,49,31,18,17,8,26,27,37,28,83,12,42,76,93,64,4,69,46,55,82,30,3,59,88,5,0,81
77,55,53,66,40,41,16,22,91,12,60,57,52,10,19,11,94,14,73,71,26,84,65,87,72,47,1,23,20,70,24,99,42,96,63,92,49,61,85,48,89,86,50,67,33,5,75,45,43,80,13,64,62,44,78,46,95,59,31,21,51,90,68,97,4,25,81,7,9,35,32,15,58,76,98,18,17,36,74,27,38,37,83,8,79,30,93,29,6,69,54,28,2,34,3,39,88,56,0,82
99,11,90,72,40,41,14,22,91,12,84,59,52,49,53,51,30,31,57,71,26,95,65,87,89,47,63,23,20,97,24,13,42,96,94,19,55,61,85,48,98,86,77,67,29,5,80,45,43,1,69,64,62,44,78,66,73,60,74,50,75,2,16,76,4,25,81,7,9,35,32,15,39,46,82,18,17,58,92,27,38,37,83,8,70,6,93,28,68,21,54,36,33,34,3,79,88,56,0,10
99,11,90,87,40,41,57,22,91,12,66,59,69,49,8,37,61,74,82,88,26,95,86,28,24,47,14,46,20,97,54,13,79,96,94,19,55,33,23,42,98,84,77,67,29,60,80,58,43,1,63,64,62,52,78,25,73,6,51,50,75,2,16,17,34,4,39,7,9,65,76,15,72,71,30,18,89,45,92,27,38,83,32,35,70,44,93,81,68,21,48,36,85,5,3,31,56,53,0,10
99,11,90,87,84,41,57,10,91,12,39,59,8,49,40,72,61,74,27,15,26,95,86,28,24,37,14,46,20,68,63,13,79,3,83,19,55,6,23,42,17,22,77,65,69,60,92,29,43,1,38,64,88,52,78,21,62,0,96,50,82,35,66,80,34,4,47,7,9,73,76,58,97,71,30,45,89,51,93,33,56,2,32,48,70,44,75,81,94,98,67,36,85,5,18,16,25,53,54,31
99,71,90,39,82,80,57,48,91,12,65,59,8,49,40,72,95,51,85,15,84,26,86,28,18,37,14,46,3,68,94,13,41,19,83,88,79,6,23,78,17,22,77,33,69,60,92,29,43,73,61,64,42,1,54,20,74,66,96,50,16,35,10,87,34,97,0,7,9,4,81,58,38,62,30,45,89,70,93,2,53,76,32,63,24,44,75,56,21,98,67,36,52,5,27,47,25,55,11,31
88,24,77,39,33,87,57,25,91,49,22,59,13,65,40,51,95,38,85,80,84,90,86,28,18,34,14,46,3,68,37,21,41,19,83,48,79,6,71,78,5,17,20,94,69,60,92,29,43,15,61,67,42,1,54,11,23,30,12,50,16,35,10,55,62,32,0,7,8,99,81,58,74,56,4,45,89,82,9,2,53,76,63,72,75,44,26,93,96,98,73,36,52,97,27,47,70,64,66,31
88,22,87,39,27,3,57,54,9,24,77,59,90,65,40,51,30,56,85,80,14,29,86,13,98,49,47,46,42,74,19,21,41,91,83,34,79,6,71,78,60,17,0,94,69,8,48,15,43,62,61,67,72,1,92,11,23,68,12,50,16,84,10,55,36,32,95,45,28,99,81,58,25,93,4,31,18,82,7,2,53,76,63,5,75,44,26,33,96,38,73,35,52,64,97,37,70,89,66,20
89,35,70,56,50,3,45,67,9,87,63,59,90,65,40,77,30,68,43,72,14,29,86,39,98,49,47,57,42,24,19,21,41,91,83,34,64,6,71,84,60,17,0,94,53,8,23,15,7,73,61,54,48,85,92,11,5,22,20,27,16,93,10,31,1,74,95,88,28,99,52,58,25,51,4,81,18,36,78,2,13,76,37,62,75,44,26,33,96,38,46,82,55,69,97,80,12,79,66,32
89,35,87,56,50,3,66,67,9,31,45,34,73,97,80,77,40,18,94,27,14,79,86,39,72,57,92,23,42,63,19,21,41,91,13,60,64,43,71,84,30,96,0,24,46,81,22,15,65,83,61,54,8,85,98,11,5,36,20,44,16,93,10,51,68,74,95,88,28,99,52,58,25,6,4,59,7,1,78,2,53,76,37,62,75,26,70,33,47,90,38,82,55,48,69,17,12,29,49,32
89,35,10,21,90,3,66,67,75,62,45,98,73,17,80,77,40,26,94,27,14,79,86,49,72,57,92,74,42,16,19,22,78,91,13,64,9,43,44,84,30,96,56,24,46,81,4,15,70,38,63,0,8,99,83,11,32,36,39,29,25,93,18,76,68,23,95,85,28,55,52,58,51,6,41,59,7,1,71,88,53,60,37,12,97,65,54,33,47,20,34,82,61,48,69,2,50,5,87,31
9,10,67,21,90,3,66,95,71,62,45,87,73,17,25,49,40,26,36,27,98,72,14,93,2,15,23,74,42,16,19,65,78,92,89,64,12,43,44,84,30,96,56,24,46,31,4,53,70,38,63,0,80,99,83,11,50,22,39,79,59,86,18,97,6,52,81,85,28,55,5,58,51,8,61,13,7,1,94,88,41,75,37,68,54,76,32,33,91,20,34,82,47,48,69,29,35,77,60,57
9,48,26,90,23,84,25,19,62,42,12,87,6,17,53,57,40,35,36,27,4,21,14,31,86,15,98,74,80,16,95,65,78,92,89,64,77,43,44,5,30,69,56,24,46,1,18,75,70,38,83,72,3,99,96,11,71,22,60,68,59,67,55,97,33,52,81,85,2,66,49,58,51,8,61,13,7,50,94,88,41,10,37,28,54,76,32,39,91,20,34,82,47,0,45,29,63,79,93,73
9,48,26,47,23,84,34,25,58,42,67,8,6,17,53,90,73,35,2,27,4,96,16,31,86,15,30,74,80,55,95,65,97,76,49,64,91,41,40,13,88,92,62,24,56,1,18,70,12,38,83,36,0,99,11,75,71,22,60,72,59,54,46,94,33,52,81,85,14,66,19,98,51,68,61,44,7,50,21,5,39,10,37,28,78,3,32,43,89,20,77,82,69,87,45,29,63,79,93,57
71,3,59,26,23,16,37,25,42,94,67,55,6,80,53,90,73,84,2,97,4,96,11,43,86,15,31,74,79,44,95,65,45,76,18,60,46,41,49,13,58,92,78,24,32,1,35,34,12,38,83,36,0,99,91,8,56,22,75,39,9,54,48,77,33,52,81,85,14,66,19,98,62,68,50,64,7,72,21,5,27,10,28,70,40,88,30,20,89,17,61,82,69,87,47,29,63,51,93,57
71,3,51,7,23,16,37,31,21,91,67,8,47,79,53,90,26,84,2,1,18,96,11,43,86,15,93,92,59,44,14,6,45,76,38,60,46,41,49,13,66,88,78,22,27,34,35,33,12,20,83,36,17,99,4,42,73,58,64,39,9,54,19,77,80,56,81,85,95,94,61,98,62,68,50,52,0,72,63,5,24,97,28,70,40,87,30,10,89,74,48,82,69,55,25,29,75,65,32,57
99,3,51,27,23,9,37,19,11,91,67,22,47,79,52,70,26,84,2,1,18,96,53,49,55,87,8,92,59,14,42,6,45,31,94,60,46,41,4,13,76,71,78,35,43,34,68,33,12,20,83,36,17,66,29,81,73,58,64,39,86,54,0,77,80,56,7,21,72,32,61,98,10,38,28,44,95,48,63,5,30,97,85,89,40,50,93,88,75,74,16,82,69,24,25,90,15,65,62,57
99,13,51,39,3,19,37,0,11,59,4,22,47,1,26,70,9,41,2,35,18,91,53,93,58,83,8,92,46,80,42,6,96,31,94,60,88,52,61,54,76,71,78,32,75,34,62,33,12,20,55,36,90,68,29,81,73,38,64,66,86,87,95,77,25,56,7,21,17,67,27,44,10,43,28,97,45,48,63,5,30,84,85,72,40,50,14,74,49,98,16,82,69,24,89,79,15,65,23,57
24,30,51,39,3,19,88,98,11,59,4,22,70,77,26,67,9,1,74,35,18,50,20,93,58,83,8,92,63,80,42,6,96,64,97,60,47,94,61,54,76,66,78,32,75,34,62,33,38,10,55,36,90,0,29,81,73,69,12,40,52,48,23,41,91,56,7,21,17,13,27,44,25,95,2,43,99,68,37,31,28,84,85,72,86,71,79,45,5,82,16,14,53,46,89,49,15,87,65,57
40,30,38,74,69,12,88,98,11,59,4,22,70,77,26,63,9,1,58,27,2,50,20,93,43,67,44,92,23,80,71,0,96,64,97,47,55,94,61,54,29,66,25,37,86,34,62,33,91,10,79,36,90,8,51,81,73,19,45,24,21,48,14,41,75,56,7,6,17,13,32,76,18,31,68,35,83,39,95,57,28,84,85,72,42,78,89,5,99,82,16,60,53,46,3,49,15,87,65,52
40,30,38,74,41,64,6,43,11,70,4,9,60,77,26,52,63,1,58,54,19,42,39,93,24,23,44,92,29,97,71,73,20,27,2,50,55,0,17,15,69,66,25,87,86,34,84,22,91,10,79,59,90,8,51,81,57,94,45,37,21,48,14,36,75,33,7,35,12,56,32,76,47,31,68,13,83,98,95,78,28,80,85,72,62,67,89,5,99,96,16,82,53,46,3,49,61,88,65,18
40,30,38,74,65,57,6,41,11,70,32,75,47,7,98,60,63,95,36,54,50,42,39,93,24,89,44,97,29,84,52,86,20,81,68,4,55,31,92,15,69,73,25,9,76,34,1,22,87,10,79,59,90,8,51,94,0,16,45,37,21,48,14,58,23,33,43,35,12,91,78,61,71,85,28,13,83,66,27,17,77,80,19,72,62,67,26,56,99,96,5,82,53,46,3,49,64,2,88,18
75,23,38,42,70,57,6,41,11,40,35,90,47,7,98,60,63,95,1,31,50,86,39,93,24,89,44,97,54,0,88,65,20,81,43,4,55,73,92,15,33,62,25,9,76,17,28,22,87,10,3,59,34,8,51,5,52,84,78,53,94,48,32,58,27,18,46,29,12,91,30,61,71,85,79,13,16,83,37,66,74,80,21,72,19,67,26,45,99,96,77,82,69,56,2,49,64,68,14,36
44,52,38,18,83,62,6,41,11,60,35,90,47,32,98,0,63,58,1,31,50,86,46,85,7,13,26,97,89,23,93,65,20,81,43,2,55,82,36,39,92,71,54,75,76,70,28,4,87,10,3,24,34,8,51,5,73,84,15,91,94,53,42,59,27,33,9,29,12,88,30,61,25,21,78,79,16,64,57,66,74,80,17,72,19,67,40,45,99,96,77,37,95,56,22,49,48,68,14,69
86,52,63,98,83,72,39,71,11,55,73,84,92,32,35,2,13,40,1,31,50,46,4,85,7,99,26,97,89,93,14,65,20,60,43,33,10,82,36,69,21,78,54,75,76,70,28,58,87,81,3,24,34,5,51,6,23,79,9,91,94,53,42,59,74,62,45,29,12,88,30,61,80,64,0,18,16,66,57,25,41,90,17,27,19,67,8,15,47,96,77,37,95,44,22,49,48,68,38,56
86,52,63,46,3,10,39,67,0,55,73,66,92,51,83,5,13,40,1,35,50,15,4,85,7,99,26,97,89,42,56,65,37,60,43,34,78,98,36,53,21,84,54,32,76,70,91,58,87,12,38,64,11,68,93,47,23,9,14,81,94,24,57,2,74,62,6,29,72,88,31,28,80,69,30,18,45,75,59,25,41,90,17,27,19,33,8,71,82,96,77,61,95,44,22,49,48,20,79,16
86,52,97,46,3,10,85,44,59,55,73,66,9,51,43,5,13,40,1,35,36,15,4,2,92,99,26,16,70,27,56,65,37,84,90,34,78,22,60,14,21,77,54,79,76,81,91,58,49,30,38,42,11,53,93,63,45,64,8,28,94,24,57,75,74,62,89,67,72,88,31,61,47,69,68,18,0,29,48,25,41,32,17,98,39,33,6,71,82,96,87,80,95,23,83,19,12,20,50,7
94,52,97,46,44,17,85,88,7,55,23,59,98,51,41,5,13,66,37,84,36,15,4,2,92,99,34,16,62,27,83,49,0,65,47,1,70,22,50,14,21,77,68,79,76,81,91,58,10,30,38,35,78,53,93,74,45,11,8,28,63,3,57,75,9,56,73,26,72,54,31,61,87,69,96,18,90,29,42,25,64,24,40,80,39,33,6,71,82,89,32,86,95,67,48,19,12,20,60,43
81,52,97,6,44,17,85,88,7,68,10,59,98,51,87,23,27,66,45,3,78,15,4,96,43,19,48,16,62,92,91,49,0,65,47,1,70,22,50,14,21,77,13,79,56,64,28,90,99,40,38,35,41,53,58,74,30,11,8,20,63,94,57,75,80,26,73,55,72,54,37,61,84,69,34,12,36,29,31,25,76,24,18,5,39,83,32,71,46,89,42,86,33,67,2,93,82,95,60,9
81,63,97,6,44,24,85,88,50,68,91,35,98,8,87,46,27,64,45,3,15,92,42,96,90,19,80,59,56,77,41,49,14,0,47,2,70,86,66,32,21,67,13,79,51,10,28,48,99,40,38,78,93,53,22,74,30,11,4,20,62,94,25,75,23,65,16,55,72,54,37,34,84,69,7,12,36,29,31,52,57,83,18,5,39,43,1,71,73,89,26,61,33,17,76,60,82,95,58,9
81,63,31,72,48,24,28,90,54,53,91,35,98,8,87,46,79,64,45,43,15,12,42,96,56,19,65,59,97,9,93,26,14,3,29,21,70,86,85,32,83,67,95,49,51,10,47,6,99,40,38,78,41,88,22,74,75,11,4,20,62,94,25,7,23,73,16,55,60,44,80,34,84,69,30,76,13,0,36,52,77,27,50,5,39,18,1,71,92,89,57,37,33,17,58,61,82,68,66,2
7,67,31,72,48,62,28,41,54,53,91,35,46,82,76,37,13,65,45,9,4,12,87,33,36,19,57,59,97,68,93,26,86,3,39,21,70,8,98,15,83,51,95,49,56,69,47,81,99,40,38,78,66,43,88,74,14,25,1,20,89,94,90,85,23,73,16,55,60,44,80,34,84,24,30,71,22,0,2,52,77,27,50,5,10,18,64,63,92,11,79,75,6,17,58,61,29,42,32,96
7,18,59,72,63,62,28,32,82,42,23,35,16,22,43,37,13,65,45,9,4,12,89,79,36,19,30,97,41,68,93,99,86,3,39,17,70,8,98,15,83,2,47,49,29,80,69,81,57,1,38,78,92,46,88,74,66,25,91,26,54,94,90,85,61,73,67,55,53,44,24,34,87,21,40,71,76,0,75,52,33,27,50,5,10,56,64,48,60,11,31,51,6,20,58,14,77,95,84,96
8,44,59,72,63,62,75,32,24,42,23,35,16,7,33,37,93,50,15,9,57,69,80,90,36,19,53,89,94,91,38,28,86,3,39,10,70,25,98,18,83,2,27,12,29,20,43,81,88,1,30,78,92,46,60,74,66,61,65,26,54,49,52,85,21,73,67,55,13,47,4,34,87,14,40,71,68,0,22,76,17,77,11,5,82,56,64,48,45,79,31,51,6,99,58,41,97,95,84,96
8,32,59,72,63,62,75,20,24,42,23,70,16,51,33,37,93,78,15,9,57,0,80,90,36,56,53,89,94,76,48,12,54,88,96,10,67,71,17,19,7,2,27,91,84,38,43,81,49,1,68,35,92,86,60,74,66,61,46,39,30,4,52,83,40,73,18,55,13,47,65,34,29,14,26,44,82,99,22,98,25,77,58,87,21,5,64,28,45,79,31,50,6,85,11,41,97,95,3,69
8,96,51,72,66,18,87,20,35,42,75,70,90,54,33,12,32,48,19,79,71,0,80,94,36,15,78,89,31,76,16,77,99,88,13,10,67,83,17,37,7,2,27,91,23,26,43,81,24,1,68,22,92,86,60,74,21,61,46,39,59,4,52,73,40,49,69,55,38,47,65,34,57,14,56,44,82,97,98,9,25,64,29,62,84,53,93,28,45,5,58,50,6,85,11,41,63,95,3,30
3,13,96,36,56,38,0,97,94,51,49,70,43,54,33,12,50,84,19,8,71,82,80,72,20,15,78,89,31,76,16,53,99,48,29,10,67,83,17,37,7,2,27,4,23,26,9,81,40,42,68,63,92,86,60,74,21,61,35,39,14,91,25,73,22,66,24,55,90,18,65,34,57,32,59,44,46,11,98,85,69,64,1,87,52,75,93,28,45,5,58,79,6,47,62,41,77,95,88,30
3,13,96,75,35,38,0,97,90,94,49,70,43,54,39,12,56,51,88,59,84,82,55,65,21,71,78,89,31,25,7,53,99,63,5,10,67,83,17,37,45,2,27,4,36,26,8,81,50,15,68,87,92,62,60,23,93,86,22,61,14,91,16,73,9,66,24,72,69,74,79,34,57,32,18,48,46,42,98,85,44,64,1,76,52,11,77,28,40,20,58,80,6,33,29,41,47,95,19,30
3,29,96,70,35,71,36,97,22,45,63,98,26,74,90,12,56,54,88,6,39,82,51,5,21,89,78,8,14,25,7,53,99,58,16,81,67,83,17,37,31,2,27,55,57,38,59,44,50,15,68,87,92,34,60,23,93,94,18,10,33,91,65,76,9,66,24,72,49,69,79,62,61,13,84,48,75,42,0,85,4,64,1,32,52,11,77,28,40,20,46,80,30,43,86,41,47,95,19,73
2,29,96,70,35,71,36,37,22,85,63,42,83,88,90,12,56,54,4,26,84,82,51,5,21,89,78,9,14,25,7,53,79,40,94,69,67,60,28,62,31,10,27,55,50,92,45,44,17,15,68,99,75,97,16,23,74,93,18,13,33,38,65,76,81,66,24,72,80,3,59,43,73,30,98,48,39,57,8,19,87,64,1,32,52,11,77,58,91,20,46,61,49,6,86,41,47,95,0,34
2,29,14,97,80,71,36,37,22,27,24,93,83,88,90,42,56,54,4,26,70,82,96,5,13,89,72,9,59,78,7,53,8,40,23,69,32,60,28,62,31,94,34,17,50,92,67,44,45,55,74,99,75,10,16,38,51,35,3,86,33,48,25,76,81,66,63,68,46,52,47,43,61,12,98,73,65,18,30,19,87,64,1,20,39,11,77,58,91,21,15,57,49,6,84,41,85,95,0,79
39,29,14,24,80,71,36,37,43,7,27,55,83,89,90,42,41,22,4,26,95,82,72,69,13,68,21,9,59,78,40,46,70,97,23,87,44,60,28,62,31,94,34,79,92,50,67,57,61,76,74,99,75,54,58,38,51,35,3,86,77,96,25,30,81,66,63,32,18,52,47,48,8,12,98,33,65,56,2,19,53,64,45,20,85,11,73,1,91,5,15,17,49,10,84,93,16,88,0,6
39,65,14,24,80,98,36,9,67,7,55,84,83,89,90,42,81,76,4,26,46,82,72,87,1,41,21,40,19,74,59,86,70,60,23,31,6,43,73,95,16,94,34,77,92,15,71,57,37,29,13,99,75,54,58,38,51,35,3,2,49,96,78,30,25,66,63,32,28,52,47,12,8,27,22,79,50,56,97,69,53,64,45,20,85,33,18,62,91,5,48,17,11,10,44,93,68,88,0,61
39,65,68,62,80,10,74,21,67,1,55,99,83,77,90,98,33,76,16,26,57,82,72,6,88,43,58,40,19,45,28,86,70,60,23,31,3,9,73,95,38,20,84,79,34,96,71,87,37,29,13,59,5,54,14,42,51,89,35,2,49,41,78,30,25,27,63,36,24,52,47,12,75,15,22,50,8,56,97,69,53,64,7,92,85,66,18,94,91,93,48,17,11,4,44,81,32,46,0,61
39,51,80,92,65,55,2,21,62,1,83,99,10,77,90,98,33,76,16,74,57,68,72,5,79,56,58,82,19,45,81,86,70,60,23,31,3,9,84,66,69,20,28,48,34,24,26,12,38,29,95,59,96,71,14,42,85,25,35,67,49,41,78,64,88,27,63,54,13,52,43,36,75,15,22,89,8,73,47,97,53,6,7,44,37,0,18,94,91,93,40,17,11,4,32,30,87,46,50,61
84,53,80,92,65,4,2,21,55,1,83,50,10,13,90,98,14,76,36,93,57,30,39,5,79,48,58,18,27,62,45,86,70,94,23,31,72,9,60,51,69,20,28,61,34,24,16,75,91,29,95,59,19,71,66,42,85,25,52,67,49,41,37,64,38,15,63,96,26,22,43,3,35,8,82,89,33,73,56,97,47,6,7,44,81,0,78,88,87,54,40,17,11,74,32,77,68,46,99,12
84,66,80,92,13,4,46,21,55,47,83,82,28,24,73,98,14,53,36,93,25,42,99,5,79,48,58,18,27,62,45,86,54,94,23,31,34,9,60,51,61,67,22,1,44,72,16,89,91,29,95,59,19,33,30,76,50,97,52,2,49,15,12,64,38,70,41,96,26,57,43,3,35,40,71,8,65,87,56,0,39,6,20,85,7,81,78,88,90,37,32,17,11,74,75,77,68,63,69,10
34,66,27,92,76,4,46,55,12,47,15,82,28,24,73,58,14,53,71,93,90,8,5,98,36,16,25,18,91,84,45,86,42,94,77,31,50,37,60,99,61,67,22,1,44,95,63,89,72,29,49,59,56,33,48,96,69,97,52,2,54,43,51,64,38,70,41,9,26,57,7,3,83,40,21,19,65,87,23,0,39,81,20,85,88,30,78,13,75,35,32,17,11,74,62,6,68,80,10,79
73,51,27,92,47,42,62,95,12,94,15,44,3,24,86,58,19,53,2,93,90,72,5,98,13,16,36,55,91,84,30,85,49,18,77,31,75,37,60,99,4,46,22,1,71,26,63,89,45,29,59,48,56,6,50,33,69,20,52,11,54,43,14,64,38,70,41,61,35,57,67,8,83,40,21,82,65,87,23,0,39,81,66,97,88,25,78,7,28,9,96,17,76,74,80,32,68,34,10,79
73,48,27,10,86,22,88,95,94,62,58,44,60,24,54,63,19,79,2,93,90,72,5,98,13,9,36,55,32,84,77,42,49,18,85,31,75,37,80,0,4,15,29,3,43,26,67,89,45,28,59,35,56,91,6,33,66,34,52,11,30,50,14,64,38,51,53,61,1,57,92,69,83,40,12,82,65,87,23,70,39,81,47,17,41,25,78,7,8,21,96,99,76,74,16,46,68,97,20,71
73,56,91,84,86,22,59,60,94,99,58,44,0,24,54,8,36,79,2,93,90,95,5,98,13,97,3,55,32,71,77,42,49,18,85,11,78,37,80,88,4,15,19,89,75,26,67,9,45,28,14,35,27,81,29,33,50,34,47,43,63,1,6,64,38,12,72,61,31,57,92,51,69,40,39,82,21,87,23,70,52,41,66,17,7,25,62,48,68,10,96,83,76,65,16,46,53,74,20,30
73,17,91,6,22,84,59,27,14,63,48,42,68,88,54,8,99,79,60,93,90,4,5,98,13,97,3,58,32,94,77,46,49,2,85,11,52,74,43,87,56,15,16,89,75,26,44,9,45,0,55,35,37,81,29,80,19,34,47,82,21,1,33,64,38,12,78,86,31,57,92,51,69,40,39,76,95,30,23,70,18,41,66,50,7,25,67,36,71,10,96,72,61,65,24,62,53,20,83,28
73,17,91,3,64,31,24,27,72,63,48,80,68,90,54,8,12,70,41,55,71,5,42,81,13,97,32,58,79,94,77,46,49,2,85,11,52,99,43,87,1,38,16,14,75,26,45,86,89,0,40,35,37,29,21,6,19,34,47,82,84,93,33,60,50,62,74,15,78,57,92,51,88,69,39,76,4,30,56,22,9,23,66,59,7,18,67,36,98,10,96,83,61,65,25,95,53,20,44,28
73,17,91,65,64,31,24,27,72,63,58,38,15,67,54,8,56,71,41,55,29,5,80,84,13,97,89,81,79,83,77,32,9,2,85,11,43,99,66,87,1,16,3,14,75,70,45,69,52,0,28,92,37,35,96,6,19,34,47,82,44,93,33,95,50,26,42,86,59,57,90,51,88,40,39,76,4,49,18,22,78,23,48,25,7,21,62,36,74,10,68,98,12,94,60,46,53,20,30,61
79,17,30,16,64,53,24,27,20,63,54,38,97,67,31,8,56,71,41,37,59,5,66,60,74,55,89,81,95,83,13,1,9,2,85,11,43,99,33,15,51,45,10,75,32,29,82,69,44,0,58,92,90,35,96,6,19,34,47,65,73,93,77,46,50,26,42,86,70,57,28,72,88,84,3,76,4,49,18,22,36,23,48,40,39,21,62,91,61,25,68,98,12,94,7,52,78,14,87,80
45,17,30,3,19,5,24,27,25,63,54,79,75,67,53,42,56,31,13,37,8,92,66,59,71,81,89,35,16,73,61,1,9,2,76,11,43,44,33,52,51,74,10,64,70,29,82,32,48,0,55,62,90,95,96,4,99,34,47,65,68,94,77,46,50,26,93,86,69,57,28,72,58,15,85,88,38,49,18,22,6,23,60,40,39,21,97,91,36,41,84,98,12,83,7,20,78,14,87,80
45,17,30,76,65,5,3,49,25,27,54,34,75,67,61,42,47,31,13,35,8,18,58,9,71,44,89,92,53,73,79,1,84,2,39,24,98,55,33,52,82,74,10,64,70,29,81,32,48,0,77,62,15,95,96,94,4,26,63,7,68,20,57,46,50,40,93,86,69,56,90,72,43,19,85,88,38,23,66,22,6,37,60,12,91,28,99,16,36,41,11,21,97,83,59,51,78,14,87,80
85,27,30,76,84,8,81,50,3,19,53,34,75,88,61,42,47,31,13,35,20,79,89,9,71,78,90,92,46,73,54,1,41,2,39,93,98,63,33,36,82,95,10,18,96,94,65,32,48,0,77,62,15,43,38,51,25,26,44,7,68,70,57,5,97,40,17,86,69,56,67,72,49,99,45,4,24,23,55,64,6,37,60,12,91,28,74,16,29,22,11,21,52,83,58,66,59,14,87,80
85,27,30,76,48,95,8,50,49,5,4,34,61,88,43,33,47,31,13,35,90,79,89,98,52,37,41,92,81,73,7,42,60,2,1,6,93,63,77,36,82,54,74,18,39,94,78,32,9,71,19,62,15,12,38,51,21,26,44,28,68,70,57,67,97,40,17,86,69,56,16,72,20,99,45,0,53,25,55,64,24,11,23,91,75,84,14,3,29,22,65,96,10,83,58,66,59,46,87,80
85,27,15,76,20,34,8,70,49,75,93,5,54,14,43,33,40,31,13,35,36,79,89,98,52,69,41,68,50,73,44,42,60,86,1,67,4,90,77,39,47,92,74,18,57,24,78,32,9,71,19,7,16,2,38,51,6,48,65,28,11,95,63,21,82,53,17,12,61,56,37,72,30,99,45,0,26,25,55,29,10,64,23,91,62,84,94,3,88,22,81,96,59,83,58,66,97,46,87,80
85,27,42,76,11,16,94,70,29,34,93,5,54,14,43,33,36,75,13,31,48,73,17,98,52,15,41,68,50,89,84,69,60,86,1,67,66,90,0,39,47,7,74,18,57,24,61,32,46,71,19,8,87,2,38,51,45,64,4,96,49,95,44,35,59,53,72,62,25,56,37,79,30,99,63,81,26,28,55,12,10,23,6,91,21,20,40,3,88,22,78,9,65,83,58,77,97,92,82,80
0,27,30,76,11,82,92,70,54,34,23,72,42,14,43,33,57,6,22,96,48,2,17,98,52,15,41,13,50,89,91,62,31,86,5,67,99,90,73,39,47,3,19,18,81,24,61,32,60,71,85,8,51,49,26,84,45,64,4,87,1,95,44,35,59,53,46,40,36,56,74,79,68,16,63,75,94,28,55,25,10,29,66,69,21,93,37,7,88,12,78,9,65,83,58,20,97,77,38,80
0,27,30,76,11,29,92,70,51,16,23,62,42,14,38,33,7,17,22,96,48,84,5,90,20,98,6,13,50,26,91,43,57,39,19,37,41,99,73,81,47,3,68,1,56,24,52,32,60,71,85,89,15,49,2,35,45,88,4,87,65,95,44,46,59,61,55,40,36,31,74,79,69,53,18,86,94,28,34,25,10,67,66,63,64,93,72,54,75,12,78,9,8,83,58,82,97,77,21,80
0,27,30,41,17,29,4,91,14,16,11,62,42,67,38,33,7,85,26,96,48,84,80,90,20,55,6,13,50,12,43,74,75,39,92,37,5,34,57,81,19,3,68,23,56,24,52,32,60,71,2,98,15,53,18,35,45,51,63,47,65,95,58,44,59,61,89,40,36,31,83,79,69,97,73,93,70,25,28,76,99,87,66,86,88,22,72,54,64,94,78,9,8,1,10,82,49,77,21,46
0,90,48,94,17,29,6,91,53,19,88,15,35,67,86,33,7,55,26,96,80,84,85,14,61,16,62,56,99,12,43,73,50,39,92,24,27,34,74,81,58,41,68,23,20,13,52,32,60,54,37,98,42,57,11,30,45,51,63,47,65,95,2,44,4,25,89,18,36,93,83,79,69,97,71,5,70,10,28,76,31,3,66,87,40,59,72,22,64,75,78,9,8,1,38,82,49,77,21,46
0,90,83,54,29,57,6,91,70,87,65,15,35,48,17,33,86,55,26,96,53,84,85,14,61,16,97,1,99,12,11,73,50,3,92,24,56,34,25,81,71,41,68,36,20,58,67,40,60,94,37,5,42,28,93,7,45,51,30,47,9,95,39,44,4,13,89,18,74,22,32,79,69,27,2,88,82,10,64,76,52,23,31,98,43,59,72,77,63,75,78,66,8,62,38,80,49,19,21,46
5,88,83,0,24,57,6,95,80,87,69,26,35,48,17,33,86,55,14,96,53,4,85,68,37,92,97,1,64,54,11,73,50,29,59,91,56,34,25,49,71,41,27,36,20,21,67,70,60,94,90,30,42,89,93,7,81,84,99,47,45,9,39,44,51,13,66,18,74,65,32,28,72,12,2,61,3,10,40,76,52,98,31,19,43,82,16,58,63,15,78,23,8,62,38,79,77,22,75,46
5,37,83,60,24,57,26,95,80,87,69,85,52,89,9,91,42,55,14,96,53,98,74,68,84,92,51,99,64,20,11,88,39,29,47,15,56,34,25,38,71,41,27,36,4,54,67,70,82,49,40,30,18,81,93,7,73,48,86,90,45,66,50,44,58,13,12,17,65,63,32,16,72,59,2,61,3,10,1,76,94,21,31,19,43,97,28,33,35,8,78,23,0,62,6,79,77,22,75,46
62,89,83,79,24,57,26,96,80,87,49,85,60,72,95,91,40,97,14,88,53,29,74,68,69,92,51,94,64,98,11,47,32,4,37,13,15,9,22,38,5,41,43,36,84,54,67,70,77,71,66,30,18,81,93,31,7,48,86,90,25,3,19,44,58,52,12,82,65,63,73,16,45,20,2,61,39,10,1,76,59,21,50,27,78,55,28,33,35,8,42,23,0,99,6,56,17,34,75,46
2,89,83,59,68,10,26,15,12,87,95,91,9,80,72,99,79,14,85,88,53,29,74,93,38,40,36,94,64,98,65,47,32,22,78,13,51,0,54,77,5,97,96,24,84,48,67,70,37,71,16,30,57,81,41,31,7,49,86,90,25,3,19,44,27,52,4,82,11,92,73,62,45,20,63,61,39,33,1,76,28,18,50,21,43,55,60,58,35,8,42,23,66,69,6,56,17,34,75,46
24,89,96,99,80,10,91,26,50,93,59,69,9,97,72,43,79,95,23,88,53,29,74,3,38,75,37,94,81,98,64,47,32,87,71,13,70,0,54,40,5,27,30,8,84,48,67,78,31,82,16,2,57,83,41,39,7,49,86,90,25,12,19,44,42,52,4,68,11,92,73,62,14,20,63,61,17,33,1,66,28,18,85,21,77,55,34,58,35,76,60,45,36,56,6,22,51,15,65,46
24,86,96,99,80,10,91,72,39,4,59,69,9,90,27,43,57,95,23,85,53,29,44,35,38,75,37,71,26,98,64,94,18,87,97,13,70,77,54,3,5,48,15,89,83,88,81,78,31,82,12,2,22,42,51,20,7,49,93,74,25,67,19,63,8,52,45,68,11,40,73,62,14,47,32,41,61,0,65,66,28,92,17,21,50,55,34,58,1,76,60,84,36,56,6,33,16,30,79,46
80,86,88,99,13,10,20,7,39,11,75,69,9,91,71,43,57,51,23,59,40,29,44,35,38,97,37,42,83,0,72,19,18,87,78,50,58,60,54,3,67,48,15,89,49,77,81,4,31,85,28,2,66,96,12,95,56,73,93,74,25,36,70,63,53,52,45,68,8,82,27,62,14,47,32,41,61,22,90,94,17,92,5,21,64,55,34,26,1,76,65,84,24,98,6,33,16,30,79,46
94,67,88,63,13,10,86,7,2,11,29,90,9,91,71,41,57,3,23,81,40,42,44,35,38,83,37,92,26,0,39,19,60,97,78,50,95,22,80,98,43,48,15,96,49,77,54,58,30,85,28,55,51,18,12,75,56,73,93,74,45,36,70,99,34,52,25,66,8,82,27,62,14,47,32,79,61,20,16,87,31,69,5,21,17,4,89,72,1,76,65,84,24,64,53,33,59,68,6,46
3,18,31,63,13,10,86,7,2,11,42,57,9,91,94,6,26,76,54,14,46,81,44,88,30,83,37,67,12,0,77,19,60,97,78,50,95,22,80,98,43,41,15,96,82,64,56,49,16,51,28,89,8,21,85,75,35,73,93,74,45,1,70,99,53,52,23,66,90,71,27,62,55,47,79,5,61,20,32,87,38,69,29,92,17,4,36,72,39,40,65,84,24,33,58,34,59,68,48,25
3,21,31,63,27,10,86,7,83,11,42,15,9,91,94,24,26,76,25,14,46,18,44,88,30,75,80,67,12,0,77,74,97,2,81,39,95,50,82,17,43,19,16,73,65,29,56,49,99,51,28,89,54,41,85,8,35,22,93,92,45,1,40,37,53,23,87,20,90,59,60,62,57,47,79,5,61,52,13,98,38,78,6,96,70,4,36,72,55,33,71,84,66,32,58,34,69,68,48,64
28,21,31,63,95,85,57,87,55,30,42,52,44,17,94,24,53,22,25,14,46,6,88,29,76,90,69,9,12,83,77,3,39,86,81,10,11,50,82,80,43,19,15,73,74,78,56,49,99,51,75,89,84,41,4,8,35,97,93,92,45,1,40,37,65,23,7,47,34,59,60,62,67,26,79,5,61,16,13,98,48,38,71,96,70,18,36,72,54,33,27,91,66,32,58,2,0,68,20,64
28,21,31,18,95,85,57,74,59,68,42,22,44,17,98,24,25,72,41,71,62,27,88,66,76,90,69,9,65,83,77,3,39,4,63,14,11,50,82,80,43,87,53,6,64,38,56,49,99,8,75,89,84,81,12,97,35,0,93,92,45,78,79,33,29,23,73,47,34,36,55,51,40,26,86,5,61,16,13,10,48,67,94,30,70,19,37,52,54,1,15,91,7,32,58,2,60,96,20,46
28,52,18,10,95,85,57,74,59,68,42,6,66,54,98,24,25,72,41,71,15,55,88,33,53,90,56,22,65,83,77,99,39,4,63,47,92,50,69,80,16,67,30,2,64,38,61,49,1,8,84,23,17,81,12,89,35,0,93,76,45,44,3,97,29,9,73,82,34,36,13,51,40,20,86,5,75,31,62,87,48,32,94,27,70,19,11,58,26,79,78,91,7,21,46,43,60,96,37,14
21,52,18,10,95,59,98,74,50,69,42,6,87,54,34,24,89,66,41,58,15,70,8,33,53,38,79,22,65,83,67,80,64,4,63,84,92,16,72,75,85,90,30,2,77,28,78,49,1,32,47,23,17,29,12,35,61,0,93,51,45,81,3,97,55,9,43,82,14,36,25,73,40,20,86,44,13,31,76,5,48,71,94,27,57,19,11,99,26,62,39,91,7,88,46,56,60,96,37,68
21,52,18,10,73,14,98,11,59,69,42,6,87,54,82,26,56,66,41,9,15,70,4,86,53,38,79,22,65,83,67,94,64,95,63,84,47,68,76,75,57,90,30,2,77,8,92,37,93,55,3,23,33,85,44,35,32,0,74,51,45,81,96,97,12,7,29,1,62,36,25,49,40,20,43,78,60,31,16,5,48,71,89,34,13,19,17,99,80,58,39,91,28,88,46,50,27,72,24,61
13,52,11,10,21,1,98,53,14,69,50,6,87,83,82,26,73,7,41,9,15,59,80,86,64,38,79,22,65,99,67,94,35,95,70,19,42,75,2,63,49,90,30,40,77,8,92,44,93,55,47,23,48,85,76,18,32,0,78,51,37,81,96,56,12,17,29,4,62,36,84,58,45,20,68,27,60,31,16,5,33,71,89,34,66,57,74,46,43,25,39,91,28,88,3,72,97,61,24,54
44,30,11,49,35,1,38,48,14,69,60,42,87,71,21,79,68,7,52,9,15,43,80,86,64,8,78,16,65,82,67,94,92,73,97,10,55,83,2,74,41,90,99,40,77,81,28,66,93,95,47,23,45,85,76,18,32,0,53,51,98,58,96,50,12,17,29,4,62,36,84,70,63,20,22,27,59,31,6,75,33,88,89,34,13,57,46,19,5,25,39,91,37,56,3,72,26,61,24,54
44,30,11,49,35,1,38,74,5,97,10,42,14,71,21,79,96,69,40,65,15,48,80,47,64,8,78,58,81,39,67,94,92,68,60,51,55,83,2,86,41,90,99,13,77,87,28,9,93,95,61,88,45,72,76,18,32,46,53,7,50,43,66,16,12,70,29,56,62,36,84,25,63,0,22,91,73,31,6,52,33,23,27,34,82,57,98,19,89,17,20,37,85,4,3,75,59,26,24,54
44,18,11,87,17,13,40,74,2,23,10,42,59,71,30,79,53,69,5,65,15,48,45,47,64,8,78,7,81,61,67,54,92,68,39,51,55,80,96,58,41,90,37,94,77,28,19,9,93,0,32,38,86,72,97,60,14,46,73,21,20,43,66,84,12,70,29,56,62,83,85,25,31,50,22,91,35,36,6,52,33,16,49,76,82,57,98,63,89,27,88,99,95,4,3,75,34,26,24,1
39,18,11,87,17,13,40,96,2,23,10,52,81,73,97,79,53,69,5,24,15,44,46,88,64,8,78,7,49,61,67,60,92,68,70,51,55,47,98,58,74,25,37,94,77,42,90,54,93,0,72,30,86,21,45,32,9,19,14,33,41,80,82,84,12,56,65,16,62,38,85,22,31,50,28,71,35,36,83,3,66,63,20,76,59,57,29,48,89,27,6,99,95,4,91,75,34,26,43,1
39,18,20,41,17,22,40,96,3,59,10,11,71,73,97,4,81,69,5,24,75,49,46,31,64,44,78,8,43,61,67,60,92,68,70,16,7,47,98,58,74,25,82,36,57,42,90,54,93,0,72,30,38,21,45,85,9,19,14,33,88,80,55,13,12,95,79,48,62,23,27,94,89,50,51,91,35,52,53,84,66,63,56,76,28,77,29,15,26,37,6,99,65,34,2,86,87,32,83,1
39,52,43,22,17,33,2,96,21,15,10,11,71,73,97,16,40,57,5,24,75,49,55,80,64,44,78,8,4,9,0,14,92,32,89,1,90,6,54,58,31,25,59,36,3,42,98,18,93,81,72,30,38,46,60,85,74,20,41,7,88,28,69,13,12,95,79,48,62,23,27,47,91,50,51,26,35,70,45,82,66,63,56,67,76,77,29,68,61,37,19,99,65,34,53,86,87,84,83,94
94,52,48,22,38,64,2,71,21,15,10,1,39,73,97,54,40,57,5,65,75,67,55,80,47,44,78,8,3,43,0,14,59,32,89,68,35,84,61,58,31,25,4,36,76,7,98,18,93,81,72,92,49,46,60,17,16,77,41,63,88,45,69,13,12,95,91,85,62,23,86,30,33,74,56,26,79,70,27,82,66,28,90,53,50,24,29,20,96,37,9,99,42,34,6,51,87,19,83,11
94,52,48,67,93,88,2,90,21,15,11,26,39,12,97,24,40,57,5,29,75,72,55,80,69,44,78,8,3,43,30,14,70,32,89,68,35,84,61,31,18,1,86,36,56,7,98,28,65,81,46,38,49,6,60,64,16,96,17,63,41,45,92,66,54,95,25,4,53,23,91,22,33,77,0,13,79,74,27,82,73,47,62,10,50,19,76,20,58,37,9,85,42,34,59,51,87,71,83,99
94,62,86,22,67,42,2,90,21,9,27,26,39,12,15,14,40,57,5,88,75,63,24,80,65,3,25,45,78,43,30,66,70,91,55,1,35,84,61,31,92,97,93,36,56,7,98,28,95,81,46,38,49,83,29,64,16,96,89,10,41,77,18,69,54,72,8,4,74,23,32,53,33,11,0,13,44,17,85,60,73,47,79,34,50,19,6,20,58,37,48,52,76,68,59,51,87,71,82,99
94,44,85,22,67,21,3,18,88,9,82,26,39,12,34,14,40,87,5,69,81,98,24,57,65,76,79,95,78,83,30,66,43,91,55,73,58,84,1,31,47,97,93,36,25,64,70,28,6,2,46,38,49,19,29,56,16,96,89,10,41,4,20,63,77,72,8,90,74,23,32,45,33,11,48,13,92,17,35,60,15,54,42,53,50,75,7,0,61,37,80,52,62,68,59,51,86,71,27,99
94,44,85,35,22,86,50,18,88,55,4,26,39,12,34,9,40,87,46,79,81,98,17,72,3,37,32,95,14,42,30,66,38,28,96,73,65,84,1,48,47,97,58,19,25,64,70,6,78,2,63,67,49,71,29,27,16,24,56,21,41,91,20,62,77,57,8,90,74,23,69,45,7,31,5,13,92,36,43,60,15,54,76,53,10,75,93,0,61,83,80,52,11,68,59,51,33,89,99,82
